docs/data/wind_grid.json
[{"header":{"la1":42.85,"la2":41.18,"lo1":11.55,"lo2":14.05,"nx":36,"ny":24,"dx":0.07143,"dy":0.07261,"parameterCategory":2,"parameterNumber":2,"parameterNumberName":"eastward_wind","parameterUnit":"m.s-1"},"data":[-0.456,-0.4601,-0.4615,-0.4602,-0.4563,-0.4504,-0.4425,-0.4326,-0.4207,-0.4077,-0.3953,-0.3858,-0.3808,-0.3815,-0.3877,-0.3979,-0.4093,-0.4183,-0.4209,-0.4152,-0.4022,-0.3858,-0.3702,-0.3575,-0.3471,-0.3376,-0.328,-0.318,-0.3078,-0.2975,-0.2874,-0.2779,-0.2689,-0.2606,-0.2529,-0.2459,-0.4824,-0.4884,-0.4908,-0.4895,-0.4852,-0.4787,-0.4701,-0.4588,-0.4437,-0.4256,-0.4073,-0.3927,-0.3852,-0.3864,-0.3965,-0.4135,-0.4334,-0.4496,-0.4546,-0.4437,-0.4195,-0.3914,-0.3692,-0.3557,-0.3474,-0.3399,-0.3312,-0.321,-0.31,-0.2988,-0.2879,-0.2776,-0.268,-0.2592,-0.2511,-0.2439,-0.5143,-0.5232,-0.5271,-0.5258,-0.5207,-0.5139,-0.5062,-0.4952,-0.477,-0.4509,-0.4222,-0.3989,-0.3866,-0.3881,-0.4036,-0.4312,-0.4656,-0.4958,-0.5062,-0.4844,-0.4343,-0.3806,-0.3493,-0.3416,-0.3422,-0.3404,-0.3338,-0.3237,-0.3119,-0.2996,-0.2877,-0.2765,-0.2663,-0.257,-0.2487,-0.2413,-0.5532,-0.5671,-0.5735,-0.5717,-0.5644,-0.5571,-0.5537,-0.5491,-0.5297,-0.4898,-0.4418,-0.403,-0.3826,-0.3836,-0.4061,-0.4494,-0.5087,-0.568,-0.5945,-0.5518,-0.4402,-0.3253,-0.2864,-0.3074,-0.3319,-0.3407,-0.337,-0.3265,-0.3132,-0.2995,-0.2865,-0.2744,-0.2637,-0.254,-0.2455,-0.238,-0.6008,-0.6236,-0.6353,-0.6322,-0.6183,-0.6076,-0.6148,-0.634,-0.6226,-0.554,-0.4667,-0.4017,-0.3696,-0.3689,-0.3989,-0.4624,-0.5614,-0.6823,-0.7621,-0.6922,-0.4427,-0.1759,-0.154,-0.26,-0.3256,-0.3455,-0.3421,-0.3294,-0.3138,-0.2983,-0.284,-0.2712,-0.2599,-0.2501,-0.2415,-0.234,-0.6583,-0.6977,-0.722,-0.7182,-0.6877,-0.6605,-0.6817,-0.765,-0.7918,-0.6523,-0.4881,-0.387,-0.3422,-0.3389,-0.3741,-0.4568,-0.6063,-0.8393,-1.079,-1.009,-0.5516,-0.0664,-0.0775,-0.2643,-0.3454,-0.3604,-0.3501,-0.3319,-0.3128,-0.2952,-0.2798,-0.2664,-0.255,-0.2451,-0.2366,-0.2293,-0.7232,-0.7923,-0.8482,-0.8526,-0.7868,-0.7092,-0.7156,-0.879,-0.9826,-0.7177,-0.468,-0.3452,-0.2958,-0.2895,-0.3226,-0.4121,-0.5941,-0.9291,-1.398,-1.3555,-0.8326,-0.4436,-0.3395,-0.3863,-0.4004,-0.3841,-0.3581,-0.332,-0.309,-0.2896,-0.2734,-0.2599,-0.2486,-0.239,-0.2309,-0.2238,-0.785,-0.8961,-1.0184,-1.0657,-0.9354,-0.7555,-0.6732,-0.7436,-0.7877,-0.5605,-0.3609,-0.2691,-0.2316,-0.2202,-0.2367,-0.3116,-0.4856,-0.7811,-1.1195,-1.1458,-1.0518,-0.915,-0.6808,-0.5403,-0.46,-0.4032,-0.3598,-0.3264,-0.3006,-0.2805,-0.2645,-0.2516,-0.2409,-0.2319,-0.2243,-0.2177,-0.8237,-0.9655,-1.1552,-1.2838,-1.0732,-0.7911,-0.5969,-0.4819,-0.3732,-0.249,-0.1894,-0.1737,-0.1611,-0.1378,-0.1056,-0.1396,-0.3185,-0.566,-0.8012,-1.0234,-1.4051,-1.2995,-0.873,-0.6199,-0.483,-0.401,-0.3479,-0.3118,-0.2863,-0.2675,-0.253,-0.2414,-0.2319,-0.2238,-0.217,-0.2111,-0.8261,-0.9627,-1.117,-1.1963,-1.0675,-0.8029,-0.5396,-0.2884,0.0128,0.1445,0.008,-0.0872,-0.1037,-0.0667,0.0754,0.151,-0.168,-0.4544,-0.668,-0.8989,-1.2081,-1.145,-0.8192,-0.5886,-0.4514,-0.3689,-0.3184,-0.2868,-0.2659,-0.251,-0.2394,-0.23,-0.222,-0.2151,-0.2092,-0.2041,-0.7976,-0.9249,-1.0852,-1.2917,-1.2237,-0.8319,-0.538,-0.2472,0.4138,0.7376,0.1621,-0.0437,-0.0714,-0.0425,0.0716,0.1623,-0.2035,-0.5145,-0.6809,-0.7501,-0.8079,-0.7689,-0.624,-0.4793,-0.3745,-0.309,-0.2727,-0.2531,-0.2412,-0.2323,-0.2248,-0.218,-0.2118,-0.2062,-0.2011,-0.1967,-0.7442,-0.8591,-1.0249,-1.2405,-1.1613,-0.7887,-0.6178,-0.5644,-0.0598,0.3424,0.0569,-0.0613,-0.0574,-0.0025,-0.0216,-0.1472,-0.4269,-0.8817,-1.01,-0.787,-0.6349,-0.5403,-0.4455,-0.3515,-0.275,-0.2304,-0.2162,-0.2152,-0.2155,-0.2141,-0.2109,-0.2066,-0.2019,-0.1972,-0.193,-0.1893,-0.6687,-0.7502,-0.8451,-0.9107,-0.8352,-0.6843,-0.6941,-0.8797,-0.6468,-0.2075,-0.0926,-0.1079,-0.0938,0.0425,0.004,-0.2485,-0.5771,-1.6823,-1.7282,-0.8817,-0.536,-0.3881,-0.3048,-0.2384,-0.1774,-0.1471,-0.1601,-0.1812,-0.1942,-0.1994,-0.1995,-0.1968,-0.1928,-0.1885,-0.1847,-0.1816,-0.5835,-0.6291,-0.6666,-0.6724,-0.6287,-0.5839,-0.6246,-0.7369,-0.5971,-0.2445,-0.0919,-0.138,-0.1793,-0.2516,-0.1955,-0.3528,-0.4675,-1.0393,-1.1761,-0.655,-0.3509,-0.2217,-0.177,-0.1542,-0.1193,-0.0963,-0.1263,-0.162,-0.1827,-0.1914,-0.1924,-0.1892,-0.1844,-0.1798,-0.1761,-0.1736,-0.5015,-0.5221,-0.5317,-0.522,-0.4943,-0.4694,-0.466,-0.4468,-0.3059,-0.0753,0.0668,0.0347,-0.0895,-0.1973,-0.2256,-0.3788,-0.5143,-0.4649,-0.4401,-0.2459,-0.05,0.0012,-0.0405,-0.0868,-0.1076,-0.1085,-0.1326,-0.1655,-0.1859,-0.1928,-0.1905,-0.1835,-0.1758,-0.1698,-0.1663,-0.1647,-0.429,-0.4345,-0.4305,-0.4145,-0.3879,-0.3555,-0.3148,-0.2408,-0.0966,0.1328,0.4376,0.286,0.1456,-0.0231,-0.102,-0.2526,-0.3805,-0.2101,-0.0577,0.0985,0.2969,0.252,0.0946,-0.0176,-0.0906,-0.1329,-0.167,-0.195,-0.2076,-0.2053,-0.1932,-0.1773,-0.1637,-0.156,-0.1537,-0.1543,-0.3668,-0.3631,-0.3516,-0.331,-0.3009,-0.2606,-0.2048,-0.1209,0.0063,0.1911,0.4084,0.3096,0.2697,0.2765,0.1502,0.0842,0.0625,0.1963,0.3437,0.3397,0.3709,0.3235,0.1731,0.0309,-0.0916,-0.1856,-0.2419,-0.26,-0.2522,-0.2291,-0.1971,-0.1641,-0.1413,-0.1337,-0.1363,-0.142,-0.3141,-0.3046,-0.2884,-0.2645,-0.2318,-0.1887,-0.1317,-0.0563,0.0399,0.1488,0.233,0.2591,0.3197,0.3735,0.5502,0.6539,0.5114,0.6286,0.8369,0.6335,0.4694,0.3565,0.2219,0.0493,-0.1463,-0.3218,-0.3954,-0.3719,-0.3209,-0.2623,-0.1963,-0.133,-0.0977,-0.098,-0.1137,-0.1287,-0.2695,-0.2563,-0.2373,-0.2116,-0.1782,-0.136,-0.0834,-0.0197,0.0533,0.1284,0.1953,0.2594,0.3567,0.5939,1.37,1.7049,0.9104,0.7942,0.9264,1.025,0.7623,0.509,0.3054,0.0667,-0.2387,-0.545,-0.6164,-0.5081,-0.4047,-0.3032,-0.1913,-0.0811,-0.0321,-0.0548,-0.0921,-0.1183,-0.2318,-0.2163,-0.1958,-0.1696,-0.1369,-0.0971,-0.0499,0.0046,0.0648,0.1283,0.1953,0.2778,0.4123,0.7013,1.292,1.4848,0.9867,0.9275,1.4282,1.6896,1.0436,0.6914,0.4544,0.1477,-0.2542,-0.6126,-0.6826,-0.6202,-0.4964,-0.356,-0.2074,-0.0603,-0.0016,-0.0392,-0.0869,-0.1166,-0.2,-0.1832,-0.1621,-0.1361,-0.1049,-0.068,-0.0254,0.0227,0.0758,0.134,0.2004,0.2853,0.4098,0.6028,0.8361,0.9184,0.8436,0.9046,1.192,1.2982,1.0483,0.9252,0.78,0.3828,-0.1521,-0.6283,-0.9734,-0.864,-0.5975,-0.4172,-0.2679,-0.1316,-0.0667,-0.0779,-0.1061,-0.1258,-0.1732,-0.1559,-0.1347,-0.1095,-0.0799,-0.0457,-0.0069,0.0364,0.0845,0.1382,0.2003,0.2764,0.3736,0.4924,0.6075,0.6751,0.7091,0.7832,0.9071,0.995,1.111,1.4557,1.5212,0.842,0.0328,-0.6847,-1.2499,-0.9893,-0.6045,-0.4561,-0.3387,-0.2276,-0.1588,-0.1371,-0.1371,-0.1411,-0.1507,-0.1332,-0.1124,-0.0882,-0.0603,-0.0287,0.0068,0.0463,0.09,0.1388,0.1943,0.2586,0.3329,0.4136,0.4897,0.5512,0.6062,0.6761,0.7713,0.9127,1.2348,1.9083,2.1188,1.204,0.2637,-0.3992,-0.7438,-0.6512,-0.5072,-0.4723,-0.3828,-0.2862,-0.2179,-0.1807,-0.1633,-0.1552,-0.1318,-0.1145,-0.0944,-0.0713,-0.0451,-0.0158,0.0168,0.0528,0.0924,0.136,0.1845,0.2383,0.2969,0.3577,0.4167,0.4718,0.5274,0.5936,0.6847,0.8339,1.114,1.5177,1.5837,1.0262,0.3574,-0.1344,-0.4008,-0.4737,-0.4898,-0.4642,-0.3832,-0.3014,-0.2406,-0.2013,-0.1777,-0.1637]},{"header":{"la1":42.85,"la2":41.18,"lo1":11.55,"lo2":14.05,"nx":36,"ny":24,"dx":0.07143,"dy":0.07261,"parameterCategory":2,"parameterNumber":3,"parameterNumberName":"northward_wind","parameterUnit":"m.s-1"},"data":[-0.6747,-0.668,-0.66,-0.6506,-0.64,-0.6287,-0.6174,-0.6073,-0.5988,-0.5915,-0.5842,-0.575,-0.5625,-0.5459,-0.5251,-0.5008,-0.4742,-0.4469,-0.4208,-0.3976,-0.3794,-0.368,-0.3649,-0.3698,-0.381,-0.3959,-0.4122,-0.4288,-0.4447,-0.4598,-0.4739,-0.4871,-0.4994,-0.5108,-0.5214,-0.5313,-0.6788,-0.6714,-0.6623,-0.6513,-0.6382,-0.6235,-0.6089,-0.5965,-0.5882,-0.5835,-0.5799,-0.5737,-0.5625,-0.545,-0.5211,-0.4918,-0.4587,-0.4241,-0.3908,-0.361,-0.337,-0.3221,-0.3197,-0.3299,-0.3485,-0.3706,-0.3931,-0.4144,-0.4339,-0.4517,-0.468,-0.4829,-0.4965,-0.5091,-0.5207,-0.5314,-0.6829,-0.6748,-0.6646,-0.6516,-0.6349,-0.6146,-0.593,-0.5754,-0.5669,-0.5678,-0.5722,-0.5726,-0.5645,-0.5466,-0.5192,-0.4834,-0.4414,-0.3969,-0.3542,-0.316,-0.283,-0.261,-0.2598,-0.28,-0.3113,-0.3442,-0.3744,-0.401,-0.4244,-0.4449,-0.4633,-0.4798,-0.4948,-0.5085,-0.521,-0.5325,-0.687,-0.6782,-0.667,-0.6521,-0.6308,-0.6012,-0.5652,-0.5339,-0.5233,-0.5369,-0.5589,-0.5722,-0.5701,-0.5525,-0.521,-0.4769,-0.4223,-0.3631,-0.3086,-0.2625,-0.2172,-0.1782,-0.1787,-0.22,-0.2725,-0.3195,-0.3583,-0.3902,-0.417,-0.44,-0.4602,-0.4782,-0.4945,-0.5092,-0.5226,-0.5348,-0.6905,-0.6805,-0.6686,-0.653,-0.6282,-0.5853,-0.5203,-0.4522,-0.4316,-0.4772,-0.5387,-0.5752,-0.5818,-0.565,-0.5292,-0.4752,-0.4028,-0.3189,-0.2458,-0.2018,-0.1503,-0.0739,-0.0791,-0.1613,-0.2413,-0.3019,-0.3476,-0.3834,-0.4126,-0.4374,-0.4591,-0.4783,-0.4957,-0.5115,-0.5257,-0.5386,-0.6926,-0.6799,-0.6666,-0.653,-0.6307,-0.5773,-0.4647,-0.3038,-0.2445,-0.3777,-0.5205,-0.589,-0.6034,-0.5866,-0.5475,-0.4845,-0.3904,-0.2631,-0.1433,-0.1231,-0.1177,-0.021,-0.0324,-0.1418,-0.2325,-0.297,-0.3445,-0.3815,-0.4117,-0.4374,-0.4601,-0.4804,-0.4988,-0.5155,-0.5306,-0.5441,-0.6931,-0.6733,-0.6528,-0.6422,-0.6377,-0.5972,-0.4539,-0.1635,-0.0209,-0.3102,-0.5427,-0.6263,-0.638,-0.6191,-0.5803,-0.5147,-0.4061,-0.2361,-0.037,-0.0415,-0.124,-0.1046,-0.1133,-0.1798,-0.2491,-0.3051,-0.349,-0.3843,-0.414,-0.44,-0.4633,-0.4845,-0.504,-0.5216,-0.5375,-0.5516,-0.6941,-0.6611,-0.6157,-0.5942,-0.6332,-0.6531,-0.5704,-0.3588,-0.2586,-0.4857,-0.6523,-0.6936,-0.6838,-0.6614,-0.632,-0.5759,-0.4694,-0.3105,-0.1487,-0.1192,-0.1222,-0.1293,-0.1713,-0.2227,-0.2747,-0.3203,-0.3583,-0.3905,-0.4188,-0.4446,-0.4685,-0.4908,-0.5113,-0.5301,-0.5468,-0.5616,-0.7031,-0.6596,-0.5757,-0.5052,-0.6189,-0.7286,-0.7574,-0.7398,-0.7593,-0.8234,-0.8247,-0.7765,-0.7298,-0.7077,-0.7119,-0.6846,-0.5674,-0.4198,-0.29,-0.1787,-0.0316,-0.0599,-0.177,-0.2492,-0.2983,-0.3367,-0.3689,-0.3977,-0.4247,-0.4506,-0.4755,-0.4993,-0.5214,-0.5415,-0.5592,-0.5745,-0.7266,-0.696,-0.6409,-0.6066,-0.7114,-0.8268,-0.9318,-1.0355,-1.1726,-1.2027,-1.0171,-0.8482,-0.7596,-0.7415,-0.8313,-0.8891,-0.6622,-0.4847,-0.3631,-0.2416,-0.1064,-0.1184,-0.214,-0.2788,-0.3202,-0.3509,-0.3775,-0.4035,-0.43,-0.4572,-0.4842,-0.5103,-0.5347,-0.5566,-0.5755,-0.5912,-0.7589,-0.7531,-0.7575,-0.7929,-0.813,-0.9238,-1.0891,-1.2432,-1.5187,-1.6674,-1.1654,-0.8754,-0.7633,-0.7395,-0.8123,-0.8894,-0.6324,-0.4766,-0.3937,-0.3243,-0.2624,-0.2498,-0.2791,-0.3121,-0.3377,-0.3585,-0.38,-0.405,-0.4334,-0.4639,-0.4949,-0.5249,-0.5525,-0.5767,-0.5969,-0.6129,-0.7892,-0.7972,-0.8098,-0.8178,-0.8516,-1.0246,-1.2572,-1.4159,-1.4524,-1.4566,-1.0902,-0.8409,-0.7531,-0.7798,-0.706,-0.5882,-0.4735,-0.4077,-0.3824,-0.3565,-0.3285,-0.3151,-0.3198,-0.3319,-0.3422,-0.3522,-0.3709,-0.3997,-0.4342,-0.4712,-0.5086,-0.5445,-0.5769,-0.6042,-0.6255,-0.6411,-0.813,-0.8285,-0.8485,-0.8774,-0.9512,-1.1216,-1.3729,-1.5965,-1.465,-1.1972,-0.9499,-0.7984,-0.7246,-0.7906,-0.6616,-0.3525,-0.2866,-0.3635,-0.3727,-0.351,-0.3325,-0.3224,-0.3252,-0.3313,-0.3279,-0.3246,-0.3474,-0.3881,-0.4336,-0.4807,-0.5279,-0.5724,-0.6114,-0.6423,-0.6643,-0.6781,-0.8296,-0.8502,-0.8787,-0.923,-1.0012,-1.132,-1.3097,-1.4684,-1.371,-1.079,-0.8714,-0.8067,-0.7625,-0.3533,-0.3074,0.1432,0.0,-0.2612,-0.3309,-0.3182,-0.2879,-0.2779,-0.298,-0.3175,-0.3086,-0.2923,-0.3249,-0.379,-0.4361,-0.4958,-0.5565,-0.6137,-0.6619,-0.6968,-0.7178,-0.7269,-0.8388,-0.8611,-0.8911,-0.9334,-0.9941,-1.0749,-1.1609,-1.2013,-1.1187,-0.9604,-0.8408,-0.7383,-0.5585,-0.3134,-0.1982,0.2575,0.0721,-0.1581,-0.2808,-0.2509,-0.1418,-0.1393,-0.2317,-0.2971,-0.311,-0.3061,-0.3314,-0.3805,-0.4439,-0.5191,-0.6002,-0.6772,-0.7385,-0.7767,-0.7922,-0.791,-0.8413,-0.8621,-0.8883,-0.9214,-0.9613,-1.0036,-1.0343,-1.0291,-0.9742,-0.9113,-0.9326,-0.7362,-0.6793,-0.5459,-0.3902,-0.1616,-0.0759,-0.2462,-0.3208,-0.1596,0.2523,0.155,-0.1438,-0.2745,-0.3085,-0.3138,-0.3292,-0.373,-0.4493,-0.5513,-0.6671,-0.7777,-0.8589,-0.8964,-0.8958,-0.8735,-0.8386,-0.8564,-0.8771,-0.9003,-0.9244,-0.9445,-0.9527,-0.9406,-0.9113,-0.8922,-0.9203,-0.8377,-0.925,-0.9787,-0.6886,-0.5297,-0.4529,-0.4816,-0.4852,-0.2523,0.3005,0.1757,-0.159,-0.2772,-0.2798,-0.2487,-0.2498,-0.3165,-0.4363,-0.5906,-0.7683,-0.9403,-1.0522,-1.0752,-1.0355,-0.9738,-0.8328,-0.847,-0.8625,-0.8782,-0.8923,-0.9017,-0.9027,-0.8936,-0.8786,-0.8677,-0.8649,-0.8773,-1.0104,-1.0609,-1.0214,-1.0066,-0.794,-0.6896,-0.6909,-0.5717,-0.3184,-0.2465,-0.3112,-0.3107,-0.2063,-0.0481,-0.0159,-0.1772,-0.3977,-0.6356,-0.9119,-1.1948,-1.3535,-1.3253,-1.2047,-1.0813,-0.8252,-0.8364,-0.8477,-0.8582,-0.8667,-0.8714,-0.8711,-0.8659,-0.8587,-0.8546,-0.8595,-0.8866,-0.9562,-1.0975,-1.6072,-1.8376,-1.1154,-0.8266,-0.8024,-0.8995,-0.7199,-0.5606,-0.4778,-0.3608,-0.1015,0.3343,0.4295,0.0015,-0.3659,-0.6818,-1.0666,-1.511,-1.7271,-1.5924,-1.3579,-1.1679,-0.8171,-0.8257,-0.834,-0.8414,-0.8469,-0.8498,-0.8498,-0.8478,-0.8459,-0.8478,-0.8594,-0.8907,-0.9626,-1.1384,-1.5395,-1.6592,-1.1827,-0.9834,-1.1971,-1.3414,-0.963,-0.7614,-0.6403,-0.4667,-0.1468,0.3841,0.5027,-0.0655,-0.417,-0.7164,-1.1197,-1.638,-1.8816,-1.6895,-1.4089,-1.1976,-0.809,-0.8158,-0.822,-0.8274,-0.8314,-0.8337,-0.8346,-0.8349,-0.8364,-0.842,-0.8563,-0.8867,-0.9459,-1.0525,-1.1877,-1.2044,-1.0714,-1.0061,-1.1015,-1.1418,-1.0032,-0.9374,-0.8687,-0.6732,-0.4058,-0.2344,-0.3776,-0.4349,-0.5472,-0.7389,-1.0217,-1.3953,-1.6027,-1.5129,-1.3229,-1.1586,-0.8013,-0.8067,-0.8116,-0.8158,-0.819,-0.8212,-0.8228,-0.8246,-0.828,-0.835,-0.8488,-0.8731,-0.9122,-0.9651,-1.0122,-1.0165,-0.9816,-0.9636,-0.987,-1.0119,-1.0621,-1.2328,-1.2701,-0.9615,-0.6486,-0.5326,-0.6002,-0.5943,-0.6876,-0.7804,-0.9079,-1.1024,-1.2446,-1.2507,-1.1726,-1.0784,-0.7943,-0.7986,-0.8026,-0.806,-0.8087,-0.811,-0.8131,-0.8157,-0.8197,-0.8266,-0.838,-0.8555,-0.8793,-0.906,-0.9263,-0.9309,-0.924,-0.9235,-0.9427,-0.9946,-1.1422,-1.4617,-1.5615,-1.1575,-0.8009,-0.6441,-0.6276,-0.7118,-0.8566,-0.849,-0.8598,-0.9421,-1.0254,-1.0565,-1.0372,-0.9933,-0.7877,-0.7914,-0.7947,-0.7976,-0.8001,-0.8023,-0.8046,-0.8074,-0.8114,-0.8174,-0.8262,-0.8382,-0.8527,-0.8673,-0.8784,-0.8838,-0.8863,-0.8943,-0.9182,-0.976,-1.1015,-1.2888,-1.3246,-1.0959,-0.8545,-0.7264,-0.7069,-0.7831,-0.8788,-0.8619,-0.8426,-0.8713,-0.9142,-0.9401,-0.9406,-0.9227]}]