docs/data/wind_grid.json
[{"header":{"la1":42.85,"la2":41.18,"lo1":11.55,"lo2":14.05,"nx":36,"ny":24,"dx":0.07143,"dy":0.07261,"parameterCategory":2,"parameterNumber":2,"parameterNumberName":"eastward_wind","parameterUnit":"m.s-1"},"data":[-0.2662,-0.2672,-0.265,-0.2598,-0.2522,-0.2433,-0.2339,-0.2251,-0.2176,-0.2125,-0.2107,-0.2132,-0.2209,-0.2339,-0.2515,-0.272,-0.2926,-0.3096,-0.3195,-0.3201,-0.3123,-0.2997,-0.286,-0.2734,-0.2617,-0.2501,-0.2382,-0.2259,-0.2134,-0.2012,-0.1895,-0.1785,-0.1684,-0.1591,-0.1506,-0.1429,-0.2899,-0.2919,-0.2895,-0.2825,-0.272,-0.2595,-0.2466,-0.2344,-0.2238,-0.2156,-0.2113,-0.2128,-0.2215,-0.2379,-0.2616,-0.2905,-0.3207,-0.3459,-0.359,-0.3557,-0.3381,-0.3147,-0.2945,-0.2801,-0.2689,-0.2577,-0.2453,-0.2318,-0.218,-0.2043,-0.1914,-0.1794,-0.1685,-0.1585,-0.1496,-0.1416,-0.3199,-0.3242,-0.3219,-0.3127,-0.2978,-0.2801,-0.2625,-0.2466,-0.2321,-0.2193,-0.2108,-0.2097,-0.2188,-0.2392,-0.2709,-0.312,-0.3576,-0.3975,-0.4169,-0.4042,-0.3633,-0.3168,-0.2875,-0.2766,-0.2716,-0.2637,-0.2518,-0.2373,-0.2218,-0.2066,-0.1923,-0.1793,-0.1676,-0.1572,-0.1479,-0.1397,-0.358,-0.3671,-0.3664,-0.3542,-0.3322,-0.3062,-0.2826,-0.2635,-0.2454,-0.2258,-0.2093,-0.203,-0.2112,-0.2356,-0.277,-0.3352,-0.4062,-0.4751,-0.5107,-0.4789,-0.3816,-0.2796,-0.2427,-0.2556,-0.2695,-0.2692,-0.2582,-0.2421,-0.2245,-0.2075,-0.1919,-0.1779,-0.1656,-0.1548,-0.1453,-0.137,-0.4067,-0.4253,-0.4299,-0.4144,-0.3803,-0.3393,-0.307,-0.2891,-0.2713,-0.2395,-0.2069,-0.1908,-0.1965,-0.2242,-0.2756,-0.3549,-0.4652,-0.594,-0.6808,-0.6225,-0.3961,-0.1556,-0.1341,-0.2216,-0.27,-0.2775,-0.2653,-0.2461,-0.2258,-0.2067,-0.1897,-0.175,-0.1622,-0.1512,-0.1417,-0.1335,-0.467,-0.5048,-0.5244,-0.5082,-0.4523,-0.381,-0.3323,-0.328,-0.3254,-0.2659,-0.2005,-0.1696,-0.1718,-0.2015,-0.2603,-0.3588,-0.5174,-0.7542,-0.9937,-0.9317,-0.5055,-0.0602,-0.0692,-0.2302,-0.2914,-0.293,-0.2733,-0.2485,-0.2245,-0.2034,-0.1854,-0.1701,-0.1573,-0.1464,-0.1371,-0.1292,-0.5364,-0.6089,-0.6672,-0.6638,-0.5691,-0.4367,-0.3488,-0.3618,-0.395,-0.2806,-0.1733,-0.1326,-0.1349,-0.1653,-0.2245,-0.3292,-0.516,-0.8476,-1.3046,-1.2655,-0.7758,-0.4122,-0.3104,-0.3431,-0.3423,-0.3142,-0.2795,-0.247,-0.2194,-0.1967,-0.1783,-0.1632,-0.1507,-0.1404,-0.1316,-0.1241,-0.6021,-0.7242,-0.8644,-0.9179,-0.7517,-0.5103,-0.3476,-0.307,-0.3051,-0.1892,-0.0978,-0.0744,-0.0864,-0.1165,-0.166,-0.2566,-0.4274,-0.7121,-1.0402,-1.0745,-1.008,-0.8788,-0.6381,-0.4871,-0.3954,-0.3286,-0.2774,-0.2383,-0.2086,-0.1858,-0.1681,-0.154,-0.1426,-0.1331,-0.1251,-0.1183,-0.6406,-0.798,-1.0242,-1.1863,-0.9173,-0.5691,-0.3279,-0.177,-0.0662,0.0191,0.0309,0.0008,-0.0325,-0.0612,-0.0863,-0.1438,-0.2965,-0.5179,-0.7441,-0.9788,-1.3942,-1.2827,-0.8304,-0.5606,-0.4115,-0.32,-0.2599,-0.2192,-0.1908,-0.1703,-0.1549,-0.1428,-0.133,-0.1249,-0.118,-0.112,-0.6359,-0.7805,-0.9546,-1.0476,-0.8724,-0.5771,-0.2965,-0.0413,0.2464,0.3613,0.2047,0.0762,0.0166,-0.0109,0.0057,0.017,-0.1919,-0.4241,-0.6228,-0.858,-1.1852,-1.1177,-0.7695,-0.5211,-0.371,-0.2791,-0.2227,-0.1879,-0.1658,-0.1506,-0.1392,-0.1302,-0.1226,-0.1161,-0.1104,-0.1054,-0.5975,-0.7189,-0.8615,-1.0209,-0.9558,-0.5887,-0.2951,-0.009,0.6258,0.9369,0.3538,0.1192,0.0547,0.0321,0.0228,0.0265,-0.2203,-0.4904,-0.6461,-0.7082,-0.7629,-0.7176,-0.5593,-0.3995,-0.2811,-0.2062,-0.1657,-0.1458,-0.1353,-0.1283,-0.1225,-0.1171,-0.1119,-0.1071,-0.1027,-0.0987,-0.5373,-0.6407,-0.7838,-0.9665,-0.8909,-0.5381,-0.3604,-0.2982,0.1759,0.5507,0.2508,0.1096,0.0837,0.1116,0.0388,-0.1135,-0.3979,-0.8751,-1.0067,-0.7561,-0.5839,-0.4759,-0.3673,-0.2566,-0.1626,-0.1071,-0.0927,-0.0971,-0.1032,-0.1064,-0.1066,-0.1048,-0.1019,-0.0985,-0.0951,-0.092,-0.4606,-0.5318,-0.6128,-0.6654,-0.5879,-0.4346,-0.4239,-0.5799,-0.3721,0.0183,0.1076,0.0824,0.0811,0.1316,0.0517,-0.168,-0.5299,-1.7433,-1.7934,-0.8641,-0.4831,-0.3169,-0.2168,-0.1277,-0.0378,0.0086,-0.0143,-0.0514,-0.076,-0.0889,-0.0941,-0.0949,-0.0932,-0.0906,-0.0879,-0.0854,-0.3777,-0.4158,-0.4451,-0.4438,-0.3949,-0.3414,-0.3644,-0.4562,-0.3321,-0.0208,0.1127,0.0688,0.0436,0.1036,-0.0399,-0.2557,-0.4026,-1.0404,-1.1901,-0.6216,-0.2917,-0.1471,-0.0846,-0.0335,0.0443,0.0908,0.0367,-0.025,-0.0616,-0.08,-0.0872,-0.0881,-0.086,-0.0831,-0.0806,-0.0788,-0.2998,-0.315,-0.3191,-0.3043,-0.2716,-0.2401,-0.2283,-0.2052,-0.0762,0.1354,0.2702,0.2453,0.1739,0.1883,-0.0496,-0.2895,-0.5411,-0.431,-0.391,-0.1869,0.0105,0.0694,0.0483,0.0299,0.0444,0.0626,0.0223,-0.0314,-0.0662,-0.0828,-0.0871,-0.0844,-0.0793,-0.0749,-0.0725,-0.0715,-0.2319,-0.2335,-0.2258,-0.2062,-0.1761,-0.1405,-0.0977,-0.0256,0.1111,0.3338,0.642,0.4895,0.3517,0.1969,0.0546,-0.178,-0.3747,-0.1524,0.0251,0.1706,0.3256,0.293,0.175,0.0903,0.0387,0.0075,-0.0297,-0.0679,-0.0916,-0.0987,-0.0931,-0.0811,-0.0696,-0.063,-0.0615,-0.0628,-0.1745,-0.1681,-0.154,-0.1311,-0.0992,-0.058,-0.0027,0.0784,0.2012,0.3839,0.6061,0.4937,0.3839,0.3549,0.2735,0.1914,0.1582,0.3125,0.4775,0.4426,0.3981,0.3655,0.2577,0.1383,0.0323,-0.0503,-0.1054,-0.1332,-0.1391,-0.1272,-0.1016,-0.0711,-0.0489,-0.0419,-0.0454,-0.052,-0.1265,-0.1151,-0.0974,-0.0722,-0.0389,0.0039,0.0594,0.1319,0.2245,0.3297,0.4079,0.4111,0.4058,0.4405,0.6601,0.7706,0.6434,0.8014,1.0401,0.8085,0.5936,0.4585,0.3268,0.1639,-0.0116,-0.1598,-0.2286,-0.2324,-0.2099,-0.1674,-0.1064,-0.0416,-0.0041,-0.0052,-0.0231,-0.04,-0.0865,-0.0721,-0.0522,-0.026,0.0072,0.0485,0.0991,0.1599,0.229,0.2988,0.3569,0.4043,0.4786,0.7052,1.4733,1.8036,1.0526,0.992,1.1649,1.31,0.9763,0.657,0.4236,0.1834,-0.0887,-0.3173,-0.3714,-0.3511,-0.3039,-0.2213,-0.1083,0.0126,0.0679,0.0416,-0.0012,-0.0309,-0.0531,-0.0369,-0.016,0.0102,0.0422,0.0806,0.1257,0.1772,0.2334,0.2914,0.3508,0.4226,0.5456,0.8246,1.4025,1.5945,1.1394,1.1574,1.8297,2.1718,1.3194,0.8473,0.5589,0.2444,-0.124,-0.3844,-0.431,-0.5078,-0.4337,-0.2989,-0.1364,0.0337,0.1028,0.0584,0.0025,-0.0316,-0.0252,-0.0082,0.0129,0.0385,0.0688,0.1041,0.1446,0.1897,0.2389,0.2923,0.3527,0.4304,0.5478,0.7347,0.9647,1.0542,1.008,1.128,1.5129,1.6423,1.2639,1.0201,0.8219,0.4275,-0.0928,-0.5856,-1.0291,-0.9078,-0.6003,-0.3982,-0.2222,-0.0563,0.0233,0.0102,-0.0229,-0.0453,-0.0021,0.0153,0.0361,0.0606,0.0891,0.1216,0.1582,0.1988,0.2435,0.2931,0.3504,0.4215,0.5141,0.6298,0.7452,0.8195,0.8702,0.971,1.1192,1.186,1.2027,1.4095,1.4305,0.8113,0.0304,-0.7435,-1.4228,-1.1056,-0.6574,-0.483,-0.3299,-0.1843,-0.0947,-0.0656,-0.0637,-0.0666,0.0171,0.0343,0.0546,0.0779,0.1046,0.1346,0.168,0.2049,0.2456,0.2909,0.3426,0.4031,0.4742,0.553,0.6294,0.6944,0.7558,0.8315,0.9206,1.0218,1.2433,1.7627,1.9323,1.1234,0.2364,-0.4466,-0.8299,-0.7326,-0.5974,-0.5444,-0.407,-0.2699,-0.1758,-0.1245,-0.0996,-0.0869,0.0329,0.0498,0.0693,0.0914,0.1162,0.1439,0.1745,0.2081,0.245,0.2856,0.331,0.3817,0.4376,0.4966,0.5547,0.6098,0.665,0.7266,0.8013,0.911,1.1181,1.432,1.4725,0.9658,0.3327,-0.1614,-0.4458,-0.5402,-0.5839,-0.5426,-0.4174,-0.2975,-0.2108,-0.1551,-0.1211,-0.1002]},{"header":{"la1":42.85,"la2":41.18,"lo1":11.55,"lo2":14.05,"nx":36,"ny":24,"dx":0.07143,"dy":0.07261,"parameterCategory":2,"parameterNumber":3,"parameterNumberName":"northward_wind","parameterUnit":"m.s-1"},"data":[-0.6406,-0.6286,-0.6142,-0.5971,-0.5781,-0.5582,-0.5394,-0.5239,-0.5129,-0.5062,-0.5017,-0.4965,-0.4881,-0.4752,-0.4573,-0.4352,-0.4103,-0.3847,-0.3608,-0.3405,-0.3258,-0.3179,-0.318,-0.3256,-0.339,-0.3559,-0.3743,-0.3929,-0.411,-0.4282,-0.4444,-0.4596,-0.4739,-0.4872,-0.4995,-0.511,-0.6479,-0.6347,-0.6179,-0.597,-0.5723,-0.5453,-0.5194,-0.4988,-0.4873,-0.4845,-0.4864,-0.4871,-0.4824,-0.47,-0.4498,-0.4227,-0.3909,-0.3578,-0.3268,-0.3008,-0.2818,-0.272,-0.2737,-0.2865,-0.307,-0.331,-0.3553,-0.3787,-0.4004,-0.4205,-0.439,-0.4561,-0.4718,-0.4864,-0.4998,-0.5121,-0.6572,-0.6431,-0.624,-0.5984,-0.5656,-0.5267,-0.487,-0.456,-0.4429,-0.4487,-0.4638,-0.4762,-0.4783,-0.4676,-0.4445,-0.4106,-0.3689,-0.3247,-0.2842,-0.2515,-0.227,-0.2133,-0.2171,-0.2392,-0.2712,-0.3051,-0.337,-0.3656,-0.3913,-0.4142,-0.435,-0.4539,-0.4711,-0.4869,-0.5013,-0.5145,-0.6691,-0.6548,-0.634,-0.6036,-0.56,-0.5018,-0.4349,-0.3791,-0.3611,-0.3865,-0.4302,-0.4645,-0.478,-0.4702,-0.4436,-0.4004,-0.344,-0.2821,-0.2281,-0.1906,-0.1615,-0.1384,-0.1446,-0.1842,-0.2345,-0.2812,-0.3212,-0.3552,-0.3845,-0.4101,-0.4328,-0.4534,-0.472,-0.4889,-0.5043,-0.5183,-0.6835,-0.6704,-0.6498,-0.6165,-0.5615,-0.475,-0.3554,-0.237,-0.2011,-0.2768,-0.3836,-0.4561,-0.4853,-0.4808,-0.4502,-0.3956,-0.3175,-0.2239,-0.1448,-0.1129,-0.0955,-0.053,-0.0614,-0.132,-0.2051,-0.2641,-0.3108,-0.3489,-0.3808,-0.4085,-0.4329,-0.4549,-0.4748,-0.4928,-0.5091,-0.5239,-0.6999,-0.6894,-0.6722,-0.6413,-0.5811,-0.4644,-0.259,0.0104,0.1082,-0.1042,-0.3386,-0.4628,-0.5061,-0.5031,-0.4689,-0.4036,-0.2987,-0.1487,-0.0021,0.0063,-0.0506,-0.0134,-0.0239,-0.1133,-0.1955,-0.2587,-0.3079,-0.3476,-0.3809,-0.4098,-0.4355,-0.4587,-0.4797,-0.4988,-0.516,-0.5314,-0.7171,-0.7093,-0.6974,-0.6767,-0.6275,-0.5054,-0.2351,0.2396,0.464,0.0148,-0.3554,-0.5043,-0.5452,-0.5389,-0.5039,-0.4354,-0.3138,-0.1105,0.1462,0.1343,-0.0275,-0.0584,-0.079,-0.1404,-0.2079,-0.2654,-0.3124,-0.3514,-0.3847,-0.4141,-0.4407,-0.4649,-0.4871,-0.5072,-0.5252,-0.5413,-0.7336,-0.7258,-0.7142,-0.7045,-0.6867,-0.61,-0.4103,-0.0534,0.1072,-0.2344,-0.4999,-0.5886,-0.5998,-0.5859,-0.5585,-0.5003,-0.3852,-0.2031,-0.006,0.0166,-0.023,-0.0499,-0.1096,-0.1711,-0.2291,-0.2798,-0.3225,-0.3591,-0.3915,-0.4211,-0.4484,-0.4738,-0.4972,-0.5184,-0.5374,-0.554,-0.7503,-0.7403,-0.7169,-0.6966,-0.7244,-0.73,-0.6794,-0.5993,-0.5988,-0.6892,-0.721,-0.6919,-0.655,-0.636,-0.6385,-0.6098,-0.4927,-0.3382,-0.1972,-0.0827,0.07,0.0359,-0.1041,-0.1923,-0.2515,-0.2971,-0.3352,-0.3689,-0.4002,-0.43,-0.4585,-0.4855,-0.5105,-0.5331,-0.553,-0.5701,-0.7697,-0.7637,-0.7467,-0.7354,-0.7799,-0.8404,-0.9045,-0.9796,-1.1007,-1.127,-0.9437,-0.7776,-0.6907,-0.6716,-0.751,-0.8021,-0.5918,-0.4205,-0.2953,-0.1643,-0.0155,-0.0314,-0.145,-0.2243,-0.2762,-0.3148,-0.3474,-0.3783,-0.4092,-0.4402,-0.4709,-0.5004,-0.5277,-0.5521,-0.5731,-0.5906,-0.7915,-0.7948,-0.7978,-0.8032,-0.8222,-0.937,-1.0933,-1.2312,-1.4635,-1.5928,-1.1032,-0.809,-0.6946,-0.6722,-0.7365,-0.8042,-0.5722,-0.429,-0.3461,-0.2683,-0.1976,-0.1846,-0.2217,-0.2648,-0.2999,-0.3283,-0.3553,-0.3846,-0.417,-0.4513,-0.486,-0.5194,-0.5501,-0.5768,-0.599,-0.6165,-0.8123,-0.8224,-0.8291,-0.8221,-0.8577,-1.0454,-1.2958,-1.4661,-1.45,-1.4089,-1.0352,-0.7655,-0.6745,-0.7138,-0.6502,-0.538,-0.4366,-0.3845,-0.3592,-0.3191,-0.2797,-0.2628,-0.2714,-0.2923,-0.3128,-0.3305,-0.3532,-0.3848,-0.4227,-0.4635,-0.5049,-0.5444,-0.5799,-0.6097,-0.6329,-0.6497,-0.8299,-0.8465,-0.8649,-0.8915,-0.9691,-1.1548,-1.4368,-1.6987,-1.5334,-1.1964,-0.8962,-0.6813,-0.6004,-0.729,-0.6176,-0.3287,-0.2746,-0.37,-0.3778,-0.3232,-0.2869,-0.2712,-0.2787,-0.2973,-0.3093,-0.3144,-0.3375,-0.3788,-0.4274,-0.4787,-0.5302,-0.5787,-0.621,-0.6544,-0.678,-0.6926,-0.8429,-0.865,-0.8945,-0.9407,-1.0247,-1.1687,-1.3685,-1.5503,-1.4364,-1.0958,-0.8314,-0.6325,-0.5351,-0.1038,-0.249,0.0947,-0.0185,-0.2562,-0.32,-0.2803,-0.2277,-0.2122,-0.2437,-0.2845,-0.299,-0.2919,-0.3203,-0.3745,-0.4355,-0.5003,-0.5661,-0.6279,-0.6795,-0.7168,-0.7388,-0.7481,-0.85,-0.8742,-0.9063,-0.9518,-1.0182,-1.1082,-1.2058,-1.2542,-1.1691,-1.0101,-0.8872,-0.7284,-0.4522,-0.1218,-0.1538,0.1948,0.1277,-0.1287,-0.2437,-0.1823,-0.0324,-0.0292,-0.1556,-0.2565,-0.2969,-0.302,-0.328,-0.3808,-0.4502,-0.5317,-0.6189,-0.7011,-0.7663,-0.8065,-0.8222,-0.82,-0.8512,-0.8741,-0.9028,-0.9393,-0.9841,-1.0331,-1.0716,-1.0751,-1.0362,-1.0214,-1.1558,-0.9202,-0.7622,-0.5111,-0.3654,-0.1407,-0.0218,-0.206,-0.2687,-0.0481,0.4802,0.3539,-0.0385,-0.2244,-0.2878,-0.307,-0.3301,-0.3811,-0.4647,-0.574,-0.6971,-0.8141,-0.8996,-0.9383,-0.9365,-0.9114,-0.8475,-0.8674,-0.8906,-0.9173,-0.9457,-0.9716,-0.9873,-0.9869,-0.9806,-1.0139,-1.1286,-1.006,-1.0901,-1.1454,-0.7111,-0.5068,-0.4177,-0.4451,-0.439,-0.1458,0.5453,0.384,-0.0559,-0.2323,-0.2654,-0.2506,-0.2614,-0.3359,-0.4632,-0.6255,-0.812,-0.9924,-1.1095,-1.1325,-1.0887,-1.0215,-0.8409,-0.8572,-0.8751,-0.8939,-0.912,-0.9267,-0.935,-0.937,-0.9401,-0.9567,-0.9786,-0.9956,-1.1779,-1.2249,-1.0178,-0.941,-0.7435,-0.6612,-0.6761,-0.5214,-0.2169,-0.1444,-0.2516,-0.2896,-0.2098,-0.064,-0.0388,-0.2081,-0.4371,-0.6836,-0.9708,-1.2661,-1.4318,-1.4006,-1.2713,-1.1385,-0.8325,-0.8457,-0.8593,-0.8727,-0.8847,-0.894,-0.8998,-0.903,-0.907,-0.9156,-0.9298,-0.9598,-1.026,-1.1124,-1.4578,-1.6276,-1.0297,-0.7946,-0.7846,-0.8751,-0.6858,-0.5302,-0.4676,-0.3724,-0.1256,0.313,0.4087,-0.0384,-0.4187,-0.7427,-1.1395,-1.6016,-1.8273,-1.6847,-1.4357,-1.2328,-0.8237,-0.8341,-0.8445,-0.8543,-0.8629,-0.8695,-0.8741,-0.8776,-0.8819,-0.8891,-0.9025,-0.9287,-0.981,-1.1024,-1.3986,-1.4856,-1.0973,-0.9487,-1.1804,-1.3271,-0.9601,-0.782,-0.682,-0.5174,-0.1952,0.3552,0.4785,-0.1277,-0.4889,-0.7899,-1.2008,-1.7361,-1.9897,-1.7878,-1.4912,-1.2661,-0.8149,-0.8233,-0.8313,-0.8388,-0.8452,-0.8503,-0.8544,-0.858,-0.8624,-0.8694,-0.8818,-0.9043,-0.9456,-1.0201,-1.117,-1.1238,-1.0177,-0.9806,-1.0915,-1.1425,-1.0414,-1.0328,-0.9923,-0.7812,-0.4945,-0.3277,-0.5094,-0.5568,-0.6438,-0.8244,-1.1057,-1.4863,-1.6993,-1.6037,-1.4022,-1.2267,-0.8065,-0.8133,-0.8197,-0.8256,-0.8307,-0.8349,-0.8386,-0.8421,-0.8465,-0.8531,-0.8637,-0.8809,-0.9078,-0.9442,-0.9765,-0.9778,-0.9541,-0.9537,-0.9971,-1.0544,-1.1789,-1.4705,-1.5461,-1.1527,-0.7787,-0.6666,-0.779,-0.7435,-0.7953,-0.8743,-0.9946,-1.1868,-1.3287,-1.3311,-1.246,-1.1436,-0.7988,-0.8043,-0.8096,-0.8143,-0.8185,-0.8221,-0.8255,-0.8289,-0.833,-0.8388,-0.8472,-0.8595,-0.8759,-0.8943,-0.9089,-0.9139,-0.9155,-0.9309,-0.9756,-1.0752,-1.3221,-1.8045,-1.9499,-1.4072,-0.9553,-0.7756,-0.7639,-0.8309,-0.9586,-0.9471,-0.9493,-1.0245,-1.1032,-1.13,-1.1053,-1.0552,-0.7916,-0.7963,-0.8006,-0.8046,-0.8081,-0.8113,-0.8144,-0.8175,-0.8213,-0.8261,-0.8327,-0.8412,-0.8516,-0.8626,-0.8723,-0.8804,-0.8915,-0.9152,-0.9657,-1.0696,-1.2733,-1.5584,-1.6193,-1.3165,-1.007,-0.8495,-0.8203,-0.8877,-0.9796,-0.9599,-0.9321,-0.9523,-0.9887,-1.0093,-1.0048,-0.9816]}]