docs/data/wind_grid.json
[{"header":{"la1":42.85,"la2":41.18,"lo1":11.55,"lo2":14.05,"nx":36,"ny":24,"dx":0.07143,"dy":0.07261,"parameterCategory":2,"parameterNumber":2,"parameterNumberName":"eastward_wind","parameterUnit":"m.s-1"},"data":[1.0277,1.0039,0.9734,0.9366,0.8957,0.8544,0.8181,0.7925,0.7815,0.7856,0.8017,0.8245,0.8491,0.8715,0.8892,0.9001,0.9026,0.895,0.8762,0.8473,0.813,0.7812,0.7593,0.7496,0.7497,0.7548,0.7612,0.7669,0.7711,0.7738,0.7754,0.7762,0.7766,0.7768,0.7768,0.777,1.052,1.0254,0.9884,0.9406,0.8841,0.8241,0.7693,0.7305,0.716,0.7268,0.7565,0.7951,0.8339,0.868,0.8946,0.9123,0.9189,0.9112,0.8854,0.8408,0.7847,0.7336,0.7039,0.699,0.7099,0.7257,0.74,0.7507,0.7578,0.7623,0.7648,0.7663,0.7671,0.7676,0.768,0.7684,1.0864,1.0585,1.0152,0.9537,0.8747,0.7844,0.6968,0.6328,0.6115,0.6362,0.6915,0.7562,0.8163,0.866,0.9043,0.9315,0.9458,0.9416,0.9086,0.8383,0.7388,0.6477,0.6078,0.6211,0.6571,0.692,0.7177,0.7344,0.7446,0.7505,0.7538,0.7557,0.7568,0.7576,0.7584,0.7592,1.1344,1.1093,1.0621,0.9855,0.8754,0.7364,0.5879,0.4711,0.4353,0.4918,0.5986,0.7079,0.7981,0.8671,0.9191,0.9587,0.987,0.9967,0.9646,0.8563,0.6667,0.4828,0.4357,0.5067,0.595,0.6588,0.6977,0.7199,0.7321,0.7386,0.7422,0.7442,0.7456,0.7467,0.7479,0.7491,1.1996,1.1852,1.1419,1.0529,0.9042,0.6911,0.43,0.193,0.1203,0.2587,0.4744,0.6561,0.7846,0.8738,0.9391,0.9925,1.0434,1.0906,1.094,0.9509,0.5877,0.1838,0.1629,0.3782,0.5452,0.6376,0.6849,0.7087,0.7205,0.7264,0.7296,0.7316,0.7332,0.7348,0.7364,0.7382,1.2835,1.2937,1.2716,1.1833,0.995,0.6859,0.2433,-0.2617,-0.4395,-0.081,0.3444,0.6201,0.7847,0.8891,0.9633,1.0272,1.1036,1.2215,1.3541,1.2349,0.6697,-0.0059,0.0187,0.3523,0.5487,0.6405,0.6821,0.7007,0.7089,0.7129,0.7153,0.7173,0.7193,0.7214,0.7237,0.7263,1.3818,1.4361,1.4681,1.4121,1.1926,0.7925,0.1821,-0.6685,-1.0376,-0.324,0.3049,0.6305,0.8067,0.9157,0.9921,1.0563,1.139,1.3068,1.6123,1.5571,0.9727,0.4868,0.384,0.516,0.6169,0.6655,0.6853,0.6923,0.6948,0.6963,0.6981,0.7005,0.7033,0.7064,0.7097,0.7132,1.4789,1.5916,1.7224,1.7575,1.5043,1.0353,0.4483,-0.2414,-0.5205,-0.0233,0.4339,0.6926,0.8476,0.9532,1.0312,1.0864,1.1399,1.2434,1.4023,1.3345,1.0737,0.9061,0.7616,0.7072,0.6963,0.6901,0.6826,0.6765,0.6737,0.674,0.6766,0.6804,0.6848,0.6895,0.6942,0.699,1.5493,1.702,1.9163,2.0686,1.7722,1.2823,0.8173,0.4479,0.3023,0.4051,0.592,0.7612,0.8892,0.9961,1.0969,1.1498,1.1503,1.1653,1.1831,1.1348,1.0924,1.0568,0.9141,0.8025,0.7329,0.6872,0.6586,0.6442,0.6405,0.6434,0.6495,0.6566,0.6638,0.6708,0.6773,0.6836,1.5788,1.7298,1.9031,1.9911,1.8324,1.4367,1.0329,0.7272,0.4925,0.4399,0.6216,0.7967,0.9098,1.0195,1.2082,1.3047,1.1923,1.1553,1.1371,1.0986,1.0745,1.0363,0.9234,0.8044,0.7061,0.6359,0.5971,0.5854,0.5905,0.6027,0.6165,0.6293,0.6405,0.6503,0.6591,0.6671,1.574,1.7226,1.9314,2.2388,2.138,1.5515,1.1288,0.8234,0.2899,0.0344,0.5732,0.818,0.8975,0.9583,1.1582,1.3037,1.1954,1.1948,1.1831,1.1198,1.0478,0.973,0.8658,0.7336,0.6037,0.5116,0.4787,0.491,0.5213,0.5526,0.5789,0.5995,0.6157,0.6286,0.6397,0.6496,1.5387,1.6744,1.8872,2.1813,2.0644,1.502,1.1726,1.0464,0.6795,0.399,0.7203,0.8609,0.8599,0.7969,0.8975,1.0752,1.1899,1.3439,1.3596,1.1987,1.0497,0.9239,0.7825,0.6001,0.3972,0.2689,0.277,0.3565,0.4373,0.4981,0.5404,0.5696,0.5904,0.6062,0.6193,0.631,1.4769,1.5693,1.6811,1.7551,1.6313,1.3557,1.1895,1.1955,1.1041,0.9346,0.9273,0.888,0.8372,0.738,0.8221,1.0497,1.2295,1.6836,1.6913,1.2717,1.0369,0.8708,0.6903,0.422,0.0541,-0.1545,-0.0158,0.2029,0.3567,0.4502,0.5067,0.5421,0.5657,0.5831,0.5977,0.6112,1.4062,1.4553,1.4934,1.4874,1.4045,1.2807,1.1982,1.1813,1.159,1.1265,1.0876,0.8725,0.7735,0.7391,0.9647,1.1046,1.216,1.4476,1.463,1.1753,0.9559,0.7971,0.6168,0.293,-0.2636,-0.5825,-0.248,0.1091,0.3123,0.4218,0.4829,0.5187,0.5416,0.5588,0.5742,0.5895,1.3432,1.3661,1.3749,1.3578,1.312,1.2562,1.2182,1.2104,1.2412,1.3349,1.4106,1.2771,1.0273,0.8089,1.0532,1.1466,1.5743,1.3093,1.1579,0.9691,0.7921,0.6945,0.5824,0.3304,-0.1008,-0.3554,-0.1248,0.1552,0.3245,0.4181,0.4696,0.4981,0.5159,0.5309,0.5471,0.5651,1.2938,1.3048,1.306,1.2945,1.2733,1.2529,1.2482,1.2758,1.3696,1.6111,2.0887,1.7779,1.5073,1.2051,1.198,1.2972,1.4663,1.1874,0.9384,0.7498,0.5684,0.5722,0.5667,0.4363,0.2365,0.1145,0.164,0.2771,0.3699,0.4294,0.4613,0.4751,0.4831,0.495,0.5137,0.5368,1.2571,1.2638,1.265,1.2611,1.2555,1.2557,1.2724,1.3218,1.4341,1.6683,2.0255,1.8219,1.7965,1.8253,1.4155,1.2808,1.1453,0.8263,0.5397,0.5499,0.5197,0.5394,0.5563,0.4919,0.3947,0.3267,0.3206,0.3597,0.4082,0.441,0.4495,0.4405,0.4335,0.4442,0.4711,0.5044,1.2298,1.2355,1.2387,1.2407,1.2445,1.2555,1.2812,1.3316,1.4187,1.5446,1.6526,1.6726,1.8373,1.8699,1.5827,1.4354,1.0463,0.3035,-0.3267,0.2662,0.5034,0.5477,0.5445,0.4964,0.4136,0.3275,0.3079,0.3665,0.426,0.4483,0.4292,0.3833,0.3544,0.373,0.4203,0.4709,1.2087,1.2145,1.2196,1.2253,1.234,1.2492,1.2753,1.3166,1.375,1.443,1.5007,1.5443,1.6011,1.6412,1.8757,1.9972,1.1935,0.3825,-0.0424,0.3072,0.4657,0.521,0.5184,0.4757,0.3716,0.1794,0.1369,0.334,0.448,0.4629,0.4078,0.3067,0.2511,0.295,0.3746,0.445,1.1914,1.1975,1.2037,1.2112,1.2216,1.237,1.2596,1.2906,1.3292,1.3703,1.4072,1.4393,1.475,1.55,1.7806,1.8196,1.2209,0.6739,0.428,0.4116,0.4633,0.4797,0.4687,0.4523,0.3863,0.1739,0.1219,0.4358,0.5248,0.5015,0.4143,0.2765,0.2064,0.267,0.3612,0.4384,1.1763,1.1824,1.189,1.1969,1.207,1.2207,1.2386,1.2609,1.2863,1.312,1.335,1.3548,1.3761,1.4107,1.4511,1.3714,1.0881,0.7651,0.5426,0.4729,0.449,0.3734,0.3399,0.4007,0.4823,0.5917,0.8559,0.8041,0.6483,0.5559,0.4663,0.3555,0.2942,0.3261,0.3934,0.4557,1.1625,1.1683,1.1746,1.1819,1.1908,1.2019,1.2152,1.2305,1.2466,1.2617,1.2738,1.2819,1.2856,1.2822,1.2543,1.1635,0.9962,0.8006,0.6367,0.5155,0.3537,0.0923,0.0151,0.254,0.5137,0.8068,1.1558,0.9607,0.6696,0.5744,0.5201,0.457,0.4142,0.4169,0.449,0.4884,1.1493,1.1545,1.1601,1.1664,1.1736,1.1819,1.1911,1.2008,1.2099,1.217,1.2206,1.2187,1.209,1.1864,1.1408,1.0597,0.942,0.8045,0.6644,0.5064,0.2541,-0.1436,-0.2553,0.1241,0.4661,0.709,0.8449,0.7186,0.5351,0.5359,0.5406,0.5172,0.4937,0.4886,0.5016,0.524,1.1366,1.141,1.1456,1.1506,1.1559,1.1615,1.1672,1.1724,1.1762,1.1773,1.1742,1.1652,1.1475,1.1173,1.0693,0.9991,0.9071,0.7983,0.6746,0.5217,0.307,0.0538,-0.0054,0.2124,0.4509,0.6079,0.6652,0.6011,0.5142,0.5268,0.5487,0.5473,0.5388,0.536,0.5424,0.5558]},{"header":{"la1":42.85,"la2":41.18,"lo1":11.55,"lo2":14.05,"nx":36,"ny":24,"dx":0.07143,"dy":0.07261,"parameterCategory":2,"parameterNumber":3,"parameterNumberName":"northward_wind","parameterUnit":"m.s-1"},"data":[0.2964,0.2753,0.2493,0.2184,0.1839,0.1483,0.1152,0.0884,0.0703,0.0608,0.057,0.055,0.0507,0.0412,0.0245,-0.0007,-0.0351,-0.0791,-0.1318,-0.1895,-0.2438,-0.282,-0.2925,-0.2723,-0.2275,-0.1687,-0.1052,-0.0428,0.0152,0.0677,0.1145,0.156,0.1926,0.2248,0.2532,0.2783,0.3122,0.2894,0.2592,0.2209,0.1756,0.127,0.0809,0.0447,0.0241,0.019,0.0241,0.0314,0.0344,0.0292,0.0135,-0.014,-0.0547,-0.1102,-0.1822,-0.2688,-0.3582,-0.4248,-0.4423,-0.4054,-0.3314,-0.2427,-0.1545,-0.0736,-0.0024,0.0595,0.1129,0.1589,0.1986,0.233,0.2629,0.2888,0.3349,0.3118,0.2776,0.2302,0.1694,0.0995,0.0301,-0.0238,-0.0489,-0.0438,-0.0211,0.0032,0.0184,0.02,0.0068,-0.0218,-0.0676,-0.1342,-0.2289,-0.3591,-0.5143,-0.6408,-0.6687,-0.5908,-0.46,-0.3236,-0.2018,-0.0989,-0.0133,0.0578,0.1172,0.1671,0.2093,0.2453,0.2761,0.3025,0.3671,0.3465,0.3104,0.253,0.1708,0.0664,-0.0466,-0.1383,-0.173,-0.1438,-0.0839,-0.0293,0.0043,0.0154,0.0061,-0.0221,-0.0698,-0.1415,-0.2533,-0.4403,-0.7222,-0.989,-1.0254,-0.8403,-0.6031,-0.3983,-0.2373,-0.112,-0.0135,0.0653,0.1292,0.1818,0.2255,0.2622,0.2932,0.3196,0.4107,0.3986,0.3665,0.3016,0.1928,0.0356,-0.1593,-0.3388,-0.3988,-0.307,-0.1671,-0.0619,-0.0041,0.0173,0.0123,-0.0139,-0.0587,-0.1212,-0.2193,-0.4442,-0.939,-1.5301,-1.5351,-1.1057,-0.7155,-0.4402,-0.2466,-0.1053,0.0015,0.0846,0.1506,0.204,0.2478,0.2842,0.3147,0.3403,0.4666,0.4733,0.4583,0.3958,0.26,0.0346,-0.2934,-0.6732,-0.8095,-0.5486,-0.252,-0.0806,-0.001,0.0276,0.0257,0.002,-0.0372,-0.0736,-0.0894,-0.2538,-0.9119,-1.847,-1.7932,-1.1731,-0.7149,-0.4185,-0.217,-0.0726,0.035,0.1175,0.1824,0.2343,0.2766,0.3115,0.3405,0.3648,0.5309,0.5713,0.5993,0.5627,0.4049,0.1163,-0.3326,-0.976,-1.2585,-0.7193,-0.267,-0.0634,0.0187,0.0464,0.0456,0.0241,-0.0129,-0.0345,0.0476,-0.0116,-0.5844,-1.1601,-1.23,-0.9004,-0.5731,-0.3262,-0.1457,-0.0125,0.0877,0.1645,0.2247,0.2728,0.312,0.3442,0.3708,0.393,0.5909,0.6768,0.788,0.8252,0.6328,0.2967,-0.1196,-0.6352,-0.8502,-0.4685,-0.1479,-0.0049,0.0512,0.07,0.0704,0.053,0.0136,-0.0354,-0.0569,-0.2052,-0.6041,-0.7649,-0.7315,-0.5764,-0.3741,-0.1896,-0.0418,0.0716,0.1579,0.2244,0.2768,0.3189,0.3534,0.3818,0.4053,0.4247,0.6253,0.7392,0.9345,1.0917,0.8189,0.4689,0.1826,-0.0533,-0.1438,-0.0723,0.0151,0.0634,0.082,0.0906,0.0996,0.0937,0.0515,-0.0219,-0.1478,-0.4522,-0.9934,-0.9166,-0.582,-0.3615,-0.184,-0.0345,0.0842,0.1745,0.2426,0.2952,0.3371,0.3714,0.4,0.4238,0.4436,0.4599,0.6219,0.7109,0.8387,0.9133,0.7336,0.5444,0.3883,0.2587,0.153,0.1094,0.1134,0.1082,0.0956,0.0963,0.1355,0.1594,0.0931,0.0237,-0.0935,-0.3589,-0.7606,-0.7176,-0.3993,-0.1635,0.0072,0.136,0.2286,0.2926,0.3383,0.3737,0.4032,0.4287,0.4508,0.4697,0.4855,0.4981,0.5957,0.6427,0.6677,0.6239,0.6138,0.586,0.5494,0.4619,0.1791,0.0482,0.1483,0.1244,0.0833,0.0683,0.1146,0.1574,0.0974,0.073,0.027,-0.0902,-0.2359,-0.2408,-0.099,0.071,0.2215,0.3314,0.3936,0.4234,0.4407,0.456,0.4722,0.4888,0.5047,0.5188,0.5305,0.5394,0.5677,0.5951,0.6092,0.6041,0.6063,0.6442,0.7574,0.8415,0.5034,0.217,0.2016,0.1197,0.0489,0.0135,0.0205,0.0402,0.066,0.1296,0.1499,0.1099,0.0727,0.0875,0.1738,0.3124,0.4656,0.5668,0.5838,0.5619,0.5428,0.5367,0.5406,0.5499,0.5608,0.5708,0.5786,0.5836,0.5447,0.5649,0.5815,0.5946,0.6186,0.7043,0.9144,1.1877,0.9506,0.4914,0.2444,0.0905,0.0087,-0.0095,-0.0264,-0.0724,-0.0017,0.2281,0.2565,0.2233,0.2452,0.2906,0.3755,0.5257,0.7345,0.8536,0.7891,0.6908,0.6329,0.6094,0.6055,0.6108,0.619,0.6262,0.6304,0.6312,0.5261,0.5421,0.5584,0.5782,0.6149,0.698,0.8531,1.025,0.8868,0.5066,0.2539,0.0585,-0.0249,-0.2433,-0.157,-0.3358,-0.1902,0.1155,0.2371,0.3055,0.3772,0.4362,0.5141,0.6658,0.9309,1.0822,0.9282,0.7726,0.6967,0.669,0.6653,0.672,0.6806,0.6863,0.6869,0.6828,0.5108,0.5234,0.5375,0.5562,0.5861,0.6356,0.6997,0.7261,0.6208,0.4412,0.3177,0.1999,-0.0368,-0.3733,-0.1897,-0.3958,-0.2509,0.0437,0.2991,0.4449,0.5127,0.5489,0.603,0.7074,0.883,0.9881,0.8924,0.783,0.7299,0.7158,0.7222,0.7366,0.7493,0.7543,0.7503,0.7391,0.4981,0.5075,0.518,0.5309,0.5476,0.567,0.5785,0.5582,0.4919,0.4275,0.457,0.4594,0.2753,0.0143,-0.0086,-0.0731,-0.0804,0.2588,0.5765,0.6574,0.559,0.5834,0.6639,0.7219,0.7816,0.8146,0.7908,0.7562,0.7446,0.7558,0.7814,0.8108,0.8315,0.8353,0.823,0.8009,0.4879,0.4943,0.5009,0.5077,0.5139,0.5166,0.5095,0.4853,0.4476,0.4249,0.451,0.4132,0.3474,0.316,0.2431,0.2705,0.4394,0.8936,1.2722,1.0385,0.6041,0.6406,0.7498,0.7656,0.7512,0.7277,0.7126,0.7221,0.7522,0.7955,0.8493,0.904,0.9376,0.9358,0.9066,0.8669,0.4801,0.4841,0.4876,0.49,0.4903,0.4865,0.4756,0.4566,0.4335,0.4159,0.4056,0.3868,0.3757,0.3853,0.4645,0.5963,0.8993,1.8067,2.6514,1.7781,1.1832,0.9717,0.9068,0.8343,0.7347,0.6258,0.5953,0.6665,0.7556,0.8383,0.9293,1.0247,1.0772,1.0571,0.9965,0.9315,0.4748,0.4772,0.4787,0.4788,0.4768,0.4716,0.4622,0.4492,0.4349,0.423,0.4156,0.4147,0.4314,0.5029,0.6971,0.7868,1.0681,1.8962,2.5038,2.3033,1.7419,1.3121,1.0835,0.9126,0.703,0.4207,0.3589,0.5973,0.7716,0.8862,1.0092,1.1555,1.2293,1.1738,1.0726,0.9825,0.4719,0.4734,0.474,0.4735,0.4713,0.4671,0.461,0.4536,0.4468,0.4433,0.4465,0.4621,0.5029,0.593,0.732,0.8194,1.1161,1.7671,2.7583,3.149,2.1148,1.5295,1.2432,1.0227,0.7618,0.4048,0.3273,0.6785,0.8457,0.9414,1.0536,1.208,1.287,1.216,1.1024,1.0064,0.4712,0.4724,0.473,0.4728,0.4716,0.4696,0.467,0.4649,0.4649,0.4695,0.4824,0.5093,0.5586,0.639,0.7463,0.8862,1.1568,1.6367,2.2782,2.4659,1.9668,1.618,1.4306,1.2036,0.9654,0.8486,0.9813,0.9866,0.9787,1.0104,1.0614,1.146,1.198,1.1589,1.0787,1.0011,0.4724,0.4738,0.4749,0.4756,0.476,0.4764,0.4773,0.4799,0.4856,0.4968,0.5166,0.5495,0.6008,0.6751,0.7763,0.9179,1.1307,1.4223,1.7105,1.8107,1.7402,1.7795,1.7755,1.4581,1.1571,1.0761,1.1819,1.1277,1.1078,1.1052,1.0844,1.089,1.0995,1.0796,1.0332,0.9793,0.4751,0.477,0.4788,0.4807,0.4829,0.4857,0.4898,0.4962,0.5063,0.5222,0.5464,0.5821,0.6329,0.7024,0.7948,0.917,1.075,1.2583,1.4261,1.5404,1.6682,1.9551,2.0511,1.6319,1.2702,1.1313,1.1273,1.1611,1.2544,1.2179,1.1279,1.076,1.0513,1.0272,0.994,0.9548,0.4789,0.4815,0.4843,0.4874,0.4912,0.4962,0.5029,0.5123,0.5257,0.5446,0.5711,0.6075,0.6562,0.7198,0.8008,0.9014,1.0206,1.1501,1.2757,1.3967,1.5508,1.7531,1.7902,1.5414,1.2857,1.1568,1.1319,1.1853,1.2727,1.2356,1.1398,1.0708,1.0285,0.9969,0.9661,0.9336]}]