docs/data/wind_grid.json
[{"header":{"la1":42.85,"la2":41.18,"lo1":11.55,"lo2":14.05,"nx":36,"ny":24,"dx":0.07143,"dy":0.07261,"parameterCategory":2,"parameterNumber":2,"parameterNumberName":"eastward_wind","parameterUnit":"m.s-1"},"data":[0.0426,0.0714,0.1035,0.1384,0.1754,0.2126,0.2481,0.2802,0.3091,0.3376,0.3716,0.4172,0.4784,0.5526,0.6273,0.6809,0.6927,0.6581,0.5905,0.5093,0.4288,0.3563,0.2938,0.2407,0.1958,0.1577,0.1252,0.0972,0.073,0.0519,0.0333,0.0169,0.0023,-0.0108,-0.0225,-0.0332,0.0408,0.0731,0.1102,0.152,0.1975,0.2443,0.2884,0.3256,0.3543,0.3789,0.4097,0.46,0.5401,0.6518,0.7774,0.8738,0.8936,0.8282,0.7134,0.5894,0.4782,0.3858,0.3108,0.2501,0.2005,0.1594,0.125,0.0958,0.0708,0.0492,0.0304,0.0138,-0.0008,-0.0139,-0.0256,-0.0362,0.0357,0.0716,0.1144,0.1649,0.2227,0.2848,0.3444,0.3916,0.4189,0.4315,0.4485,0.4952,0.5939,0.7578,0.9703,1.1504,1.1817,1.0497,0.8512,0.6658,0.5181,0.4056,0.3199,0.2532,0.2003,0.1574,0.1219,0.0921,0.0668,0.0451,0.0262,0.0097,-0.0048,-0.0177,-0.0293,-0.0397,0.0263,0.0652,0.1138,0.1744,0.2488,0.3355,0.425,0.4954,0.5223,0.5076,0.4896,0.5151,0.6209,0.8386,1.1726,1.497,1.5422,1.2857,0.967,0.7143,0.5355,0.4095,0.3178,0.2486,0.1946,0.1512,0.1156,0.086,0.0609,0.0394,0.0209,0.0047,-0.0095,-0.0222,-0.0335,-0.0437,0.011,0.0516,0.1046,0.1749,0.2689,0.3915,0.5367,0.6647,0.7009,0.6278,0.5357,0.5127,0.5996,0.8326,1.2444,1.6995,1.7563,1.3843,0.9853,0.704,0.5188,0.3932,0.3034,0.236,0.1834,0.1412,0.1065,0.0776,0.0533,0.0325,0.0145,-0.0011,-0.0149,-0.0271,-0.038,-0.0479,-0.0111,0.0286,0.0825,0.1582,0.2682,0.4307,0.6616,0.9168,0.9978,0.801,0.5757,0.4816,0.525,0.7064,1.0391,1.4118,1.4712,1.1803,0.8575,0.6248,0.4681,0.3589,0.2786,0.2169,0.1679,0.128,0.095,0.0675,0.0443,0.0245,0.0074,-0.0075,-0.0206,-0.0323,-0.0429,-0.0524,-0.0405,-0.0051,0.0442,0.1161,0.2267,0.4061,0.7025,1.116,1.2858,0.9113,0.5525,0.4119,0.4182,0.524,0.7055,0.8915,0.9388,0.82,0.653,0.5101,0.4003,0.3157,0.2486,0.1942,0.1496,0.1127,0.0819,0.0562,0.0345,0.0159,-0.0001,-0.0141,-0.0266,-0.0377,-0.0478,-0.0569,-0.0763,-0.0487,-0.0101,0.0467,0.135,0.28,0.5226,0.8648,0.9971,0.6778,0.3999,0.3023,0.3104,0.3728,0.4609,0.5427,0.5762,0.5479,0.4835,0.4102,0.3397,0.2758,0.2196,0.1713,0.1306,0.0965,0.0681,0.0443,0.0243,0.0072,-0.0076,-0.0207,-0.0324,-0.0429,-0.0525,-0.0613,-0.1167,-0.0992,-0.0755,-0.0419,0.0083,0.0854,0.1975,0.3171,0.338,0.2457,0.182,0.1856,0.2315,0.2908,0.3451,0.3875,0.4135,0.4173,0.3972,0.3567,0.3041,0.2485,0.1964,0.1508,0.1123,0.0804,0.0542,0.0326,0.0145,-0.001,-0.0146,-0.0267,-0.0376,-0.0477,-0.0569,-0.0654,-0.1588,-0.1522,-0.1446,-0.1357,-0.1244,-0.1089,-0.0869,-0.0645,-0.0634,-0.0559,0.0096,0.1048,0.2078,0.2916,0.335,0.3543,0.3773,0.4017,0.4009,0.3625,0.3015,0.2375,0.1805,0.1333,0.0953,0.0651,0.0412,0.0219,0.0058,-0.008,-0.0203,-0.0316,-0.042,-0.0517,-0.0607,-0.0691,-0.1999,-0.2032,-0.2098,-0.2218,-0.2419,-0.2714,-0.3,-0.2872,-0.2057,-0.1755,-0.0857,0.075,0.2568,0.401,0.4219,0.3911,0.4191,0.4977,0.5163,0.438,0.3308,0.2389,0.1694,0.1178,0.0795,0.0511,0.0298,0.0132,-0.0005,-0.0127,-0.024,-0.0348,-0.045,-0.0546,-0.0636,-0.0721,-0.2375,-0.2485,-0.2654,-0.292,-0.3335,-0.3963,-0.4802,-0.5287,-0.3678,-0.2264,-0.1246,0.0678,0.3495,0.6742,0.6014,0.4408,0.5078,0.7821,0.8244,0.584,0.3727,0.2404,0.1576,0.1025,0.0648,0.0392,0.0216,0.0084,-0.0029,-0.0138,-0.0247,-0.0356,-0.0461,-0.0562,-0.0656,-0.0744,-0.2704,-0.2863,-0.3091,-0.3425,-0.3924,-0.4679,-0.5789,-0.6954,-0.5913,-0.3593,-0.1745,0.0216,0.2576,0.7601,0.6568,0.3967,0.5534,1.266,1.274,0.6885,0.3745,0.226,0.1422,0.0874,0.052,0.0311,0.0189,0.01,0.001,-0.0094,-0.0212,-0.0334,-0.0453,-0.0565,-0.0667,-0.0761,-0.2982,-0.3165,-0.3411,-0.3747,-0.421,-0.4843,-0.5645,-0.6362,-0.5851,-0.4316,-0.2791,-0.0288,0.072,0.1843,0.2151,0.2138,0.3579,0.8306,0.9042,0.5147,0.3039,0.2069,0.1334,0.0764,0.0433,0.0302,0.0264,0.0228,0.015,0.0025,-0.0126,-0.0282,-0.0428,-0.0557,-0.067,-0.0771,-0.3213,-0.3403,-0.3643,-0.3947,-0.4323,-0.4768,-0.5223,-0.5508,-0.5454,-0.5483,-0.5555,-0.4368,-0.273,-0.3849,-0.0999,0.0926,0.2519,0.2369,0.2693,0.2446,0.2889,0.2654,0.1558,0.0722,0.041,0.0431,0.0532,0.055,0.0442,0.0244,0.0013,-0.0208,-0.0396,-0.0548,-0.0673,-0.078,-0.3406,-0.3595,-0.3821,-0.4089,-0.4397,-0.4734,-0.5073,-0.5412,-0.5955,-0.7378,-1.0266,-0.9269,-0.7265,-0.4854,-0.3469,-0.1014,0.0933,-0.0686,-0.1094,0.1213,0.5787,0.4953,0.1961,0.0608,0.0473,0.085,0.1181,0.1204,0.0954,0.0575,0.0185,-0.0142,-0.0385,-0.0555,-0.0683,-0.0792,-0.3571,-0.3755,-0.3969,-0.4214,-0.449,-0.4797,-0.5148,-0.5613,-0.64,-0.7915,-1.0063,-0.9307,-1.0119,-1.0735,-0.721,-0.5488,-0.4583,-0.5494,-0.5912,-0.1726,0.587,0.4701,0.1133,0.0112,0.0753,0.1921,0.2575,0.2394,0.1743,0.0995,0.0336,-0.0147,-0.0439,-0.0602,-0.0712,-0.0811,-0.3714,-0.3894,-0.41,-0.4334,-0.4598,-0.4903,-0.5272,-0.576,-0.6457,-0.7394,-0.827,-0.8893,-1.0935,-1.1704,-1.1373,-1.1611,-0.9562,-1.0167,-1.2009,-0.8024,-0.2889,-0.1199,-0.1512,-0.0748,0.1581,0.4304,0.5269,0.4264,0.2762,0.1428,0.0381,-0.0299,-0.0606,-0.0703,-0.076,-0.0837,-0.3839,-0.4017,-0.4218,-0.4446,-0.4706,-0.5008,-0.5372,-0.5826,-0.6394,-0.7058,-0.7757,-0.8599,-0.9881,-1.1955,-1.8304,-2.0932,-1.3516,-1.1737,-1.263,-1.2773,-0.9446,-0.649,-0.4592,-0.1865,0.2763,0.8028,0.9129,0.6277,0.3697,0.1769,0.0304,-0.0582,-0.0845,-0.0823,-0.0812,-0.0868,-0.3949,-0.4125,-0.4322,-0.4546,-0.4801,-0.5095,-0.5442,-0.5856,-0.6345,-0.6912,-0.7574,-0.8439,-0.9778,-1.2404,-1.7533,-1.9057,-1.4224,-1.2974,-1.6532,-1.8386,-1.3384,-1.0458,-0.8154,-0.409,0.219,0.8642,0.9855,0.663,0.4103,0.1991,0.0296,-0.0705,-0.0941,-0.0869,-0.0843,-0.0903,-0.4044,-0.4218,-0.4412,-0.4631,-0.4879,-0.5163,-0.5491,-0.5872,-0.6315,-0.6833,-0.7461,-0.8282,-0.9467,-1.1248,-1.3328,-1.3912,-1.2884,-1.2991,-1.5063,-1.5954,-1.4866,-1.5297,-1.4331,-0.8864,-0.1072,0.4896,0.6937,0.6212,0.4177,0.2107,0.0479,-0.0474,-0.0782,-0.082,-0.086,-0.0952,-0.4126,-0.4297,-0.4488,-0.4701,-0.4941,-0.5212,-0.5521,-0.5876,-0.6284,-0.6761,-0.7333,-0.8046,-0.8955,-1.0047,-1.1063,-1.1575,-1.1728,-1.2283,-1.3468,-1.4917,-1.8048,-2.4491,-2.5958,-1.6696,-0.5268,0.3285,0.7515,0.6376,0.3897,0.1931,0.056,-0.0252,-0.0626,-0.0791,-0.0911,-0.1035,-0.4195,-0.4363,-0.4549,-0.4755,-0.4985,-0.5244,-0.5535,-0.5865,-0.6241,-0.6674,-0.7179,-0.7773,-0.8462,-0.9203,-0.9886,-1.0424,-1.0931,-1.17,-1.302,-1.5517,-2.1195,-3.1146,-3.3893,-2.232,-0.9342,-0.0388,0.3882,0.3992,0.2578,0.1244,0.0283,-0.0326,-0.0674,-0.0881,-0.1033,-0.1167,-0.4253,-0.4416,-0.4596,-0.4795,-0.5015,-0.526,-0.5533,-0.5839,-0.6183,-0.6571,-0.7012,-0.7508,-0.8053,-0.8623,-0.9181,-0.9728,-1.0351,-1.1234,-1.2677,-1.5286,-2.0026,-2.617,-2.7321,-2.0193,-1.106,-0.4172,-0.0375,0.0836,0.0696,0.0181,-0.031,-0.0675,-0.0923,-0.1096,-0.1231,-0.1347]},{"header":{"la1":42.85,"la2":41.18,"lo1":11.55,"lo2":14.05,"nx":36,"ny":24,"dx":0.07143,"dy":0.07261,"parameterCategory":2,"parameterNumber":3,"parameterNumberName":"northward_wind","parameterUnit":"m.s-1"},"data":[2.6146,2.5962,2.5743,2.5486,2.5188,2.4848,2.4463,2.4022,2.35,2.2855,2.2034,2.0988,1.9708,1.8266,1.6868,1.5839,1.5466,1.5791,1.6597,1.759,1.8561,1.9411,2.0116,2.0686,2.1145,2.1514,2.1812,2.2056,2.2258,2.2427,2.2569,2.2692,2.2799,2.2893,2.2977,2.3054,2.6323,2.6137,2.5909,2.5634,2.5312,2.4945,2.4536,2.4081,2.3551,2.288,2.1969,2.0705,1.9009,1.691,1.47,1.3022,1.2545,1.3339,1.4844,1.6455,1.786,1.8983,1.9851,2.0516,2.1029,2.1429,2.1746,2.1999,2.2206,2.2377,2.2521,2.2643,2.275,2.2844,2.2928,2.3006,2.6527,2.634,2.6103,2.5806,2.5448,2.5033,2.4582,2.4112,2.3608,2.2975,2.2042,2.0599,1.8434,1.542,1.1838,0.8908,0.8299,1.0117,1.2864,1.5367,1.7289,1.8684,1.969,2.0424,2.097,2.1385,2.1707,2.1962,2.2167,2.2336,2.2477,2.2598,2.2702,2.2795,2.2879,2.2955,2.6761,2.658,2.6335,2.6012,2.5598,2.5096,2.4546,2.4024,2.358,2.3097,2.2284,2.0796,1.8268,1.4281,0.8784,0.3692,0.2946,0.6665,1.1195,1.4673,1.703,1.8603,1.9674,2.0427,2.0973,2.1381,2.1695,2.1942,2.2139,2.2302,2.2437,2.2553,2.2654,2.2744,2.2826,2.2902,2.7032,2.6865,2.6622,2.6274,2.5788,2.5139,2.4361,2.3641,2.3256,2.312,2.2663,2.1369,1.8836,1.4463,0.7706,0.0629,-0.0245,0.5224,1.0938,1.4822,1.7252,1.8795,1.9817,2.0524,2.1033,2.1413,2.1705,2.1934,2.2119,2.227,2.2398,2.2507,2.2603,2.269,2.277,2.2845,2.7343,2.7206,2.6985,2.6635,2.6089,2.5253,2.4064,2.2772,2.23,2.2879,2.312,2.2259,2.0161,1.65,1.0903,0.5007,0.4023,0.8242,1.2809,1.5959,1.7951,1.923,2.0089,2.0692,2.1133,2.1466,2.1725,2.1931,2.2098,2.2237,2.2354,2.2455,2.2546,2.2629,2.2706,2.278,2.7693,2.7607,2.7441,2.7142,2.6616,2.5693,2.4123,2.1953,2.1083,2.2728,2.3786,2.3344,2.1813,1.9356,1.6075,1.2939,1.2018,1.3586,1.5811,1.7615,1.8889,1.9778,2.0414,2.0884,2.1242,2.1521,2.1743,2.1923,2.207,2.2194,2.23,2.2394,2.2479,2.2558,2.2633,2.2707,2.8074,2.8062,2.7991,2.7815,2.7446,2.6727,2.5406,2.347,2.2683,2.4211,2.5052,2.4545,2.3287,2.1654,1.9863,1.8295,1.7519,1.7682,1.8345,1.9084,1.9734,2.0267,2.0698,2.1046,2.1327,2.1556,2.1743,2.1898,2.2027,2.2137,2.2232,2.2318,2.2397,2.2473,2.2547,2.2622,2.8471,2.855,2.8606,2.8612,2.8519,2.8251,2.7736,2.7122,2.7019,2.7309,2.6879,2.5698,2.4257,2.2886,2.1715,2.0769,2.0104,1.9776,1.9755,1.9945,2.0241,2.0562,2.0863,2.1128,2.1356,2.1548,2.1709,2.1844,2.1958,2.2056,2.2142,2.2221,2.2296,2.237,2.2445,2.2522,2.8862,2.9037,2.9232,2.9443,2.9662,2.9867,3.004,3.0266,3.0763,3.0628,2.8794,2.6515,2.4494,2.2983,2.208,2.1493,2.0903,2.0341,2.0038,2.0075,2.0311,2.0595,2.0862,2.1099,2.1305,2.1482,2.163,2.1753,2.1856,2.1945,2.2024,2.2098,2.217,2.2244,2.2321,2.2403,2.9221,2.9484,2.9805,3.0204,3.0706,3.1316,3.1949,3.2382,3.3112,3.3572,3.0166,2.6735,2.3829,2.1737,2.121,2.125,2.0672,1.9631,1.9134,1.9436,1.9951,2.0368,2.0682,2.094,2.1159,2.1343,2.1493,2.1613,2.1712,2.1795,2.1871,2.1942,2.2013,2.2089,2.2171,2.2261,2.9525,2.9855,3.027,3.0807,3.152,3.247,3.3624,3.4381,3.3631,3.2811,2.9976,2.6605,2.2682,1.8553,1.9235,2.0748,1.9854,1.7136,1.6504,1.8089,1.93,1.9924,2.0311,2.0629,2.0904,2.1124,2.1291,2.1416,2.1515,2.1599,2.1673,2.1745,2.1818,2.1898,2.1989,2.2092,2.9761,3.0129,3.0591,3.1189,3.1989,3.3085,3.4551,3.5945,3.4856,3.2294,2.9739,2.7307,2.41,1.7547,1.8615,2.1114,1.9288,1.2942,1.2772,1.6956,1.8657,1.9233,1.9665,2.0125,2.0527,2.0819,2.1014,2.1149,2.1254,2.1344,2.1424,2.1498,2.1575,2.1663,2.1767,2.189,2.9923,3.03,3.0763,3.1344,3.2086,3.3037,3.418,3.5158,3.4489,3.242,3.0548,2.8474,2.7418,2.3509,2.3534,2.2558,2.0339,1.6312,1.5473,1.756,1.7808,1.7814,1.8493,1.9372,2.0036,2.0428,2.0645,2.0789,2.0911,2.1021,2.1114,2.1194,2.1274,2.1371,2.1496,2.1648,3.0018,3.0381,3.0812,3.1325,3.1931,3.2619,3.3294,3.3677,3.3444,3.3159,3.3157,3.221,3.0582,3.3292,2.7235,2.2536,1.897,2.0445,1.9816,1.7876,1.4609,1.4247,1.6478,1.8439,1.9503,1.9952,2.0141,2.0288,2.0456,2.0618,2.074,2.0822,2.0899,2.1008,2.1164,2.1361,3.0056,3.0393,3.0778,3.1213,3.1693,3.2188,3.2638,3.2988,3.3426,3.474,3.7569,3.8011,3.5502,3.235,2.9389,2.4518,2.1079,2.3129,2.2591,1.6465,0.5892,0.7662,1.4313,1.7807,1.9069,1.9325,1.9364,1.9546,1.9854,2.0139,2.0309,2.0377,2.043,2.055,2.0759,2.1028,3.0051,3.0358,3.0698,3.1069,3.1463,3.1867,3.2275,3.2743,3.3508,3.5054,3.7294,3.7018,3.7925,3.8243,3.261,2.9164,2.753,2.8442,2.8259,1.9943,0.5141,0.7502,1.4994,1.8189,1.8726,1.8235,1.7976,1.8391,1.9088,1.9629,1.9856,1.9851,1.9833,1.9973,2.0277,2.066,3.0015,3.0292,3.0594,3.0917,3.126,3.1621,3.2018,3.251,3.3211,3.4191,3.5147,3.5838,3.8197,3.8576,3.4798,3.3246,3.1918,3.4242,3.7726,2.9803,2.0381,1.7604,1.8946,1.9388,1.8067,1.5964,1.5343,1.668,1.8262,1.9206,1.9448,1.9244,1.9087,1.9289,1.9759,2.0302,2.9956,3.0207,3.0476,3.0763,3.1068,3.1396,3.1764,3.2202,3.2744,3.3372,3.3992,3.4632,3.5415,3.5642,3.6906,3.7724,3.4347,3.5142,3.7078,3.4937,2.9454,2.4876,2.2627,2.0586,1.7066,1.2247,1.1254,1.4985,1.7829,1.9076,1.9189,1.865,1.8325,1.8657,1.9338,2.0043,2.988,3.0107,3.0348,3.0604,3.0876,3.1169,3.1492,3.1856,3.2267,3.2707,3.3146,3.358,3.4026,3.4674,3.6348,3.6833,3.4609,3.485,3.8478,4.0189,3.3363,2.813,2.4952,2.1962,1.771,1.1941,1.0775,1.604,1.857,1.9417,1.924,1.8451,1.8044,1.8453,1.9227,1.9994,2.9792,2.9996,3.0212,3.044,3.068,3.0936,3.121,3.1506,3.1821,3.2143,3.2461,3.2773,3.3114,3.359,3.4197,3.4227,3.3668,3.4113,3.6161,3.6478,3.251,2.889,2.6571,2.3928,2.0691,1.8867,2.09,2.0924,2.0357,2.0176,1.9724,1.8993,1.8617,1.8902,1.9533,2.02,2.9693,2.9877,3.0069,3.027,3.048,3.0699,3.0928,3.1166,3.1409,3.165,3.1881,3.2104,3.2332,3.2575,3.2761,3.273,3.2581,3.2716,3.3042,3.2432,3.0449,2.8923,2.8225,2.6073,2.3278,2.2419,2.3841,2.3006,2.1662,2.0996,2.0465,1.9921,1.9621,1.9731,2.0122,2.0604,2.9586,2.9751,2.9921,3.0097,3.0278,3.0463,3.0652,3.0842,3.1029,3.1208,3.1373,3.1523,3.1654,3.1756,3.179,3.1722,3.1589,3.1454,3.119,3.0473,2.9419,2.9082,2.917,2.732,2.4745,2.3317,2.3119,2.2786,2.2158,2.1633,2.1189,2.0802,2.0574,2.0581,2.0787,2.1096,2.9474,2.962,2.977,2.9922,3.0077,3.0232,3.0386,3.0536,3.0678,3.0808,3.0921,3.1011,3.1073,3.1094,3.1056,3.0947,3.0768,3.0512,3.0121,2.9538,2.8933,2.87,2.8459,2.7185,2.5384,2.4027,2.3327,2.2912,2.2523,2.2151,2.1813,2.1529,2.135,2.1312,2.1407,2.1591]}]