docs/data/wind_grid.json
[{"header":{"la1":42.85,"la2":41.18,"lo1":11.55,"lo2":14.05,"nx":36,"ny":24,"dx":0.07143,"dy":0.07261,"parameterCategory":2,"parameterNumber":2,"parameterNumberName":"eastward_wind","parameterUnit":"m.s-1"},"data":[1.9176,1.8693,1.8143,1.7538,1.6914,1.6326,1.5851,1.5572,1.5544,1.5776,1.6218,1.6796,1.7435,1.8087,1.8721,1.9319,1.9856,2.03,2.0614,2.0768,2.076,2.0614,2.0373,2.0081,1.9771,1.9471,1.9197,1.8957,1.8755,1.8594,1.847,1.8381,1.8322,1.8289,1.8278,1.8284,1.9228,1.8658,1.7975,1.7187,1.6325,1.5465,1.473,1.4275,1.422,1.4581,1.5258,1.6101,1.6986,1.7852,1.8678,1.9461,2.0183,2.0793,2.1219,2.1401,2.1331,2.1065,2.068,2.0249,1.9821,1.9426,1.908,1.8789,1.8554,1.8374,1.8243,1.8155,1.8103,1.8082,1.8084,1.8105,1.9372,1.8716,1.7886,1.6865,1.5667,1.4376,1.3183,1.2386,1.2265,1.287,1.3967,1.5235,1.6467,1.76,1.8656,1.9676,2.0664,2.1546,2.2165,2.2379,2.2176,2.1685,2.1064,2.0429,1.9842,1.9329,1.8899,1.8553,1.8287,1.8093,1.7961,1.7882,1.7846,1.7843,1.7864,1.7905,1.9651,1.8928,1.7953,1.6663,1.5016,1.3055,1.1028,0.9511,0.9223,1.0339,1.2244,1.4208,1.5906,1.7342,1.8642,1.9948,2.1332,2.2694,2.369,2.3937,2.3428,2.2507,2.1504,2.0583,1.9794,1.9143,1.8622,1.8223,1.7931,1.7733,1.7613,1.7555,1.7544,1.7568,1.7618,1.7685,2.0108,1.9368,1.8292,1.6745,1.4569,1.1647,0.8128,0.5003,0.4241,0.6553,1.0078,1.3131,1.5386,1.7095,1.8596,2.0197,2.2143,2.4395,2.6205,2.6457,2.5215,2.3492,2.1916,2.0631,1.9612,1.8814,1.8205,1.7761,1.7459,1.7275,1.7183,1.7163,1.7193,1.7258,1.7345,1.7445,2.0785,2.0118,1.9049,1.7353,1.4715,1.0701,0.4922,-0.1599,-0.3718,0.145,0.7921,1.2327,1.5039,1.6873,1.8433,2.0227,2.2803,2.6516,3.0054,3.0161,2.7328,2.4353,2.2099,2.0446,1.9208,1.8274,1.7591,1.7123,1.6835,1.6693,1.6659,1.67,1.679,1.691,1.7046,1.7189,2.1703,2.1243,2.0364,1.876,1.598,1.1336,0.3738,-0.6908,-1.1354,-0.1967,0.723,1.2258,1.4975,1.666,1.8049,1.976,2.2593,2.7525,3.3179,3.2989,2.8363,2.4428,2.1763,1.9881,1.848,1.7437,1.6704,1.6246,1.6017,1.5962,1.6025,1.6161,1.6337,1.6531,1.6728,1.6921,2.2842,2.2759,2.2333,2.1162,1.8701,1.4395,0.7641,-0.1198,-0.4691,0.2286,0.9062,1.2958,1.5112,1.6382,1.7375,1.8671,2.1015,2.5126,2.9809,3.0006,2.6505,2.3212,2.0749,1.884,1.7328,1.6191,1.5439,1.505,1.4952,1.5054,1.5274,1.555,1.5841,1.6127,1.6398,1.6648,2.4108,2.4582,2.4944,2.4632,2.277,1.9101,1.4234,0.9321,0.6922,0.8158,1.1086,1.3688,1.5179,1.5916,1.6398,1.7126,1.8865,2.1491,2.3932,2.4516,2.3196,2.1232,1.9219,1.7307,1.5627,1.4362,1.3632,1.3416,1.3576,1.395,1.441,1.4879,1.5319,1.5716,1.6068,1.638,2.5313,2.6434,2.7917,2.906,2.7813,2.4004,1.9745,1.4717,0.8433,0.627,1.0571,1.3946,1.4944,1.5082,1.5322,1.5499,1.7282,1.945,2.0926,2.1374,2.0778,1.9389,1.7466,1.5256,1.3146,1.1627,1.1001,1.1178,1.183,1.2651,1.3461,1.4183,1.48,1.5319,1.5757,1.613,2.6197,2.7768,3.0195,3.2995,3.2289,2.7941,2.4879,1.9315,0.2265,-0.5916,0.903,1.4487,1.423,1.3013,1.4192,1.5191,1.7053,1.9194,2.0276,2.0341,1.9584,1.8021,1.5623,1.2524,0.9378,0.7333,0.7064,0.8134,0.9699,1.1219,1.25,1.3522,1.4328,1.4966,1.5482,1.5909,2.6592,2.8123,3.0345,3.271,3.2216,3.0161,3.146,3.2344,1.7564,0.5697,1.4001,1.6653,1.3241,0.7052,0.9545,1.4653,1.8009,2.0593,2.1281,2.0531,1.9187,1.7067,1.372,0.8842,0.3375,0.0247,0.1137,0.4204,0.7345,0.9833,1.1659,1.2983,1.3956,1.4689,1.5263,1.5728,2.6574,2.7737,2.9121,3.024,3.0476,3.1546,3.6139,4.2794,3.6229,2.3954,2.1134,2.1141,1.6862,0.4896,0.7501,1.5358,1.9569,2.2932,2.303,2.1038,1.9066,1.6429,1.2048,0.4477,-0.5689,-1.0986,-0.6844,0.0022,0.5321,0.8829,1.1124,1.2663,1.3734,1.4512,1.5108,1.5591,2.6359,2.7187,2.8061,2.8847,2.9695,3.1496,3.5083,3.9095,3.5979,2.809,2.4975,2.558,2.5023,1.5238,1.6627,1.9139,2.1323,2.2472,2.2431,2.0838,1.873,1.6079,1.1448,0.1934,-1.3534,-2.161,-1.2782,-0.2164,0.4601,0.8606,1.106,1.2631,1.3684,1.4435,1.5014,1.5492,2.6105,2.6724,2.7377,2.8067,2.8936,3.0242,3.1927,3.2835,3.1115,2.8563,2.7804,2.7368,2.661,3.2814,2.3219,2.2773,2.3736,2.2909,2.2077,2.0209,1.7623,1.5718,1.2444,0.4541,-0.8359,-1.5454,-0.8754,0.0011,0.5796,0.9311,1.1489,1.2868,1.3775,1.4425,1.4949,1.541,2.5867,2.6357,2.688,2.745,2.811,2.8869,2.9537,2.9682,2.9227,2.9444,3.1623,3.2038,3.0094,2.8219,2.5801,2.436,2.4078,2.3995,2.3062,1.9587,1.4326,1.4402,1.4004,0.9541,0.2984,-0.0832,0.0885,0.4765,0.8153,1.06,1.2232,1.3253,1.3902,1.4397,1.4859,1.5316,2.5651,2.6052,2.6475,2.6924,2.7394,2.7852,2.8205,2.8385,2.8606,2.9535,3.135,3.1009,3.1037,3.104,2.8033,2.6634,2.6127,2.664,2.6489,2.1753,1.4136,1.4715,1.5592,1.3101,0.9507,0.7089,0.6887,0.8314,1.0254,1.192,1.3012,1.3572,1.3875,1.4212,1.4669,1.5181,2.5457,2.579,2.6136,2.649,2.6842,2.7171,2.7455,2.7717,2.8091,2.8732,2.9428,2.982,3.1083,3.144,3.0431,3.0245,2.9031,3.0453,3.2988,2.7567,2.1692,1.9183,1.7778,1.5102,1.1384,0.7913,0.7064,0.9097,1.1484,1.3025,1.3633,1.3559,1.3422,1.3718,1.4338,1.5015,2.528,2.5562,2.585,2.6141,2.6426,2.6699,2.6962,2.7242,2.7591,2.8032,2.8503,2.9012,2.9744,3.0811,3.4542,3.6208,3.1385,3.1129,3.2502,3.0972,2.6844,2.297,1.9973,1.6385,1.0856,0.3127,0.1488,0.8161,1.2579,1.4183,1.4113,1.3074,1.2438,1.2982,1.3991,1.4911,2.512,2.5362,2.5609,2.5856,2.61,2.6342,2.6588,2.6853,2.7159,2.7513,2.7914,2.8406,2.9144,3.0645,3.3864,3.4834,3.1529,3.0928,3.3732,3.5168,2.9539,2.5188,2.1991,1.8249,1.2419,0.297,0.0903,1.131,1.5279,1.5912,1.4899,1.2903,1.191,1.2731,1.4003,1.5039,2.4972,2.5184,2.5399,2.5615,2.5832,2.605,2.6276,2.6518,2.6787,2.7091,2.7446,2.7894,2.8538,2.9547,3.078,3.1036,3.0197,3.0216,3.1786,3.2072,2.9029,2.6449,2.4427,2.1368,1.7808,1.6842,2.2638,2.2023,1.9589,1.8302,1.6604,1.4449,1.3311,1.373,1.4668,1.551,2.4835,2.5023,2.5213,2.5405,2.5599,2.5796,2.6,2.6217,2.6454,2.6718,2.7021,2.7389,2.7856,2.8419,2.8918,2.9053,2.8893,2.894,2.9245,2.8992,2.8141,2.8299,2.8079,2.4904,2.2166,2.4037,3.0151,2.6665,2.2265,2.064,1.8827,1.6887,1.5664,1.5444,1.5774,1.6236,2.4706,2.4874,2.5044,2.5215,2.5389,2.5566,2.5749,2.5941,2.6146,2.637,2.6618,2.6899,2.7213,2.753,2.7772,2.7858,2.7826,2.7799,2.7775,2.7677,2.8003,2.9822,3.0494,2.6952,2.3989,2.4048,2.5381,2.4016,2.2847,2.2226,2.0533,1.8783,1.7566,1.7001,1.6902,1.7031,2.4583,2.4734,2.4886,2.5039,2.5195,2.5352,2.5514,2.5682,2.5857,2.6041,2.6238,2.6444,2.6651,2.6837,2.6965,2.701,2.6985,2.6929,2.6874,2.6917,2.7391,2.8472,2.8564,2.6447,2.4306,2.3485,2.3326,2.2915,2.2867,2.247,2.1178,1.9801,1.8754,1.812,1.7826,1.7751]},{"header":{"la1":42.85,"la2":41.18,"lo1":11.55,"lo2":14.05,"nx":36,"ny":24,"dx":0.07143,"dy":0.07261,"parameterCategory":2,"parameterNumber":3,"parameterNumberName":"northward_wind","parameterUnit":"m.s-1"},"data":[0.313,0.286,0.2543,0.2185,0.1798,0.1408,0.1049,0.0755,0.0547,0.042,0.0346,0.0287,0.0209,0.0093,-0.0063,-0.0251,-0.045,-0.0633,-0.0771,-0.0842,-0.0841,-0.0776,-0.0666,-0.0529,-0.0381,-0.0229,-0.0077,0.0074,0.0224,0.0372,0.0519,0.0665,0.0809,0.0949,0.1086,0.1218,0.3279,0.2975,0.2602,0.2159,0.1661,0.1143,0.066,0.0281,0.0054,-0.0026,-0.0019,-0.0,-0.003,-0.0134,-0.0314,-0.0554,-0.0825,-0.1082,-0.1273,-0.1359,-0.1331,-0.1213,-0.1042,-0.085,-0.0655,-0.0468,-0.0287,-0.0113,0.0056,0.0224,0.0389,0.0552,0.0712,0.0868,0.1018,0.1163,0.3488,0.3154,0.2717,0.2167,0.1511,0.0787,0.0087,-0.0451,-0.0707,-0.0679,-0.0499,-0.0331,-0.0273,-0.0355,-0.0568,-0.0887,-0.1272,-0.1656,-0.194,-0.2044,-0.1957,-0.1739,-0.1469,-0.1198,-0.0947,-0.0719,-0.051,-0.0313,-0.0122,0.0066,0.0251,0.0434,0.0612,0.0786,0.0952,0.1111,0.3779,0.3427,0.2931,0.2257,0.1385,0.0335,-0.0767,-0.1642,-0.1962,-0.1682,-0.1139,-0.0693,-0.0497,-0.055,-0.0809,-0.124,-0.1804,-0.2412,-0.2873,-0.2994,-0.2768,-0.2363,-0.1937,-0.1561,-0.1246,-0.098,-0.0745,-0.0526,-0.0315,-0.0105,0.0103,0.0309,0.051,0.0703,0.0888,0.1062,0.4177,0.3837,0.3307,0.2515,0.1381,-0.0147,-0.1988,-0.364,-0.4153,-0.3258,-0.1944,-0.1033,-0.0659,-0.0693,-0.1016,-0.1584,-0.2403,-0.3407,-0.4231,-0.4351,-0.38,-0.3054,-0.2407,-0.1914,-0.1543,-0.1249,-0.0997,-0.0762,-0.0529,-0.0294,-0.0058,0.0176,0.0403,0.0621,0.0827,0.1018,0.4707,0.4432,0.3927,0.3072,0.1704,-0.0387,-0.3385,-0.6748,-0.7881,-0.5485,-0.2711,-0.1203,-0.0698,-0.0766,-0.1172,-0.1863,-0.2949,-0.4553,-0.6096,-0.6145,-0.4921,-0.3678,-0.2801,-0.2223,-0.183,-0.1536,-0.1282,-0.1035,-0.0778,-0.0511,-0.0238,0.0033,0.0294,0.054,0.077,0.0981,0.5381,0.5253,0.4882,0.4091,0.2643,0.0205,-0.3773,-0.9339,-1.1658,-0.6946,-0.2731,-0.0978,-0.0573,-0.0791,-0.1302,-0.2032,-0.3185,-0.5179,-0.7493,-0.7414,-0.5521,-0.3973,-0.3029,-0.2471,-0.2122,-0.1867,-0.1631,-0.1373,-0.1083,-0.0768,-0.0442,-0.0122,0.0182,0.0464,0.072,0.0953,0.6188,0.6323,0.6251,0.5715,0.4415,0.2119,-0.1437,-0.6126,-0.8003,-0.4357,-0.1337,-0.03,-0.034,-0.0858,-0.1525,-0.2195,-0.3054,-0.4519,-0.6248,-0.6312,-0.4988,-0.3821,-0.3097,-0.2695,-0.2472,-0.2305,-0.2104,-0.1826,-0.1475,-0.1081,-0.0677,-0.0287,0.0072,0.0395,0.0682,0.0936,0.7071,0.7603,0.8071,0.8067,0.7028,0.4968,0.248,0.0216,-0.0623,0.006,0.0644,0.0528,-0.0144,-0.1098,-0.2064,-0.2659,-0.3041,-0.3728,-0.4466,-0.4604,-0.4121,-0.3536,-0.3148,-0.3001,-0.2994,-0.2973,-0.281,-0.247,-0.1998,-0.1467,-0.0941,-0.0457,-0.0029,0.0341,0.066,0.0934,0.7895,0.8909,1.0213,1.1229,1.0405,0.7898,0.5724,0.4183,0.306,0.2514,0.2086,0.1186,-0.0113,-0.1528,-0.3006,-0.3614,-0.342,-0.3893,-0.432,-0.426,-0.3865,-0.3474,-0.3343,-0.3531,-0.3879,-0.409,-0.3938,-0.3421,-0.2697,-0.1931,-0.1223,-0.0613,-0.0106,0.0313,0.066,0.0951,0.8457,0.9823,1.1902,1.4284,1.3688,1.0074,0.811,0.6714,0.3673,0.2372,0.2887,0.1644,-0.0371,-0.2197,-0.3263,-0.3757,-0.3997,-0.5359,-0.5994,-0.5271,-0.4244,-0.3643,-0.3712,-0.444,-0.5465,-0.6084,-0.5813,-0.4829,-0.3598,-0.2443,-0.1483,-0.0726,-0.0138,0.032,0.0686,0.0986,0.8612,0.9926,1.185,1.3941,1.3373,1.0686,1.0298,1.0695,0.7142,0.4165,0.3909,0.2302,-0.0862,-0.4585,-0.4128,-0.3584,-0.546,-0.9882,-1.0782,-0.7454,-0.4821,-0.3749,-0.4124,-0.5875,-0.8359,-0.9767,-0.892,-0.6784,-0.4621,-0.2901,-0.1644,-0.0746,-0.0103,0.0372,0.0739,0.1037,0.8414,0.9374,1.0508,1.1348,1.1045,1.0521,1.1682,1.3902,1.1768,0.7489,0.5374,0.4232,0.1179,-0.5533,-0.4689,-0.343,-0.712,-1.8175,-1.8282,-0.9136,-0.4665,-0.3306,-0.4233,-0.7699,-1.3199,-1.6156,-1.3432,-0.8946,-0.5427,-0.3091,-0.1592,-0.0626,0.0014,0.0463,0.0805,0.109,0.8057,0.8677,0.9278,0.966,0.9756,1.0063,1.116,1.2563,1.1407,0.8312,0.669,0.6657,0.6016,-0.1802,-0.0561,-0.2781,-0.6611,-1.2527,-1.2962,-0.6541,-0.2789,-0.1856,-0.342,-0.8483,-1.763,-2.2611,-1.6901,-0.9878,-0.536,-0.2739,-0.1226,-0.0344,0.0193,0.0559,0.0853,0.1119,0.7691,0.8099,0.8467,0.8744,0.8971,0.9317,0.9848,1.0141,0.9459,0.8478,0.8304,0.8339,0.7694,1.2737,0.3209,-0.4503,-1.0943,-0.6463,-0.4368,-0.157,0.0505,0.0627,-0.1302,-0.6052,-1.402,-1.8505,-1.3883,-0.7823,-0.3909,-0.1714,-0.0549,0.0038,0.0348,0.0577,0.0817,0.1084,0.7376,0.7665,0.7927,0.8153,0.8363,0.8593,0.8806,0.8851,0.8725,0.8967,0.9918,1.307,1.128,0.8888,0.4909,-0.2152,-0.7386,-0.2488,0.0845,0.245,0.3474,0.3086,0.1224,-0.187,-0.5792,-0.7912,-0.6356,-0.3538,-0.1414,-0.022,0.0265,0.033,0.0286,0.0358,0.0596,0.0933,0.7117,0.7336,0.7539,0.7723,0.7893,0.8052,0.8188,0.8296,0.8497,0.9072,0.9934,1.1131,1.2968,1.3299,0.761,0.3701,0.2162,0.4453,0.6694,0.5613,0.4146,0.3925,0.3018,0.1498,0.0082,-0.044,0.0002,0.0728,0.1252,0.1336,0.0908,0.0186,-0.034,-0.0341,0.0074,0.0632,0.6905,0.708,0.7244,0.7397,0.754,0.7675,0.7812,0.7981,0.8265,0.8753,0.9419,1.0421,1.3053,1.3386,0.9131,0.7401,0.7056,1.0477,1.408,0.992,0.6785,0.5453,0.4647,0.3914,0.3611,0.3883,0.4111,0.3952,0.3553,0.2689,0.1103,-0.0858,-0.2008,-0.1753,-0.0777,0.0225,0.6729,0.6874,0.7013,0.7145,0.7272,0.74,0.7542,0.7724,0.7985,0.8355,0.8837,0.948,1.0211,1.0002,0.957,0.9726,0.8991,1.1414,1.3755,1.3041,1.0074,0.7636,0.6354,0.5738,0.5663,0.5885,0.5975,0.6005,0.5494,0.397,0.1001,-0.2837,-0.4701,-0.359,-0.1641,-0.0075,0.6582,0.6706,0.6827,0.6944,0.706,0.7182,0.7319,0.7486,0.7702,0.7972,0.8291,0.8631,0.8887,0.8973,0.9337,0.9519,0.9418,1.1335,1.5701,1.7527,1.2309,0.917,0.7782,0.7174,0.6984,0.6553,0.6463,0.7799,0.7572,0.5752,0.1801,-0.3582,-0.5985,-0.4227,-0.1731,0.0075,0.6457,0.6566,0.6672,0.6778,0.6885,0.6998,0.7123,0.7269,0.744,0.7638,0.7852,0.8059,0.8234,0.84,0.8632,0.8842,0.9318,1.0877,1.3565,1.4305,1.1675,0.9781,0.8973,0.8467,0.8488,0.939,1.1415,1.1214,1.0343,0.8665,0.4807,-0.0288,-0.2957,-0.2214,-0.051,0.0866,0.6348,0.6445,0.6541,0.6637,0.6735,0.6838,0.695,0.7074,0.7212,0.7362,0.7518,0.7671,0.7819,0.7978,0.8175,0.8446,0.895,0.9867,1.0908,1.1133,1.0491,1.0325,1.0295,0.9604,0.9672,1.1329,1.3567,1.3229,1.4095,1.3169,0.9317,0.4795,0.1885,0.1152,0.1524,0.2109,0.6253,0.6341,0.6428,0.6515,0.6605,0.6698,0.6796,0.6903,0.7017,0.7137,0.7262,0.7388,0.7521,0.7671,0.7859,0.8122,0.8515,0.9045,0.9552,0.982,1.0063,1.0835,1.1107,1.0197,1.0129,1.1324,1.2901,1.5541,2.0313,1.8574,1.3365,0.8729,0.5637,0.4078,0.3521,0.3426,0.6169,0.6248,0.6328,0.6408,0.6489,0.6573,0.6661,0.6754,0.6851,0.6953,0.706,0.7171,0.7293,0.7434,0.7609,0.7838,0.8136,0.8491,0.8849,0.919,0.9644,1.0267,1.0443,1.0056,1.0173,1.1189,1.3103,1.6856,2.1124,1.9463,1.4745,1.0644,0.7778,0.6014,0.504,0.4543]}]