docs/data/wind_grid.json
[{"header":{"la1":42.85,"la2":41.18,"lo1":11.55,"lo2":14.05,"nx":36,"ny":24,"dx":0.07143,"dy":0.07261,"parameterCategory":2,"parameterNumber":2,"parameterNumberName":"eastward_wind","parameterUnit":"m.s-1"},"data":[-0.3767,-0.3747,-0.3708,-0.3651,-0.358,-0.3503,-0.3427,-0.3361,-0.3313,-0.3286,-0.3282,-0.3298,-0.333,-0.3373,-0.3415,-0.3435,-0.3404,-0.3282,-0.3036,-0.2662,-0.2212,-0.1781,-0.1463,-0.1294,-0.1242,-0.1257,-0.1292,-0.1326,-0.1348,-0.136,-0.1363,-0.1361,-0.1356,-0.135,-0.1345,-0.1341,-0.3905,-0.3885,-0.3839,-0.3766,-0.3672,-0.3565,-0.346,-0.3372,-0.3312,-0.3286,-0.3294,-0.3332,-0.3396,-0.3483,-0.3583,-0.3671,-0.3703,-0.3607,-0.3297,-0.2736,-0.2005,-0.1319,-0.0888,-0.076,-0.0827,-0.0959,-0.1083,-0.1173,-0.1229,-0.1261,-0.1276,-0.1282,-0.1283,-0.1282,-0.1282,-0.1282,-0.4071,-0.4055,-0.4002,-0.3909,-0.3779,-0.3628,-0.3476,-0.335,-0.3273,-0.325,-0.3277,-0.3344,-0.345,-0.3595,-0.3777,-0.3979,-0.4145,-0.4151,-0.3797,-0.2918,-0.1618,-0.04,0.0182,0.0106,-0.0252,-0.0605,-0.086,-0.102,-0.1112,-0.1161,-0.1187,-0.1199,-0.1206,-0.1211,-0.1215,-0.122,-0.4273,-0.4269,-0.4213,-0.4096,-0.3917,-0.3693,-0.346,-0.3269,-0.3166,-0.3158,-0.3219,-0.3328,-0.3483,-0.3695,-0.3983,-0.4356,-0.4784,-0.509,-0.4839,-0.3468,-0.0938,0.1513,0.2207,0.143,0.0444,-0.0252,-0.0663,-0.0887,-0.1005,-0.1065,-0.1096,-0.1113,-0.1125,-0.1135,-0.1145,-0.1156,-0.4517,-0.454,-0.4494,-0.4355,-0.4111,-0.3774,-0.3397,-0.3078,-0.2934,-0.298,-0.3113,-0.3279,-0.3485,-0.3765,-0.4165,-0.4758,-0.5622,-0.6668,-0.7107,-0.5226,-0.0192,0.5196,0.5538,0.2955,0.1005,-0.0035,-0.0548,-0.0796,-0.0914,-0.0971,-0.1002,-0.1021,-0.1038,-0.1054,-0.1071,-0.1089,-0.4808,-0.4881,-0.4871,-0.4729,-0.4411,-0.3915,-0.3299,-0.2715,-0.2498,-0.2707,-0.2974,-0.3204,-0.3456,-0.3788,-0.4272,-0.5056,-0.645,-0.8891,-1.1669,-0.999,-0.1578,0.7598,0.7325,0.3246,0.0934,-0.0103,-0.0555,-0.0749,-0.0833,-0.0873,-0.0899,-0.0921,-0.0944,-0.0969,-0.0995,-0.1021,-0.5136,-0.5286,-0.5352,-0.5253,-0.4884,-0.4213,-0.3318,-0.237,-0.2041,-0.249,-0.2855,-0.3114,-0.3395,-0.3761,-0.4273,-0.5091,-0.6696,-1.0241,-1.6348,-1.5446,-0.5818,0.1206,0.2723,0.1216,0.0087,-0.0437,-0.0643,-0.0714,-0.074,-0.0757,-0.0778,-0.0807,-0.0841,-0.0877,-0.0915,-0.0952,-0.5479,-0.5714,-0.585,-0.5838,-0.5522,-0.474,-0.3698,-0.2732,-0.2366,-0.2544,-0.2753,-0.2992,-0.33,-0.3713,-0.4241,-0.4905,-0.6062,-0.8535,-1.2105,-1.1125,-0.6686,-0.4132,-0.2012,-0.1134,-0.0894,-0.0781,-0.0688,-0.0623,-0.0595,-0.06,-0.063,-0.0675,-0.0727,-0.0782,-0.0835,-0.0885,-0.5815,-0.6126,-0.6174,-0.6009,-0.6119,-0.5425,-0.4265,-0.324,-0.2572,-0.2317,-0.2468,-0.2784,-0.3152,-0.3684,-0.4419,-0.4946,-0.5316,-0.6216,-0.7211,-0.6969,-0.6746,-0.6166,-0.3886,-0.2267,-0.1363,-0.0841,-0.0541,-0.0395,-0.0355,-0.0383,-0.0446,-0.0524,-0.0606,-0.0686,-0.0758,-0.0823,-0.6136,-0.6654,-0.6962,-0.7022,-0.7495,-0.6354,-0.4784,-0.3292,-0.165,-0.0995,-0.1813,-0.2486,-0.289,-0.355,-0.5143,-0.6017,-0.5109,-0.5099,-0.5397,-0.5597,-0.6053,-0.5544,-0.3766,-0.2216,-0.1133,-0.0442,-0.0076,0.0043,0.0011,-0.0095,-0.0227,-0.0361,-0.0485,-0.0596,-0.0691,-0.0772,-0.6369,-0.7254,-0.8767,-1.1566,-1.0995,-0.7444,-0.5368,-0.3636,0.0189,0.2045,-0.1151,-0.2259,-0.2435,-0.2733,-0.4531,-0.5911,-0.4784,-0.4829,-0.494,-0.4727,-0.4455,-0.3831,-0.2658,-0.1346,-0.0208,0.0544,0.0818,0.0742,0.0513,0.0252,0.001,-0.02,-0.0377,-0.0523,-0.0642,-0.0739,-0.6356,-0.7339,-0.9013,-1.137,-1.0704,-0.7457,-0.6167,-0.5882,-0.279,-0.0316,-0.1849,-0.2288,-0.1904,-0.1056,-0.1909,-0.3405,-0.4329,-0.5764,-0.599,-0.4655,-0.3484,-0.2488,-0.1351,0.0026,0.1456,0.2328,0.2268,0.1708,0.1109,0.0615,0.0231,-0.0068,-0.0302,-0.0484,-0.0625,-0.0732,-0.6059,-0.6793,-0.7732,-0.8464,-0.7937,-0.6744,-0.6747,-0.7938,-0.6486,-0.3742,-0.2836,-0.2443,-0.1983,-0.0531,-0.1169,-0.2754,-0.4256,-0.8828,-0.8931,-0.4834,-0.2661,-0.13,-0.0056,0.1632,0.3909,0.5192,0.4264,0.2778,0.1663,0.0909,0.0382,-0.0001,-0.0287,-0.0498,-0.0652,-0.0763,-0.5607,-0.6048,-0.6462,-0.6634,-0.6393,-0.6099,-0.6368,-0.7081,-0.6285,-0.4281,-0.3225,-0.2465,-0.2292,-0.2894,-0.2465,-0.2446,-0.3516,-0.6132,-0.6399,-0.3398,-0.1125,0.02,0.1179,0.2858,0.6013,0.7909,0.5798,0.3425,0.1946,0.1027,0.0405,-0.004,-0.0362,-0.0589,-0.0743,-0.0842,-0.5138,-0.5383,-0.5563,-0.5606,-0.5512,-0.5428,-0.5492,-0.5494,-0.4897,-0.4018,-0.3582,-0.3399,-0.3481,-0.4707,-0.2992,-0.2562,-0.6164,-0.4166,-0.2863,-0.0612,0.1815,0.2559,0.2419,0.3129,0.52,0.6562,0.5063,0.3135,0.1808,0.0911,0.0263,-0.0218,-0.0561,-0.0785,-0.0915,-0.0981,-0.4713,-0.4846,-0.4925,-0.4929,-0.4871,-0.4792,-0.4703,-0.451,-0.4142,-0.3844,-0.3952,-0.4591,-0.4071,-0.3548,-0.3072,-0.365,-0.5116,-0.2833,-0.0567,0.2414,0.6732,0.6,0.3664,0.305,0.3492,0.3844,0.3289,0.2307,0.1383,0.0601,-0.0051,-0.0569,-0.0929,-0.1122,-0.1188,-0.1185,-0.4344,-0.4413,-0.4442,-0.4423,-0.436,-0.4265,-0.4134,-0.395,-0.3747,-0.3679,-0.3859,-0.3937,-0.3748,-0.3498,-0.2448,-0.2009,-0.1603,0.0045,0.1935,0.3836,0.7607,0.6661,0.4076,0.2988,0.2713,0.2608,0.2278,0.1671,0.0933,0.0186,-0.0526,-0.1137,-0.1525,-0.164,-0.1575,-0.1451,-0.4027,-0.4056,-0.4054,-0.4017,-0.3946,-0.3844,-0.3713,-0.3562,-0.3424,-0.3357,-0.3347,-0.3263,-0.3315,-0.2986,-0.0657,0.0629,0.0971,0.2967,0.4695,0.4479,0.5034,0.4758,0.3696,0.2871,0.252,0.253,0.2311,0.1499,0.0568,-0.0279,-0.1135,-0.1956,-0.2411,-0.2351,-0.2047,-0.1742,-0.375,-0.3753,-0.3731,-0.368,-0.3602,-0.3498,-0.3372,-0.3232,-0.3094,-0.2967,-0.2818,-0.257,-0.2105,-0.0688,0.3308,0.4923,0.2801,0.4,0.554,0.699,0.5756,0.4527,0.3582,0.2808,0.2552,0.3441,0.3612,0.1569,0.0106,-0.0789,-0.175,-0.2883,-0.3443,-0.3087,-0.2471,-0.1981,-0.3508,-0.3492,-0.3454,-0.3393,-0.3309,-0.3202,-0.3074,-0.2929,-0.2769,-0.2581,-0.2328,-0.1926,-0.1183,0.0381,0.3197,0.4237,0.3336,0.4945,0.9894,1.2164,0.7361,0.511,0.3958,0.2875,0.2157,0.326,0.3586,0.0157,-0.0952,-0.1345,-0.207,-0.325,-0.3851,-0.3354,-0.262,-0.2069,-0.3292,-0.3262,-0.3213,-0.3144,-0.3053,-0.2941,-0.2808,-0.2651,-0.2466,-0.2236,-0.1924,-0.1465,-0.0748,0.0347,0.1658,0.2475,0.3093,0.4808,0.7843,0.8928,0.6977,0.5972,0.5222,0.3452,0.1157,-0.1393,-0.5285,-0.4541,-0.2518,-0.1819,-0.1994,-0.2702,-0.3159,-0.2912,-0.2409,-0.1976,-0.31,-0.3059,-0.3001,-0.2924,-0.2827,-0.271,-0.2569,-0.2402,-0.22,-0.1948,-0.1618,-0.1173,-0.0569,0.0198,0.1032,0.1807,0.2671,0.3917,0.5352,0.6168,0.6695,0.834,0.8663,0.5272,0.098,-0.3992,-0.9316,-0.6609,-0.2803,-0.1805,-0.1737,-0.2024,-0.2284,-0.2254,-0.2028,-0.1771,-0.2927,-0.2877,-0.2811,-0.2729,-0.2627,-0.2505,-0.2359,-0.2184,-0.1975,-0.1717,-0.1394,-0.0987,-0.0481,0.0116,0.077,0.1464,0.2247,0.3171,0.4165,0.5217,0.7021,1.0542,1.1632,0.691,0.1849,-0.2255,-0.4683,-0.3324,-0.1317,-0.1292,-0.1445,-0.1591,-0.1726,-0.1754,-0.1674,-0.1545,-0.2771,-0.2714,-0.2643,-0.2555,-0.245,-0.2324,-0.2175,-0.1998,-0.1788,-0.1535,-0.123,-0.0863,-0.0429,0.0068,0.0618,0.1219,0.1886,0.2635,0.3481,0.455,0.6212,0.8432,0.8808,0.588,0.2285,-0.0483,-0.189,-0.1685,-0.1074,-0.1132,-0.1259,-0.1337,-0.1403,-0.143,-0.1407,-0.1348]},{"header":{"la1":42.85,"la2":41.18,"lo1":11.55,"lo2":14.05,"nx":36,"ny":24,"dx":0.07143,"dy":0.07261,"parameterCategory":2,"parameterNumber":3,"parameterNumberName":"northward_wind","parameterUnit":"m.s-1"},"data":[0.1373,0.1559,0.1779,0.2031,0.2303,0.2568,0.279,0.293,0.2959,0.2876,0.271,0.2506,0.2304,0.2133,0.2008,0.1934,0.1911,0.1932,0.1988,0.2064,0.213,0.2148,0.2079,0.1911,0.1666,0.1377,0.1076,0.0783,0.0509,0.0258,0.003,-0.0176,-0.0362,-0.053,-0.068,-0.0815,0.1356,0.1567,0.1835,0.2163,0.2542,0.2938,0.329,0.352,0.3565,0.342,0.3142,0.2817,0.2516,0.2278,0.2118,0.2035,0.2027,0.2085,0.2201,0.2362,0.2529,0.2628,0.2572,0.234,0.1987,0.1588,0.1197,0.0836,0.0513,0.0227,-0.0026,-0.025,-0.0449,-0.0626,-0.0784,-0.0923,0.129,0.1518,0.1833,0.2254,0.2787,0.3396,0.3987,0.4401,0.4485,0.4214,0.3721,0.319,0.2739,0.2411,0.2208,0.2118,0.2132,0.224,0.2435,0.2722,0.3079,0.3357,0.3326,0.2945,0.2386,0.1814,0.13,0.086,0.0485,0.0164,-0.0112,-0.0352,-0.0561,-0.0746,-0.0908,-0.1051,0.1156,0.1378,0.1723,0.2245,0.2985,0.3938,0.4983,0.5803,0.5989,0.5437,0.4508,0.3618,0.2949,0.2511,0.2265,0.2175,0.2222,0.2392,0.2674,0.3115,0.3818,0.4535,0.4535,0.3772,0.2826,0.2004,0.1348,0.0828,0.0407,0.0059,-0.0235,-0.0486,-0.0703,-0.0892,-0.1057,-0.12,0.0937,0.1106,0.1432,0.2027,0.3013,0.448,0.6377,0.8165,0.8651,0.7385,0.5523,0.4041,0.3096,0.2553,0.2277,0.2196,0.2292,0.2556,0.2921,0.3418,0.4606,0.6373,0.6307,0.4655,0.3136,0.2054,0.1284,0.071,0.0261,-0.0101,-0.0402,-0.0658,-0.0877,-0.1067,-0.1232,-0.1375,0.0626,0.0662,0.0859,0.1433,0.264,0.4731,0.7993,1.2004,1.3415,1.0228,0.6533,0.4279,0.3102,0.2512,0.2239,0.2175,0.2326,0.2755,0.3323,0.3552,0.4611,0.745,0.721,0.4779,0.2989,0.1841,0.1057,0.0481,0.0035,-0.0323,-0.062,-0.0872,-0.1088,-0.1276,-0.1438,-0.1577,0.0252,0.0038,-0.0103,0.0244,0.1582,0.4149,0.8545,1.5437,1.8604,1.2206,0.666,0.4048,0.2899,0.2388,0.2168,0.2114,0.2261,0.2818,0.3873,0.379,0.3295,0.4553,0.4746,0.3457,0.2238,0.1331,0.0655,0.0136,-0.0275,-0.061,-0.089,-0.113,-0.1338,-0.152,-0.1676,-0.1809,-0.0087,-0.0646,-0.1462,-0.1736,-0.0173,0.2601,0.6358,1.159,1.3813,0.9086,0.507,0.3261,0.2527,0.2238,0.2125,0.2068,0.2083,0.2355,0.2916,0.2494,0.1024,0.105,0.176,0.1716,0.1215,0.0637,0.0118,-0.0313,-0.0665,-0.0959,-0.1211,-0.1433,-0.1629,-0.1801,-0.1951,-0.2076,-0.0226,-0.0988,-0.2538,-0.3891,-0.1561,0.1167,0.3242,0.4909,0.5107,0.3749,0.2689,0.2268,0.2155,0.2167,0.2222,0.2185,0.1975,0.1786,0.1548,0.0536,-0.1556,-0.1207,0.0125,0.0486,0.0279,-0.0115,-0.0512,-0.0849,-0.1128,-0.1366,-0.158,-0.1779,-0.1961,-0.2125,-0.2266,-0.2382,-0.0068,-0.0544,-0.1436,-0.2012,-0.0322,0.079,0.1302,0.1157,0.0106,-0.0395,0.0636,0.15,0.1969,0.2248,0.2533,0.2651,0.2051,0.1489,0.098,0.0154,-0.1032,-0.0972,-0.0352,-0.026,-0.0535,-0.0914,-0.124,-0.1476,-0.1656,-0.1821,-0.1991,-0.2166,-0.2338,-0.2496,-0.263,-0.2735,0.0237,0.0256,0.0701,0.2213,0.2081,0.0951,0.0356,-0.0472,-0.2842,-0.4135,-0.0653,0.1213,0.2086,0.2521,0.2656,0.2701,0.196,0.1201,0.0671,0.025,-0.0187,-0.0403,-0.0529,-0.0876,-0.1413,-0.1894,-0.2143,-0.2213,-0.2242,-0.2311,-0.2435,-0.2595,-0.2767,-0.2925,-0.3055,-0.3146,0.0452,0.0676,0.1286,0.2306,0.2068,0.0734,-0.0194,-0.0789,-0.1799,-0.2499,-0.0214,0.1424,0.2476,0.3299,0.304,0.2442,0.1656,0.0509,0.0017,0.0073,-0.0058,-0.0348,-0.0825,-0.1621,-0.2639,-0.3338,-0.3361,-0.3071,-0.2853,-0.2807,-0.2899,-0.3069,-0.3261,-0.3433,-0.356,-0.3633,0.0506,0.0691,0.0994,0.1254,0.0999,0.0261,-0.0494,-0.0971,-0.0836,-0.0413,0.0642,0.1703,0.2559,0.3652,0.3389,0.2746,0.1728,-0.0949,-0.1188,-0.0166,-0.0065,-0.038,-0.1115,-0.2491,-0.4481,-0.5632,-0.495,-0.3941,-0.3396,-0.3262,-0.3377,-0.3607,-0.3855,-0.4057,-0.4181,-0.4221,0.0452,0.0552,0.0654,0.0661,0.0455,0.0054,-0.0399,-0.0735,-0.0557,0.0117,0.0914,0.1768,0.2253,0.4433,0.3224,0.397,0.2829,0.0386,-0.0379,0.0027,0.0164,-0.0138,-0.1096,-0.3005,-0.6159,-0.7925,-0.6157,-0.4432,-0.3715,-0.3634,-0.3882,-0.4256,-0.4614,-0.4863,-0.4969,-0.4947,0.0357,0.0399,0.0418,0.0373,0.0237,0.0031,-0.0172,-0.0258,-0.0071,0.0348,0.0745,0.1099,0.1819,0.2052,0.2785,0.4198,0.235,0.1282,0.0351,0.046,0.1134,0.0881,-0.0492,-0.2479,-0.5142,-0.6635,-0.5409,-0.4117,-0.3709,-0.3928,-0.4479,-0.5126,-0.5663,-0.5962,-0.6005,-0.5853,0.0252,0.0264,0.0255,0.0211,0.0129,0.003,-0.0043,-0.003,0.0119,0.0405,0.0776,0.0189,0.0275,0.074,0.1225,0.1752,0.1574,0.0461,-0.029,0.0848,0.4091,0.3226,0.0416,-0.148,-0.2901,-0.3623,-0.3413,-0.3161,-0.3442,-0.4221,-0.5301,-0.6412,-0.7225,-0.7535,-0.7389,-0.6978,0.0148,0.0146,0.0129,0.0092,0.0041,-0.0012,-0.0043,-0.0026,0.0059,0.0238,0.053,-0.0108,-0.2449,-0.3496,-0.1201,-0.0649,-0.0831,-0.1988,-0.2751,-0.0528,0.4387,0.3335,0.0365,-0.0962,-0.1331,-0.1215,-0.1207,-0.1816,-0.3006,-0.4611,-0.6533,-0.8436,-0.9662,-0.9823,-0.9209,-0.8314,0.0048,0.0037,0.0015,-0.0017,-0.0058,-0.0099,-0.0131,-0.0148,-0.0152,-0.0169,-0.0343,-0.1169,-0.3448,-0.4251,-0.3889,-0.4241,-0.3699,-0.5243,-0.7317,-0.432,-0.1236,-0.0409,-0.0954,-0.0983,0.004,0.1756,0.2066,0.0114,-0.2458,-0.5159,-0.83,-1.1565,-1.3392,-1.2963,-1.1377,-0.9725,-0.0051,-0.0068,-0.0094,-0.0129,-0.0171,-0.0218,-0.0269,-0.0329,-0.0415,-0.0572,-0.091,-0.1615,-0.2741,-0.424,-0.8367,-1.0214,-0.6066,-0.6185,-0.7466,-0.734,-0.5071,-0.3332,-0.2499,-0.1358,0.1399,0.641,0.7499,0.2212,-0.2197,-0.5829,-1.0231,-1.5406,-1.7953,-1.6279,-1.3323,-1.0858,-0.0148,-0.0172,-0.0203,-0.0244,-0.0294,-0.0354,-0.0428,-0.0526,-0.0669,-0.0895,-0.1272,-0.189,-0.2864,-0.4608,-0.7929,-0.9038,-0.6532,-0.6665,-0.9891,-1.1472,-0.7397,-0.5297,-0.4155,-0.2505,0.0799,0.6908,0.8293,0.103,-0.3153,-0.6489,-1.1,-1.6956,-1.9819,-1.7484,-1.3988,-1.1267,-0.0244,-0.0274,-0.0312,-0.036,-0.042,-0.0494,-0.0589,-0.0714,-0.0889,-0.1143,-0.1518,-0.207,-0.2882,-0.4066,-0.545,-0.6018,-0.5822,-0.6483,-0.8404,-0.9106,-0.7685,-0.7173,-0.6661,-0.4842,-0.2428,-0.1297,-0.4077,-0.4537,-0.5284,-0.7165,-1.0107,-1.42,-1.6524,-1.5373,-1.2964,-1.0813,-0.0338,-0.0374,-0.0419,-0.0475,-0.0545,-0.0631,-0.074,-0.0883,-0.1072,-0.1329,-0.168,-0.2153,-0.2774,-0.3529,-0.4274,-0.4784,-0.5164,-0.5811,-0.673,-0.7411,-0.8309,-1.0567,-1.1166,-0.8026,-0.5321,-0.5417,-0.7754,-0.7061,-0.7514,-0.8264,-0.9202,-1.0994,-1.2378,-1.2263,-1.1155,-0.9838,-0.043,-0.0472,-0.0523,-0.0586,-0.0663,-0.0759,-0.0878,-0.1028,-0.122,-0.1468,-0.1785,-0.2183,-0.2663,-0.3199,-0.3731,-0.4211,-0.4692,-0.5288,-0.6047,-0.7099,-0.9228,-1.325,-1.4457,-1.0127,-0.6874,-0.62,-0.6885,-0.809,-1.0279,-0.9856,-0.9092,-0.9355,-0.9894,-0.9974,-0.9518,-0.8787,-0.0518,-0.0565,-0.0622,-0.0691,-0.0774,-0.0875,-0.0999,-0.1152,-0.134,-0.1572,-0.1855,-0.2194,-0.2582,-0.3007,-0.3444,-0.3888,-0.4366,-0.4937,-0.5682,-0.6795,-0.8671,-1.116,-1.1733,-0.9398,-0.7257,-0.6585,-0.7101,-0.8743,-1.063,-1.0103,-0.8979,-0.8587,-0.8601,-0.8571,-0.8321,-0.789]}]