docs/data/wind_grid.json
[{"header":{"la1":42.22,"la2":41.45,"lo1":11.9,"lo2":12.97,"nx":16,"ny":12,"dx":0.07133,"dy":0.07,"parameterCategory":2,"parameterNumber":2,"parameterNumberName":"eastward_wind","parameterUnit":"m.s-1"},"data":[-0.4665,-0.4642,-0.4478,-0.4224,-0.398,-0.3622,-0.3079,-0.2502,-0.1999,-0.1578,-0.1186,-0.0804,-0.0486,-0.03,-0.0261,-0.0331,-0.5082,-0.5139,-0.4891,-0.4344,-0.4083,-0.3812,-0.312,-0.238,-0.1787,-0.1358,-0.0916,-0.0407,0.0031,0.0237,0.0196,0.0015,-0.561,-0.5962,-0.5878,-0.4733,-0.4109,-0.393,-0.3124,-0.2206,-0.1449,-0.1124,-0.0622,0.0115,0.0754,0.0951,0.073,0.0369,-0.6134,-0.7078,-0.8171,-0.7294,-0.5138,-0.4096,-0.3299,-0.2307,-0.1048,-0.0954,-0.0239,0.0804,0.1584,0.1694,0.1207,0.0644,-0.6354,-0.761,-0.9504,-0.9076,-0.5893,-0.431,-0.3937,-0.3736,-0.0753,-0.0557,0.0581,0.1953,0.1983,0.1892,0.1378,0.0726,-0.6121,-0.6983,-0.7838,-0.729,-0.5615,-0.4618,-0.4037,-0.3096,0.0301,-0.0246,0.2501,0.5778,0.3677,0.2057,0.124,0.0555,-0.5659,-0.6056,-0.6238,-0.5934,-0.5606,-0.5755,-0.4882,-0.3319,-0.1273,-0.0557,0.4204,0.9881,0.5319,0.2048,0.0733,0.0086,-0.522,-0.5399,-0.5465,-0.548,-0.5885,-0.7478,-0.5898,-0.4599,-0.3475,-0.1657,0.1688,0.443,0.2643,0.0353,-0.0513,-0.0716,-0.4877,-0.4983,-0.5058,-0.5189,-0.5562,-0.6101,-0.5536,-0.5268,-0.5761,-0.3155,-0.0806,0.0234,-0.1059,-0.2584,-0.2261,-0.1654,-0.4611,-0.4685,-0.4755,-0.4856,-0.5009,-0.5082,-0.4893,-0.4882,-0.4783,-0.3405,-0.1992,-0.1606,-0.2883,-0.4058,-0.3234,-0.2273,-0.4392,-0.4442,-0.4487,-0.4533,-0.4567,-0.4536,-0.4411,-0.425,-0.3911,-0.3188,-0.2438,-0.223,-0.2825,-0.3378,-0.3018,-0.2397,-0.4203,-0.4232,-0.425,-0.4255,-0.4233,-0.4163,-0.4028,-0.3821,-0.3495,-0.3037,-0.2596,-0.2407,-0.2543,-0.2708,-0.2591,-0.2299]},{"header":{"la1":42.22,"la2":41.45,"lo1":11.9,"lo2":12.97,"nx":16,"ny":12,"dx":0.07133,"dy":0.07,"parameterCategory":2,"parameterNumber":3,"parameterNumberName":"northward_wind","parameterUnit":"m.s-1"},"data":[0.6395,0.6402,0.6423,0.6451,0.6365,0.5997,0.5473,0.5025,0.4804,0.4905,0.5299,0.5843,0.6367,0.6741,0.6936,0.7002,0.646,0.6487,0.6546,0.6703,0.6775,0.6163,0.5266,0.4515,0.4089,0.4271,0.4994,0.5919,0.6748,0.7229,0.7352,0.7302,0.653,0.658,0.6636,0.6757,0.6882,0.6059,0.489,0.3797,0.2826,0.3231,0.4649,0.6195,0.7555,0.8111,0.7947,0.7651,0.6597,0.6692,0.6814,0.6732,0.638,0.5572,0.4432,0.3309,0.1262,0.2288,0.4546,0.667,0.8889,0.9383,0.8558,0.7939,0.6641,0.6756,0.6953,0.6887,0.6277,0.5388,0.3996,0.3208,0.238,0.3182,0.4957,0.6841,0.9198,0.9701,0.8658,0.8016,0.6658,0.6727,0.6796,0.6714,0.6428,0.5945,0.4761,0.373,0.202,0.3972,0.5698,0.6823,0.7688,0.8356,0.8184,0.7913,0.6679,0.6719,0.6753,0.6787,0.6921,0.7201,0.7349,0.6356,0.5009,0.5334,0.6403,0.7006,0.7208,0.7714,0.7912,0.7879,0.6721,0.6771,0.6849,0.7005,0.7355,0.7946,0.8308,0.8341,0.7859,0.7003,0.6857,0.7083,0.7513,0.8048,0.82,0.8082,0.6777,0.6846,0.6956,0.7145,0.7452,0.7813,0.8225,1.0003,1.1419,0.8576,0.7554,0.7656,0.8476,0.9225,0.8956,0.8459,0.683,0.691,0.7029,0.7206,0.745,0.7764,0.829,0.9426,0.9915,0.8707,0.7973,0.8163,0.9234,1.0044,0.9463,0.8719,0.6875,0.6957,0.7071,0.7225,0.7428,0.7693,0.8064,0.851,0.8642,0.8306,0.805,0.8274,0.8986,0.9487,0.9195,0.8659,0.6907,0.6987,0.709,0.7221,0.7384,0.7583,0.7811,0.8014,0.8083,0.801,0.7973,0.8145,0.8502,0.8756,0.8679,0.8408]}]