docs/data/wind_grid.json
[{"header":{"la1":42.85,"la2":41.18,"lo1":11.55,"lo2":14.05,"nx":36,"ny":24,"dx":0.07143,"dy":0.07261,"parameterCategory":2,"parameterNumber":2,"parameterNumberName":"eastward_wind","parameterUnit":"m.s-1"},"data":[-0.4669,-0.4693,-0.4693,-0.4668,-0.4621,-0.4556,-0.4474,-0.4377,-0.4263,-0.4141,-0.4023,-0.3926,-0.3861,-0.3834,-0.3837,-0.3849,-0.3838,-0.3761,-0.3582,-0.3292,-0.2935,-0.2597,-0.2368,-0.2279,-0.2303,-0.2385,-0.2482,-0.2569,-0.2637,-0.2685,-0.2717,-0.2736,-0.2746,-0.275,-0.2749,-0.2744,-0.4908,-0.4947,-0.4953,-0.4927,-0.4874,-0.4802,-0.4714,-0.4603,-0.4464,-0.4302,-0.4139,-0.4006,-0.3927,-0.3912,-0.3954,-0.4026,-0.4078,-0.4032,-0.3803,-0.3347,-0.2735,-0.2164,-0.1835,-0.1799,-0.195,-0.216,-0.2352,-0.25,-0.2604,-0.2673,-0.2716,-0.2741,-0.2753,-0.2758,-0.2757,-0.2752,-0.5195,-0.5257,-0.5275,-0.5246,-0.5184,-0.5106,-0.5021,-0.4911,-0.4746,-0.4521,-0.4278,-0.408,-0.3973,-0.3974,-0.4078,-0.4254,-0.4436,-0.4494,-0.4232,-0.3491,-0.2351,-0.1279,-0.0813,-0.0991,-0.1447,-0.189,-0.2222,-0.2446,-0.2588,-0.2675,-0.2726,-0.2753,-0.2767,-0.277,-0.2768,-0.2763,-0.5544,-0.5646,-0.5682,-0.5647,-0.5562,-0.5475,-0.542,-0.5359,-0.5184,-0.4848,-0.4452,-0.4138,-0.3981,-0.3998,-0.4186,-0.4526,-0.4958,-0.5298,-0.5137,-0.3953,-0.167,0.0592,0.1168,0.0275,-0.0833,-0.1639,-0.214,-0.2434,-0.2604,-0.2699,-0.275,-0.2776,-0.2786,-0.2788,-0.2784,-0.2776,-0.597,-0.6143,-0.6218,-0.6169,-0.6027,-0.5906,-0.5928,-0.6053,-0.5943,-0.5377,-0.4667,-0.415,-0.3917,-0.395,-0.4236,-0.4793,-0.5644,-0.6654,-0.71,-0.5482,-0.0909,0.4233,0.4498,0.175,-0.0377,-0.1556,-0.2172,-0.2494,-0.2662,-0.2748,-0.2791,-0.2809,-0.2813,-0.281,-0.2803,-0.2793,-0.6483,-0.6785,-0.6954,-0.6896,-0.6621,-0.636,-0.6479,-0.7111,-0.7312,-0.6175,-0.4845,-0.4048,-0.3737,-0.3789,-0.4165,-0.4934,-0.6308,-0.8558,-1.0974,-0.9604,-0.2228,0.6618,0.6293,0.1922,-0.0624,-0.1815,-0.2373,-0.2638,-0.2765,-0.2823,-0.2846,-0.2851,-0.2846,-0.2837,-0.2825,-0.2812,-0.7066,-0.7589,-0.7985,-0.7984,-0.7451,-0.6793,-0.677,-0.8026,-0.8849,-0.6706,-0.4682,-0.3716,-0.3404,-0.3495,-0.3923,-0.4781,-0.6439,-0.9723,-1.4834,-1.4182,-0.6652,-0.0258,0.1197,-0.05,-0.1785,-0.2425,-0.2719,-0.2848,-0.29,-0.2914,-0.291,-0.2898,-0.2883,-0.2867,-0.285,-0.2834,-0.7644,-0.8471,-0.9293,-0.9574,-0.865,-0.7241,-0.6477,-0.6956,-0.7285,-0.5439,-0.3808,-0.3089,-0.2916,-0.3089,-0.354,-0.4311,-0.5724,-0.833,-1.1656,-1.1525,-0.9561,-0.7492,-0.4715,-0.3503,-0.3202,-0.3133,-0.3103,-0.3074,-0.3041,-0.3008,-0.2976,-0.2948,-0.2922,-0.2899,-0.2878,-0.2859,-0.8087,-0.9153,-1.0309,-1.0942,-0.9801,-0.7706,-0.5942,-0.4883,-0.3989,-0.2973,-0.2418,-0.2261,-0.2323,-0.2636,-0.3187,-0.3801,-0.4748,-0.6353,-0.8156,-0.9804,-1.3011,-1.1929,-0.7647,-0.523,-0.4146,-0.3654,-0.3406,-0.3262,-0.3165,-0.3093,-0.3039,-0.2996,-0.2962,-0.2933,-0.2909,-0.2886,-0.8306,-0.9503,-1.0662,-1.1185,-1.0744,-0.822,-0.551,-0.3295,-0.1058,-0.0077,-0.087,-0.1418,-0.1653,-0.2112,-0.318,-0.3783,-0.416,-0.5375,-0.6778,-0.8595,-1.1248,-1.0615,-0.7578,-0.552,-0.4434,-0.3879,-0.3577,-0.339,-0.326,-0.3164,-0.3094,-0.3042,-0.3001,-0.2969,-0.2942,-0.2917,-0.8275,-0.9695,-1.1827,-1.5281,-1.437,-0.8908,-0.5234,-0.2628,0.1786,0.3885,0.0324,-0.0782,-0.0856,-0.1072,-0.2544,-0.3627,-0.4037,-0.5573,-0.668,-0.7201,-0.7691,-0.7345,-0.611,-0.4978,-0.4279,-0.39,-0.3663,-0.348,-0.3333,-0.3223,-0.3143,-0.3085,-0.3043,-0.3008,-0.2979,-0.2953,-0.7904,-0.9312,-1.1592,-1.4768,-1.3644,-0.8162,-0.5035,-0.3809,-0.0986,0.1447,-0.014,-0.0488,-0.0006,0.0955,-0.0337,-0.2228,-0.446,-0.8144,-0.9214,-0.7388,-0.6167,-0.5445,-0.4791,-0.4287,-0.4045,-0.3942,-0.3785,-0.358,-0.3401,-0.3274,-0.3189,-0.3131,-0.3088,-0.3053,-0.3023,-0.2994,-0.7187,-0.8177,-0.9407,-1.0271,-0.9103,-0.6475,-0.5036,-0.4176,-0.4905,-0.1996,-0.0885,-0.035,0.0185,0.1282,0.0125,-0.1554,-0.4775,-1.4695,-1.5155,-0.8125,-0.532,-0.4217,-0.3781,-0.3757,-0.4082,-0.432,-0.4076,-0.3714,-0.3466,-0.3321,-0.3237,-0.3182,-0.3141,-0.3107,-0.3075,-0.3043,-0.6306,-0.6832,-0.7264,-0.7252,-0.6467,-0.5368,-0.4991,-0.5952,-0.5002,-0.2341,-0.0925,-0.0204,0.004,0.0728,-0.0218,-0.0215,-0.3035,-0.9314,-1.0569,-0.625,-0.379,-0.2857,-0.2792,-0.3314,-0.4361,-0.4957,-0.4371,-0.3791,-0.3501,-0.3365,-0.3293,-0.3246,-0.3207,-0.3171,-0.3136,-0.31,-0.5452,-0.5669,-0.574,-0.5539,-0.504,-0.4475,-0.4153,-0.395,-0.302,-0.1534,-0.0594,-0.0349,-0.0115,0.0004,-0.0483,-0.0386,-0.9516,-0.5752,-0.4649,-0.2886,-0.1332,-0.1014,-0.1593,-0.2576,-0.3821,-0.4474,-0.4089,-0.3684,-0.3501,-0.3422,-0.3374,-0.3331,-0.3289,-0.3247,-0.3205,-0.3164,-0.4714,-0.4759,-0.4685,-0.4453,-0.4079,-0.3647,-0.3217,-0.2674,-0.1807,-0.0674,0.0426,-0.0652,-0.0456,-0.0193,-0.0764,-0.3404,-0.7498,-0.3747,-0.1386,0.0021,0.136,0.0998,-0.034,-0.1604,-0.2712,-0.3371,-0.3539,-0.3552,-0.3554,-0.3541,-0.35,-0.344,-0.3378,-0.3324,-0.3277,-0.3231,-0.4102,-0.4055,-0.392,-0.3682,-0.3353,-0.2956,-0.2497,-0.193,-0.1211,-0.0382,0.0361,-0.005,-0.0061,0.0135,0.0387,-0.0189,-0.0683,0.0967,0.2708,0.2381,0.1985,0.1636,0.046,-0.0879,-0.2086,-0.2962,-0.3464,-0.3703,-0.3791,-0.3774,-0.3678,-0.3548,-0.3439,-0.3375,-0.3335,-0.3295,-0.3599,-0.3503,-0.3338,-0.31,-0.2792,-0.2421,-0.1986,-0.1483,-0.0923,-0.0376,0.0017,0.0219,0.039,0.0884,0.3684,0.4985,0.3949,0.5697,0.8234,0.5635,0.3558,0.2325,0.1066,-0.0495,-0.2125,-0.3426,-0.406,-0.4258,-0.4282,-0.4152,-0.3885,-0.3575,-0.3384,-0.3349,-0.336,-0.3349,-0.3186,-0.3061,-0.2883,-0.2648,-0.2356,-0.2012,-0.1616,-0.1176,-0.071,-0.0249,0.0189,0.0691,0.1526,0.387,1.1269,1.4377,0.7602,0.7222,0.8861,0.9476,0.6624,0.3953,0.1928,-0.0217,-0.2603,-0.4472,-0.4925,-0.507,-0.505,-0.4708,-0.4105,-0.343,-0.3126,-0.3226,-0.3361,-0.3402,-0.2844,-0.2704,-0.252,-0.229,-0.2015,-0.1695,-0.1334,-0.0937,-0.0511,-0.0055,0.0466,0.1177,0.2427,0.5166,1.0637,1.2451,0.8284,0.8238,1.3364,1.5951,0.9344,0.562,0.3218,0.0436,-0.2815,-0.4982,-0.5363,-0.6387,-0.626,-0.5561,-0.4523,-0.3393,-0.2956,-0.3188,-0.3414,-0.348,-0.256,-0.2412,-0.2227,-0.2005,-0.1744,-0.1446,-0.1111,-0.0742,-0.0335,0.0124,0.0681,0.1439,0.2599,0.4418,0.6616,0.7475,0.7014,0.7881,1.0864,1.1888,0.9097,0.7453,0.5879,0.2265,-0.247,-0.6759,-1.046,-0.9805,-0.8043,-0.687,-0.5509,-0.414,-0.3495,-0.3512,-0.3609,-0.3608,-0.2324,-0.2172,-0.1989,-0.1775,-0.1528,-0.1248,-0.0936,-0.0588,-0.0199,0.0248,0.0786,0.1474,0.238,0.3504,0.4616,0.532,0.5758,0.6579,0.7807,0.8501,0.9124,1.1676,1.207,0.605,-0.1306,-0.8132,-1.359,-1.1674,-0.9757,-0.8764,-0.705,-0.5422,-0.4463,-0.4077,-0.3907,-0.377,-0.2126,-0.1974,-0.1796,-0.159,-0.1356,-0.1093,-0.08,-0.0474,-0.0108,0.0309,0.0798,0.1382,0.2074,0.2838,0.3575,0.4191,0.4753,0.5432,0.6273,0.7378,0.9878,1.5394,1.7155,0.9102,0.0502,-0.5893,-0.9593,-1.0525,-1.2096,-1.1134,-0.8549,-0.6505,-0.5258,-0.4574,-0.4182,-0.3917,-0.1961,-0.1811,-0.1639,-0.1442,-0.1221,-0.0975,-0.0701,-0.0398,-0.006,0.032,0.075,0.1238,0.1781,0.2353,0.2914,0.3441,0.3964,0.4555,0.531,0.6487,0.8719,1.2028,1.2499,0.7458,0.1191,-0.3783,-0.7189,-0.9942,-1.2372,-1.1436,-0.8908,-0.6912,-0.5628,-0.4839,-0.4341,-0.4002]},{"header":{"la1":42.85,"la2":41.18,"lo1":11.55,"lo2":14.05,"nx":36,"ny":24,"dx":0.07143,"dy":0.07261,"parameterCategory":2,"parameterNumber":3,"parameterNumberName":"northward_wind","parameterUnit":"m.s-1"},"data":[-0.4699,-0.4627,-0.4546,-0.4454,-0.4357,-0.4263,-0.4188,-0.4149,-0.4161,-0.4223,-0.432,-0.4432,-0.4538,-0.4628,-0.4698,-0.4747,-0.4774,-0.4776,-0.4752,-0.4702,-0.4635,-0.4563,-0.4499,-0.445,-0.4415,-0.4396,-0.439,-0.4396,-0.4414,-0.4442,-0.4478,-0.4521,-0.457,-0.4621,-0.4674,-0.4728,-0.4682,-0.4596,-0.4495,-0.4374,-0.4236,-0.4089,-0.3959,-0.3884,-0.3897,-0.4,-0.4164,-0.4343,-0.4505,-0.4636,-0.4734,-0.4805,-0.4849,-0.4862,-0.4834,-0.476,-0.4656,-0.4548,-0.446,-0.4398,-0.4358,-0.4337,-0.4332,-0.4341,-0.4364,-0.4399,-0.4443,-0.4494,-0.4551,-0.4612,-0.4674,-0.4735,-0.4667,-0.4567,-0.4445,-0.4289,-0.4091,-0.3855,-0.3618,-0.3459,-0.3462,-0.3645,-0.3933,-0.4229,-0.4475,-0.4658,-0.4791,-0.489,-0.4965,-0.5004,-0.4978,-0.4863,-0.4686,-0.4515,-0.4397,-0.4327,-0.4287,-0.4266,-0.4264,-0.4278,-0.4308,-0.4351,-0.4405,-0.4467,-0.4535,-0.4606,-0.4678,-0.4748,-0.4653,-0.4541,-0.4399,-0.4209,-0.3936,-0.3557,-0.3104,-0.2737,-0.2696,-0.305,-0.3595,-0.4096,-0.4461,-0.4705,-0.4872,-0.5006,-0.5134,-0.5243,-0.5252,-0.5064,-0.4723,-0.4428,-0.4289,-0.4235,-0.4201,-0.4183,-0.4184,-0.4204,-0.4243,-0.4298,-0.4364,-0.444,-0.4521,-0.4605,-0.4689,-0.477,-0.4639,-0.4513,-0.436,-0.4151,-0.3812,-0.3231,-0.2355,-0.1453,-0.1244,-0.2032,-0.3138,-0.3982,-0.4496,-0.4793,-0.4982,-0.5147,-0.536,-0.5644,-0.5824,-0.552,-0.4776,-0.4231,-0.4137,-0.4131,-0.4102,-0.4084,-0.4089,-0.4119,-0.417,-0.4239,-0.4322,-0.4415,-0.4513,-0.4613,-0.471,-0.4803,-0.4616,-0.4468,-0.4306,-0.4117,-0.3783,-0.3025,-0.1475,0.0732,0.152,-0.0461,-0.2703,-0.4003,-0.4633,-0.4942,-0.5123,-0.5293,-0.5594,-0.6222,-0.7033,-0.6655,-0.5008,-0.4091,-0.4056,-0.4027,-0.3977,-0.3959,-0.3975,-0.4018,-0.4087,-0.4175,-0.428,-0.4394,-0.4513,-0.4632,-0.4746,-0.4852,-0.4582,-0.4378,-0.4171,-0.4033,-0.3877,-0.3219,-0.123,0.2735,0.4692,0.0602,-0.2856,-0.4347,-0.4921,-0.5171,-0.5316,-0.5436,-0.5698,-0.6556,-0.8395,-0.8082,-0.5192,-0.4068,-0.3895,-0.3818,-0.3789,-0.3797,-0.3833,-0.3899,-0.3991,-0.4106,-0.4238,-0.438,-0.4525,-0.4667,-0.4801,-0.4923,-0.4552,-0.4241,-0.3855,-0.3671,-0.3927,-0.3902,-0.2695,0.0136,0.1454,-0.1741,-0.4229,-0.5095,-0.5336,-0.5481,-0.5638,-0.5686,-0.5658,-0.5982,-0.6825,-0.6036,-0.342,-0.2775,-0.3169,-0.3416,-0.3525,-0.3591,-0.3661,-0.3755,-0.388,-0.403,-0.42,-0.4378,-0.4556,-0.4726,-0.4883,-0.5021,-0.4583,-0.4181,-0.3516,-0.3001,-0.3844,-0.4749,-0.5005,-0.4836,-0.5231,-0.6241,-0.6433,-0.6028,-0.5731,-0.5832,-0.6311,-0.6447,-0.583,-0.5292,-0.4841,-0.3344,-0.0537,-0.0899,-0.2387,-0.3012,-0.3241,-0.3351,-0.3451,-0.3581,-0.375,-0.395,-0.4169,-0.4395,-0.4616,-0.482,-0.5003,-0.5158,-0.4725,-0.4387,-0.3891,-0.3608,-0.4375,-0.5627,-0.6986,-0.8537,-1.0748,-1.1381,-0.8897,-0.677,-0.5865,-0.6016,-0.7635,-0.8597,-0.6334,-0.4986,-0.4177,-0.2971,-0.13,-0.1376,-0.2318,-0.2793,-0.2972,-0.3065,-0.3182,-0.3359,-0.3594,-0.3866,-0.4155,-0.4444,-0.4718,-0.4965,-0.5176,-0.5348,-0.4953,-0.4741,-0.447,-0.4154,-0.4473,-0.6364,-0.8548,-1.0816,-1.5619,-1.8166,-1.0775,-0.6843,-0.5569,-0.5605,-0.716,-0.8527,-0.5841,-0.462,-0.4042,-0.3372,-0.2667,-0.2423,-0.2542,-0.2635,-0.2642,-0.2664,-0.2802,-0.3066,-0.3408,-0.3786,-0.4172,-0.4545,-0.4887,-0.5183,-0.5425,-0.5609,-0.521,-0.5095,-0.4862,-0.4417,-0.4897,-0.734,-1.0002,-1.1774,-1.3492,-1.4564,-0.933,-0.5925,-0.4998,-0.5731,-0.5029,-0.472,-0.4265,-0.4336,-0.426,-0.3601,-0.3008,-0.2657,-0.2481,-0.232,-0.211,-0.2018,-0.2235,-0.2679,-0.32,-0.3731,-0.4247,-0.473,-0.5158,-0.5511,-0.578,-0.5967,-0.5466,-0.5471,-0.5474,-0.5605,-0.6449,-0.8411,-1.0952,-1.2957,-1.1976,-0.9805,-0.6835,-0.4521,-0.3726,-0.5304,-0.3875,-0.2702,-0.2887,-0.5165,-0.5284,-0.3589,-0.2744,-0.2314,-0.2092,-0.1817,-0.1302,-0.0996,-0.1457,-0.2244,-0.3018,-0.3742,-0.4425,-0.5051,-0.5586,-0.6002,-0.6289,-0.6457,-0.5685,-0.5796,-0.599,-0.6389,-0.7212,-0.8579,-1.0315,-1.1771,-1.0882,-0.8006,-0.5469,-0.3738,-0.2713,0.3343,-0.1021,-0.0515,-0.0871,-0.3134,-0.3883,-0.275,-0.1796,-0.1384,-0.1417,-0.1318,-0.0606,-0.0048,-0.0847,-0.1963,-0.2954,-0.388,-0.4769,-0.5586,-0.626,-0.6741,-0.7017,-0.7123,-0.5834,-0.5997,-0.6246,-0.6644,-0.725,-0.8054,-0.8877,-0.9225,-0.8339,-0.6565,-0.5046,-0.3639,-0.0827,0.3519,-0.0217,0.0113,0.2984,-0.0561,-0.1941,-0.1168,0.0532,0.0705,-0.0354,-0.097,-0.0759,-0.0458,-0.1046,-0.2014,-0.3062,-0.4192,-0.5366,-0.6463,-0.733,-0.786,-0.8059,-0.8018,-0.5909,-0.6073,-0.6299,-0.6602,-0.698,-0.7375,-0.7635,-0.7507,-0.6815,-0.589,-0.5637,-0.4283,-0.3432,-0.1685,-0.1599,-0.0237,0.161,-0.0791,-0.1641,0.0555,0.5843,0.4638,0.0911,-0.0672,-0.1005,-0.1033,-0.1345,-0.2082,-0.3219,-0.468,-0.6325,-0.7897,-0.9047,-0.9566,-0.9535,-0.9188,-0.5924,-0.6064,-0.6238,-0.644,-0.6649,-0.6811,-0.6834,-0.6624,-0.618,-0.5727,-0.5652,-0.5222,-0.6964,-0.7879,-0.4474,-0.3098,-0.2499,-0.3019,-0.3123,-0.0229,0.6539,0.5004,0.0862,-0.0664,-0.079,-0.052,-0.0645,-0.1569,-0.3181,-0.5302,-0.7797,-1.024,-1.1835,-1.2146,-1.1546,-1.0627,-0.5899,-0.6009,-0.6131,-0.6255,-0.636,-0.641,-0.6361,-0.6189,-0.5927,-0.569,-0.5611,-0.5977,-0.8061,-0.8673,-0.7095,-0.6671,-0.5324,-0.5179,-0.5771,-0.382,-0.0705,0.0064,-0.0845,-0.102,-0.0002,0.1643,0.1907,-0.0038,-0.281,-0.6002,-0.9877,-1.3922,-1.6201,-1.5773,-1.3997,-1.2176,-0.5853,-0.5934,-0.6016,-0.6089,-0.6137,-0.6141,-0.6084,-0.5967,-0.5822,-0.5719,-0.5759,-0.611,-0.6873,-0.7788,-1.0799,-1.2245,-0.7643,-0.6211,-0.6426,-0.681,-0.4933,-0.3397,-0.2678,-0.1557,0.1158,0.5845,0.6854,0.2016,-0.2438,-0.6661,-1.2101,-1.8502,-2.1632,-1.9661,-1.6222,-1.3426,-0.58,-0.5858,-0.5911,-0.5952,-0.5972,-0.5962,-0.5917,-0.5845,-0.5774,-0.5749,-0.5834,-0.6109,-0.6661,-0.7804,-1.0347,-1.1119,-0.8166,-0.7238,-0.93,-1.0524,-0.7261,-0.552,-0.4434,-0.2686,0.0715,0.6436,0.771,0.1441,-0.2921,-0.7067,-1.2845,-2.0341,-2.3881,-2.1074,-1.6959,-1.3846,-0.5746,-0.5787,-0.5822,-0.5845,-0.5853,-0.5841,-0.5811,-0.5773,-0.5746,-0.576,-0.5857,-0.6082,-0.65,-0.7209,-0.8096,-0.8247,-0.7525,-0.7391,-0.8432,-0.8854,-0.7818,-0.749,-0.6939,-0.4911,-0.2012,0.0031,-0.1122,-0.2126,-0.4316,-0.7306,-1.1424,-1.6818,-1.9816,-1.8489,-1.569,-1.3259,-0.5695,-0.5725,-0.5748,-0.5762,-0.5766,-0.5757,-0.5741,-0.5724,-0.5722,-0.5754,-0.5843,-0.6016,-0.6292,-0.666,-0.7001,-0.7097,-0.7,-0.7088,-0.7492,-0.7914,-0.8745,-1.087,-1.1371,-0.8054,-0.4625,-0.3018,-0.3011,-0.3742,-0.6429,-0.8111,-0.9882,-1.2598,-1.4603,-1.465,-1.3475,-1.2063,-0.5651,-0.5672,-0.5688,-0.5698,-0.5701,-0.5697,-0.569,-0.5687,-0.5698,-0.5734,-0.581,-0.5935,-0.611,-0.6314,-0.6494,-0.6599,-0.6674,-0.6846,-0.7216,-0.7959,-0.9789,-1.3457,-1.4577,-1.0212,-0.6381,-0.4612,-0.4458,-0.6584,-0.9943,-0.9684,-0.9396,-1.0333,-1.1417,-1.18,-1.147,-1.0789,-0.5612,-0.5628,-0.564,-0.5648,-0.5651,-0.5652,-0.5652,-0.5657,-0.5673,-0.5708,-0.5769,-0.586,-0.5977,-0.6107,-0.6231,-0.6344,-0.6474,-0.669,-0.7092,-0.7875,-0.9403,-1.1563,-1.2006,-0.9594,-0.7102,-0.5903,-0.6159,-0.816,-1.0419,-0.9972,-0.9201,-0.9316,-0.9781,-1.0071,-1.0023,-0.9719]}]