docs/data/wind_grid.json
[{"header":{"la1":42.85,"la2":41.18,"lo1":11.55,"lo2":14.05,"nx":36,"ny":24,"dx":0.07143,"dy":0.07261,"parameterCategory":2,"parameterNumber":2,"parameterNumberName":"eastward_wind","parameterUnit":"m.s-1"},"data":[0.1918,0.1812,0.1684,0.1536,0.1372,0.1198,0.1027,0.087,0.0729,0.0592,0.0437,0.0234,-0.0039,-0.0395,-0.0827,-0.1313,-0.1813,-0.2267,-0.2614,-0.2805,-0.283,-0.2713,-0.2498,-0.2231,-0.1947,-0.1672,-0.1416,-0.1185,-0.0981,-0.0802,-0.0647,-0.0511,-0.0393,-0.029,-0.0199,-0.0118,0.1991,0.1875,0.1729,0.1552,0.1348,0.1127,0.0912,0.073,0.0595,0.0493,0.0379,0.02,-0.0087,-0.0503,-0.1046,-0.1692,-0.2383,-0.3025,-0.3504,-0.3732,-0.3696,-0.3453,-0.309,-0.2684,-0.2286,-0.1922,-0.16,-0.1321,-0.1083,-0.088,-0.0707,-0.056,-0.0434,-0.0325,-0.023,-0.0147,0.208,0.1955,0.1788,0.1573,0.1308,0.1006,0.0703,0.0463,0.0337,0.0311,0.0296,0.0185,-0.0095,-0.0575,-0.1262,-0.2133,-0.3121,-0.4076,-0.4778,-0.5048,-0.4872,-0.4392,-0.3786,-0.3179,-0.2631,-0.216,-0.1765,-0.1437,-0.1166,-0.094,-0.0753,-0.0597,-0.0465,-0.0353,-0.0257,-0.0173,0.219,0.2059,0.1874,0.1615,0.1265,0.0824,0.0343,-0.0043,-0.0172,-0.0034,0.0166,0.0203,-0.0035,-0.0579,-0.1438,-0.2616,-0.4063,-0.5563,-0.6674,-0.6976,-0.6478,-0.5553,-0.4561,-0.3678,-0.2948,-0.2362,-0.1895,-0.1521,-0.1222,-0.0979,-0.0782,-0.0621,-0.0486,-0.0374,-0.0278,-0.0194,0.2326,0.22,0.2006,0.1708,0.1258,0.0609,-0.0218,-0.0979,-0.1179,-0.0674,-0.0015,0.0295,0.0134,-0.0467,-0.1509,-0.3057,-0.5169,-0.7623,-0.9531,-0.9811,-0.8585,-0.6867,-0.5319,-0.4106,-0.3189,-0.2498,-0.197,-0.1562,-0.1244,-0.0992,-0.0792,-0.063,-0.0497,-0.0387,-0.0294,-0.0214,0.249,0.2384,0.2204,0.1899,0.1378,0.05,-0.0879,-0.2499,-0.3015,-0.1674,-0.0132,0.0556,0.0468,-0.0191,-0.1385,-0.3268,-0.6139,-1.0035,-1.3416,-1.3514,-1.0879,-0.8015,-0.5856,-0.4351,-0.3295,-0.2535,-0.1974,-0.1551,-0.1228,-0.0977,-0.0781,-0.0625,-0.0499,-0.0396,-0.0308,-0.0232,0.2681,0.2614,0.2482,0.223,0.1746,0.0803,-0.0997,-0.3754,-0.4933,-0.2252,0.0278,0.1158,0.1009,0.0267,-0.0998,-0.3002,-0.6256,-1.1257,-1.6198,-1.6035,-1.2007,-0.8352,-0.5904,-0.4304,-0.322,-0.2454,-0.1897,-0.1483,-0.1172,-0.0934,-0.0751,-0.0608,-0.0494,-0.0401,-0.0322,-0.0252,0.2888,0.2876,0.2826,0.2698,0.2409,0.1777,0.0441,-0.179,-0.2672,-0.0131,0.1858,0.221,0.1733,0.086,-0.0386,-0.2224,-0.5063,-0.9275,-1.3456,-1.3578,-1.0446,-0.7454,-0.5365,-0.395,-0.2965,-0.2259,-0.1744,-0.1364,-0.108,-0.0868,-0.0707,-0.0584,-0.0487,-0.0408,-0.0339,-0.0277,0.3095,0.3145,0.3191,0.3224,0.3225,0.3161,0.2998,0.2891,0.3503,0.4553,0.447,0.3534,0.2485,0.1467,0.0292,-0.1288,-0.3434,-0.6039,-0.828,-0.8744,-0.7526,-0.5893,-0.4483,-0.3396,-0.2581,-0.1977,-0.153,-0.1202,-0.0961,-0.0785,-0.0655,-0.0559,-0.0484,-0.0422,-0.0366,-0.0313,0.3283,0.3388,0.3518,0.3689,0.3932,0.4326,0.5081,0.6728,0.9612,1.053,0.7521,0.467,0.301,0.196,0.0904,-0.0582,-0.2536,-0.4512,-0.5833,-0.6124,-0.5558,-0.4602,-0.3627,-0.2795,-0.2139,-0.1643,-0.1277,-0.1012,-0.0825,-0.0695,-0.0606,-0.0542,-0.0493,-0.0451,-0.0409,-0.0364,0.3437,0.3579,0.376,0.4003,0.4345,0.4861,0.5772,0.806,1.4839,1.8106,0.9735,0.4954,0.3099,0.2333,0.15,-0.0172,-0.279,-0.5496,-0.6673,-0.6138,-0.5001,-0.3887,-0.2958,-0.2231,-0.1684,-0.1285,-0.1003,-0.0812,-0.0688,-0.0613,-0.057,-0.0545,-0.0527,-0.0506,-0.0478,-0.044,0.355,0.3706,0.3903,0.4152,0.4463,0.4822,0.5159,0.5737,1.0107,1.3385,0.775,0.4036,0.2839,0.275,0.2217,0.0078,-0.4285,-1.0127,-1.1308,-0.8044,-0.5213,-0.3462,-0.2382,-0.1684,-0.1222,-0.0917,-0.0726,-0.0616,-0.0565,-0.0554,-0.0565,-0.0584,-0.06,-0.0602,-0.0585,-0.0548,0.3621,0.3775,0.3961,0.4177,0.4412,0.4598,0.4539,0.4054,0.4956,0.6279,0.4603,0.239,0.2158,0.2916,0.2556,0.0071,-0.5868,-1.8118,-1.8353,-0.9646,-0.5001,-0.2813,-0.1705,-0.1095,-0.0744,-0.055,-0.0462,-0.0444,-0.0475,-0.0536,-0.061,-0.068,-0.0732,-0.0755,-0.0744,-0.0701,0.3657,0.3799,0.396,0.4136,0.4308,0.4428,0.4413,0.4263,0.4446,0.447,0.331,0.0881,0.0493,0.4454,0.2305,-0.0307,-0.4397,-1.1928,-1.3066,-0.7084,-0.3334,-0.1612,-0.0829,-0.0442,-0.0257,-0.0202,-0.0232,-0.0319,-0.044,-0.0582,-0.0728,-0.0858,-0.0951,-0.099,-0.0974,-0.091,0.3668,0.3792,0.3927,0.4066,0.4195,0.4291,0.433,0.4327,0.4298,0.4094,0.3565,0.2533,0.2344,0.2069,0.1939,-0.1461,-0.4346,-0.4226,-0.445,-0.2588,-0.0819,-0.0114,0.0119,0.0216,0.0201,0.0095,-0.007,-0.0266,-0.0483,-0.0715,-0.0948,-0.1153,-0.1292,-0.1339,-0.1297,-0.1187,0.3662,0.3769,0.3881,0.399,0.4088,0.4162,0.4202,0.4209,0.4207,0.437,0.5198,0.266,0.2635,0.2706,0.215,-0.0434,-0.2798,-0.1328,-0.0436,0.03,0.0849,0.0893,0.0881,0.0793,0.0578,0.0288,-0.0016,-0.0317,-0.0625,-0.0954,-0.1297,-0.1607,-0.1804,-0.184,-0.1733,-0.1538,0.3647,0.374,0.3832,0.3921,0.3998,0.4058,0.4096,0.4122,0.4182,0.444,0.5054,0.3881,0.3597,0.3839,0.3706,0.2946,0.1875,0.1894,0.2172,0.1915,0.1187,0.1286,0.1493,0.128,0.0814,0.031,-0.0114,-0.0491,-0.0875,-0.1305,-0.1798,-0.227,-0.2545,-0.2527,-0.2285,-0.1948,0.3628,0.3709,0.3789,0.3864,0.3931,0.3986,0.403,0.4073,0.4138,0.4246,0.4297,0.4134,0.4177,0.4596,0.7027,0.7995,0.5607,0.3819,0.319,0.3728,0.3123,0.2636,0.2353,0.1731,0.0849,0.0115,-0.033,-0.0768,-0.1235,-0.1751,-0.2428,-0.3151,-0.3525,-0.337,-0.29,-0.2363,0.3609,0.3681,0.3753,0.3821,0.3884,0.3942,0.3996,0.4055,0.4128,0.422,0.4331,0.4546,0.5163,0.7286,1.4101,1.6723,0.9132,0.5487,0.4968,0.7186,0.5982,0.4551,0.3496,0.2206,0.0695,-0.0131,-0.0331,-0.1147,-0.1785,-0.226,-0.3041,-0.4048,-0.4513,-0.4146,-0.3409,-0.2679,0.359,0.3657,0.3724,0.379,0.3854,0.3918,0.3985,0.4062,0.4162,0.4303,0.4532,0.4982,0.5997,0.8487,1.3478,1.4912,0.9897,0.7788,1.0628,1.2357,0.8441,0.6392,0.5009,0.2999,0.056,-0.0481,-0.0605,-0.2466,-0.283,-0.2805,-0.3349,-0.4375,-0.4859,-0.4404,-0.3569,-0.2772,0.3572,0.3637,0.3701,0.3767,0.3834,0.3905,0.3985,0.4082,0.421,0.4395,0.4691,0.5204,0.6128,0.7701,0.959,1.0004,0.868,0.8195,0.9608,1.0246,0.8968,0.8604,0.7822,0.4857,0.0637,-0.3326,-0.7196,-0.6578,-0.4449,-0.3323,-0.3271,-0.3884,-0.4255,-0.3949,-0.3286,-0.2599,0.3556,0.3618,0.3682,0.3748,0.3819,0.3896,0.3986,0.4097,0.4244,0.4448,0.475,0.5207,0.588,0.6754,0.7558,0.7833,0.7646,0.7697,0.8264,0.8883,1.0059,1.2901,1.3472,0.8481,0.1686,-0.5176,-1.0493,-0.8647,-0.5279,-0.3519,-0.2994,-0.3132,-0.3302,-0.3145,-0.2728,-0.2231,0.3539,0.36,0.3664,0.3731,0.3805,0.3887,0.3983,0.4101,0.4252,0.4453,0.4726,0.5093,0.5562,0.6083,0.6535,0.6798,0.6937,0.7183,0.7721,0.8791,1.135,1.6114,1.7463,1.1299,0.3701,-0.2632,-0.635,-0.6155,-0.4398,-0.3109,-0.2547,-0.2448,-0.2462,-0.2361,-0.2111,-0.1783,0.3522,0.3582,0.3646,0.3713,0.3788,0.3872,0.397,0.4088,0.4234,0.4419,0.4653,0.4941,0.5276,0.5626,0.5941,0.6195,0.643,0.6763,0.7354,0.849,1.0662,1.3591,1.4069,1.015,0.4798,0.0295,-0.243,-0.3179,-0.2804,-0.2261,-0.1931,-0.1812,-0.1773,-0.1697,-0.1544,-0.1332]},{"header":{"la1":42.85,"la2":41.18,"lo1":11.55,"lo2":14.05,"nx":36,"ny":24,"dx":0.07143,"dy":0.07261,"parameterCategory":2,"parameterNumber":3,"parameterNumberName":"northward_wind","parameterUnit":"m.s-1"},"data":[0.0724,0.0966,0.1249,0.1566,0.19,0.2221,0.2485,0.2648,0.2678,0.2576,0.2378,0.2133,0.1886,0.1663,0.1473,0.1315,0.1184,0.1076,0.0986,0.0912,0.0849,0.0792,0.0734,0.0673,0.0605,0.0529,0.0445,0.0353,0.0256,0.0155,0.0051,-0.0054,-0.0158,-0.0259,-0.0357,-0.0449,0.0694,0.0981,0.1332,0.1747,0.2212,0.2685,0.3095,0.3352,0.3388,0.3199,0.2859,0.2467,0.2101,0.1795,0.1552,0.136,0.1205,0.1079,0.0981,0.0905,0.0848,0.0798,0.0749,0.0692,0.0624,0.0546,0.0456,0.0357,0.0251,0.014,0.0025,-0.0091,-0.0205,-0.0316,-0.0422,-0.0522,0.0621,0.0951,0.1379,0.192,0.2571,0.329,0.3966,0.4417,0.4474,0.4118,0.3511,0.287,0.2327,0.1915,0.1614,0.1385,0.1202,0.1053,0.094,0.0866,0.0822,0.0791,0.0756,0.0708,0.0644,0.0563,0.0467,0.0359,0.0242,0.0118,-0.0009,-0.0138,-0.0264,-0.0386,-0.0502,-0.061,0.0487,0.0849,0.1351,0.2036,0.2938,0.4048,0.522,0.6098,0.6232,0.5523,0.4389,0.3321,0.253,0.2002,0.165,0.139,0.1171,0.0981,0.0841,0.0772,0.0759,0.0765,0.0758,0.0725,0.0665,0.0581,0.0478,0.0359,0.0228,0.009,-0.0053,-0.0197,-0.0338,-0.0473,-0.0599,-0.0716,0.0273,0.0642,0.1192,0.2006,0.3198,0.4867,0.6944,0.8803,0.9202,0.769,0.5482,0.3726,0.2641,0.2026,0.1658,0.1383,0.1118,0.0849,0.0646,0.059,0.0648,0.0723,0.0758,0.0745,0.0691,0.0603,0.0489,0.0356,0.0208,0.0052,-0.011,-0.0272,-0.0429,-0.0579,-0.0718,-0.0844,-0.0034,0.0299,0.0836,0.1703,0.3114,0.5393,0.8838,1.2785,1.4013,1.0651,0.6456,0.3835,0.2551,0.1963,0.1653,0.1397,0.1078,0.067,0.0329,0.0304,0.0504,0.0686,0.0773,0.0779,0.0725,0.0629,0.0501,0.035,0.0181,0.0002,-0.0182,-0.0366,-0.0544,-0.0711,-0.0864,-0.1,-0.0436,-0.0193,0.0238,0.1003,0.2375,0.4874,0.9357,1.5914,1.8654,1.2431,0.6199,0.3253,0.2172,0.1824,0.1673,0.1484,0.1139,0.0595,0.0075,0.0087,0.0441,0.0708,0.0824,0.0834,0.0773,0.0662,0.0514,0.0339,0.0144,-0.0063,-0.0275,-0.0486,-0.0688,-0.0875,-0.1043,-0.1189,-0.0912,-0.0816,-0.0589,-0.0115,0.0831,0.2691,0.6222,1.1621,1.3731,0.8213,0.3493,0.1824,0.1576,0.1702,0.1789,0.1698,0.139,0.0877,0.0381,0.0346,0.0623,0.084,0.0928,0.0917,0.0836,0.0703,0.0528,0.0323,0.0095,-0.0148,-0.0395,-0.0639,-0.087,-0.1081,-0.1266,-0.1423,-0.1425,-0.1511,-0.1557,-0.1509,-0.1263,-0.065,0.0485,0.1737,0.1406,-0.0391,-0.0818,0.0049,0.1082,0.1792,0.2101,0.2069,0.1787,0.1376,0.1021,0.0901,0.0966,0.105,0.1075,0.1029,0.0918,0.0753,0.0544,0.03,0.0029,-0.0258,-0.055,-0.0836,-0.1103,-0.1343,-0.1546,-0.1711,-0.1922,-0.2196,-0.2529,-0.2929,-0.3403,-0.3959,-0.4684,-0.6038,-0.8624,-0.9183,-0.5191,-0.1243,0.1144,0.2325,0.2712,0.2598,0.2194,0.1712,0.1368,0.1234,0.1235,0.1262,0.1248,0.1168,0.1021,0.0816,0.0562,0.0268,-0.0056,-0.0401,-0.0751,-0.1091,-0.1405,-0.1677,-0.19,-0.207,-0.2349,-0.2784,-0.3361,-0.4139,-0.5193,-0.6584,-0.8271,-1.0354,-1.5408,-1.8043,-0.8085,-0.1194,0.2078,0.3413,0.3637,0.3253,0.2473,0.1586,0.1132,0.1178,0.1352,0.1456,0.145,0.1342,0.1151,0.0894,0.0584,0.0228,-0.0166,-0.0587,-0.1015,-0.1427,-0.1799,-0.2112,-0.2354,-0.2522,-0.266,-0.3203,-0.3942,-0.4967,-0.6408,-0.8396,-1.0848,-1.2685,-1.3585,-1.3843,-0.5839,0.0537,0.3565,0.4682,0.4603,0.3949,0.25,0.0356,-0.0199,0.0718,0.1414,0.1704,0.1725,0.1574,0.1318,0.0994,0.0614,0.018,-0.0304,-0.0827,-0.1362,-0.1874,-0.2325,-0.2685,-0.294,-0.3093,-0.2831,-0.3414,-0.4207,-0.531,-0.6876,-0.9113,-1.2141,-1.4934,-1.295,-0.7905,-0.1857,0.3011,0.493,0.5125,0.5125,0.4748,0.28,-0.2327,-0.2533,0.0408,0.1741,0.2183,0.2163,0.1901,0.1535,0.112,0.0658,0.0131,-0.0471,-0.1136,-0.1826,-0.2481,-0.3039,-0.3454,-0.371,-0.3821,-0.2857,-0.3415,-0.4156,-0.5159,-0.6537,-0.8427,-1.0842,-1.3008,-1.1136,-0.5035,0.0413,0.4765,0.6158,0.9122,0.6509,0.6529,0.6124,0.1146,-0.0234,0.1602,0.2796,0.3163,0.2879,0.2344,0.1798,0.128,0.0736,0.0102,-0.0657,-0.153,-0.2453,-0.3325,-0.4034,-0.4507,-0.4731,-0.4749,-0.2759,-0.324,-0.3851,-0.4629,-0.5607,-0.6773,-0.7914,-0.8204,-0.6112,-0.2246,0.0945,0.3712,0.6483,0.9825,0.7211,1.0083,1.5066,0.7307,0.3504,0.3613,0.4993,0.5088,0.3951,0.2847,0.2069,0.1486,0.0899,0.0151,-0.0829,-0.2021,-0.3318,-0.4532,-0.5459,-0.5975,-0.6094,-0.5925,-0.257,-0.2947,-0.3395,-0.3912,-0.4471,-0.4973,-0.5166,-0.4585,-0.2899,-0.0923,-0.076,0.3761,0.453,0.5796,0.5845,0.8779,1.2219,0.6816,0.3712,0.4933,0.8991,0.8125,0.4999,0.3162,0.2288,0.1816,0.1287,0.0404,-0.0916,-0.2619,-0.4532,-0.6312,-0.7551,-0.8041,-0.7894,-0.7376,-0.233,-0.26,-0.2892,-0.3184,-0.3427,-0.3521,-0.3305,-0.2606,-0.1465,-0.0462,-0.0516,0.1685,0.2298,0.2021,0.3162,0.4027,0.4263,0.2096,0.0659,0.3429,0.9314,0.8197,0.4661,0.2945,0.2491,0.2532,0.2229,0.1098,-0.0803,-0.332,-0.6243,-0.897,-1.0634,-1.0895,-1.0171,-0.9058,-0.2074,-0.2249,-0.2416,-0.2547,-0.2596,-0.2496,-0.217,-0.1576,-0.0796,-0.0055,0.0562,0.1308,0.1417,0.1201,0.0374,-0.0254,0.0002,-0.2109,-0.4322,-0.0991,0.2719,0.3619,0.2685,0.2252,0.2937,0.4231,0.4342,0.2474,-0.0436,-0.4085,-0.8515,-1.2744,-1.4897,-1.4482,-1.2725,-1.0766,-0.1825,-0.1928,-0.2005,-0.2033,-0.1981,-0.1811,-0.1491,-0.1024,-0.0465,0.0089,0.057,0.0896,0.0818,-0.0186,-0.3683,-0.5087,-0.231,-0.2952,-0.4205,-0.3675,-0.1582,-0.0032,0.0532,0.1354,0.3571,0.7197,0.7895,0.4045,-0.0138,-0.4776,-1.0824,-1.6894,-1.9405,-1.7862,-1.4863,-1.2075,-0.1601,-0.165,-0.1669,-0.164,-0.1544,-0.1363,-0.1086,-0.0728,-0.0328,0.0054,0.0345,0.0436,0.0117,-0.107,-0.3561,-0.4384,-0.2808,-0.3184,-0.5511,-0.6511,-0.3819,-0.2373,-0.1567,-0.0115,0.2783,0.7369,0.8301,0.3101,-0.0687,-0.5105,-1.1602,-1.8435,-2.1039,-1.8994,-1.5544,-1.2496,-0.1408,-0.1422,-0.1406,-0.1349,-0.1241,-0.1074,-0.0848,-0.058,-0.0299,-0.0052,0.0102,0.0077,-0.0248,-0.0996,-0.2001,-0.2467,-0.2461,-0.3126,-0.4591,-0.5149,-0.4528,-0.4728,-0.4545,-0.2698,-0.0139,0.1076,-0.1051,-0.132,-0.1989,-0.4959,-1.0106,-1.5613,-1.8085,-1.6953,-1.4381,-1.187,-0.1247,-0.1239,-0.1205,-0.1138,-0.1034,-0.0891,-0.0714,-0.0517,-0.0324,-0.0171,-0.01,-0.0165,-0.0413,-0.0852,-0.1368,-0.1781,-0.2166,-0.2797,-0.3651,-0.4464,-0.5897,-0.8725,-0.9475,-0.6182,-0.2895,-0.2267,-0.3799,-0.3148,-0.2871,-0.4626,-0.7937,-1.1505,-1.3535,-1.3463,-1.2154,-1.0534,-0.1116,-0.1096,-0.1055,-0.0988,-0.0896,-0.0779,-0.0643,-0.0502,-0.0373,-0.0283,-0.0259,-0.0332,-0.052,-0.0815,-0.1173,-0.1557,-0.2006,-0.2608,-0.3432,-0.471,-0.7282,-1.1524,-1.2668,-0.8441,-0.4545,-0.304,-0.3046,-0.2995,-0.3191,-0.4338,-0.6324,-0.8477,-0.9945,-1.0331,-0.9867,-0.8995,-0.1013,-0.0987,-0.0945,-0.0884,-0.0806,-0.0713,-0.0612,-0.0513,-0.043,-0.0382,-0.0386,-0.046,-0.0614,-0.0843,-0.1137,-0.1492,-0.1935,-0.2523,-0.336,-0.4678,-0.6858,-0.9534,-1.0129,-0.7695,-0.5001,-0.3527,-0.306,-0.3028,-0.3328,-0.4105,-0.5303,-0.6604,-0.7605,-0.8061,-0.7997,-0.7591]}]