docs/data/wind_grid.json
[{"header":{"la1":42.85,"la2":41.18,"lo1":11.55,"lo2":14.05,"nx":36,"ny":24,"dx":0.07143,"dy":0.07261,"parameterCategory":2,"parameterNumber":2,"parameterNumberName":"eastward_wind","parameterUnit":"m.s-1"},"data":[-0.6289,-0.6309,-0.6301,-0.6266,-0.6206,-0.6124,-0.6023,-0.5902,-0.5761,-0.5608,-0.5457,-0.5327,-0.5235,-0.5188,-0.5183,-0.5207,-0.5235,-0.5232,-0.5169,-0.5031,-0.4838,-0.4638,-0.4482,-0.4388,-0.4345,-0.4326,-0.4311,-0.429,-0.4262,-0.4227,-0.419,-0.4152,-0.4115,-0.408,-0.4048,-0.4019,-0.6543,-0.6579,-0.6579,-0.6543,-0.6477,-0.6388,-0.6279,-0.6143,-0.5971,-0.577,-0.5563,-0.5385,-0.5265,-0.5217,-0.524,-0.5315,-0.5403,-0.5445,-0.5376,-0.5158,-0.4825,-0.4489,-0.4269,-0.4193,-0.4206,-0.424,-0.4262,-0.426,-0.4239,-0.4207,-0.4169,-0.4129,-0.4091,-0.4055,-0.4023,-0.3994,-0.6849,-0.6911,-0.6925,-0.6887,-0.6811,-0.6716,-0.6611,-0.6476,-0.6274,-0.5999,-0.5696,-0.5436,-0.527,-0.522,-0.5286,-0.5445,-0.5646,-0.5789,-0.5735,-0.5368,-0.4732,-0.4103,-0.3794,-0.3824,-0.3988,-0.4131,-0.4209,-0.4231,-0.4218,-0.4185,-0.4144,-0.4102,-0.4062,-0.4026,-0.3993,-0.3965,-0.7221,-0.7329,-0.7366,-0.7322,-0.7222,-0.7118,-0.7047,-0.6967,-0.6754,-0.6353,-0.5873,-0.5469,-0.5228,-0.5171,-0.5295,-0.5585,-0.5989,-0.6365,-0.642,-0.5807,-0.449,-0.3157,-0.2777,-0.32,-0.3708,-0.4027,-0.4173,-0.4214,-0.42,-0.4161,-0.4116,-0.407,-0.4028,-0.3991,-0.396,-0.3933,-0.7676,-0.7866,-0.7951,-0.7895,-0.7732,-0.7589,-0.7605,-0.7735,-0.7597,-0.6938,-0.6099,-0.5453,-0.5103,-0.5034,-0.5228,-0.5692,-0.6429,-0.7316,-0.782,-0.6943,-0.4205,-0.1143,-0.0953,-0.2445,-0.3509,-0.4003,-0.4182,-0.4214,-0.4184,-0.4133,-0.4079,-0.4029,-0.3986,-0.395,-0.392,-0.3896,-0.8223,-0.8566,-0.8768,-0.8705,-0.8389,-0.8087,-0.8213,-0.8913,-0.9129,-0.7834,-0.629,-0.5309,-0.4845,-0.4763,-0.5017,-0.5658,-0.6821,-0.8642,-1.0517,-0.9748,-0.5163,0.0227,0.0052,-0.2409,-0.3685,-0.4144,-0.4254,-0.423,-0.4165,-0.4094,-0.403,-0.3978,-0.3936,-0.3902,-0.3875,-0.3854,-0.8841,-0.9453,-0.9941,-0.9958,-0.9327,-0.8561,-0.853,-0.9933,-1.0852,-0.843,-0.6095,-0.4905,-0.4403,-0.4318,-0.4593,-0.5323,-0.6772,-0.9429,-1.3196,-1.2812,-0.8094,-0.409,-0.3072,-0.388,-0.4351,-0.4433,-0.4355,-0.4235,-0.4122,-0.4031,-0.3962,-0.3911,-0.3873,-0.3846,-0.3825,-0.3809,-0.9434,-1.0423,-1.1498,-1.1903,-1.0717,-0.9034,-0.8189,-0.8734,-0.9095,-0.6992,-0.5092,-0.4163,-0.3771,-0.3693,-0.391,-0.458,-0.598,-0.832,-1.1004,-1.1232,-1.0555,-0.9241,-0.6972,-0.5724,-0.5105,-0.4698,-0.4397,-0.4179,-0.4029,-0.3931,-0.3867,-0.3826,-0.38,-0.3782,-0.3769,-0.376,-0.9827,-1.1093,-1.2738,-1.3825,-1.2008,-0.9434,-0.7564,-0.6421,-0.5366,-0.416,-0.349,-0.3201,-0.3018,-0.2927,-0.2952,-0.3405,-0.4783,-0.6718,-0.8615,-1.0555,-1.4081,-1.3089,-0.9081,-0.6709,-0.5449,-0.4717,-0.4272,-0.4008,-0.3859,-0.3781,-0.3742,-0.3724,-0.3715,-0.3711,-0.3709,-0.3708,-0.9905,-1.1157,-1.2536,-1.323,-1.2177,-0.9667,-0.7107,-0.4713,-0.192,-0.0649,-0.1672,-0.2256,-0.2231,-0.2108,-0.1838,-0.1736,-0.3775,-0.5962,-0.7712,-0.9656,-1.235,-1.1745,-0.8717,-0.6516,-0.5166,-0.4351,-0.3894,-0.3675,-0.3593,-0.3579,-0.359,-0.3608,-0.3625,-0.3638,-0.3648,-0.3656,-0.9705,-1.0934,-1.2558,-1.4803,-1.411,-1.007,-0.712,-0.4359,0.164,0.4556,-0.0268,-0.1619,-0.139,-0.1063,-0.1362,-0.1574,-0.4008,-0.6643,-0.8095,-0.8574,-0.8929,-0.845,-0.6993,-0.547,-0.428,-0.3526,-0.3199,-0.3156,-0.3235,-0.3337,-0.3425,-0.349,-0.3536,-0.3567,-0.3589,-0.3605,-0.9254,-1.0389,-1.208,-1.4325,-1.3511,-0.9649,-0.7802,-0.7207,-0.2622,0.1072,-0.1108,-0.1497,-0.0505,0.1213,-0.0012,-0.2555,-0.5672,-1.0235,-1.1491,-0.9216,-0.7576,-0.6487,-0.5346,-0.4077,-0.2866,-0.2142,-0.2124,-0.2465,-0.2823,-0.3092,-0.3273,-0.3388,-0.3459,-0.3503,-0.3533,-0.3556,-0.8575,-0.9376,-1.0327,-1.0989,-1.0202,-0.8582,-0.8448,-1.0009,-0.7928,-0.387,-0.2406,-0.1759,-0.074,0.2078,0.0705,-0.3118,-0.7019,-1.8142,-1.8614,-1.0319,-0.6805,-0.5148,-0.3982,-0.265,-0.0978,-0.0053,-0.0702,-0.173,-0.2465,-0.2912,-0.3172,-0.3319,-0.3401,-0.3449,-0.3481,-0.3507,-0.7795,-0.824,-0.8608,-0.8654,-0.8186,-0.7652,-0.7883,-0.8795,-0.7581,-0.4465,-0.2746,-0.2,-0.1755,-0.105,-0.2084,-0.4032,-0.6064,-1.2125,-1.3397,-0.8249,-0.5088,-0.3589,-0.276,-0.1607,0.0554,0.1878,0.0365,-0.133,-0.2335,-0.2876,-0.3158,-0.3298,-0.3364,-0.34,-0.3427,-0.3455,-0.705,-0.7252,-0.7345,-0.7247,-0.6962,-0.6686,-0.6616,-0.6461,-0.5378,-0.3705,-0.2673,-0.2292,-0.198,-0.1952,-0.3041,-0.4528,-1.0082,-0.7574,-0.6642,-0.4343,-0.1985,-0.1299,-0.1539,-0.1278,-0.0009,0.0896,-0.0246,-0.1682,-0.2571,-0.3035,-0.3244,-0.3316,-0.333,-0.3336,-0.3356,-0.339,-0.64,-0.6462,-0.6434,-0.6291,-0.6051,-0.5771,-0.5456,-0.4944,-0.4052,-0.298,-0.2223,-0.2764,-0.2416,-0.2136,-0.2971,-0.5405,-0.8347,-0.5436,-0.3204,-0.0883,0.2329,0.17,-0.0354,-0.1243,-0.1316,-0.1314,-0.1886,-0.2636,-0.3141,-0.3369,-0.3401,-0.3329,-0.3247,-0.3215,-0.3241,-0.3299,-0.5855,-0.5835,-0.5747,-0.5579,-0.5336,-0.5028,-0.4635,-0.4104,-0.3419,-0.2703,-0.2216,-0.2273,-0.1705,-0.1351,-0.1758,-0.2484,-0.2872,-0.1351,0.042,0.1125,0.3136,0.2341,0.0072,-0.1367,-0.2298,-0.3006,-0.3547,-0.3845,-0.3918,-0.381,-0.3553,-0.3237,-0.3013,-0.2966,-0.305,-0.3174,-0.54,-0.5333,-0.5211,-0.5027,-0.4779,-0.4467,-0.4082,-0.3617,-0.3095,-0.2599,-0.222,-0.1856,-0.1239,-0.0762,0.09,0.1728,0.0941,0.2729,0.5249,0.291,0.195,0.1173,-0.0203,-0.1753,-0.3354,-0.4781,-0.5397,-0.5224,-0.4818,-0.4292,-0.361,-0.2884,-0.2468,-0.2512,-0.2771,-0.3026,-0.5022,-0.4927,-0.4785,-0.4593,-0.4349,-0.4051,-0.3698,-0.3295,-0.2864,-0.2435,-0.2008,-0.1491,-0.0701,0.1102,0.6686,0.906,0.3762,0.3633,0.5,0.4542,0.2829,0.1235,-0.0277,-0.2134,-0.4483,-0.6811,-0.7357,-0.6586,-0.5768,-0.4816,-0.3584,-0.2227,-0.1591,-0.1928,-0.2492,-0.2912,-0.4707,-0.4594,-0.4443,-0.4251,-0.4015,-0.3736,-0.3415,-0.3057,-0.267,-0.2256,-0.1787,-0.1167,-0.0151,0.196,0.6159,0.7536,0.4159,0.372,0.621,0.7439,0.3992,0.1856,0.0196,-0.202,-0.4929,-0.7446,-0.7935,-0.7737,-0.6797,-0.5494,-0.3834,-0.1966,-0.1171,-0.1717,-0.2443,-0.2925,-0.4443,-0.4321,-0.4167,-0.3978,-0.3754,-0.3493,-0.3199,-0.2871,-0.2511,-0.2109,-0.1633,-0.1008,-0.009,0.1311,0.2982,0.3582,0.3047,0.3292,0.4784,0.5293,0.3812,0.2922,0.1831,-0.0862,-0.4594,-0.8142,-1.1026,-1.0159,-0.7996,-0.6387,-0.4721,-0.2979,-0.2109,-0.2305,-0.2764,-0.3108,-0.4222,-0.4096,-0.3942,-0.376,-0.3547,-0.3305,-0.3032,-0.273,-0.2394,-0.2014,-0.1567,-0.1012,-0.0304,0.0555,0.1378,0.1848,0.2038,0.2417,0.3057,0.3466,0.3982,0.578,0.6032,0.1774,-0.3643,-0.8958,-1.3473,-1.1433,-0.8596,-0.7323,-0.5892,-0.4423,-0.3498,-0.3234,-0.3288,-0.3401,-0.4037,-0.391,-0.376,-0.3585,-0.3384,-0.3158,-0.2906,-0.2627,-0.2317,-0.1969,-0.157,-0.1106,-0.057,0.0006,0.0539,0.0949,0.1276,0.1652,0.214,0.2853,0.456,0.8324,0.9523,0.3934,-0.2194,-0.6916,-0.9584,-0.9186,-0.8722,-0.8207,-0.6794,-0.5417,-0.4473,-0.3976,-0.3768,-0.3693,-0.3882,-0.3757,-0.3611,-0.3444,-0.3256,-0.3046,-0.2813,-0.2557,-0.2275,-0.1963,-0.1616,-0.1232,-0.0816,-0.0389,0.0013,0.0367,0.0695,0.1054,0.1523,0.2294,0.3796,0.6035,0.634,0.285,-0.1528,-0.4979,-0.706,-0.8027,-0.8704,-0.8273,-0.6996,-0.5804,-0.4946,-0.4404,-0.4091,-0.3915]},{"header":{"la1":42.85,"la2":41.18,"lo1":11.55,"lo2":14.05,"nx":36,"ny":24,"dx":0.07143,"dy":0.07261,"parameterCategory":2,"parameterNumber":3,"parameterNumberName":"northward_wind","parameterUnit":"m.s-1"},"data":[-0.6374,-0.6245,-0.608,-0.5879,-0.565,-0.5412,-0.5194,-0.5027,-0.4933,-0.4911,-0.4933,-0.4964,-0.497,-0.4933,-0.4847,-0.4717,-0.4555,-0.4378,-0.4202,-0.4042,-0.3914,-0.3827,-0.3791,-0.3803,-0.3855,-0.3932,-0.4025,-0.4125,-0.4229,-0.4333,-0.4437,-0.4539,-0.4638,-0.4734,-0.4826,-0.4914,-0.6486,-0.6343,-0.6147,-0.5891,-0.558,-0.524,-0.4918,-0.468,-0.4576,-0.4608,-0.4723,-0.4845,-0.4917,-0.4911,-0.4826,-0.4672,-0.4469,-0.4244,-0.402,-0.3818,-0.3654,-0.3548,-0.3515,-0.3553,-0.3641,-0.3756,-0.3882,-0.401,-0.4136,-0.426,-0.438,-0.4497,-0.461,-0.4717,-0.482,-0.4916,-0.6634,-0.6484,-0.6257,-0.5933,-0.5504,-0.4992,-0.4475,-0.4086,-0.3957,-0.4104,-0.4404,-0.4695,-0.4876,-0.492,-0.4834,-0.4644,-0.4383,-0.4089,-0.3803,-0.3548,-0.3336,-0.3197,-0.3171,-0.3256,-0.3404,-0.3571,-0.3737,-0.3896,-0.4048,-0.4192,-0.433,-0.4463,-0.4589,-0.471,-0.4823,-0.4929,-0.6829,-0.6689,-0.6445,-0.6049,-0.5459,-0.4666,-0.3763,-0.3026,-0.2821,-0.3232,-0.3924,-0.4523,-0.4876,-0.4984,-0.4892,-0.4648,-0.4298,-0.3904,-0.3537,-0.3233,-0.2963,-0.2756,-0.2743,-0.2919,-0.3159,-0.3391,-0.3601,-0.3792,-0.3968,-0.4132,-0.4289,-0.4438,-0.4579,-0.4713,-0.4838,-0.4955,-0.7078,-0.698,-0.6755,-0.6313,-0.5539,-0.4325,-0.2679,-0.1076,-0.0616,-0.1703,-0.3259,-0.4389,-0.4969,-0.5141,-0.503,-0.4708,-0.4226,-0.3666,-0.3185,-0.2883,-0.2595,-0.2265,-0.228,-0.2604,-0.2947,-0.3238,-0.3485,-0.3702,-0.39,-0.4084,-0.4259,-0.4425,-0.4583,-0.4731,-0.4869,-0.4995,-0.7378,-0.7371,-0.7239,-0.683,-0.5922,-0.4222,-0.1366,0.2306,0.3622,0.0686,-0.2613,-0.4458,-0.5239,-0.5435,-0.5287,-0.4873,-0.4213,-0.3372,-0.2649,-0.2464,-0.2365,-0.2042,-0.2078,-0.2447,-0.2817,-0.313,-0.3397,-0.3632,-0.3847,-0.405,-0.4243,-0.4428,-0.4603,-0.4767,-0.4918,-0.5055,-0.7701,-0.7847,-0.7928,-0.7698,-0.6796,-0.4848,-0.1031,0.5432,0.8474,0.2332,-0.2818,-0.501,-0.5761,-0.5899,-0.5712,-0.5227,-0.4399,-0.3239,-0.2135,-0.2096,-0.2148,-0.2073,-0.2165,-0.2428,-0.2756,-0.3062,-0.3333,-0.3578,-0.3808,-0.4029,-0.4242,-0.4448,-0.4643,-0.4825,-0.499,-0.5139,-0.7982,-0.8314,-0.8763,-0.8915,-0.8066,-0.6343,-0.337,0.149,0.3642,-0.1045,-0.4781,-0.6163,-0.6511,-0.6522,-0.6369,-0.5897,-0.4951,-0.368,-0.2572,-0.2076,-0.1287,-0.1237,-0.1833,-0.232,-0.2699,-0.3011,-0.3282,-0.3534,-0.3778,-0.402,-0.4258,-0.449,-0.4709,-0.4911,-0.5093,-0.5253,-0.8126,-0.8544,-0.9351,-1.0049,-0.896,-0.785,-0.6871,-0.58,-0.5875,-0.7208,-0.7793,-0.7601,-0.7309,-0.7225,-0.7393,-0.7149,-0.5881,-0.4381,-0.3091,-0.1632,0.0587,0.0205,-0.1357,-0.219,-0.2646,-0.2961,-0.3228,-0.3486,-0.375,-0.4021,-0.4294,-0.4559,-0.4808,-0.5035,-0.5235,-0.5406,-0.8096,-0.8322,-0.872,-0.8989,-0.8315,-0.8708,-0.963,-1.08,-1.2644,-1.3153,-1.083,-0.8836,-0.7907,-0.7801,-0.8918,-0.9614,-0.689,-0.4826,-0.3451,-0.1989,-0.0285,-0.0413,-0.1536,-0.2233,-0.2622,-0.2892,-0.3142,-0.3414,-0.3714,-0.4032,-0.4353,-0.4664,-0.4953,-0.521,-0.5429,-0.5609,-0.7997,-0.7912,-0.7365,-0.5778,-0.6234,-0.921,-1.1872,-1.402,-1.7624,-1.9579,-1.3013,-0.9405,-0.8195,-0.804,-0.8815,-0.9638,-0.6491,-0.461,-0.3623,-0.2757,-0.1981,-0.1785,-0.206,-0.2357,-0.2564,-0.2743,-0.2976,-0.329,-0.366,-0.4054,-0.4447,-0.4822,-0.5162,-0.5454,-0.5693,-0.5878,-0.7982,-0.7819,-0.719,-0.5943,-0.6674,-1.051,-1.4404,-1.6821,-1.7045,-1.6897,-1.2138,-0.9103,-0.8318,-0.8998,-0.8055,-0.6143,-0.4562,-0.3918,-0.3633,-0.305,-0.2546,-0.2302,-0.2284,-0.2332,-0.2341,-0.2397,-0.2655,-0.3088,-0.359,-0.4103,-0.4599,-0.506,-0.5465,-0.5799,-0.6054,-0.6234,-0.808,-0.807,-0.7949,-0.7978,-0.9195,-1.2188,-1.6217,-1.9692,-1.7642,-1.3615,-1.0311,-0.8611,-0.8047,-0.9552,-0.7994,-0.3342,-0.221,-0.4044,-0.4186,-0.2932,-0.2375,-0.2147,-0.2119,-0.2093,-0.1875,-0.1731,-0.2138,-0.2833,-0.3541,-0.4214,-0.4847,-0.5421,-0.591,-0.6289,-0.6551,-0.6707,-0.8207,-0.8366,-0.8608,-0.9147,-1.0357,-1.2461,-1.5251,-1.7713,-1.6223,-1.1844,-0.9047,-0.8698,-0.8466,-0.4425,-0.3035,0.2022,0.1706,-0.1508,-0.2752,-0.2108,-0.1557,-0.1394,-0.162,-0.1781,-0.1429,-0.1046,-0.1705,-0.2692,-0.3599,-0.4446,-0.5249,-0.5976,-0.6573,-0.6996,-0.7239,-0.7333,-0.828,-0.8522,-0.8879,-0.9454,-1.0362,-1.1608,-1.2933,-1.3538,-1.2204,-0.9638,-0.7827,-0.6963,-0.5278,-0.22,-0.1086,0.3728,0.9569,0.2394,-0.07,-0.0747,0.0445,0.0429,-0.0714,-0.1513,-0.1561,-0.139,-0.1941,-0.2859,-0.3834,-0.485,-0.5881,-0.6833,-0.7578,-0.803,-0.8196,-0.8155,-0.8268,-0.8517,-0.8849,-0.9298,-0.9869,-1.0484,-1.0909,-1.0739,-0.9675,-0.8108,-0.7023,-0.6192,-0.5836,-0.4418,-0.219,0.2415,0.6704,0.1738,-0.0826,0.05,0.5122,0.397,0.0407,-0.1283,-0.1822,-0.2006,-0.2402,-0.314,-0.4171,-0.5437,-0.6838,-0.8167,-0.9134,-0.9562,-0.952,-0.9209,-0.8184,-0.8398,-0.8656,-0.8956,-0.927,-0.9518,-0.9558,-0.9229,-0.8494,-0.7591,-0.7001,-0.6768,-0.8018,-0.8452,-0.4679,-0.2073,-0.0973,-0.247,-0.3598,-0.0754,0.57,0.4277,0.0312,-0.1388,-0.186,-0.1929,-0.222,-0.3066,-0.4417,-0.6168,-0.8233,-1.0264,-1.1586,-1.1826,-1.1291,-1.0486,-0.8051,-0.8217,-0.8396,-0.8577,-0.8727,-0.8792,-0.8701,-0.8404,-0.7933,-0.7433,-0.7112,-0.7219,-0.8633,-0.886,-0.6604,-0.559,-0.4759,-0.6487,-0.9049,-0.4848,-0.1048,-0.0279,-0.1311,-0.1896,-0.1583,-0.0715,-0.071,-0.2261,-0.4434,-0.6974,-1.0121,-1.3456,-1.5341,-1.4953,-1.3421,-1.1846,-0.7894,-0.8013,-0.8128,-0.8225,-0.8281,-0.8263,-0.8141,-0.7906,-0.7593,-0.7285,-0.7086,-0.7113,-0.7388,-0.7501,-0.8513,-0.9157,-0.6662,-0.7003,-0.8081,-0.6224,-0.4375,-0.3239,-0.2947,-0.2542,-0.1047,0.2054,0.2705,-0.1036,-0.4458,-0.7731,-1.2088,-1.7343,-1.9938,-1.8266,-1.5338,-1.294,-0.7731,-0.781,-0.7877,-0.7921,-0.7925,-0.7872,-0.7752,-0.7567,-0.7343,-0.7127,-0.697,-0.6914,-0.6971,-0.725,-0.8278,-0.8582,-0.6956,-0.6477,-0.6708,-0.6804,-0.5636,-0.4787,-0.4298,-0.3496,-0.1604,0.2311,0.3205,-0.1925,-0.5188,-0.8253,-1.2789,-1.8896,-2.1826,-1.9468,-1.5982,-1.332,-0.7572,-0.7621,-0.7655,-0.7665,-0.7641,-0.7576,-0.7466,-0.7316,-0.7144,-0.6976,-0.6839,-0.6757,-0.6753,-0.6881,-0.7132,-0.7066,-0.6558,-0.6281,-0.6382,-0.6391,-0.6073,-0.6046,-0.5876,-0.501,-0.38,-0.3317,-0.5341,-0.5783,-0.6661,-0.8574,-1.1684,-1.6005,-1.8445,-1.731,-1.4927,-1.2842,-0.7424,-0.745,-0.7461,-0.7451,-0.7414,-0.7346,-0.7246,-0.7121,-0.6981,-0.6842,-0.6719,-0.6628,-0.6579,-0.6577,-0.6578,-0.6477,-0.6281,-0.6156,-0.6176,-0.6302,-0.6774,-0.7928,-0.8245,-0.6807,-0.5682,-0.6167,-0.7867,-0.7537,-0.8266,-0.9154,-1.0419,-1.2535,-1.412,-1.4106,-1.3075,-1.1843,-0.7288,-0.7299,-0.7295,-0.7273,-0.7229,-0.7162,-0.7073,-0.6965,-0.6847,-0.6728,-0.6616,-0.6522,-0.6448,-0.6391,-0.6331,-0.6246,-0.6153,-0.6114,-0.6195,-0.6515,-0.7437,-0.927,-0.982,-0.7921,-0.6647,-0.6696,-0.7398,-0.8539,-1.0402,-1.0177,-0.9949,-1.0649,-1.1469,-1.1723,-1.1393,-1.0773,-0.7167,-0.7166,-0.7152,-0.7123,-0.7077,-0.7013,-0.6933,-0.6839,-0.6737,-0.6632,-0.6531,-0.6439,-0.6357,-0.6285,-0.6217,-0.6152,-0.6107,-0.6118,-0.6246,-0.6596,-0.7345,-0.8409,-0.8667,-0.7726,-0.6982,-0.7001,-0.7681,-0.9144,-1.0677,-1.0335,-0.9724,-0.9769,-1.0086,-1.0265,-1.017,-0.9868]}]