docs/data/wind_grid.json
{"header": {"la1":42.1,"la2":41.55,"lo1":12.1,"lo2":12.95,"nx":50,"ny":50,"dx":0.01735,"dy":0.01122,"parameterCategory":2,"parameterNumber":2,"parameterNumberName":"eastward_wind","parameterUnit":"m.s-1"}, "data":
[rows 0 to 41 of 50, columns 0 to 49 of 50]
-0.134,-0.1378,-0.1425,-0.148,-0.1545,-0.1619,-0.1703,-0.1798,-0.1902,-0.2017,-0.2141,-0.2274,-0.2416,-0.2566,-0.2725,-0.2892,-0.3067,-0.3252,-0.345,-0.3662,-0.3895,-0.4152,-0.4441,-0.4769,-0.5144,-0.5575,-0.6069,-0.6634,-0.7277,-0.8002,-0.881,-0.9698,-1.0656,-1.1667,-1.2706,-1.374,-1.4729,-1.5629,-1.6402,-1.7017,-1.7454,-1.771,-1.7796,-1.7732,-1.7543,-1.7258,-1.6903,-1.6502,-1.6074,-1.5634
-0.1246,-0.1281,-0.1326,-0.138,-0.1443,-0.1517,-0.1601,-0.1696,-0.1802,-0.1918,-0.2044,-0.2179,-0.2324,-0.2476,-0.2636,-0.2804,-0.2979,-0.3164,-0.3359,-0.3568,-0.3796,-0.4049,-0.4333,-0.4658,-0.5033,-0.5466,-0.5968,-0.6547,-0.7212,-0.7968,-0.8818,-0.976,-1.0785,-1.1877,-1.3007,-1.4137,-1.5221,-1.6207,-1.7049,-1.7708,-1.8163,-1.8412,-1.8468,-1.8357,-1.8112,-1.7767,-1.7351,-1.6893,-1.6411,-1.5924
-0.1148,-0.1182,-0.1224,-0.1276,-0.1338,-0.1411,-0.1496,-0.1591,-0.1698,-0.1816,-0.1944,-0.2083,-0.223,-0.2385,-0.2547,-0.2716,-0.2892,-0.3075,-0.3268,-0.3473,-0.3696,-0.3943,-0.4222,-0.4542,-0.4914,-0.5348,-0.5855,-0.6446,-0.7131,-0.7917,-0.8809,-0.9806,-1.0902,-1.2079,-1.3308,-1.4545,-1.5735,-1.6818,-1.7736,-1.8444,-1.8917,-1.9153,-1.9172,-1.9006,-1.8696,-1.8283,-1.78,-1.7279,-1.6741,-1.6204
-0.1048,-0.1079,-0.1119,-0.1169,-0.123,-0.1302,-0.1386,-0.1483,-0.1591,-0.1711,-0.1842,-0.1984,-0.2134,-0.2293,-0.2458,-0.2629,-0.2806,-0.2988,-0.3178,-0.3379,-0.3596,-0.3835,-0.4107,-0.442,-0.4787,-0.5219,-0.573,-0.6331,-0.7033,-0.7847,-0.878,-0.9833,-1.1001,-1.2269,-1.3603,-1.4957,-1.6266,-1.7458,-1.8462,-1.9223,-1.9713,-1.9931,-1.9904,-1.9674,-1.929,-1.88,-1.8245,-1.7656,-1.7059,-1.6471
-0.0945,-0.0973,-0.101,-0.1058,-0.1117,-0.1188,-0.1273,-0.137,-0.148,-0.1602,-0.1737,-0.1882,-0.2037,-0.22,-0.2369,-0.2543,-0.2721,-0.2903,-0.309,-0.3286,-0.3496,-0.3727,-0.3989,-0.4294,-0.4654,-0.5082,-0.5593,-0.62,-0.6918,-0.7757,-0.8728,-0.9835,-1.1077,-1.2438,-1.3886,-1.5367,-1.6808,-1.8122,-1.9222,-2.0042,-2.0547,-2.074,-2.0658,-2.0353,-1.9885,-1.9311,-1.8677,-1.8019,-1.736,-1.672
-0.0839,-0.0863,-0.0897,-0.0943,-0.1,-0.107,-0.1154,-0.1252,-0.1364,-0.1489,-0.1628,-0.1778,-0.1938,-0.2106,-0.228,-0.2458,-0.2638,-0.282,-0.3005,-0.3196,-0.3398,-0.362,-0.3871,-0.4165,-0.4515,-0.4936,-0.5445,-0.6056,-0.6784,-0.7645,-0.865,-0.9809,-1.1122,-1.2578,-1.4144,-1.5763,-1.735,-1.8799,-2.0007,-2.089,-2.1409,-2.1571,-2.1423,-2.1033,-2.0472,-1.9807,-1.909,-1.8358,-1.7638,-1.6945
-0.073,-0.075,-0.0781,-0.0823,-0.0879,-0.0948,-0.1031,-0.113,-0.1243,-0.1372,-0.1515,-0.167,-0.1836,-0.2011,-0.2191,-0.2374,-0.2558,-0.2741,-0.2925,-0.311,-0.3304,-0.3515,-0.3753,-0.4033,-0.4371,-0.4783,-0.5286,-0.5897,-0.6633,-0.751,-0.8544,-0.9748,-1.1129,-1.2678,-1.4366,-1.6131,-1.7875,-1.9475,-2.0802,-2.1755,-2.2286,-2.2409,-2.2185,-2.1699,-2.1037,-2.0276,-1.9473,-1.8668,-1.7886,-1.7143
-0.0617,-0.0633,-0.066,-0.0699,-0.0752,-0.0819,-0.0902,-0.1002,-0.1117,-0.125,-0.1397,-0.1559,-0.1732,-0.1914,-0.2102,-0.2292,-0.2481,-0.2667,-0.2849,-0.303,-0.3215,-0.3413,-0.3637,-0.3902,-0.4225,-0.4625,-0.5119,-0.5725,-0.6463,-0.7351,-0.8407,-0.9649,-1.1089,-1.2727,-1.4535,-1.6451,-1.8365,-2.013,-2.1588,-2.2616,-2.3158,-2.3234,-2.2924,-2.2333,-2.1564,-2.0704,-1.9815,-1.8937,-1.8097,-1.7307
-0.0502,-0.0513,-0.0535,-0.057,-0.062,-0.0685,-0.0767,-0.0867,-0.0985,-0.1121,-0.1274,-0.1443,-0.1625,-0.1816,-0.2013,-0.2212,-0.2408,-0.2598,-0.278,-0.2957,-0.3133,-0.3318,-0.3525,-0.3773,-0.4078,-0.4463,-0.4944,-0.5543,-0.6277,-0.7168,-0.8237,-0.9506,-1.0995,-1.271,-1.4633,-1.67,-1.8791,-2.0732,-2.2334,-2.3443,-2.3994,-2.4017,-2.3613,-2.2912,-2.2034,-2.1076,-2.0103,-1.9158,-1.8264,-1.7432
-0.0383,-0.0388,-0.0406,-0.0436,-0.0482,-0.0545,-0.0626,-0.0726,-0.0846,-0.0986,-0.1145,-0.1322,-0.1513,-0.1715,-0.1924,-0.2133,-0.2338,-0.2535,-0.2719,-0.2893,-0.306,-0.3231,-0.342,-0.3647,-0.3933,-0.4299,-0.4766,-0.5351,-0.6077,-0.6963,-0.8033,-0.9316,-1.0837,-1.2614,-1.4638,-1.685,-1.9119,-2.1246,-2.3,-2.4197,-2.4757,-2.4723,-2.4222,-2.341,-2.2425,-2.1374,-2.0325,-1.9319,-1.8379,-1.7512
-0.026,-0.026,-0.0271,-0.0297,-0.0338,-0.0398,-0.0476,-0.0576,-0.0698,-0.0843,-0.1008,-0.1194,-0.1396,-0.1611,-0.1833,-0.2056,-0.2273,-0.2478,-0.2667,-0.2839,-0.2998,-0.3154,-0.3324,-0.3529,-0.3793,-0.4138,-0.4585,-0.5154,-0.5864,-0.6736,-0.7796,-0.9075,-1.0608,-1.2424,-1.4528,-1.6868,-1.9309,-2.1623,-2.3536,-2.4825,-2.5396,-2.5306,-2.4712,-2.3795,-2.2714,-2.1581,-2.0467,-1.9413,-1.8436,-1.7543
-0.0134,-0.0127,-0.0132,-0.0152,-0.0188,-0.0243,-0.0319,-0.0418,-0.0542,-0.069,-0.0863,-0.1058,-0.1273,-0.1503,-0.1741,-0.198,-0.2212,-0.2429,-0.2625,-0.2798,-0.2949,-0.309,-0.3239,-0.342,-0.3659,-0.3981,-0.4407,-0.4955,-0.5643,-0.6492,-0.7527,-0.8783,-1.0303,-1.2128,-1.428,-1.6722,-1.9315,-2.1807,-2.388,-2.5265,-2.5853,-2.5716,-2.5041,-2.4036,-2.2876,-2.168,-2.0519,-1.943,-1.843,-1.752
-0.0005,0.001,0.0012,-0.0,-0.003,-0.008,-0.0153,-0.0251,-0.0375,-0.0528,-0.0707,-0.0913,-0.1142,-0.1387,-0.1644,-0.1903,-0.2153,-0.2387,-0.2594,-0.277,-0.2915,-0.3041,-0.3168,-0.3323,-0.3536,-0.3832,-0.4234,-0.4756,-0.5417,-0.6233,-0.7228,-0.844,-0.9917,-1.1716,-1.3877,-1.6379,-1.9091,-2.1741,-2.3964,-2.5447,-2.6063,-2.5898,-2.5167,-2.4102,-2.289,-2.1656,-2.0469,-1.9364,-1.8355,-1.7441
0.0128,0.0151,0.0162,0.0158,0.0135,0.0091,0.0023,-0.0072,-0.0197,-0.0353,-0.054,-0.0757,-0.1,-0.1264,-0.1542,-0.1823,-0.2096,-0.235,-0.2572,-0.2756,-0.2898,-0.301,-0.3114,-0.3241,-0.3426,-0.3695,-0.4069,-0.4563,-0.519,-0.5963,-0.6904,-0.8048,-0.9452,-1.1184,-1.3304,-1.5815,-1.8597,-2.1368,-2.3723,-2.5305,-2.5966,-2.5802,-2.5052,-2.3966,-2.2739,-2.1497,-2.031,-1.921,-1.8209,-1.7304
0.0264,0.0297,0.0317,0.0322,0.0308,0.0272,0.021,0.0119,-0.0006,-0.0164,-0.0358,-0.0587,-0.0846,-0.113,-0.1431,-0.1738,-0.2038,-0.2316,-0.2559,-0.2755,-0.2899,-0.2999,-0.3078,-0.3176,-0.333,-0.3571,-0.3916,-0.4379,-0.4966,-0.5687,-0.6558,-0.7613,-0.8912,-1.0533,-1.2558,-1.5016,-1.7807,-2.0647,-2.3104,-2.4781,-2.551,-2.539,-2.467,-2.361,-2.2411,-2.1199,-2.004,-1.8968,-1.7991,-1.711
0.0404,0.0447,0.0478,0.0493,0.049,0.0463,0.0409,0.0322,0.02,0.0039,-0.0161,-0.0401,-0.0676,-0.0982,-0.1309,-0.1645,-0.1975,-0.2283,-0.2552,-0.2766,-0.2917,-0.3007,-0.3062,-0.3128,-0.3251,-0.3462,-0.3777,-0.4206,-0.4749,-0.541,-0.6197,-0.7141,-0.8303,-0.9772,-1.1647,-1.3987,-1.6717,-1.9564,-2.2082,-2.3849,-2.4673,-2.4644,-2.401,-2.3032,-2.1907,-2.0761,-1.966,-1.8638,-1.7704,-1.6859
0.0545,0.06,0.0643,0.0671,0.068,0.0664,0.062,0.054,0.0422,0.0261,0.0054,-0.0196,-0.0489,-0.0817,-0.1171,-0.1539,-0.1904,-0.2246,-0.2545,-0.2784,-0.2948,-0.3033,-0.3065,-0.3098,-0.3189,-0.3369,-0.3653,-0.4045,-0.4541,-0.5134,-0.5826,-0.664,-0.7637,-0.8915,-1.0592,-1.2751,-1.535,-1.8138,-2.0675,-2.2521,-2.3465,-2.3576,-2.3085,-2.2241,-2.1236,-2.0192,-1.9177,-1.8226,-1.7352,-1.6555
0.069,0.0757,0.0814,0.0855,0.0878,0.0876,0.0844,0.0774,0.0662,0.0501,0.0291,0.0029,-0.028,-0.0632,-0.1015,-0.1417,-0.1819,-0.2198,-0.2531,-0.2799,-0.2984,-0.3072,-0.3081,-0.3082,-0.3141,-0.3292,-0.3545,-0.3899,-0.4344,-0.4864,-0.545,-0.6119,-0.6929,-0.7987,-0.9425,-1.1353,-1.3763,-1.6433,-1.8943,-2.0857,-2.194,-2.2231,-2.193,-2.1265,-2.0418,-1.9507,-1.8603,-1.7742,-1.6941,-1.6204
0.0836,0.0917,0.0989,0.1046,0.1085,0.1099,0.1082,0.1024,0.092,0.0763,0.0549,0.0278,-0.0048,-0.0422,-0.0836,-0.1273,-0.1714,-0.2132,-0.2501,-0.2799,-0.301,-0.3109,-0.3101,-0.3071,-0.3102,-0.3226,-0.3449,-0.3766,-0.4159,-0.4602,-0.5075,-0.5588,-0.6197,-0.7014,-0.819,-0.9857,-1.2037,-1.4546,-1.6994,-1.8956,-2.0185,-2.068,-2.06,-2.0145,-1.9483,-1.8728,-1.7952,-1.7196,-1.6479,-1.5811
0.0984,0.108,0.1168,0.1243,0.1301,0.1334,0.1334,0.1292,0.12,0.1049,0.0833,0.0553,0.0211,-0.0187,-0.0629,-0.1102,-0.1584,-0.2043,-0.2447,-0.277,-0.3002,-0.3119,-0.3102,-0.3053,-0.3065,-0.3167,-0.3364,-0.3645,-0.3987,-0.4351,-0.4708,-0.5059,-0.546,-0.6032,-0.694,-0.8338,-1.0274,-1.2597,-1.4955,-1.6946,-1.831,-1.901,-1.9161,-1.893,-1.8466,-1.788,-1.7244,-1.6601,-1.5977,-1.5384
0.1132,0.1244,0.135,0.1445,0.1524,0.1579,0.1601,0.1579,0.1502,0.136,0.1145,0.0856,0.0498,0.0078,-0.0392,-0.09,-0.1424,-0.1927,-0.2367,-0.2707,-0.2943,-0.3067,-0.306,-0.3016,-0.3024,-0.3112,-0.3286,-0.3535,-0.3826,-0.4113,-0.4354,-0.4545,-0.4742,-0.5078,-0.5733,-0.6877,-0.8578,-1.0711,-1.296,-1.4953,-1.6427,-1.7313,-1.7683,-1.767,-1.7405,-1.699,-1.6497,-1.5972,-1.5444,-1.493
0.1279,0.1409,0.1534,0.1651,0.1754,0.1835,0.1883,0.1885,0.1828,0.1698,0.1485,0.1188,0.0813,0.0372,-0.0124,-0.0664,-0.1229,-0.1781,-0.2263,-0.2625,-0.285,-0.2957,-0.2974,-0.2959,-0.2976,-0.3058,-0.3214,-0.3433,-0.3677,-0.3891,-0.4022,-0.4062,-0.4072,-0.4196,-0.463,-0.5554,-0.7045,-0.8995,-1.1123,-1.3087,-1.4633,-1.5669,-1.6229,-1.6415,-1.6336,-1.6085,-1.5732,-1.5324,-1.4892,-1.4458
0.1426,0.1573,0.1719,0.186,0.199,0.21,0.2179,0.2211,0.218,0.2066,0.1858,0.1551,0.1157,0.0693,0.0175,-0.0392,-0.0996,-0.1602,-0.2142,-0.2547,-0.2786,-0.288,-0.2899,-0.2902,-0.2926,-0.3003,-0.3145,-0.3339,-0.3541,-0.3688,-0.3721,-0.3628,-0.3479,-0.3429,-0.3686,-0.4434,-0.5747,-0.7527,-0.9523,-1.1427,-1.3001,-1.414,-1.4851,-1.5204,-1.5289,-1.5188,-1.4965,-1.4669,-1.4331,-1.3975
0.1569,0.1735,0.1904,0.207,0.223,0.2373,0.2488,0.2557,0.2558,0.2467,0.2265,0.1946,0.1526,0.1036,0.0497,-0.0086,-0.0721,-0.1383,-0.1999,-0.248,-0.2777,-0.2888,-0.2881,-0.2862,-0.2878,-0.2948,-0.3079,-0.3252,-0.3418,-0.3509,-0.3461,-0.3263,-0.2991,-0.2815,-0.2946,-0.3561,-0.4726,-0.6347,-0.82,-1.0013,-1.1573,-1.2767,-1.3584,-1.4068,-1.429,-1.4319,-1.4214,-1.402,-1.3771,-1.349
0.1709,0.1894,0.2085,0.2279,0.2471,0.2651,0.2808,0.2921,0.2963,0.2903,0.271,0.2374,0.1916,0.1388,0.0831,0.0244,-0.0405,-0.1116,-0.1816,-0.2395,-0.2771,-0.2912,-0.2882,-0.2831,-0.2831,-0.2894,-0.3015,-0.3171,-0.3309,-0.3357,-0.3251,-0.2981,-0.2632,-0.238,-0.2432,-0.2952,-0.3991,-0.546,-0.7159,-0.8857,-1.0363,-1.1569,-1.2448,-1.3027,-1.3356,-1.3493,-1.3489,-1.3387,-1.3219,-1.3007
0.1843,0.2048,0.2262,0.2484,0.271,0.2932,0.3136,0.3302,0.3397,0.3378,0.32,0.2839,0.2323,0.1736,0.1154,0.058,-0.0054,-0.0793,-0.1571,-0.2248,-0.2698,-0.2874,-0.285,-0.2788,-0.2779,-0.2837,-0.2953,-0.3096,-0.3214,-0.3235,-0.3096,-0.2792,-0.2413,-0.2131,-0.2143,-0.2595,-0.3522,-0.4841,-0.6381,-0.7944,-0.9367,-1.0548,-1.1452,-1.209,-1.2498,-1.272,-1.2801,-1.2778,-1.2681,-1.2534
0.197,0.2194,0.2432,0.2683,0.2944,0.3209,0.3467,0.3694,0.3856,0.3895,0.3744,0.3351,0.2745,0.2057,0.1435,0.0892,0.0309,-0.042,-0.125,-0.2007,-0.2524,-0.2746,-0.2758,-0.2716,-0.2714,-0.2776,-0.289,-0.3027,-0.3134,-0.3143,-0.2996,-0.2695,-0.2326,-0.2053,-0.2054,-0.2454,-0.3278,-0.445,-0.5827,-0.7245,-0.8564,-0.9693,-1.0592,-1.126,-1.172,-1.2007,-1.2156,-1.22,-1.2165,-1.2074
0.2089,0.2331,0.2591,0.287,0.3167,0.3478,0.3793,0.4092,0.4335,0.4455,0.4351,0.3926,0.3186,0.2333,0.1633,0.1136,0.0647,-0.0025,-0.0867,-0.1676,-0.2252,-0.2535,-0.2607,-0.2609,-0.2632,-0.2706,-0.2826,-0.2962,-0.3067,-0.3078,-0.2946,-0.2676,-0.2349,-0.2112,-0.2121,-0.2479,-0.3206,-0.4237,-0.5454,-0.6724,-0.7929,-0.8988,-0.9858,-1.0533,-1.1024,-1.1356,-1.1557,-1.1655,-1.1673,-1.1631
0.2197,0.2456,0.2737,0.3043,0.3375,0.3731,0.4106,0.4482,0.4822,0.505,0.5031,0.4591,0.3668,0.2551,0.1713,0.127,0.0915,0.0345,-0.0461,-0.1288,-0.1913,-0.2263,-0.241,-0.2471,-0.2533,-0.2629,-0.2759,-0.2901,-0.301,-0.3035,-0.2935,-0.2715,-0.245,-0.2265,-0.2292,-0.2616,-0.3253,-0.4152,-0.5219,-0.6345,-0.7433,-0.8411,-0.9238,-0.9901,-1.0405,-1.0766,-1.1005,-1.1145,-1.1207,-1.1208
0.2293,0.2567,0.2867,0.3198,0.3562,0.396,0.4393,0.4849,0.5297,0.566,0.5775,0.5368,0.423,0.2719,0.1661,0.1275,0.1081,0.0645,-0.0086,-0.0895,-0.1548,-0.1961,-0.2184,-0.2311,-0.2418,-0.2543,-0.269,-0.2842,-0.2962,-0.3009,-0.2949,-0.279,-0.2596,-0.247,-0.2519,-0.2816,-0.3373,-0.4154,-0.5083,-0.6075,-0.7048,-0.7941,-0.8715,-0.9355,-0.9857,-1.0234,-1.05,-1.0673,-1.0769,-1.0806
0.2377,0.2663,0.2979,0.333,0.3721,0.4157,0.4642,0.5172,0.5727,0.6241,0.6538,0.6246,0.4914,0.2892,0.1529,0.1191,0.115,0.0851,0.0219,-0.054,-0.1198,-0.166,-0.195,-0.214,-0.2295,-0.2451,-0.2618,-0.2784,-0.292,-0.2992,-0.2976,-0.2881,-0.2758,-0.2691,-0.2765,-0.3039,-0.3529,-0.4206,-0.5014,-0.5883,-0.6749,-0.7558,-0.8276,-0.8883,-0.9375,-0.9757,-1.0039,-1.0236,-1.036,-1.0426
0.2446,0.2742,0.307,0.3437,0.3849,0.4314,0.4839,0.5429,0.6074,0.6726,0.7218,0.7113,0.5692,0.3169,0.1466,0.1125,0.1175,0.0978,0.0443,-0.0247,-0.0888,-0.1379,-0.1722,-0.1967,-0.2168,-0.2356,-0.2545,-0.2727,-0.288,-0.2979,-0.3008,-0.2973,-0.2916,-0.2902,-0.3001,-0.326,-0.3694,-0.4283,-0.4986,-0.5748,-0.6516,-0.7246,-0.7905,-0.8476,-0.895,-0.933,-0.9621,-0.9833,-0.9979,-1.0068
0.25,0.2802,0.3139,0.3516,0.3942,0.4424,0.4974,0.5601,0.6302,0.7043,0.7672,0.7736,0.6364,0.3603,0.1648,0.1199,0.1222,0.106,0.06,-0.0021,-0.063,-0.1132,-0.1512,-0.1802,-0.2042,-0.2261,-0.2471,-0.267,-0.2841,-0.2967,-0.3036,-0.3055,-0.3056,-0.3091,-0.3213,-0.3462,-0.385,-0.4367,-0.4981,-0.5649,-0.6331,-0.6988,-0.7591,-0.8124,-0.8576,-0.8947,-0.9241,-0.9464,-0.9625,-0.9732
0.2538,0.2844,0.3184,0.3566,0.3996,0.4484,0.5042,0.5676,0.6389,0.7144,0.7795,0.7903,0.6652,0.4062,0.2078,0.1443,0.1329,0.1132,0.0711,0.0149,-0.0424,-0.0923,-0.1325,-0.1649,-0.1922,-0.2168,-0.2398,-0.2613,-0.2803,-0.2953,-0.3058,-0.3123,-0.3173,-0.325,-0.3393,-0.3635,-0.3988,-0.4446,-0.4985,-0.5575,-0.6181,-0.6772,-0.7323,-0.7817,-0.8245,-0.8604,-0.8896,-0.9124,-0.9296,-0.9418
0.256,0.2866,0.3205,0.3585,0.4012,0.4494,0.504,0.5655,0.6333,0.7029,0.759,0.762,0.6508,0.4356,0.2561,0.1772,0.1481,0.1209,0.0796,0.0277,-0.0262,-0.075,-0.1165,-0.1511,-0.181,-0.2078,-0.2327,-0.2557,-0.2763,-0.2936,-0.3071,-0.3174,-0.3266,-0.3377,-0.3538,-0.3776,-0.4102,-0.4513,-0.4992,-0.5515,-0.6055,-0.6588,-0.709,-0.7548,-0.7952,-0.8297,-0.8583,-0.8813,-0.8991,-0.9124
0.2567,0.2869,0.3204,0.3576,0.3991,0.4456,0.4974,0.5547,0.6156,0.6745,0.7159,0.7076,0.6115,0.4435,0.2928,0.2078,0.1643,0.1288,0.0865,0.0372,-0.0137,-0.0612,-0.103,-0.1391,-0.1708,-0.1994,-0.2258,-0.2502,-0.2723,-0.2914,-0.3075,-0.321,-0.3335,-0.3474,-0.3651,-0.3887,-0.4192,-0.4565,-0.4995,-0.5462,-0.5947,-0.6428,-0.6887,-0.7311,-0.769,-0.8019,-0.8298,-0.8527,-0.8709,-0.885
0.2558,0.2854,0.318,0.3539,0.3936,0.4374,0.4854,0.5368,0.5891,0.6356,0.6623,0.6455,0.5646,0.4357,0.313,0.2301,0.1779,0.1358,0.092,0.0444,-0.0042,-0.0502,-0.0918,-0.1287,-0.1617,-0.1917,-0.2193,-0.2448,-0.2681,-0.2889,-0.307,-0.3231,-0.3383,-0.3545,-0.3735,-0.397,-0.4259,-0.4602,-0.4991,-0.5413,-0.585,-0.6287,-0.6707,-0.7099,-0.7455,-0.7768,-0.8038,-0.8263,-0.8447,-0.8593
0.2536,0.2822,0.3135,0.3478,0.3852,0.4258,0.4691,0.5139,0.5571,0.592,0.6068,0.5857,0.5187,0.4189,0.3195,0.2427,0.1871,0.141,0.096,0.0495,0.0029,-0.0417,-0.0828,-0.12,-0.1538,-0.1846,-0.2132,-0.2397,-0.264,-0.2861,-0.3059,-0.324,-0.3413,-0.3592,-0.3793,-0.4027,-0.4304,-0.4623,-0.498,-0.5363,-0.5761,-0.6159,-0.6546,-0.6909,-0.7242,-0.754,-0.7799,-0.8021,-0.8205,-0.8354
0.2499,0.2775,0.3073,0.3396,0.3743,0.4112,0.4496,0.4879,0.5225,0.5476,0.5541,0.5317,0.4762,0.3976,0.3162,0.247,0.1915,0.1437,0.0983,0.0529,0.0079,-0.0353,-0.0757,-0.1128,-0.1469,-0.1784,-0.2076,-0.2347,-0.2599,-0.283,-0.3042,-0.3238,-0.3428,-0.3621,-0.383,-0.4064,-0.4331,-0.463,-0.496,-0.5313,-0.5677,-0.6042,-0.6399,-0.6736,-0.7049,-0.7331,-0.7581,-0.7797,-0.7979,-0.813
0.2451,0.2714,0.2995,0.3296,0.3614,0.3946,0.4282,0.4602,0.4875,0.5049,0.5058,0.4839,0.4376,0.3743,0.3067,0.2449,0.1916,0.144,0.0988,0.0545,0.0111,-0.0308,-0.0702,-0.107,-0.1411,-0.1728,-0.2024,-0.2301,-0.2558,-0.2797,-0.302,-0.3229,-0.3431,-0.3634,-0.3849,-0.4083,-0.4341,-0.4626,-0.4934,-0.526,-0.5596,-0.5933,-0.6263,-0.6578,-0.6872,-0.714,-0.7379,-0.7589,-0.7769,-0.792
0.2392,0.2641,0.2904,0.3182,0.3471,0.3766,0.4055,0.432,0.4532,0.4648,0.4622,0.4415,0.4025,0.3503,0.2932,0.2383,0.1881,0.1418,0.0977,0.0547,0.0127,-0.0277,-0.0662,-0.1024,-0.1363,-0.1681,-0.1978,-0.2258,-0.2519,-0.2764,-0.2994,-0.3212,-0.3424,-0.3635,-0.3854,-0.4087,-0.4339,-0.4611,-0.4901,-0.5205,-0.5517,-0.583,-0.6138,-0.6432,-0.6709,-0.6964,-0.7193,-0.7396,-0.7573,-0.7724
0.2324,0.2557,0.2802,0.3057,0.3318,0.3577,0.3824,0.4041,0.4203,0.4277,0.423,0.4038,0.3704,0.3264,0.2775,0.2285,0.1818,0.1375,0.095,0.0535,0.013,-0.0261,-0.0635,-0.099,-0.1325,-0.164,-0.1938,-0.2218,-0.2482,-0.2731,-0.2967,-0.3191,-0.3409,-0.3626,-0.3848,-0.408,-0.4326,-0.4587,-0.4862,-0.5148,-0.544,-0.5733,-0.602,-0.6297,-0.6558,-0.68,-0.702,-0.7217,-0.739,-0.754
