docs/data/wind_grid.json
{"header": {"la1":42.1,"la2":41.55,"lo1":12.1,"lo2":12.95,"nx":50,"ny":50,"dx":0.01735,"dy":0.01122,"parameterCategory":2,"parameterNumber":3,"parameterNumberName":"northward_wind","parameterUnit":"m.s-1"}, "data":
[rows 0 to 39 of 50, columns 0 to 49 of 50]
-4.0282,-4.0302,-4.0326,-4.0352,-4.0382,-4.0414,-4.0451,-4.0491,-4.0533,-4.0579,-4.0627,-4.0676,-4.0727,-4.0777,-4.0827,-4.0873,-4.0917,-4.0955,-4.0987,-4.1012,-4.1028,-4.1033,-4.1025,-4.1002,-4.0962,-4.0899,-4.0811,-4.0693,-4.054,-4.0347,-4.0112,-3.9833,-3.9512,-3.9153,-3.8768,-3.837,-3.7978,-3.7613,-3.7294,-3.7038,-3.6854,-3.6747,-3.6712,-3.6741,-3.6824,-3.6947,-3.7098,-3.7268,-3.7447,-3.763
-4.0263,-4.0283,-4.0307,-4.0333,-4.0364,-4.0398,-4.0435,-4.0477,-4.0522,-4.057,-4.0622,-4.0675,-4.073,-4.0785,-4.0838,-4.089,-4.0938,-4.0981,-4.1018,-4.1047,-4.1067,-4.1077,-4.1073,-4.1055,-4.1018,-4.0959,-4.0873,-4.0754,-4.0598,-4.0398,-4.015,-3.9852,-3.9504,-3.9111,-3.8685,-3.8243,-3.7805,-3.7397,-3.7043,-3.6763,-3.6568,-3.6461,-3.6438,-3.6488,-3.6595,-3.6745,-3.6924,-3.712,-3.7323,-3.7526
-4.0243,-4.0263,-4.0286,-4.0313,-4.0344,-4.0378,-4.0418,-4.0461,-4.0509,-4.056,-4.0615,-4.0672,-4.0731,-4.079,-4.0849,-4.0906,-4.0959,-4.1007,-4.1049,-4.1083,-4.1107,-4.1121,-4.1123,-4.1109,-4.1077,-4.1022,-4.0939,-4.0822,-4.0663,-4.0457,-4.0197,-3.988,-3.9504,-3.9075,-3.8604,-3.8111,-3.7621,-3.7165,-3.6771,-3.6464,-3.6257,-3.6154,-3.6146,-3.622,-3.6356,-3.6538,-3.6747,-3.6971,-3.72,-3.7425
-4.022,-4.024,-4.0263,-4.029,-4.0321,-4.0357,-4.0397,-4.0443,-4.0493,-4.0547,-4.0605,-4.0666,-4.073,-4.0795,-4.0859,-4.0921,-4.098,-4.1033,-4.108,-4.1118,-4.1148,-4.1167,-4.1173,-4.1165,-4.1138,-4.1088,-4.101,-4.0895,-4.0737,-4.0527,-4.0256,-3.992,-3.9515,-3.9047,-3.8527,-3.7977,-3.7428,-3.6916,-3.6478,-3.6141,-3.5923,-3.5825,-3.5837,-3.594,-3.6111,-3.6327,-3.657,-3.6826,-3.7081,-3.733
-4.0197,-4.0215,-4.0238,-4.0265,-4.0297,-4.0333,-4.0375,-4.0421,-4.0474,-4.0531,-4.0593,-4.0659,-4.0727,-4.0798,-4.0868,-4.0936,-4.1,-4.1059,-4.111,-4.1154,-4.1188,-4.1212,-4.1224,-4.1221,-4.1201,-4.1158,-4.1086,-4.0976,-4.082,-4.0607,-4.0328,-3.9973,-3.954,-3.9031,-3.8458,-3.7845,-3.7229,-3.6654,-3.6164,-3.5795,-3.5565,-3.5476,-3.5513,-3.5651,-3.5861,-3.6117,-3.6397,-3.6685,-3.6969,-3.7242
-4.0171,-4.0189,-4.0211,-4.0238,-4.0269,-4.0306,-4.0349,-4.0397,-4.0452,-4.0512,-4.0578,-4.0648,-4.0722,-4.0798,-4.0874,-4.0949,-4.1019,-4.1084,-4.1141,-4.1189,-4.1228,-4.1257,-4.1275,-4.1278,-4.1265,-4.123,-4.1166,-4.1063,-4.0912,-4.07,-4.0414,-4.0044,-3.9583,-3.9032,-3.8401,-3.772,-3.7029,-3.6382,-3.5834,-3.5428,-3.5187,-3.5111,-3.5178,-3.5356,-3.5611,-3.5911,-3.6231,-3.6553,-3.6867,-3.7163
-4.0143,-4.0161,-4.0182,-4.0208,-4.0239,-4.0276,-4.032,-4.037,-4.0426,-4.049,-4.0559,-4.0635,-4.0714,-4.0797,-4.088,-4.0961,-4.1038,-4.1108,-4.1171,-4.1224,-4.1267,-4.1301,-4.1324,-4.1335,-4.133,-4.1304,-4.125,-4.1157,-4.1014,-4.0806,-4.0518,-4.0135,-3.9648,-3.9055,-3.8365,-3.7608,-3.6834,-3.6106,-3.5492,-3.5046,-3.4795,-3.4736,-3.4839,-3.5064,-3.5367,-3.5714,-3.6076,-3.6434,-3.6777,-3.7097
-4.0114,-4.013,-4.015,-4.0175,-4.0206,-4.0243,-4.0287,-4.0338,-4.0397,-4.0464,-4.0537,-4.0618,-4.0703,-4.0792,-4.0883,-4.0971,-4.1055,-4.1132,-4.12,-4.1257,-4.1305,-4.1343,-4.1371,-4.1389,-4.1393,-4.1378,-4.1337,-4.1257,-4.1125,-4.0926,-4.064,-4.025,-3.9741,-3.9107,-3.8356,-3.752,-3.6653,-3.5835,-3.5147,-3.4658,-3.4398,-3.4359,-3.4504,-3.4781,-3.5138,-3.5534,-3.5939,-3.6332,-3.6703,-3.7045
-4.0083,-4.0097,-4.0116,-4.014,-4.017,-4.0207,-4.0251,-4.0303,-4.0364,-4.0433,-4.0511,-4.0596,-4.0689,-4.0785,-4.0883,-4.098,-4.1071,-4.1155,-4.1228,-4.1289,-4.134,-4.1382,-4.1415,-4.1441,-4.1455,-4.1452,-4.1425,-4.1362,-4.1247,-4.1061,-4.0784,-4.0392,-3.9867,-3.9197,-3.8387,-3.7467,-3.6502,-3.5583,-3.4814,-3.4277,-3.4008,-3.3995,-3.4187,-3.4519,-3.4932,-3.5378,-3.5824,-3.6251,-3.6648,-3.701
-4.005,-4.0062,-4.008,-4.0102,-4.0131,-4.0167,-4.021,-4.0263,-4.0325,-4.0397,-4.0479,-4.057,-4.0669,-4.0774,-4.0881,-4.0987,-4.1086,-4.1177,-4.1255,-4.1319,-4.1373,-4.1417,-4.1455,-4.1487,-4.1512,-4.1525,-4.1515,-4.1472,-4.1378,-4.1212,-4.095,-4.0566,-4.0033,-3.9334,-3.8468,-3.7465,-3.6396,-3.5371,-3.4512,-3.3922,-3.3645,-3.366,-3.3902,-3.4292,-3.4761,-3.5255,-3.574,-3.6197,-3.6617,-3.6996
-4.0015,-4.0025,-4.004,-4.0061,-4.0088,-4.0122,-4.0166,-4.0218,-4.0282,-4.0356,-4.0442,-4.0539,-4.0645,-4.0758,-4.0875,-4.0991,-4.11,-4.1197,-4.128,-4.1347,-4.1401,-4.1446,-4.1487,-4.1528,-4.1565,-4.1594,-4.1605,-4.1585,-4.1518,-4.1379,-4.1142,-4.0775,-4.0245,-3.9527,-3.8614,-3.7532,-3.6359,-3.5221,-3.4267,-3.3621,-3.3335,-3.3378,-3.367,-3.4116,-3.4637,-3.5174,-3.5693,-3.6175,-3.6613,-3.7005
-3.9978,-3.9986,-3.9998,-4.0017,-4.0041,-4.0074,-4.0116,-4.0169,-4.0233,-4.0309,-4.0399,-4.0501,-4.0615,-4.0738,-4.0865,-4.0992,-4.1112,-4.1217,-4.1304,-4.1372,-4.1423,-4.1467,-4.1511,-4.1559,-4.161,-4.1658,-4.1693,-4.1702,-4.1667,-4.1564,-4.1361,-4.1022,-4.0509,-3.9787,-3.884,-3.769,-3.6418,-3.5166,-3.4113,-3.3407,-3.3108,-3.3176,-3.3513,-3.4008,-3.4572,-3.5144,-3.5688,-3.6189,-3.6638,-3.7038
-3.994,-3.9944,-3.9954,-3.9969,-3.9991,-4.0022,-4.0062,-4.0113,-4.0177,-4.0255,-4.0348,-4.0456,-4.0578,-4.0711,-4.0851,-4.099,-4.1122,-4.1236,-4.1327,-4.1393,-4.1439,-4.1479,-4.1524,-4.158,-4.1647,-4.1716,-4.1778,-4.182,-4.1824,-4.1765,-4.1608,-4.1312,-4.0832,-4.0124,-3.9162,-3.796,-3.66,-3.524,-3.4089,-3.332,-3.3002,-3.3086,-3.3455,-3.3986,-3.458,-3.5174,-3.5733,-3.6242,-3.6696,-3.7097
-3.9899,-3.9901,-3.9907,-3.9919,-3.9937,-3.9965,-4.0002,-4.0051,-4.0115,-4.0193,-4.0289,-4.0402,-4.0532,-4.0676,-4.083,-4.0984,-4.113,-4.1254,-4.1348,-4.141,-4.1447,-4.1478,-4.1522,-4.1589,-4.1674,-4.1769,-4.1861,-4.1941,-4.199,-4.1984,-4.1885,-4.1648,-4.1219,-4.0547,-3.9593,-3.8363,-3.6934,-3.5481,-3.4236,-3.34,-3.3053,-3.3137,-3.352,-3.4066,-3.4671,-3.5271,-3.5832,-3.6339,-3.6789,-3.7184
-3.9857,-3.9855,-3.9857,-3.9865,-3.988,-3.9903,-3.9937,-3.9983,-4.0045,-4.0123,-4.0221,-4.0339,-4.0476,-4.0632,-4.0801,-4.0973,-4.1135,-4.1272,-4.137,-4.1423,-4.1443,-4.1459,-4.1502,-4.1583,-4.1692,-4.1816,-4.1943,-4.2064,-4.2165,-4.2221,-4.2194,-4.2032,-4.1675,-4.1063,-4.0145,-3.8915,-3.7446,-3.592,-3.4591,-3.3686,-3.3295,-3.3355,-3.3724,-3.4259,-3.4852,-3.5439,-3.5986,-3.6479,-3.6916,-3.7299
-3.9814,-3.9807,-3.9805,-3.9808,-3.9818,-3.9837,-3.9866,-3.9909,-3.9967,-4.0044,-4.0142,-4.0264,-4.0409,-4.0577,-4.0762,-4.0954,-4.1137,-4.1289,-4.1392,-4.1433,-4.1428,-4.142,-4.146,-4.1562,-4.1703,-4.186,-4.2024,-4.219,-4.2349,-4.2478,-4.2535,-4.2467,-4.2204,-4.1676,-4.0823,-3.9626,-3.815,-3.6578,-3.5181,-3.4204,-3.3749,-3.3756,-3.4079,-3.4572,-3.5127,-3.568,-3.6197,-3.6664,-3.7078,-3.7441
-3.9769,-3.9758,-3.9751,-3.9749,-3.9753,-3.9766,-3.979,-3.9827,-3.9881,-3.9955,-4.0053,-4.0176,-4.0328,-4.0508,-4.0711,-4.0926,-4.1134,-4.1308,-4.1418,-4.1444,-4.14,-4.1356,-4.1395,-4.1531,-4.1714,-4.1908,-4.2108,-4.2321,-4.2544,-4.2755,-4.2912,-4.2954,-4.2806,-4.2388,-4.1628,-4.0496,-3.9046,-3.7458,-3.6009,-3.4958,-3.4419,-3.434,-3.4582,-3.5001,-3.5492,-3.599,-3.6461,-3.6889,-3.7272,-3.7609
-3.9723,-3.9707,-3.9695,-3.9687,-3.9685,-3.9691,-3.9709,-3.9739,-3.9787,-3.9856,-3.9951,-4.0075,-4.0232,-4.0422,-4.0644,-4.0885,-4.1124,-4.1327,-4.1453,-4.1464,-4.1367,-4.1267,-4.1311,-4.1502,-4.1736,-4.1966,-4.22,-4.246,-4.275,-4.3053,-4.3324,-4.3495,-4.3482,-4.3194,-4.2551,-4.151,-4.0115,-3.8537,-3.7052,-3.5926,-3.5284,-3.509,-3.5219,-3.5536,-3.5939,-3.6363,-3.6773,-3.7153,-3.7495,-3.78
-3.9676,-3.9655,-3.9637,-3.9623,-3.9614,-3.9613,-3.9622,-3.9644,-3.9685,-3.9747,-3.9836,-3.9957,-4.0116,-4.0317,-4.0557,-4.0827,-4.1104,-4.1347,-4.1502,-4.1509,-4.1352,-4.1174,-4.1233,-4.1502,-4.179,-4.2045,-4.2305,-4.2607,-4.2968,-4.3372,-4.377,-4.4087,-4.4226,-4.4085,-4.3574,-4.264,-4.1318,-3.9768,-3.8261,-3.7059,-3.6301,-3.5972,-3.5964,-3.6156,-3.6452,-3.6788,-3.7127,-3.7448,-3.7744,-3.8011
-3.9629,-3.9602,-3.9578,-3.9556,-3.954,-3.953,-3.953,-3.9543,-3.9574,-3.9627,-3.9708,-3.9823,-3.9981,-4.0187,-4.0444,-4.0745,-4.1067,-4.1366,-4.1573,-4.1608,-4.1414,-4.115,-4.1235,-4.1585,-4.1898,-4.2155,-4.2425,-4.2765,-4.3198,-4.371,-4.4249,-4.4725,-4.5028,-4.5043,-4.4668,-4.3843,-4.2598,-4.1085,-3.9563,-3.8289,-3.7413,-3.6938,-3.6781,-3.6836,-3.7014,-3.7252,-3.7511,-3.7769,-3.8013,-3.8238
-3.9581,-3.9549,-3.9518,-3.9489,-3.9464,-3.9445,-3.9435,-3.9437,-3.9456,-3.9497,-3.9566,-3.9672,-3.9824,-4.003,-4.03,-4.0631,-4.1005,-4.1375,-4.1668,-4.1791,-4.1657,-4.138,-4.1475,-4.1817,-4.2079,-4.2296,-4.2559,-4.293,-4.3436,-4.4063,-4.4751,-4.5396,-4.5869,-4.6038,-4.5789,-4.5063,-4.3886,-4.2408,-4.0877,-3.9541,-3.8553,-3.7936,-3.7631,-3.7548,-3.7604,-3.7741,-3.7917,-3.8107,-3.8296,-3.8478
-3.9534,-3.9496,-3.9458,-3.9421,-3.9387,-3.9357,-3.9336,-3.9326,-3.9331,-3.9358,-3.9413,-3.9505,-3.9644,-3.9844,-4.0119,-4.0476,-4.0905,-4.1361,-4.1774,-4.2061,-4.2157,-4.2085,-4.2107,-4.2223,-4.2325,-4.2461,-4.2702,-4.3099,-4.3678,-4.4422,-4.5262,-4.6078,-4.6717,-4.7026,-4.6884,-4.6233,-4.5107,-4.3659,-4.2125,-4.0741,-3.966,-3.8919,-3.8477,-3.8263,-3.8202,-3.8239,-3.8332,-3.8454,-3.8589,-3.8726
-3.9488,-3.9443,-3.9398,-3.9353,-3.9309,-3.9269,-3.9235,-3.9211,-3.9202,-3.9212,-3.925,-3.9323,-3.9443,-3.9626,-3.9895,-4.0269,-4.0751,-4.1305,-4.1863,-4.2366,-4.2802,-4.3088,-4.2963,-4.2709,-4.2592,-4.2631,-4.2845,-4.3266,-4.3914,-4.4771,-4.576,-4.6738,-4.7527,-4.7952,-4.7888,-4.7284,-4.6192,-4.477,-4.3243,-4.1833,-4.0684,-3.9843,-3.9287,-3.8957,-3.879,-3.8733,-3.8747,-3.8804,-3.8885,-3.8977
-3.9442,-3.9391,-3.9339,-3.9285,-3.9232,-3.9181,-3.9134,-3.9095,-3.907,-3.9062,-3.908,-3.913,-3.9223,-3.9378,-3.9625,-4.0,-4.0526,-4.1177,-4.189,-4.2607,-4.3316,-4.3805,-4.3595,-4.3104,-4.2821,-4.2782,-4.2976,-4.3421,-4.4134,-4.5094,-4.6214,-4.7332,-4.8241,-4.8751,-4.8733,-4.8154,-4.7086,-4.5692,-4.4189,-4.2777,-4.1591,-4.0681,-4.0035,-3.9609,-3.9351,-3.9211,-3.9153,-3.9149,-3.9178,-3.9227
-3.9398,-3.9341,-3.9282,-3.922,-3.9156,-3.9093,-3.9033,-3.898,-3.8937,-3.8911,-3.8908,-3.8931,-3.8991,-3.9104,-3.9309,-3.9663,-4.0213,-4.0952,-4.181,-4.2697,-4.353,-4.4027,-4.3823,-4.331,-4.2971,-4.2897,-4.3087,-4.3558,-4.4325,-4.5368,-4.659,-4.781,-4.8802,-4.9361,-4.9363,-4.8797,-4.7753,-4.6401,-4.4942,-4.3555,-4.2361,-4.1412,-4.0705,-4.0207,-3.9873,-3.9663,-3.9542,-3.9482,-3.9464,-3.9473
-3.9356,-3.9293,-3.9227,-3.9157,-3.9084,-3.9009,-3.8936,-3.8867,-3.8807,-3.8763,-3.8738,-3.8734,-3.8755,-3.8813,-3.8954,-3.9257,-3.9803,-4.061,-4.1589,-4.2594,-4.3454,-4.39,-4.3754,-4.3336,-4.3031,-4.2967,-4.3171,-4.3668,-4.4477,-4.5574,-4.6856,-4.8132,-4.9161,-4.9735,-4.9743,-4.919,-4.8184,-4.6893,-4.55,-4.4163,-4.2991,-4.2031,-4.1289,-4.0739,-4.0349,-4.0082,-3.9907,-3.9799,-3.9739,-3.9712
-3.9317,-3.9249,-3.9175,-3.9097,-3.9015,-3.8929,-3.8843,-3.8759,-3.8683,-3.8621,-3.8576,-3.8548,-3.8527,-3.8518,-3.8571,-3.8792,-3.9303,-4.0147,-4.1218,-4.2301,-4.316,-4.3582,-4.3522,-4.3237,-4.3015,-4.2993,-4.3226,-4.3748,-4.458,-4.5697,-4.6993,-4.8273,-4.9295,-4.9859,-4.9866,-4.9338,-4.839,-4.7181,-4.5875,-4.4612,-4.3484,-4.2538,-4.1783,-4.1204,-4.0774,-4.0463,-4.0245,-4.0096,-4.0,-3.994
-3.9281,-3.9207,-3.9128,-3.9042,-3.8951,-3.8855,-3.8756,-3.8659,-3.8567,-3.8489,-3.8429,-3.838,-3.8321,-3.8236,-3.8178,-3.8291,-3.8742,-3.9595,-4.0725,-4.1857,-4.2723,-4.3165,-4.3209,-4.3061,-4.2942,-4.2983,-4.3252,-4.3793,-4.4628,-4.5731,-4.6995,-4.8232,-4.9211,-4.9747,-4.9757,-4.9271,-4.84,-4.7292,-4.6091,-4.4917,-4.3852,-4.2939,-4.2192,-4.16,-4.1145,-4.0803,-4.0552,-4.0371,-4.0243,-4.0156
-3.9248,-3.9169,-3.9084,-3.8992,-3.8894,-3.8788,-3.8679,-3.8568,-3.8463,-3.8372,-3.8301,-3.8242,-3.8151,-3.7985,-3.7801,-3.7794,-3.8175,-3.9017,-4.0172,-4.133,-4.2215,-4.2707,-4.2861,-4.2845,-4.2832,-4.2942,-4.325,-4.3803,-4.4623,-4.5681,-4.6877,-4.8034,-4.8944,-4.9443,-4.9461,-4.9031,-4.8253,-4.7259,-4.6173,-4.51,-4.411,-4.3245,-4.252,-4.193,-4.1464,-4.1103,-4.0827,-4.0621,-4.0468,-4.0357
-3.9218,-3.9136,-3.9047,-3.8949,-3.8843,-3.873,-3.8611,-3.849,-3.8373,-3.8272,-3.8197,-3.8138,-3.803,-3.7785,-3.7472,-3.7356,-3.768,-3.85,-3.9644,-4.0798,-4.17,-4.2252,-4.2511,-4.2613,-4.2699,-4.2877,-4.3221,-4.3778,-4.4567,-4.556,-4.6662,-4.7717,-4.8544,-4.9002,-4.9034,-4.8668,-4.7991,-4.7116,-4.615,-4.5182,-4.4275,-4.3467,-4.2775,-4.22,-4.1733,-4.1362,-4.1071,-4.0846,-4.0674,-4.0544
-3.9193,-3.9108,-3.9015,-3.8913,-3.8802,-3.8682,-3.8556,-3.8426,-3.8301,-3.8193,-3.8118,-3.8071,-3.7967,-3.7657,-3.7232,-3.7047,-3.7339,-3.8122,-3.9215,-4.0329,-4.1228,-4.183,-4.2177,-4.238,-4.2555,-4.2794,-4.3168,-4.3721,-4.4469,-4.5383,-4.6379,-4.7323,-4.8062,-4.848,-4.8527,-4.8227,-4.7652,-4.6895,-4.6048,-4.5185,-4.4364,-4.3618,-4.2967,-4.2414,-4.1956,-4.1583,-4.1283,-4.1046,-4.0859,-4.0714
-3.9173,-3.9085,-3.8989,-3.8883,-3.8769,-3.8645,-3.8514,-3.8379,-3.8248,-3.8136,-3.8064,-3.8035,-3.7955,-3.7617,-3.7133,-3.6926,-3.7199,-3.7923,-3.8926,-3.9962,-4.0833,-4.1462,-4.1876,-4.216,-4.2406,-4.2697,-4.3094,-4.3636,-4.4337,-4.5168,-4.6057,-4.689,-4.7544,-4.7923,-4.7985,-4.7748,-4.7269,-4.6623,-4.5888,-4.5127,-4.439,-4.371,-4.3104,-4.258,-4.2136,-4.1768,-4.1466,-4.1222,-4.1025,-4.0868
-3.9157,-3.9067,-3.8969,-3.8862,-3.8745,-3.8619,-3.8486,-3.8348,-3.8215,-3.8102,-3.8033,-3.802,-3.7971,-3.7661,-3.72,-3.7007,-3.7252,-3.789,-3.8775,-3.9707,-4.0526,-4.1157,-4.1614,-4.1957,-4.226,-4.2591,-4.3003,-4.353,-4.4181,-4.493,-4.5716,-4.6447,-4.7022,-4.7364,-4.7439,-4.7258,-4.6865,-4.6322,-4.5689,-4.5024,-4.4368,-4.3752,-4.3194,-4.2702,-4.2279,-4.192,-4.1621,-4.1374,-4.1172,-4.1007
-3.9145,-3.9055,-3.8957,-3.8849,-3.8732,-3.8605,-3.8472,-3.8335,-3.8204,-3.8093,-3.8026,-3.8016,-3.7988,-3.7753,-3.7386,-3.7231,-3.7438,-3.7978,-3.8734,-3.9552,-4.0302,-4.0916,-4.1394,-4.1776,-4.212,-4.248,-4.2899,-4.3407,-4.4008,-4.4681,-4.5374,-4.6012,-4.6517,-4.6826,-4.6911,-4.6778,-4.6461,-4.6007,-4.5468,-4.489,-4.431,-4.3756,-4.3246,-4.2789,-4.2388,-4.2043,-4.175,-4.1504,-4.13,-4.113
-3.9138,-3.9048,-3.895,-3.8843,-3.8727,-3.8603,-3.8472,-3.8339,-3.8212,-3.8106,-3.8041,-3.8026,-3.8006,-3.7851,-3.7607,-3.7507,-3.7684,-3.8132,-3.8767,-3.9475,-4.015,-4.0733,-4.1214,-4.1619,-4.1989,-4.2366,-4.2787,-4.3273,-4.3827,-4.4431,-4.5041,-4.5599,-4.6043,-4.6322,-4.6414,-4.632,-4.6067,-4.5691,-4.5234,-4.4734,-4.4225,-4.373,-4.3266,-4.2844,-4.2468,-4.214,-4.1856,-4.1615,-4.141,-4.1239
-3.9136,-3.9047,-3.895,-3.8845,-3.8732,-3.8611,-3.8485,-3.8358,-3.8239,-3.8139,-3.8076,-3.8055,-3.8037,-3.7948,-3.7812,-3.7772,-3.7934,-3.8309,-3.8844,-3.9453,-4.0055,-4.0599,-4.1071,-4.1485,-4.1868,-4.2254,-4.267,-4.3132,-4.3643,-4.4185,-4.4724,-4.5214,-4.5604,-4.5857,-4.5953,-4.5891,-4.5691,-4.5382,-4.4996,-4.4567,-4.4121,-4.368,-4.3261,-4.2874,-4.2524,-4.2213,-4.1941,-4.1706,-4.1505,-4.1333
-3.9138,-3.9051,-3.8956,-3.8854,-3.8745,-3.8629,-3.851,-3.8391,-3.828,-3.8188,-3.8129,-3.8104,-3.809,-3.8047,-3.799,-3.8003,-3.8163,-3.8486,-3.8941,-3.9467,-4.0003,-4.0506,-4.096,-4.1372,-4.1759,-4.2145,-4.2552,-4.299,-4.346,-4.3948,-4.4427,-4.4858,-4.5203,-4.5433,-4.553,-4.5494,-4.5339,-4.5085,-4.4761,-4.4393,-4.4003,-4.3613,-4.3236,-4.2883,-4.2559,-4.2267,-4.2008,-4.1781,-4.1584,-4.1414
-3.9145,-3.906,-3.8968,-3.887,-3.8765,-3.8656,-3.8544,-3.8435,-3.8334,-3.8251,-3.8196,-3.8171,-3.8163,-3.8151,-3.8148,-3.8202,-3.8363,-3.8651,-3.9044,-3.9503,-3.9981,-4.0444,-4.0876,-4.1277,-4.1661,-4.2042,-4.2435,-4.2849,-4.3282,-4.3723,-4.4149,-4.4531,-4.4839,-4.5049,-4.5146,-4.513,-4.501,-4.4804,-4.4532,-4.4217,-4.3878,-4.3534,-4.3196,-4.2874,-4.2575,-4.2303,-4.2058,-4.1841,-4.165,-4.1484
-3.9155,-3.9073,-3.8985,-3.8891,-3.8792,-3.869,-3.8587,-3.8487,-3.8396,-3.8323,-3.8274,-3.8252,-3.8251,-3.8262,-3.8293,-3.8374,-3.8539,-3.88,-3.9147,-3.9552,-3.998,-4.0405,-4.0812,-4.1199,-4.1573,-4.1944,-4.2321,-4.2711,-4.3111,-4.3511,-4.3893,-4.4233,-4.4509,-4.4701,-4.4798,-4.4797,-4.4707,-4.454,-4.4312,-4.4043,-4.3749,-4.3445,-4.3143,-4.2852,-4.2578,-4.2325,-4.2094,-4.1888,-4.1704,-4.1542
-3.9169,-3.909,-3.9006,-3.8918,-3.8825,-3.8731,-3.8636,-3.8546,-3.8466,-3.8402,-3.836,-3.8343,-3.8349,-3.8376,-3.8429,-3.8528,-3.8694,-3.8935,-3.9246,-3.9607,-3.9993,-4.0384,-4.0766,-4.1135,-4.1496,-4.1853,-4.2213,-4.2579,-4.2949,-4.3313,-4.3657,-4.3962,-4.4211,-4.4387,-4.4482,-4.4494,-4.4427,-4.4293,-4.4103,-4.3874,-4.3619,-4.3352,-4.3082,-4.2819,-4.2568,-4.2334,-4.2118,-4.1923,-4.1747,-4.159
