docs/data/wind_grid.json
[{"header":{"la1":42.85,"la2":41.18,"lo1":11.55,"lo2":14.05,"nx":36,"ny":24,"dx":0.07143,"dy":0.07261,"parameterCategory":2,"parameterNumber":2,"parameterNumberName":"eastward_wind","parameterUnit":"m.s-1"},"data":[-0.0439,-0.0662,-0.0911,-0.1181,-0.1457,-0.1714,-0.1914,-0.2017,-0.1998,-0.1864,-0.166,-0.1446,-0.1282,-0.1208,-0.1242,-0.1377,-0.1584,-0.1812,-0.2,-0.21,-0.2095,-0.1997,-0.184,-0.166,-0.1483,-0.1324,-0.1189,-0.1078,-0.0989,-0.0918,-0.0861,-0.0816,-0.0779,-0.0748,-0.0721,-0.0697,-0.051,-0.0776,-0.1087,-0.1443,-0.1832,-0.222,-0.2544,-0.2722,-0.269,-0.2452,-0.2088,-0.1715,-0.1432,-0.1303,-0.1351,-0.1568,-0.191,-0.229,-0.2598,-0.2742,-0.2695,-0.25,-0.2231,-0.1949,-0.1694,-0.1479,-0.1307,-0.1173,-0.107,-0.0991,-0.093,-0.0882,-0.0844,-0.0812,-0.0785,-0.076,-0.0563,-0.0875,-0.1256,-0.1722,-0.2273,-0.2878,-0.344,-0.3789,-0.376,-0.3334,-0.2678,-0.2029,-0.1555,-0.134,-0.1411,-0.1761,-0.2335,-0.2994,-0.3521,-0.3724,-0.3568,-0.3175,-0.2707,-0.2271,-0.1909,-0.1628,-0.1417,-0.1262,-0.1147,-0.1063,-0.1,-0.0951,-0.0913,-0.0881,-0.0854,-0.0829,-0.0591,-0.0942,-0.1392,-0.1981,-0.2749,-0.3702,-0.4724,-0.5477,-0.5512,-0.4713,-0.3495,-0.237,-0.1603,-0.1265,-0.1367,-0.1918,-0.2883,-0.407,-0.5032,-0.5304,-0.4858,-0.4059,-0.3254,-0.2595,-0.2105,-0.1755,-0.151,-0.1339,-0.122,-0.1134,-0.1072,-0.1025,-0.0988,-0.0957,-0.093,-0.0905,-0.0586,-0.0961,-0.1459,-0.2155,-0.3165,-0.4615,-0.6489,-0.822,-0.8532,-0.6904,-0.4555,-0.2656,-0.1493,-0.0999,-0.1128,-0.1935,-0.3513,-0.5706,-0.7599,-0.791,-0.6707,-0.5111,-0.3791,-0.2861,-0.2243,-0.184,-0.1577,-0.1404,-0.1287,-0.1206,-0.1148,-0.1105,-0.107,-0.1041,-0.1015,-0.099,-0.0547,-0.0925,-0.1428,-0.2161,-0.3332,-0.5299,-0.8469,-1.2361,-1.3599,-1.0016,-0.5574,-0.2664,-0.1104,-0.0452,-0.0562,-0.1588,-0.3919,-0.7807,-1.1665,-1.1826,-0.8907,-0.6041,-0.4131,-0.2973,-0.2282,-0.1869,-0.1617,-0.1459,-0.1356,-0.1285,-0.1234,-0.1195,-0.1164,-0.1137,-0.1112,-0.1086,-0.0491,-0.0855,-0.1312,-0.1957,-0.3044,-0.5127,-0.92,-1.5748,-1.8671,-1.2059,-0.5514,-0.2046,-0.0342,0.0439,0.0475,-0.0533,-0.3292,-0.8721,-1.5059,-1.4867,-0.9975,-0.6176,-0.4016,-0.2841,-0.2198,-0.1842,-0.1639,-0.1516,-0.1435,-0.1378,-0.1335,-0.1301,-0.1273,-0.1248,-0.1223,-0.1197,-0.0445,-0.0812,-0.1214,-0.1663,-0.2335,-0.3742,-0.6765,-1.1776,-1.3822,-0.843,-0.338,-0.0718,0.0719,0.1643,0.2115,0.1524,-0.0929,-0.5717,-1.1188,-1.1525,-0.795,-0.5025,-0.3354,-0.2472,-0.2021,-0.1794,-0.1673,-0.1598,-0.1543,-0.1497,-0.1459,-0.1428,-0.1402,-0.1378,-0.1353,-0.1325,-0.0432,-0.0878,-0.1341,-0.1657,-0.1728,-0.1914,-0.276,-0.4006,-0.3962,-0.2126,-0.0372,0.0799,0.174,0.2961,0.4588,0.4893,0.2516,-0.101,-0.4159,-0.5193,-0.4322,-0.3173,-0.2403,-0.2006,-0.1845,-0.1795,-0.1773,-0.1743,-0.1701,-0.1655,-0.1615,-0.1582,-0.1556,-0.1533,-0.1507,-0.1476,-0.043,-0.107,-0.1893,-0.2541,-0.2098,-0.0753,0.0216,0.0787,0.1545,0.202,0.1885,0.1896,0.2231,0.3689,0.8056,1.032,0.5541,0.1991,-0.0083,-0.1194,-0.1554,-0.1566,-0.1559,-0.1649,-0.1809,-0.1954,-0.2017,-0.1997,-0.1933,-0.1863,-0.1807,-0.1768,-0.1741,-0.1717,-0.169,-0.1654,-0.0337,-0.1176,-0.2552,-0.4252,-0.3706,-0.0252,0.222,0.3287,0.3725,0.3898,0.3123,0.2473,0.1861,0.2227,0.6845,1.0351,0.5449,0.2968,0.1797,0.0829,0.0037,-0.0546,-0.1048,-0.157,-0.2078,-0.2422,-0.2507,-0.2407,-0.2253,-0.2122,-0.2036,-0.1989,-0.1962,-0.1941,-0.1912,-0.1869,-0.003,-0.0821,-0.2151,-0.3801,-0.3018,0.107,0.4161,0.5451,0.4776,0.4164,0.3828,0.3103,0.1115,-0.1237,0.018,0.2915,0.3227,0.3432,0.3216,0.2009,0.0864,-0.0042,-0.0897,-0.1862,-0.2848,-0.3424,-0.3366,-0.2996,-0.2645,-0.2416,-0.2296,-0.2247,-0.223,-0.2216,-0.2186,-0.2132,0.0493,0.0016,-0.0605,-0.0933,0.0244,0.2936,0.5461,0.6971,0.6247,0.5141,0.5002,0.5548,0.2764,-0.2404,-0.1785,0.0552,0.2188,0.4976,0.4995,0.2602,0.112,0.0082,-0.0988,-0.2455,-0.4248,-0.5169,-0.4593,-0.3661,-0.3031,-0.2707,-0.2578,-0.2553,-0.2565,-0.2566,-0.2532,-0.2458,0.1097,0.0953,0.0903,0.1226,0.226,0.3866,0.5443,0.6449,0.6284,0.5943,0.6391,0.9384,0.8809,-0.7617,-0.1581,-0.0127,0.0618,0.3057,0.3547,0.1984,0.0796,-0.0071,-0.1087,-0.286,-0.5526,-0.6851,-0.5527,-0.4066,-0.3282,-0.2958,-0.2887,-0.2935,-0.3004,-0.3031,-0.2985,-0.287,0.1651,0.1721,0.1927,0.239,0.3178,0.4183,0.5144,0.5819,0.6284,0.7177,0.8245,0.7985,0.3273,-0.105,-0.0414,-0.1088,-0.3098,-0.0025,0.1197,0.0779,-0.0022,-0.0467,-0.1029,-0.2456,-0.4708,-0.591,-0.4997,-0.3909,-0.3348,-0.3184,-0.3263,-0.3452,-0.3622,-0.3677,-0.3591,-0.3394,0.2096,0.2272,0.2563,0.3013,0.3626,0.4344,0.5077,0.5822,0.6885,0.9063,1.2886,1.2805,0.8684,0.2991,0.18,-0.0163,-0.1966,-0.0365,0.0238,-0.0163,-0.1335,-0.1167,-0.0895,-0.1682,-0.2991,-0.3846,-0.3849,-0.3558,-0.3385,-0.3459,-0.378,-0.4216,-0.4547,-0.4612,-0.4412,-0.4053,0.2428,0.2649,0.2955,0.3362,0.3869,0.4454,0.511,0.5911,0.7118,0.9255,1.2237,1.1035,0.8564,0.7304,0.4199,0.2212,0.0821,-0.0233,-0.0961,-0.0532,-0.1463,-0.1121,-0.0559,-0.114,-0.2247,-0.3214,-0.3653,-0.3639,-0.3584,-0.3843,-0.4521,-0.5397,-0.5987,-0.5977,-0.5498,-0.484,0.2667,0.2898,0.3193,0.3557,0.3992,0.4493,0.5073,0.5783,0.6716,0.7886,0.8756,0.8395,0.7913,0.7492,0.5365,0.4107,0.2066,-0.1848,-0.5601,-0.0513,0.0773,0.055,0.0218,-0.0824,-0.254,-0.4359,-0.4997,-0.4383,-0.3915,-0.4255,-0.5491,-0.7186,-0.8181,-0.7851,-0.6792,-0.5665,0.283,0.3056,0.3329,0.3653,0.4027,0.4452,0.4935,0.5487,0.6105,0.6698,0.703,0.6933,0.663,0.6152,0.618,0.6375,0.3663,0.0369,-0.1027,0.5393,0.4497,0.2681,0.1284,-0.0498,-0.3341,-0.7184,-0.8044,-0.5345,-0.4004,-0.4429,-0.6418,-0.9366,-1.0864,-0.9825,-0.7938,-0.6301,0.2935,0.3147,0.3395,0.3679,0.3998,0.435,0.4734,0.514,0.554,0.5869,0.6032,0.5988,0.5799,0.5639,0.5971,0.6022,0.4725,0.5145,1.2056,1.5783,0.822,0.4535,0.2552,0.0366,-0.2866,-0.7443,-0.8434,-0.4385,-0.3264,-0.4049,-0.6492,-1.0194,-1.1975,-1.0515,-0.8265,-0.6453,0.2995,0.3191,0.3411,0.3657,0.3925,0.4213,0.4511,0.4807,0.5075,0.5276,0.5372,0.5353,0.5259,0.5188,0.5215,0.5127,0.5055,0.6319,0.9925,1.1223,0.7912,0.5726,0.4352,0.2145,-0.0511,-0.1864,-0.0084,-0.047,-0.1876,-0.3199,-0.5281,-0.8187,-0.9799,-0.9058,-0.746,-0.601,0.3023,0.3199,0.3393,0.3604,0.3828,0.406,0.4291,0.451,0.4697,0.4832,0.4898,0.4896,0.485,0.4801,0.4775,0.4778,0.4987,0.5763,0.6973,0.7404,0.6998,0.7534,0.7504,0.4614,0.1611,0.0922,0.2656,0.1108,-0.1474,-0.2609,-0.382,-0.5519,-0.6726,-0.6758,-0.6053,-0.518,0.3025,0.3182,0.3351,0.3531,0.3717,0.3904,0.4086,0.4251,0.4388,0.4485,0.4536,0.4544,0.4522,0.4495,0.4485,0.4534,0.4725,0.5135,0.5659,0.6105,0.6926,0.9075,0.979,0.6246,0.276,0.1208,0.084,-0.0751,-0.2717,-0.2753,-0.3008,-0.384,-0.4617,-0.4895,-0.4702,-0.427,0.3008,0.3147,0.3294,0.3447,0.3602,0.3754,0.3897,0.4025,0.4129,0.4203,0.4245,0.4257,0.425,0.4239,0.4244,0.4296,0.443,0.4667,0.4991,0.5444,0.6299,0.7635,0.7791,0.5565,0.2959,0.1211,-0.0016,-0.1599,-0.2903,-0.2764,-0.2637,-0.2966,-0.3399,-0.3651,-0.365,-0.3463]},{"header":{"la1":42.85,"la2":41.18,"lo1":11.55,"lo2":14.05,"nx":36,"ny":24,"dx":0.07143,"dy":0.07261,"parameterCategory":2,"parameterNumber":3,"parameterNumberName":"northward_wind","parameterUnit":"m.s-1"},"data":[0.7979,0.8034,0.8082,0.8121,0.8145,0.8142,0.8089,0.7962,0.7741,0.7427,0.7044,0.663,0.6217,0.5832,0.5486,0.5182,0.4922,0.4704,0.4526,0.4385,0.4276,0.4191,0.4124,0.4071,0.4028,0.3994,0.3966,0.3945,0.3929,0.3918,0.3912,0.391,0.3911,0.3916,0.3924,0.3934,0.822,0.8301,0.8381,0.8462,0.8541,0.8604,0.8615,0.8523,0.8282,0.7886,0.7381,0.6836,0.6312,0.5841,0.5432,0.5084,0.4791,0.4552,0.4363,0.4222,0.4118,0.4043,0.3985,0.394,0.3904,0.3875,0.3852,0.3835,0.3824,0.3817,0.3815,0.3816,0.3821,0.383,0.3841,0.3855,0.8486,0.8597,0.8713,0.8846,0.9003,0.9179,0.9323,0.933,0.9082,0.8552,0.7837,0.7088,0.6406,0.5829,0.5351,0.4956,0.4629,0.4365,0.4166,0.4028,0.3938,0.3879,0.3835,0.38,0.3771,0.3748,0.373,0.3719,0.3712,0.371,0.3712,0.3718,0.3727,0.3739,0.3754,0.3772,0.8783,0.8926,0.9077,0.9262,0.9519,0.9875,1.0286,1.0547,1.0342,0.9559,0.8455,0.7371,0.6475,0.5779,0.5237,0.48,0.4436,0.414,0.3926,0.38,0.3738,0.3703,0.3676,0.3651,0.363,0.3612,0.36,0.3594,0.3592,0.3596,0.3602,0.3613,0.3626,0.3643,0.3662,0.3684,0.9122,0.93,0.9478,0.9697,1.0044,1.0644,1.1554,1.2451,1.2455,1.1119,0.9234,0.7621,0.6466,0.5666,0.5086,0.4624,0.4224,0.3881,0.3641,0.3541,0.3526,0.3525,0.3513,0.3496,0.3479,0.3467,0.3461,0.3461,0.3465,0.3474,0.3486,0.3502,0.352,0.354,0.3564,0.359,0.9524,0.975,0.9947,1.0151,1.0502,1.1299,1.2941,1.5257,1.5956,1.3299,0.9949,0.7657,0.6295,0.5465,0.4904,0.4454,0.4031,0.3623,0.3337,0.3286,0.3336,0.3358,0.3349,0.3332,0.3318,0.3311,0.3311,0.3317,0.3329,0.3344,0.3363,0.3383,0.3406,0.3431,0.3459,0.3489,1.0019,1.0339,1.0574,1.0703,1.0862,1.1503,1.3509,1.7526,1.9478,1.4685,0.9811,0.7197,0.5887,0.5175,0.4718,0.4331,0.3917,0.3472,0.3161,0.3154,0.3209,0.3202,0.3174,0.3151,0.3139,0.3138,0.3147,0.3163,0.3183,0.3206,0.3231,0.3258,0.3285,0.3314,0.3346,0.3381,1.0635,1.116,1.1552,1.1625,1.135,1.1191,1.2107,1.4798,1.5952,1.1795,0.7976,0.6121,0.5272,0.4849,0.4592,0.4318,0.3918,0.3479,0.3209,0.3143,0.3083,0.3012,0.2962,0.2938,0.2935,0.2946,0.2968,0.2996,0.3027,0.306,0.3092,0.3123,0.3154,0.3187,0.3223,0.3263,1.1355,1.2285,1.3173,1.3495,1.2659,1.1072,0.9853,0.9222,0.8047,0.6113,0.5051,0.4739,0.4619,0.4596,0.4679,0.4583,0.4039,0.3433,0.3072,0.2901,0.2787,0.2713,0.2682,0.2682,0.2701,0.2733,0.2772,0.2817,0.2862,0.2905,0.2944,0.2979,0.3013,0.3048,0.3087,0.3131,1.2048,1.3589,1.5571,1.7114,1.5842,1.1965,0.8477,0.5343,0.15,-0.0109,0.1956,0.3523,0.4109,0.4449,0.5153,0.5503,0.4219,0.3096,0.2511,0.2304,0.2263,0.2281,0.2324,0.238,0.244,0.2501,0.2564,0.2629,0.269,0.2744,0.2787,0.2823,0.2856,0.2891,0.2932,0.2982,1.2435,1.4486,1.7736,2.163,2.0478,1.3243,0.8119,0.4058,-0.4104,-0.7968,-0.028,0.2944,0.3835,0.4242,0.4948,0.545,0.3664,0.2062,0.1326,0.1325,0.1541,0.1739,0.1904,0.2048,0.2168,0.2264,0.2352,0.2439,0.2516,0.2578,0.2621,0.2652,0.2679,0.271,0.2752,0.2808,1.2257,1.4209,1.7267,2.0843,1.9451,1.2394,0.8298,0.6715,0.1241,-0.3055,0.1215,0.3108,0.3718,0.4411,0.4213,0.3557,0.1976,-0.0326,-0.0956,-0.0031,0.0694,0.1114,0.1433,0.1714,0.1925,0.2055,0.2158,0.226,0.2349,0.241,0.2442,0.2457,0.2468,0.249,0.2533,0.2599,1.1564,1.2876,1.4483,1.5513,1.3899,1.0366,0.8499,0.8928,0.7378,0.4223,0.36,0.3034,0.2838,0.4423,0.4033,0.2493,0.0308,-0.3692,-0.3795,-0.1201,-0.0138,0.0364,0.0872,0.1407,0.1796,0.1948,0.2019,0.2112,0.2195,0.2239,0.2242,0.2222,0.2204,0.221,0.2254,0.2339,1.0666,1.1344,1.1894,1.1843,1.0765,0.9219,0.8366,0.8421,0.775,0.6182,0.5055,0.262,0.1256,-0.3269,0.1819,0.0883,-0.1265,-0.2567,-0.2626,-0.1407,-0.1162,-0.0856,0.003,0.1071,0.1803,0.1985,0.1958,0.2002,0.2052,0.2054,0.2,0.1916,0.1846,0.1829,0.1885,0.2006,0.9834,1.0124,1.0232,0.999,0.9362,0.8616,0.8109,0.7858,0.7572,0.7498,0.7664,0.6811,0.4188,0.3792,0.2185,-0.2014,-0.719,-0.251,-0.1228,-0.1991,-0.3811,-0.3579,-0.1428,0.0485,0.1569,0.1881,0.1872,0.1882,0.189,0.183,0.168,0.1483,0.1325,0.1283,0.1377,0.1574,0.9168,0.9271,0.9238,0.9024,0.8657,0.826,0.7971,0.7861,0.8065,0.9071,1.1177,1.338,1.0337,0.6152,0.4238,-0.0396,-0.4539,-0.1177,-0.0381,-0.3594,-1.0352,-0.8674,-0.3169,-0.0151,0.1113,0.1526,0.1622,0.1665,0.1671,0.1543,0.1231,0.0822,0.0514,0.0462,0.0664,0.1017,0.8668,0.8692,0.863,0.8477,0.8263,0.8056,0.7939,0.8008,0.8435,0.952,1.1106,1.1612,1.2523,1.2655,0.7838,0.4706,0.256,0.2149,0.1493,-0.2297,-1.1063,-0.8974,-0.2895,-0.0022,0.0928,0.1073,0.1096,0.1258,0.1386,0.1205,0.0599,-0.0235,-0.0808,-0.0793,-0.0314,0.0334,0.8298,0.8294,0.824,0.8141,0.8023,0.7931,0.7923,0.807,0.8461,0.9141,0.9916,1.0692,1.2827,1.3291,1.0965,0.9799,0.6671,0.3871,0.2369,0.2467,-0.0901,-0.1768,-0.0071,0.0989,0.0875,0.0096,-0.0126,0.0557,0.1123,0.093,-0.0214,-0.1911,-0.2934,-0.2597,-0.152,-0.0391,0.8023,0.8013,0.7975,0.7918,0.7862,0.7837,0.7882,0.8038,0.834,0.8782,0.9314,0.9978,1.0893,1.1856,1.5457,1.7119,1.0165,0.6145,0.5369,0.8865,0.6255,0.3754,0.2915,0.2263,0.0697,-0.1928,-0.2509,-0.0228,0.1173,0.1002,-0.0933,-0.4064,-0.5687,-0.4582,-0.2603,-0.093,0.7813,0.7806,0.7784,0.7757,0.7739,0.775,0.7816,0.7957,0.8189,0.8508,0.8909,0.9419,1.0143,1.1547,1.4749,1.561,1.1191,0.9703,1.4854,1.7838,1.0701,0.7017,0.5354,0.3772,0.1361,-0.2122,-0.2868,0.0433,0.2064,0.1875,-0.0613,-0.4842,-0.6884,-0.5263,-0.2838,-0.0964,0.7648,0.7646,0.7637,0.763,0.7634,0.7663,0.7733,0.7855,0.8037,0.8281,0.8591,0.8994,0.9567,1.0464,1.1561,1.1598,1.0405,1.0429,1.2973,1.3885,1.0881,0.9058,0.7968,0.5952,0.3439,0.1736,0.2137,0.2832,0.4028,0.4012,0.1646,-0.2169,-0.4273,-0.3506,-0.1813,-0.0348,0.7515,0.7517,0.7518,0.7522,0.7538,0.7575,0.7641,0.7744,0.7888,0.8077,0.8314,0.8614,0.8996,0.9454,0.983,0.9832,0.9589,0.976,1.0481,1.0758,1.0638,1.1738,1.1922,0.883,0.5549,0.3734,0.3048,0.4256,0.7627,0.7912,0.5284,0.1961,-0.0196,-0.06,-0.0048,0.0709,0.7402,0.7409,0.7416,0.7427,0.7448,0.7486,0.7545,0.763,0.7744,0.7888,0.8065,0.8274,0.8512,0.8749,0.8916,0.8954,0.8948,0.9084,0.9404,0.9857,1.1012,1.3752,1.462,1.0775,0.7142,0.5361,0.5272,0.8614,1.423,1.286,0.8702,0.5204,0.2948,0.1909,0.1688,0.1855,0.7306,0.7314,0.7324,0.7339,0.7362,0.7397,0.7448,0.7517,0.7605,0.7714,0.7842,0.7984,0.8133,0.8268,0.8365,0.8418,0.8471,0.8598,0.8863,0.9386,1.049,1.2158,1.2442,1.0219,0.7857,0.6807,0.7548,1.1016,1.512,1.3745,0.9967,0.6866,0.4794,0.3598,0.3032,0.2851]}]