docs/data/wind_grid.json
[{"header":{"la1":42.85,"la2":41.18,"lo1":11.55,"lo2":14.05,"nx":36,"ny":24,"dx":0.07143,"dy":0.07261,"parameterCategory":2,"parameterNumber":2,"parameterNumberName":"eastward_wind","parameterUnit":"m.s-1"},"data":[-1.0719,-1.0728,-1.0734,-1.0736,-1.0732,-1.0717,-1.0687,-1.0633,-1.0549,-1.0438,-1.0308,-1.0174,-1.0048,-0.9936,-0.9838,-0.9745,-0.964,-0.9503,-0.9316,-0.9077,-0.8814,-0.8583,-0.8437,-0.8392,-0.8425,-0.8494,-0.8569,-0.8632,-0.8677,-0.8706,-0.8722,-0.8728,-0.8727,-0.8723,-0.8717,-0.8711,-1.08,-1.0818,-1.0833,-1.0847,-1.0859,-1.0865,-1.0853,-1.0809,-1.0716,-1.0576,-1.0405,-1.0229,-1.0073,-0.9947,-0.9852,-0.9773,-0.9684,-0.9545,-0.9312,-0.8963,-0.8542,-0.817,-0.7974,-0.798,-0.8112,-0.8277,-0.8421,-0.8528,-0.8598,-0.8639,-0.8661,-0.867,-0.867,-0.8666,-0.8661,-0.8655,-1.0888,-1.0914,-1.0939,-1.0968,-1.1004,-1.1046,-1.1077,-1.1064,-1.0968,-1.0779,-1.0534,-1.0289,-1.0086,-0.9942,-0.9857,-0.9814,-0.9774,-0.9667,-0.9393,-0.8864,-0.812,-0.7442,-0.7176,-0.7346,-0.7699,-0.8031,-0.8274,-0.8432,-0.8525,-0.8576,-0.8601,-0.861,-0.8609,-0.8605,-0.8599,-0.8593,-1.0981,-1.1014,-1.105,-1.1094,-1.1162,-1.1262,-1.1385,-1.146,-1.1379,-1.1097,-1.0711,-1.0345,-1.0069,-0.99,-0.9836,-0.9859,-0.9928,-0.9941,-0.9694,-0.8904,-0.7479,-0.606,-0.5742,-0.6412,-0.7221,-0.7805,-0.816,-0.8361,-0.8467,-0.852,-0.8541,-0.8547,-0.8544,-0.8538,-0.8531,-0.8526,-1.1079,-1.1119,-1.1159,-1.1214,-1.1312,-1.1498,-1.1799,-1.2111,-1.211,-1.1621,-1.0942,-1.0373,-0.9994,-0.9792,-0.9755,-0.9879,-1.0145,-1.0462,-1.0491,-0.9493,-0.6786,-0.3558,-0.3436,-0.5362,-0.6867,-0.77,-0.8124,-0.8332,-0.8428,-0.8468,-0.848,-0.8478,-0.8471,-0.8463,-0.8456,-0.8451,-1.1182,-1.1225,-1.1261,-1.1312,-1.1422,-1.1688,-1.2267,-1.3148,-1.3433,-1.2409,-1.1159,-1.031,-0.9815,-0.9574,-0.9559,-0.9796,-1.0337,-1.1221,-1.2121,-1.1384,-0.7434,-0.1968,-0.2214,-0.5235,-0.7014,-0.7833,-0.8194,-0.8345,-0.8401,-0.8414,-0.841,-0.8399,-0.8387,-0.8377,-0.837,-0.8366,-1.1292,-1.133,-1.1343,-1.1367,-1.146,-1.1724,-1.2468,-1.4064,-1.4895,-1.295,-1.1085,-1.0051,-0.9485,-0.9195,-0.9166,-0.948,-1.0261,-1.169,-1.3683,-1.3432,-1.0196,-0.6578,-0.5718,-0.692,-0.7796,-0.8194,-0.8339,-0.8373,-0.8365,-0.8343,-0.8321,-0.8302,-0.8287,-0.8277,-0.8272,-0.8271,-1.1416,-1.1435,-1.1365,-1.1315,-1.1436,-1.1603,-1.2014,-1.3035,-1.3495,-1.1914,-1.042,-0.955,-0.8994,-0.8613,-0.8456,-0.8755,-0.9679,-1.1132,-1.264,-1.2906,-1.2932,-1.1906,-0.9951,-0.9039,-0.8736,-0.8579,-0.8456,-0.8358,-0.8285,-0.8235,-0.8202,-0.8181,-0.8167,-0.816,-0.8159,-0.8163,-1.1571,-1.1593,-1.1351,-1.1035,-1.1478,-1.1568,-1.1361,-1.1194,-1.0785,-1.003,-0.9416,-0.8917,-0.8398,-0.7822,-0.7226,-0.7312,-0.8634,-1.0266,-1.1667,-1.3281,-1.6364,-1.5535,-1.2178,-1.0248,-0.9277,-0.8738,-0.8417,-0.8228,-0.8124,-0.8069,-0.8042,-0.8029,-0.8023,-0.8024,-0.8029,-0.804,-1.1773,-1.195,-1.1956,-1.1889,-1.2397,-1.1885,-1.1016,-1.0054,-0.8796,-0.8156,-0.8438,-0.8333,-0.7794,-0.699,-0.5352,-0.4521,-0.7508,-0.9891,-1.1409,-1.2938,-1.5053,-1.456,-1.2122,-1.0323,-0.9198,-0.8505,-0.8112,-0.7922,-0.7849,-0.7832,-0.7835,-0.7844,-0.7854,-0.7866,-0.7881,-0.7901,-1.1959,-1.2412,-1.3289,-1.5069,-1.4708,-1.2421,-1.0991,-0.9733,-0.7075,-0.5785,-0.7777,-0.7937,-0.7148,-0.6287,-0.5239,-0.4405,-0.7947,-1.0705,-1.202,-1.2388,-1.2593,-1.215,-1.0924,-0.9597,-0.8503,-0.7779,-0.7452,-0.7396,-0.7451,-0.7525,-0.7586,-0.7628,-0.7659,-0.7686,-0.7713,-0.7745,-1.2008,-1.2538,-1.3518,-1.4967,-1.4516,-1.229,-1.1205,-1.0898,-0.8795,-0.7283,-0.8177,-0.7866,-0.6349,-0.4092,-0.5678,-0.7429,-1.0051,-1.3847,-1.4914,-1.314,-1.1786,-1.0807,-0.973,-0.8467,-0.7198,-0.6406,-0.6346,-0.6648,-0.6958,-0.7176,-0.7311,-0.7391,-0.7442,-0.7482,-0.7522,-0.7567,-1.1891,-1.2272,-1.2782,-1.3167,-1.2725,-1.1697,-1.1276,-1.2814,-1.027,-0.9439,-0.9004,-0.8311,-0.6793,-0.3932,-0.6131,-0.8425,-1.1391,-2.013,-2.0532,-1.4155,-1.1349,-0.9872,-0.8674,-0.7176,-0.5261,-0.419,-0.4819,-0.5807,-0.6467,-0.6837,-0.7035,-0.714,-0.7202,-0.725,-0.7302,-0.7365,-1.1693,-1.1901,-1.2084,-1.2099,-1.1799,-1.1316,-1.0904,-1.0196,-1.0137,-1.0254,-0.9886,-0.8966,-0.8186,-0.465,-0.7485,-0.9032,-1.0379,-1.5351,-1.6578,-1.2678,-1.0044,-0.8618,-0.7665,-0.6192,-0.3597,-0.21,-0.3645,-0.5256,-0.6131,-0.6566,-0.6777,-0.6876,-0.6929,-0.6978,-0.7044,-0.713,-1.1499,-1.1601,-1.1654,-1.1606,-1.1432,-1.1191,-1.0957,-1.0789,-1.0931,-1.1439,-1.175,-1.0839,-0.8379,-0.5304,-0.8414,-0.9219,-1.0569,-1.1339,-1.1658,-0.9764,-0.7195,-0.6382,-0.6571,-0.5963,-0.4218,-0.3104,-0.4116,-0.5323,-0.6024,-0.6377,-0.6531,-0.658,-0.66,-0.6643,-0.673,-0.6853,-1.1347,-1.1401,-1.142,-1.1388,-1.1311,-1.1226,-1.1193,-1.1314,-1.1802,-1.3057,-1.5479,-1.3856,-1.2503,-1.0451,-1.0346,-1.0394,-1.0712,-1.0761,-1.0098,-0.7171,-0.1828,-0.2693,-0.5424,-0.6021,-0.5488,-0.5005,-0.5188,-0.5642,-0.6014,-0.6218,-0.6263,-0.6211,-0.6165,-0.6202,-0.6335,-0.6527,-1.1238,-1.1277,-1.1297,-1.1299,-1.1295,-1.1317,-1.1421,-1.17,-1.2322,-1.3568,-1.537,-1.487,-1.8217,-1.9978,-1.3807,-1.2026,-1.1416,-1.1045,-1.0284,-0.724,-0.1059,-0.2225,-0.5302,-0.6127,-0.5923,-0.5549,-0.545,-0.5654,-0.5919,-0.6033,-0.5931,-0.5698,-0.5537,-0.5596,-0.5839,-0.6153,-1.1161,-1.12,-1.1233,-1.1266,-1.1313,-1.1402,-1.1575,-1.1894,-1.2435,-1.3233,-1.4113,-1.5331,-1.9663,-2.0698,-1.6076,-1.4628,-1.2812,-1.1765,-1.1827,-0.98,-0.6816,-0.5895,-0.6314,-0.6306,-0.5698,-0.4835,-0.4598,-0.5184,-0.573,-0.5847,-0.5529,-0.4959,-0.461,-0.4785,-0.5262,-0.5768,-1.1106,-1.1149,-1.1195,-1.1251,-1.1329,-1.1451,-1.1645,-1.1945,-1.2379,-1.2951,-1.3662,-1.4689,-1.6117,-1.674,-1.8359,-1.9374,-1.4453,-1.2169,-1.183,-1.1199,-0.9444,-0.789,-0.7057,-0.636,-0.5138,-0.2993,-0.2508,-0.4565,-0.5705,-0.5793,-0.5158,-0.4069,-0.3481,-0.3933,-0.475,-0.5465,-1.1061,-1.111,-1.1166,-1.1235,-1.1328,-1.1461,-1.1649,-1.1911,-1.2259,-1.2698,-1.3236,-1.3897,-1.4643,-1.5562,-1.7589,-1.8096,-1.4508,-1.2371,-1.2352,-1.2696,-1.0299,-0.8216,-0.6994,-0.6277,-0.5257,-0.2866,-0.2292,-0.5452,-0.6291,-0.5999,-0.5102,-0.3718,-0.3013,-0.3626,-0.4582,-0.5365,-1.1022,-1.1073,-1.1134,-1.1209,-1.1306,-1.1435,-1.1605,-1.1825,-1.2102,-1.2435,-1.2823,-1.3262,-1.375,-1.4335,-1.496,-1.4732,-1.3301,-1.2043,-1.1706,-1.1344,-0.9263,-0.6851,-0.5669,-0.5799,-0.624,-0.7081,-0.9616,-0.9026,-0.7304,-0.6292,-0.5451,-0.4437,-0.3867,-0.4193,-0.4874,-0.5506,-1.0982,-1.1035,-1.1096,-1.1171,-1.1264,-1.1381,-1.1527,-1.1707,-1.1921,-1.2167,-1.2437,-1.2722,-1.3005,-1.3254,-1.3342,-1.3014,-1.2242,-1.1372,-1.0589,-0.9398,-0.6867,-0.3265,-0.2135,-0.4311,-0.656,-0.9194,-1.2593,-1.047,-0.705,-0.5999,-0.568,-0.5269,-0.4962,-0.504,-0.5386,-0.5798,-1.0941,-1.0992,-1.1051,-1.1121,-1.1205,-1.1306,-1.1427,-1.1569,-1.1729,-1.1903,-1.2081,-1.2249,-1.2383,-1.244,-1.2345,-1.2012,-1.1431,-1.0664,-0.9666,-0.8053,-0.5042,-0.0505,0.0717,-0.2985,-0.6082,-0.8188,-0.9297,-0.7456,-0.4714,-0.4922,-0.5526,-0.5664,-0.5629,-0.5679,-0.5862,-0.6118,-1.0896,-1.0944,-1.0998,-1.106,-1.1133,-1.1217,-1.1314,-1.1421,-1.1535,-1.1651,-1.1758,-1.1841,-1.1876,-1.1832,-1.1665,-1.1334,-1.0819,-1.0105,-0.9104,-0.7585,-0.5241,-0.2479,-0.1776,-0.3795,-0.5891,-0.713,-0.7303,-0.5966,-0.437,-0.4714,-0.5489,-0.5861,-0.5998,-0.6093,-0.6228,-0.6404]},{"header":{"la1":42.85,"la2":41.18,"lo1":11.55,"lo2":14.05,"nx":36,"ny":24,"dx":0.07143,"dy":0.07261,"parameterCategory":2,"parameterNumber":3,"parameterNumberName":"northward_wind","parameterUnit":"m.s-1"},"data":[-0.1665,-0.1643,-0.1583,-0.1483,-0.1348,-0.119,-0.1024,-0.0867,-0.073,-0.0614,-0.0512,-0.0415,-0.0313,-0.0204,-0.0087,0.0035,0.0158,0.0277,0.0389,0.0492,0.0583,0.0664,0.0738,0.0807,0.087,0.0923,0.0962,0.0986,0.0996,0.0993,0.0978,0.0953,0.0922,0.0886,0.0846,0.0804,-0.1902,-0.1891,-0.1826,-0.1702,-0.1525,-0.131,-0.1086,-0.0885,-0.0728,-0.0616,-0.0533,-0.0454,-0.0364,-0.0256,-0.0133,-0.0001,0.0134,0.0264,0.0387,0.0497,0.0591,0.0673,0.0751,0.0832,0.0911,0.0978,0.1026,0.1053,0.1061,0.1052,0.1029,0.0997,0.0956,0.091,0.0861,0.0812,-0.2191,-0.2202,-0.2138,-0.1984,-0.174,-0.1431,-0.1104,-0.0823,-0.064,-0.0556,-0.0524,-0.0491,-0.0426,-0.0327,-0.0199,-0.0056,0.0093,0.0235,0.0368,0.0486,0.0579,0.0649,0.0728,0.0835,0.0947,0.1039,0.1099,0.113,0.1134,0.1118,0.1085,0.1041,0.0989,0.0932,0.0872,0.0813,-0.2546,-0.2605,-0.2558,-0.2369,-0.2026,-0.1556,-0.1033,-0.0589,-0.0363,-0.0368,-0.0466,-0.0528,-0.0511,-0.0427,-0.0296,-0.0137,0.0026,0.0176,0.0311,0.0443,0.0531,0.0549,0.062,0.0796,0.0981,0.1114,0.1191,0.1222,0.1219,0.1191,0.1145,0.1086,0.102,0.0948,0.0876,0.0806,-0.2981,-0.3137,-0.3151,-0.2939,-0.2453,-0.1716,-0.0814,0.0011,0.0337,0.0067,-0.0346,-0.0586,-0.064,-0.0576,-0.0441,-0.0262,-0.0077,0.0061,0.0161,0.0332,0.0457,0.0302,0.0358,0.0732,0.1047,0.1227,0.1312,0.1335,0.1319,0.1274,0.1209,0.1131,0.1046,0.0958,0.087,0.0787,-0.3498,-0.3842,-0.4023,-0.3839,-0.3165,-0.2034,-0.0481,0.1257,0.1898,0.0851,-0.0237,-0.0727,-0.0845,-0.0802,-0.0671,-0.0462,-0.0227,-0.0122,-0.0237,-0.0006,0.0493,0.0128,0.0207,0.0837,0.123,0.141,0.1475,0.1475,0.1434,0.1364,0.1274,0.1172,0.1064,0.0955,0.085,0.0753,-0.4055,-0.4738,-0.5331,-0.5333,-0.4383,-0.2764,-0.0551,0.2501,0.3841,0.1381,-0.0461,-0.1054,-0.1156,-0.1141,-0.106,-0.0824,-0.0447,-0.0254,-0.0767,-0.0552,0.1034,0.1179,0.1117,0.1413,0.1605,0.1678,0.1683,0.1642,0.1566,0.1462,0.1339,0.1206,0.1069,0.0936,0.0811,0.0697,-0.4515,-0.5679,-0.7169,-0.782,-0.6215,-0.3965,-0.1863,0.0624,0.1689,-0.0197,-0.1431,-0.1614,-0.1553,-0.1632,-0.1787,-0.16,-0.0902,-0.0187,0.0027,0.0947,0.3383,0.3722,0.279,0.2283,0.209,0.2002,0.1928,0.1836,0.1714,0.1566,0.14,0.1227,0.1054,0.0891,0.0743,0.0613,-0.4619,-0.6067,-0.8655,-1.0779,-0.7625,-0.488,-0.3736,-0.3073,-0.3027,-0.3365,-0.3,-0.2267,-0.1897,-0.2258,-0.3285,-0.3493,-0.1953,-0.0301,0.1046,0.3295,0.7194,0.658,0.4091,0.2955,0.2519,0.2331,0.2201,0.2057,0.1879,0.1673,0.145,0.1225,0.1009,0.0811,0.0636,0.0489,-0.421,-0.5161,-0.6688,-0.7652,-0.5231,-0.4681,-0.5257,-0.6101,-0.7327,-0.7367,-0.4885,-0.2719,-0.1906,-0.2648,-0.6105,-0.8078,-0.3456,-0.0568,0.1148,0.3227,0.5886,0.5712,0.4062,0.3177,0.2826,0.2669,0.2524,0.2324,0.2068,0.1779,0.148,0.1188,0.0918,0.0678,0.0476,0.0313,-0.3535,-0.3638,-0.2799,0.027,-0.0284,-0.4137,-0.6843,-0.8637,-1.1263,-1.2743,-0.6369,-0.2539,-0.1359,-0.1845,-0.5227,-0.803,-0.2792,-0.0324,0.0867,0.2106,0.3318,0.3686,0.3406,0.3182,0.3143,0.3126,0.2975,0.2673,0.2288,0.1877,0.1473,0.1094,0.0756,0.0469,0.0239,0.0066,-0.2997,-0.2792,-0.1739,0.0341,-0.052,-0.5119,-0.9314,-1.1703,-1.1295,-1.0297,-0.5003,-0.1379,-0.0553,-0.1441,-0.0934,-0.0937,-0.0114,-0.0019,0.0211,0.1328,0.2279,0.281,0.3073,0.3346,0.3723,0.3929,0.3685,0.3141,0.2528,0.1939,0.1396,0.0909,0.049,0.0151,-0.0103,-0.0276,-0.2698,-0.2638,-0.2344,-0.2178,-0.3477,-0.6853,-1.1435,-1.4167,-1.3679,-0.7287,-0.2374,0.0491,0.0885,-0.0943,0.0655,0.2047,0.1906,-0.1386,-0.1548,0.1001,0.2102,0.2661,0.3107,0.3764,0.4782,0.5366,0.4732,0.3673,0.2723,0.1913,0.1201,0.058,0.0064,-0.0328,-0.0594,-0.0744,-0.2505,-0.2633,-0.2813,-0.3309,-0.4588,-0.6979,-1.0484,-1.4491,-1.208,-0.4773,-0.0075,0.1975,0.2393,0.3667,0.3322,0.4618,0.4578,0.1663,0.0515,0.1768,0.246,0.285,0.3263,0.4118,0.5808,0.686,0.5581,0.3973,0.2735,0.1717,0.0817,0.003,-0.0604,-0.1046,-0.1294,-0.1381,-0.2292,-0.2499,-0.2807,-0.3342,-0.4257,-0.5609,-0.7163,-0.7827,-0.5433,-0.0839,0.254,0.3822,0.4538,0.6685,0.4859,0.5513,1.0688,0.5697,0.3303,0.2879,0.3064,0.3194,0.3366,0.3988,0.5264,0.6057,0.5098,0.3704,0.2457,0.1289,0.0162,-0.0858,-0.1647,-0.212,-0.2287,-0.2231,-0.2016,-0.2208,-0.2467,-0.2831,-0.3311,-0.3818,-0.4042,-0.3341,-0.1075,0.2461,0.5854,0.6556,0.6205,0.6038,0.5708,0.6964,0.9337,0.5983,0.3817,0.3312,0.3731,0.363,0.3419,0.3654,0.4176,0.4458,0.4053,0.3161,0.2,0.0633,-0.0858,-0.2267,-0.3289,-0.3736,-0.368,-0.3335,-0.1688,-0.1818,-0.1968,-0.213,-0.2264,-0.2256,-0.1887,-0.0864,0.1,0.3534,0.5834,0.6397,0.9047,1.03,0.6894,0.6189,0.5711,0.3976,0.2535,0.2892,0.3789,0.367,0.3381,0.3481,0.3803,0.4038,0.3825,0.2991,0.1624,-0.0186,-0.2352,-0.4499,-0.5898,-0.6143,-0.5559,-0.4683,-0.1336,-0.1392,-0.1433,-0.1434,-0.1346,-0.1083,-0.0525,0.0444,0.1836,0.3461,0.4924,0.6399,0.9671,1.0493,0.7758,0.6833,0.4965,0.166,-0.1085,0.1715,0.3002,0.3226,0.3233,0.3473,0.4129,0.5011,0.5017,0.3594,0.1505,-0.1071,-0.4367,-0.7905,-0.9911,-0.9484,-0.7829,-0.6127,-0.0987,-0.0978,-0.0932,-0.0825,-0.0617,-0.0255,0.0322,0.1146,0.2192,0.3351,0.4511,0.5751,0.7102,0.7795,0.9209,0.9969,0.5774,0.2186,0.0535,0.2649,0.3029,0.3017,0.306,0.3471,0.4793,0.7429,0.7966,0.4658,0.1447,-0.1867,-0.6456,-1.206,-1.4839,-1.3037,-0.988,-0.7289,-0.0663,-0.0602,-0.0498,-0.0328,-0.0066,0.0318,0.0851,0.1537,0.235,0.3234,0.4137,0.5041,0.5911,0.6841,0.8535,0.8925,0.5899,0.3775,0.4109,0.4737,0.3446,0.2866,0.2739,0.3125,0.4502,0.7683,0.8412,0.3925,0.0811,-0.2367,-0.7187,-1.3722,-1.6866,-1.4326,-1.0563,-0.7684,-0.0373,-0.0277,-0.0136,0.0064,0.0341,0.0711,0.1183,0.1753,0.24,0.3091,0.379,0.4472,0.5124,0.5785,0.6394,0.6246,0.5079,0.406,0.3944,0.3933,0.3099,0.2325,0.2042,0.2296,0.286,0.3016,0.1265,0.0708,-0.0507,-0.2659,-0.5997,-1.0615,-1.3227,-1.1996,-0.9415,-0.7152,-0.0121,-0.0003,0.0156,0.0366,0.0637,0.0977,0.1388,0.1863,0.2385,0.2931,0.3474,0.3991,0.446,0.4849,0.5056,0.4891,0.4364,0.3811,0.3456,0.3058,0.2249,0.1188,0.0849,0.1332,0.1505,0.0666,-0.0779,-0.082,-0.2271,-0.3392,-0.4695,-0.6903,-0.857,-0.8532,-0.7401,-0.6055,0.0093,0.0222,0.0387,0.0594,0.085,0.1155,0.151,0.1906,0.233,0.2765,0.3188,0.3579,0.391,0.4145,0.4229,0.411,0.3811,0.3437,0.304,0.2506,0.1616,0.04,0.0089,0.077,0.0873,0.0226,-0.0719,-0.2452,-0.5144,-0.4813,-0.4304,-0.4904,-0.5712,-0.5946,-0.5564,-0.4875,0.0271,0.0404,0.0568,0.0765,0.1,0.1271,0.1575,0.1907,0.2253,0.2601,0.2932,0.3228,0.3466,0.362,0.3662,0.3575,0.3372,0.3084,0.2719,0.2227,0.1543,0.0805,0.0566,0.0748,0.0605,-0.0046,-0.1219,-0.3358,-0.5523,-0.5034,-0.4084,-0.3952,-0.4202,-0.4346,-0.4215,-0.3869]}]