docs/data/wind_grid.json
[{"header":{"la1":42.85,"la2":41.18,"lo1":11.55,"lo2":14.05,"nx":36,"ny":24,"dx":0.07143,"dy":0.07261,"parameterCategory":2,"parameterNumber":2,"parameterNumberName":"eastward_wind","parameterUnit":"m.s-1"},"data":[3.7467,3.7563,3.7656,3.7739,3.78,3.7823,3.7784,3.7655,3.7416,3.7058,3.6594,3.6048,3.5453,3.4854,3.4309,3.389,3.3643,3.3555,3.3561,3.3589,3.3595,3.3561,3.3484,3.3369,3.3223,3.3052,3.2861,3.2656,3.2441,3.2222,3.2001,3.1783,3.1571,3.1369,3.1179,3.1005,3.7661,3.779,3.7923,3.8056,3.818,3.8272,3.8295,3.8202,3.7948,3.7516,3.6927,3.6219,3.5434,3.4618,3.3857,3.3291,3.3038,3.3068,3.3228,3.3382,3.3469,3.3478,3.342,3.3309,3.3156,3.2972,3.2765,3.254,3.2305,3.2063,3.1821,3.1582,3.1351,3.1132,3.0928,3.0742,3.7854,3.8017,3.8197,3.8395,3.8606,3.8809,3.8952,3.8945,3.8694,3.816,3.7392,3.6468,3.5437,3.4321,3.3209,3.2372,3.2128,3.2409,3.2843,3.318,3.3363,3.3415,3.3369,3.3255,3.309,3.2888,3.2659,3.241,3.2149,3.1882,3.1614,3.1351,3.1098,3.086,3.064,3.0442,3.8038,3.8236,3.8466,3.8737,3.9062,3.9434,3.9796,3.9988,3.9784,3.9086,3.8036,3.6829,3.553,3.4081,3.2484,3.1179,3.0962,3.1694,3.2514,3.3048,3.3309,3.3384,3.3337,3.3208,3.3023,3.2797,3.2541,3.2263,3.1972,3.1674,3.1376,3.1084,3.0806,3.0545,3.0308,3.0097,3.8209,3.8437,3.8709,3.9051,3.95,4.01,4.0839,4.1471,4.1431,4.0407,3.8856,3.7286,3.5775,3.4141,3.2218,3.0473,3.0264,3.1392,3.2461,3.3072,3.334,3.3398,3.3326,3.317,3.2955,3.2697,3.2408,3.2095,3.1768,3.1433,3.1099,3.0773,3.0464,3.0178,2.9921,2.9697,3.8361,3.8611,3.8911,3.9296,3.9837,4.066,4.1917,4.3417,4.382,4.2076,3.9659,3.7693,3.6123,3.4622,3.2963,3.1465,3.1187,3.2012,3.2826,3.3282,3.3456,3.3451,3.3331,3.3134,3.2881,3.2584,3.2255,3.1901,3.153,3.115,3.0773,3.0407,3.0062,2.9746,2.9468,2.9231,3.8493,3.8756,3.9064,3.9449,3.9988,4.086,4.2417,4.4841,4.5917,4.3114,3.9881,3.7788,3.6374,3.5213,3.4119,3.322,3.2893,3.3106,3.3419,3.3597,3.362,3.3525,3.3342,3.3094,3.2795,3.2453,3.2077,3.1673,3.125,3.0817,3.0387,2.9971,2.9583,2.9233,2.8931,2.8682,3.8609,3.8881,3.9185,3.9534,3.9967,4.0592,4.1672,4.3397,4.4026,4.1568,3.9011,3.743,3.6374,3.5552,3.4866,3.4336,3.4034,3.3946,3.3937,3.3897,3.3783,3.3595,3.3344,3.304,3.269,3.2298,3.1868,3.1406,3.0919,3.0421,2.9925,2.9449,2.9008,2.8618,2.829,2.803,3.8714,3.9001,3.931,3.9631,3.9945,4.0224,4.0428,4.0433,3.9777,3.85,3.7524,3.6817,3.6162,3.5578,3.5113,3.4775,3.4551,3.4409,3.4287,3.413,3.3914,3.3643,3.3325,3.2963,3.2559,3.2112,3.1621,3.109,3.0527,2.9947,2.9368,2.8814,2.8308,2.787,2.7516,2.725,3.8809,3.9124,3.9466,3.9821,4.014,4.0302,4.003,3.8823,3.6525,3.5348,3.6064,3.6285,3.5877,3.5357,3.4997,3.4811,3.4721,3.4655,3.4536,3.4317,3.4013,3.3658,3.327,3.2852,3.2395,3.189,3.1331,3.0718,3.006,2.9375,2.8688,2.8033,2.7444,2.695,2.6568,2.6307,3.8885,3.924,3.9649,4.0116,4.0625,4.1088,4.1144,3.9519,3.3816,3.1205,3.5169,3.6159,3.5623,3.4882,3.4554,3.4599,3.475,3.4889,3.484,3.4526,3.4084,3.3621,3.3162,3.2692,3.2188,3.1626,3.0992,3.0282,2.9504,2.868,2.7849,2.7059,2.6361,2.5797,2.5393,2.5153,3.8927,3.9322,3.9806,4.0418,4.1226,4.2322,4.3712,4.4255,3.8961,3.4623,3.646,3.6745,3.5554,3.4196,3.366,3.4238,3.4783,3.5432,3.5481,3.4809,3.4089,3.3485,3.2965,3.2468,3.1934,3.1322,3.0606,2.9778,2.8844,2.7833,2.68,2.582,2.4974,2.4329,2.3915,2.3728,3.8917,3.9333,3.9862,4.057,4.158,4.3126,4.5531,4.7981,4.5781,4.0217,3.8383,3.8558,3.6961,3.3319,3.2633,3.4,3.4708,3.6454,3.6469,3.4937,3.3863,3.3149,3.2632,3.2164,3.1635,3.0985,3.0182,2.921,2.807,2.6796,2.5468,2.421,2.3159,2.2417,2.2024,2.1953,3.8842,3.9249,3.9767,4.0457,4.1425,4.2836,4.4821,4.6898,4.5271,4.0806,3.8952,4.087,4.1015,3.3494,3.4135,3.3722,3.3482,3.5122,3.5458,3.4234,3.313,3.2463,3.2113,3.1784,3.1311,3.064,2.9746,2.86,2.7184,2.5527,2.3749,2.2064,2.0714,1.9871,1.9572,1.9729,3.8701,3.9069,3.9523,4.0096,4.083,4.1745,4.2713,4.3097,4.1746,3.9474,3.8242,3.7974,3.6894,3.596,3.4799,3.2342,2.9813,3.2686,3.3674,3.2913,3.1634,3.1229,3.1405,3.1379,3.1007,3.0332,2.9353,2.8007,2.6217,2.3986,2.1491,1.9114,1.7319,1.6405,1.6361,1.6957,3.8506,3.8816,3.9176,3.9593,4.0057,4.0512,4.0784,4.0547,3.959,3.8417,3.795,3.6602,3.6481,3.6042,3.5186,3.2924,3.098,3.2694,3.3174,3.1749,2.9169,2.95,3.0739,3.1073,3.0792,3.0139,2.9117,2.7561,2.527,2.2161,1.8474,1.4927,1.2466,1.1618,1.218,1.3576,3.8275,3.852,3.8786,3.9061,3.9318,3.9494,3.9483,3.9169,3.8571,3.798,3.7803,3.712,3.6747,3.6664,3.5958,3.4941,3.4074,3.4016,3.38,3.2079,2.8909,2.9363,3.0707,3.1001,3.0733,3.0196,2.9258,2.7505,2.4543,2.0109,1.4436,0.887,0.5455,0.5097,0.6948,0.9693,3.8028,3.8213,3.8398,3.8567,3.8694,3.8736,3.8644,3.839,3.802,3.7659,3.7373,3.7045,3.6862,3.6864,3.7077,3.6935,3.5684,3.4905,3.491,3.3768,3.1944,3.1259,3.1273,3.11,3.0855,3.0739,3.0147,2.8117,2.427,1.8055,0.9331,0.0458,-0.412,-0.3031,0.112,0.5778,3.7777,3.7912,3.8036,3.8134,3.8188,3.8173,3.8071,3.788,3.7632,3.7379,3.7152,3.6972,3.6941,3.7351,3.927,4.0058,3.6944,3.529,3.5022,3.4774,3.3616,3.2442,3.1667,3.1118,3.1028,3.1879,3.1942,2.9119,2.4378,1.6543,0.4346,-0.8696,-1.4203,-1.0666,-0.3734,0.2805,3.7532,3.7628,3.7708,3.7761,3.7775,3.7739,3.7644,3.7498,3.7319,3.7135,3.6975,3.6882,3.6962,3.7505,3.8964,3.9326,3.7044,3.5571,3.562,3.5878,3.424,3.2669,3.1575,3.085,3.069,3.1877,3.2134,2.8671,2.4326,1.6393,0.2873,-1.2061,-1.7866,-1.3208,-0.5242,0.1903,3.7299,3.7365,3.7414,3.7438,3.7431,3.7385,3.7301,3.7183,3.7045,3.6904,3.6785,3.6721,3.6777,3.7039,3.7429,3.7273,3.6293,3.5415,3.5211,3.4996,3.3603,3.1959,3.092,3.0287,2.9623,2.8708,2.6805,2.6275,2.4137,1.777,0.6602,-0.5611,-1.1139,-0.849,-0.2479,0.3451,3.7078,3.7122,3.7149,3.7154,3.7134,3.7085,3.7008,3.6907,3.6792,3.6674,3.6567,3.6493,3.647,3.6495,3.6471,3.6193,3.5616,3.4985,3.4456,3.3704,3.221,3.0405,2.974,2.9693,2.8851,2.6976,2.5098,2.5364,2.4153,1.9608,1.2051,0.3989,-0.058,-0.0322,0.2813,0.6696,3.6871,3.6897,3.6908,3.69,3.6871,3.682,3.6747,3.6655,3.6551,3.644,3.6331,3.6231,3.6139,3.6035,3.5861,3.5547,3.5076,3.4498,3.3807,3.2806,3.122,2.9425,2.9041,2.9405,2.8759,2.7312,2.6097,2.5576,2.4263,2.1109,1.635,1.1352,0.7991,0.7165,0.8333,1.0467,3.6675,3.6688,3.6687,3.6669,3.6634,3.658,3.6508,3.6419,3.6318,3.6207,3.6089,3.5964,3.5825,3.5654,3.5419,3.5087,3.4643,3.4082,3.3366,3.2402,3.1142,2.9942,2.9528,2.9489,2.8918,2.7882,2.6858,2.5936,2.4582,2.2331,1.9296,1.6154,1.3793,1.2749,1.2949,1.397]},{"header":{"la1":42.85,"la2":41.18,"lo1":11.55,"lo2":14.05,"nx":36,"ny":24,"dx":0.07143,"dy":0.07261,"parameterCategory":2,"parameterNumber":3,"parameterNumberName":"northward_wind","parameterUnit":"m.s-1"},"data":[1.0157,0.9963,0.975,0.9526,0.93,0.9092,0.8927,0.8828,0.8807,0.8847,0.8909,0.8937,0.8888,0.8753,0.8579,0.847,0.8534,0.881,0.9246,0.975,1.0251,1.0712,1.1121,1.1479,1.1792,1.2065,1.2306,1.2519,1.2708,1.2876,1.3025,1.3158,1.3275,1.3379,1.347,1.3549,1.0075,0.9844,0.9581,0.929,0.8981,0.8681,0.8432,0.8286,0.8275,0.8381,0.853,0.8617,0.8548,0.8286,0.7894,0.758,0.7596,0.8015,0.8684,0.9406,1.0069,1.0638,1.1115,1.1517,1.1858,1.2151,1.2405,1.2627,1.2823,1.2995,1.3147,1.3282,1.3399,1.3503,1.3592,1.367,1.0012,0.9742,0.9422,0.9046,0.8618,0.8169,0.7766,0.7515,0.7512,0.7747,0.8078,0.8304,0.8248,0.7804,0.7022,0.6292,0.6225,0.6958,0.8046,0.9086,0.9944,1.0624,1.1163,1.1601,1.1963,1.2269,1.2532,1.276,1.296,1.3134,1.3288,1.3422,1.3539,1.3641,1.3728,1.3802,0.9979,0.9674,0.9295,0.882,0.8233,0.7548,0.6852,0.6359,0.6333,0.682,0.7517,0.8031,0.8077,0.7456,0.6113,0.4651,0.4468,0.5809,0.7517,0.8919,0.995,1.0709,1.1285,1.174,1.2112,1.2423,1.2689,1.292,1.312,1.3296,1.3449,1.3582,1.3697,1.3795,1.3879,1.3948,0.9988,0.966,0.9232,0.8661,0.7891,0.6871,0.5646,0.458,0.4409,0.5413,0.6829,0.7852,0.8149,0.753,0.5822,0.3678,0.3403,0.5347,0.7501,0.9077,1.0156,1.0921,1.1491,1.194,1.2306,1.2615,1.2879,1.3108,1.3307,1.348,1.3631,1.3761,1.3873,1.3967,1.4045,1.4109,1.0048,0.9717,0.927,0.8643,0.7724,0.6344,0.434,0.2072,0.1399,0.3495,0.6171,0.7879,0.8535,0.8217,0.6898,0.5154,0.49,0.6489,0.8293,0.9637,1.0576,1.1256,1.1777,1.2196,1.2545,1.2843,1.31,1.3324,1.3519,1.3689,1.3836,1.3962,1.4068,1.4157,1.4229,1.4285,1.0164,0.9856,0.9435,0.8829,0.7899,0.638,0.382,0.0155,-0.1383,0.2266,0.617,0.8308,0.9219,0.9299,0.874,0.7969,0.7834,0.857,0.9573,1.0445,1.1131,1.1675,1.2121,1.2498,1.2823,1.3105,1.3353,1.357,1.376,1.3925,1.4066,1.4186,1.4286,1.4367,1.4431,1.4478,1.0328,1.007,0.9723,0.9229,0.8479,0.7262,0.5219,0.2303,0.1206,0.4309,0.7441,0.922,1.0114,1.0432,1.0355,1.0126,1.0067,1.0319,1.076,1.1242,1.1698,1.2115,1.2492,1.283,1.3131,1.34,1.3637,1.3847,1.403,1.4188,1.4323,1.4436,1.4527,1.4599,1.4652,1.4689,1.0527,1.0335,1.0091,0.9766,0.931,0.8648,0.7722,0.677,0.6721,0.7869,0.9214,1.0318,1.1084,1.1485,1.1565,1.1468,1.138,1.1417,1.159,1.1861,1.2187,1.2531,1.2868,1.3183,1.3469,1.3725,1.3954,1.4155,1.4331,1.4482,1.4609,1.4713,1.4794,1.4855,1.4896,1.4919,1.0739,1.0618,1.048,1.0325,1.0147,0.9939,0.9703,0.949,0.944,0.9656,1.032,1.1232,1.2043,1.2519,1.2555,1.2332,1.2101,1.1989,1.204,1.2248,1.2558,1.2906,1.3246,1.3558,1.3838,1.4086,1.4307,1.45,1.4667,1.4809,1.4927,1.502,1.509,1.5137,1.5163,1.517,1.0947,1.0886,1.0838,1.0815,1.0836,1.0909,1.098,1.0785,0.9857,0.9429,1.0702,1.1925,1.3057,1.3813,1.3543,1.2912,1.2414,1.21,1.2086,1.2384,1.2823,1.3263,1.3649,1.3974,1.425,1.4491,1.4702,1.4886,1.5043,1.5175,1.5281,1.5362,1.5418,1.5449,1.5457,1.5444,1.1134,1.1118,1.1131,1.1193,1.1333,1.1581,1.1931,1.2101,1.1081,1.0312,1.1303,1.2425,1.4052,1.6475,1.4375,1.3151,1.2362,1.1595,1.1542,1.2277,1.3065,1.3685,1.4134,1.4463,1.4724,1.4949,1.5148,1.5321,1.5466,1.5584,1.5675,1.5742,1.5782,1.5795,1.5781,1.5743,1.1294,1.1305,1.135,1.1449,1.1632,1.1943,1.2425,1.2866,1.2532,1.1712,1.1851,1.2438,1.3392,1.5689,1.297,1.2921,1.2196,1.0493,1.0511,1.2249,1.3535,1.4335,1.479,1.5064,1.5276,1.5473,1.5657,1.5815,1.5943,1.6041,1.6114,1.6164,1.6187,1.6179,1.6138,1.607,1.1424,1.1448,1.1501,1.1599,1.1762,1.2016,1.2375,1.2755,1.2508,1.1886,1.1831,1.2289,1.2298,1.0556,1.2205,1.2705,1.2685,1.1594,1.1563,1.3181,1.4659,1.5465,1.5716,1.5796,1.5907,1.6072,1.6245,1.6386,1.6485,1.6552,1.6601,1.6633,1.6639,1.6608,1.6535,1.6426,1.153,1.1554,1.16,1.1675,1.1785,1.1932,1.2091,1.2153,1.1914,1.1461,1.1241,1.155,1.1332,1.0417,1.1727,1.3054,1.3896,1.3247,1.3522,1.5042,1.6888,1.7376,1.6927,1.6606,1.6597,1.6765,1.6949,1.7063,1.7105,1.7117,1.7132,1.7151,1.7146,1.7091,1.6976,1.6814,1.1616,1.1635,1.1667,1.1713,1.177,1.1827,1.1847,1.176,1.1458,1.0801,0.9626,1.1356,1.1439,1.1287,1.1851,1.293,1.3679,1.3734,1.463,1.6965,2.0382,1.9902,1.807,1.732,1.732,1.7612,1.7852,1.7899,1.7815,1.7723,1.7695,1.7718,1.7721,1.764,1.7466,1.7228,1.1689,1.1701,1.1719,1.1741,1.176,1.1761,1.1718,1.1584,1.1287,1.07,0.9831,1.0754,1.1329,1.1383,1.1729,1.236,1.3163,1.404,1.5048,1.7153,2.0825,2.0202,1.8322,1.777,1.813,1.8789,1.913,1.897,1.8603,1.8326,1.8255,1.8331,1.8379,1.8265,1.7997,1.7653,1.1756,1.1761,1.1768,1.1773,1.177,1.1747,1.1686,1.1565,1.1359,1.108,1.0908,1.1117,1.1311,1.1307,1.1102,1.1305,1.2775,1.4411,1.4936,1.6075,1.7737,1.8128,1.7799,1.805,1.9173,2.0616,2.1068,2.0312,1.9386,1.884,1.8753,1.8969,1.9112,1.8937,1.8526,1.8046,1.1818,1.182,1.182,1.1817,1.1805,1.1776,1.1721,1.1633,1.1514,1.1391,1.1332,1.1359,1.1338,1.0989,0.9376,0.873,1.2015,1.4535,1.5492,1.6769,1.6951,1.708,1.7354,1.824,2.0246,2.3031,2.361,2.1541,1.9903,1.9139,1.9098,1.9527,1.9785,1.9509,1.8935,1.833,1.1881,1.188,1.1878,1.1872,1.1859,1.1834,1.1794,1.1739,1.1673,1.1614,1.1578,1.1549,1.1433,1.0969,0.9722,0.9485,1.2145,1.4893,1.781,1.8855,1.7197,1.6691,1.6957,1.8025,2.0208,2.3326,2.3961,2.1247,1.9769,1.9137,1.9179,1.9714,2.0014,1.9693,1.9065,1.8425,1.1944,1.1943,1.1941,1.1937,1.1927,1.1911,1.1887,1.1857,1.1826,1.18,1.1782,1.1758,1.1678,1.1471,1.1209,1.1553,1.2979,1.4914,1.687,1.7496,1.6644,1.6085,1.6219,1.7209,1.8857,2.0028,1.9339,1.9198,1.9102,1.8879,1.8963,1.9365,1.96,1.9369,1.8862,1.8308,1.2007,1.2009,1.2009,1.2008,1.2005,1.1998,1.199,1.198,1.1973,1.1973,1.1981,1.1991,1.1995,1.2006,1.2127,1.2577,1.3472,1.4617,1.562,1.5993,1.5658,1.5037,1.4963,1.6064,1.7601,1.8423,1.8175,1.8372,1.8555,1.8522,1.8584,1.8792,1.8919,1.8788,1.8453,1.804,1.2072,1.2076,1.208,1.2084,1.2088,1.2091,1.2096,1.2104,1.2117,1.2139,1.2174,1.2223,1.2296,1.2419,1.2651,1.3069,1.3686,1.4395,1.4991,1.5257,1.5055,1.4406,1.421,1.5323,1.6784,1.7771,1.8112,1.8184,1.8188,1.8157,1.8178,1.8258,1.8301,1.8215,1.8,1.7711,1.2137,1.2145,1.2153,1.2163,1.2173,1.2186,1.2203,1.2225,1.2255,1.2297,1.2355,1.2435,1.2549,1.2717,1.2969,1.3328,1.3785,1.4277,1.4699,1.4942,1.4923,1.4683,1.4689,1.5373,1.6354,1.7155,1.7598,1.7761,1.779,1.7781,1.7786,1.7807,1.7804,1.7734,1.7586,1.7381]}]