docs/data/wind_grid.json
[{"header":{"la1":42.85,"la2":41.18,"lo1":11.55,"lo2":14.05,"nx":36,"ny":24,"dx":0.07143,"dy":0.07261,"parameterCategory":2,"parameterNumber":2,"parameterNumberName":"eastward_wind","parameterUnit":"m.s-1"},"data":[-0.2683,-0.2803,-0.2944,-0.3101,-0.3261,-0.3401,-0.3493,-0.3506,-0.3417,-0.3221,-0.2933,-0.258,-0.219,-0.1788,-0.1389,-0.101,-0.0667,-0.0384,-0.0183,-0.008,-0.0075,-0.0152,-0.0285,-0.0447,-0.0617,-0.0783,-0.0935,-0.1071,-0.1188,-0.1289,-0.1373,-0.1444,-0.1503,-0.1551,-0.1592,-0.1626,-0.2662,-0.2811,-0.2999,-0.3223,-0.3468,-0.3705,-0.3889,-0.3962,-0.388,-0.3631,-0.3245,-0.2775,-0.2269,-0.1755,-0.1249,-0.0764,-0.0317,0.0058,0.0318,0.043,0.0393,0.0241,0.0023,-0.0219,-0.0455,-0.0672,-0.0863,-0.1025,-0.1162,-0.1275,-0.1367,-0.1441,-0.1501,-0.1549,-0.1589,-0.1621,-0.2599,-0.2778,-0.302,-0.3329,-0.3696,-0.4087,-0.4433,-0.4628,-0.4569,-0.4229,-0.3681,-0.3034,-0.2366,-0.1712,-0.1076,-0.0455,0.0141,0.0664,0.1025,0.1146,0.1023,0.0737,0.0381,0.0026,-0.0297,-0.0576,-0.0809,-0.0999,-0.1154,-0.1276,-0.1373,-0.1448,-0.1507,-0.1553,-0.1589,-0.1619,-0.2478,-0.2677,-0.2972,-0.3382,-0.3915,-0.4547,-0.5188,-0.5637,-0.5643,-0.5126,-0.428,-0.3352,-0.247,-0.1651,-0.0868,-0.0081,0.073,0.1508,0.2064,0.2189,0.1883,0.1347,0.0776,0.0264,-0.0163,-0.0509,-0.0785,-0.1001,-0.1169,-0.1298,-0.1395,-0.1468,-0.1522,-0.1563,-0.1594,-0.1618,-0.2272,-0.2471,-0.2804,-0.3316,-0.4051,-0.5031,-0.6194,-0.7203,-0.7388,-0.6472,-0.5047,-0.3691,-0.2544,-0.1552,-0.0627,0.0332,0.143,0.266,0.3636,0.3748,0.3026,0.2041,0.1157,0.0455,-0.0083,-0.0494,-0.0806,-0.1041,-0.1216,-0.1344,-0.1435,-0.15,-0.1546,-0.1577,-0.16,-0.1617,-0.1957,-0.2113,-0.2441,-0.3024,-0.3957,-0.535,-0.7299,-0.9466,-1.0141,-0.8281,-0.5823,-0.393,-0.2526,-0.1385,-0.0354,0.0722,0.2097,0.4014,0.5861,0.589,0.431,0.2652,0.1413,0.0536,-0.0093,-0.0551,-0.0886,-0.1128,-0.13,-0.1418,-0.1496,-0.1546,-0.1577,-0.1595,-0.1606,-0.1614,-0.1509,-0.1549,-0.1788,-0.2362,-0.3418,-0.5115,-0.7726,-1.1269,-1.2745,-0.9498,-0.6086,-0.3897,-0.2359,-0.1105,-0.0002,0.1056,0.2423,0.4751,0.7564,0.7451,0.4963,0.2821,0.1397,0.0442,-0.0226,-0.0703,-0.104,-0.1273,-0.1427,-0.1522,-0.1576,-0.1603,-0.1612,-0.1613,-0.1609,-0.1606,-0.0922,-0.073,-0.0723,-0.1143,-0.2222,-0.4009,-0.6475,-0.9423,-1.0535,-0.808,-0.5467,-0.3587,-0.2062,-0.0659,0.0606,0.1547,0.2384,0.3903,0.5941,0.5952,0.4076,0.2312,0.105,0.0153,-0.0497,-0.0962,-0.1282,-0.1485,-0.1602,-0.1658,-0.1674,-0.1667,-0.1648,-0.1625,-0.1604,-0.1588,-0.0237,0.0352,0.089,0.0918,-0.0165,-0.2215,-0.4405,-0.6136,-0.6763,-0.6106,-0.4795,-0.3309,-0.1788,-0.0052,0.1889,0.2886,0.268,0.2791,0.3338,0.3327,0.25,0.1443,0.0489,-0.0294,-0.0904,-0.1344,-0.1626,-0.1775,-0.1829,-0.1824,-0.1785,-0.1732,-0.1676,-0.1625,-0.1584,-0.1554,0.0418,0.1543,0.3041,0.4217,0.3109,-0.0147,-0.292,-0.4762,-0.6163,-0.641,-0.498,-0.3324,-0.179,0.03,0.4218,0.6122,0.3558,0.2459,0.2251,0.1997,0.1439,0.0685,-0.011,-0.0846,-0.1454,-0.1878,-0.2101,-0.2157,-0.211,-0.2013,-0.1899,-0.1786,-0.1685,-0.1602,-0.1539,-0.1495,0.081,0.2359,0.4874,0.7928,0.7025,0.1434,-0.2202,-0.4299,-0.7595,-0.9095,-0.559,-0.3476,-0.2236,-0.0808,0.3273,0.6085,0.3273,0.2528,0.2342,0.1796,0.1016,0.0175,-0.0673,-0.1493,-0.2195,-0.2638,-0.276,-0.265,-0.2439,-0.2209,-0.1995,-0.1811,-0.1658,-0.154,-0.1456,-0.1403,0.0741,0.222,0.4573,0.7342,0.6281,0.0938,-0.2046,-0.2987,-0.5282,-0.7001,-0.4913,-0.3563,-0.2874,-0.2986,-0.1572,0.1002,0.2226,0.367,0.3839,0.2371,0.0945,-0.0192,-0.1219,-0.2265,-0.3239,-0.3772,-0.3682,-0.3253,-0.2783,-0.2377,-0.2045,-0.1779,-0.1572,-0.142,-0.1319,-0.1263,0.0256,0.1244,0.2472,0.327,0.2056,-0.0615,-0.2112,-0.2081,-0.2743,-0.4045,-0.4144,-0.4247,-0.3456,-0.3452,-0.266,-0.0039,0.2507,0.658,0.6568,0.2954,0.0776,-0.0582,-0.1746,-0.311,-0.4658,-0.5424,-0.485,-0.3868,-0.3058,-0.2458,-0.2005,-0.1656,-0.1395,-0.1214,-0.1106,-0.106,-0.0403,0.0096,0.0507,0.0469,-0.0352,-0.1544,-0.226,-0.2333,-0.2712,-0.3614,-0.415,-0.5691,-0.5429,0.2809,-0.0275,0.1249,0.3537,0.4964,0.4712,0.199,0.0089,-0.1074,-0.2144,-0.3662,-0.5812,-0.6898,-0.5693,-0.4178,-0.3114,-0.2377,-0.1825,-0.1399,-0.1086,-0.0887,-0.079,-0.0776,-0.1031,-0.0835,-0.0774,-0.0979,-0.1486,-0.21,-0.256,-0.2862,-0.3337,-0.4055,-0.4559,-0.4368,-0.1774,0.1796,0.0466,0.424,0.926,0.419,0.1792,0.0168,-0.0897,-0.1524,-0.2302,-0.3513,-0.5197,-0.6094,-0.5157,-0.3845,-0.2844,-0.2083,-0.1461,-0.0954,-0.0589,-0.0386,-0.0335,-0.0392,-0.1546,-0.1505,-0.1569,-0.178,-0.2126,-0.2528,-0.2915,-0.3318,-0.3892,-0.4834,-0.6259,-0.5793,-0.4188,-0.1603,-0.0819,0.2798,0.6501,0.2298,-0.035,-0.1303,-0.1324,-0.1573,-0.2336,-0.3124,-0.3875,-0.4214,-0.3817,-0.3074,-0.2319,-0.1594,-0.0887,-0.0255,0.0186,0.0359,0.0299,0.0105,-0.1947,-0.198,-0.2086,-0.2279,-0.2548,-0.2864,-0.3213,-0.3622,-0.4176,-0.5014,-0.6079,-0.5575,-0.5174,-0.5043,-0.3589,-0.217,-0.1046,-0.1943,-0.2921,-0.2645,-0.1506,-0.1792,-0.2629,-0.3051,-0.3198,-0.3118,-0.2813,-0.2336,-0.1728,-0.0981,-0.0092,0.0798,0.137,0.1439,0.114,0.0705,-0.2256,-0.2323,-0.2442,-0.2618,-0.2846,-0.3115,-0.3424,-0.3784,-0.4219,-0.4715,-0.51,-0.5189,-0.5541,-0.5896,-0.7294,-0.7881,-0.5647,-0.4724,-0.4832,-0.4602,-0.3718,-0.3349,-0.3421,-0.3303,-0.2978,-0.2647,-0.2328,-0.183,-0.1187,-0.0337,0.0891,0.2302,0.3105,0.2889,0.2132,0.1333,-0.2495,-0.2578,-0.27,-0.2862,-0.3063,-0.3298,-0.3567,-0.3871,-0.4208,-0.4556,-0.4879,-0.5235,-0.5903,-0.7801,-1.4193,-1.6776,-0.9283,-0.6233,-0.6035,-0.7422,-0.6284,-0.5167,-0.45,-0.3738,-0.2885,-0.2605,-0.2504,-0.1472,-0.0638,0.023,0.1822,0.403,0.5145,0.4381,0.3001,0.1819,-0.2682,-0.2772,-0.2892,-0.3043,-0.3223,-0.3432,-0.3668,-0.3931,-0.4219,-0.4533,-0.4895,-0.5413,-0.64,-0.8724,-1.353,-1.494,-0.999,-0.7942,-1.0128,-1.1502,-0.8369,-0.6889,-0.5942,-0.4473,-0.2738,-0.2293,-0.2275,-0.0208,0.0208,0.0564,0.2077,0.4678,0.597,0.49,0.3255,0.1944,-0.2831,-0.2923,-0.3039,-0.318,-0.3344,-0.3533,-0.3745,-0.3981,-0.4246,-0.4551,-0.4933,-0.5483,-0.6381,-0.7867,-0.9663,-1.0051,-0.8759,-0.8209,-0.9298,-0.9846,-0.9068,-0.9198,-0.873,-0.617,-0.262,0.0853,0.4723,0.3717,0.1196,0.0403,0.1285,0.3232,0.4381,0.3836,0.2674,0.1629,-0.2949,-0.3042,-0.3153,-0.3285,-0.3437,-0.3609,-0.3803,-0.402,-0.4268,-0.4558,-0.4922,-0.5406,-0.6071,-0.6909,-0.7675,-0.794,-0.7763,-0.7792,-0.8308,-0.902,-1.0563,-1.3912,-1.4659,-0.9613,-0.3432,0.2706,0.843,0.5323,0.0377,-0.078,-0.0109,0.1177,0.2097,0.214,0.1643,0.1026,-0.3045,-0.3135,-0.3242,-0.3366,-0.3507,-0.3666,-0.3844,-0.4045,-0.4274,-0.4541,-0.4862,-0.5257,-0.5732,-0.6246,-0.6691,-0.6959,-0.7115,-0.7384,-0.7972,-0.9193,-1.2103,-1.7572,-1.9171,-1.2371,-0.5136,0.0206,0.2946,0.0595,-0.3068,-0.2729,-0.1442,-0.032,0.0449,0.0737,0.0642,0.0361,-0.3121,-0.3209,-0.3311,-0.3428,-0.3559,-0.3706,-0.3871,-0.4055,-0.4263,-0.4502,-0.4777,-0.5094,-0.5446,-0.5806,-0.6132,-0.6403,-0.6668,-0.7044,-0.7709,-0.8978,-1.1383,-1.4661,-1.5224,-1.1049,-0.5959,-0.2289,-0.0786,-0.1864,-0.3575,-0.3159,-0.2042,-0.1146,-0.0535,-0.0214,-0.0142,-0.023]},{"header":{"la1":42.85,"la2":41.18,"lo1":11.55,"lo2":14.05,"nx":36,"ny":24,"dx":0.07143,"dy":0.07261,"parameterCategory":2,"parameterNumber":3,"parameterNumberName":"northward_wind","parameterUnit":"m.s-1"},"data":[0.398,0.3777,0.3544,0.3288,0.3021,0.2766,0.2551,0.2407,0.2356,0.2397,0.2511,0.2667,0.2837,0.3001,0.315,0.3281,0.3395,0.3495,0.3584,0.3668,0.375,0.3831,0.3912,0.3992,0.4071,0.4149,0.4227,0.4305,0.4383,0.4461,0.4541,0.462,0.4699,0.4776,0.4852,0.4925,0.4014,0.3777,0.3493,0.3165,0.2805,0.2444,0.2127,0.1914,0.1849,0.1934,0.2129,0.2374,0.262,0.2841,0.3029,0.3185,0.3314,0.3422,0.3515,0.3601,0.3687,0.3774,0.3861,0.3947,0.4031,0.4113,0.4194,0.4276,0.4358,0.4442,0.4527,0.4613,0.4698,0.4782,0.4864,0.4942,0.409,0.3822,0.3482,0.3063,0.2572,0.2042,0.1548,0.1203,0.1111,0.1286,0.1633,0.2027,0.2385,0.2679,0.2912,0.3095,0.3238,0.335,0.3443,0.3529,0.3619,0.3713,0.3809,0.3901,0.399,0.4075,0.4158,0.4243,0.433,0.442,0.4512,0.4605,0.4698,0.479,0.4879,0.4964,0.4229,0.3938,0.3543,0.3018,0.2351,0.156,0.0744,0.0124,-0.003,0.034,0.0987,0.1631,0.2146,0.2526,0.2804,0.3012,0.3168,0.3281,0.3365,0.3446,0.3541,0.3649,0.3756,0.3856,0.3947,0.4033,0.4117,0.4204,0.4296,0.4392,0.4493,0.4596,0.4699,0.48,0.4898,0.4991,0.445,0.4159,0.3727,0.31,0.2222,0.1053,-0.0341,-0.1576,-0.1903,-0.1072,0.0188,0.1231,0.1936,0.2395,0.2706,0.2934,0.3104,0.3214,0.3276,0.3343,0.3452,0.3584,0.3708,0.3813,0.3902,0.3984,0.4066,0.4154,0.4251,0.4357,0.4469,0.4585,0.4701,0.4814,0.4923,0.5024,0.4775,0.4524,0.4101,0.3413,0.2343,0.0737,-0.1542,-0.4087,-0.4922,-0.2976,-0.0592,0.0947,0.1805,0.2295,0.2609,0.2848,0.304,0.3156,0.3174,0.3214,0.3361,0.3533,0.3673,0.3775,0.3852,0.3922,0.3998,0.4086,0.4191,0.4309,0.4438,0.4571,0.4704,0.4833,0.4954,0.5066,0.5217,0.5072,0.474,0.4086,0.2936,0.1052,-0.1956,-0.6119,-0.7852,-0.4236,-0.0794,0.0955,0.1787,0.2213,0.2483,0.2721,0.2958,0.3119,0.3105,0.3123,0.3323,0.3526,0.3661,0.3739,0.3788,0.3834,0.3897,0.3987,0.4104,0.4244,0.4397,0.4555,0.471,0.4858,0.4995,0.5119,0.5773,0.5826,0.5718,0.5245,0.4174,0.2351,-0.0367,-0.3837,-0.5202,-0.2467,0.0029,0.1271,0.1836,0.2099,0.227,0.2488,0.2805,0.309,0.3176,0.3234,0.3421,0.3588,0.3672,0.3691,0.3685,0.3692,0.3738,0.3835,0.3979,0.4154,0.4344,0.4537,0.4722,0.4894,0.5049,0.5186,0.6402,0.6768,0.7091,0.703,0.611,0.4352,0.2295,0.0481,-0.0229,0.0319,0.1109,0.1622,0.1827,0.1875,0.1884,0.2041,0.2531,0.3058,0.3359,0.3513,0.3637,0.3702,0.3683,0.36,0.3503,0.3448,0.3478,0.3601,0.3796,0.4031,0.4279,0.4522,0.4746,0.4947,0.5123,0.5273,0.7,0.7761,0.8784,0.9587,0.8799,0.6474,0.4395,0.2846,0.1568,0.1115,0.1539,0.1755,0.1635,0.1478,0.1342,0.1302,0.2221,0.3158,0.3687,0.3887,0.3913,0.3833,0.3657,0.3411,0.3163,0.3016,0.3043,0.3237,0.3536,0.3875,0.4209,0.4518,0.4791,0.5026,0.5224,0.5387,0.7402,0.8457,1.0159,1.2206,1.1627,0.8069,0.5836,0.4231,0.1028,-0.0409,0.1505,0.1711,0.1134,0.0664,0.0967,0.1214,0.2417,0.3743,0.4402,0.4448,0.4247,0.3952,0.3555,0.3045,0.2529,0.2233,0.2311,0.2688,0.3189,0.3694,0.415,0.4544,0.4873,0.5144,0.5362,0.5534,0.7483,0.849,1.0062,1.1869,1.1256,0.8251,0.7049,0.6854,0.3923,0.1516,0.2176,0.1635,0.0329,-0.1412,-0.0471,0.1499,0.3335,0.5347,0.5919,0.5248,0.4595,0.4026,0.3349,0.2419,0.1374,0.0808,0.111,0.1919,0.2783,0.3529,0.4137,0.4626,0.5014,0.5317,0.555,0.5724,0.7286,0.7978,0.8832,0.9427,0.8874,0.7744,0.7784,0.888,0.7523,0.466,0.2997,0.1282,0.0191,-0.2151,-0.1163,0.1872,0.4322,0.7822,0.7946,0.5884,0.4768,0.3996,0.3081,0.1576,-0.0497,-0.158,-0.0598,0.106,0.2441,0.3462,0.4223,0.4801,0.5239,0.5566,0.5802,0.5967,0.6976,0.7366,0.7724,0.7848,0.7599,0.7328,0.7572,0.8178,0.7488,0.5548,0.3737,0.0488,-0.0388,0.1311,0.2007,0.3149,0.4492,0.6499,0.6868,0.5552,0.4521,0.3789,0.2907,0.1054,-0.2161,-0.39,-0.1901,0.0628,0.2395,0.3597,0.4463,0.5107,0.558,0.5913,0.6134,0.6271,0.6683,0.6891,0.7043,0.7076,0.6997,0.6945,0.7036,0.7107,0.6805,0.6466,0.5994,0.4011,0.4476,0.946,0.4602,0.4179,0.4132,0.5051,0.5467,0.4754,0.3606,0.3168,0.2902,0.1578,-0.1036,-0.2535,-0.0974,0.1184,0.2803,0.3988,0.4892,0.5578,0.6067,0.6383,0.656,0.6642,0.6456,0.6573,0.665,0.6672,0.6658,0.6655,0.6694,0.6767,0.7034,0.8323,1.199,0.4123,0.4563,0.6299,0.5534,0.4861,0.4561,0.5352,0.5588,0.4145,0.1356,0.1758,0.2939,0.2618,0.1418,0.0664,0.1157,0.2285,0.3479,0.4571,0.5505,0.6238,0.6733,0.6997,0.7087,0.7077,0.6295,0.6368,0.6418,0.6443,0.6457,0.6484,0.6553,0.6733,0.7245,0.8687,1.138,0.7698,0.6982,0.7736,0.6454,0.6032,0.6142,0.694,0.7293,0.5186,0.1184,0.1812,0.346,0.3509,0.2768,0.211,0.2132,0.2898,0.4042,0.522,0.6277,0.711,0.761,0.7766,0.7704,0.7556,0.6186,0.6239,0.6279,0.6309,0.634,0.6388,0.6483,0.6678,0.7065,0.7688,0.807,0.7487,0.7782,0.8005,0.7313,0.7311,0.7526,0.9029,1.046,0.8203,0.5588,0.4731,0.4796,0.4262,0.2891,0.1218,0.0907,0.2451,0.4336,0.5896,0.7179,0.8179,0.8677,0.864,0.835,0.803,0.6115,0.6158,0.6195,0.623,0.6271,0.633,0.6425,0.6581,0.6809,0.706,0.7181,0.7153,0.7275,0.7512,0.8266,0.8642,0.8291,0.9479,1.0557,1.048,0.8723,0.7247,0.6353,0.5053,0.2344,-0.2121,-0.3057,0.1422,0.4788,0.6714,0.8092,0.9206,0.9674,0.9395,0.8879,0.8418,0.6071,0.6109,0.6146,0.6185,0.6231,0.6292,0.6377,0.6493,0.6636,0.6777,0.6881,0.6972,0.714,0.7503,0.8208,0.8498,0.8527,0.9697,1.23,1.3404,1.061,0.909,0.811,0.6489,0.3346,-0.2268,-0.3504,0.3212,0.6424,0.7894,0.8827,0.9633,0.9989,0.9671,0.9135,0.8654,0.6045,0.6082,0.612,0.616,0.6208,0.6268,0.6344,0.6437,0.6543,0.6654,0.6765,0.6896,0.709,0.7395,0.7785,0.8105,0.8557,0.9622,1.1282,1.188,1.1125,1.1122,1.0812,0.9065,0.6833,0.6135,0.9431,0.9561,0.9335,0.965,0.966,0.9669,0.9722,0.9529,0.9152,0.8754,0.6033,0.6069,0.6108,0.615,0.6199,0.6257,0.6327,0.6409,0.6502,0.6606,0.6723,0.6867,0.7059,0.7313,0.762,0.7979,0.849,0.9271,1.0199,1.0979,1.2223,1.4793,1.5474,1.2401,0.9895,1.0566,1.361,1.2522,1.2329,1.2179,1.1103,1.0207,0.9752,0.9453,0.9133,0.8796,0.603,0.6067,0.6106,0.615,0.62,0.6257,0.6324,0.6402,0.6491,0.6594,0.6715,0.6862,0.7048,0.728,0.7567,0.7927,0.8408,0.9051,0.9873,1.1059,1.3417,1.752,1.8689,1.453,1.1454,1.1141,1.2161,1.3445,1.5998,1.5106,1.2711,1.1032,1.0102,0.9566,0.9175,0.8834,0.6035,0.6072,0.6112,0.6157,0.6207,0.6265,0.6332,0.6408,0.6497,0.66,0.6722,0.687,0.7051,0.7273,0.7548,0.7894,0.834,0.8927,0.9726,1.0945,1.2955,1.5505,1.6087,1.3826,1.1793,1.132,1.208,1.4086,1.6459,1.5581,1.3242,1.147,1.0377,0.97,0.9234,0.8869]}]