docs/data/wind_grid.json
[{"header":{"la1":42.85,"la2":41.18,"lo1":11.55,"lo2":14.05,"nx":36,"ny":24,"dx":0.07143,"dy":0.07261,"parameterCategory":2,"parameterNumber":2,"parameterNumberName":"eastward_wind","parameterUnit":"m.s-1"},"data":[3.9928,4.0169,4.042,4.0672,4.0907,4.1096,4.1203,4.1187,4.1018,4.0695,4.0242,3.9702,3.9117,3.8523,3.7941,3.7387,3.6878,3.6431,3.606,3.5775,3.5566,3.5417,3.5302,3.5201,3.5101,3.4993,3.4876,3.475,3.4616,3.4479,3.4339,3.4202,3.4069,3.3941,3.3823,3.3713,4.0134,4.0432,4.0756,4.1102,4.145,4.1766,4.1988,4.2044,4.1874,4.1466,4.0869,4.0162,3.9418,3.8681,3.7971,3.7299,3.6682,3.6145,3.5719,3.5422,3.5241,3.5141,3.5078,3.502,3.495,3.4859,3.4749,3.4623,3.4485,3.434,3.4192,3.4045,3.3903,3.3768,3.3643,3.3529,4.0322,4.068,4.1089,4.1552,4.2058,4.2569,4.2996,4.3202,4.3048,4.2502,4.1669,4.0712,3.9751,3.8836,3.7973,3.7155,3.6388,3.5716,3.5206,3.4906,3.4793,3.4789,3.4815,3.4822,3.4792,3.4721,3.4618,3.4489,3.4344,3.4188,3.4028,3.387,3.3717,3.3573,3.3441,3.3323,4.0476,4.0893,4.139,4.1988,4.27,4.3505,4.4296,4.4817,4.4733,4.3935,4.2685,4.134,4.0093,3.8976,3.7947,3.6954,3.5978,3.5081,3.4422,3.4136,3.4174,3.4354,3.4524,3.4621,3.4637,3.4586,3.4485,3.435,3.4191,3.4021,3.3846,3.3673,3.3507,3.3353,3.3213,3.3089,4.0582,4.1046,4.1621,4.2352,4.3295,4.4501,4.591,4.7106,4.7241,4.5926,4.3902,4.1979,4.0394,3.9081,3.7905,3.6732,3.5471,3.4184,3.3224,3.2993,3.336,3.3865,3.4241,3.4442,3.4502,3.4461,3.4354,3.4203,3.4026,3.3835,3.364,3.3449,3.3268,3.3101,3.2953,3.2824,4.0624,4.1115,4.1738,4.256,4.3694,4.5314,4.7582,5.0086,5.0808,4.8401,4.5068,4.2444,4.0563,3.9127,3.7877,3.658,3.5015,3.3128,3.158,3.1486,3.2474,3.3444,3.4042,3.4325,3.4402,3.4352,3.4223,3.4046,3.3842,3.3624,3.3404,3.3191,3.2991,3.2811,3.2653,3.252,4.0597,4.1087,4.1711,4.2543,4.372,4.5509,4.8348,5.2251,5.3857,4.9968,4.5459,4.2473,4.0514,3.9092,3.7888,3.662,3.495,3.2605,3.0391,3.0449,3.2052,3.3341,3.4022,3.4301,3.4347,3.4258,3.4089,3.3873,3.3632,3.338,3.313,3.289,3.2669,3.2472,3.2305,3.217,4.0502,4.0964,4.1541,4.2291,4.3323,4.4833,4.714,5.0204,5.1324,4.8153,4.4568,4.2023,4.0247,3.8965,3.7928,3.6876,3.5505,3.3552,3.1627,3.1525,3.2742,3.373,3.4218,3.437,3.4326,3.4167,3.3941,3.3674,3.3387,3.3093,3.2805,3.2533,3.2287,3.2074,3.1898,3.1762,4.0349,4.0763,4.1264,4.1883,4.267,4.3696,4.5003,4.6321,4.6687,4.5545,4.3532,4.1462,3.9854,3.8747,3.7939,3.7201,3.6334,3.5232,3.4172,3.382,3.4102,3.4418,3.4538,3.4483,3.4309,3.406,3.3762,3.3435,3.3093,3.2749,3.2416,3.2106,3.1831,3.1599,3.1416,3.1284,4.0152,4.0514,4.0933,4.1422,4.1994,4.2674,4.3519,4.4674,4.6142,4.6229,4.3699,4.1062,3.9375,3.8437,3.7877,3.7436,3.7006,3.6532,3.6008,3.5559,3.5269,3.5054,3.4829,3.4563,3.4254,3.3909,3.3534,3.3139,3.2733,3.233,3.1944,3.1588,3.1279,3.1027,3.084,3.0718,3.9926,4.0236,4.0585,4.0975,4.1405,4.1887,4.253,4.3987,4.8375,5.0503,4.4388,4.0495,3.8773,3.8092,3.7777,3.7547,3.7483,3.7539,3.7326,3.6722,3.6041,3.5462,3.498,3.4546,3.4123,3.3689,3.3237,3.2769,3.2292,3.1818,3.1365,3.0953,3.0603,3.033,3.0144,3.0044,3.968,3.9944,4.0236,4.0558,4.0904,4.1258,4.1576,4.2013,4.4874,4.6957,4.2486,3.9423,3.8188,3.7968,3.7775,3.7539,3.7903,3.8927,3.8956,3.7691,3.6469,3.558,3.4925,3.4388,3.3887,3.3381,3.2855,3.2308,3.1749,3.1189,3.0652,3.0165,2.9763,2.9468,2.9294,2.9234,3.942,3.9639,3.9883,4.0153,4.0452,4.0767,4.1023,4.104,4.1323,4.1427,3.9789,3.8586,3.789,3.7906,3.7677,3.7278,3.8087,4.0976,4.0966,3.8209,3.6396,3.5311,3.461,3.4062,3.3533,3.2972,3.2373,3.1742,3.1085,3.0417,2.9765,2.9175,2.8701,2.8386,2.8242,2.8254,3.9147,3.9323,3.9517,3.9732,3.9978,4.026,4.0566,4.0806,4.0519,3.9327,3.8132,3.8582,3.856,3.4497,3.6284,3.6605,3.7173,3.9172,3.9386,3.7247,3.5499,3.4505,3.3993,3.3574,3.3067,3.2458,3.178,3.1056,3.0286,2.9474,2.8656,2.7909,2.7333,2.7,2.6924,2.7063,3.8866,3.8997,3.9135,3.9281,3.9437,3.9595,3.9716,3.9629,3.8906,3.7482,3.6287,3.6023,3.5714,3.4942,3.5559,3.5965,3.5919,3.6663,3.6714,3.5339,3.3585,3.2997,3.3111,3.2989,3.2515,3.183,3.1059,3.0241,2.9345,2.8339,2.7262,2.6259,2.5525,2.5192,2.5259,2.5621,3.8584,3.8669,3.8748,3.8817,3.8863,3.8857,3.8726,3.831,3.7384,3.5895,3.4325,3.356,3.406,3.4618,3.5073,3.5624,3.585,3.6035,3.5669,3.3715,3.0575,3.0935,3.2273,3.2455,3.1898,3.1055,3.0181,2.9303,2.8288,2.7012,2.5509,2.4057,2.307,2.2798,2.3164,2.3913,3.8307,3.8349,3.8373,3.8371,3.8322,3.8192,3.7914,3.7394,3.6542,3.5374,3.4294,3.3878,3.2439,3.1803,3.4052,3.5042,3.564,3.6125,3.6068,3.4042,3.0262,3.0769,3.2166,3.2093,3.1174,3.0049,2.9115,2.8285,2.7195,2.5545,2.3324,2.107,1.9697,1.966,2.0621,2.1995,3.8044,3.8048,3.8028,3.7972,3.7861,3.7665,3.7344,3.6857,3.6191,3.5414,3.4693,3.39,3.2096,3.1686,3.3448,3.4191,3.5369,3.6874,3.7774,3.6234,3.3975,3.3042,3.2755,3.1818,3.0246,2.8738,2.7911,2.7314,2.6207,2.4086,2.0757,1.7157,1.5278,1.5867,1.7852,2.0095,3.7799,3.7774,3.7722,3.7632,3.7488,3.7271,3.6962,3.6548,3.6037,3.5472,3.4895,3.4253,3.355,3.3292,3.2823,3.2543,3.4841,3.6946,3.7941,3.8068,3.6422,3.472,3.3325,3.1552,2.926,2.7448,2.7014,2.654,2.5385,2.2908,1.8367,1.308,1.0763,1.2379,1.5578,1.8661,3.7576,3.753,3.7458,3.7349,3.7194,3.6981,3.6704,3.6359,3.5959,3.5526,3.5082,3.4637,3.4228,3.3846,3.3143,3.3043,3.4887,3.6996,3.9664,4.0701,3.777,3.5596,3.3829,3.1565,2.875,2.6947,2.6647,2.5401,2.4493,2.2329,1.7538,1.1595,0.9153,1.1222,1.4855,1.8199,3.7375,3.7316,3.7232,3.7116,3.6962,3.6765,3.6523,3.6237,3.5918,3.5581,3.5242,3.492,3.463,3.4367,3.4161,3.4392,3.5373,3.6826,3.8529,3.8966,3.7445,3.6115,3.4804,3.2299,2.8678,2.5109,2.1898,2.2305,2.3393,2.2412,1.8866,1.425,1.2048,1.3291,1.6069,1.8872,3.7196,3.7129,3.704,3.6924,3.6778,3.66,3.639,3.6152,3.5894,3.5628,3.5368,3.513,3.493,3.4793,3.478,3.5019,3.5578,3.635,3.706,3.7228,3.698,3.7292,3.7093,3.4098,2.9264,2.371,1.932,2.0749,2.2945,2.2958,2.0982,1.8218,1.6572,1.6875,1.8429,2.0332,3.7037,3.6966,3.6876,3.6764,3.6629,3.647,3.6288,3.6088,3.5877,3.5664,3.5461,3.5282,3.5142,3.5067,3.5093,3.526,3.5571,3.5959,3.6294,3.6506,3.6962,3.8352,3.882,3.5588,3.0658,2.581,2.2739,2.2777,2.3788,2.3883,2.2866,2.1362,2.0295,2.0192,2.0916,2.2054,3.6896,3.6823,3.6735,3.6629,3.6505,3.6363,3.6205,3.6035,3.586,3.5686,3.5522,3.5381,3.5275,3.5221,3.5234,3.5326,3.5486,3.5678,3.586,3.6068,3.6523,3.7333,3.7302,3.5081,3.162,2.828,2.6055,2.5295,2.5258,2.5068,2.4441,2.3591,2.2925,2.2735,2.3042,2.3686]},{"header":{"la1":42.85,"la2":41.18,"lo1":11.55,"lo2":14.05,"nx":36,"ny":24,"dx":0.07143,"dy":0.07261,"parameterCategory":2,"parameterNumber":3,"parameterNumberName":"northward_wind","parameterUnit":"m.s-1"},"data":[0.8726,0.8696,0.8669,0.8651,0.865,0.8681,0.8764,0.892,0.9168,0.9516,0.9955,1.0467,1.103,1.1623,1.2228,1.2822,1.3372,1.3835,1.4163,1.432,1.4303,1.414,1.3878,1.3564,1.3234,1.2913,1.2614,1.2342,1.2099,1.1883,1.1692,1.1524,1.1375,1.1244,1.1127,1.1023,0.859,0.8533,0.8472,0.8411,0.8359,0.8335,0.8366,0.8493,0.8751,0.9156,0.9692,1.0326,1.1023,1.1759,1.2519,1.3283,1.4015,1.4646,1.5084,1.5261,1.5171,1.4875,1.4459,1.4002,1.3554,1.3141,1.2773,1.2451,1.2172,1.193,1.1721,1.154,1.1383,1.1245,1.1125,1.1018,0.8452,0.8366,0.8265,0.8149,0.8025,0.7911,0.7849,0.7905,0.8157,0.8639,0.9318,1.0122,1.0992,1.1901,1.285,1.384,1.4841,1.5745,1.6373,1.6571,1.6332,1.5794,1.5132,1.447,1.3869,1.3348,1.2905,1.2533,1.2219,1.1955,1.1731,1.154,1.1377,1.1236,1.1113,1.1005,0.8319,0.8202,0.8057,0.7878,0.766,0.7412,0.7182,0.7086,0.7295,0.7898,0.8806,0.9855,1.0943,1.2049,1.3209,1.4481,1.588,1.726,1.8246,1.8457,1.7895,1.6916,1.5869,1.493,1.4146,1.3509,1.2993,1.2575,1.2233,1.1952,1.1717,1.1521,1.1355,1.1213,1.1091,1.0984,0.8197,0.8052,0.7866,0.7622,0.7297,0.6872,0.6366,0.5954,0.6032,0.6856,0.8159,0.9562,1.0908,1.2208,1.3564,1.5139,1.7087,1.93,2.1008,2.1192,1.9928,1.8171,1.6572,1.5303,1.4333,1.3591,1.3017,1.2566,1.2206,1.1916,1.1678,1.1482,1.1318,1.1179,1.1059,1.0956,0.8093,0.7926,0.7708,0.7412,0.6997,0.6393,0.5528,0.4547,0.431,0.5566,0.7508,0.9349,1.0954,1.2406,1.3875,1.5656,1.8175,2.163,2.4704,2.4741,2.2127,1.9243,1.7034,1.5473,1.4366,1.356,1.2957,1.2495,1.2133,1.1845,1.1613,1.1423,1.1265,1.1133,1.1019,1.0921,0.8011,0.7831,0.7596,0.7277,0.6823,0.614,0.5063,0.3566,0.2933,0.4714,0.7211,0.9375,1.1178,1.2709,1.4141,1.5848,1.8499,2.2814,2.7332,2.7157,2.3176,1.9486,1.6978,1.5325,1.4199,1.3398,1.2808,1.236,1.2014,1.1741,1.1523,1.1346,1.12,1.1077,1.0973,1.0882,0.7952,0.7769,0.7533,0.7218,0.6786,0.617,0.5284,0.4187,0.3832,0.5247,0.7439,0.9686,1.1673,1.3248,1.4495,1.5764,1.7702,2.1024,2.4704,2.4718,2.1515,1.8431,1.628,1.4833,1.3829,1.3108,1.2573,1.2167,1.1853,1.1607,1.1412,1.1254,1.1125,1.1016,1.0923,1.0841,0.7916,0.7737,0.751,0.7215,0.6826,0.6305,0.5633,0.4927,0.4607,0.5312,0.7395,1.0125,1.2558,1.426,1.5227,1.5812,1.6578,1.7953,1.9477,1.9634,1.8262,1.6566,1.516,1.4101,1.3313,1.2722,1.2273,1.1928,1.1661,1.1452,1.1287,1.1154,1.1045,1.0953,1.0873,1.0801,0.7899,0.773,0.7518,0.7248,0.6895,0.6408,0.5664,0.4354,0.2318,0.2201,0.6161,1.068,1.4096,1.613,1.6724,1.6407,1.599,1.592,1.6097,1.6059,1.5558,1.4784,1.3991,1.33,1.2735,1.2287,1.1936,1.1663,1.1452,1.1287,1.1158,1.1055,1.0969,1.0896,1.083,1.0769,0.7898,0.7743,0.7551,0.731,0.7001,0.6577,0.5872,0.4064,-0.1668,-0.4487,0.4751,1.1898,1.6646,1.9478,1.9422,1.7612,1.5878,1.4829,1.4372,1.4156,1.3875,1.3467,1.3005,1.256,1.2171,1.1849,1.1593,1.1394,1.1242,1.1126,1.1036,1.0965,1.0906,1.0852,1.08,1.0748,0.791,0.7772,0.7604,0.74,0.7152,0.6863,0.6564,0.6063,0.2567,0.0192,0.7331,1.4019,1.966,2.5057,2.3405,1.885,1.5626,1.3901,1.3362,1.3155,1.2882,1.2567,1.2242,1.1934,1.1662,1.144,1.1268,1.1141,1.1049,1.0983,1.0936,1.0899,1.0865,1.0831,1.0791,1.0746,0.7931,0.7811,0.767,0.7504,0.7317,0.7133,0.7053,0.7223,0.6812,0.7014,1.0831,1.5992,1.974,2.6712,2.4728,1.8399,1.4878,1.3045,1.287,1.2612,1.2243,1.1942,1.1673,1.1428,1.1227,1.1079,1.0982,1.0923,1.0891,1.0876,1.0872,1.0869,1.0863,1.0845,1.0815,1.0771,0.7955,0.7854,0.7739,0.761,0.7472,0.7341,0.7255,0.7241,0.7373,0.8485,1.1448,1.7408,1.9235,1.7247,1.7643,1.5741,1.4131,1.3025,1.2586,1.2072,1.177,1.1572,1.1306,1.1045,1.0867,1.0779,1.0755,1.0764,1.079,1.0825,1.0862,1.0896,1.0915,1.0911,1.0882,1.083,0.7978,0.7893,0.78,0.7702,0.7602,0.7512,0.7451,0.7454,0.759,0.7857,0.849,1.0638,1.2001,0.8614,1.3021,1.3864,1.4729,1.2736,1.156,1.1356,1.1808,1.1784,1.1222,1.077,1.0573,1.0554,1.0615,1.0694,1.0771,1.0847,1.0926,1.0998,1.1044,1.1048,1.1007,1.0933,0.7996,0.7923,0.7846,0.7767,0.7688,0.7615,0.7547,0.7455,0.7163,0.6014,0.3093,0.454,0.6766,0.9015,1.0273,1.1941,1.327,1.0965,0.9633,1.0747,1.3539,1.3062,1.1311,1.0488,1.0319,1.0442,1.0623,1.076,1.0859,1.0959,1.108,1.1203,1.128,1.128,1.1205,1.1085,0.8005,0.794,0.7871,0.78,0.7725,0.764,0.7526,0.7309,0.6783,0.548,0.3328,0.448,0.4558,0.4268,0.6802,0.782,0.8117,0.6633,0.5646,0.8558,1.355,1.2866,1.0703,0.9978,1.012,1.0563,1.0899,1.1029,1.1076,1.1161,1.133,1.1534,1.1658,1.163,1.1481,1.1279,0.8005,0.7943,0.7877,0.7805,0.7722,0.7618,0.7466,0.7209,0.6752,0.6035,0.5366,0.5119,0.3899,0.3291,0.2732,0.203,0.3523,0.2083,-0.0429,0.3928,0.8008,0.9218,0.8995,0.9218,1.0118,1.1161,1.1622,1.1547,1.1408,1.1422,1.1653,1.1999,1.2191,1.209,1.1807,1.1486,0.7997,0.7935,0.7867,0.7789,0.7697,0.7577,0.741,0.7165,0.681,0.6358,0.5879,0.5307,0.4307,0.2242,-0.4252,-0.689,0.0037,0.1279,0.0295,0.191,0.4248,0.603,0.7048,0.8336,1.0325,1.2275,1.2699,1.2181,1.1791,1.1679,1.1957,1.2489,1.2755,1.2532,1.2085,1.1643,0.7983,0.7919,0.7847,0.7763,0.7662,0.7533,0.7362,0.7132,0.683,0.6449,0.5971,0.5286,0.4086,0.1518,-0.3548,-0.5057,-0.0318,0.1518,0.0741,0.0261,0.2318,0.3692,0.4853,0.6961,1.0004,1.2546,1.2996,1.2683,1.2195,1.1876,1.2076,1.2666,1.2961,1.2678,1.216,1.167,0.7964,0.7897,0.7821,0.7732,0.7624,0.7489,0.7318,0.7098,0.6817,0.6458,0.5981,0.5295,0.422,0.252,0.051,-0.001,0.1222,0.1884,0.139,0.1105,0.1302,0.0652,0.1033,0.4188,0.8656,1.2233,1.4309,1.3912,1.2694,1.1981,1.1937,1.233,1.2571,1.2377,1.1958,1.1531,0.7944,0.7874,0.7794,0.77,0.7588,0.7451,0.7281,0.7068,0.68,0.646,0.6016,0.5418,0.461,0.3609,0.2686,0.2307,0.2426,0.2419,0.1988,0.1168,-0.0982,-0.5258,-0.627,-0.0526,0.6562,1.226,1.5629,1.4645,1.2832,1.1877,1.1631,1.1776,1.1914,1.1826,1.1568,1.1263,0.7923,0.7851,0.7768,0.7671,0.7557,0.7419,0.7252,0.7048,0.6796,0.6483,0.6091,0.5602,0.5012,0.4371,0.3802,0.3428,0.319,0.2848,0.2139,0.0587,-0.3101,-0.9532,-1.1298,-0.3981,0.4202,1.0009,1.2943,1.3005,1.2083,1.1434,1.1202,1.1228,1.1294,1.1262,1.1125,1.0935,0.7904,0.783,0.7745,0.7647,0.7533,0.7397,0.7235,0.7041,0.6807,0.6526,0.6189,0.5792,0.5346,0.4882,0.445,0.4075,0.3706,0.3202,0.2334,0.0683,-0.2375,-0.6342,-0.71,-0.2585,0.3201,0.7616,1.0106,1.093,1.0913,1.0746,1.0677,1.0709,1.076,1.0764,1.0704,1.06]}]