docs/data/wind_grid.json
[{"header":{"la1":42.85,"la2":41.18,"lo1":11.55,"lo2":14.05,"nx":36,"ny":24,"dx":0.07143,"dy":0.07261,"parameterCategory":2,"parameterNumber":2,"parameterNumberName":"eastward_wind","parameterUnit":"m.s-1"},"data":[-0.7083,-0.7183,-0.7293,-0.7411,-0.7532,-0.7644,-0.7734,-0.7786,-0.7795,-0.7765,-0.7715,-0.7674,-0.7665,-0.7703,-0.7792,-0.7925,-0.808,-0.8227,-0.8334,-0.8375,-0.8341,-0.8241,-0.8093,-0.7919,-0.7736,-0.7555,-0.7383,-0.7224,-0.7078,-0.6945,-0.6826,-0.6718,-0.6621,-0.6534,-0.6455,-0.6385,-0.7114,-0.7232,-0.7368,-0.7522,-0.7687,-0.785,-0.7986,-0.8065,-0.8065,-0.7992,-0.7882,-0.7785,-0.7741,-0.7777,-0.7898,-0.8094,-0.8334,-0.8569,-0.8741,-0.8803,-0.8743,-0.8584,-0.8366,-0.8124,-0.7883,-0.7657,-0.7449,-0.7263,-0.7097,-0.6949,-0.6818,-0.6701,-0.6598,-0.6506,-0.6424,-0.6352,-0.7137,-0.7274,-0.744,-0.7638,-0.7869,-0.8116,-0.8341,-0.8481,-0.8476,-0.8326,-0.8102,-0.7902,-0.7798,-0.7825,-0.799,-0.8281,-0.8658,-0.9043,-0.9326,-0.9414,-0.9293,-0.9024,-0.869,-0.835,-0.8033,-0.7751,-0.7504,-0.7289,-0.7102,-0.6939,-0.6798,-0.6674,-0.6565,-0.6469,-0.6385,-0.6311,-0.7145,-0.7299,-0.7495,-0.7747,-0.8065,-0.8448,-0.8844,-0.9129,-0.9139,-0.8839,-0.8395,-0.8014,-0.7811,-0.782,-0.8043,-0.8472,-0.9068,-0.9718,-1.0203,-1.0315,-1.0049,-0.9572,-0.9054,-0.8578,-0.8169,-0.7825,-0.7537,-0.7295,-0.7089,-0.6914,-0.6763,-0.6633,-0.652,-0.6422,-0.6336,-0.6261,-0.7133,-0.7299,-0.7518,-0.7819,-0.8239,-0.8814,-0.9525,-1.0156,-1.0254,-0.9641,-0.8763,-0.8083,-0.7742,-0.7728,-0.802,-0.8626,-0.9547,-1.066,-1.1533,-1.1647,-1.1047,-1.0198,-0.9413,-0.8773,-0.8266,-0.7864,-0.7539,-0.7274,-0.7054,-0.6869,-0.6712,-0.6578,-0.6463,-0.6363,-0.6276,-0.6202,-0.7099,-0.7264,-0.749,-0.7817,-0.8314,-0.9093,-1.027,-1.1637,-1.2043,-1.0749,-0.9086,-0.8009,-0.753,-0.7503,-0.7866,-0.8651,-0.996,-1.1773,-1.335,-1.3391,-1.2138,-1.075,-0.9668,-0.8879,-0.8294,-0.7849,-0.75,-0.722,-0.6992,-0.6802,-0.6643,-0.6507,-0.6391,-0.6291,-0.6206,-0.6132,-0.704,-0.7192,-0.7401,-0.7707,-0.8195,-0.9037,-1.0539,-1.2783,-1.3742,-1.1426,-0.8944,-0.7629,-0.7116,-0.7111,-0.753,-0.8424,-0.9971,-1.234,-1.4652,-1.4576,-1.2682,-1.0923,-0.9693,-0.8842,-0.8229,-0.7769,-0.7412,-0.713,-0.6901,-0.6713,-0.6554,-0.642,-0.6305,-0.6207,-0.6123,-0.6052,-0.6964,-0.7091,-0.7259,-0.7496,-0.7861,-0.8482,-0.961,-1.1358,-1.2017,-0.9914,-0.7875,-0.6858,-0.6482,-0.6538,-0.6998,-0.7906,-0.9361,-1.1426,-1.3395,-1.3452,-1.1984,-1.0523,-0.9438,-0.865,-0.8064,-0.7619,-0.7275,-0.7002,-0.6782,-0.66,-0.6447,-0.6316,-0.6204,-0.6109,-0.6027,-0.5959,-0.6878,-0.6977,-0.7096,-0.7244,-0.7432,-0.7679,-0.7998,-0.8254,-0.7915,-0.6955,-0.6242,-0.5861,-0.5687,-0.5789,-0.6291,-0.7238,-0.8551,-1.0007,-1.1136,-1.1346,-1.0719,-0.9835,-0.9016,-0.8345,-0.7817,-0.7408,-0.709,-0.6839,-0.6636,-0.6466,-0.6321,-0.6196,-0.6088,-0.5996,-0.5918,-0.5853,-0.6793,-0.6869,-0.6951,-0.7033,-0.7096,-0.709,-0.6885,-0.6205,-0.4895,-0.4232,-0.4725,-0.4926,-0.48,-0.4819,-0.538,-0.6581,-0.8161,-0.9614,-1.0439,-1.0497,-1.001,-0.9296,-0.8586,-0.7983,-0.7508,-0.7145,-0.6867,-0.6648,-0.6469,-0.6316,-0.6181,-0.6062,-0.5957,-0.5866,-0.5792,-0.5732,-0.6715,-0.6778,-0.6844,-0.6909,-0.6958,-0.6947,-0.6736,-0.5798,-0.2921,-0.1586,-0.3784,-0.427,-0.3825,-0.3432,-0.4088,-0.5967,-0.8548,-1.0933,-1.1833,-1.1195,-1.0056,-0.9004,-0.8178,-0.7571,-0.7141,-0.6836,-0.6613,-0.6439,-0.6291,-0.6156,-0.603,-0.5913,-0.5808,-0.5718,-0.5646,-0.5593,-0.6646,-0.6704,-0.6774,-0.6859,-0.6975,-0.7152,-0.742,-0.7435,-0.5112,-0.3213,-0.413,-0.3968,-0.2879,-0.1325,-0.2291,-0.5484,-1.0015,-1.5178,-1.6112,-1.3115,-1.0411,-0.8691,-0.7661,-0.7057,-0.6703,-0.6488,-0.6343,-0.6227,-0.6115,-0.5997,-0.5873,-0.5751,-0.5639,-0.5546,-0.5476,-0.543,-0.658,-0.6639,-0.6716,-0.6827,-0.701,-0.7346,-0.7989,-0.8852,-0.7871,-0.5769,-0.4757,-0.3893,-0.2922,-0.0678,-0.1628,-0.584,-1.1864,-2.2075,-2.2201,-1.4534,-1.0081,-0.7866,-0.6819,-0.6363,-0.6184,-0.6119,-0.6084,-0.6039,-0.5961,-0.5849,-0.5713,-0.557,-0.544,-0.5337,-0.527,-0.5236,-0.6515,-0.6571,-0.6648,-0.6762,-0.6948,-0.7265,-0.777,-0.8309,-0.7761,-0.6214,-0.5097,-0.3804,-0.3328,-0.3118,-0.4101,-0.7732,-1.2214,-1.7515,-1.7865,-1.2074,-0.7963,-0.6048,-0.548,-0.5469,-0.5617,-0.5777,-0.5886,-0.5916,-0.586,-0.5729,-0.555,-0.5359,-0.5191,-0.5073,-0.5012,-0.5,-0.6446,-0.6495,-0.6561,-0.6654,-0.6791,-0.6982,-0.7198,-0.726,-0.6834,-0.6148,-0.5732,-0.5361,-0.4595,-0.4068,-0.5616,-1.1283,-1.653,-1.2816,-1.0659,-0.7204,-0.3897,-0.3012,-0.3688,-0.4492,-0.5116,-0.556,-0.5828,-0.5919,-0.5849,-0.5651,-0.5375,-0.5087,-0.4855,-0.4719,-0.4679,-0.4709,-0.6373,-0.6411,-0.6459,-0.6522,-0.6598,-0.6678,-0.6719,-0.6638,-0.6398,-0.6174,-0.6165,-0.7351,-0.6651,-0.5704,-0.6639,-1.0517,-1.4026,-0.9971,-0.6489,-0.2959,0.125,0.0598,-0.202,-0.3753,-0.4875,-0.5621,-0.6035,-0.6135,-0.5975,-0.5622,-0.5158,-0.4697,-0.4364,-0.4221,-0.4241,-0.4354,-0.6298,-0.6324,-0.6354,-0.6387,-0.642,-0.6439,-0.6422,-0.635,-0.6248,-0.6206,-0.6247,-0.6801,-0.794,-0.8366,-0.6823,-0.715,-0.7289,-0.5028,-0.2655,-0.1109,0.2015,0.1172,-0.1602,-0.3611,-0.5098,-0.6154,-0.6667,-0.6658,-0.6281,-0.5643,-0.4846,-0.4087,-0.3614,-0.3518,-0.368,-0.3942,-0.6223,-0.6237,-0.6251,-0.6264,-0.6271,-0.6264,-0.6238,-0.6195,-0.6163,-0.6192,-0.6337,-0.6773,-0.8065,-0.8175,-0.5572,-0.4442,-0.388,-0.1003,0.1472,-0.0133,-0.0278,-0.0743,-0.2216,-0.4,-0.5843,-0.7337,-0.7869,-0.7533,-0.6776,-0.571,-0.439,-0.3152,-0.2523,-0.2604,-0.304,-0.3521,-0.6149,-0.6153,-0.6156,-0.6154,-0.6146,-0.6129,-0.6102,-0.6073,-0.6059,-0.6084,-0.6171,-0.6339,-0.6449,-0.5546,-0.2634,-0.1582,-0.2416,-0.0491,0.1146,0.0842,-0.0214,-0.1281,-0.2571,-0.4399,-0.6764,-0.8916,-0.9353,-0.8517,-0.7382,-0.5857,-0.3896,-0.2047,-0.131,-0.1716,-0.2496,-0.3197,-0.6079,-0.6074,-0.6067,-0.6056,-0.6038,-0.6014,-0.5984,-0.5952,-0.5926,-0.5909,-0.589,-0.581,-0.5476,-0.4459,-0.2593,-0.1908,-0.2122,-0.0717,0.182,0.2745,0.0503,-0.0923,-0.221,-0.4222,-0.6986,-0.9326,-0.9738,-0.9224,-0.8038,-0.6198,-0.383,-0.1632,-0.0854,-0.1418,-0.2329,-0.31,-0.6011,-0.6,-0.5985,-0.5966,-0.5941,-0.5909,-0.5872,-0.5829,-0.5779,-0.5716,-0.5615,-0.5419,-0.5023,-0.4318,-0.3433,-0.283,-0.2264,-0.1032,0.0706,0.1288,0.0449,0.0086,-0.0644,-0.2978,-0.6354,-0.9324,-1.1281,-1.0715,-0.8843,-0.6741,-0.4474,-0.2522,-0.1713,-0.1992,-0.2652,-0.3271,-0.5947,-0.593,-0.5909,-0.5883,-0.5851,-0.5812,-0.5765,-0.5708,-0.5636,-0.5538,-0.5394,-0.5167,-0.4813,-0.4317,-0.3743,-0.3172,-0.2508,-0.1602,-0.0625,0.0043,0.0867,0.2705,0.3032,-0.0442,-0.5192,-0.9641,-1.2696,-1.1603,-0.9212,-0.7135,-0.5288,-0.3817,-0.3047,-0.297,-0.3254,-0.3622,-0.5887,-0.5865,-0.5839,-0.5807,-0.5768,-0.5722,-0.5665,-0.5596,-0.5507,-0.539,-0.5229,-0.5004,-0.4697,-0.4307,-0.3852,-0.3343,-0.275,-0.2043,-0.1252,-0.0274,0.1562,0.4798,0.5709,0.1503,-0.3671,-0.7837,-1.0154,-0.9951,-0.8545,-0.7066,-0.5755,-0.4715,-0.4069,-0.3826,-0.3855,-0.4012,-0.5831,-0.5805,-0.5773,-0.5736,-0.5692,-0.5639,-0.5575,-0.5497,-0.5398,-0.5272,-0.5108,-0.4896,-0.4625,-0.4296,-0.3911,-0.3469,-0.2958,-0.236,-0.1636,-0.0629,0.0991,0.3047,0.3386,0.072,-0.2892,-0.5862,-0.7585,-0.7952,-0.7455,-0.6657,-0.5845,-0.5154,-0.4666,-0.4401,-0.4318,-0.4348]},{"header":{"la1":42.85,"la2":41.18,"lo1":11.55,"lo2":14.05,"nx":36,"ny":24,"dx":0.07143,"dy":0.07261,"parameterCategory":2,"parameterNumber":3,"parameterNumberName":"northward_wind","parameterUnit":"m.s-1"},"data":[-0.7639,-0.7606,-0.7557,-0.7491,-0.7409,-0.7317,-0.7219,-0.7122,-0.703,-0.6936,-0.6831,-0.6701,-0.6538,-0.6339,-0.6109,-0.5858,-0.5604,-0.5372,-0.5185,-0.506,-0.5,-0.4996,-0.5034,-0.5098,-0.5176,-0.5261,-0.5349,-0.544,-0.553,-0.5621,-0.5711,-0.58,-0.5887,-0.5971,-0.6052,-0.6129,-0.7736,-0.7703,-0.7648,-0.7569,-0.7467,-0.7348,-0.7225,-0.7112,-0.702,-0.6941,-0.6855,-0.6734,-0.6563,-0.6334,-0.6053,-0.5734,-0.5402,-0.5095,-0.4855,-0.4712,-0.467,-0.4708,-0.4793,-0.4902,-0.5018,-0.5133,-0.5247,-0.5357,-0.5465,-0.5572,-0.5676,-0.5778,-0.5878,-0.5973,-0.6064,-0.6149,-0.7847,-0.7815,-0.7753,-0.7657,-0.7523,-0.7358,-0.7184,-0.7036,-0.6945,-0.6904,-0.6866,-0.6778,-0.6608,-0.6348,-0.6003,-0.5588,-0.5138,-0.471,-0.4386,-0.4227,-0.4232,-0.4348,-0.4514,-0.4687,-0.4852,-0.5004,-0.5145,-0.5277,-0.5404,-0.5528,-0.5648,-0.5765,-0.5877,-0.5985,-0.6087,-0.6181,-0.7975,-0.7948,-0.7883,-0.7765,-0.7584,-0.7339,-0.706,-0.6826,-0.673,-0.6776,-0.6853,-0.684,-0.6688,-0.6395,-0.5972,-0.543,-0.4799,-0.4167,-0.3695,-0.3526,-0.3645,-0.3912,-0.4204,-0.4466,-0.4689,-0.488,-0.5048,-0.5203,-0.5349,-0.5491,-0.5628,-0.5761,-0.5889,-0.601,-0.6123,-0.6227,-0.8124,-0.811,-0.8048,-0.7914,-0.7676,-0.7306,-0.6817,-0.636,-0.6221,-0.6477,-0.6809,-0.694,-0.6824,-0.6498,-0.5988,-0.529,-0.44,-0.3414,-0.2662,-0.2511,-0.2888,-0.3425,-0.3897,-0.4263,-0.4543,-0.4768,-0.4962,-0.5137,-0.5303,-0.5463,-0.5619,-0.577,-0.5914,-0.6051,-0.6177,-0.6291,-0.8294,-0.8306,-0.8266,-0.8136,-0.7858,-0.7341,-0.6507,-0.5525,-0.5204,-0.5957,-0.6797,-0.7135,-0.7046,-0.6679,-0.6089,-0.5244,-0.4054,-0.2535,-0.1265,-0.1201,-0.2077,-0.2997,-0.366,-0.411,-0.4429,-0.4677,-0.4889,-0.5082,-0.5267,-0.5447,-0.5624,-0.5795,-0.5959,-0.6112,-0.6253,-0.6378,-0.8486,-0.854,-0.8547,-0.8465,-0.8214,-0.7644,-0.6517,-0.4805,-0.4084,-0.566,-0.7085,-0.7523,-0.7384,-0.6953,-0.6307,-0.5389,-0.4034,-0.2093,-0.0268,-0.0317,-0.1674,-0.284,-0.3575,-0.4036,-0.4356,-0.4608,-0.4828,-0.5036,-0.5241,-0.5444,-0.5645,-0.5841,-0.6028,-0.6201,-0.6357,-0.6494,-0.869,-0.8803,-0.8889,-0.8912,-0.8801,-0.8419,-0.7533,-0.6065,-0.5474,-0.6961,-0.8061,-0.8177,-0.7833,-0.7306,-0.6635,-0.5752,-0.4524,-0.2844,-0.1256,-0.1172,-0.2181,-0.308,-0.3657,-0.4034,-0.4313,-0.455,-0.4774,-0.4997,-0.5225,-0.5457,-0.5688,-0.5914,-0.6128,-0.6325,-0.6499,-0.6647,-0.8893,-0.9077,-0.9266,-0.944,-0.9564,-0.9574,-0.9408,-0.9166,-0.934,-0.9813,-0.9649,-0.9,-0.8321,-0.7701,-0.7031,-0.6212,-0.5221,-0.4112,-0.3168,-0.2871,-0.3133,-0.3502,-0.3805,-0.405,-0.4269,-0.4488,-0.4717,-0.4961,-0.5219,-0.5487,-0.5758,-0.6023,-0.6271,-0.6495,-0.6688,-0.6848,-0.9075,-0.9332,-0.9631,-0.9975,-1.0362,-1.0785,-1.1258,-1.1943,-1.3072,-1.3268,-1.1461,-0.9728,-0.8734,-0.8133,-0.7487,-0.6634,-0.5707,-0.4885,-0.4262,-0.3894,-0.3766,-0.3783,-0.3873,-0.401,-0.4186,-0.4399,-0.4645,-0.4921,-0.5222,-0.554,-0.5864,-0.6179,-0.6472,-0.6729,-0.6943,-0.711,-0.9214,-0.9534,-0.9931,-1.0429,-1.1056,-1.1826,-1.2698,-1.3689,-1.5957,-1.714,-1.2762,-0.9982,-0.9009,-0.8758,-0.8146,-0.698,-0.5834,-0.5078,-0.461,-0.4226,-0.3937,-0.3786,-0.3767,-0.3857,-0.4029,-0.4263,-0.4547,-0.4874,-0.5236,-0.5623,-0.6019,-0.6403,-0.6752,-0.705,-0.7284,-0.7454,-0.9292,-0.9653,-1.0115,-1.0721,-1.1529,-1.2598,-1.3876,-1.4808,-1.515,-1.5245,-1.1835,-0.9556,-0.9182,-1.0037,-0.9228,-0.7115,-0.5507,-0.5003,-0.4778,-0.4232,-0.3754,-0.3491,-0.3441,-0.3554,-0.3777,-0.4069,-0.4416,-0.4815,-0.5262,-0.5746,-0.6244,-0.6723,-0.7148,-0.7494,-0.7745,-0.7906,-0.9295,-0.9666,-1.0146,-1.0785,-1.166,-1.2878,-1.4501,-1.5986,-1.4951,-1.2511,-1.0126,-0.8955,-0.8799,-1.0406,-0.9494,-0.6231,-0.4398,-0.5304,-0.5305,-0.3998,-0.319,-0.2828,-0.2836,-0.3077,-0.3422,-0.3813,-0.4247,-0.474,-0.5302,-0.5924,-0.6569,-0.7185,-0.7714,-0.8114,-0.8372,-0.8499,-0.9222,-0.957,-1.0015,-1.0596,-1.1375,-1.2425,-1.3754,-1.4942,-1.396,-1.0905,-0.8798,-0.8844,-0.882,-0.6085,-0.6078,-0.2966,-0.0498,-0.3124,-0.3984,-0.2917,-0.1923,-0.1549,-0.185,-0.2418,-0.2982,-0.35,-0.4027,-0.4632,-0.5351,-0.6173,-0.7042,-0.7862,-0.8535,-0.8993,-0.9227,-0.9275,-0.9082,-0.938,-0.9747,-1.0201,-1.0761,-1.1419,-1.2059,-1.222,-1.1044,-0.8868,-0.7256,-0.6541,-0.5164,-0.1404,-0.3509,0.2995,1.0527,0.2069,-0.1423,-0.1006,0.0724,0.0887,-0.0412,-0.166,-0.2516,-0.3132,-0.3721,-0.4447,-0.5384,-0.6512,-0.7733,-0.8875,-0.9752,-1.0254,-1.0396,-1.0279,-0.8892,-0.9125,-0.9394,-0.9697,-1.0018,-1.0297,-1.0388,-1.0008,-0.8902,-0.7318,-0.6147,-0.4612,-0.4607,-0.3934,-0.3051,0.2141,0.7199,0.1558,-0.1197,0.0702,0.5597,0.4609,0.1003,-0.1106,-0.2118,-0.2658,-0.3211,-0.4076,-0.5342,-0.6955,-0.8753,-1.042,-1.1585,-1.2067,-1.197,-1.1539,-0.8674,-0.884,-0.9014,-0.9183,-0.9315,-0.9349,-0.9183,-0.8692,-0.7832,-0.679,-0.6069,-0.5381,-0.5017,-0.4902,-0.4102,-0.2391,-0.1328,-0.2879,-0.381,-0.0554,0.6069,0.4817,0.0835,-0.115,-0.1779,-0.1856,-0.2207,-0.3313,-0.5129,-0.7508,-1.0246,-1.2786,-1.4341,-1.4611,-1.3988,-1.3017,-0.8447,-0.8553,-0.8649,-0.8717,-0.8729,-0.864,-0.8397,-0.7958,-0.7343,-0.6673,-0.6109,-0.5633,-0.5235,-0.5153,-0.5336,-0.5196,-0.4823,-0.6407,-0.8278,-0.4786,-0.086,0.0039,-0.1051,-0.1692,-0.1261,-0.0202,-0.0168,-0.195,-0.4705,-0.8142,-1.2278,-1.6202,-1.8199,-1.7844,-1.6273,-1.4531,-0.8226,-0.8283,-0.8321,-0.8323,-0.8269,-0.8131,-0.7887,-0.7527,-0.708,-0.661,-0.6183,-0.5832,-0.5624,-0.5809,-0.701,-0.752,-0.6238,-0.6864,-0.777,-0.6571,-0.4675,-0.332,-0.2896,-0.2345,-0.0591,0.2528,0.3122,-0.0454,-0.4375,-0.8729,-1.4371,-1.9994,-2.2311,-2.091,-1.8196,-1.5694,-0.802,-0.8042,-0.804,-0.8002,-0.7916,-0.7766,-0.7545,-0.7254,-0.6917,-0.6569,-0.6253,-0.6011,-0.5923,-0.6174,-0.6984,-0.7243,-0.6496,-0.6614,-0.7483,-0.7843,-0.6194,-0.5003,-0.4305,-0.3299,-0.115,0.2694,0.349,-0.132,-0.4857,-0.9,-1.5066,-2.1405,-2.3808,-2.1938,-1.8803,-1.6058,-0.7835,-0.7831,-0.7803,-0.7744,-0.7645,-0.75,-0.7307,-0.7071,-0.6808,-0.6543,-0.6305,-0.6129,-0.6064,-0.6168,-0.6402,-0.6465,-0.6335,-0.6482,-0.699,-0.711,-0.6476,-0.6122,-0.5778,-0.4801,-0.3441,-0.2982,-0.5229,-0.5472,-0.6057,-0.8837,-1.3658,-1.879,-2.1089,-2.0064,-1.7733,-1.5476,-0.7672,-0.765,-0.7607,-0.7538,-0.7437,-0.7303,-0.7135,-0.6941,-0.6731,-0.6523,-0.6337,-0.6196,-0.6122,-0.6126,-0.6173,-0.6193,-0.6201,-0.6304,-0.6495,-0.6614,-0.6829,-0.7558,-0.7724,-0.6479,-0.5365,-0.5973,-0.7889,-0.7206,-0.6857,-0.8498,-1.1623,-1.4977,-1.6889,-1.6855,-1.569,-1.425,-0.7529,-0.7496,-0.7445,-0.7372,-0.7275,-0.7153,-0.7009,-0.6846,-0.6675,-0.6507,-0.6356,-0.6235,-0.6155,-0.6116,-0.6107,-0.611,-0.6135,-0.6211,-0.6351,-0.6606,-0.7249,-0.8495,-0.8852,-0.7443,-0.6275,-0.6276,-0.6853,-0.6896,-0.708,-0.8189,-1.0098,-1.2157,-1.3568,-1.397,-1.3591,-1.2841,-0.7406,-0.7366,-0.7311,-0.7239,-0.7148,-0.7038,-0.6913,-0.6775,-0.6633,-0.6494,-0.6367,-0.6261,-0.6181,-0.6129,-0.6101,-0.6096,-0.6118,-0.6185,-0.6324,-0.6604,-0.7156,-0.7907,-0.8068,-0.7309,-0.656,-0.635,-0.6501,-0.6716,-0.7112,-0.7927,-0.9125,-1.0408,-1.14,-1.1879,-1.1875,-1.1556]}]