docs/data/wind_grid.json
[{"header":{"la1":42.85,"la2":41.18,"lo1":11.55,"lo2":14.05,"nx":36,"ny":24,"dx":0.07143,"dy":0.07261,"parameterCategory":2,"parameterNumber":2,"parameterNumberName":"eastward_wind","parameterUnit":"m.s-1"},"data":[2.9669,2.9781,2.9932,3.0123,3.0343,3.0575,3.0799,3.099,3.1132,3.1219,3.1256,3.1255,3.1223,3.1168,3.1092,3.0997,3.0886,3.0765,3.0641,3.0524,3.0423,3.0352,3.032,3.0326,3.0354,3.0386,3.0408,3.0414,3.0408,3.039,3.0366,3.034,3.0313,3.0287,3.0264,3.0243,2.9454,2.9572,2.9749,2.9985,3.0272,3.0587,3.0892,3.1148,3.1322,3.1409,3.1424,3.1392,3.1331,3.1247,3.1141,3.101,3.0857,3.069,3.0521,3.036,3.0217,3.0118,3.0092,3.0139,3.0221,3.0297,3.0346,3.0366,3.0362,3.0344,3.0317,3.0287,3.0257,3.023,3.0206,3.0186,2.9176,2.9291,2.949,2.9783,3.0166,3.0607,3.1047,3.1409,3.1628,3.1695,3.1656,3.1566,3.1459,3.1337,3.1193,3.1017,3.0804,3.0568,3.0335,3.0116,2.9902,2.9736,2.972,2.9861,3.0051,3.0201,3.0286,3.0318,3.0314,3.029,3.0258,3.0224,3.0191,3.0163,3.0139,3.012,2.8816,2.8909,2.9118,2.9475,2.9988,3.0629,3.1306,3.1866,3.2152,3.2142,3.1973,3.1778,3.1603,3.1438,3.1253,3.1019,3.0716,3.0363,3.0035,2.9768,2.9446,2.9089,2.9088,2.9465,2.9865,3.0122,3.0242,3.0276,3.0262,3.0227,3.0186,3.0146,3.0111,3.0082,3.006,3.0043,2.8357,2.839,2.8577,2.8985,2.9666,3.0612,3.1719,3.2698,3.3104,3.2852,3.2385,3.2011,3.1753,3.1546,3.1326,3.103,3.0592,3.0003,2.9469,2.9269,2.8929,2.8042,2.8099,2.904,2.9758,3.0107,3.0229,3.0239,3.02,3.0146,3.0093,3.0048,3.0012,2.9985,2.9966,2.9954,2.7793,2.7705,2.7796,2.8203,2.906,3.0419,3.2229,3.4122,3.482,3.3876,3.282,3.2215,3.1885,3.1655,3.1419,3.1084,3.0495,2.9442,2.8196,2.8302,2.8837,2.7419,2.7587,2.908,2.9913,3.0207,3.0249,3.0194,3.0112,3.0034,2.9971,2.9923,2.989,2.9869,2.9856,2.9851,2.7141,2.686,2.674,2.7016,2.7991,2.9765,3.2306,3.5429,3.6665,3.4615,3.3016,3.2318,3.1984,3.1753,3.1521,3.1215,3.0622,2.9193,2.6586,2.693,2.9902,2.9763,2.9534,3.0122,3.0408,3.0395,3.0259,3.0103,2.997,2.9872,2.9805,2.9763,2.974,2.9729,2.9728,2.9733,2.6462,2.5954,2.5561,2.5541,2.6467,2.8498,3.1169,3.3972,3.5084,3.3821,3.2797,3.2326,3.2066,3.1821,3.1549,3.133,3.106,3.0265,2.889,3.002,3.3927,3.4304,3.2616,3.1573,3.0971,3.0518,3.0161,2.9902,2.9732,2.9633,2.9581,2.956,2.9557,2.9565,2.958,2.96,2.583,2.5136,2.4747,2.4776,2.5082,2.6984,2.9529,3.1615,3.2699,3.284,3.2605,3.2381,3.22,3.1857,3.1263,3.1006,3.1377,3.1653,3.207,3.4509,3.9835,3.8849,3.4752,3.2454,3.1171,3.0349,2.9815,2.9502,2.9348,2.9292,2.9288,2.931,2.9341,2.9377,2.9413,2.9451,2.5279,2.4254,2.3508,2.3278,2.2795,2.5286,2.8329,3.0678,3.2636,3.3419,3.2893,3.2581,3.2515,3.206,3.0289,2.9284,3.1293,3.2541,3.3412,3.515,3.8144,3.76,3.4544,3.225,3.0693,2.965,2.9051,2.8804,2.877,2.8832,2.8924,2.9015,2.9095,2.9166,2.9229,2.9288,2.4918,2.3309,2.0571,1.5567,1.6681,2.3499,2.7563,3.012,3.4174,3.6036,3.3347,3.2806,3.3146,3.3202,3.1132,2.9444,3.2062,3.3694,3.4414,3.4704,3.5067,3.4586,3.2997,3.1096,2.9352,2.8135,2.7649,2.7703,2.7974,2.8264,2.8504,2.8688,2.8828,2.8938,2.903,2.9112,2.4995,2.3261,2.0269,1.6,1.7333,2.386,2.7107,2.8109,3.1153,3.3746,3.2677,3.2833,3.3915,3.5576,3.4868,3.3234,3.3953,3.626,3.6848,3.5334,3.4161,3.3088,3.1534,2.9338,2.6863,2.5277,2.5298,2.6149,2.7009,2.7641,2.8068,2.8354,2.8551,2.8698,2.8818,2.8923,2.5563,2.4313,2.2697,2.1481,2.2717,2.5566,2.6811,2.7015,2.6972,3.0296,3.1764,3.272,3.3586,3.6733,3.628,3.3937,3.479,4.1012,4.1271,3.6229,3.3956,3.2411,3.045,2.7265,2.2838,2.032,2.1896,2.4375,2.6078,2.7085,2.7678,2.8041,2.8279,2.8451,2.8593,2.8721,2.6379,2.5683,2.5058,2.4926,2.5671,2.6732,2.6961,2.5933,2.6953,2.9751,3.1353,3.2865,3.3006,2.9121,3.2884,3.3639,3.3519,3.6911,3.8065,3.5299,3.3525,3.2083,2.9963,2.5927,1.9113,1.5277,1.9192,2.3284,2.5547,2.6734,2.7386,2.7767,2.8011,2.8192,2.8351,2.8503,2.7193,2.686,2.6669,2.6769,2.7188,2.7667,2.7884,2.8003,2.8852,3.0149,3.0869,3.1115,3.0642,2.9041,3.1857,3.3318,2.8666,3.237,3.4042,3.379,3.3059,3.2149,3.0311,2.6729,2.1168,1.799,2.0634,2.3783,2.563,2.6635,2.7196,2.7521,2.7731,2.7904,2.8078,2.826,2.7894,2.7757,2.7736,2.7876,2.8159,2.8489,2.8803,2.92,2.9823,3.0468,3.0803,2.9551,2.9869,3.0312,3.1332,3.1161,2.9475,3.1768,3.3081,3.3243,3.303,3.2642,3.108,2.8481,2.5432,2.3608,2.3947,2.507,2.6017,2.6657,2.7043,2.7255,2.7395,2.7551,2.7753,2.7987,2.8465,2.8431,2.848,2.8626,2.8856,2.9138,2.9456,2.9829,3.0244,3.0583,3.0742,3.0172,2.9053,2.8799,3.1267,3.2121,3.2277,3.2936,3.3481,3.3451,3.3106,3.2817,3.1513,2.9509,2.7432,2.5991,2.5513,2.573,2.6198,2.6613,2.6843,2.69,2.6932,2.7083,2.7359,2.7685,2.8925,2.8945,2.9026,2.9171,2.9374,2.9621,2.99,3.0199,3.0479,3.0665,3.0672,3.0357,2.9149,2.9251,3.2899,3.4445,3.4021,3.3988,3.4006,3.4308,3.3775,3.2947,3.1637,2.9716,2.7481,2.555,2.4846,2.5298,2.5975,2.6442,2.6569,2.6397,2.6262,2.6468,2.6908,2.7381,2.9295,2.9345,2.944,2.9582,2.9765,2.9981,3.022,3.0464,3.0687,3.0853,3.0943,3.0973,3.1149,3.2709,3.7627,3.9557,3.58,3.4946,3.5286,3.6976,3.5483,3.3646,3.1868,2.961,2.6585,2.3238,2.2477,2.4234,2.5568,2.6258,2.6315,2.5805,2.5446,2.5821,2.6514,2.7151,2.9596,2.9662,2.9763,2.9899,3.0067,3.0259,3.0469,3.0685,3.0894,3.1091,3.13,3.1609,3.2292,3.4011,3.7364,3.8485,3.6232,3.6297,4.005,4.203,3.7243,3.4422,3.2381,2.9868,2.6431,2.2665,2.1884,2.385,2.5366,2.6244,2.6301,2.5587,2.5103,2.5594,2.6403,2.7098,2.9842,2.9918,3.002,3.015,3.0305,3.048,3.0672,3.0873,3.1084,3.1313,3.1591,3.1998,3.268,3.3801,3.5161,3.5745,3.5588,3.626,3.8359,3.9042,3.6761,3.5047,3.3591,3.1006,2.7471,2.4282,2.2597,2.3505,2.5488,2.6592,2.6711,2.6178,2.579,2.6086,2.6688,2.726,3.0045,3.0125,3.0227,3.0351,3.0496,3.0659,3.0837,3.103,3.1242,3.1482,3.1777,3.217,3.2711,3.3404,3.4102,3.4568,3.4881,3.5418,3.616,3.6367,3.6073,3.6595,3.6463,3.317,2.8816,2.4718,2.1491,2.3348,2.664,2.762,2.7499,2.7094,2.6809,2.6878,2.7192,2.7569,3.0214,3.0296,3.0396,3.0514,3.065,3.0802,3.097,3.1155,3.136,3.1594,3.1873,3.2214,3.2629,3.3097,3.3553,3.3936,3.4271,3.4638,3.5007,3.5314,3.602,3.8093,3.8817,3.4854,3.0265,2.6743,2.5012,2.6675,2.9327,2.9101,2.8344,2.7859,2.76,2.7564,2.7699,2.792,3.0354,3.0436,3.0533,3.0645,3.0773,3.0916,3.1074,3.1247,3.144,3.1658,3.1907,3.2194,3.2517,3.286,3.3195,3.35,3.3777,3.4045,3.4317,3.467,3.5394,3.6622,3.6702,3.4206,3.1031,2.8636,2.766,2.8462,2.9718,2.9437,2.8763,2.8344,2.813,2.8067,2.8121,2.8249]},{"header":{"la1":42.85,"la2":41.18,"lo1":11.55,"lo2":14.05,"nx":36,"ny":24,"dx":0.07143,"dy":0.07261,"parameterCategory":2,"parameterNumber":3,"parameterNumberName":"northward_wind","parameterUnit":"m.s-1"},"data":[0.8866,0.8952,0.9005,0.9024,0.9011,0.897,0.89,0.8799,0.8664,0.8496,0.8301,0.809,0.7869,0.7638,0.7393,0.7122,0.6812,0.645,0.6029,0.5563,0.5101,0.4722,0.4498,0.4448,0.4531,0.4683,0.485,0.5003,0.5128,0.5223,0.5291,0.5335,0.5361,0.5372,0.5372,0.5363,0.9179,0.9295,0.9367,0.9394,0.9381,0.9338,0.9269,0.9165,0.9013,0.8812,0.8575,0.8323,0.8071,0.7818,0.7555,0.7263,0.6919,0.6493,0.5954,0.5298,0.4598,0.4022,0.3741,0.3783,0.4032,0.4345,0.4638,0.4877,0.5056,0.5185,0.5272,0.5326,0.5356,0.5368,0.5367,0.5357,0.9552,0.9714,0.9813,0.9845,0.9824,0.9777,0.9716,0.9625,0.9461,0.921,0.8902,0.8589,0.8297,0.8026,0.7754,0.7455,0.7093,0.6617,0.5944,0.4995,0.3835,0.2841,0.2483,0.2784,0.3379,0.3966,0.4435,0.4776,0.5014,0.5173,0.5274,0.5334,0.5364,0.5374,0.5369,0.5354,1.0006,1.0245,1.0388,1.0418,1.0363,1.0294,1.0263,1.0232,1.0076,0.9733,0.9294,0.8881,0.8543,0.8263,0.8,0.7714,0.7369,0.6901,0.6146,0.48,0.2718,0.0726,0.0319,0.135,0.2629,0.3621,0.4296,0.4737,0.5021,0.5199,0.5305,0.5363,0.5388,0.539,0.5378,0.5356,1.0566,1.0944,1.1177,1.1195,1.1039,1.0886,1.0913,1.1078,1.1004,1.0459,0.9746,0.9176,0.8795,0.8534,0.8307,0.8056,0.7766,0.7431,0.6846,0.5219,0.1506,-0.2885,-0.3015,-0.0234,0.2064,0.347,0.4301,0.4799,0.5099,0.5275,0.5371,0.5416,0.5427,0.5417,0.5393,0.5361,1.1245,1.1894,1.2349,1.2368,1.1953,1.1517,1.1581,1.2247,1.2485,1.1418,1.0175,0.9414,0.9038,0.8855,0.871,0.8504,0.8261,0.8176,0.8312,0.7137,0.2087,-0.5108,-0.4753,-0.0503,0.2231,0.3705,0.4523,0.4991,0.526,0.5406,0.5474,0.5494,0.5482,0.5452,0.5413,0.5368,1.2,1.316,1.4201,1.4385,1.3364,1.2151,1.1941,1.32,1.4005,1.2064,1.0305,0.9506,0.9263,0.9275,0.93,0.914,0.8816,0.8761,0.9622,0.9251,0.5309,0.0717,-0.0213,0.1704,0.3342,0.4357,0.4962,0.5314,0.5505,0.5593,0.5614,0.5594,0.555,0.5495,0.5435,0.5375,1.2632,1.4561,1.6996,1.807,1.5643,1.2743,1.1644,1.2227,1.2645,1.1166,0.9899,0.9426,0.9491,0.9888,1.031,1.0251,0.9589,0.8981,0.9003,0.8638,0.7742,0.6441,0.4813,0.4456,0.4794,0.5222,0.5548,0.5742,0.5826,0.583,0.5784,0.5711,0.5626,0.5539,0.5455,0.5377,1.2737,1.517,1.9381,2.2761,1.7593,1.273,1.0867,1.043,1.0207,0.9688,0.9275,0.9253,0.9723,1.0774,1.2267,1.2626,1.0979,0.9359,0.8603,0.8592,0.9814,0.9265,0.7174,0.6175,0.5985,0.609,0.6216,0.626,0.6216,0.6111,0.5978,0.5837,0.5702,0.5578,0.5468,0.5372,1.2033,1.3798,1.6496,1.8135,1.4022,1.1201,0.9831,0.9254,0.9036,0.8914,0.881,0.9045,0.9849,1.1596,1.5711,1.7884,1.2787,0.9648,0.8409,0.8326,0.9146,0.8839,0.7609,0.697,0.687,0.6963,0.6997,0.689,0.668,0.643,0.6183,0.596,0.5768,0.5604,0.5468,0.5354,1.0853,1.1437,1.1092,0.8358,0.8386,0.9275,0.8855,0.8584,0.8819,0.9041,0.8515,0.8782,0.9805,1.1424,1.5192,1.7983,1.2163,0.8971,0.7732,0.7497,0.7674,0.7633,0.7394,0.7435,0.7788,0.8103,0.8067,0.7711,0.7232,0.6771,0.6379,0.6062,0.5808,0.5607,0.5446,0.5318,0.9748,0.9804,0.9152,0.7763,0.7814,0.8341,0.8269,0.8363,0.8244,0.84,0.795,0.835,0.9815,1.1736,1.2067,1.132,0.9345,0.7153,0.6341,0.6515,0.6716,0.6901,0.7255,0.8069,0.9288,1.0076,0.9754,0.8803,0.7847,0.7091,0.6529,0.6115,0.5806,0.5574,0.5397,0.5259,0.8891,0.8863,0.8579,0.8173,0.7969,0.7833,0.7883,0.9595,0.709,0.7026,0.6961,0.7555,0.8963,1.2659,1.2314,0.9435,0.7861,0.4894,0.4619,0.5688,0.6006,0.6359,0.7184,0.9009,1.1965,1.3704,1.228,1.004,0.8381,0.7296,0.6579,0.6089,0.5745,0.5496,0.5313,0.5175,0.8211,0.8167,0.8011,0.7779,0.7522,0.7273,0.7069,0.641,0.6168,0.5737,0.5524,0.6828,0.7567,0.875,0.8695,0.9108,0.8066,0.5865,0.5107,0.5259,0.5338,0.5723,0.6847,0.9547,1.4629,1.7647,1.4345,1.0705,0.8525,0.7258,0.6474,0.5961,0.5612,0.5369,0.5194,0.5066,0.7638,0.7567,0.7421,0.7208,0.6943,0.6652,0.6338,0.5894,0.5096,0.3694,0.2528,0.3043,0.4063,0.1551,0.6755,0.9068,0.7289,0.6214,0.5093,0.4583,0.4497,0.4844,0.5963,0.8483,1.2773,1.5319,1.2914,0.9939,0.8056,0.692,0.62,0.5726,0.541,0.5195,0.5046,0.4936,0.714,0.7039,0.6876,0.6651,0.6364,0.6011,0.5554,0.4852,0.3579,0.1145,-0.2817,-0.2251,0.0106,0.2644,0.465,0.6152,0.6273,0.4919,0.3671,0.3457,0.3895,0.4063,0.4851,0.6565,0.8798,1.0114,0.956,0.8293,0.7194,0.6382,0.5806,0.5414,0.516,0.4995,0.4881,0.4795,0.6706,0.6577,0.6393,0.6148,0.5833,0.5426,0.4871,0.4046,0.2716,0.0494,-0.2428,-0.1585,-0.1335,-0.1303,0.1819,0.3037,0.3105,0.171,0.0456,0.1639,0.3606,0.3623,0.3928,0.5067,0.6401,0.7282,0.7414,0.701,0.6406,0.5828,0.5378,0.5081,0.491,0.4806,0.4725,0.4657,0.6328,0.6177,0.5976,0.5715,0.5382,0.4953,0.4387,0.3615,0.2562,0.1249,0.0126,-0.0323,-0.1576,-0.1992,-0.1322,-0.1432,-0.0503,-0.2365,-0.5082,-0.1661,0.096,0.2095,0.2879,0.4054,0.5495,0.6745,0.7129,0.6642,0.5944,0.5365,0.4986,0.481,0.4748,0.4689,0.461,0.4535,0.6,0.5834,0.5622,0.5354,0.5019,0.4601,0.4076,0.3422,0.2637,0.179,0.1028,0.0352,-0.0515,-0.1911,-0.6683,-0.8888,-0.3411,-0.3322,-0.4818,-0.4144,-0.1802,0.0156,0.1561,0.3193,0.5449,0.8082,0.8663,0.6977,0.567,0.4936,0.4648,0.4697,0.4783,0.4692,0.4541,0.4425,0.5717,0.5542,0.5325,0.5059,0.4736,0.4346,0.3878,0.3331,0.2716,0.2068,0.1419,0.0718,-0.0248,-0.2125,-0.6051,-0.7338,-0.3854,-0.3471,-0.6313,-0.7719,-0.3841,-0.167,-0.0189,0.1891,0.4866,0.8293,0.9003,0.6673,0.5138,0.4336,0.4241,0.4633,0.4869,0.4686,0.4444,0.4292,0.5473,0.5295,0.508,0.4822,0.4517,0.4159,0.3746,0.3279,0.2767,0.2222,0.164,0.0971,0.0086,-0.1217,-0.2784,-0.3317,-0.2767,-0.3113,-0.4836,-0.5501,-0.4295,-0.4075,-0.3398,-0.0636,0.2986,0.57,0.6468,0.5704,0.4082,0.3214,0.3401,0.4068,0.4452,0.4379,0.4205,0.4094,0.5266,0.5088,0.4878,0.4632,0.4347,0.4021,0.3654,0.3247,0.2804,0.2328,0.1809,0.122,0.0516,-0.0311,-0.1102,-0.1564,-0.1802,-0.232,-0.3207,-0.4047,-0.558,-0.9142,-1.0006,-0.4781,0.0741,0.4453,0.6628,0.5089,0.1745,0.0974,0.1874,0.2932,0.3572,0.379,0.3825,0.3831,0.5089,0.4914,0.4712,0.4479,0.4215,0.3918,0.3588,0.3228,0.2838,0.2417,0.1962,0.1462,0.0909,0.0324,-0.0224,-0.0678,-0.1105,-0.1675,-0.2516,-0.3919,-0.709,-1.3252,-1.5117,-0.7854,-0.1247,0.2449,0.3678,0.1248,-0.292,-0.2125,0.0173,0.1784,0.2709,0.3181,0.3416,0.3547,0.4938,0.4768,0.4575,0.4356,0.4112,0.384,0.3543,0.322,0.2873,0.2501,0.2103,0.1677,0.1227,0.0765,0.0314,-0.0122,-0.059,-0.1185,-0.2057,-0.3532,-0.6227,-0.9947,-1.0697,-0.6499,-0.1949,0.0706,0.1203,-0.0825,-0.3566,-0.2704,-0.0478,0.1145,0.2138,0.2724,0.3073,0.3293]}]