docs/data/wind_grid.json
[{"header":{"la1":42.85,"la2":41.18,"lo1":11.55,"lo2":14.05,"nx":36,"ny":24,"dx":0.07143,"dy":0.07261,"parameterCategory":2,"parameterNumber":2,"parameterNumberName":"eastward_wind","parameterUnit":"m.s-1"},"data":[0.1374,0.1539,0.1719,0.1908,0.2097,0.2273,0.2417,0.2513,0.2549,0.253,0.2475,0.2412,0.2363,0.2339,0.2332,0.2309,0.2235,0.2091,0.1889,0.1659,0.1426,0.1204,0.1,0.0814,0.0646,0.0493,0.0353,0.0224,0.0105,-0.0005,-0.0108,-0.0204,-0.0293,-0.0376,-0.0452,-0.0522,0.1412,0.1605,0.1822,0.2059,0.2308,0.255,0.2756,0.2889,0.2927,0.2873,0.2763,0.2649,0.2575,0.2564,0.2605,0.2638,0.2579,0.2391,0.2114,0.1808,0.1515,0.1251,0.1018,0.0813,0.0632,0.047,0.0323,0.0188,0.0064,-0.0051,-0.0158,-0.0257,-0.035,-0.0435,-0.0513,-0.0585,0.1431,0.1653,0.1912,0.221,0.2543,0.2889,0.3201,0.3409,0.3452,0.333,0.3115,0.2907,0.2782,0.2787,0.2916,0.3063,0.3037,0.2763,0.2356,0.1943,0.158,0.1272,0.1013,0.0793,0.0601,0.0432,0.028,0.0141,0.0013,-0.0105,-0.0216,-0.0319,-0.0415,-0.0503,-0.0584,-0.0657,0.1423,0.167,0.1973,0.2342,0.2786,0.329,0.3794,0.4162,0.4231,0.3974,0.3557,0.3181,0.2964,0.2967,0.3213,0.3555,0.3581,0.3147,0.2554,0.2021,0.1593,0.1252,0.0977,0.0748,0.0552,0.038,0.0225,0.0084,-0.0047,-0.0169,-0.0283,-0.039,-0.0489,-0.058,-0.0663,-0.0738,0.1377,0.1642,0.198,0.2419,0.299,0.3718,0.4561,0.5283,0.5446,0.4901,0.4095,0.3455,0.3101,0.305,0.3337,0.3828,0.3893,0.3306,0.2579,0.1982,0.1528,0.1179,0.0903,0.0676,0.0483,0.0313,0.0159,0.0017,-0.0117,-0.0242,-0.036,-0.0471,-0.0574,-0.0669,-0.0754,-0.0831,0.1284,0.1552,0.1905,0.2388,0.3068,0.4039,0.5376,0.6821,0.7268,0.6103,0.4629,0.367,0.3183,0.3028,0.3165,0.3484,0.3498,0.2989,0.2344,0.1798,0.1375,0.1049,0.0791,0.0579,0.0396,0.0233,0.0082,-0.006,-0.0195,-0.0324,-0.0447,-0.0563,-0.0671,-0.0769,-0.0858,-0.0936,0.1141,0.1389,0.1725,0.2199,0.2901,0.3988,0.5696,0.798,0.8898,0.6876,0.4813,0.3727,0.3221,0.2995,0.2922,0.2913,0.2782,0.2415,0.1942,0.1506,0.1151,0.0872,0.0649,0.0462,0.0297,0.0144,-0.0002,-0.0143,-0.0281,-0.0416,-0.0545,-0.0668,-0.0782,-0.0885,-0.0977,-0.1057,0.0949,0.1155,0.1434,0.1832,0.2428,0.3358,0.4815,0.6727,0.7458,0.5879,0.438,0.362,0.3274,0.3079,0.2886,0.2641,0.2323,0.1933,0.1524,0.1164,0.088,0.0662,0.0487,0.0335,0.0193,0.0053,-0.0088,-0.023,-0.0374,-0.0516,-0.0654,-0.0786,-0.0909,-0.1019,-0.1115,-0.1196,0.0718,0.0862,0.1052,0.1318,0.1711,0.2308,0.3172,0.4139,0.4601,0.4328,0.3844,0.3545,0.3471,0.3413,0.3171,0.271,0.2134,0.1567,0.1104,0.078,0.0572,0.0433,0.0321,0.0212,0.0095,-0.0033,-0.0171,-0.0318,-0.047,-0.0625,-0.0777,-0.0923,-0.1057,-0.1176,-0.1277,-0.1358,0.0464,0.0536,0.0619,0.0725,0.0875,0.1129,0.1611,0.2516,0.3796,0.4335,0.3832,0.3668,0.3962,0.4196,0.3905,0.3078,0.2048,0.1143,0.0559,0.0297,0.0219,0.02,0.0172,0.0113,0.0019,-0.0102,-0.0245,-0.0402,-0.057,-0.0744,-0.0916,-0.1081,-0.1232,-0.1362,-0.1469,-0.155,0.0207,0.0206,0.0182,0.0124,0.002,-0.0104,-0.0041,0.1047,0.4716,0.6381,0.4059,0.3879,0.4878,0.5805,0.5354,0.3712,0.1831,0.0332,-0.0362,-0.0375,-0.017,0.0003,0.0081,0.0067,-0.0016,-0.0144,-0.0301,-0.048,-0.0673,-0.0874,-0.1077,-0.127,-0.1443,-0.1589,-0.1701,-0.178,-0.0036,-0.0098,-0.021,-0.0406,-0.0741,-0.1294,-0.2095,-0.2408,0.1154,0.4079,0.3206,0.3912,0.6023,0.882,0.7671,0.4325,0.1122,-0.1459,-0.2061,-0.125,-0.0498,-0.0061,0.0116,0.0115,0.0012,-0.0147,-0.0335,-0.0546,-0.0776,-0.102,-0.1267,-0.1501,-0.1707,-0.1872,-0.1989,-0.2059,-0.025,-0.0353,-0.0522,-0.0797,-0.1257,-0.2044,-0.3377,-0.4981,-0.3331,0.0164,0.2005,0.3694,0.5575,0.9758,0.847,0.3817,-0.0043,-0.4003,-0.411,-0.184,-0.0466,0.0198,0.0387,0.0308,0.0118,-0.0105,-0.0342,-0.0598,-0.088,-0.1185,-0.1499,-0.1795,-0.2048,-0.2235,-0.2352,-0.2403,-0.0428,-0.0552,-0.0738,-0.1022,-0.1461,-0.2141,-0.312,-0.4089,-0.325,-0.0873,0.1001,0.3628,0.4571,0.478,0.4234,0.1459,-0.1216,-0.2933,-0.3002,-0.117,0.0406,0.111,0.1042,0.0674,0.0297,-0.0025,-0.0318,-0.0627,-0.0979,-0.1375,-0.1792,-0.2184,-0.2504,-0.2717,-0.282,-0.283,-0.0572,-0.0698,-0.0875,-0.1121,-0.1458,-0.1895,-0.2369,-0.2603,-0.218,-0.1571,-0.1182,0.0032,0.1475,0.1187,0.1418,-0.1647,-0.4297,-0.2524,-0.1422,0.0502,0.2819,0.3239,0.2179,0.1154,0.0493,0.008,-0.0248,-0.0607,-0.1055,-0.1594,-0.2177,-0.2723,-0.314,-0.3374,-0.3432,-0.3361,-0.0687,-0.0807,-0.0962,-0.1158,-0.1397,-0.1661,-0.1894,-0.202,-0.2129,-0.2819,-0.4767,-0.3721,-0.2224,-0.0543,-0.0754,-0.2355,-0.371,-0.2529,-0.1018,0.2359,0.7621,0.6734,0.3362,0.1461,0.0604,0.0219,-0.007,-0.0478,-0.1073,-0.1841,-0.2703,-0.3504,-0.4062,-0.4287,-0.423,-0.4008,-0.0781,-0.0892,-0.1026,-0.1184,-0.1363,-0.1551,-0.1735,-0.1936,-0.2303,-0.3189,-0.4635,-0.394,-0.447,-0.4993,-0.3106,-0.3055,-0.3104,-0.2787,-0.1959,0.1519,0.8097,0.6888,0.3056,0.1191,0.0588,0.0512,0.0376,-0.0122,-0.0975,-0.2114,-0.3436,-0.4663,-0.5412,-0.5539,-0.5231,-0.4752,-0.0863,-0.0964,-0.1083,-0.1218,-0.1369,-0.1532,-0.1716,-0.1951,-0.231,-0.2844,-0.3366,-0.3727,-0.5108,-0.5644,-0.5402,-0.5687,-0.4465,-0.3764,-0.3828,-0.2116,0.116,0.204,0.102,0.0399,0.0624,0.128,0.1392,0.0582,-0.0728,-0.2394,-0.4409,-0.6312,-0.7277,-0.7107,-0.6349,-0.5502,-0.0935,-0.103,-0.1139,-0.1262,-0.14,-0.1556,-0.1739,-0.1969,-0.2269,-0.264,-0.3049,-0.3566,-0.4379,-0.5614,-0.9214,-1.0692,-0.6329,-0.4572,-0.455,-0.5078,-0.3239,-0.1662,-0.1088,-0.0508,0.0807,0.2687,0.3059,0.1411,-0.0462,-0.2617,-0.5399,-0.8134,-0.9251,-0.8582,-0.7282,-0.6077,-0.1,-0.1091,-0.1194,-0.1311,-0.1443,-0.1594,-0.1772,-0.1988,-0.2252,-0.257,-0.2958,-0.3479,-0.4284,-0.5813,-0.874,-0.9589,-0.6666,-0.559,-0.7466,-0.8553,-0.5562,-0.3846,-0.2906,-0.1646,0.0371,0.2836,0.3314,0.1276,-0.0473,-0.2646,-0.5707,-0.881,-0.9968,-0.9076,-0.7579,-0.6264,-0.106,-0.1148,-0.1248,-0.136,-0.1488,-0.1634,-0.1806,-0.2008,-0.2251,-0.2544,-0.291,-0.3395,-0.4091,-0.5119,-0.6298,-0.6579,-0.5844,-0.5669,-0.6663,-0.7052,-0.6038,-0.5697,-0.5243,-0.35,-0.1124,0.05,0.0462,0.0174,-0.0698,-0.2444,-0.499,-0.7545,-0.8667,-0.8184,-0.7076,-0.5998,-0.1115,-0.1201,-0.1298,-0.1407,-0.1531,-0.1672,-0.1836,-0.2027,-0.2252,-0.2521,-0.2851,-0.3264,-0.3788,-0.4406,-0.4958,-0.518,-0.5132,-0.5244,-0.566,-0.6058,-0.68,-0.8676,-0.9112,-0.6185,-0.2776,-0.0663,-0.0028,-0.0187,-0.0918,-0.2231,-0.3992,-0.5711,-0.6665,-0.6664,-0.6115,-0.5428,-0.1164,-0.1248,-0.1343,-0.1449,-0.1568,-0.1704,-0.1859,-0.2038,-0.2246,-0.2489,-0.2775,-0.3113,-0.3499,-0.3903,-0.4252,-0.4479,-0.4631,-0.4853,-0.5252,-0.5982,-0.7683,-1.0794,-1.1666,-0.8026,-0.4126,-0.1715,-0.0739,-0.0759,-0.1305,-0.2195,-0.3311,-0.4391,-0.5105,-0.5313,-0.5137,-0.4778,-0.1209,-0.1291,-0.1383,-0.1485,-0.16,-0.1729,-0.1875,-0.2042,-0.2231,-0.2447,-0.2692,-0.2967,-0.3264,-0.3561,-0.383,-0.4057,-0.4274,-0.4553,-0.4998,-0.5798,-0.7271,-0.9212,-0.9586,-0.7377,-0.4648,-0.2729,-0.1773,-0.1552,-0.1787,-0.23,-0.2965,-0.3628,-0.4122,-0.4357,-0.4353,-0.4193]},{"header":{"la1":42.85,"la2":41.18,"lo1":11.55,"lo2":14.05,"nx":36,"ny":24,"dx":0.07143,"dy":0.07261,"parameterCategory":2,"parameterNumber":3,"parameterNumberName":"northward_wind","parameterUnit":"m.s-1"},"data":[1.1913,1.1894,1.1868,1.1833,1.1786,1.1722,1.1637,1.1519,1.1356,1.1132,1.0828,1.0429,0.9936,0.9376,0.8829,0.842,0.8256,0.8353,0.8624,0.8957,0.9273,0.9535,0.9738,0.9887,0.9991,1.0061,1.0105,1.0129,1.0139,1.0138,1.0129,1.0116,1.01,1.0082,1.0065,1.0048,1.1966,1.1951,1.1931,1.1902,1.1863,1.1809,1.1732,1.1623,1.1462,1.1225,1.0879,1.0388,0.9727,0.8908,0.8044,0.7383,0.7181,0.7458,0.7996,0.8562,0.9037,0.9397,0.9654,0.9831,0.9949,1.0024,1.0068,1.009,1.0096,1.0091,1.0078,1.0061,1.0041,1.002,1.0,0.9981,1.2018,1.2009,1.1995,1.1975,1.1945,1.1902,1.1841,1.1749,1.1604,1.1371,1.0999,1.0422,0.9568,0.8385,0.6983,0.5834,0.5583,0.626,0.7278,0.8183,0.885,0.9305,0.9606,0.9801,0.9923,0.9996,1.0036,1.0052,1.0052,1.004,1.0022,0.9999,0.9975,0.995,0.9927,0.9906,1.207,1.2066,1.2059,1.2047,1.2026,1.1996,1.1951,1.1884,1.1773,1.1571,1.1205,1.0583,0.9572,0.7997,0.5832,0.383,0.3532,0.496,0.6673,0.7952,0.8778,0.9292,0.9608,0.98,0.9914,0.9977,1.0006,1.0013,1.0004,0.9985,0.996,0.9931,0.9901,0.9871,0.9845,0.9822,1.2119,1.2121,1.212,1.2115,1.2104,1.2082,1.2048,1.2003,1.1938,1.1797,1.1487,1.0897,0.9869,0.8132,0.5447,0.264,0.2293,0.4424,0.6608,0.8041,0.8886,0.9377,0.9663,0.9827,0.9918,0.9963,0.9977,0.9971,0.9951,0.9922,0.9888,0.9852,0.9815,0.9781,0.9751,0.9725,1.2165,1.2171,1.2176,1.2179,1.2175,1.2157,1.2116,1.2058,1.2025,1.1988,1.1794,1.133,1.0477,0.9024,0.678,0.4403,0.3996,0.5639,0.7374,0.8511,0.9172,0.9547,0.9757,0.9871,0.9927,0.9946,0.9941,0.9921,0.9888,0.9849,0.9805,0.976,0.9716,0.9676,0.9642,0.9614,1.2205,1.2215,1.2225,1.2234,1.224,1.2231,1.2175,1.205,1.1989,1.2106,1.2095,1.1814,1.1239,1.03,0.8983,0.7683,0.726,0.7816,0.8598,0.9183,0.9543,0.9748,0.9858,0.991,0.9925,0.9918,0.9894,0.9857,0.9812,0.9761,0.9706,0.9651,0.9599,0.9553,0.9514,0.9485,1.2239,1.2249,1.2261,1.2276,1.2296,1.2315,1.2302,1.2209,1.217,1.2377,1.2473,1.2325,1.198,1.1448,1.0753,1.0056,0.9629,0.9552,0.9657,0.978,0.9865,0.991,0.9924,0.9918,0.9898,0.9867,0.9826,0.9776,0.9719,0.9655,0.9588,0.9522,0.9461,0.9407,0.9364,0.9334,1.2266,1.2273,1.228,1.2293,1.2321,1.2377,1.2477,1.2624,1.2834,1.3029,1.3014,1.2851,1.2625,1.2319,1.1896,1.1388,1.0898,1.0518,1.0269,1.0122,1.0033,0.997,0.9919,0.9873,0.9829,0.9784,0.9733,0.9674,0.9605,0.9528,0.9447,0.9368,0.9295,0.9233,0.9186,0.9155,1.2286,1.2285,1.228,1.2274,1.2281,1.2332,1.251,1.2963,1.3733,1.407,1.366,1.3327,1.316,1.2984,1.266,1.2135,1.1478,1.0849,1.0394,1.0136,0.9991,0.9891,0.9813,0.9754,0.9706,0.9662,0.9611,0.9546,0.9467,0.9376,0.9278,0.9182,0.9094,0.9022,0.8971,0.8943,1.2302,1.229,1.2265,1.2222,1.2161,1.2105,1.2161,1.2749,1.4689,1.5575,1.4146,1.3658,1.3593,1.3538,1.3261,1.2601,1.1596,1.0553,0.9947,0.9782,0.9725,0.9653,0.9586,0.9543,0.952,0.9497,0.9459,0.9396,0.9307,0.9197,0.9075,0.8955,0.8847,0.8763,0.8709,0.8687,1.232,1.2298,1.225,1.2163,1.2009,1.1751,1.1368,1.1222,1.3011,1.4467,1.3915,1.3845,1.3936,1.3956,1.3759,1.2926,1.1295,0.9262,0.8639,0.9075,0.9271,0.9244,0.9206,0.922,0.9263,0.9293,0.9284,0.9228,0.9125,0.8987,0.883,0.8674,0.8539,0.844,0.8385,0.8375,1.2344,1.2317,1.2257,1.2142,1.1928,1.1529,1.0816,0.9935,1.0843,1.2757,1.3634,1.4043,1.4269,1.4108,1.4008,1.3127,1.0948,0.7024,0.682,0.8419,0.8688,0.8578,0.8596,0.8755,0.8939,0.9065,0.9105,0.9056,0.8929,0.8745,0.8531,0.8321,0.8145,0.8028,0.7978,0.7992,1.2378,1.2354,1.23,1.2192,1.1994,1.1645,1.1092,1.0511,1.1089,1.2733,1.3751,1.4174,1.4441,1.6533,1.4519,1.3287,1.1729,0.8871,0.8,0.8302,0.7682,0.7304,0.759,0.8125,0.858,0.8856,0.8955,0.8903,0.8728,0.8466,0.816,0.7862,0.7626,0.7489,0.7459,0.752,1.2422,1.241,1.2376,1.2307,1.2186,1.2002,1.1793,1.177,1.236,1.338,1.4068,1.4318,1.4783,1.4998,1.4535,1.33,1.2848,1.1404,0.9606,0.751,0.4949,0.458,0.6029,0.7412,0.8288,0.8743,0.8891,0.8805,0.854,0.8145,0.7685,0.7245,0.692,0.6769,0.6791,0.694,1.2471,1.2477,1.2472,1.2453,1.2422,1.2396,1.2435,1.2666,1.3213,1.399,1.4678,1.412,1.4508,1.4952,1.4443,1.3436,1.2858,1.1895,0.9909,0.5574,-0.1018,0.0115,0.4431,0.6976,0.8253,0.8843,0.8995,0.8818,0.8389,0.7775,0.7059,0.6385,0.593,0.5792,0.5933,0.6241,1.2521,1.2546,1.2569,1.2595,1.2632,1.2704,1.2855,1.3141,1.3597,1.4174,1.4668,1.466,1.601,1.6716,1.4923,1.3855,1.3032,1.2198,1.0897,0.6498,-0.1652,-0.0147,0.4701,0.7337,0.8653,0.9291,0.9395,0.9017,0.8302,0.7348,0.6224,0.5162,0.4526,0.4484,0.4876,0.5447,1.2565,1.2606,1.2652,1.2709,1.2788,1.2906,1.3088,1.3355,1.3709,1.4108,1.4474,1.4974,1.641,1.6737,1.5205,1.4469,1.3524,1.2826,1.2827,1.0627,0.6615,0.5592,0.7016,0.8388,0.9428,1.0231,1.0311,0.9474,0.8272,0.6867,0.5164,0.3498,0.265,0.2882,0.3712,0.4653,1.26,1.2652,1.2714,1.2789,1.2887,1.3019,1.3196,1.3426,1.3703,1.4007,1.433,1.4737,1.5226,1.5331,1.5479,1.563,1.4143,1.3312,1.3328,1.3436,1.1313,0.9528,0.91,0.9354,1.0142,1.1649,1.1924,0.9938,0.8092,0.6365,0.4109,0.1731,0.0719,0.1401,0.2751,0.4051,1.2624,1.2683,1.2752,1.2835,1.2938,1.3067,1.3226,1.3418,1.3636,1.3872,1.4119,1.4376,1.4609,1.4801,1.5223,1.5294,1.4268,1.3955,1.5584,1.6505,1.3368,1.12,1.0186,0.9761,0.9971,1.1594,1.1964,0.8821,0.7266,0.5919,0.3685,0.1079,0.003,0.0908,0.2445,0.3858,1.2635,1.2696,1.2768,1.2851,1.295,1.3068,1.3206,1.3363,1.3534,1.3712,1.3889,1.4055,1.4198,1.4329,1.445,1.4338,1.3948,1.3923,1.4714,1.4848,1.3081,1.1504,1.0611,0.9801,0.8819,0.7356,0.441,0.4691,0.5786,0.56,0.4148,0.2192,0.1256,0.1781,0.2957,0.4143,1.2634,1.2695,1.2764,1.2843,1.2934,1.3037,1.3153,1.3279,1.341,1.3541,1.3664,1.3769,1.3849,1.3895,1.3882,1.3755,1.3551,1.3451,1.3467,1.3115,1.2132,1.1279,1.0914,1.0026,0.8164,0.4935,0.1449,0.2772,0.493,0.5524,0.4918,0.3828,0.3155,0.3291,0.3952,0.4761,1.2622,1.2681,1.2745,1.2817,1.2897,1.2985,1.308,1.3179,1.3277,1.337,1.3451,1.3511,1.3543,1.3536,1.3474,1.3345,1.3167,1.2976,1.273,1.2276,1.1606,1.1175,1.1144,1.0335,0.8481,0.5972,0.4046,0.4254,0.5308,0.5811,0.5628,0.5107,0.4704,0.4683,0.5001,0.5491,1.2601,1.2655,1.2714,1.2778,1.2846,1.2919,1.2995,1.307,1.3142,1.3205,1.3253,1.3279,1.3278,1.3239,1.3154,1.3019,1.2836,1.2606,1.2303,1.1891,1.1423,1.1109,1.0914,1.0243,0.8933,0.7376,0.6229,0.5946,0.6179,0.6358,0.6276,0.6023,0.58,0.5751,0.5899,0.6184]}]