docs/data/wind_grid.json
{"header": {"la1":42.1,"la2":41.55,"lo1":12.1,"lo2":12.95,"nx":50,"ny":50,"dx":0.01735,"dy":0.01122,"parameterCategory":2,"parameterNumber":2,"parameterNumberName":"eastward_wind","parameterUnit":"m.s-1"}, "data":
[rows 0 to 39 of 50, columns 0 to 49 of 50]
0.5366,0.7339,0.9208,1.0609,1.1192,1.0785,0.949,0.7612,0.5506,0.3452,0.1614,0.0058,-0.1211,-0.222,-0.3008,-0.3612,-0.4069,-0.4409,-0.4656,-0.4834,-0.4968,-0.5082,-0.5204,-0.5361,-0.5575,-0.5858,-0.6219,-0.6659,-0.7176,-0.7771,-0.8442,-0.9187,-1.0,-1.0874,-1.1791,-1.2728,-1.3649,-1.4515,-1.5279,-1.5904,-1.6361,-1.6638,-1.674,-1.6687,-1.6506,-1.6229,-1.5885,-1.55,-1.5095,-1.4684
0.481,0.683,0.8759,1.0208,1.081,1.0396,0.9087,0.7204,0.511,0.308,0.1274,-0.0244,-0.1475,-0.2446,-0.3197,-0.3765,-0.4186,-0.449,-0.47,-0.4841,-0.4935,-0.5011,-0.5101,-0.5237,-0.5441,-0.573,-0.6107,-0.6571,-0.7119,-0.7752,-0.8467,-0.9265,-1.0143,-1.1091,-1.2095,-1.3127,-1.4149,-1.5109,-1.5956,-1.6638,-1.7122,-1.7395,-1.7464,-1.7358,-1.7111,-1.6763,-1.6349,-1.5898,-1.5432,-1.4969
0.399,0.599,0.7913,0.9358,0.996,0.9568,0.831,0.6505,0.45,0.2559,0.0834,-0.0615,-0.1785,-0.2702,-0.3404,-0.3929,-0.4309,-0.4573,-0.4743,-0.4841,-0.4891,-0.4924,-0.4978,-0.509,-0.5289,-0.5586,-0.5983,-0.6475,-0.7057,-0.7729,-0.8491,-0.9344,-1.0288,-1.1317,-1.2415,-1.3553,-1.4687,-1.5756,-1.6696,-1.7443,-1.7956,-1.8219,-1.8246,-1.8074,-1.7748,-1.7318,-1.6823,-1.6299,-1.5769,-1.5249
0.2918,0.4834,0.6687,0.8085,0.8681,0.8346,0.7206,0.5556,0.371,0.1913,0.0309,-0.104,-0.213,-0.2981,-0.3627,-0.4102,-0.4437,-0.4657,-0.4783,-0.4835,-0.4836,-0.4821,-0.4834,-0.4922,-0.5118,-0.5429,-0.5852,-0.6376,-0.6994,-0.7706,-0.8515,-0.9424,-1.0436,-1.1548,-1.2747,-1.4001,-1.5261,-1.6456,-1.7502,-1.8322,-1.8864,-1.911,-1.9083,-1.883,-1.8412,-1.7886,-1.7303,-1.6698,-1.6098,-1.552
0.1633,0.3415,0.5156,0.6481,0.7078,0.6835,0.5867,0.4427,0.2791,0.1179,-0.0274,-0.1504,-0.25,-0.3276,-0.3861,-0.4283,-0.4569,-0.4744,-0.4823,-0.4826,-0.4773,-0.4703,-0.4671,-0.4736,-0.4933,-0.5266,-0.5719,-0.6278,-0.6934,-0.7686,-0.854,-0.9504,-1.0584,-1.1782,-1.3086,-1.4468,-1.5868,-1.7204,-1.8372,-1.9275,-1.9846,-2.0067,-1.9971,-1.9622,-1.9095,-1.8462,-1.778,-1.7089,-1.6416,-1.5776
0.0199,0.1819,0.3431,0.4684,0.5297,0.5173,0.4406,0.3205,0.1804,0.0396,-0.089,-0.199,-0.2885,-0.3582,-0.4102,-0.4469,-0.4706,-0.4833,-0.4865,-0.4816,-0.4705,-0.4576,-0.4495,-0.4538,-0.4744,-0.5105,-0.5595,-0.619,-0.6881,-0.7671,-0.8568,-0.9584,-1.073,-1.2013,-1.3427,-1.4943,-1.6498,-1.7992,-1.9298,-2.0294,-2.0894,-2.1081,-2.09,-2.0436,-1.9785,-1.9033,-1.8245,-1.7463,-1.6714,-1.6014
-0.13,0.0155,0.1644,0.284,0.3486,0.3493,0.2932,0.1971,0.0805,-0.0395,-0.1513,-0.2481,-0.3274,-0.3892,-0.4347,-0.466,-0.4849,-0.4929,-0.4913,-0.4812,-0.4643,-0.445,-0.4319,-0.4344,-0.4566,-0.4963,-0.5489,-0.6119,-0.6843,-0.7666,-0.8601,-0.9663,-1.0871,-1.2236,-1.3758,-1.5414,-1.7134,-1.8804,-2.0266,-2.1365,-2.1994,-2.2135,-2.1851,-2.1255,-2.0466,-1.9586,-1.8685,-1.7811,-1.6987,-1.6226
-0.2775,-0.147,-0.0081,0.1079,0.1769,0.1902,0.153,0.079,-0.0157,-0.1163,-0.212,-0.2962,-0.3658,-0.42,-0.4596,-0.4857,-0.4999,-0.5035,-0.4973,-0.4822,-0.4598,-0.4347,-0.4168,-0.4181,-0.4425,-0.4856,-0.5416,-0.6073,-0.6823,-0.7673,-0.8639,-0.9741,-1.1002,-1.2441,-1.4068,-1.5862,-1.7756,-1.9615,-2.1249,-2.2461,-2.3118,-2.3201,-2.2799,-2.2055,-2.1118,-2.0103,-1.9088,-1.8121,-1.7224,-1.6406
-0.414,-0.2958,-0.1645,-0.0508,0.0225,0.0467,0.0257,-0.0294,-0.105,-0.1884,-0.2696,-0.3422,-0.4029,-0.4503,-0.4845,-0.5061,-0.5161,-0.5154,-0.5049,-0.4856,-0.4588,-0.4291,-0.4078,-0.4084,-0.4349,-0.4806,-0.5386,-0.606,-0.6825,-0.7693,-0.8682,-0.9815,-1.1119,-1.2621,-1.434,-1.6267,-1.8333,-2.0389,-2.2207,-2.3541,-2.4224,-2.4239,-2.3705,-2.2804,-2.1713,-2.0563,-1.9438,-1.8383,-1.7419,-1.6549
-0.5324,-0.424,-0.2987,-0.1869,-0.1104,-0.0778,-0.0861,-0.1259,-0.1856,-0.2542,-0.3228,-0.3853,-0.4381,-0.4797,-0.5094,-0.5273,-0.5336,-0.5291,-0.5147,-0.4919,-0.4625,-0.4309,-0.4084,-0.4091,-0.4363,-0.4824,-0.5405,-0.608,-0.6851,-0.7728,-0.8732,-0.9884,-1.1217,-1.2765,-1.4559,-1.66,-1.8827,-2.1077,-2.3083,-2.4542,-2.5251,-2.5193,-2.4521,-2.3462,-2.2221,-2.0944,-1.9718,-1.8585,-1.7562,-1.6647
-0.6275,-0.5272,-0.4077,-0.2985,-0.2209,-0.1829,-0.1819,-0.2099,-0.2569,-0.3132,-0.3711,-0.4248,-0.4711,-0.5079,-0.5343,-0.5495,-0.553,-0.5449,-0.5267,-0.5009,-0.4707,-0.4406,-0.4199,-0.421,-0.4468,-0.4906,-0.5468,-0.6131,-0.6898,-0.7777,-0.8785,-0.9947,-1.1293,-1.2866,-1.4707,-1.6834,-1.9195,-2.1621,-2.3804,-2.5387,-2.612,-2.599,-2.5189,-2.3983,-2.2608,-2.1222,-1.9911,-1.8715,-1.7645,-1.6697
-0.697,-0.6041,-0.4911,-0.3865,-0.3102,-0.2696,-0.2625,-0.2818,-0.3189,-0.3653,-0.4142,-0.4606,-0.5014,-0.5346,-0.5589,-0.5727,-0.5744,-0.5631,-0.5407,-0.5117,-0.4815,-0.455,-0.4386,-0.4404,-0.4632,-0.5032,-0.5561,-0.6205,-0.6961,-0.7836,-0.8843,-1.0001,-1.1344,-1.2917,-1.4772,-1.6943,-1.9395,-2.1957,-2.4291,-2.5982,-2.6741,-2.6553,-2.5644,-2.4322,-2.2844,-2.1376,-2.0004,-1.8764,-1.7663,-1.6692
-0.7411,-0.6557,-0.5508,-0.4531,-0.3807,-0.3402,-0.3297,-0.3429,-0.3723,-0.4107,-0.4521,-0.4924,-0.5287,-0.5595,-0.583,-0.597,-0.5982,-0.5839,-0.5562,-0.5222,-0.4907,-0.4675,-0.456,-0.4595,-0.4801,-0.5164,-0.5664,-0.6288,-0.7034,-0.7903,-0.8903,-1.0048,-1.137,-1.2915,-1.4745,-1.691,-1.9393,-2.203,-2.4465,-2.6239,-2.7024,-2.6803,-2.583,-2.4438,-2.29,-2.1388,-1.9985,-1.8724,-1.7609,-1.6631
-0.7622,-0.6851,-0.5903,-0.5015,-0.4352,-0.397,-0.3853,-0.3945,-0.4182,-0.4501,-0.4853,-0.5203,-0.5529,-0.5819,-0.6058,-0.6218,-0.6243,-0.6075,-0.5725,-0.5304,-0.4941,-0.4713,-0.4637,-0.4705,-0.4917,-0.5269,-0.5756,-0.6372,-0.7112,-0.7977,-0.8966,-1.0091,-1.1374,-1.2863,-1.4627,-1.6728,-1.917,-2.1804,-2.4271,-2.6088,-2.69,-2.6684,-2.5703,-2.4302,-2.276,-2.1247,-1.9847,-1.8592,-1.7483,-1.6511
-0.7649,-0.6968,-0.6135,-0.5355,-0.4769,-0.4427,-0.4314,-0.4382,-0.4575,-0.4841,-0.5141,-0.5444,-0.5738,-0.6014,-0.6265,-0.6461,-0.6521,-0.6334,-0.5888,-0.5342,-0.4884,-0.4618,-0.4566,-0.4691,-0.4949,-0.5328,-0.5827,-0.6448,-0.7192,-0.8056,-0.9036,-1.0133,-1.1364,-1.2772,-1.4428,-1.6407,-1.8732,-2.1276,-2.3693,-2.5504,-2.6343,-2.6175,-2.5251,-2.3908,-2.2419,-2.0953,-1.9591,-1.8367,-1.7284,-1.6333
-0.7545,-0.6959,-0.6248,-0.5585,-0.5087,-0.4795,-0.4697,-0.4752,-0.4913,-0.5137,-0.539,-0.5651,-0.5912,-0.6172,-0.6435,-0.6676,-0.6789,-0.6595,-0.6034,-0.5321,-0.4714,-0.4369,-0.434,-0.4553,-0.49,-0.5339,-0.5873,-0.6516,-0.7273,-0.8143,-0.9115,-1.0182,-1.135,-1.2655,-1.4168,-1.5974,-1.8112,-2.0481,-2.277,-2.4522,-2.5383,-2.53,-2.4492,-2.327,-2.1889,-2.0512,-1.9223,-1.8054,-1.7015,-1.6098
-0.7364,-0.6873,-0.6285,-0.574,-0.5332,-0.5096,-0.502,-0.507,-0.5208,-0.5396,-0.5608,-0.5828,-0.6053,-0.6291,-0.6553,-0.6826,-0.6995,-0.6804,-0.613,-0.523,-0.4435,-0.3977,-0.3985,-0.4329,-0.4799,-0.5319,-0.5904,-0.6579,-0.7359,-0.8241,-0.9211,-1.0248,-1.1347,-1.2534,-1.3877,-1.5468,-1.7364,-1.9492,-2.1584,-2.3232,-2.4104,-2.4128,-2.3481,-2.2427,-2.1197,-1.9944,-1.8753,-1.7661,-1.6681,-1.5811
-0.7151,-0.675,-0.628,-0.5847,-0.5527,-0.5347,-0.5296,-0.5348,-0.5467,-0.5626,-0.5801,-0.5981,-0.6167,-0.637,-0.6608,-0.6878,-0.7066,-0.6876,-0.6127,-0.5082,-0.4096,-0.3505,-0.3576,-0.4088,-0.4691,-0.5295,-0.5932,-0.6644,-0.7452,-0.8355,-0.9329,-1.0342,-1.1372,-1.2432,-1.3588,-1.4938,-1.6556,-1.8401,-2.0251,-2.1758,-2.2624,-2.276,-2.2291,-2.143,-2.0377,-1.9271,-1.8198,-1.7198,-1.629,-1.5476
-0.6942,-0.6624,-0.6259,-0.5929,-0.569,-0.5563,-0.5539,-0.5594,-0.5701,-0.5835,-0.5977,-0.6119,-0.6263,-0.6419,-0.6608,-0.6827,-0.6971,-0.6761,-0.6009,-0.4928,-0.3823,-0.3102,-0.3247,-0.3923,-0.4631,-0.5293,-0.5971,-0.6718,-0.7558,-0.8489,-0.9478,-1.0476,-1.1441,-1.2375,-1.3337,-1.4435,-1.5761,-1.7303,-1.889,-2.0232,-2.1069,-2.1303,-2.1006,-2.0341,-1.9471,-1.8523,-1.7576,-1.6679,-1.5851,-1.51
-0.6758,-0.6514,-0.6241,-0.6,-0.5833,-0.5754,-0.5756,-0.5818,-0.5916,-0.603,-0.6144,-0.6251,-0.6352,-0.6456,-0.6577,-0.671,-0.6763,-0.6519,-0.5833,-0.4851,-0.3781,-0.3002,-0.3183,-0.393,-0.466,-0.5335,-0.6033,-0.6807,-0.7681,-0.8647,-0.9662,-1.0659,-1.1572,-1.2386,-1.3157,-1.4005,-1.504,-1.6281,-1.7601,-1.8765,-1.955,-1.9852,-1.9703,-1.9215,-1.852,-1.7726,-1.6908,-1.6115,-1.5371,-1.4689
-0.661,-0.643,-0.6235,-0.607,-0.5966,-0.593,-0.5956,-0.6026,-0.612,-0.6219,-0.6309,-0.6385,-0.6446,-0.6498,-0.655,-0.6589,-0.6547,-0.6276,-0.569,-0.4893,-0.4038,-0.338,-0.3516,-0.4146,-0.4785,-0.5424,-0.612,-0.6913,-0.7821,-0.8829,-0.9883,-1.0896,-1.1777,-1.2485,-1.3076,-1.3683,-1.444,-1.5394,-1.6455,-1.7435,-1.8145,-1.8479,-1.8439,-1.8099,-1.7558,-1.6906,-1.6212,-1.5521,-1.4862,-1.4249
-0.6502,-0.6377,-0.6248,-0.6146,-0.6094,-0.6097,-0.6145,-0.6225,-0.6317,-0.6405,-0.6478,-0.6528,-0.6556,-0.6564,-0.6555,-0.6517,-0.64,-0.6117,-0.5626,-0.5024,-0.4472,-0.4111,-0.4149,-0.45,-0.4977,-0.5549,-0.623,-0.7036,-0.7976,-0.903,-1.0137,-1.1187,-1.2057,-1.268,-1.3107,-1.3489,-1.3988,-1.4674,-1.5489,-1.6283,-1.6895,-1.7226,-1.7256,-1.7027,-1.6613,-1.6084,-1.5501,-1.4907,-1.433,-1.3786
-0.6433,-0.6354,-0.6279,-0.623,-0.6222,-0.6257,-0.6327,-0.6418,-0.6512,-0.6595,-0.6655,-0.6686,-0.6689,-0.6664,-0.661,-0.6516,-0.635,-0.6062,-0.5639,-0.5178,-0.4859,-0.4762,-0.473,-0.4843,-0.5181,-0.5694,-0.6357,-0.7171,-0.8139,-0.9242,-1.0411,-1.1516,-1.2399,-1.2962,-1.3246,-1.3424,-1.3686,-1.4124,-1.4708,-1.5316,-1.5815,-1.6111,-1.6172,-1.6019,-1.5701,-1.5274,-1.4789,-1.4283,-1.3783,-1.3307
-0.6397,-0.6357,-0.6326,-0.6321,-0.635,-0.6414,-0.6504,-0.6608,-0.6708,-0.6791,-0.6844,-0.6862,-0.6847,-0.6801,-0.6719,-0.6591,-0.6394,-0.6099,-0.571,-0.5312,-0.5067,-0.5035,-0.5012,-0.5075,-0.5362,-0.5844,-0.6495,-0.7313,-0.8303,-0.9449,-1.0681,-1.1852,-1.2769,-1.3296,-1.3463,-1.3463,-1.3512,-1.3725,-1.4093,-1.452,-1.4894,-1.513,-1.5191,-1.5081,-1.4832,-1.4486,-1.4083,-1.3655,-1.3227,-1.2814
-0.6388,-0.6382,-0.6388,-0.6418,-0.6478,-0.6568,-0.6679,-0.6797,-0.6908,-0.6994,-0.7045,-0.7056,-0.703,-0.6971,-0.6878,-0.6733,-0.6517,-0.6212,-0.5827,-0.5433,-0.5153,-0.5063,-0.5084,-0.5216,-0.552,-0.5997,-0.6639,-0.7455,-0.8456,-0.9632,-1.0916,-1.2149,-1.3109,-1.3623,-1.3704,-1.3558,-1.3425,-1.3439,-1.361,-1.3865,-1.4109,-1.4269,-1.4305,-1.4212,-1.4008,-1.3723,-1.3387,-1.3028,-1.2665,-1.2313
-0.6402,-0.6423,-0.6459,-0.6519,-0.6606,-0.6719,-0.685,-0.6986,-0.7111,-0.7207,-0.726,-0.7266,-0.7231,-0.7168,-0.7075,-0.6931,-0.6707,-0.6388,-0.5993,-0.558,-0.525,-0.5103,-0.515,-0.5346,-0.568,-0.6157,-0.6787,-0.7591,-0.8587,-0.9771,-1.1081,-1.2355,-1.3351,-1.3866,-1.3896,-1.3647,-1.3371,-1.3219,-1.3217,-1.3312,-1.3429,-1.3504,-1.3499,-1.3403,-1.3225,-1.2984,-1.2704,-1.2404,-1.21,-1.1804
-0.6432,-0.6476,-0.6537,-0.6622,-0.6732,-0.6867,-0.7018,-0.7174,-0.7318,-0.7429,-0.7488,-0.7488,-0.7443,-0.7377,-0.7296,-0.7168,-0.6947,-0.6617,-0.6208,-0.5782,-0.5432,-0.526,-0.5305,-0.5519,-0.5861,-0.6328,-0.6938,-0.7716,-0.8687,-0.9851,-1.1149,-1.2425,-1.3433,-1.3956,-1.3969,-1.3666,-1.3294,-1.3015,-1.2869,-1.2823,-1.2821,-1.2809,-1.2753,-1.2641,-1.2475,-1.2266,-1.2031,-1.1782,-1.1533,-1.1291
-0.6473,-0.6537,-0.6618,-0.6723,-0.6854,-0.7008,-0.718,-0.7358,-0.7526,-0.7658,-0.7729,-0.7722,-0.7657,-0.7583,-0.7521,-0.7425,-0.7219,-0.6882,-0.6465,-0.6042,-0.5698,-0.5522,-0.5549,-0.5746,-0.607,-0.6512,-0.7088,-0.7826,-0.875,-0.9862,-1.1109,-1.2341,-1.3326,-1.3851,-1.3877,-1.3567,-1.315,-1.2785,-1.2526,-1.2362,-1.2252,-1.2157,-1.2048,-1.1912,-1.1749,-1.1563,-1.1366,-1.1164,-1.0965,-1.0774
-0.6521,-0.6601,-0.67,-0.6822,-0.6969,-0.7141,-0.7333,-0.7535,-0.7731,-0.7893,-0.7981,-0.7965,-0.7866,-0.7768,-0.7725,-0.7673,-0.7491,-0.7155,-0.6739,-0.6333,-0.6013,-0.5842,-0.5849,-0.6013,-0.63,-0.6702,-0.7233,-0.7917,-0.8776,-0.9809,-1.0967,-1.2114,-1.3042,-1.3557,-1.3612,-1.3331,-1.291,-1.2497,-1.2158,-1.1898,-1.1696,-1.1524,-1.1362,-1.12,-1.1035,-1.0868,-1.0704,-1.0545,-1.0394,-1.0253
-0.6574,-0.6666,-0.6778,-0.6914,-0.7075,-0.7262,-0.7473,-0.77,-0.7927,-0.8125,-0.8242,-0.822,-0.8069,-0.792,-0.7885,-0.7879,-0.7726,-0.7399,-0.6999,-0.6626,-0.6339,-0.6181,-0.617,-0.6296,-0.6538,-0.6892,-0.7368,-0.7987,-0.8766,-0.9702,-1.0744,-1.1776,-1.262,-1.3111,-1.3197,-1.2964,-1.2566,-1.2136,-1.1743,-1.1408,-1.1127,-1.0887,-1.0677,-1.049,-1.0323,-1.0173,-1.0041,-0.9924,-0.9821,-0.9729
-0.6627,-0.6729,-0.6852,-0.6998,-0.717,-0.737,-0.7595,-0.7844,-0.8102,-0.8341,-0.8499,-0.8483,-0.8268,-0.8035,-0.7983,-0.8009,-0.7885,-0.7582,-0.7221,-0.6897,-0.6653,-0.6514,-0.649,-0.6579,-0.6774,-0.7073,-0.7489,-0.8037,-0.8728,-0.9554,-1.0469,-1.137,-1.2114,-1.2566,-1.2672,-1.2488,-1.2125,-1.1695,-1.1266,-1.0874,-1.0528,-1.0229,-0.9977,-0.9768,-0.9601,-0.9471,-0.9372,-0.9298,-0.9243,-0.9202
-0.6679,-0.6789,-0.6919,-0.7073,-0.7252,-0.746,-0.7696,-0.796,-0.8244,-0.852,-0.8724,-0.873,-0.8459,-0.8122,-0.8023,-0.8053,-0.7953,-0.7695,-0.7394,-0.7136,-0.6946,-0.6831,-0.6798,-0.6853,-0.6999,-0.7242,-0.7595,-0.8068,-0.8668,-0.9382,-1.0166,-1.0935,-1.1572,-1.1971,-1.2082,-1.1933,-1.1602,-1.1177,-1.0724,-1.0284,-0.9883,-0.9534,-0.9246,-0.9023,-0.8861,-0.8754,-0.8692,-0.8665,-0.8661,-0.8672
-0.6729,-0.6844,-0.6979,-0.7137,-0.732,-0.7531,-0.7772,-0.8043,-0.8339,-0.8638,-0.8873,-0.8905,-0.8609,-0.8197,-0.8034,-0.8033,-0.7951,-0.7751,-0.753,-0.735,-0.7219,-0.7132,-0.7091,-0.7111,-0.7209,-0.7396,-0.7685,-0.8084,-0.8593,-0.9198,-0.9856,-1.0497,-1.1029,-1.1365,-1.1462,-1.1328,-1.1016,-1.0591,-1.0114,-0.9632,-0.9182,-0.879,-0.8474,-0.8243,-0.8094,-0.8018,-0.8,-0.8024,-0.8075,-0.814
-0.6774,-0.6893,-0.7031,-0.7189,-0.7373,-0.7582,-0.7821,-0.8089,-0.8382,-0.8678,-0.8914,-0.8952,-0.8669,-0.8253,-0.8043,-0.7997,-0.7923,-0.7785,-0.7649,-0.7553,-0.7485,-0.7423,-0.7371,-0.7354,-0.7402,-0.7533,-0.776,-0.8087,-0.851,-0.9012,-0.9553,-1.0075,-1.0504,-1.0771,-1.0836,-1.0697,-1.0384,-0.9948,-0.9441,-0.8915,-0.8418,-0.7988,-0.7652,-0.7422,-0.7296,-0.726,-0.7293,-0.7374,-0.7484,-0.7608
-0.6816,-0.6936,-0.7074,-0.7231,-0.7411,-0.7615,-0.7845,-0.81,-0.8374,-0.8644,-0.8849,-0.8873,-0.8628,-0.8271,-0.8055,-0.7973,-0.7905,-0.7826,-0.7775,-0.7763,-0.7754,-0.771,-0.7639,-0.7581,-0.7578,-0.7654,-0.7821,-0.808,-0.8423,-0.8829,-0.9265,-0.9678,-1.0009,-1.0202,-1.0221,-1.0055,-0.9722,-0.9256,-0.8709,-0.8134,-0.7589,-0.7124,-0.6774,-0.6556,-0.6463,-0.6478,-0.6572,-0.6718,-0.6893,-0.7077
-0.6852,-0.6972,-0.7108,-0.7262,-0.7436,-0.763,-0.7846,-0.8081,-0.8325,-0.8555,-0.8716,-0.872,-0.8527,-0.8251,-0.8059,-0.7966,-0.7913,-0.7889,-0.7919,-0.7989,-0.8032,-0.7996,-0.7896,-0.7791,-0.7735,-0.7759,-0.7869,-0.8065,-0.8334,-0.8655,-0.8995,-0.9309,-0.9548,-0.9665,-0.9625,-0.9415,-0.904,-0.8528,-0.7926,-0.7292,-0.6695,-0.6197,-0.5841,-0.5644,-0.5598,-0.5675,-0.584,-0.6059,-0.6303,-0.6552
-0.6884,-0.7002,-0.7135,-0.7283,-0.7448,-0.7631,-0.7829,-0.804,-0.825,-0.8438,-0.8557,-0.8551,-0.8407,-0.8206,-0.8052,-0.797,-0.7943,-0.7975,-0.8083,-0.8227,-0.8312,-0.827,-0.8132,-0.7978,-0.7873,-0.7848,-0.7907,-0.8045,-0.8247,-0.8491,-0.8744,-0.8969,-0.9121,-0.916,-0.9054,-0.8783,-0.835,-0.7774,-0.7102,-0.6398,-0.5744,-0.5213,-0.4858,-0.4695,-0.4707,-0.4858,-0.5103,-0.5402,-0.572,-0.6036
-0.6911,-0.7026,-0.7154,-0.7296,-0.7451,-0.762,-0.78,-0.7985,-0.8163,-0.8312,-0.84,-0.8392,-0.8291,-0.815,-0.8037,-0.798,-0.7986,-0.8072,-0.8247,-0.8454,-0.8568,-0.8511,-0.8334,-0.8136,-0.7988,-0.792,-0.7934,-0.8021,-0.8162,-0.8336,-0.8512,-0.8655,-0.8726,-0.8688,-0.8508,-0.8167,-0.7661,-0.7006,-0.6249,-0.5466,-0.4749,-0.4186,-0.3838,-0.3719,-0.3802,-0.4038,-0.4372,-0.4755,-0.515,-0.5535
-0.6933,-0.7045,-0.7167,-0.7301,-0.7446,-0.7601,-0.7762,-0.7923,-0.8072,-0.8192,-0.8259,-0.8255,-0.8187,-0.8093,-0.8019,-0.7992,-0.8033,-0.8163,-0.8387,-0.8633,-0.876,-0.869,-0.8485,-0.8256,-0.8077,-0.7975,-0.7951,-0.7992,-0.808,-0.8191,-0.8298,-0.8366,-0.8361,-0.8247,-0.7991,-0.7573,-0.6983,-0.6237,-0.5386,-0.4514,-0.373,-0.3138,-0.2803,-0.2737,-0.2901,-0.323,-0.3658,-0.4128,-0.4602,-0.5055
-0.6951,-0.7059,-0.7175,-0.7301,-0.7436,-0.7576,-0.7719,-0.7859,-0.7985,-0.8083,-0.8138,-0.814,-0.8099,-0.8041,-0.7999,-0.8002,-0.8071,-0.8232,-0.8478,-0.8734,-0.8861,-0.8787,-0.8574,-0.8333,-0.8137,-0.8012,-0.7956,-0.7958,-0.7999,-0.8055,-0.8099,-0.81,-0.8024,-0.7836,-0.7505,-0.7005,-0.6327,-0.5485,-0.4534,-0.357,-0.2718,-0.2098,-0.1784,-0.1778,-0.2028,-0.2453,-0.2976,-0.3534,-0.4084,-0.4602
