docs/data/wind_grid.json
[{"header":{"la1":42.85,"la2":41.18,"lo1":11.55,"lo2":14.05,"nx":36,"ny":24,"dx":0.07143,"dy":0.07261,"parameterCategory":2,"parameterNumber":2,"parameterNumberName":"eastward_wind","parameterUnit":"m.s-1"},"data":[-0.9814,-0.9855,-0.9889,-0.9915,-0.9932,-0.9938,-0.993,-0.9904,-0.9859,-0.9794,-0.9714,-0.9622,-0.9525,-0.9422,-0.9308,-0.9171,-0.8991,-0.874,-0.8396,-0.796,-0.7477,-0.7027,-0.6687,-0.6478,-0.637,-0.631,-0.6259,-0.6198,-0.6122,-0.6034,-0.594,-0.5844,-0.5751,-0.5663,-0.5581,-0.5508,-0.9929,-0.9979,-1.0022,-1.0057,-1.0084,-1.0102,-1.0105,-1.0088,-1.0044,-0.9973,-0.9881,-0.9782,-0.9683,-0.9588,-0.9494,-0.9384,-0.9227,-0.8968,-0.8549,-0.7941,-0.7216,-0.6552,-0.6127,-0.597,-0.5975,-0.6022,-0.6044,-0.6025,-0.5968,-0.5888,-0.5795,-0.5699,-0.5605,-0.5516,-0.5436,-0.5364,-1.0047,-1.0107,-1.0159,-1.0204,-1.0244,-1.0278,-1.0301,-1.03,-1.0259,-1.0174,-1.0062,-0.9946,-0.9843,-0.9762,-0.9702,-0.965,-0.9562,-0.9347,-0.886,-0.7972,-0.6761,-0.5649,-0.5113,-0.5161,-0.544,-0.5685,-0.5816,-0.5846,-0.5807,-0.573,-0.5636,-0.5537,-0.5442,-0.5353,-0.5274,-0.5205,-1.0167,-1.0236,-1.0298,-1.0353,-1.0406,-1.0463,-1.0521,-1.0555,-1.0524,-1.0413,-1.0258,-1.0108,-0.9995,-0.9932,-0.9923,-0.9968,-1.0035,-1.0001,-0.9552,-0.825,-0.601,-0.3836,-0.3231,-0.3945,-0.4805,-0.5353,-0.5608,-0.5676,-0.5642,-0.5559,-0.5458,-0.5355,-0.5258,-0.517,-0.5095,-0.5031,-1.0286,-1.0368,-1.0439,-1.05,-1.0564,-1.0648,-1.0766,-1.088,-1.088,-1.0706,-1.0463,-1.0257,-1.0127,-1.0081,-1.0131,-1.0309,-1.0651,-1.1091,-1.1105,-0.9434,-0.5181,-0.0437,-0.0162,-0.2559,-0.4306,-0.5148,-0.5467,-0.5527,-0.5471,-0.5369,-0.5255,-0.5146,-0.5048,-0.4965,-0.4895,-0.4838,-1.0405,-1.05,-1.058,-1.0643,-1.0705,-1.0809,-1.1008,-1.1292,-1.1382,-1.1056,-1.0649,-1.037,-1.0221,-1.0191,-1.0293,-1.0595,-1.1274,-1.2604,-1.4177,-1.2829,-0.6255,0.1754,0.1476,-0.2341,-0.4404,-0.5198,-0.5415,-0.5391,-0.5279,-0.5144,-0.5015,-0.4902,-0.4808,-0.4732,-0.4672,-0.4625,-1.0516,-1.063,-1.0724,-1.0782,-1.0822,-1.0913,-1.1148,-1.161,-1.1843,-1.129,-1.0736,-1.0418,-1.0268,-1.0254,-1.0383,-1.0726,-1.1555,-1.3569,-1.7191,-1.6606,-1.0135,-0.4383,-0.3015,-0.4365,-0.5232,-0.5466,-0.5396,-0.5219,-0.5029,-0.486,-0.4723,-0.4615,-0.4532,-0.4469,-0.4424,-0.4392,-1.0611,-1.0745,-1.086,-1.0917,-1.0917,-1.0962,-1.1111,-1.1392,-1.1505,-1.1096,-1.0668,-1.0396,-1.0264,-1.0279,-1.0434,-1.072,-1.1321,-1.2729,-1.4838,-1.4498,-1.2612,-1.0668,-0.8112,-0.6796,-0.6158,-0.5678,-0.5263,-0.4925,-0.4671,-0.4489,-0.4362,-0.4274,-0.4215,-0.4175,-0.4151,-0.4139,-1.0676,-1.0818,-1.0946,-1.1006,-1.0978,-1.1008,-1.1069,-1.1094,-1.1005,-1.0789,-1.0548,-1.0329,-1.0204,-1.0278,-1.0574,-1.0825,-1.1014,-1.157,-1.2359,-1.3136,-1.5311,-1.4366,-1.0522,-0.7989,-0.6484,-0.5498,-0.4833,-0.4405,-0.4147,-0.4,-0.392,-0.3877,-0.3856,-0.3851,-0.3855,-0.3868,-1.0709,-1.084,-1.0939,-1.0982,-1.1003,-1.1096,-1.1177,-1.1094,-1.0805,-1.0582,-1.0468,-1.0241,-1.0047,-1.017,-1.099,-1.1493,-1.0996,-1.1118,-1.1512,-1.2297,-1.3953,-1.323,-1.0216,-0.77,-0.5905,-0.4677,-0.3933,-0.3559,-0.3413,-0.3381,-0.3395,-0.3426,-0.3462,-0.35,-0.354,-0.3582,-1.0721,-1.0846,-1.0929,-1.0937,-1.0983,-1.1247,-1.1494,-1.1404,-1.0601,-1.0178,-1.0456,-1.0144,-0.9716,-0.9599,-1.0582,-1.1426,-1.0938,-1.1377,-1.1614,-1.1379,-1.1158,-1.0284,-0.8412,-0.6262,-0.4338,-0.2996,-0.2389,-0.2312,-0.2457,-0.2643,-0.2807,-0.2939,-0.3044,-0.3133,-0.3211,-0.3285,-1.0721,-1.0854,-1.0949,-1.0964,-1.106,-1.1531,-1.2061,-1.2243,-1.1565,-1.0758,-1.0659,-1.0086,-0.9278,-0.8411,-0.8808,-0.9822,-1.096,-1.3334,-1.3766,-1.164,-0.9843,-0.8304,-0.6445,-0.4113,-0.1653,-0.0091,-0.0002,-0.0659,-0.1342,-0.1849,-0.2199,-0.2443,-0.2622,-0.2762,-0.2879,-0.2985,-1.0706,-1.0855,-1.0989,-1.1118,-1.1366,-1.1913,-1.2642,-1.2181,-1.3452,-1.194,-1.1038,-1.0098,-0.9296,-0.7902,-0.8097,-0.9003,-1.082,-1.8528,-1.8775,-1.2204,-0.8918,-0.68,-0.465,-0.1645,0.2282,0.4481,0.3191,0.1145,-0.0263,-0.1111,-0.1633,-0.1975,-0.2216,-0.2401,-0.2554,-0.2688,-1.0674,-1.084,-1.1016,-1.123,-1.1557,-1.2091,-1.2886,-1.413,-1.3765,-1.2561,-1.1755,-1.0104,-0.9429,-0.9214,-0.8779,-0.7693,-0.8676,-1.3459,-1.4529,-1.0254,-0.7193,-0.5171,-0.3169,0.0162,0.5672,0.8759,0.562,0.2327,0.047,-0.0553,-0.1166,-0.1566,-0.185,-0.2066,-0.2245,-0.2404,-1.0618,-1.0796,-1.0996,-1.1242,-1.157,-1.2014,-1.2556,-1.3039,-1.3203,-1.3527,-1.3946,-1.31,-1.1635,-1.1846,-0.9194,-0.7277,-0.674,-0.8471,-0.877,-0.6764,-0.4313,-0.3088,-0.2064,0.0316,0.4366,0.6727,0.4703,0.2242,0.0712,-0.0215,-0.082,-0.1238,-0.1542,-0.1774,-0.1967,-0.214,-1.0536,-1.0717,-1.0923,-1.1168,-1.1469,-1.1837,-1.2258,-1.273,-1.3458,-1.5213,-1.8804,-1.7456,-1.5165,-1.2359,-1.015,-0.8047,-0.6957,-0.6959,-0.5979,-0.3695,-0.0499,-0.0668,-0.1151,-0.0061,0.1792,0.2959,0.262,0.1654,0.0735,-0.0006,-0.0578,-0.1005,-0.1316,-0.1547,-0.1735,-0.1908,-1.0428,-1.0603,-1.0801,-1.1031,-1.1304,-1.1631,-1.2029,-1.2573,-1.3506,-1.5372,-1.8228,-1.707,-1.7523,-1.7674,-1.1488,-0.8464,-0.685,-0.5286,-0.3717,-0.212,0.0242,-0.0017,-0.0487,0.0135,0.1191,0.2009,0.2151,0.1665,0.0918,0.0191,-0.0426,-0.0904,-0.1225,-0.1422,-0.157,-0.1718,-1.0294,-1.0457,-1.0639,-1.0847,-1.109,-1.1381,-1.1745,-1.2243,-1.2983,-1.4028,-1.496,-1.5279,-1.7375,-1.7218,-1.0315,-0.7044,-0.5424,-0.3083,-0.1919,-0.0827,-0.0055,0.0098,0.0307,0.095,0.2063,0.3341,0.3611,0.2544,0.1324,0.0382,-0.0387,-0.1011,-0.1358,-0.1452,-0.149,-0.1576,-1.0137,-1.0283,-1.0443,-1.0624,-1.0831,-1.1073,-1.1369,-1.1741,-1.2207,-1.2714,-1.3086,-1.3231,-1.3127,-1.1038,-0.5626,-0.3726,-0.3993,-0.1591,0.0316,0.3947,0.2758,0.179,0.1733,0.2167,0.3456,0.6223,0.6832,0.3661,0.1572,0.05,-0.0427,-0.1347,-0.1759,-0.163,-0.1472,-0.1464,-0.9961,-1.0085,-1.022,-1.0368,-1.0532,-1.0716,-1.0925,-1.1159,-1.14,-1.1591,-1.1626,-1.137,-1.0538,-0.8508,-0.5294,-0.3971,-0.3104,0.066,0.902,1.2782,0.6215,0.4278,0.3989,0.3626,0.3829,0.6462,0.7151,0.2435,0.1023,0.0602,-0.0246,-0.1465,-0.199,-0.169,-0.1398,-0.1335,-0.977,-0.9871,-0.9977,-1.0089,-1.0206,-1.0328,-1.0451,-1.0563,-1.0638,-1.0625,-1.0446,-0.9989,-0.91,-0.7662,-0.5936,-0.4459,-0.2518,0.1079,0.6339,0.8504,0.7172,0.8055,0.8426,0.6154,0.3255,0.0435,-0.4222,-0.3041,0.0113,0.1224,0.0626,-0.064,-0.1332,-0.1281,-0.1139,-0.1145,-0.9567,-0.9643,-0.972,-0.9795,-0.9867,-0.993,-0.9976,-0.999,-0.9946,-0.9803,-0.9505,-0.8983,-0.8172,-0.7062,-0.5737,-0.4231,-0.227,0.0414,0.3446,0.5986,0.9531,1.6155,1.8083,1.114,0.3986,-0.252,-0.9263,-0.5056,0.2086,0.3664,0.2441,0.086,-0.0145,-0.0552,-0.0731,-0.0899,-0.9357,-0.9409,-0.9457,-0.9497,-0.9525,-0.9536,-0.9519,-0.9459,-0.9332,-0.9108,-0.8749,-0.8213,-0.747,-0.651,-0.5341,-0.393,-0.2173,0.0006,0.2601,0.6015,1.2197,2.2724,2.5762,1.5155,0.5886,0.016,-0.238,0.1974,0.8962,0.7883,0.4612,0.2288,0.0903,0.0134,-0.0321,-0.0654,-0.9144,-0.9173,-0.9193,-0.9201,-0.9192,-0.9158,-0.9091,-0.8975,-0.8793,-0.852,-0.8131,-0.7599,-0.6904,-0.6032,-0.497,-0.3684,-0.2119,-0.0203,0.2212,0.5591,1.0843,1.7411,1.8918,1.2889,0.6505,0.2764,0.2133,0.5544,0.9944,0.8669,0.5385,0.2998,0.1507,0.058,-0.0027,-0.0468]},{"header":{"la1":42.85,"la2":41.18,"lo1":11.55,"lo2":14.05,"nx":36,"ny":24,"dx":0.07143,"dy":0.07261,"parameterCategory":2,"parameterNumber":3,"parameterNumberName":"northward_wind","parameterUnit":"m.s-1"},"data":[0.0712,0.077,0.0874,0.1025,0.1216,0.1435,0.1664,0.1885,0.2085,0.2261,0.2418,0.2564,0.2705,0.2845,0.2987,0.313,0.3275,0.3424,0.3575,0.3722,0.3852,0.3942,0.3974,0.3942,0.3857,0.3737,0.3598,0.345,0.3302,0.3155,0.3013,0.2876,0.2745,0.2621,0.2505,0.2396,0.0423,0.0471,0.0584,0.0765,0.1009,0.1294,0.1591,0.1866,0.2097,0.2283,0.2436,0.2577,0.2717,0.2861,0.301,0.3166,0.3329,0.3502,0.369,0.3891,0.4083,0.4224,0.4268,0.4209,0.4074,0.39,0.3715,0.353,0.3351,0.3179,0.3016,0.2862,0.2716,0.2579,0.2452,0.2335,0.0066,0.009,0.0204,0.0424,0.0745,0.1137,0.1546,0.1909,0.2179,0.2357,0.2481,0.2597,0.2724,0.2866,0.3021,0.3186,0.3364,0.3561,0.3791,0.407,0.4379,0.4624,0.4688,0.4562,0.4332,0.4076,0.3829,0.3599,0.3386,0.3188,0.3004,0.2831,0.267,0.252,0.2382,0.2256,-0.038,-0.0408,-0.031,-0.0046,0.0389,0.0957,0.157,0.2097,0.2418,0.2535,0.2569,0.2623,0.2722,0.2855,0.3011,0.3182,0.3369,0.3577,0.3837,0.4219,0.4753,0.5235,0.5314,0.5015,0.4613,0.4242,0.3923,0.3647,0.34,0.3177,0.2971,0.2781,0.2604,0.2441,0.2292,0.2158,-0.0933,-0.1067,-0.1031,-0.0735,-0.0137,0.0721,0.1717,0.2598,0.3007,0.2911,0.2709,0.2641,0.2698,0.2817,0.2968,0.3142,0.3331,0.352,0.3743,0.4201,0.5126,0.6145,0.6167,0.5485,0.4843,0.4355,0.3974,0.3659,0.3384,0.3138,0.2913,0.2705,0.2513,0.2338,0.2178,0.2035,-0.1597,-0.1935,-0.2073,-0.18,-0.0987,0.0308,0.1963,0.3661,0.4303,0.3561,0.2846,0.2611,0.2634,0.2737,0.2871,0.3043,0.3243,0.3384,0.3398,0.3761,0.5084,0.6668,0.6592,0.5638,0.4895,0.4367,0.396,0.3624,0.3331,0.3067,0.2824,0.26,0.2393,0.2204,0.2034,0.1884,-0.2334,-0.3027,-0.3579,-0.3497,-0.2398,-0.0543,0.184,0.4734,0.5902,0.4005,0.2742,0.2466,0.2518,0.2596,0.2669,0.2825,0.3086,0.3263,0.3002,0.3168,0.4625,0.5703,0.5816,0.5299,0.474,0.4269,0.3877,0.3539,0.3237,0.2959,0.2701,0.2461,0.2238,0.2036,0.1855,0.1698,-0.3008,-0.4187,-0.5561,-0.6098,-0.4469,-0.1933,0.0557,0.3118,0.417,0.2838,0.2111,0.2185,0.2378,0.2373,0.2229,0.2302,0.2747,0.3227,0.3398,0.3906,0.5216,0.5597,0.5339,0.4943,0.451,0.4102,0.3737,0.3407,0.3102,0.2814,0.254,0.2282,0.2042,0.1825,0.1633,0.147,-0.3383,-0.4879,-0.7108,-0.8749,-0.6175,-0.3207,-0.1275,-0.0001,0.0485,0.0531,0.108,0.1887,0.2334,0.2081,0.119,0.0909,0.1969,0.3051,0.382,0.4939,0.6762,0.6501,0.539,0.474,0.4283,0.3899,0.3557,0.3239,0.2932,0.2632,0.2338,0.2057,0.1795,0.1561,0.1358,0.1191,-0.3315,-0.4595,-0.6187,-0.7069,-0.5432,-0.3764,-0.2771,-0.2429,-0.266,-0.2308,-0.0169,0.1789,0.2626,0.2034,-0.0976,-0.2708,0.0853,0.2815,0.3763,0.4799,0.6095,0.5995,0.51,0.4469,0.4025,0.3667,0.3349,0.3043,0.2732,0.2412,0.209,0.1776,0.1486,0.123,0.1016,0.0848,-0.2936,-0.3852,-0.4627,-0.484,-0.4687,-0.4135,-0.4205,-0.4533,-0.5376,-0.6075,-0.1142,0.2224,0.3479,0.3144,-0.0027,-0.2606,0.1427,0.2908,0.3427,0.4063,0.4682,0.4802,0.4487,0.4086,0.3721,0.3409,0.3128,0.2836,0.2511,0.2156,0.1786,0.1425,0.1094,0.081,0.0585,0.0422,-0.2433,-0.3167,-0.3907,-0.4531,-0.4482,-0.4574,-0.6236,-0.7865,-0.6143,-0.4439,0.0064,0.3445,0.463,0.4407,0.4101,0.3532,0.3536,0.2628,0.2381,0.3319,0.3946,0.4124,0.3998,0.3718,0.3409,0.3155,0.2929,0.2645,0.228,0.1858,0.1411,0.0976,0.0587,0.027,0.0037,-0.011,-0.1858,-0.2439,-0.3034,-0.3515,-0.3805,-0.4811,-0.7767,-1.1796,-0.8425,-0.2322,0.2342,0.5028,0.5968,0.474,0.5278,0.6223,0.5186,0.021,-0.0128,0.2817,0.3691,0.3836,0.3708,0.3437,0.3137,0.2964,0.2809,0.2493,0.2036,0.1498,0.093,0.0385,-0.0085,-0.0443,-0.0672,-0.0781,-0.124,-0.1659,-0.2074,-0.2457,-0.2938,-0.4041,-0.6278,-0.8738,-0.6466,0.0054,0.4517,0.5938,0.6584,1.2596,0.8449,0.8574,0.7887,0.3841,0.228,0.3467,0.3783,0.3726,0.3543,0.3263,0.2984,0.2917,0.2778,0.2347,0.1739,0.1031,0.0284,-0.0424,-0.1009,-0.1408,-0.1605,-0.1632,-0.0614,-0.0889,-0.1153,-0.1415,-0.1759,-0.2344,-0.3121,-0.3188,-0.067,0.3889,0.7345,0.8594,1.0121,1.35,0.9659,0.927,1.2519,0.7992,0.5263,0.4273,0.3785,0.3569,0.3416,0.3178,0.2952,0.2864,0.2633,0.2091,0.1324,0.0396,-0.0615,-0.1577,-0.2326,-0.2751,-0.2851,-0.2711,-0.0013,-0.0163,-0.0286,-0.0382,-0.0455,-0.0475,-0.0227,0.0839,0.3366,0.7303,1.1534,1.1622,1.0958,1.073,0.9643,0.9881,1.1283,0.8066,0.5537,0.4138,0.3225,0.3222,0.3275,0.3098,0.2887,0.269,0.2358,0.1734,0.0787,-0.0452,-0.1885,-0.3272,-0.4272,-0.4665,-0.4518,-0.4057,0.0545,0.0502,0.0503,0.0569,0.0731,0.107,0.1758,0.3064,0.5214,0.8198,1.121,1.1051,1.1615,1.1897,0.9466,0.8526,0.7762,0.5818,0.4076,0.3619,0.3084,0.3126,0.3157,0.2988,0.2839,0.2699,0.2341,0.1538,0.0254,-0.1496,-0.3653,-0.5823,-0.7226,-0.7405,-0.6691,-0.5652,0.1045,0.1087,0.1186,0.137,0.1676,0.2173,0.2958,0.4133,0.5723,0.7541,0.9025,0.9838,1.1375,1.154,0.8742,0.7433,0.6149,0.3254,0.0721,0.2855,0.3349,0.3211,0.2994,0.2829,0.2952,0.3338,0.3156,0.1837,-0.0125,-0.2645,-0.596,-0.9571,-1.1613,-1.1096,-0.9251,-0.7329,0.1479,0.1582,0.1748,0.2,0.237,0.2898,0.3628,0.4583,0.572,0.6892,0.7879,0.8607,0.9114,0.8701,0.7321,0.6883,0.5772,0.3434,0.206,0.3719,0.3606,0.3058,0.2609,0.2502,0.3176,0.5036,0.539,0.2517,-0.047,-0.3725,-0.8324,-1.4011,-1.6853,-1.4933,-1.1534,-0.8679,0.1845,0.1987,0.219,0.2471,0.2849,0.3346,0.3975,0.4726,0.5553,0.6363,0.7049,0.7529,0.7708,0.7441,0.6947,0.6657,0.5679,0.4584,0.5088,0.5697,0.3854,0.2484,0.1733,0.1699,0.2622,0.5132,0.5704,0.1707,-0.1359,-0.4569,-0.9319,-1.5797,-1.8965,-1.6329,-1.2336,-0.9191,0.2143,0.2307,0.2525,0.2807,0.3165,0.3606,0.4129,0.4717,0.533,0.591,0.639,0.6709,0.6814,0.6693,0.6428,0.6022,0.5333,0.469,0.4663,0.4488,0.2781,0.074,-0.0229,0.0114,0.0835,0.1057,-0.0366,-0.1194,-0.3077,-0.5489,-0.8585,-1.2865,-1.5328,-1.3991,-1.1218,-0.8713,0.238,0.2552,0.2769,0.3037,0.336,0.374,0.4169,0.4629,0.509,0.5513,0.5853,0.607,0.6137,0.6048,0.5816,0.5429,0.4887,0.43,0.373,0.2733,0.0443,-0.2958,-0.4063,-0.2156,-0.0887,-0.1148,-0.1938,-0.2811,-0.6178,-0.7639,-0.8192,-0.9644,-1.0874,-1.0585,-0.9226,-0.7641,0.2564,0.2734,0.294,0.3185,0.347,0.3791,0.414,0.4501,0.4851,0.5161,0.5403,0.5549,0.5579,0.5485,0.5262,0.4903,0.4409,0.3781,0.2924,0.1459,-0.1369,-0.5671,-0.683,-0.3709,-0.1956,-0.2048,-0.3083,-0.6593,-1.2207,-1.1229,-0.8898,-0.8228,-0.8309,-0.8115,-0.7426,-0.6474,0.2702,0.2864,0.3055,0.3274,0.352,0.3788,0.4071,0.4354,0.462,0.4848,0.5017,0.5109,0.5106,0.5,0.478,0.444,0.3964,0.3318,0.2397,0.0966,-0.1271,-0.3906,-0.4656,-0.3225,-0.2315,-0.2735,-0.4523,-0.8608,-1.3017,-1.1815,-0.9019,-0.7542,-0.6964,-0.6588,-0.6094,-0.5462]}]