docs/data/wind_grid.json
[{"header":{"la1":42.85,"la2":41.18,"lo1":11.55,"lo2":14.05,"nx":36,"ny":24,"dx":0.07143,"dy":0.07261,"parameterCategory":2,"parameterNumber":2,"parameterNumberName":"eastward_wind","parameterUnit":"m.s-1"},"data":[-0.5616,-0.5653,-0.5674,-0.5679,-0.5668,-0.5644,-0.5606,-0.5554,-0.5487,-0.5411,-0.534,-0.529,-0.5276,-0.5305,-0.5375,-0.5473,-0.5574,-0.5648,-0.566,-0.5597,-0.5472,-0.5322,-0.519,-0.5095,-0.5028,-0.4971,-0.4911,-0.4842,-0.4766,-0.4685,-0.4603,-0.4523,-0.4446,-0.4374,-0.4308,-0.4247,-0.5778,-0.583,-0.586,-0.5867,-0.5856,-0.5832,-0.5794,-0.5734,-0.5645,-0.5531,-0.5415,-0.5327,-0.5295,-0.5331,-0.5435,-0.559,-0.5761,-0.589,-0.5914,-0.5794,-0.5556,-0.5293,-0.5104,-0.5014,-0.4982,-0.4957,-0.4914,-0.485,-0.477,-0.4682,-0.4592,-0.4504,-0.4421,-0.4344,-0.4274,-0.4211,-0.5977,-0.6052,-0.6095,-0.6105,-0.6093,-0.6072,-0.6047,-0.5995,-0.5885,-0.5709,-0.5512,-0.5356,-0.5287,-0.5327,-0.5478,-0.5722,-0.6013,-0.6254,-0.6312,-0.6079,-0.559,-0.5079,-0.4808,-0.4796,-0.4875,-0.4924,-0.4914,-0.4856,-0.477,-0.4672,-0.4572,-0.4476,-0.4386,-0.4305,-0.4232,-0.4167,-0.6223,-0.6338,-0.6403,-0.6413,-0.6389,-0.6374,-0.6393,-0.6399,-0.6282,-0.5998,-0.5647,-0.5366,-0.5232,-0.5267,-0.5477,-0.5854,-0.6351,-0.683,-0.7011,-0.6578,-0.5507,-0.4395,-0.4058,-0.4365,-0.4717,-0.4895,-0.4923,-0.4864,-0.4766,-0.4653,-0.4541,-0.4435,-0.434,-0.4254,-0.4179,-0.4113,-0.6532,-0.6719,-0.683,-0.6833,-0.6762,-0.6731,-0.6852,-0.7061,-0.7009,-0.6493,-0.5826,-0.5332,-0.5097,-0.5114,-0.5385,-0.5933,-0.6764,-0.7746,-0.8358,-0.7697,-0.5382,-0.2771,-0.2596,-0.381,-0.4617,-0.4924,-0.496,-0.4878,-0.4753,-0.4619,-0.4493,-0.4379,-0.4278,-0.419,-0.4114,-0.4049,-0.6912,-0.7239,-0.7462,-0.7461,-0.7254,-0.7101,-0.7363,-0.8113,-0.8364,-0.7269,-0.5982,-0.519,-0.4837,-0.4816,-0.5123,-0.5839,-0.7104,-0.9001,-1.0884,-1.0289,-0.6318,-0.1626,-0.1771,-0.3843,-0.4823,-0.5077,-0.5034,-0.4888,-0.4721,-0.4563,-0.4422,-0.4301,-0.4198,-0.411,-0.4036,-0.3972,-0.7341,-0.7932,-0.8451,-0.8526,-0.7991,-0.7414,-0.7599,-0.9043,-0.9904,-0.7795,-0.5821,-0.4834,-0.4408,-0.4322,-0.4585,-0.5371,-0.696,-0.9726,-1.3367,-1.3065,-0.9052,-0.5541,-0.4581,-0.5185,-0.5436,-0.5336,-0.511,-0.4867,-0.4651,-0.4469,-0.4319,-0.4197,-0.4096,-0.4012,-0.3942,-0.3883,-0.7721,-0.8704,-0.9913,-1.0429,-0.918,-0.765,-0.7157,-0.7915,-0.8344,-0.6574,-0.4996,-0.4212,-0.3815,-0.3599,-0.3635,-0.4302,-0.5962,-0.8596,-1.1384,-1.1862,-1.1817,-1.0688,-0.8312,-0.6903,-0.611,-0.5543,-0.5104,-0.4767,-0.4513,-0.4323,-0.4177,-0.4063,-0.3971,-0.3895,-0.3832,-0.3781,-0.785,-0.9098,-1.1149,-1.2749,-1.0243,-0.7636,-0.6353,-0.5766,-0.5137,-0.4259,-0.3728,-0.3454,-0.3159,-0.2681,-0.2025,-0.2253,-0.4293,-0.6916,-0.9258,-1.1729,-1.6058,-1.4957,-1.0476,-0.7829,-0.6377,-0.5489,-0.4911,-0.4531,-0.4282,-0.4112,-0.399,-0.3897,-0.3821,-0.3758,-0.3707,-0.3664,-0.759,-0.857,-0.9956,-1.0767,-0.8859,-0.7045,-0.5638,-0.4253,-0.2478,-0.166,-0.2382,-0.2784,-0.2629,-0.1875,0.0455,0.1702,-0.2613,-0.6131,-0.8489,-1.0889,-1.4082,-1.3427,-1.0024,-0.7546,-0.5997,-0.5026,-0.4443,-0.4116,-0.3938,-0.3833,-0.3761,-0.3702,-0.365,-0.3604,-0.3565,-0.3534,-0.7082,-0.7587,-0.7823,-0.7268,-0.7107,-0.6442,-0.5384,-0.3863,-0.001,0.1883,-0.1382,-0.2408,-0.2332,-0.1785,0.0206,0.1792,-0.3278,-0.7223,-0.9172,-0.9809,-1.0249,-0.9729,-0.809,-0.6357,-0.4979,-0.4075,-0.3634,-0.3498,-0.3486,-0.3499,-0.35,-0.3486,-0.3462,-0.3434,-0.3409,-0.339,-0.655,-0.6824,-0.6953,-0.6927,-0.6762,-0.6131,-0.5892,-0.5878,-0.2711,-0.0344,-0.1898,-0.2389,-0.2115,-0.1542,-0.1837,-0.3005,-0.6384,-1.1844,-1.3382,-1.0747,-0.8852,-0.7597,-0.6282,-0.4808,-0.3394,-0.2524,-0.2423,-0.2693,-0.2968,-0.3145,-0.3233,-0.3263,-0.3262,-0.3249,-0.3236,-0.323,-0.6068,-0.6234,-0.6338,-0.6337,-0.6115,-0.5852,-0.6348,-0.8737,-0.5551,-0.3346,-0.2675,-0.2527,-0.2174,-0.1291,-0.1971,-0.438,-0.835,-2.1261,-2.1824,-1.2176,-0.812,-0.6195,-0.4811,-0.3231,-0.1295,-0.0226,-0.0856,-0.1843,-0.2492,-0.2835,-0.2992,-0.3047,-0.3054,-0.3046,-0.3042,-0.305,-0.5638,-0.5717,-0.5741,-0.5677,-0.552,-0.5434,-0.5649,-0.5634,-0.4992,-0.3566,-0.2728,-0.264,-0.2544,-0.126,-0.3167,-0.5028,-0.7059,-1.4138,-1.5769,-0.9911,-0.6312,-0.4556,-0.3511,-0.2082,0.0402,0.1856,0.0307,-0.1334,-0.2223,-0.2637,-0.2801,-0.2839,-0.2829,-0.2814,-0.2818,-0.2843,-0.526,-0.5276,-0.5244,-0.5153,-0.5021,-0.4911,-0.4845,-0.4633,-0.3947,-0.2901,-0.2202,-0.2161,-0.1928,-0.1075,-0.3574,-0.5382,-0.9741,-0.8404,-0.8037,-0.5641,-0.2957,-0.21,-0.2226,-0.1733,-0.0183,0.0847,-0.0236,-0.1537,-0.2268,-0.2582,-0.2659,-0.2622,-0.2559,-0.2527,-0.2543,-0.2599,-0.4938,-0.491,-0.4844,-0.4734,-0.4589,-0.4416,-0.419,-0.3803,-0.3117,-0.2075,-0.0735,-0.1788,-0.1941,-0.2116,-0.3432,-0.5873,-0.8365,-0.6342,-0.4635,-0.2067,0.1934,0.1243,-0.0987,-0.1698,-0.1489,-0.1268,-0.1653,-0.2215,-0.2553,-0.2632,-0.2527,-0.2341,-0.2185,-0.2134,-0.2189,-0.2306,-0.4665,-0.461,-0.4521,-0.4396,-0.4232,-0.4021,-0.3736,-0.3325,-0.2725,-0.188,-0.0901,-0.1448,-0.156,-0.152,-0.2518,-0.3591,-0.42,-0.3319,-0.2017,-0.059,0.2765,0.1862,-0.0618,-0.1788,-0.228,-0.2573,-0.2827,-0.2971,-0.2943,-0.2723,-0.2335,-0.1894,-0.1599,-0.1566,-0.173,-0.1964,-0.4436,-0.4363,-0.4261,-0.4126,-0.3953,-0.3733,-0.3452,-0.3089,-0.2638,-0.2139,-0.1767,-0.1677,-0.1399,-0.1222,-0.0871,-0.0767,-0.1546,-0.0733,0.0609,-0.0191,0.0143,-0.0075,-0.1104,-0.209,-0.2923,-0.3585,-0.3858,-0.3739,-0.3387,-0.2817,-0.202,-0.1154,-0.0665,-0.077,-0.1179,-0.1604,-0.4245,-0.4161,-0.4052,-0.3914,-0.3743,-0.3534,-0.328,-0.298,-0.2644,-0.2309,-0.2026,-0.178,-0.1419,-0.0562,0.2449,0.3781,0.032,-0.0104,0.0531,0.0429,-0.0128,-0.0693,-0.1421,-0.2386,-0.3537,-0.4527,-0.4749,-0.4497,-0.3891,-0.2941,-0.1645,-0.0178,0.0524,0.0088,-0.068,-0.1314,-0.4086,-0.3997,-0.3886,-0.3751,-0.3588,-0.3396,-0.3174,-0.2924,-0.2656,-0.2385,-0.2116,-0.1806,-0.1313,-0.0226,0.2107,0.2851,0.062,0.0065,0.1166,0.174,0.0299,-0.0512,-0.1238,-0.2374,-0.3878,-0.4927,-0.5106,-0.5411,-0.4499,-0.314,-0.1553,0.0225,0.1023,0.0403,-0.0509,-0.1209,-0.3954,-0.3863,-0.3754,-0.3624,-0.3473,-0.33,-0.3105,-0.2891,-0.2663,-0.2425,-0.2167,-0.1852,-0.1397,-0.068,0.0198,0.0447,-0.002,-0.0076,0.0567,0.0837,0.0356,0.0225,-0.0206,-0.1716,-0.3944,-0.6361,-0.8944,-0.7821,-0.5052,-0.3189,-0.1843,-0.0541,0.0133,-0.0156,-0.0776,-0.1324,-0.3844,-0.3755,-0.3649,-0.3527,-0.3388,-0.3231,-0.3059,-0.2872,-0.2672,-0.2458,-0.2222,-0.1943,-0.1592,-0.1167,-0.0766,-0.0577,-0.0563,-0.0438,-0.0122,0.02,0.0802,0.2235,0.2513,-0.0082,-0.3477,-0.7363,-1.1513,-0.8771,-0.3915,-0.2297,-0.1841,-0.1331,-0.0946,-0.0961,-0.1236,-0.1567,-0.3754,-0.3667,-0.3566,-0.3452,-0.3324,-0.3183,-0.3028,-0.2862,-0.2685,-0.2495,-0.2287,-0.2053,-0.1789,-0.151,-0.1258,-0.1078,-0.0941,-0.0754,-0.0447,0.0097,0.1379,0.3957,0.4749,0.1304,-0.2427,-0.5433,-0.6962,-0.4218,-0.0076,-0.0405,-0.1342,-0.1572,-0.152,-0.1519,-0.1638,-0.1821,-0.3679,-0.3595,-0.35,-0.3394,-0.3277,-0.3148,-0.301,-0.2861,-0.2703,-0.2535,-0.2355,-0.2161,-0.1955,-0.1747,-0.1554,-0.1383,-0.1214,-0.1002,-0.0678,-0.0106,0.0978,0.2512,0.277,0.0709,-0.1782,-0.3525,-0.3818,-0.187,0.048,-0.0017,-0.112,-0.1623,-0.1773,-0.1835,-0.1915,-0.2029]},{"header":{"la1":42.85,"la2":41.18,"lo1":11.55,"lo2":14.05,"nx":36,"ny":24,"dx":0.07143,"dy":0.07261,"parameterCategory":2,"parameterNumber":3,"parameterNumberName":"northward_wind","parameterUnit":"m.s-1"},"data":[-0.6872,-0.6852,-0.6813,-0.6752,-0.667,-0.6568,-0.6451,-0.6322,-0.6183,-0.6028,-0.585,-0.564,-0.5391,-0.5101,-0.4771,-0.4409,-0.4025,-0.3636,-0.3259,-0.2917,-0.2636,-0.2445,-0.2367,-0.2401,-0.2522,-0.2693,-0.2883,-0.3075,-0.3259,-0.3431,-0.359,-0.3736,-0.3871,-0.3995,-0.411,-0.4215,-0.7011,-0.6999,-0.6963,-0.6898,-0.6803,-0.6685,-0.655,-0.6409,-0.6267,-0.6117,-0.5944,-0.5731,-0.5465,-0.5141,-0.4761,-0.433,-0.3863,-0.3381,-0.2909,-0.2469,-0.2095,-0.1843,-0.1769,-0.1872,-0.2094,-0.2365,-0.2638,-0.2893,-0.3123,-0.3329,-0.3515,-0.3682,-0.3834,-0.3972,-0.4098,-0.4212,-0.7167,-0.7168,-0.7136,-0.7064,-0.695,-0.6799,-0.6628,-0.6462,-0.6318,-0.6191,-0.6044,-0.5843,-0.5568,-0.5212,-0.4774,-0.4261,-0.3686,-0.3084,-0.2489,-0.1921,-0.1396,-0.1018,-0.095,-0.1195,-0.1597,-0.2018,-0.2397,-0.2724,-0.3003,-0.3245,-0.3456,-0.3643,-0.3811,-0.3962,-0.4098,-0.4222,-0.7342,-0.7363,-0.7343,-0.7265,-0.7119,-0.6908,-0.6658,-0.6427,-0.628,-0.6213,-0.6139,-0.5981,-0.5711,-0.5327,-0.4829,-0.4215,-0.3498,-0.2729,-0.1992,-0.1291,-0.0523,0.0151,0.0203,-0.0358,-0.107,-0.1692,-0.219,-0.2588,-0.2912,-0.3184,-0.3418,-0.3623,-0.3805,-0.3968,-0.4114,-0.4246,-0.7538,-0.7595,-0.7601,-0.7522,-0.7332,-0.702,-0.6603,-0.6192,-0.6013,-0.6111,-0.622,-0.6156,-0.5908,-0.5506,-0.4954,-0.4229,-0.3316,-0.2285,-0.1363,-0.0653,0.037,0.1719,0.1682,0.0479,-0.0647,-0.1465,-0.2058,-0.2506,-0.2861,-0.3154,-0.3405,-0.3624,-0.3819,-0.3993,-0.4148,-0.4287,-0.7751,-0.7871,-0.7936,-0.7877,-0.7639,-0.7189,-0.6474,-0.5582,-0.5242,-0.5805,-0.6317,-0.6399,-0.618,-0.5774,-0.5193,-0.4374,-0.3224,-0.1739,-0.0391,-0.0,0.0683,0.2554,0.2392,0.0743,-0.0547,-0.1417,-0.2031,-0.2492,-0.2856,-0.3159,-0.342,-0.365,-0.3855,-0.4039,-0.4203,-0.4349,-0.7963,-0.8187,-0.8382,-0.8394,-0.8106,-0.7538,-0.6553,-0.4928,-0.4167,-0.5608,-0.6614,-0.6774,-0.6545,-0.6151,-0.5603,-0.477,-0.3455,-0.1499,0.0625,0.0639,0.0316,0.1069,0.1066,0.0128,-0.0819,-0.1554,-0.2109,-0.2542,-0.2896,-0.3198,-0.3464,-0.3702,-0.3917,-0.4111,-0.4283,-0.4435,-0.8129,-0.8491,-0.8949,-0.9159,-0.8726,-0.8099,-0.7331,-0.6079,-0.5502,-0.6699,-0.7406,-0.7331,-0.6992,-0.6641,-0.6252,-0.555,-0.4244,-0.2353,-0.0501,-0.0013,0.0356,0.0463,0.0041,-0.0571,-0.1221,-0.1788,-0.2253,-0.2638,-0.2969,-0.3264,-0.3534,-0.3781,-0.4007,-0.4211,-0.4392,-0.4549,-0.8172,-0.8602,-0.9379,-1.0024,-0.9144,-0.8573,-0.8493,-0.846,-0.8679,-0.9009,-0.8698,-0.8013,-0.745,-0.7207,-0.7275,-0.6937,-0.548,-0.3644,-0.1995,-0.0431,0.1669,0.1319,-0.0134,-0.0995,-0.1578,-0.2037,-0.2418,-0.2753,-0.306,-0.3351,-0.3628,-0.3889,-0.413,-0.4347,-0.4537,-0.4699,-0.805,-0.8295,-0.8708,-0.8982,-0.8312,-0.8656,-0.9524,-1.0564,-1.1965,-1.2255,-1.0353,-0.8643,-0.7784,-0.7677,-0.8798,-0.9497,-0.6715,-0.4508,-0.292,-0.1224,0.0667,0.0548,-0.0639,-0.1412,-0.1897,-0.2256,-0.2563,-0.2856,-0.3151,-0.3449,-0.3745,-0.4029,-0.4292,-0.4527,-0.4727,-0.4893,-0.7857,-0.7796,-0.7309,-0.5868,-0.6226,-0.857,-1.0497,-1.2137,-1.5238,-1.6895,-1.1733,-0.8904,-0.7919,-0.7793,-0.8661,-0.9541,-0.6468,-0.4625,-0.3547,-0.246,-0.1466,-0.119,-0.1494,-0.1864,-0.216,-0.2405,-0.2647,-0.2919,-0.3226,-0.3555,-0.3889,-0.4212,-0.4509,-0.4767,-0.4979,-0.5144,-0.774,-0.7587,-0.702,-0.594,-0.6468,-0.9213,-1.1747,-1.3304,-1.4077,-1.4512,-1.0878,-0.8602,-0.7989,-0.8405,-0.7679,-0.6119,-0.4762,-0.4369,-0.4087,-0.3205,-0.2448,-0.2074,-0.2034,-0.2148,-0.2283,-0.2416,-0.2618,-0.2916,-0.3278,-0.3672,-0.4073,-0.4457,-0.4803,-0.5092,-0.5314,-0.5472,-0.7731,-0.7688,-0.7533,-0.7472,-0.8265,-1.0205,-1.2657,-1.4891,-1.3433,-1.1421,-0.9365,-0.8217,-0.789,-0.8863,-0.7581,-0.3491,-0.2627,-0.5094,-0.5242,-0.34,-0.2552,-0.2186,-0.2119,-0.2184,-0.2214,-0.2227,-0.2448,-0.2851,-0.3322,-0.3821,-0.4325,-0.4801,-0.5216,-0.5541,-0.5767,-0.5901,-0.7761,-0.7845,-0.7969,-0.8286,-0.9042,-1.0338,-1.1971,-1.3236,-1.2439,-1.0075,-0.8453,-0.8235,-0.82,-0.6768,-0.3674,0.1851,0.1224,-0.2346,-0.3581,-0.2623,-0.1908,-0.1649,-0.1806,-0.2048,-0.2079,-0.1978,-0.227,-0.2808,-0.3406,-0.4042,-0.4691,-0.5303,-0.5815,-0.618,-0.6389,-0.6465,-0.7763,-0.7911,-0.8126,-0.8478,-0.9037,-0.9794,-1.0574,-1.091,-1.0151,-0.8692,-0.7675,-0.729,-0.6703,-0.601,-0.2126,0.3493,0.7636,0.1448,-0.1288,-0.1265,-0.0189,-0.0146,-0.1067,-0.1799,-0.2071,-0.2092,-0.2357,-0.2887,-0.3571,-0.4374,-0.5239,-0.6063,-0.6716,-0.7112,-0.7252,-0.7206,-0.7715,-0.7872,-0.8078,-0.8355,-0.8707,-0.9083,-0.9342,-0.9247,-0.8637,-0.7735,-0.7074,-0.6967,-0.6802,-0.585,-0.3101,0.1485,0.5136,0.098,-0.1175,-0.0088,0.3703,0.2774,-0.011,-0.15,-0.2004,-0.2192,-0.2444,-0.2957,-0.3768,-0.4836,-0.6062,-0.7248,-0.8117,-0.8498,-0.8451,-0.8158,-0.7621,-0.7758,-0.792,-0.8107,-0.8303,-0.8458,-0.849,-0.8306,-0.7891,-0.739,-0.7061,-0.7133,-0.8362,-0.8691,-0.5003,-0.2372,-0.1258,-0.2381,-0.3242,-0.0991,0.4195,0.3049,-0.0128,-0.146,-0.1795,-0.1794,-0.1989,-0.2688,-0.3857,-0.541,-0.7276,-0.9133,-1.0349,-1.0564,-1.0064,-0.9314,-0.7497,-0.7603,-0.7717,-0.7831,-0.7926,-0.7969,-0.7921,-0.7755,-0.7496,-0.7237,-0.7112,-0.7336,-0.8705,-0.8824,-0.6124,-0.4841,-0.4164,-0.543,-0.7299,-0.4162,-0.1199,-0.0576,-0.1358,-0.1736,-0.1334,-0.0455,-0.0401,-0.1788,-0.3741,-0.6047,-0.8946,-1.2049,-1.3811,-1.3447,-1.2017,-1.055,-0.7358,-0.7434,-0.7507,-0.7568,-0.7603,-0.7594,-0.7523,-0.7388,-0.7213,-0.7049,-0.6962,-0.7026,-0.7208,-0.6908,-0.6539,-0.6596,-0.5411,-0.5832,-0.6641,-0.5323,-0.3851,-0.2891,-0.2576,-0.2121,-0.0678,0.2206,0.2816,-0.0561,-0.3639,-0.6627,-1.0695,-1.5652,-1.8106,-1.6532,-1.3782,-1.1541,-0.7216,-0.7267,-0.7308,-0.7334,-0.7334,-0.73,-0.7224,-0.711,-0.6973,-0.6839,-0.673,-0.6653,-0.6552,-0.6367,-0.6403,-0.6386,-0.5634,-0.549,-0.5815,-0.5955,-0.4859,-0.4039,-0.3533,-0.2779,-0.1058,0.2483,0.3293,-0.1281,-0.4152,-0.6936,-1.1234,-1.7085,-1.9889,-1.7648,-1.4356,-1.1863,-0.7078,-0.7107,-0.7126,-0.7128,-0.7109,-0.7062,-0.6986,-0.6884,-0.6764,-0.6638,-0.6512,-0.6383,-0.6237,-0.6083,-0.5971,-0.5797,-0.5496,-0.5371,-0.5511,-0.5511,-0.5083,-0.4827,-0.4563,-0.3872,-0.2899,-0.2534,-0.4402,-0.4687,-0.5236,-0.6907,-0.9951,-1.4224,-1.6625,-1.5561,-1.3318,-1.1373,-0.6947,-0.6961,-0.6963,-0.695,-0.6919,-0.6866,-0.6791,-0.6696,-0.6585,-0.6463,-0.6333,-0.6194,-0.6044,-0.589,-0.5736,-0.5566,-0.5389,-0.5283,-0.5268,-0.5266,-0.5372,-0.5862,-0.5974,-0.5089,-0.4414,-0.5028,-0.6741,-0.6149,-0.6084,-0.6783,-0.831,-1.0656,-1.2354,-1.2429,-1.1505,-1.0387,-0.6826,-0.6828,-0.6819,-0.6796,-0.6757,-0.6701,-0.6628,-0.6537,-0.6433,-0.6317,-0.6191,-0.6056,-0.5913,-0.5766,-0.5618,-0.5471,-0.5339,-0.525,-0.5228,-0.5312,-0.5689,-0.6578,-0.686,-0.5802,-0.5112,-0.5306,-0.5877,-0.62,-0.6716,-0.6784,-0.7356,-0.8566,-0.9652,-1.006,-0.9847,-0.9333,-0.6715,-0.6708,-0.6691,-0.6661,-0.6619,-0.6562,-0.649,-0.6404,-0.6306,-0.6198,-0.6079,-0.5954,-0.5822,-0.5688,-0.5555,-0.543,-0.5324,-0.5254,-0.5246,-0.5347,-0.5654,-0.6148,-0.6258,-0.5743,-0.5349,-0.54,-0.5752,-0.6297,-0.6788,-0.6768,-0.6974,-0.7583,-0.8226,-0.86,-0.8641,-0.8446]}]