docs/data/wind_grid.json
[{"header":{"la1":42.85,"la2":41.18,"lo1":11.55,"lo2":14.05,"nx":36,"ny":24,"dx":0.07143,"dy":0.07261,"parameterCategory":2,"parameterNumber":2,"parameterNumberName":"eastward_wind","parameterUnit":"m.s-1"},"data":[-1.1224,-1.132,-1.1425,-1.1539,-1.1656,-1.177,-1.1871,-1.195,-1.2009,-1.2061,-1.2134,-1.2262,-1.2466,-1.2741,-1.3034,-1.3247,-1.3289,-1.3135,-1.2841,-1.2489,-1.2139,-1.1822,-1.1543,-1.1302,-1.1091,-1.0907,-1.0744,-1.0599,-1.0469,-1.0352,-1.0247,-1.0151,-1.0066,-0.9989,-0.992,-0.9858,-1.1257,-1.1368,-1.1495,-1.1637,-1.1791,-1.1945,-1.2082,-1.2179,-1.2229,-1.2249,-1.2292,-1.2422,-1.2697,-1.3129,-1.3645,-1.4051,-1.4132,-1.3849,-1.3352,-1.2818,-1.2338,-1.1936,-1.1604,-1.1328,-1.1095,-1.0894,-1.0719,-1.0564,-1.0427,-1.0304,-1.0194,-1.0095,-1.0006,-0.9927,-0.9856,-0.9794,-1.1282,-1.141,-1.1562,-1.1742,-1.1949,-1.2171,-1.2376,-1.2517,-1.2553,-1.2502,-1.2458,-1.2547,-1.2885,-1.3541,-1.4445,-1.5229,-1.5368,-1.4794,-1.3933,-1.3135,-1.2499,-1.2012,-1.1633,-1.1329,-1.1077,-1.0864,-1.0679,-1.0516,-1.0372,-1.0244,-1.013,-1.0028,-0.9936,-0.9855,-0.9784,-0.9721,-1.1296,-1.1439,-1.1617,-1.1841,-1.2121,-1.2453,-1.2797,-1.3048,-1.3079,-1.2885,-1.2645,-1.26,-1.2944,-1.3835,-1.5295,-1.674,-1.6945,-1.5815,-1.4424,-1.3335,-1.2569,-1.2025,-1.1619,-1.1299,-1.1037,-1.0814,-1.0622,-1.0453,-1.0304,-1.0171,-1.0053,-0.9948,-0.9855,-0.9773,-0.9701,-0.9638,-1.1294,-1.1448,-1.1647,-1.1914,-1.2278,-1.277,-1.3373,-1.3905,-1.3993,-1.3504,-1.2866,-1.2541,-1.2765,-1.3724,-1.5566,-1.7637,-1.7896,-1.6237,-1.4492,-1.3287,-1.2501,-1.196,-1.1558,-1.1238,-1.0972,-1.0745,-1.0547,-1.0374,-1.022,-1.0084,-0.9964,-0.9856,-0.9761,-0.9678,-0.9605,-0.9543,-1.1273,-1.1429,-1.1636,-1.1927,-1.2357,-1.3021,-1.4013,-1.5163,-1.5504,-1.4407,-1.3055,-1.2316,-1.2292,-1.3014,-1.4537,-1.629,-1.6587,-1.5305,-1.3922,-1.2954,-1.2304,-1.1834,-1.1463,-1.1153,-1.0887,-1.0656,-1.0455,-1.0277,-1.0121,-0.9982,-0.9859,-0.9749,-0.9653,-0.9569,-0.9497,-0.9436,-1.1233,-1.138,-1.1576,-1.1854,-1.2282,-1.3,-1.4262,-1.6147,-1.6958,-1.4983,-1.2887,-1.1833,-1.1572,-1.1925,-1.2781,-1.3745,-1.4078,-1.3661,-1.3041,-1.2507,-1.2071,-1.1695,-1.1357,-1.1054,-1.0785,-1.0549,-1.0343,-1.0163,-1.0004,-0.9863,-0.9738,-0.9627,-0.9529,-0.9444,-0.9372,-0.9313,-1.1178,-1.1308,-1.1474,-1.1701,-1.2034,-1.2577,-1.353,-1.4981,-1.5523,-1.3748,-1.1975,-1.1036,-1.0686,-1.0781,-1.1231,-1.1828,-1.2277,-1.2444,-1.2395,-1.2211,-1.1934,-1.1606,-1.1269,-1.0951,-1.0668,-1.0422,-1.0211,-1.0029,-0.9868,-0.9726,-0.9599,-0.9486,-0.9386,-0.9301,-0.923,-0.9173,-1.1114,-1.1224,-1.1357,-1.1518,-1.1717,-1.1968,-1.2277,-1.2528,-1.2275,-1.1436,-1.0647,-1.0064,-0.9703,-0.9662,-1.0004,-1.0651,-1.139,-1.1992,-1.2301,-1.2278,-1.2007,-1.1616,-1.1209,-1.084,-1.0528,-1.0269,-1.0055,-0.9872,-0.9713,-0.957,-0.944,-0.9324,-0.9222,-0.9135,-0.9065,-0.9012,-1.1048,-1.1143,-1.1251,-1.1369,-1.1484,-1.1554,-1.1479,-1.1056,-1.0189,-0.9633,-0.9538,-0.9147,-0.8644,-0.8435,-0.8834,-0.985,-1.1188,-1.2389,-1.2991,-1.2886,-1.2357,-1.1723,-1.1153,-1.0696,-1.0346,-1.0079,-0.9868,-0.9692,-0.9536,-0.9393,-0.926,-0.9138,-0.9031,-0.8941,-0.8872,-0.8824,-1.0986,-1.1073,-1.1174,-1.1289,-1.141,-1.1511,-1.1476,-1.0902,-0.9083,-0.8272,-0.8915,-0.8393,-0.7454,-0.6813,-0.7362,-0.9165,-1.1689,-1.4094,-1.4999,-1.425,-1.2967,-1.184,-1.102,-1.0464,-1.0094,-0.9839,-0.9648,-0.9488,-0.934,-0.9196,-0.9056,-0.8924,-0.8807,-0.8712,-0.8645,-0.8604,-1.0925,-1.101,-1.1116,-1.1255,-1.1449,-1.1737,-1.2162,-1.236,-1.0555,-0.9069,-0.8838,-0.7809,-0.6275,-0.4472,-0.541,-0.8597,-1.3162,-1.8532,-1.9546,-1.6421,-1.3547,-1.172,-1.0658,-1.0067,-0.9738,-0.954,-0.9396,-0.9266,-0.913,-0.8981,-0.8824,-0.8672,-0.8538,-0.8435,-0.8369,-0.8341,-1.0862,-1.0945,-1.1056,-1.1214,-1.1464,-1.1892,-1.2667,-1.3933,-1.2447,-1.0352,-0.8819,-0.7388,-0.6203,-0.3752,-0.4674,-0.8808,-1.4842,-2.5604,-2.5777,-1.7866,-1.3234,-1.0927,-0.9864,-0.9427,-0.9263,-0.9192,-0.9131,-0.9043,-0.8916,-0.875,-0.856,-0.837,-0.8206,-0.809,-0.8029,-0.8022,-1.0794,-1.087,-1.0974,-1.1123,-1.1355,-1.1725,-1.2264,-1.2672,-1.209,-1.0396,-0.8859,-0.7034,-0.6471,-0.6901,-0.7241,-1.0185,-1.4233,-2.0451,-2.1141,-1.5217,-1.0959,-0.8988,-0.8474,-0.8533,-0.8707,-0.8839,-0.8889,-0.8847,-0.8716,-0.8508,-0.8253,-0.7993,-0.7778,-0.7644,-0.7599,-0.7631,-1.072,-1.0783,-1.0867,-1.0981,-1.114,-1.1351,-1.1565,-1.1581,-1.1061,-1.0206,-0.9523,-0.8695,-0.7798,-0.7015,-0.8573,-1.2365,-1.5474,-1.4357,-1.3396,-1.0057,-0.6475,-0.5585,-0.6529,-0.7527,-0.8191,-0.8569,-0.8733,-0.8721,-0.8556,-0.826,-0.788,-0.7495,-0.7197,-0.7045,-0.7042,-0.7148,-1.0642,-1.0688,-1.0746,-1.0817,-1.0899,-1.0975,-1.0995,-1.0866,-1.0557,-1.034,-1.0697,-1.0085,-0.9562,-0.8905,-0.9666,-1.2081,-1.4074,-1.1842,-0.9361,-0.5619,-0.0374,-0.1267,-0.4703,-0.6797,-0.7918,-0.8499,-0.8737,-0.8717,-0.8467,-0.8008,-0.7404,-0.6797,-0.6369,-0.6219,-0.6318,-0.6562,-1.0563,-1.0592,-1.0626,-1.0659,-1.0687,-1.0692,-1.0647,-1.0533,-1.0393,-1.04,-1.0691,-1.0433,-1.1199,-1.1705,-1.0532,-1.066,-1.04,-0.835,-0.6144,-0.419,0.0433,-0.0754,-0.4513,-0.6796,-0.8061,-0.8728,-0.8974,-0.8888,-0.8489,-0.7762,-0.677,-0.5774,-0.5156,-0.5085,-0.5407,-0.5888,-1.0486,-1.0502,-1.0516,-1.0525,-1.0523,-1.05,-1.0449,-1.0374,-1.0309,-1.0316,-1.0398,-1.0612,-1.1632,-1.1906,-1.0898,-1.0435,-0.8903,-0.5027,-0.1832,-0.4374,-0.4129,-0.4323,-0.5918,-0.7459,-0.8585,-0.9255,-0.9449,-0.9252,-0.8658,-0.7554,-0.5949,-0.4312,-0.3465,-0.365,-0.4384,-0.5206,-1.0415,-1.042,-1.0421,-1.0416,-1.04,-1.0371,-1.0328,-1.0279,-1.0246,-1.0254,-1.0324,-1.051,-1.0832,-1.0982,-1.1397,-1.1596,-0.9185,-0.5647,-0.377,-0.627,-0.654,-0.6623,-0.7285,-0.824,-0.9187,-0.9821,-0.9931,-0.9701,-0.8976,-0.7484,-0.5136,-0.2674,-0.1647,-0.2284,-0.3527,-0.4689,-1.0351,-1.0348,-1.0341,-1.0328,-1.0308,-1.0279,-1.0244,-1.021,-1.019,-1.0196,-1.0243,-1.0341,-1.0478,-1.0669,-1.1154,-1.1179,-0.9454,-0.7754,-0.8162,-0.8787,-0.7849,-0.7763,-0.8155,-0.8804,-0.9575,-1.0038,-1.0103,-1.0211,-0.9461,-0.7727,-0.4965,-0.207,-0.0975,-0.1829,-0.3267,-0.454,-1.0293,-1.0285,-1.0274,-1.0257,-1.0235,-1.0208,-1.0178,-1.0151,-1.0134,-1.0132,-1.0152,-1.0193,-1.0249,-1.0324,-1.0384,-1.0117,-0.9294,-0.8492,-0.8375,-0.8457,-0.829,-0.8401,-0.8683,-0.9135,-0.988,-1.0793,-1.1816,-1.1458,-1.0152,-0.8299,-0.5796,-0.332,-0.2235,-0.2705,-0.3781,-0.4831,-1.0242,-1.0231,-1.0216,-1.0197,-1.0175,-1.0149,-1.0122,-1.0097,-1.0077,-1.0065,-1.0061,-1.0062,-1.0059,-1.0033,-0.9933,-0.9665,-0.9215,-0.8775,-0.8553,-0.8515,-0.8602,-0.8816,-0.8952,-0.923,-1.002,-1.1389,-1.2776,-1.2133,-1.0562,-0.8851,-0.6945,-0.5189,-0.423,-0.4223,-0.4756,-0.5425,-1.0196,-1.0182,-1.0166,-1.0146,-1.0123,-1.0098,-1.0072,-1.0046,-1.0022,-0.9999,-0.9978,-0.9951,-0.991,-0.9838,-0.9707,-0.9491,-0.9209,-0.894,-0.8769,-0.8728,-0.8817,-0.8962,-0.8992,-0.9193,-0.9852,-1.0844,-1.1595,-1.1326,-1.0332,-0.9098,-0.7785,-0.6606,-0.5844,-0.5611,-0.5767,-0.611,-1.0155,-1.014,-1.0122,-1.0101,-1.0078,-1.0053,-1.0026,-0.9998,-0.997,-0.994,-0.9905,-0.9863,-0.9804,-0.9717,-0.9592,-0.9425,-0.9232,-0.9052,-0.8928,-0.8884,-0.8917,-0.898,-0.9034,-0.922,-0.9644,-1.0183,-1.0537,-1.0429,-0.9892,-0.9117,-0.8263,-0.7478,-0.691,-0.6629,-0.6602,-0.6738]},{"header":{"la1":42.85,"la2":41.18,"lo1":11.55,"lo2":14.05,"nx":36,"ny":24,"dx":0.07143,"dy":0.07261,"parameterCategory":2,"parameterNumber":3,"parameterNumberName":"northward_wind","parameterUnit":"m.s-1"},"data":[-0.3647,-0.3472,-0.327,-0.3048,-0.2817,-0.2603,-0.2436,-0.2351,-0.2368,-0.2482,-0.2661,-0.286,-0.304,-0.3177,-0.3267,-0.3325,-0.3373,-0.3423,-0.3478,-0.353,-0.3577,-0.3616,-0.3649,-0.3678,-0.3706,-0.3734,-0.3765,-0.38,-0.3837,-0.3878,-0.3921,-0.3967,-0.4014,-0.4061,-0.4108,-0.4153,-0.3653,-0.3442,-0.3188,-0.289,-0.2564,-0.2239,-0.197,-0.1823,-0.1848,-0.204,-0.234,-0.266,-0.293,-0.3113,-0.3209,-0.3254,-0.3294,-0.3354,-0.3427,-0.3497,-0.3554,-0.3597,-0.3631,-0.3659,-0.3686,-0.3715,-0.3747,-0.3784,-0.3825,-0.3871,-0.392,-0.3971,-0.4024,-0.4077,-0.413,-0.418,-0.3687,-0.3441,-0.3125,-0.2732,-0.2265,-0.176,-0.1299,-0.1018,-0.104,-0.1375,-0.1894,-0.2418,-0.2826,-0.3068,-0.3154,-0.3155,-0.3175,-0.326,-0.3372,-0.3468,-0.3536,-0.3582,-0.3614,-0.364,-0.3665,-0.3693,-0.3727,-0.3766,-0.3812,-0.3863,-0.3919,-0.3978,-0.4039,-0.4099,-0.4158,-0.4214,-0.3764,-0.3488,-0.3111,-0.2606,-0.1949,-0.1155,-0.0332,0.0257,0.0282,-0.0332,-0.1267,-0.2138,-0.2748,-0.3061,-0.3109,-0.3016,-0.3008,-0.3154,-0.3329,-0.3455,-0.353,-0.3573,-0.3598,-0.3618,-0.364,-0.3667,-0.3702,-0.3745,-0.3797,-0.3856,-0.392,-0.3988,-0.4058,-0.4128,-0.4194,-0.4257,-0.3898,-0.3609,-0.3188,-0.2576,-0.1699,-0.0489,0.0996,0.2304,0.2526,0.1313,-0.0445,-0.1868,-0.2736,-0.3123,-0.3126,-0.2926,-0.2896,-0.3118,-0.3342,-0.3475,-0.354,-0.3568,-0.3581,-0.3592,-0.3609,-0.3634,-0.3671,-0.372,-0.3779,-0.3848,-0.3924,-0.4004,-0.4085,-0.4165,-0.4242,-0.4312,-0.41,-0.3828,-0.3404,-0.2738,-0.1683,-0.0018,0.2461,0.529,0.6143,0.3594,0.0352,-0.1775,-0.2875,-0.3313,-0.3322,-0.3129,-0.3093,-0.3274,-0.3446,-0.3534,-0.3563,-0.3565,-0.3559,-0.3557,-0.3567,-0.3592,-0.3632,-0.3688,-0.3759,-0.3841,-0.3931,-0.4026,-0.4122,-0.4215,-0.4303,-0.4382,-0.4374,-0.4158,-0.3796,-0.3182,-0.2128,-0.0277,0.2953,0.762,0.9576,0.5038,0.0322,-0.2166,-0.3282,-0.3694,-0.3727,-0.3605,-0.3539,-0.3571,-0.361,-0.3612,-0.3587,-0.3552,-0.3522,-0.3506,-0.351,-0.3535,-0.3582,-0.365,-0.3735,-0.3834,-0.3944,-0.4059,-0.4173,-0.4282,-0.4383,-0.4472,-0.4709,-0.4591,-0.4362,-0.3935,-0.3147,-0.1693,0.0917,0.4742,0.621,0.233,-0.1349,-0.3186,-0.3984,-0.4257,-0.4248,-0.4109,-0.3962,-0.3852,-0.3764,-0.3678,-0.3593,-0.3518,-0.3463,-0.3433,-0.3432,-0.3461,-0.3518,-0.3601,-0.3707,-0.383,-0.3965,-0.4105,-0.4243,-0.4373,-0.4489,-0.4589,-0.508,-0.5091,-0.505,-0.491,-0.4582,-0.3923,-0.2812,-0.1552,-0.1406,-0.2657,-0.3823,-0.4501,-0.4844,-0.4937,-0.4817,-0.4562,-0.4285,-0.4056,-0.3875,-0.3716,-0.3572,-0.3454,-0.337,-0.3327,-0.3325,-0.3362,-0.3435,-0.3541,-0.3675,-0.383,-0.4,-0.4173,-0.4341,-0.4495,-0.4629,-0.474,-0.5452,-0.56,-0.5768,-0.595,-0.6123,-0.6234,-0.62,-0.6025,-0.5976,-0.5965,-0.5717,-0.562,-0.5693,-0.5711,-0.5459,-0.4981,-0.4513,-0.419,-0.396,-0.3737,-0.3521,-0.3347,-0.3233,-0.3179,-0.3182,-0.3233,-0.3329,-0.3466,-0.3638,-0.3838,-0.4053,-0.4272,-0.4479,-0.4663,-0.4818,-0.4937,-0.5783,-0.6057,-0.6416,-0.6894,-0.7525,-0.8303,-0.9016,-0.8935,-0.7529,-0.6987,-0.668,-0.634,-0.6489,-0.6739,-0.632,-0.5368,-0.4611,-0.4319,-0.4138,-0.3801,-0.3442,-0.318,-0.303,-0.2974,-0.2991,-0.3067,-0.3195,-0.3374,-0.3598,-0.3857,-0.4137,-0.4416,-0.4675,-0.4897,-0.5072,-0.5197,-0.6038,-0.6405,-0.6904,-0.7603,-0.8598,-1.0003,-1.1792,-1.2859,-1.0083,-0.7797,-0.7101,-0.6694,-0.7193,-0.8491,-0.7547,-0.5527,-0.4431,-0.478,-0.4816,-0.3985,-0.3293,-0.2904,-0.2729,-0.2692,-0.2741,-0.2853,-0.3024,-0.3257,-0.3552,-0.3896,-0.4265,-0.4629,-0.4957,-0.5224,-0.5418,-0.5541,-0.6193,-0.6605,-0.7168,-0.7963,-0.9122,-1.0854,-1.3384,-1.6039,-1.3768,-0.9299,-0.7143,-0.6897,-0.7134,-0.885,-0.7712,-0.4569,-0.3375,-0.6137,-0.623,-0.3997,-0.2883,-0.2414,-0.2278,-0.2312,-0.2422,-0.258,-0.28,-0.3103,-0.3495,-0.3961,-0.4462,-0.4949,-0.5369,-0.5689,-0.5895,-0.5996,-0.6241,-0.6647,-0.719,-0.7937,-0.8989,-1.0481,-1.2464,-1.4288,-1.2787,-0.8529,-0.6376,-0.7267,-0.7524,-0.4309,-0.4425,-0.0937,0.1451,-0.2817,-0.4203,-0.2839,-0.1919,-0.1554,-0.1618,-0.1827,-0.2031,-0.2231,-0.2495,-0.2882,-0.3414,-0.4063,-0.4766,-0.5434,-0.5984,-0.6359,-0.6554,-0.6597,-0.6192,-0.6549,-0.7008,-0.7599,-0.8357,-0.9282,-1.0213,-1.049,-0.8923,-0.6104,-0.4322,-0.4311,-0.3959,-0.2152,-0.2042,0.6013,1.4907,0.4295,-0.0637,-0.1106,-0.0217,-0.0088,-0.0731,-0.1281,-0.1576,-0.1763,-0.2038,-0.2532,-0.3277,-0.4216,-0.5237,-0.6188,-0.6915,-0.7335,-0.7463,-0.738,-0.6068,-0.6353,-0.6695,-0.7095,-0.7533,-0.7934,-0.8094,-0.762,-0.613,-0.375,-0.1133,-0.2007,-0.2502,-0.2458,-0.1124,0.5067,1.0928,0.3729,-0.0528,-0.0213,0.2552,0.2018,0.0101,-0.0826,-0.1052,-0.1054,-0.1263,-0.1923,-0.3025,-0.4437,-0.5975,-0.7374,-0.8344,-0.8754,-0.8696,-0.8367,-0.5897,-0.6105,-0.6332,-0.6561,-0.6752,-0.6825,-0.6636,-0.6002,-0.48,-0.307,-0.1293,-0.1833,-0.1814,-0.1536,-0.1582,-0.0034,0.0731,-0.19,-0.39,-0.163,0.276,0.2104,0.0045,-0.0628,-0.0344,0.0217,0.0191,-0.0831,-0.2584,-0.4754,-0.7117,-0.9234,-1.0516,-1.0757,-1.0283,-0.953,-0.5706,-0.5844,-0.5976,-0.6079,-0.6117,-0.6029,-0.5739,-0.5179,-0.4344,-0.337,-0.2621,-0.235,-0.1783,-0.1672,-0.2633,-0.2888,-0.33,-0.6688,-1.0017,-0.5367,-0.1677,-0.0707,-0.0925,-0.0593,0.0798,0.2687,0.2987,0.0947,-0.198,-0.5198,-0.8737,-1.1953,-1.3566,-1.3304,-1.2082,-1.0722,-0.5515,-0.5596,-0.5658,-0.568,-0.5635,-0.5488,-0.5203,-0.4764,-0.4202,-0.3615,-0.3142,-0.2832,-0.2644,-0.2951,-0.4265,-0.4776,-0.4495,-0.668,-0.8375,-0.5699,-0.3859,-0.2613,-0.1857,-0.0666,0.2083,0.6534,0.74,0.277,-0.1681,-0.5747,-1.0461,-1.4973,-1.6806,-1.5714,-1.3596,-1.1641,-0.5335,-0.5375,-0.539,-0.5365,-0.5283,-0.5124,-0.4877,-0.4543,-0.4153,-0.3763,-0.344,-0.3232,-0.3205,-0.3536,-0.4329,-0.4634,-0.4535,-0.518,-0.521,-0.4983,-0.436,-0.344,-0.2613,-0.13,0.1511,0.6729,0.7822,0.1255,-0.2678,-0.6257,-1.1116,-1.6102,-1.7979,-1.6523,-1.4079,-1.1934,-0.5174,-0.5185,-0.5171,-0.5121,-0.5027,-0.4878,-0.4672,-0.4417,-0.4136,-0.3864,-0.364,-0.3503,-0.35,-0.3674,-0.3975,-0.4179,-0.4331,-0.4616,-0.48,-0.4734,-0.4327,-0.39,-0.346,-0.2614,-0.1459,-0.1526,-0.5341,-0.5338,-0.4864,-0.6592,-1.0168,-1.41,-1.5872,-1.5073,-1.3254,-1.1489,-0.5034,-0.5025,-0.4994,-0.4935,-0.484,-0.4708,-0.4539,-0.4343,-0.4134,-0.3936,-0.3776,-0.3677,-0.3662,-0.3738,-0.3874,-0.4015,-0.416,-0.432,-0.4424,-0.4398,-0.4324,-0.4453,-0.4449,-0.3874,-0.3743,-0.5934,-0.9696,-0.8218,-0.6285,-0.6707,-0.8758,-1.1212,-1.2644,-1.2595,-1.1676,-1.0542,-0.4914,-0.4894,-0.4854,-0.4792,-0.4704,-0.4589,-0.4451,-0.4296,-0.4137,-0.3989,-0.3869,-0.3791,-0.3766,-0.3796,-0.3865,-0.3955,-0.4054,-0.415,-0.422,-0.4267,-0.4413,-0.4808,-0.4934,-0.4454,-0.4471,-0.5737,-0.7253,-0.7066,-0.6358,-0.6566,-0.7681,-0.9096,-1.0106,-1.0376,-1.0055,-0.9452,-0.4813,-0.4786,-0.4743,-0.4682,-0.4602,-0.4503,-0.439,-0.4267,-0.4143,-0.4028,-0.3934,-0.387,-0.3841,-0.3847,-0.3882,-0.3936,-0.4,-0.4065,-0.4128,-0.4208,-0.4368,-0.4611,-0.4673,-0.4491,-0.4563,-0.5127,-0.5772,-0.5978,-0.5978,-0.626,-0.6933,-0.777,-0.8448,-0.8767,-0.873,-0.8458]}]