docs/data/wind_grid.json
[{"header":{"la1":42.85,"la2":41.18,"lo1":11.55,"lo2":14.05,"nx":36,"ny":24,"dx":0.07143,"dy":0.07261,"parameterCategory":2,"parameterNumber":2,"parameterNumberName":"eastward_wind","parameterUnit":"m.s-1"},"data":[-0.2605,-0.2699,-0.2803,-0.2915,-0.3028,-0.313,-0.3205,-0.3234,-0.3204,-0.3113,-0.2975,-0.281,-0.264,-0.2485,-0.236,-0.2279,-0.2255,-0.2301,-0.2421,-0.2607,-0.2822,-0.3008,-0.3109,-0.3107,-0.3017,-0.2874,-0.2708,-0.2538,-0.2374,-0.2221,-0.2079,-0.1949,-0.183,-0.1722,-0.1623,-0.1533,-0.2622,-0.2733,-0.2863,-0.3012,-0.3174,-0.3334,-0.3465,-0.3531,-0.3504,-0.3379,-0.3178,-0.294,-0.27,-0.2485,-0.2311,-0.2194,-0.2151,-0.2207,-0.2387,-0.2694,-0.307,-0.3397,-0.3556,-0.352,-0.3346,-0.3114,-0.2873,-0.2647,-0.2441,-0.2258,-0.2094,-0.1947,-0.1815,-0.1696,-0.1589,-0.1493,-0.2619,-0.2747,-0.2905,-0.31,-0.3331,-0.3583,-0.3816,-0.396,-0.3948,-0.3763,-0.3456,-0.3104,-0.2764,-0.2467,-0.2227,-0.2054,-0.1967,-0.2009,-0.2252,-0.2753,-0.3442,-0.4053,-0.429,-0.4131,-0.3775,-0.339,-0.3044,-0.2748,-0.2496,-0.2281,-0.2095,-0.1931,-0.1787,-0.1658,-0.1543,-0.1441,-0.259,-0.2728,-0.2912,-0.3157,-0.3478,-0.3875,-0.4297,-0.4612,-0.4646,-0.4343,-0.3839,-0.3303,-0.2823,-0.2422,-0.2099,-0.1847,-0.167,-0.1622,-0.1872,-0.2658,-0.3988,-0.5237,-0.5533,-0.4996,-0.4276,-0.3665,-0.3191,-0.2823,-0.2528,-0.2284,-0.2078,-0.19,-0.1744,-0.1606,-0.1485,-0.1378,-0.2525,-0.2665,-0.2861,-0.3147,-0.3569,-0.4174,-0.4942,-0.5653,-0.5819,-0.5238,-0.4341,-0.3518,-0.2858,-0.2336,-0.192,-0.1574,-0.1246,-0.093,-0.0921,-0.1993,-0.4568,-0.7264,-0.74,-0.5951,-0.4698,-0.3853,-0.3272,-0.285,-0.2524,-0.226,-0.2038,-0.1848,-0.1683,-0.1538,-0.1411,-0.13,-0.242,-0.2549,-0.2736,-0.3028,-0.3521,-0.4359,-0.567,-0.7254,-0.7797,-0.6497,-0.4872,-0.3681,-0.2832,-0.2185,-0.1679,-0.1256,-0.0767,0.0073,0.1122,0.0144,-0.4103,-0.8514,-0.8368,-0.6241,-0.4769,-0.3857,-0.3251,-0.2813,-0.2477,-0.2204,-0.1973,-0.1775,-0.1602,-0.1451,-0.1319,-0.1205,-0.2276,-0.2388,-0.2553,-0.2792,-0.3253,-0.4214,-0.5971,-0.8637,-0.9829,-0.7403,-0.51,-0.3691,-0.2711,-0.1933,-0.1321,-0.0882,-0.0425,0.0723,0.3291,0.2739,-0.2564,-0.5952,-0.6457,-0.5436,-0.442,-0.367,-0.3126,-0.2715,-0.2389,-0.2117,-0.1883,-0.1679,-0.1499,-0.1343,-0.1207,-0.1091,-0.2088,-0.22,-0.2417,-0.2602,-0.2816,-0.3647,-0.523,-0.7332,-0.8188,-0.6515,-0.4797,-0.3555,-0.2515,-0.153,-0.0675,-0.024,-0.019,0.0149,0.115,-0.0143,-0.4222,-0.5537,-0.5236,-0.4619,-0.3954,-0.3387,-0.2938,-0.2575,-0.227,-0.2004,-0.1769,-0.1559,-0.1373,-0.1211,-0.1072,-0.0955,-0.1832,-0.1923,-0.2372,-0.2856,-0.2384,-0.2878,-0.4151,-0.5341,-0.5828,-0.5426,-0.4531,-0.3488,-0.237,-0.0978,0.0689,0.1367,0.0489,-0.0439,-0.1316,-0.3759,-0.8158,-0.7617,-0.5338,-0.4212,-0.3565,-0.3104,-0.2738,-0.2424,-0.2139,-0.1876,-0.1634,-0.1415,-0.122,-0.1052,-0.091,-0.0793,-0.1486,-0.1321,-0.1383,-0.1517,-0.0817,-0.1909,-0.352,-0.4797,-0.5811,-0.5975,-0.4882,-0.3678,-0.2522,-0.0692,0.3287,0.5366,0.1692,-0.0468,-0.1848,-0.3891,-0.673,-0.6557,-0.479,-0.3757,-0.3213,-0.2865,-0.2579,-0.2299,-0.2017,-0.1741,-0.148,-0.1243,-0.1035,-0.0859,-0.0714,-0.06,-0.1152,-0.0545,0.0777,0.3608,0.2984,-0.0928,-0.3395,-0.4917,-0.7137,-0.8207,-0.5513,-0.404,-0.3202,-0.196,0.2258,0.5343,0.1249,-0.0772,-0.1822,-0.2791,-0.3831,-0.4079,-0.3617,-0.3178,-0.2926,-0.275,-0.2534,-0.2247,-0.1924,-0.1602,-0.1303,-0.1038,-0.081,-0.0624,-0.0478,-0.0369,-0.1028,-0.0301,0.1169,0.3443,0.2652,-0.13,-0.3779,-0.4817,-0.595,-0.6763,-0.5217,-0.449,-0.4239,-0.4598,-0.2929,-0.0445,-0.0513,-0.1776,-0.2362,-0.2307,-0.2512,-0.27,-0.2731,-0.2764,-0.2892,-0.2946,-0.2727,-0.2314,-0.1866,-0.1452,-0.109,-0.0782,-0.0529,-0.0332,-0.0188,-0.0092,-0.1158,-0.0671,0.003,0.0539,-0.0343,-0.245,-0.4201,-0.4958,-0.4921,-0.4862,-0.4868,-0.5796,-0.5473,-0.5368,-0.4058,-0.0874,-0.0583,-0.3633,-0.3881,-0.2223,-0.1923,-0.2017,-0.2233,-0.2648,-0.3343,-0.3746,-0.3268,-0.2484,-0.1802,-0.1255,-0.0811,-0.0451,-0.0169,0.0036,0.017,0.0243,-0.1407,-0.1197,-0.103,-0.1146,-0.1832,-0.2951,-0.4021,-0.4695,-0.4563,-0.418,-0.4594,-0.791,-0.8639,-0.2351,-0.125,0.1837,0.1522,-0.1246,-0.2313,-0.1603,-0.145,-0.1574,-0.1895,-0.2605,-0.3976,-0.4826,-0.3795,-0.2528,-0.1617,-0.0949,-0.0425,-0.0009,0.0303,0.0509,0.0618,0.0649,-0.1643,-0.1601,-0.1645,-0.1871,-0.2333,-0.2946,-0.3514,-0.3821,-0.3699,-0.3373,-0.3339,-0.3909,-0.3357,-0.1993,-0.007,0.2788,0.5746,0.1797,-0.0229,-0.0832,-0.1049,-0.1221,-0.1542,-0.2207,-0.3383,-0.4099,-0.3258,-0.2101,-0.1195,-0.048,0.0111,0.0591,0.0935,0.1128,0.1182,0.1139,-0.1809,-0.1841,-0.1941,-0.2137,-0.243,-0.2761,-0.3027,-0.3115,-0.2958,-0.2599,-0.2152,-0.2048,-0.1843,-0.1198,0.0039,0.2329,0.443,0.1892,0.0202,-0.0589,-0.095,-0.102,-0.1219,-0.1609,-0.2133,-0.2393,-0.2025,-0.1319,-0.0568,0.0154,0.0828,0.1405,0.1796,0.1946,0.1892,0.1719,-0.1903,-0.1957,-0.2053,-0.2195,-0.2371,-0.2542,-0.2649,-0.2636,-0.2479,-0.2208,-0.1967,-0.1615,0.0244,0.1253,0.0321,0.0873,0.1229,0.062,-0.005,-0.0564,-0.0946,-0.0963,-0.1013,-0.1163,-0.1356,-0.1436,-0.1208,-0.0645,0.0099,0.0905,0.174,0.2508,0.2983,0.3027,0.2759,0.2374,-0.1941,-0.1993,-0.2067,-0.216,-0.2258,-0.2336,-0.236,-0.2303,-0.2155,-0.1929,-0.1615,-0.092,0.0881,0.1429,0.0452,0.0405,0.0284,-0.0022,-0.0076,-0.0561,-0.084,-0.0874,-0.0847,-0.0872,-0.1088,-0.1486,-0.1376,-0.0404,0.0709,0.1722,0.2816,0.395,0.4579,0.4376,0.3725,0.3037,-0.194,-0.198,-0.2031,-0.2085,-0.2132,-0.2155,-0.2135,-0.2055,-0.1908,-0.1685,-0.135,-0.0814,-0.0114,0.0266,0.0602,0.0778,0.009,-0.0348,-0.0557,-0.1301,-0.1133,-0.0877,-0.0679,-0.0594,-0.1078,-0.2863,-0.3225,-0.0436,0.1479,0.2597,0.3861,0.5483,0.6322,0.5692,0.4556,0.3567,-0.1914,-0.1941,-0.1971,-0.1997,-0.201,-0.2,-0.1955,-0.1865,-0.172,-0.1514,-0.1231,-0.0863,-0.0457,-0.0072,0.0406,0.0525,-0.0114,-0.0832,-0.2167,-0.2785,-0.1545,-0.0915,-0.0506,-0.0134,-0.0295,-0.2618,-0.3207,0.1553,0.3071,0.3545,0.4453,0.609,0.6982,0.6166,0.4872,0.38,-0.1874,-0.1889,-0.1902,-0.1907,-0.1899,-0.187,-0.1812,-0.1718,-0.1584,-0.1404,-0.1177,-0.0909,-0.0625,-0.0348,-0.0121,-0.0116,-0.0425,-0.0956,-0.1714,-0.1963,-0.1379,-0.0926,-0.0486,0.0363,0.172,0.4066,0.891,0.7974,0.5416,0.4469,0.4543,0.5367,0.5945,0.5489,0.457,0.3701,-0.1827,-0.1831,-0.1831,-0.1822,-0.18,-0.176,-0.1697,-0.1606,-0.1484,-0.1332,-0.115,-0.0949,-0.0746,-0.0564,-0.0446,-0.045,-0.0601,-0.0864,-0.1146,-0.1235,-0.1146,-0.1246,-0.1127,0.0239,0.2904,0.782,1.4204,1.0852,0.6298,0.4981,0.4544,0.4591,0.4731,0.4516,0.3997,0.3403,-0.1776,-0.1772,-0.1763,-0.1744,-0.1714,-0.1668,-0.1604,-0.1518,-0.141,-0.1281,-0.1135,-0.0981,-0.083,-0.0702,-0.0621,-0.0609,-0.0668,-0.0776,-0.0883,-0.0948,-0.1095,-0.1653,-0.1862,-0.0201,0.2588,0.6089,0.8665,0.7188,0.5307,0.5035,0.4553,0.4208,0.4034,0.3815,0.3474,0.3065,-0.1725,-0.1715,-0.1699,-0.1674,-0.1639,-0.159,-0.1527,-0.1448,-0.1353,-0.1243,-0.1124,-0.1,-0.0882,-0.0782,-0.0712,-0.068,-0.0684,-0.0711,-0.0739,-0.0773,-0.0893,-0.1172,-0.1092,0.0107,0.2071,0.4143,0.5431,0.5377,0.5116,0.4944,0.4427,0.3954,0.363,0.3361,0.3074,0.2758]},{"header":{"la1":42.85,"la2":41.18,"lo1":11.55,"lo2":14.05,"nx":36,"ny":24,"dx":0.07143,"dy":0.07261,"parameterCategory":2,"parameterNumber":3,"parameterNumberName":"northward_wind","parameterUnit":"m.s-1"},"data":[0.0175,0.0019,-0.0162,-0.0366,-0.0582,-0.0794,-0.0976,-0.1099,-0.1142,-0.11,-0.0987,-0.0826,-0.064,-0.0444,-0.0247,-0.0055,0.0122,0.0273,0.0384,0.0451,0.0478,0.0485,0.0492,0.051,0.0541,0.0581,0.0626,0.0673,0.0722,0.0772,0.0823,0.0875,0.0927,0.0979,0.103,0.1079,0.0213,0.0033,-0.0187,-0.0446,-0.0739,-0.1043,-0.1319,-0.151,-0.1573,-0.1497,-0.1316,-0.1077,-0.082,-0.0562,-0.0308,-0.0062,0.0169,0.0362,0.0493,0.0545,0.0531,0.0491,0.0468,0.0481,0.052,0.0571,0.0625,0.0678,0.0732,0.0786,0.084,0.0896,0.0952,0.1008,0.1063,0.1115,0.0282,0.008,-0.0179,-0.0505,-0.0903,-0.1353,-0.1794,-0.2117,-0.2216,-0.2069,-0.1757,-0.1388,-0.1028,-0.0693,-0.0372,-0.0054,0.0255,0.052,0.0684,0.07,0.0587,0.0444,0.0378,0.0406,0.0479,0.0556,0.0624,0.0685,0.0744,0.0802,0.0861,0.0921,0.0982,0.1042,0.1101,0.1158,0.0392,0.0176,-0.0117,-0.0514,-0.1047,-0.1723,-0.2469,-0.3072,-0.3251,-0.2933,-0.2349,-0.1758,-0.1258,-0.0836,-0.0444,-0.0037,0.0393,0.0795,0.1035,0.0975,0.0625,0.0241,0.013,0.0257,0.042,0.0542,0.0629,0.0697,0.0759,0.0821,0.0884,0.0949,0.1016,0.1082,0.1146,0.1207,0.0548,0.033,0.0021,-0.0426,-0.1101,-0.2098,-0.3409,-0.4663,-0.5048,-0.4277,-0.3106,-0.215,-0.1486,-0.0993,-0.0543,-0.004,0.0575,0.1256,0.1731,0.1557,0.0663,-0.0307,-0.0375,0.0061,0.0381,0.0552,0.0648,0.0716,0.0779,0.0843,0.0911,0.0983,0.1056,0.1129,0.1199,0.1265,0.0752,0.0538,0.0237,-0.0203,-0.0948,-0.2286,-0.4489,-0.7227,-0.8215,-0.6198,-0.3873,-0.2456,-0.167,-0.1165,-0.0709,-0.0132,0.0714,0.1913,0.3089,0.2871,0.1104,-0.0711,-0.0665,0.0072,0.0452,0.0609,0.0686,0.0742,0.08,0.0866,0.0941,0.1021,0.1103,0.1184,0.1262,0.1334,0.0998,0.0769,0.0455,0.0098,-0.0499,-0.1918,-0.4835,-0.9512,-1.1619,-0.7547,-0.4103,-0.2504,-0.1778,-0.1372,-0.0994,-0.0427,0.0564,0.2261,0.4499,0.4333,0.2185,0.0707,0.0328,0.0542,0.0669,0.0709,0.0731,0.0765,0.0818,0.0889,0.0973,0.1065,0.1159,0.1252,0.1339,0.1417,0.1304,0.0994,0.0451,0.0085,0.0077,-0.0827,-0.3262,-0.6969,-0.857,-0.573,-0.3339,-0.2266,-0.1836,-0.1651,-0.1463,-0.1025,-0.0092,0.1449,0.3162,0.3359,0.3031,0.2533,0.1634,0.1134,0.0905,0.0794,0.0755,0.0769,0.0823,0.0906,0.1007,0.1117,0.1228,0.1334,0.1432,0.1518,0.1745,0.1399,0.0283,-0.0827,0.0582,0.068,-0.0826,-0.2595,-0.3386,-0.2937,-0.2303,-0.1973,-0.1931,-0.2042,-0.2185,-0.1996,-0.1093,0.021,0.1499,0.2708,0.4553,0.4117,0.2376,0.1434,0.0995,0.0792,0.0721,0.0735,0.0807,0.0916,0.1044,0.118,0.1313,0.1438,0.1548,0.1642,0.2393,0.2481,0.2074,0.1681,0.3366,0.2707,0.117,-0.0243,-0.149,-0.2009,-0.1817,-0.1845,-0.2132,-0.2509,-0.3126,-0.3407,-0.2042,-0.0662,0.0555,0.1947,0.3607,0.3414,0.2122,0.1294,0.086,0.0653,0.0596,0.0644,0.0761,0.0917,0.1088,0.1261,0.1424,0.157,0.1694,0.1795,0.3075,0.3935,0.5816,0.9916,0.924,0.487,0.2747,0.1257,-0.1857,-0.3328,-0.1758,-0.1872,-0.2499,-0.3032,-0.3384,-0.358,-0.2272,-0.0967,0.002,0.0848,0.1582,0.1706,0.1295,0.0844,0.0516,0.0346,0.0347,0.0479,0.0683,0.0915,0.1149,0.1372,0.1573,0.1744,0.1883,0.1988,0.3451,0.4578,0.6729,0.989,0.9134,0.5395,0.4133,0.3858,0.1221,-0.1381,-0.1167,-0.1997,-0.3068,-0.4137,-0.3828,-0.3152,-0.2108,-0.0429,0.0359,0.0398,0.0587,0.0698,0.0588,0.0316,-0.001,-0.0189,-0.0074,0.0229,0.0582,0.0926,0.1246,0.1533,0.1779,0.1978,0.2128,0.2232,0.3425,0.4289,0.548,0.6486,0.6045,0.4972,0.5237,0.4405,0.6351,0.1906,-0.0538,-0.2537,-0.3461,-0.457,-0.4291,-0.394,-0.2629,0.1502,0.1888,0.0392,0.0173,0.0199,0.0137,-0.0162,-0.0727,-0.1061,-0.0689,-0.0064,0.0501,0.0986,0.1408,0.1772,0.207,0.2297,0.2451,0.2542,0.3171,0.3705,0.426,0.4593,0.4533,0.4556,0.5504,0.7982,0.6643,0.2567,-0.0043,-0.3475,-0.4522,-0.2909,-0.4031,-0.6912,-0.4919,-0.0766,0.051,-0.0011,-0.0126,-0.01,-0.0121,-0.0451,-0.1339,-0.1929,-0.1182,-0.0224,0.0527,0.1143,0.1676,0.213,0.2488,0.2737,0.288,0.2937,0.2864,0.3181,0.3465,0.3643,0.3731,0.3922,0.4395,0.4789,0.3958,0.2503,0.164,0.0547,-0.0497,0.072,-0.3494,-0.7541,-0.39,-0.2429,-0.0889,-0.0434,-0.0493,-0.0435,-0.0264,-0.0409,-0.1038,-0.1468,-0.0899,-0.0051,0.0723,0.1437,0.2096,0.2665,0.3093,0.3351,0.345,0.3435,0.2585,0.278,0.2946,0.3063,0.3151,0.3256,0.3366,0.3309,0.2988,0.2987,0.4146,0.5086,0.3218,0.0769,-0.14,-0.3161,-0.2925,-0.1684,-0.0463,-0.038,-0.1344,-0.1084,-0.0356,-0.0206,-0.0422,-0.0571,-0.0318,0.0262,0.1023,0.1868,0.2714,0.3459,0.398,0.4212,0.4201,0.4048,0.2351,0.2477,0.2581,0.2657,0.271,0.2746,0.275,0.27,0.2695,0.3091,0.4063,0.4195,0.5293,0.5555,0.1103,-0.0677,-0.0761,0.0456,0.1502,0.0588,-0.1369,-0.104,-0.0161,0.0001,-0.0235,-0.05,-0.0392,0.0262,0.1268,0.2409,0.3581,0.4631,0.5285,0.5407,0.5155,0.4764,0.2162,0.2245,0.2312,0.2358,0.2386,0.2395,0.2389,0.2386,0.2462,0.2719,0.3108,0.3611,0.5553,0.5749,0.2057,0.0835,0.102,0.3151,0.54,0.2763,0.0918,0.0407,0.0445,0.0203,-0.0592,-0.173,-0.185,-0.0399,0.1395,0.3056,0.4716,0.6282,0.7129,0.695,0.6249,0.5508,0.2009,0.2065,0.2108,0.2137,0.2151,0.2153,0.2152,0.2167,0.2232,0.2374,0.2585,0.289,0.3257,0.2763,0.1389,0.107,0.1628,0.3373,0.4736,0.372,0.2456,0.1596,0.114,0.0474,-0.1254,-0.4696,-0.5427,-0.1396,0.174,0.3855,0.5924,0.8133,0.9195,0.8483,0.7208,0.6118,0.1886,0.1924,0.1952,0.197,0.1978,0.1979,0.198,0.1994,0.2033,0.2105,0.22,0.2288,0.2259,0.191,0.1355,0.1225,0.1776,0.2878,0.4289,0.4781,0.3255,0.2361,0.1874,0.1167,-0.0618,-0.4852,-0.5838,0.0164,0.3168,0.4909,0.6694,0.8899,0.9978,0.9046,0.7593,0.6406,0.1787,0.1814,0.1833,0.1844,0.1848,0.1848,0.1849,0.1856,0.1875,0.1905,0.1934,0.1937,0.187,0.1708,0.1539,0.156,0.1925,0.2651,0.3586,0.3866,0.3267,0.2971,0.2809,0.2389,0.1891,0.2322,0.5735,0.5881,0.5799,0.6423,0.711,0.8166,0.8826,0.8321,0.73,0.6337,0.1708,0.1727,0.174,0.1747,0.175,0.1749,0.1748,0.175,0.1756,0.1764,0.1767,0.1753,0.1711,0.1652,0.1626,0.1712,0.1975,0.2406,0.2869,0.313,0.3329,0.387,0.4063,0.3596,0.3846,0.6114,0.9704,0.8662,0.8742,0.8797,0.8048,0.7711,0.7668,0.7352,0.6743,0.6066,0.1644,0.1658,0.1668,0.1673,0.1675,0.1674,0.1672,0.1672,0.1672,0.1672,0.167,0.1661,0.1647,0.1642,0.1673,0.1778,0.1981,0.2272,0.2603,0.2964,0.3546,0.4526,0.4807,0.4201,0.4522,0.6107,0.7944,0.9701,1.284,1.1866,0.9388,0.7914,0.722,0.6756,0.6273,0.5763,0.1594,0.1605,0.1612,0.1616,0.1618,0.1618,0.1617,0.1616,0.1615,0.1616,0.1616,0.1618,0.1625,0.1649,0.1706,0.1814,0.1986,0.2221,0.2514,0.2895,0.3446,0.4102,0.4329,0.4217,0.4652,0.5833,0.7572,1.0358,1.3365,1.2345,0.9767,0.8008,0.7023,0.6413,0.5932,0.5493]}]