docs/data/wind_grid.json
[{"header":{"la1":42.85,"la2":41.18,"lo1":11.55,"lo2":14.05,"nx":36,"ny":24,"dx":0.07143,"dy":0.07261,"parameterCategory":2,"parameterNumber":2,"parameterNumberName":"eastward_wind","parameterUnit":"m.s-1"},"data":[-0.4721,-0.4772,-0.4833,-0.4901,-0.4972,-0.5035,-0.5076,-0.5081,-0.504,-0.4955,-0.4839,-0.4715,-0.4603,-0.4517,-0.4465,-0.4448,-0.446,-0.4491,-0.4528,-0.4562,-0.4586,-0.46,-0.4603,-0.4599,-0.4589,-0.4576,-0.4561,-0.4544,-0.4526,-0.4507,-0.4489,-0.4471,-0.4454,-0.4438,-0.4423,-0.4409,-0.4725,-0.4789,-0.4871,-0.4968,-0.5078,-0.5186,-0.5271,-0.5301,-0.5253,-0.5128,-0.4951,-0.4762,-0.4596,-0.4476,-0.4411,-0.4399,-0.4432,-0.449,-0.4553,-0.4604,-0.4634,-0.4645,-0.4643,-0.4632,-0.4616,-0.4596,-0.4575,-0.4553,-0.4531,-0.4509,-0.4487,-0.4467,-0.4447,-0.4429,-0.4412,-0.4397,-0.4717,-0.4794,-0.4899,-0.5036,-0.5203,-0.5388,-0.5556,-0.5646,-0.5598,-0.5404,-0.5118,-0.4821,-0.4573,-0.4404,-0.4323,-0.4326,-0.4397,-0.4505,-0.461,-0.4683,-0.4713,-0.4714,-0.4697,-0.4674,-0.4647,-0.4619,-0.4591,-0.4563,-0.4536,-0.4509,-0.4484,-0.446,-0.4437,-0.4417,-0.4398,-0.4382,-0.4691,-0.4778,-0.4906,-0.5087,-0.5334,-0.5644,-0.5975,-0.6208,-0.6184,-0.5856,-0.5363,-0.4884,-0.4513,-0.4277,-0.4179,-0.4211,-0.4353,-0.4553,-0.4733,-0.483,-0.4843,-0.4811,-0.4767,-0.4723,-0.4682,-0.4643,-0.4606,-0.4571,-0.4538,-0.4507,-0.4477,-0.445,-0.4425,-0.4402,-0.4381,-0.4363,-0.4641,-0.4729,-0.4871,-0.5095,-0.5434,-0.5927,-0.6562,-0.7143,-0.7221,-0.6599,-0.5694,-0.492,-0.4381,-0.4061,-0.3942,-0.4023,-0.4289,-0.4667,-0.4988,-0.51,-0.504,-0.4936,-0.4846,-0.4776,-0.4718,-0.4666,-0.462,-0.4577,-0.4537,-0.4501,-0.4467,-0.4436,-0.4408,-0.4383,-0.436,-0.4341,-0.4558,-0.4633,-0.4772,-0.5015,-0.543,-0.6124,-0.7227,-0.8579,-0.8998,-0.7679,-0.6007,-0.4841,-0.4122,-0.3703,-0.3547,-0.3689,-0.4151,-0.485,-0.5448,-0.5526,-0.5282,-0.5064,-0.4923,-0.4827,-0.4751,-0.4686,-0.4629,-0.4578,-0.4532,-0.449,-0.4452,-0.4417,-0.4386,-0.4358,-0.4334,-0.4313,-0.4441,-0.4481,-0.4585,-0.4806,-0.5228,-0.6007,-0.7457,-0.9766,-1.0807,-0.8381,-0.5912,-0.4509,-0.3682,-0.3141,-0.288,-0.3053,-0.376,-0.4883,-0.5859,-0.586,-0.5426,-0.5143,-0.4982,-0.4869,-0.4778,-0.4699,-0.4631,-0.4571,-0.4519,-0.4473,-0.4431,-0.4392,-0.4358,-0.4327,-0.4301,-0.4279,-0.4292,-0.4268,-0.4294,-0.4438,-0.4784,-0.5429,-0.6562,-0.8319,-0.9014,-0.6954,-0.4998,-0.3879,-0.3078,-0.2317,-0.1719,-0.18,-0.2817,-0.4283,-0.5385,-0.5556,-0.5341,-0.5165,-0.5028,-0.4905,-0.4795,-0.47,-0.4621,-0.4554,-0.4498,-0.4447,-0.4401,-0.436,-0.4322,-0.4289,-0.4261,-0.4238,-0.4125,-0.4002,-0.3889,-0.3892,-0.415,-0.4627,-0.5127,-0.5441,-0.5125,-0.4243,-0.3621,-0.3161,-0.2469,-0.126,0.0403,0.08,-0.1138,-0.3366,-0.4707,-0.5218,-0.531,-0.5235,-0.5092,-0.4937,-0.4798,-0.4683,-0.4594,-0.4524,-0.4465,-0.4412,-0.4364,-0.4318,-0.4277,-0.4241,-0.4211,-0.4187,-0.3972,-0.3724,-0.3388,-0.3119,-0.3352,-0.3987,-0.4243,-0.3664,-0.2179,-0.1466,-0.2283,-0.2657,-0.2169,-0.048,0.3857,0.6034,0.0747,-0.3211,-0.5061,-0.5656,-0.566,-0.5448,-0.5189,-0.4955,-0.477,-0.4635,-0.4542,-0.4475,-0.442,-0.4368,-0.4316,-0.4266,-0.422,-0.418,-0.4148,-0.4125,-0.3886,-0.3543,-0.2978,-0.2282,-0.249,-0.3743,-0.4311,-0.346,0.0218,0.204,-0.14,-0.2588,-0.2394,-0.1235,0.2999,0.6032,-0.043,-0.516,-0.7116,-0.7079,-0.6408,-0.5762,-0.527,-0.492,-0.4684,-0.4539,-0.4458,-0.4408,-0.4363,-0.4314,-0.4259,-0.4202,-0.4149,-0.4103,-0.4069,-0.4047,-0.3908,-0.3586,-0.3061,-0.2429,-0.2704,-0.4165,-0.537,-0.5793,-0.267,-0.0333,-0.2244,-0.2978,-0.2822,-0.2634,-0.1654,-0.155,-0.5,-1.0522,-1.196,-0.9437,-0.727,-0.5979,-0.5231,-0.4783,-0.4513,-0.4377,-0.4337,-0.4326,-0.4301,-0.4254,-0.419,-0.4121,-0.4056,-0.4004,-0.3968,-0.3948,-0.4026,-0.3822,-0.3569,-0.3427,-0.3829,-0.4844,-0.6187,-0.8653,-0.5651,-0.3862,-0.3556,-0.3527,-0.313,-0.2331,-0.1866,-0.3951,-0.832,-1.8447,-1.8661,-1.1253,-0.7507,-0.5782,-0.4964,-0.4536,-0.4271,-0.416,-0.4198,-0.4248,-0.4244,-0.4191,-0.4108,-0.4016,-0.3933,-0.3871,-0.3835,-0.3823,-0.4183,-0.4097,-0.4044,-0.4125,-0.4465,-0.5054,-0.5701,-0.5731,-0.5371,-0.4705,-0.4297,-0.394,-0.3611,-0.1523,-0.3167,-0.529,-0.8398,-1.3874,-1.4547,-0.9539,-0.6305,-0.4869,-0.4405,-0.4254,-0.4095,-0.4,-0.4109,-0.4208,-0.4207,-0.4126,-0.4004,-0.3873,-0.3762,-0.3688,-0.3656,-0.3662,-0.4329,-0.4315,-0.4345,-0.4463,-0.4695,-0.5007,-0.5284,-0.536,-0.5245,-0.5202,-0.524,-0.4797,-0.3989,-0.3953,-0.4209,-0.6989,-0.9397,-0.8719,-0.8235,-0.5956,-0.3595,-0.2998,-0.3506,-0.3957,-0.4089,-0.4071,-0.4167,-0.4244,-0.4199,-0.4055,-0.3861,-0.3665,-0.351,-0.3426,-0.3414,-0.3453,-0.4445,-0.4464,-0.4519,-0.4622,-0.4775,-0.4953,-0.5108,-0.5214,-0.537,-0.5898,-0.715,-0.6081,-0.5281,-0.4512,-0.4979,-0.6817,-0.8367,-0.689,-0.5362,-0.303,0.0334,-0.0298,-0.2497,-0.3661,-0.4138,-0.4309,-0.4401,-0.439,-0.4232,-0.3967,-0.3649,-0.3343,-0.3125,-0.3043,-0.3081,-0.319,-0.4532,-0.4564,-0.462,-0.4704,-0.4814,-0.4936,-0.506,-0.5204,-0.5458,-0.6027,-0.6957,-0.6184,-0.528,-0.5054,-0.5342,-0.5876,-0.588,-0.4653,-0.3298,-0.2076,0.0896,0.0074,-0.234,-0.3675,-0.4393,-0.4806,-0.4923,-0.4715,-0.4316,-0.3844,-0.3327,-0.2832,-0.2519,-0.248,-0.2641,-0.2876,-0.4594,-0.463,-0.4683,-0.4753,-0.4838,-0.4936,-0.5047,-0.5186,-0.539,-0.5673,-0.5865,-0.5643,-0.5249,-0.5247,-0.5975,-0.624,-0.5147,-0.2619,-0.0563,-0.2173,-0.202,-0.2159,-0.3137,-0.4091,-0.5008,-0.5915,-0.6089,-0.531,-0.442,-0.3666,-0.2872,-0.2054,-0.1598,-0.171,-0.2118,-0.2547,-0.464,-0.4676,-0.4724,-0.4783,-0.4855,-0.4937,-0.5032,-0.5146,-0.5283,-0.5422,-0.55,-0.5483,-0.5506,-0.596,-0.7669,-0.8323,-0.5689,-0.3052,-0.1786,-0.332,-0.3498,-0.3557,-0.3936,-0.4555,-0.5717,-0.7864,-0.8315,-0.5908,-0.4311,-0.3421,-0.2397,-0.1117,-0.0483,-0.0903,-0.1658,-0.2296,-0.4672,-0.4707,-0.475,-0.4803,-0.4864,-0.4933,-0.5013,-0.5102,-0.5199,-0.5291,-0.5366,-0.5445,-0.5633,-0.6192,-0.7435,-0.774,-0.5871,-0.4388,-0.4484,-0.4846,-0.4341,-0.4351,-0.4517,-0.4726,-0.5455,-0.7863,-0.8437,-0.4617,-0.3516,-0.3187,-0.2289,-0.0768,-0.0022,-0.0624,-0.1533,-0.2243,-0.4696,-0.4729,-0.4768,-0.4814,-0.4867,-0.4926,-0.4992,-0.5063,-0.5138,-0.5214,-0.5293,-0.5396,-0.5578,-0.5906,-0.6298,-0.6237,-0.5515,-0.4825,-0.4666,-0.4728,-0.4815,-0.5155,-0.5253,-0.4802,-0.4022,-0.2479,0.1216,0.0244,-0.2354,-0.3324,-0.2871,-0.1662,-0.0952,-0.1244,-0.1877,-0.2433,-0.4713,-0.4743,-0.4778,-0.4819,-0.4865,-0.4915,-0.4971,-0.503,-0.5092,-0.5157,-0.5228,-0.5318,-0.544,-0.5589,-0.5687,-0.559,-0.5283,-0.4975,-0.486,-0.4989,-0.5517,-0.6524,-0.6763,-0.542,-0.3302,0.0378,0.5383,0.2123,-0.333,-0.4677,-0.4072,-0.3047,-0.2357,-0.2254,-0.2483,-0.2785,-0.4725,-0.4752,-0.4784,-0.482,-0.486,-0.4903,-0.495,-0.4999,-0.5051,-0.5105,-0.5164,-0.523,-0.5302,-0.5365,-0.5381,-0.5312,-0.5172,-0.5048,-0.5051,-0.531,-0.6083,-0.7517,-0.7928,-0.6104,-0.377,-0.1278,0.0219,-0.2966,-0.7678,-0.7157,-0.5428,-0.418,-0.3433,-0.3113,-0.3075,-0.317,-0.4732,-0.4757,-0.4786,-0.4817,-0.4852,-0.4889,-0.4929,-0.497,-0.5013,-0.5057,-0.5102,-0.5148,-0.5189,-0.5216,-0.5213,-0.5173,-0.5112,-0.5078,-0.5143,-0.5404,-0.5989,-0.6804,-0.6933,-0.581,-0.4304,-0.3127,-0.3172,-0.5565,-0.8305,-0.7649,-0.5968,-0.4781,-0.4068,-0.3688,-0.3529,-0.3502]},{"header":{"la1":42.85,"la2":41.18,"lo1":11.55,"lo2":14.05,"nx":36,"ny":24,"dx":0.07143,"dy":0.07261,"parameterCategory":2,"parameterNumber":3,"parameterNumberName":"northward_wind","parameterUnit":"m.s-1"},"data":[-0.7091,-0.7087,-0.7071,-0.7042,-0.7,-0.6945,-0.6881,-0.681,-0.6733,-0.6644,-0.6532,-0.6386,-0.6195,-0.5955,-0.567,-0.5351,-0.5017,-0.4701,-0.4432,-0.4237,-0.4119,-0.4067,-0.4059,-0.4072,-0.4092,-0.411,-0.4122,-0.4128,-0.4129,-0.4126,-0.4122,-0.4118,-0.4113,-0.4109,-0.4107,-0.4105,-0.7169,-0.7167,-0.7152,-0.712,-0.7069,-0.7002,-0.6924,-0.6847,-0.6775,-0.6702,-0.6609,-0.647,-0.6268,-0.5994,-0.5648,-0.5243,-0.4805,-0.4384,-0.404,-0.3818,-0.3724,-0.3729,-0.3784,-0.3855,-0.3918,-0.3967,-0.4,-0.402,-0.4031,-0.4036,-0.4038,-0.4038,-0.4037,-0.4038,-0.4039,-0.4041,-0.7245,-0.7247,-0.7233,-0.7196,-0.7131,-0.7037,-0.6927,-0.6827,-0.6763,-0.6728,-0.668,-0.657,-0.6367,-0.6058,-0.5637,-0.5111,-0.4512,-0.3916,-0.3443,-0.3191,-0.3166,-0.3286,-0.3455,-0.3613,-0.3736,-0.3822,-0.3878,-0.3912,-0.3932,-0.3943,-0.395,-0.3955,-0.3959,-0.3964,-0.3969,-0.3976,-0.7319,-0.7327,-0.7315,-0.7273,-0.7186,-0.7042,-0.6856,-0.6689,-0.6626,-0.6674,-0.6732,-0.6692,-0.6508,-0.6166,-0.5659,-0.4973,-0.4119,-0.3208,-0.249,-0.2213,-0.2366,-0.2722,-0.3082,-0.3363,-0.3557,-0.3683,-0.376,-0.3806,-0.3833,-0.3849,-0.386,-0.387,-0.3879,-0.3888,-0.3899,-0.391,-0.7386,-0.74,-0.7397,-0.7357,-0.7248,-0.7025,-0.6675,-0.6312,-0.621,-0.6457,-0.6756,-0.6854,-0.671,-0.6347,-0.5757,-0.4881,-0.3652,-0.2156,-0.0921,-0.0652,-0.1253,-0.2063,-0.2709,-0.3138,-0.3403,-0.356,-0.3651,-0.3703,-0.3733,-0.3753,-0.3768,-0.3782,-0.3796,-0.3811,-0.3828,-0.3844,-0.7437,-0.7457,-0.7469,-0.7452,-0.7348,-0.7048,-0.642,-0.5554,-0.5256,-0.6006,-0.6802,-0.71,-0.6999,-0.6627,-0.5991,-0.4962,-0.3292,-0.0833,0.149,0.1627,0.0041,-0.1473,-0.2438,-0.299,-0.3296,-0.3462,-0.3553,-0.3603,-0.3633,-0.3654,-0.3673,-0.3691,-0.3712,-0.3734,-0.3757,-0.378,-0.7458,-0.7476,-0.7503,-0.7535,-0.7511,-0.7254,-0.6432,-0.4846,-0.4101,-0.5734,-0.7114,-0.7516,-0.7394,-0.702,-0.6417,-0.5391,-0.3508,-0.0217,0.3455,0.3359,0.069,-0.1315,-0.2403,-0.2961,-0.3246,-0.339,-0.3464,-0.3503,-0.3529,-0.355,-0.3573,-0.3598,-0.3627,-0.3657,-0.3688,-0.3719,-0.7435,-0.7417,-0.7426,-0.7515,-0.7679,-0.7733,-0.7288,-0.6081,-0.5535,-0.7015,-0.8056,-0.8155,-0.7867,-0.7494,-0.7048,-0.6255,-0.4644,-0.1817,0.1316,0.1546,-0.0335,-0.1826,-0.2638,-0.3045,-0.324,-0.3331,-0.3374,-0.3398,-0.3417,-0.3439,-0.3468,-0.3502,-0.3541,-0.3583,-0.3624,-0.3663,-0.7361,-0.7241,-0.7117,-0.7159,-0.7584,-0.8257,-0.8732,-0.8898,-0.9247,-0.9758,-0.9576,-0.8923,-0.8315,-0.7961,-0.7862,-0.7504,-0.6209,-0.4259,-0.2436,-0.1771,-0.2136,-0.2654,-0.2992,-0.3164,-0.3237,-0.3262,-0.327,-0.3277,-0.3293,-0.3319,-0.3357,-0.3405,-0.3459,-0.3515,-0.3569,-0.3618,-0.7266,-0.6966,-0.6484,-0.6096,-0.6718,-0.8438,-1.006,-1.1415,-1.296,-1.3308,-1.1399,-0.959,-0.8573,-0.8243,-0.8801,-0.9159,-0.7424,-0.566,-0.4387,-0.3649,-0.3355,-0.3278,-0.3252,-0.3223,-0.3189,-0.3159,-0.314,-0.3137,-0.3153,-0.3188,-0.3242,-0.3309,-0.3384,-0.3459,-0.3528,-0.3589,-0.723,-0.6771,-0.5837,-0.4515,-0.5043,-0.8427,-1.1268,-1.3203,-1.6256,-1.7819,-1.2819,-0.9808,-0.8493,-0.8064,-0.8672,-0.9224,-0.7421,-0.5863,-0.4895,-0.4275,-0.3831,-0.3517,-0.3302,-0.3159,-0.3068,-0.3014,-0.2985,-0.2978,-0.2998,-0.3047,-0.3125,-0.3221,-0.3325,-0.3425,-0.3514,-0.3586,-0.7332,-0.6918,-0.6057,-0.4848,-0.5566,-0.9378,-1.2847,-1.4873,-1.5086,-1.5489,-1.1908,-0.9428,-0.817,-0.733,-0.7712,-0.7541,-0.6471,-0.5171,-0.4574,-0.4243,-0.3806,-0.3406,-0.3127,-0.2968,-0.2897,-0.2865,-0.2835,-0.2814,-0.2831,-0.2898,-0.301,-0.315,-0.3297,-0.3431,-0.3541,-0.3622,-0.7557,-0.7376,-0.708,-0.6985,-0.8099,-1.0682,-1.3702,-1.8553,-1.3216,-1.2106,-1.0323,-0.9008,-0.8334,-0.7498,-0.7949,-0.6986,-0.565,-0.4175,-0.4025,-0.3948,-0.3423,-0.2959,-0.2729,-0.2694,-0.2776,-0.2833,-0.2757,-0.2662,-0.2651,-0.274,-0.2908,-0.3117,-0.3327,-0.3506,-0.3637,-0.3719,-0.7799,-0.7841,-0.7955,-0.8352,-0.9324,-1.0834,-1.2291,-1.2039,-1.1623,-1.0714,-0.9497,-0.8864,-0.8822,-0.9544,-0.7861,-0.6202,-0.4707,-0.4199,-0.3966,-0.3407,-0.2513,-0.2013,-0.2047,-0.2346,-0.2773,-0.2993,-0.2743,-0.2481,-0.2428,-0.2567,-0.2835,-0.3159,-0.3465,-0.3699,-0.3842,-0.3904,-0.797,-0.813,-0.8388,-0.883,-0.951,-1.0335,-1.0999,-1.11,-1.0591,-0.9721,-0.9054,-0.8752,-0.8503,-0.7984,-0.7445,-0.4424,-0.1781,-0.3535,-0.3511,-0.2185,-0.0379,-0.0073,-0.0935,-0.1753,-0.2412,-0.2714,-0.2417,-0.2105,-0.2094,-0.2367,-0.2828,-0.335,-0.3803,-0.4096,-0.4218,-0.4214,-0.8043,-0.8237,-0.8501,-0.8858,-0.9296,-0.9734,-1.0017,-0.9986,-0.961,-0.9104,-0.8862,-0.889,-0.8595,-0.8026,-0.7055,-0.4621,-0.2693,-0.3611,-0.3169,-0.0516,0.3904,0.3105,0.037,-0.0942,-0.1475,-0.1622,-0.1467,-0.1362,-0.158,-0.2145,-0.2962,-0.3835,-0.4511,-0.4838,-0.485,-0.4686,-0.8031,-0.8214,-0.8437,-0.8697,-0.897,-0.9201,-0.9313,-0.9249,-0.9031,-0.8809,-0.877,-0.8683,-0.8602,-0.8456,-0.7157,-0.5771,-0.4785,-0.4474,-0.3853,-0.092,0.4444,0.3471,0.0669,-0.0344,-0.0413,-0.0159,0.0002,-0.0208,-0.0848,-0.1919,-0.3365,-0.4872,-0.5888,-0.6127,-0.5819,-0.5326,-0.7958,-0.8114,-0.8287,-0.8469,-0.8638,-0.8761,-0.8803,-0.8749,-0.8628,-0.8509,-0.8428,-0.8332,-0.8436,-0.8293,-0.696,-0.6064,-0.5397,-0.5272,-0.5769,-0.3419,-0.0509,0.0316,-0.0064,0.0017,0.075,0.1721,0.2016,0.1332,0.0096,-0.1684,-0.4146,-0.6806,-0.8315,-0.8116,-0.7092,-0.6052,-0.7846,-0.7971,-0.8101,-0.8224,-0.8328,-0.8392,-0.8402,-0.8355,-0.8266,-0.8161,-0.8044,-0.7901,-0.7717,-0.7219,-0.631,-0.6043,-0.5539,-0.5201,-0.5244,-0.4001,-0.2597,-0.1369,-0.0554,0.0407,0.1942,0.3831,0.4239,0.2904,0.116,-0.1294,-0.5037,-0.9472,-1.1568,-1.0368,-0.8275,-0.6615,-0.7712,-0.7809,-0.7901,-0.7983,-0.8043,-0.8072,-0.8061,-0.801,-0.7924,-0.7809,-0.7662,-0.7463,-0.7167,-0.6698,-0.6185,-0.5958,-0.5413,-0.4742,-0.4152,-0.3981,-0.3034,-0.1684,-0.0502,0.0781,0.2544,0.442,0.4798,0.3918,0.2286,-0.0387,-0.4828,-1.0488,-1.2985,-1.1156,-0.8553,-0.6667,-0.7566,-0.7638,-0.7701,-0.7752,-0.7782,-0.7786,-0.7758,-0.7696,-0.7602,-0.7475,-0.7307,-0.7084,-0.6786,-0.6414,-0.6035,-0.5662,-0.5122,-0.4477,-0.3967,-0.3593,-0.2529,-0.1067,0.0043,0.1084,0.2691,0.4612,0.6254,0.5558,0.3675,0.1297,-0.2577,-0.745,-1.0007,-0.923,-0.7482,-0.6053,-0.7416,-0.7466,-0.7506,-0.7533,-0.754,-0.7524,-0.7481,-0.7409,-0.7305,-0.7166,-0.6987,-0.676,-0.6478,-0.6147,-0.5779,-0.5357,-0.4833,-0.4229,-0.3606,-0.2809,-0.1392,0.0417,0.1145,0.1365,0.2713,0.5181,0.7712,0.6588,0.5143,0.366,0.0594,-0.312,-0.5587,-0.6134,-0.5664,-0.5007,-0.7266,-0.7297,-0.7319,-0.7326,-0.7316,-0.7284,-0.7228,-0.7145,-0.7032,-0.6886,-0.6702,-0.6475,-0.6203,-0.5884,-0.5517,-0.5086,-0.457,-0.3959,-0.3218,-0.2178,-0.0538,0.1454,0.1915,0.1487,0.2366,0.4173,0.5642,0.6077,0.7256,0.6247,0.3118,-0.0103,-0.2426,-0.3594,-0.3941,-0.3907,-0.7117,-0.7134,-0.714,-0.7132,-0.7107,-0.7062,-0.6995,-0.6903,-0.6783,-0.6631,-0.6445,-0.622,-0.5953,-0.5641,-0.5278,-0.485,-0.4342,-0.3731,-0.2967,-0.195,-0.0597,0.0763,0.1244,0.1238,0.1888,0.31,0.4352,0.5828,0.7514,0.6628,0.3928,0.128,-0.0724,-0.1997,-0.2682,-0.2999]}]