docs/data/wind_grid.json
[{"header":{"la1":42.85,"la2":41.18,"lo1":11.55,"lo2":14.05,"nx":36,"ny":24,"dx":0.07143,"dy":0.07261,"parameterCategory":2,"parameterNumber":2,"parameterNumberName":"eastward_wind","parameterUnit":"m.s-1"},"data":[0.0657,0.0663,0.0666,0.0666,0.0661,0.0649,0.0629,0.0595,0.0545,0.0467,0.0351,0.0185,-0.0033,-0.0292,-0.055,-0.0742,-0.0808,-0.0738,-0.0573,-0.0369,-0.0167,0.0013,0.0168,0.0299,0.0409,0.0502,0.058,0.0647,0.0702,0.0749,0.0788,0.082,0.0845,0.0866,0.0882,0.0895,0.0662,0.0671,0.0678,0.0681,0.0678,0.0669,0.065,0.0621,0.0575,0.0498,0.037,0.0166,-0.0133,-0.0523,-0.0947,-0.1273,-0.1365,-0.1204,-0.0902,-0.0576,-0.0289,-0.0053,0.0137,0.0289,0.0413,0.0516,0.0601,0.0671,0.073,0.0778,0.0817,0.0848,0.0873,0.0892,0.0907,0.0917,0.0665,0.0677,0.0688,0.0695,0.0695,0.0686,0.0667,0.0642,0.0606,0.0545,0.0421,0.0189,-0.0201,-0.0778,-0.1485,-0.2071,-0.2194,-0.183,-0.128,-0.0777,-0.0386,-0.0094,0.0126,0.0296,0.0432,0.0541,0.0632,0.0705,0.0766,0.0814,0.0853,0.0882,0.0905,0.0922,0.0933,0.0941,0.0665,0.0682,0.0698,0.0708,0.0709,0.0696,0.0669,0.0638,0.0619,0.0596,0.051,0.0282,-0.0177,-0.0957,-0.2069,-0.311,-0.3265,-0.2512,-0.16,-0.0901,-0.0423,-0.0093,0.0144,0.0324,0.0466,0.0581,0.0674,0.075,0.081,0.0858,0.0895,0.0922,0.0941,0.0955,0.0963,0.0967,0.0661,0.0683,0.0705,0.0721,0.0724,0.0699,0.0641,0.0572,0.056,0.0618,0.0632,0.0467,0.0017,-0.0854,-0.2254,-0.3731,-0.3914,-0.2794,-0.1639,-0.086,-0.0368,-0.004,0.0194,0.0374,0.0518,0.0635,0.073,0.0806,0.0866,0.0911,0.0944,0.0967,0.0982,0.0991,0.0994,0.0994,0.065,0.0678,0.0707,0.0734,0.0743,0.0708,0.0588,0.0396,0.0338,0.0566,0.0783,0.0751,0.0407,-0.0327,-0.152,-0.2792,-0.3015,-0.2158,-0.1248,-0.0627,-0.0225,0.0056,0.0271,0.0444,0.0587,0.0704,0.08,0.0875,0.0932,0.0974,0.1002,0.1019,0.1027,0.1029,0.1027,0.1021,0.0631,0.0662,0.0701,0.0743,0.0775,0.0757,0.06,0.0223,0.0031,0.0546,0.1035,0.1144,0.094,0.0458,-0.0276,-0.1018,-0.1287,-0.1032,-0.0639,-0.031,-0.005,0.0168,0.0359,0.0526,0.067,0.079,0.0886,0.0959,0.1012,0.1047,0.1067,0.1076,0.1075,0.1069,0.1059,0.1047,0.0599,0.0631,0.0676,0.0736,0.0808,0.0867,0.0832,0.0588,0.0492,0.1086,0.1572,0.1676,0.1552,0.1259,0.0813,0.0322,-0.0032,-0.0175,-0.0169,-0.0075,0.0074,0.0255,0.0443,0.0618,0.0771,0.0896,0.0992,0.1062,0.1107,0.1132,0.1141,0.1138,0.1126,0.1109,0.109,0.107,0.0551,0.0578,0.0621,0.0689,0.0797,0.0963,0.1201,0.1514,0.1964,0.2412,0.2468,0.2332,0.221,0.203,0.1677,0.1162,0.062,0.0195,-0.0031,-0.0051,0.0082,0.0291,0.0517,0.0724,0.0895,0.1028,0.1123,0.1185,0.1219,0.123,0.1223,0.1204,0.1177,0.1146,0.1116,0.1087,0.0488,0.0501,0.0527,0.0577,0.0678,0.0888,0.1342,0.2316,0.3918,0.4583,0.3627,0.2989,0.2911,0.2894,0.2531,0.1766,0.0838,0.0056,-0.0343,-0.0329,-0.0064,0.0278,0.0599,0.0861,0.1058,0.1197,0.1286,0.1336,0.1352,0.1342,0.1312,0.1271,0.1224,0.1176,0.1133,0.1095,0.0412,0.0403,0.0395,0.0394,0.0416,0.0513,0.0866,0.215,0.6081,0.794,0.4505,0.3408,0.3694,0.412,0.368,0.232,0.0629,-0.081,-0.1354,-0.1007,-0.0345,0.0271,0.0741,0.1069,0.1285,0.1419,0.1492,0.1518,0.1507,0.1466,0.1405,0.1334,0.1261,0.1193,0.1135,0.1087,0.033,0.0294,0.0243,0.0171,0.0062,-0.0094,-0.0233,0.0024,0.2799,0.5355,0.3623,0.3442,0.45,0.6031,0.5331,0.2771,-0.0203,-0.308,-0.3614,-0.2088,-0.0599,0.0418,0.1044,0.1405,0.1606,0.171,0.1749,0.1739,0.1686,0.1601,0.1497,0.1385,0.1279,0.1187,0.1113,0.1058,0.0251,0.0189,0.0101,-0.0036,-0.0261,-0.0647,-0.1216,-0.0299,-0.2014,0.1025,0.227,0.3398,0.4499,0.6764,0.6059,0.2407,-0.1414,-0.6536,-0.6597,-0.2809,-0.0355,0.0994,0.1652,0.1934,0.2046,0.2081,0.2067,0.2003,0.1892,0.1744,0.1578,0.1411,0.1262,0.1143,0.1055,0.0997,0.0182,0.0103,-0.0009,-0.0178,-0.0446,-0.0897,-0.171,-0.3374,-0.2626,-0.0203,0.1316,0.3574,0.441,0.4716,0.3389,0.054,-0.234,-0.4651,-0.4632,-0.1517,0.1072,0.2386,0.2723,0.2687,0.2603,0.2534,0.2452,0.232,0.2128,0.1889,0.1632,0.1389,0.1186,0.1037,0.0943,0.0892,0.0128,0.004,-0.0079,-0.0245,-0.0485,-0.0831,-0.1297,-0.1678,-0.1385,-0.0878,-0.0604,0.0464,0.1852,0.2078,0.141,-0.2512,-0.5998,-0.3277,-0.1495,0.1267,0.428,0.5062,0.4296,0.3586,0.3225,0.3064,0.2929,0.2715,0.2403,0.2024,0.1633,0.1281,0.1011,0.0839,0.0755,0.0732,0.0089,0.0001,-0.0113,-0.0261,-0.0452,-0.0684,-0.0929,-0.1114,-0.1292,-0.2004,-0.3853,-0.275,-0.1459,0.0036,-0.0357,-0.2644,-0.4722,-0.2457,-0.004,0.4016,0.9606,0.8854,0.5852,0.4346,0.3827,0.3703,0.3573,0.3246,0.2735,0.2134,0.1537,0.1028,0.0677,0.0503,0.0467,0.0508,0.0065,-0.002,-0.0126,-0.0254,-0.0408,-0.0583,-0.0776,-0.1005,-0.1401,-0.2291,-0.3699,-0.3047,-0.3906,-0.4541,-0.1992,-0.1766,-0.1941,-0.1431,-0.0303,0.3732,1.0234,0.9237,0.6029,0.464,0.4411,0.4619,0.4586,0.4023,0.314,0.2187,0.1283,0.0546,0.0108,-0.0012,0.0069,0.0226,0.0053,-0.0028,-0.0124,-0.0237,-0.0369,-0.0522,-0.0704,-0.0944,-0.1308,-0.1843,-0.2362,-0.2753,-0.4412,-0.4773,-0.2523,-0.1857,-0.1455,-0.1967,-0.3289,0.0825,0.4753,0.5653,0.492,0.4589,0.515,0.6214,0.6378,0.5148,0.3564,0.2128,0.0824,-0.0225,-0.0734,-0.0696,-0.04,-0.0075,0.0051,-0.0024,-0.0112,-0.0214,-0.0331,-0.0469,-0.0636,-0.0848,-0.1124,-0.1457,-0.1799,-0.2188,-0.269,-0.2679,-0.2543,-0.2634,-0.1387,-0.1155,-0.1325,0.2081,0.3244,0.3853,0.4075,0.4494,0.5938,0.8645,0.918,0.6216,0.3677,0.1896,0.0272,-0.1106,-0.164,-0.1353,-0.0803,-0.0314,0.0057,-0.0012,-0.0092,-0.0183,-0.0288,-0.041,-0.0554,-0.0727,-0.0931,-0.1158,-0.1392,-0.1623,-0.1814,-0.1914,-0.222,-0.223,-0.089,0.0792,0.4116,0.5598,0.3783,0.3568,0.3787,0.4231,0.5568,0.8714,0.9396,0.4996,0.2814,0.1476,-0.0013,-0.1443,-0.1966,-0.1575,-0.0937,-0.0394,0.007,0.0007,-0.0064,-0.0145,-0.0237,-0.0341,-0.046,-0.0596,-0.0745,-0.0901,-0.1051,-0.1181,-0.1273,-0.1328,-0.1346,-0.1048,-0.0102,0.1418,0.3414,0.4224,0.3742,0.3818,0.3984,0.3884,0.375,0.2962,-0.0163,0.002,0.1035,0.0952,0.011,-0.0927,-0.1404,-0.1197,-0.0729,-0.0287,0.009,0.0033,-0.003,-0.01,-0.0178,-0.0265,-0.036,-0.0462,-0.0568,-0.0671,-0.076,-0.0823,-0.0844,-0.0807,-0.0662,-0.0288,0.0418,0.1419,0.2477,0.3195,0.3793,0.4737,0.5011,0.4073,0.2593,-0.016,-0.3549,-0.2223,-0.0103,0.0567,0.0331,-0.0218,-0.0573,-0.0562,-0.0332,-0.0054,0.0114,0.0064,0.001,-0.005,-0.0115,-0.0184,-0.0257,-0.0331,-0.0402,-0.0464,-0.0508,-0.0522,-0.0491,-0.0392,-0.019,0.0169,0.0715,0.1418,0.2182,0.2974,0.4047,0.5529,0.5908,0.4464,0.2587,0.0459,-0.1205,-0.0991,-0.001,0.0515,0.0519,0.0274,0.0053,-0.0008,0.0069,0.0211,0.0143,0.01,0.0053,0.0004,-0.0048,-0.0101,-0.0155,-0.0206,-0.0249,-0.028,-0.029,-0.0269,-0.0204,-0.0076,0.0137,0.0459,0.09,0.1447,0.2078,0.282,0.3772,0.4789,0.5002,0.4055,0.2698,0.138,0.0462,0.0261,0.049,0.0691,0.0704,0.0586,0.0454,0.0384,0.0391,0.0449]},{"header":{"la1":42.85,"la2":41.18,"lo1":11.55,"lo2":14.05,"nx":36,"ny":24,"dx":0.07143,"dy":0.07261,"parameterCategory":2,"parameterNumber":3,"parameterNumberName":"northward_wind","parameterUnit":"m.s-1"},"data":[0.7949,0.8078,0.8223,0.8377,0.8534,0.8677,0.8786,0.884,0.8828,0.8755,0.8646,0.8534,0.8449,0.8404,0.8389,0.8369,0.8305,0.8178,0.8001,0.7802,0.7606,0.7425,0.7264,0.7123,0.6999,0.689,0.6793,0.6706,0.6628,0.6556,0.649,0.6429,0.6374,0.6323,0.6276,0.6234,0.7988,0.8144,0.8324,0.8529,0.8749,0.8964,0.9139,0.9232,0.9214,0.909,0.8905,0.8725,0.8604,0.8572,0.8611,0.8654,0.8608,0.8436,0.8182,0.7909,0.7656,0.7437,0.7253,0.7097,0.6964,0.685,0.6749,0.666,0.6579,0.6506,0.6439,0.6377,0.632,0.6268,0.6221,0.6178,0.8011,0.8193,0.8416,0.8685,0.8995,0.9327,0.9625,0.9804,0.9786,0.9567,0.924,0.8933,0.8748,0.8735,0.8883,0.9059,0.9049,0.878,0.8386,0.8003,0.7681,0.7424,0.7218,0.7051,0.6913,0.6796,0.6694,0.6604,0.6523,0.6449,0.638,0.6317,0.626,0.6207,0.6159,0.6116,0.801,0.8215,0.848,0.8823,0.9256,0.9772,1.0303,1.0678,1.0687,1.0283,0.968,0.915,0.8849,0.8848,0.9157,0.9574,0.9617,0.9155,0.8551,0.8041,0.7656,0.737,0.7152,0.6982,0.6844,0.6728,0.6628,0.6539,0.6458,0.6384,0.6315,0.6251,0.6192,0.6138,0.6089,0.6046,0.7975,0.8194,0.8491,0.8904,0.9478,1.0257,1.1209,1.2045,1.2178,1.1381,1.0238,0.934,0.8864,0.8825,0.9238,0.9881,0.9966,0.9302,0.8537,0.7957,0.755,0.7262,0.7049,0.6886,0.6756,0.6646,0.6551,0.6465,0.6386,0.6312,0.6242,0.6177,0.6117,0.6062,0.6012,0.5968,0.79,0.8115,0.842,0.887,0.9555,1.0618,1.2195,1.4,1.4541,1.288,1.0771,0.9402,0.8743,0.8602,0.8894,0.9401,0.9462,0.8894,0.8228,0.7715,0.7353,0.7097,0.6909,0.6765,0.6649,0.6551,0.6463,0.6382,0.6306,0.6232,0.6162,0.6095,0.6033,0.5976,0.5925,0.5881,0.7782,0.7971,0.8247,0.8669,0.9353,1.0521,1.2552,1.5511,1.6761,1.3825,1.0762,0.9153,0.8449,0.8228,0.8296,0.847,0.8451,0.8133,0.7714,0.7353,0.708,0.6883,0.6736,0.6623,0.6529,0.6446,0.6368,0.6294,0.622,0.6146,0.6074,0.6005,0.5939,0.588,0.5827,0.5783,0.7628,0.7769,0.7975,0.8294,0.8817,0.9722,1.1322,1.3692,1.4597,1.2068,0.9679,0.8508,0.8007,0.7815,0.7764,0.7742,0.7644,0.7433,0.7172,0.6937,0.676,0.6633,0.654,0.6465,0.6399,0.6335,0.6269,0.6201,0.6129,0.6054,0.5978,0.5904,0.5834,0.577,0.5715,0.567,0.7452,0.7531,0.7643,0.7809,0.807,0.8486,0.9106,0.9743,0.9654,0.8742,0.803,0.7694,0.754,0.7464,0.7404,0.7301,0.7118,0.6875,0.6647,0.6489,0.6404,0.636,0.633,0.6301,0.6266,0.6223,0.617,0.6107,0.6035,0.5956,0.5874,0.5791,0.5713,0.5644,0.5586,0.554,0.7272,0.7287,0.7301,0.7314,0.7326,0.7331,0.7286,0.7036,0.6405,0.6122,0.6636,0.704,0.7193,0.7238,0.7222,0.7072,0.674,0.6327,0.6036,0.5956,0.6,0.6069,0.6118,0.614,0.6139,0.6117,0.6076,0.6017,0.5942,0.5854,0.5759,0.5663,0.5574,0.5496,0.5434,0.5389,0.7106,0.7066,0.6999,0.6892,0.6728,0.6498,0.6206,0.5787,0.4783,0.429,0.5839,0.6728,0.7012,0.7101,0.7213,0.7032,0.6377,0.5496,0.5061,0.5222,0.5541,0.5779,0.592,0.5995,0.6026,0.6025,0.5994,0.5935,0.5851,0.5747,0.5632,0.5515,0.5408,0.5319,0.5252,0.5208,0.6968,0.6889,0.6767,0.6582,0.6313,0.5964,0.5653,0.5527,0.4953,0.4854,0.5985,0.6738,0.6901,0.6533,0.7491,0.7236,0.5919,0.3677,0.3117,0.4224,0.5094,0.5539,0.576,0.5877,0.5937,0.5956,0.5933,0.5869,0.5767,0.5635,0.5487,0.5338,0.5205,0.5099,0.5028,0.499,0.6867,0.6767,0.6618,0.6399,0.608,0.5645,0.5232,0.6621,0.4096,0.5458,0.6418,0.677,0.6961,0.725,0.8584,0.7723,0.5876,0.0616,0.0415,0.3529,0.4899,0.5419,0.5657,0.5795,0.5882,0.5922,0.5907,0.5832,0.5698,0.5519,0.5316,0.5116,0.4945,0.4819,0.4747,0.4723,0.6803,0.67,0.6552,0.634,0.6033,0.5582,0.4864,0.3378,0.3928,0.5921,0.6869,0.6621,0.6565,0.7955,0.821,0.9018,0.8766,0.4016,0.2673,0.4319,0.5102,0.5407,0.5591,0.5745,0.587,0.5944,0.5941,0.5844,0.5655,0.5396,0.5105,0.4825,0.4597,0.4449,0.4385,0.4392,0.6772,0.6681,0.6556,0.6385,0.6154,0.5842,0.5452,0.5195,0.577,0.6976,0.7771,0.7782,0.7776,0.8075,0.8552,1.2149,1.6466,0.9821,0.6177,0.5368,0.5281,0.535,0.5515,0.5722,0.5924,0.6065,0.6085,0.5946,0.5658,0.5265,0.4827,0.4419,0.4111,0.3945,0.3914,0.3981,0.6767,0.6696,0.6605,0.6493,0.6361,0.6229,0.6161,0.6325,0.6934,0.8006,0.9305,0.89,0.8433,0.8119,0.8659,1.1473,1.4244,0.9608,0.6278,0.5257,0.5129,0.5187,0.5422,0.5747,0.6099,0.6378,0.6439,0.6212,0.574,0.5116,0.4438,0.3825,0.3409,0.3247,0.3302,0.3482,0.6777,0.6729,0.6673,0.6615,0.6567,0.6557,0.6639,0.69,0.7421,0.8236,0.9157,0.8768,0.8185,0.8003,0.8131,0.8605,0.8321,0.5724,0.3608,0.4238,0.5026,0.5116,0.5392,0.5872,0.6501,0.7079,0.7216,0.6763,0.5933,0.4933,0.3875,0.294,0.2383,0.2297,0.2538,0.2911,0.6794,0.6766,0.6739,0.6722,0.6726,0.6774,0.6899,0.7135,0.7496,0.7933,0.8245,0.8176,0.7968,0.7864,0.753,0.7139,0.586,0.1732,-0.1914,0.2321,0.4462,0.502,0.5424,0.6103,0.7242,0.8535,0.8802,0.7709,0.6207,0.4686,0.3101,0.1688,0.0985,0.1119,0.1691,0.2337,0.6811,0.6799,0.6792,0.6799,0.6829,0.6895,0.7013,0.7192,0.742,0.7649,0.779,0.7785,0.7677,0.7444,0.7015,0.6842,0.5576,0.2336,0.0405,0.3746,0.465,0.4988,0.5386,0.6233,0.8051,1.0844,1.1395,0.8678,0.627,0.4351,0.2284,0.0328,-0.0468,0.0024,0.0988,0.1896,0.6823,0.6821,0.6827,0.6846,0.6884,0.6948,0.7043,0.7168,0.7307,0.743,0.7496,0.7477,0.7363,0.714,0.6888,0.6706,0.5808,0.4692,0.5748,0.6641,0.5307,0.4909,0.5052,0.5828,0.7645,1.0928,1.1613,0.7613,0.5512,0.3954,0.1929,-0.0179,-0.0986,-0.0343,0.0757,0.1745,0.6829,0.6833,0.6844,0.6866,0.6903,0.6956,0.7026,0.7108,0.719,0.7252,0.7272,0.7231,0.7118,0.6936,0.6711,0.6404,0.5869,0.5425,0.5685,0.5822,0.502,0.4248,0.4089,0.4721,0.5646,0.5643,0.3151,0.3272,0.3979,0.3566,0.2239,0.0653,-0.0079,0.0286,0.1112,0.1931,0.6827,0.6834,0.6846,0.6867,0.6897,0.6937,0.6984,0.7034,0.7077,0.7101,0.709,0.7033,0.6923,0.6757,0.6536,0.6242,0.5871,0.5537,0.5336,0.4991,0.4056,0.266,0.2269,0.3318,0.3998,0.2768,0.027,0.134,0.2994,0.3321,0.2733,0.1835,0.1292,0.1356,0.1799,0.2343,0.6819,0.6825,0.6837,0.6853,0.6875,0.6902,0.693,0.6956,0.6973,0.697,0.6939,0.6872,0.6761,0.6605,0.6399,0.6138,0.5831,0.5501,0.5126,0.4517,0.3318,0.1549,0.1099,0.2497,0.3377,0.2907,0.1996,0.2244,0.3017,0.3333,0.3131,0.2693,0.2359,0.2309,0.2505,0.2822,0.6805,0.681,0.6818,0.683,0.6843,0.6858,0.6872,0.688,0.6877,0.6857,0.6813,0.6738,0.6629,0.648,0.629,0.6056,0.5779,0.5451,0.503,0.4402,0.3425,0.2301,0.2016,0.2758,0.3371,0.3366,0.3116,0.3141,0.3384,0.3526,0.3452,0.3248,0.3064,0.3005,0.3086,0.3264]}]