docs/data/wind_grid.json
[{"header":{"la1":42.85,"la2":41.18,"lo1":11.55,"lo2":14.05,"nx":36,"ny":24,"dx":0.07143,"dy":0.07261,"parameterCategory":2,"parameterNumber":2,"parameterNumberName":"eastward_wind","parameterUnit":"m.s-1"},"data":[3.177,3.1859,3.1937,3.1997,3.2023,3.1994,3.1879,3.1643,3.1257,3.0703,2.9985,2.9121,2.8134,2.7047,2.5885,2.4689,2.3525,2.2485,2.1671,2.1152,2.0938,2.0975,2.1175,2.1455,2.1749,2.2019,2.2246,2.2425,2.2558,2.2651,2.2711,2.2746,2.2762,2.2765,2.2761,2.2755,3.2066,3.2199,3.2331,3.2457,3.2562,3.262,3.2588,3.2406,3.2017,3.1395,3.0548,2.9514,2.8327,2.7006,2.5567,2.4043,2.2515,2.1134,2.0085,1.9508,1.9413,1.9681,2.0144,2.0661,2.1143,2.155,2.1871,2.2112,2.2283,2.2398,2.247,2.2509,2.2525,2.2527,2.2521,2.2513,3.2362,3.2542,3.2737,3.2945,3.3157,3.3348,3.3459,3.3388,3.3024,3.2308,3.1278,3.0017,2.8585,2.699,2.5212,2.3246,2.1171,1.9226,1.7784,1.715,1.7327,1.8033,1.8931,1.9797,2.0526,2.1095,2.1518,2.1819,2.2023,2.2153,2.2229,2.2266,2.2278,2.2274,2.2263,2.2251,3.2649,3.2878,3.3139,3.3438,3.3785,3.4169,3.4525,3.4682,3.4393,3.3527,3.2203,3.0629,2.891,2.7022,2.4865,2.2329,1.9425,1.6496,1.4325,1.366,1.4455,1.5987,1.7584,1.8929,1.9954,2.0695,2.1212,2.156,2.1783,2.1917,2.1988,2.2015,2.2015,2.2001,2.1981,2.1963,3.2919,3.3193,3.3514,3.3903,3.4395,3.5026,3.5774,3.639,3.6298,3.5136,3.3296,3.1292,2.9272,2.7126,2.4619,2.1444,1.7358,1.2688,0.9059,0.8472,1.0656,1.3673,1.6279,1.8193,1.9513,2.0399,2.098,2.1349,2.1571,2.1691,2.1743,2.175,2.1731,2.17,2.1668,2.1643,3.3164,3.3475,3.3842,3.4297,3.4903,3.5768,3.7017,3.8456,3.8818,3.7035,3.4349,3.1854,2.9599,2.7316,2.4622,2.0951,1.555,0.8215,0.1814,0.1605,0.6495,1.1675,1.5391,1.779,1.9304,2.0253,2.084,2.1191,2.1383,2.147,2.1487,2.1463,2.1416,2.1363,2.1315,2.128,3.3381,3.3718,3.4112,3.4593,3.5228,3.6162,3.7678,3.9881,4.0833,3.8231,3.4829,3.2098,2.9798,2.7567,2.4977,2.1319,1.5385,0.6004,-0.3439,-0.3129,0.4507,1.1209,1.5417,1.791,1.9392,2.0276,2.0794,2.1079,2.121,2.1241,2.1208,2.1139,2.1055,2.0974,2.0907,2.0862,3.3567,3.3925,3.4332,3.4807,3.5385,3.6151,3.7277,3.882,3.9344,3.7202,3.4423,3.1977,2.9808,2.778,2.5588,2.2614,1.7792,1.0059,0.1997,0.1746,0.7728,1.3134,1.6552,1.857,1.9754,2.0439,2.0815,2.099,2.1031,2.0985,2.0885,2.076,2.063,2.0515,2.0426,2.0373,3.3725,3.4103,3.4526,3.4997,3.5515,3.6072,3.6639,3.7079,3.6934,3.5831,3.3961,3.1728,2.9581,2.7743,2.6096,2.416,2.1276,1.7104,1.2977,1.195,1.397,1.6476,1.834,1.9536,2.0258,2.0662,2.085,2.0887,2.0817,2.0676,2.0495,2.0299,2.0115,1.996,1.985,1.9791,3.3853,3.4255,3.4707,3.5212,3.5757,3.6297,3.6733,3.6957,3.7015,3.6454,3.4305,3.1499,2.8949,2.7099,2.6038,2.5179,2.3882,2.2054,2.0184,1.9076,1.9002,1.9479,2.0025,2.0449,2.0717,2.0838,2.0834,2.0724,2.0532,2.0283,2.0004,1.9726,1.9476,1.9278,1.9147,1.9091,3.3945,3.4371,3.4866,3.5444,3.612,3.6882,3.7607,3.7934,3.8267,3.8583,3.4996,3.11,2.7611,2.5167,2.4988,2.5458,2.5296,2.4611,2.3689,2.2663,2.1828,2.1336,2.111,2.1022,2.0965,2.0872,2.0707,2.046,2.0141,1.977,1.9376,1.8996,1.8667,1.8421,1.8277,1.8238,3.3989,3.4433,3.4964,3.5617,3.6455,3.7584,3.9125,4.0301,3.8672,3.7587,3.4444,3.0774,2.592,1.9977,2.3157,2.5514,2.6086,2.5825,2.5312,2.424,2.2981,2.1998,2.1405,2.1094,2.09,2.0699,2.0426,2.0061,1.9612,1.91,1.8563,1.8054,1.7627,1.7329,1.7183,1.7187,3.3976,3.4421,3.4958,3.5632,3.6528,3.7805,3.9822,4.4424,3.8715,3.6325,3.3936,3.2248,2.8456,2.0513,2.482,2.6408,2.6828,2.6162,2.5937,2.4623,2.2781,2.1423,2.0786,2.0588,2.0489,2.0304,1.9976,1.9507,1.8916,1.8232,1.7507,1.6821,1.6265,1.5911,1.5789,1.5883,3.3904,3.4325,3.4828,3.5445,3.6227,3.722,3.8258,3.7927,3.7243,3.5679,3.4205,3.4708,3.4397,2.8253,2.7935,2.8297,2.823,2.6806,2.5815,2.3638,2.069,1.9064,1.9025,1.9497,1.9781,1.9718,1.9364,1.879,1.8034,1.7125,1.6131,1.5183,1.4444,1.4037,1.3992,1.4256,3.3778,3.4157,3.4593,3.5101,3.5683,3.6303,3.6783,3.6776,3.6171,3.5385,3.498,3.4463,3.28,3.2699,3.0417,3.0099,3.0636,2.8297,2.5269,2.0466,1.4648,1.3507,1.5949,1.8036,1.895,1.9014,1.8601,1.7907,1.6961,1.5745,1.4335,1.2964,1.1949,1.151,1.1657,1.224,3.3609,3.3937,3.4297,3.4687,3.5089,3.5452,3.5674,3.5652,3.5483,3.5741,3.7104,3.6625,3.5,3.2868,3.1748,3.082,3.0452,2.8537,2.46,1.5744,0.2194,0.4415,1.2727,1.6952,1.8286,1.8228,1.7647,1.6846,1.572,1.4084,1.1992,0.989,0.8444,0.8061,0.864,0.9795,3.3414,3.3689,3.3979,3.4274,3.4553,3.4781,3.4921,3.4978,3.51,3.5667,3.682,3.6135,3.5344,3.5008,3.3317,3.208,3.065,2.8701,2.5816,1.7249,0.0863,0.3877,1.3201,1.7239,1.7914,1.7178,1.6319,1.5592,1.4415,1.2219,0.8975,0.5567,0.3466,0.3411,0.4889,0.6999,3.3204,3.3434,3.3667,3.3893,3.4098,3.4265,3.4388,3.4493,3.4665,3.4985,3.5274,3.5161,3.53,3.5396,3.5425,3.5141,3.2357,2.9331,2.8031,2.5276,1.7813,1.5648,1.7835,1.8735,1.7467,1.5306,1.4246,1.4173,1.3276,1.04,0.5332,-0.0292,-0.325,-0.2347,0.0727,0.4191,3.2991,3.3183,3.3372,3.355,3.3711,3.3847,3.3961,3.4072,3.4211,3.4381,3.4521,3.4622,3.4901,3.5848,3.9726,4.1329,3.4979,3.1084,3.034,3.2377,2.8239,2.4326,2.2509,2.0464,1.6762,1.2415,1.1426,1.295,1.2642,0.9144,0.191,-0.6577,-1.0287,-0.7744,-0.2729,0.207,3.2778,3.2939,3.3095,3.3241,3.3372,3.3487,3.359,3.369,3.3798,3.3917,3.4047,3.424,3.4697,3.6006,3.9098,3.9908,3.5679,3.3954,3.8282,4.0853,3.3661,2.9175,2.6337,2.2672,1.7387,1.1988,1.0947,1.3019,1.2778,0.9099,0.0954,-0.887,-1.2842,-0.9536,-0.3789,0.1449,3.257,3.2706,3.2836,3.2957,3.3067,3.3165,3.3254,3.3339,3.3428,3.3526,3.3652,3.3857,3.4263,3.505,3.6068,3.6045,3.4737,3.4469,3.6576,3.7303,3.448,3.2853,3.1098,2.6467,2.015,1.5408,1.4075,1.4128,1.3527,1.0342,0.3586,-0.4403,-0.8119,-0.6165,-0.1773,0.2614,3.2367,3.2483,3.2592,3.2693,3.2785,3.2867,3.2942,3.3013,3.3084,3.3165,3.327,3.3428,3.368,3.4029,3.4309,3.4203,3.3806,3.3782,3.4359,3.4766,3.5533,3.8565,3.9053,3.2221,2.35,1.6984,1.4116,1.4493,1.4363,1.2086,0.7553,0.2365,-0.0619,-0.0282,0.2101,0.5036,3.217,3.2268,3.236,3.2444,3.252,3.2588,3.2648,3.2704,3.2759,3.2818,3.289,3.2986,3.311,3.3237,3.3291,3.3206,3.3064,3.3091,3.3439,3.4332,3.7003,4.2682,4.4362,3.6274,2.6643,1.9753,1.6428,1.584,1.5423,1.3797,1.0946,0.7772,0.5624,0.5211,0.6202,0.7882,3.1979,3.2061,3.2138,3.2207,3.2269,3.2323,3.2369,3.241,3.2447,3.2483,3.2521,3.2563,3.2604,3.2628,3.2607,3.2536,3.2474,3.2537,3.2892,3.3876,3.6157,3.9547,4.003,3.4906,2.8064,2.2637,1.9417,1.7898,1.687,1.5472,1.3562,1.1543,1.0035,0.9436,0.9715,1.0577]},{"header":{"la1":42.85,"la2":41.18,"lo1":11.55,"lo2":14.05,"nx":36,"ny":24,"dx":0.07143,"dy":0.07261,"parameterCategory":2,"parameterNumber":3,"parameterNumberName":"northward_wind","parameterUnit":"m.s-1"},"data":[0.0227,0.0406,0.0608,0.0829,0.1054,0.1257,0.1402,0.1448,0.1368,0.1155,0.0831,0.0428,-0.0023,-0.0504,-0.1005,-0.1513,-0.2004,-0.2435,-0.2761,-0.2945,-0.298,-0.2891,-0.272,-0.2509,-0.2289,-0.208,-0.1893,-0.1731,-0.1594,-0.148,-0.1385,-0.1308,-0.1246,-0.1195,-0.1155,-0.1122,0.0271,0.0489,0.075,0.1052,0.1383,0.1709,0.1972,0.2097,0.2021,0.1736,0.1287,0.0744,0.0157,-0.0455,-0.1094,-0.1761,-0.2428,-0.3029,-0.3473,-0.3689,-0.3667,-0.3463,-0.3159,-0.2825,-0.2507,-0.2224,-0.1985,-0.1786,-0.1625,-0.1495,-0.139,-0.1307,-0.1242,-0.119,-0.1149,-0.1117,0.0287,0.0546,0.0872,0.1277,0.1758,0.2282,0.2759,0.3043,0.2991,0.2573,0.1904,0.1143,0.0376,-0.0391,-0.1196,-0.2074,-0.3009,-0.3893,-0.454,-0.4792,-0.4638,-0.4214,-0.3688,-0.3173,-0.2724,-0.2354,-0.2056,-0.1821,-0.1637,-0.1493,-0.1382,-0.1296,-0.1229,-0.1179,-0.114,-0.111,0.0263,0.0555,0.0946,0.1467,0.2148,0.298,0.3854,0.4484,0.4505,0.3815,0.2726,0.1613,0.0619,-0.0307,-0.1286,-0.2433,-0.3779,-0.5166,-0.6196,-0.6477,-0.6015,-0.5171,-0.4284,-0.3519,-0.2911,-0.2445,-0.2092,-0.1826,-0.1624,-0.1472,-0.1358,-0.1272,-0.1208,-0.1161,-0.1126,-0.11,0.0186,0.0493,0.0928,0.1556,0.2462,0.373,0.5314,0.673,0.698,0.5669,0.3734,0.2076,0.084,-0.0197,-0.131,-0.2754,-0.4697,-0.6989,-0.8792,-0.9055,-0.7886,-0.6274,-0.4858,-0.379,-0.302,-0.2471,-0.2076,-0.1789,-0.1581,-0.1428,-0.1316,-0.1236,-0.1178,-0.1137,-0.1108,-0.1088,0.0045,0.0338,0.0775,0.1449,0.2522,0.4251,0.689,0.9952,1.0888,0.8135,0.4636,0.2319,0.0958,-0.0045,-0.1169,-0.2833,-0.5465,-0.9175,-1.2463,-1.2556,-0.9977,-0.7221,-0.5211,-0.3876,-0.2995,-0.2402,-0.1993,-0.1706,-0.1503,-0.1359,-0.1257,-0.1187,-0.114,-0.1109,-0.1089,-0.1076,-0.016,0.0083,0.0457,0.1064,0.2103,0.3976,0.7375,1.245,1.4601,0.9602,0.4518,0.2014,0.0907,0.0183,-0.0752,-0.2386,-0.5347,-1.0217,-1.5181,-1.5015,-1.0955,-0.7364,-0.5071,-0.3671,-0.2793,-0.2221,-0.1837,-0.1573,-0.139,-0.1266,-0.1182,-0.1129,-0.1097,-0.1079,-0.1071,-0.1068,-0.0414,-0.0255,-0.0007,0.0404,0.1126,0.2477,0.5054,0.9109,1.0688,0.621,0.2384,0.1038,0.0757,0.0576,0.001,-0.1287,-0.3773,-0.791,-1.2243,-1.2376,-0.9147,-0.6207,-0.4313,-0.315,-0.2417,-0.1938,-0.1616,-0.1396,-0.1248,-0.1152,-0.1094,-0.1063,-0.1051,-0.1051,-0.1057,-0.1066,-0.0691,-0.0633,-0.0544,-0.0401,-0.0161,0.0246,0.0877,0.1438,0.073,-0.095,-0.1173,-0.021,0.079,0.1295,0.1126,0.0235,-0.1422,-0.3812,-0.6133,-0.672,-0.5619,-0.4227,-0.3157,-0.2423,-0.1926,-0.1585,-0.1348,-0.1187,-0.1084,-0.1024,-0.0998,-0.0996,-0.101,-0.1031,-0.1054,-0.1075,-0.0962,-0.0999,-0.1057,-0.1153,-0.1327,-0.1677,-0.2483,-0.4455,-0.8095,-0.9211,-0.5101,-0.1039,0.1434,0.2592,0.2628,0.185,0.0658,-0.0662,-0.1853,-0.2552,-0.2629,-0.2352,-0.1995,-0.1672,-0.141,-0.1208,-0.106,-0.096,-0.0905,-0.0887,-0.09,-0.0934,-0.0979,-0.1026,-0.1069,-0.1104,-0.1199,-0.1307,-0.1466,-0.1707,-0.2083,-0.2691,-0.3799,-0.6617,-1.5083,-1.9178,-0.7866,-0.0617,0.3058,0.4791,0.4615,0.3357,0.21,0.1244,0.0547,-0.0193,-0.0754,-0.1024,-0.1083,-0.1035,-0.0944,-0.0848,-0.0771,-0.0725,-0.0718,-0.0748,-0.0808,-0.0886,-0.097,-0.1049,-0.1113,-0.1161,-0.1385,-0.1534,-0.1741,-0.203,-0.2421,-0.2893,-0.3299,-0.3924,-0.9393,-1.3163,-0.5054,0.1364,0.5268,0.819,0.6915,0.4445,0.2845,0.2506,0.2179,0.1155,0.0268,-0.0249,-0.0492,-0.0571,-0.0564,-0.0523,-0.0488,-0.0484,-0.0525,-0.061,-0.073,-0.0866,-0.1,-0.1116,-0.1203,-0.1259,-0.1518,-0.1681,-0.1896,-0.2173,-0.2506,-0.2823,-0.2801,-0.1054,-0.3972,-0.4384,-0.0789,0.3911,0.6323,0.8867,0.7346,0.436,0.2779,0.3598,0.3515,0.1748,0.0631,0.0065,-0.0193,-0.0278,-0.0269,-0.0227,-0.02,-0.0225,-0.0317,-0.0474,-0.0677,-0.0894,-0.1094,-0.1253,-0.136,-0.1417,-0.1602,-0.1761,-0.196,-0.2201,-0.2479,-0.2762,-0.3046,-0.3753,-0.366,-0.2346,0.0504,0.5887,0.7651,0.7425,0.5067,0.2718,0.1381,0.2357,0.2504,0.1272,0.0414,0.0007,-0.0127,-0.0114,-0.0025,0.0077,0.0129,0.0083,-0.0078,-0.0342,-0.0669,-0.1005,-0.1296,-0.1504,-0.1619,-0.1656,-0.1648,-0.1793,-0.1966,-0.2166,-0.2388,-0.2621,-0.2859,-0.3047,-0.2898,-0.2412,-0.1555,0.0701,0.2953,0.3011,0.2805,0.0249,-0.164,0.0064,0.0668,0.0307,-0.0169,-0.0314,-0.0217,-0.0017,0.0233,0.0461,0.057,0.0495,0.0223,-0.0212,-0.074,-0.1262,-0.1678,-0.1932,-0.2025,-0.2004,-0.1666,-0.1794,-0.1939,-0.2101,-0.2272,-0.2443,-0.2599,-0.2721,-0.2901,-0.3739,-0.6238,-0.3859,-0.1901,0.0356,0.0342,-0.0591,-0.1357,-0.0547,-0.0122,-0.0338,-0.0808,-0.0731,-0.0349,0.0102,0.0606,0.1046,0.1244,0.1102,0.0632,-0.0092,-0.0953,-0.1773,-0.2362,-0.2631,-0.2632,-0.2479,-0.1667,-0.1777,-0.1899,-0.203,-0.2166,-0.2303,-0.2443,-0.2627,-0.3022,-0.4078,-0.5971,-0.4563,-0.4964,-0.5561,-0.2493,-0.1692,-0.1224,-0.0499,-0.0042,-0.0427,-0.0903,-0.0812,-0.0346,0.0356,0.1238,0.2033,0.2345,0.2026,0.1201,0.0008,-0.14,-0.271,-0.3524,-0.371,-0.3472,-0.3074,-0.1657,-0.1753,-0.1856,-0.1966,-0.2081,-0.2202,-0.2344,-0.2545,-0.289,-0.3448,-0.3962,-0.4148,-0.5724,-0.6197,-0.4646,-0.4194,-0.2336,-0.0009,0.1507,-0.0217,-0.0858,-0.074,-0.0221,0.0782,0.2242,0.3663,0.4083,0.3332,0.1944,0.0088,-0.2155,-0.4239,-0.5297,-0.5176,-0.4475,-0.3709,-0.1641,-0.1724,-0.1814,-0.1909,-0.2011,-0.2123,-0.2257,-0.2435,-0.2684,-0.2998,-0.3315,-0.3696,-0.4356,-0.5105,-0.7595,-0.8706,-0.41,-0.0946,0.0043,-0.1903,-0.1706,-0.1059,-0.0217,0.1179,0.3347,0.57,0.6168,0.4689,0.2736,0.022,-0.301,-0.6078,-0.7304,-0.6631,-0.5346,-0.4203,-0.1621,-0.1695,-0.1774,-0.1859,-0.195,-0.2052,-0.2173,-0.2322,-0.251,-0.2733,-0.2993,-0.3334,-0.3862,-0.4889,-0.7103,-0.7673,-0.4512,-0.2684,-0.3883,-0.4807,-0.2765,-0.1559,-0.0506,0.1143,0.3629,0.6155,0.6625,0.5327,0.3415,0.0601,-0.3169,-0.677,-0.8061,-0.7122,-0.5606,-0.4334,-0.16,-0.1666,-0.1736,-0.1812,-0.1894,-0.1986,-0.2092,-0.2218,-0.2369,-0.2547,-0.2765,-0.3053,-0.3475,-0.4129,-0.4898,-0.4866,-0.3778,-0.3058,-0.3481,-0.3692,-0.2784,-0.2121,-0.1363,0.0376,0.301,0.5458,0.6872,0.6223,0.4118,0.128,-0.2161,-0.5299,-0.6627,-0.6153,-0.5049,-0.4021,-0.1577,-0.1636,-0.17,-0.1768,-0.1842,-0.1923,-0.2016,-0.2123,-0.2247,-0.2393,-0.257,-0.279,-0.3071,-0.3399,-0.3642,-0.3554,-0.3153,-0.284,-0.2823,-0.2813,-0.2789,-0.3272,-0.3235,-0.1138,0.2089,0.5438,0.7842,0.6864,0.4424,0.1833,-0.0837,-0.3138,-0.4379,-0.4492,-0.4012,-0.3404,-0.1553,-0.1607,-0.1664,-0.1725,-0.179,-0.1863,-0.1943,-0.2033,-0.2136,-0.2253,-0.2389,-0.2545,-0.2717,-0.2876,-0.2956,-0.2892,-0.2714,-0.2551,-0.249,-0.2555,-0.2995,-0.4186,-0.4564,-0.2295,0.094,0.3908,0.5664,0.5331,0.3761,0.1889,0.0017,-0.1584,-0.2617,-0.3011,-0.2962,-0.2711,-0.1529,-0.1577,-0.1628,-0.1682,-0.1741,-0.1804,-0.1872,-0.1948,-0.2032,-0.2124,-0.2224,-0.233,-0.2432,-0.251,-0.2536,-0.2491,-0.2396,-0.2303,-0.2269,-0.2368,-0.2758,-0.344,-0.3474,-0.1995,0.0204,0.2197,0.3378,0.3455,0.2703,0.1571,0.0355,-0.0734,-0.1531,-0.1977,-0.2129,-0.2099]}]