docs/data/wind_grid.json
[{"header":{"la1":42.85,"la2":41.18,"lo1":11.55,"lo2":14.05,"nx":36,"ny":24,"dx":0.07143,"dy":0.07261,"parameterCategory":2,"parameterNumber":2,"parameterNumberName":"eastward_wind","parameterUnit":"m.s-1"},"data":[-0.2604,-0.2713,-0.2832,-0.2956,-0.308,-0.3192,-0.3277,-0.332,-0.3315,-0.3268,-0.3203,-0.3154,-0.3149,-0.3209,-0.3338,-0.3526,-0.3747,-0.3962,-0.4128,-0.421,-0.4198,-0.4104,-0.3953,-0.3774,-0.3587,-0.3408,-0.3244,-0.3098,-0.297,-0.2859,-0.2765,-0.2683,-0.2614,-0.2554,-0.2501,-0.2456,-0.2658,-0.2789,-0.2936,-0.3099,-0.327,-0.3436,-0.3569,-0.3638,-0.3618,-0.3518,-0.3381,-0.3264,-0.3219,-0.3279,-0.3451,-0.3724,-0.4058,-0.4391,-0.4643,-0.4754,-0.4708,-0.4539,-0.4298,-0.4034,-0.3777,-0.3543,-0.3339,-0.3165,-0.3017,-0.2893,-0.2789,-0.2702,-0.2629,-0.2567,-0.2513,-0.2467,-0.2707,-0.2861,-0.3042,-0.3255,-0.3497,-0.3753,-0.3981,-0.4111,-0.4081,-0.3889,-0.3617,-0.3379,-0.3262,-0.3313,-0.3544,-0.3944,-0.4463,-0.4997,-0.5398,-0.5542,-0.5415,-0.5101,-0.471,-0.4321,-0.3971,-0.3672,-0.3424,-0.322,-0.3053,-0.2917,-0.2806,-0.2715,-0.2639,-0.2576,-0.2523,-0.2477,-0.2746,-0.2923,-0.314,-0.3411,-0.3748,-0.4148,-0.456,-0.4846,-0.4828,-0.4463,-0.3936,-0.3485,-0.325,-0.328,-0.3588,-0.417,-0.4983,-0.5873,-0.6546,-0.6723,-0.6399,-0.5808,-0.5175,-0.4613,-0.4149,-0.3779,-0.3486,-0.3255,-0.3073,-0.2928,-0.2813,-0.272,-0.2645,-0.2583,-0.2531,-0.2486,-0.277,-0.2964,-0.3212,-0.3539,-0.3985,-0.459,-0.5339,-0.6,-0.6078,-0.5361,-0.434,-0.354,-0.3136,-0.3134,-0.353,-0.4347,-0.5598,-0.7117,-0.8315,-0.849,-0.7711,-0.6619,-0.5635,-0.4863,-0.4281,-0.3845,-0.3515,-0.3264,-0.3072,-0.2924,-0.2809,-0.2718,-0.2645,-0.2586,-0.2537,-0.2494,-0.2775,-0.2978,-0.324,-0.36,-0.4129,-0.4947,-0.6189,-0.7645,-0.8067,-0.6603,-0.4696,-0.3429,-0.2849,-0.2819,-0.3295,-0.4346,-0.6122,-0.8602,-1.0764,-1.0831,-0.9156,-0.7335,-0.596,-0.5,-0.4329,-0.3849,-0.3499,-0.3241,-0.3049,-0.2904,-0.2794,-0.2709,-0.2642,-0.2588,-0.2543,-0.2504,-0.2762,-0.2963,-0.3219,-0.3568,-0.409,-0.4964,-0.6528,-0.8908,-0.9941,-0.7365,-0.4532,-0.2966,-0.2315,-0.2287,-0.2814,-0.3995,-0.6091,-0.9347,-1.2538,-1.2436,-0.9871,-0.7544,-0.5981,-0.4956,-0.4262,-0.3778,-0.3433,-0.3184,-0.3002,-0.2869,-0.2771,-0.2696,-0.2638,-0.2591,-0.2551,-0.2516,-0.2735,-0.2928,-0.3163,-0.3458,-0.3864,-0.45,-0.5628,-0.7411,-0.8071,-0.5703,-0.3324,-0.2048,-0.1512,-0.152,-0.2067,-0.3235,-0.5184,-0.803,-1.0777,-1.0873,-0.8888,-0.698,-0.5635,-0.4717,-0.408,-0.3634,-0.3318,-0.3094,-0.2936,-0.2823,-0.2742,-0.2682,-0.2635,-0.2597,-0.2564,-0.2533,-0.27,-0.2888,-0.3104,-0.3346,-0.3608,-0.3877,-0.4133,-0.4239,-0.368,-0.2448,-0.1479,-0.086,-0.0502,-0.0526,-0.1089,-0.2256,-0.3954,-0.5921,-0.7513,-0.7863,-0.7091,-0.6019,-0.5076,-0.4347,-0.3811,-0.3429,-0.3163,-0.298,-0.2856,-0.2772,-0.2714,-0.2671,-0.2639,-0.2611,-0.2584,-0.2558,-0.2663,-0.2857,-0.3078,-0.3317,-0.3538,-0.3642,-0.3397,-0.2373,-0.0424,0.0639,0.025,0.0274,0.0636,0.0734,0.0126,-0.1293,-0.3232,-0.509,-0.6235,-0.6455,-0.5997,-0.5259,-0.453,-0.3933,-0.3491,-0.3185,-0.2982,-0.2853,-0.2773,-0.2725,-0.2694,-0.2673,-0.2655,-0.2637,-0.2617,-0.2593,-0.262,-0.2831,-0.3088,-0.3396,-0.3745,-0.4066,-0.4067,-0.2704,0.1906,0.3987,0.133,0.1111,0.1885,0.2436,0.1735,-0.0413,-0.3474,-0.6384,-0.7593,-0.7035,-0.5906,-0.4865,-0.4066,-0.3506,-0.3139,-0.2915,-0.2789,-0.2727,-0.2701,-0.2694,-0.2694,-0.2694,-0.2691,-0.2682,-0.2666,-0.2643,-0.2562,-0.2793,-0.3097,-0.3511,-0.4094,-0.4938,-0.6081,-0.6563,-0.2132,0.1529,0.0869,0.1565,0.3073,0.4779,0.3791,0.0293,-0.5015,-1.1209,-1.2443,-0.9163,-0.6295,-0.4554,-0.3562,-0.302,-0.2746,-0.2631,-0.2604,-0.2622,-0.2658,-0.2696,-0.2726,-0.2747,-0.2755,-0.2751,-0.2736,-0.2711,-0.2474,-0.2714,-0.3045,-0.3526,-0.4271,-0.5494,-0.7523,-0.9923,-0.7524,-0.2396,0.0221,0.1603,0.3055,0.553,0.4625,0.0153,-0.6966,-1.9288,-1.9507,-1.0816,-0.6045,-0.3807,-0.2802,-0.2405,-0.2307,-0.2351,-0.2453,-0.2567,-0.2669,-0.2749,-0.2806,-0.2841,-0.2855,-0.2851,-0.2831,-0.2798,-0.2348,-0.2573,-0.2886,-0.3344,-0.4042,-0.5135,-0.6742,-0.8363,-0.6828,-0.2434,0.0338,0.1384,0.1911,0.5492,0.2965,-0.145,-0.6814,-1.3669,-1.4427,-0.8171,-0.4022,-0.2181,-0.1633,-0.164,-0.1851,-0.2123,-0.2385,-0.2602,-0.2765,-0.2876,-0.2947,-0.2986,-0.2998,-0.2987,-0.2956,-0.2908,-0.2184,-0.237,-0.2622,-0.2972,-0.346,-0.4106,-0.4798,-0.4962,-0.3499,-0.0981,0.0741,0.1693,0.3048,0.479,0.19,-0.4902,-1.0566,-0.753,-0.6108,-0.3154,-0.0381,0.0376,-0.0129,-0.083,-0.1478,-0.2035,-0.2474,-0.2783,-0.2981,-0.3097,-0.316,-0.3188,-0.3188,-0.3161,-0.3109,-0.304,-0.1991,-0.2123,-0.2292,-0.2502,-0.2747,-0.2975,-0.3027,-0.2586,-0.1401,0.012,0.0987,0.1793,0.2156,0.2652,0.0962,-0.3962,-0.8001,-0.441,-0.1664,0.0801,0.3624,0.3151,0.1225,-0.0238,-0.1358,-0.2227,-0.2827,-0.3178,-0.335,-0.342,-0.3441,-0.344,-0.3418,-0.3368,-0.3288,-0.3188,-0.1784,-0.186,-0.1945,-0.203,-0.2089,-0.2063,-0.1847,-0.1317,-0.046,0.0476,0.1012,0.1466,0.1839,0.1878,0.1282,-0.023,-0.1128,0.0475,0.2248,0.28,0.4257,0.3661,0.1632,-0.0152,-0.168,-0.2867,-0.3566,-0.3845,-0.3889,-0.3835,-0.3764,-0.3714,-0.3669,-0.3595,-0.3481,-0.3343,-0.1578,-0.1603,-0.162,-0.1614,-0.1559,-0.1414,-0.1126,-0.0662,-0.0056,0.0556,0.1032,0.1435,0.1811,0.1988,0.2566,0.2743,0.2403,0.4313,0.6362,0.449,0.3526,0.2735,0.1296,-0.0546,-0.2507,-0.4069,-0.4732,-0.4768,-0.4579,-0.431,-0.4074,-0.395,-0.3895,-0.3809,-0.3662,-0.3485,-0.1384,-0.137,-0.1338,-0.1274,-0.1159,-0.097,-0.0685,-0.03,0.0153,0.0614,0.1036,0.1441,0.1889,0.2711,0.5149,0.6125,0.4133,0.4972,0.6243,0.6004,0.4423,0.2771,0.1086,-0.1032,-0.3527,-0.5455,-0.5863,-0.5744,-0.539,-0.482,-0.4312,-0.407,-0.4028,-0.3958,-0.3795,-0.3589,-0.1211,-0.1168,-0.1103,-0.1006,-0.0865,-0.0667,-0.0405,-0.0082,0.0283,0.0663,0.1048,0.1465,0.202,0.3044,0.4935,0.5551,0.4406,0.5001,0.7487,0.8547,0.5437,0.3155,0.1274,-0.112,-0.4045,-0.598,-0.6292,-0.6984,-0.6455,-0.5405,-0.4522,-0.4104,-0.4052,-0.4004,-0.3845,-0.3633,-0.106,-0.0998,-0.0913,-0.08,-0.065,-0.0459,-0.0222,0.0056,0.0364,0.0694,0.1046,0.1446,0.1962,0.2688,0.3529,0.3905,0.3933,0.464,0.6192,0.6619,0.4958,0.3569,0.2227,-0.0359,-0.4064,-0.7692,-1.0928,-1.0224,-0.7896,-0.6045,-0.4816,-0.4221,-0.4059,-0.3974,-0.3816,-0.3612,-0.0933,-0.0858,-0.0763,-0.0644,-0.0495,-0.0315,-0.0101,0.0142,0.041,0.0699,0.1014,0.1367,0.1783,0.2264,0.2733,0.3068,0.3359,0.3856,0.4468,0.4624,0.4413,0.4886,0.4741,0.1572,-0.3409,-0.9063,-1.3609,-1.1934,-0.8616,-0.6394,-0.5065,-0.4377,-0.4078,-0.3909,-0.3735,-0.3541,-0.0827,-0.0745,-0.0646,-0.0527,-0.0384,-0.0216,-0.0024,0.019,0.0426,0.0679,0.0953,0.1252,0.1579,0.1923,0.2252,0.2542,0.2824,0.315,0.3474,0.3748,0.4389,0.611,0.6668,0.3165,-0.1952,-0.6861,-0.9932,-0.962,-0.7757,-0.6124,-0.5033,-0.4389,-0.4033,-0.3808,-0.3618,-0.3435,-0.074,-0.0656,-0.0557,-0.0441,-0.0306,-0.0152,0.0021,0.0212,0.0418,0.0639,0.0874,0.1123,0.1384,0.1647,0.1901,0.2137,0.2366,0.26,0.2845,0.3172,0.3837,0.4903,0.4944,0.258,-0.0983,-0.4304,-0.6404,-0.6852,-0.6247,-0.5404,-0.47,-0.4209,-0.3884,-0.3656,-0.347,-0.3302]},{"header":{"la1":42.85,"la2":41.18,"lo1":11.55,"lo2":14.05,"nx":36,"ny":24,"dx":0.07143,"dy":0.07261,"parameterCategory":2,"parameterNumber":3,"parameterNumberName":"northward_wind","parameterUnit":"m.s-1"},"data":[-0.2643,-0.2398,-0.212,-0.1815,-0.15,-0.1204,-0.0968,-0.0835,-0.083,-0.0948,-0.1148,-0.1375,-0.1576,-0.1717,-0.1787,-0.179,-0.1747,-0.1688,-0.1645,-0.1644,-0.1697,-0.1801,-0.1941,-0.2102,-0.2272,-0.2443,-0.261,-0.2772,-0.2928,-0.3077,-0.322,-0.3357,-0.3488,-0.3611,-0.3726,-0.3834,-0.2621,-0.2329,-0.1981,-0.158,-0.1141,-0.0703,-0.0333,-0.0116,-0.0116,-0.0331,-0.0682,-0.1061,-0.1377,-0.1583,-0.1666,-0.164,-0.1538,-0.141,-0.1312,-0.1292,-0.1364,-0.1513,-0.1708,-0.1923,-0.2138,-0.2345,-0.2541,-0.2727,-0.2902,-0.3069,-0.3227,-0.3378,-0.352,-0.3654,-0.3779,-0.3894,-0.2632,-0.2292,-0.1866,-0.1341,-0.0723,-0.0052,0.0565,0.0959,0.0967,0.0574,-0.0053,-0.0692,-0.1188,-0.1482,-0.1574,-0.1491,-0.1284,-0.1031,-0.0837,-0.079,-0.0909,-0.1146,-0.1434,-0.1726,-0.2,-0.2251,-0.2479,-0.269,-0.2886,-0.3071,-0.3245,-0.341,-0.3566,-0.3711,-0.3845,-0.3969,-0.2693,-0.2312,-0.1807,-0.1141,-0.0282,0.0757,0.1841,0.2632,0.2704,0.1956,0.0793,-0.029,-0.1049,-0.1451,-0.1537,-0.1358,-0.0972,-0.0493,-0.012,-0.0045,-0.0282,-0.069,-0.1128,-0.1527,-0.1872,-0.2169,-0.243,-0.2666,-0.2883,-0.3086,-0.3277,-0.3457,-0.3626,-0.3784,-0.3929,-0.4061,-0.282,-0.242,-0.1858,-0.1059,0.0077,0.1642,0.3571,0.5282,0.5602,0.4079,0.1853,0.0055,-0.1038,-0.1542,-0.1597,-0.1276,-0.0614,0.0268,0.0986,0.1072,0.0552,-0.0171,-0.0827,-0.1354,-0.1771,-0.2111,-0.2401,-0.2658,-0.2894,-0.3115,-0.3324,-0.3521,-0.3706,-0.3877,-0.4034,-0.4175,-0.3028,-0.2643,-0.2074,-0.121,0.0141,0.2271,0.5461,0.9111,1.0222,0.6967,0.2812,0.0099,-0.1277,-0.1812,-0.1797,-0.1317,-0.032,0.118,0.2533,0.2564,0.147,0.0281,-0.0617,-0.1253,-0.172,-0.2087,-0.2395,-0.2669,-0.2923,-0.3162,-0.339,-0.3606,-0.3809,-0.3996,-0.4165,-0.4315,-0.3317,-0.2993,-0.2496,-0.17,-0.0367,0.1966,0.6078,1.2082,1.4601,0.8731,0.2613,-0.0545,-0.1875,-0.2288,-0.2167,-0.158,-0.0381,0.1623,0.3667,0.3598,0.1912,0.0398,-0.0605,-0.1264,-0.1732,-0.21,-0.2413,-0.2699,-0.2969,-0.3229,-0.3478,-0.3717,-0.394,-0.4144,-0.4327,-0.4486,-0.3673,-0.3454,-0.3109,-0.2539,-0.1557,0.0213,0.3432,0.8279,1.014,0.4947,0.0147,-0.2032,-0.2799,-0.2923,-0.2676,-0.2084,-0.1012,0.0706,0.2478,0.2533,0.1216,-0.0005,-0.0829,-0.1386,-0.1799,-0.2141,-0.245,-0.2743,-0.3031,-0.3315,-0.3592,-0.3858,-0.4106,-0.4332,-0.453,-0.4698,-0.4066,-0.398,-0.3835,-0.3591,-0.317,-0.2449,-0.1326,-0.0176,-0.052,-0.2437,-0.363,-0.3891,-0.3805,-0.3585,-0.3227,-0.268,-0.1897,-0.0875,0.008,0.0323,-0.0118,-0.0695,-0.1175,-0.1557,-0.1885,-0.219,-0.2491,-0.2796,-0.3107,-0.3423,-0.3736,-0.4038,-0.4318,-0.457,-0.4785,-0.4961,-0.4458,-0.4504,-0.4563,-0.4639,-0.4747,-0.4919,-0.528,-0.6247,-0.8252,-0.9012,-0.7083,-0.54,-0.4572,-0.4142,-0.3728,-0.3185,-0.257,-0.1972,-0.1468,-0.1177,-0.1142,-0.1267,-0.1461,-0.1688,-0.194,-0.2217,-0.252,-0.2846,-0.3194,-0.3555,-0.3918,-0.4269,-0.4592,-0.4874,-0.5108,-0.529,-0.4811,-0.4968,-0.5188,-0.5506,-0.5972,-0.6644,-0.7575,-0.9047,-1.2829,-1.4716,-0.9201,-0.6021,-0.4918,-0.4617,-0.4213,-0.3518,-0.2884,-0.25,-0.2212,-0.1891,-0.1639,-0.1532,-0.1562,-0.17,-0.1918,-0.2195,-0.2519,-0.2886,-0.3289,-0.3716,-0.4151,-0.4569,-0.4949,-0.527,-0.5523,-0.5704,-0.5097,-0.5328,-0.5649,-0.6104,-0.6751,-0.764,-0.8708,-0.959,-1.1097,-1.2135,-0.8256,-0.5639,-0.4914,-0.5371,-0.4856,-0.3602,-0.2821,-0.2839,-0.2762,-0.2205,-0.1714,-0.1453,-0.1413,-0.1543,-0.1786,-0.2101,-0.2475,-0.2906,-0.339,-0.3915,-0.4453,-0.4969,-0.5425,-0.5794,-0.6062,-0.623,-0.5303,-0.5568,-0.5928,-0.6421,-0.7101,-0.8016,-0.9131,-0.9994,-0.9596,-0.8469,-0.646,-0.4902,-0.4349,-0.5517,-0.4929,-0.2942,-0.2135,-0.35,-0.3528,-0.2189,-0.1346,-0.0952,-0.0943,-0.1179,-0.1526,-0.1923,-0.2372,-0.2892,-0.3494,-0.4162,-0.4855,-0.5514,-0.6077,-0.6501,-0.6772,-0.6902,-0.5429,-0.5695,-0.6041,-0.6494,-0.7086,-0.7841,-0.8717,-0.943,-0.8932,-0.7212,-0.5593,-0.4618,-0.3993,0.0126,-0.2204,-0.0597,0.0891,-0.1612,-0.2374,-0.1294,-0.0203,0.025,-0.0029,-0.059,-0.1145,-0.1653,-0.2186,-0.2819,-0.3588,-0.4473,-0.5404,-0.6279,-0.6992,-0.7474,-0.7718,-0.7764,-0.5487,-0.5729,-0.6029,-0.6396,-0.6837,-0.7332,-0.7796,-0.7967,-0.7409,-0.6327,-0.546,-0.4663,-0.2502,0.0728,-0.0947,0.3761,0.9851,0.2614,-0.032,0.043,0.2528,0.2803,0.1433,0.0145,-0.0693,-0.1273,-0.1855,-0.2622,-0.3638,-0.4863,-0.6175,-0.739,-0.8315,-0.8841,-0.8987,-0.8858,-0.5493,-0.5699,-0.594,-0.6212,-0.6503,-0.6775,-0.6942,-0.6865,-0.6458,-0.5962,-0.5884,-0.5869,-0.4925,-0.2979,-0.2021,0.2446,0.6795,0.1682,-0.0651,0.2047,0.8034,0.6952,0.293,0.0705,-0.0248,-0.0689,-0.121,-0.2156,-0.3574,-0.5351,-0.7286,-0.905,-1.0272,-1.0773,-1.0668,-1.0212,-0.5465,-0.5633,-0.5817,-0.6009,-0.6191,-0.6329,-0.6372,-0.6276,-0.606,-0.5883,-0.5921,-0.6019,-0.7624,-0.8325,-0.4842,-0.2554,-0.1568,-0.346,-0.4511,0.0116,0.8537,0.7145,0.2684,0.0654,0.0241,0.0439,0.0161,-0.1155,-0.3295,-0.5956,-0.8894,-1.1557,-1.3171,-1.3448,-1.2799,-1.1785,-0.5418,-0.5552,-0.569,-0.5824,-0.5938,-0.6012,-0.6025,-0.597,-0.5882,-0.5843,-0.594,-0.6441,-0.8374,-0.8848,-0.6994,-0.6363,-0.5755,-0.8414,-1.1774,-0.563,0.0138,0.1539,0.0518,0.0104,0.1095,0.2878,0.3059,0.0651,-0.2805,-0.6691,-1.1076,-1.513,-1.7176,-1.6807,-1.5188,-1.3384,-0.5363,-0.5468,-0.5573,-0.5669,-0.5746,-0.5794,-0.5807,-0.5791,-0.5776,-0.5808,-0.5961,-0.6361,-0.7045,-0.7602,-0.9332,-1.0179,-0.762,-0.8512,-0.9955,-0.6641,-0.4011,-0.2262,-0.1563,-0.0587,0.2157,0.6995,0.7934,0.2578,-0.2621,-0.7501,-1.3338,-1.9047,-2.1392,-1.9964,-1.7187,-1.4612,-0.5305,-0.539,-0.547,-0.5542,-0.56,-0.5638,-0.5658,-0.5669,-0.5691,-0.5754,-0.5901,-0.6176,-0.661,-0.7375,-0.9004,-0.9481,-0.7642,-0.6987,-0.6401,-0.6053,-0.5178,-0.4018,-0.3145,-0.1798,0.1235,0.7124,0.8365,0.0675,-0.3912,-0.8193,-1.4204,-2.0507,-2.2912,-2.1022,-1.7832,-1.5017,-0.525,-0.5319,-0.5383,-0.544,-0.5486,-0.5521,-0.5548,-0.5573,-0.5611,-0.5681,-0.5806,-0.6012,-0.6331,-0.6824,-0.742,-0.7484,-0.6868,-0.6367,-0.6082,-0.5874,-0.5469,-0.5168,-0.4783,-0.3761,-0.2435,-0.266,-0.7314,-0.7261,-0.6582,-0.8615,-1.3017,-1.7956,-2.0201,-1.9151,-1.6775,-1.4455,-0.5199,-0.5256,-0.5309,-0.5355,-0.5396,-0.5429,-0.5459,-0.549,-0.5533,-0.5598,-0.5699,-0.5848,-0.6054,-0.6306,-0.6514,-0.6505,-0.6273,-0.6019,-0.5851,-0.5764,-0.5926,-0.6612,-0.6779,-0.5715,-0.5308,-0.796,-1.2586,-1.075,-0.8297,-0.8736,-1.1232,-1.4279,-1.6061,-1.5963,-1.4742,-1.3241,-0.5153,-0.52,-0.5245,-0.5285,-0.5321,-0.5352,-0.5382,-0.5415,-0.5456,-0.5512,-0.5589,-0.5691,-0.5815,-0.5939,-0.6019,-0.6005,-0.5904,-0.5787,-0.5729,-0.5833,-0.6368,-0.7516,-0.7849,-0.6696,-0.6283,-0.7695,-0.9537,-0.9276,-0.8337,-0.8524,-0.9853,-1.1581,-1.2813,-1.3113,-1.2658,-1.1839,-0.5111,-0.5151,-0.519,-0.5225,-0.5257,-0.5286,-0.5315,-0.5346,-0.5383,-0.5428,-0.5485,-0.5553,-0.5626,-0.569,-0.5725,-0.5716,-0.5674,-0.5635,-0.5656,-0.5832,-0.63,-0.6989,-0.7163,-0.662,-0.6385,-0.6917,-0.7649,-0.7861,-0.7805,-0.8096,-0.8879,-0.9879,-1.0687,-1.1046,-1.0953,-1.0559]}]