docs/data/wind_grid.json
[{"header":{"la1":42.85,"la2":41.18,"lo1":11.55,"lo2":14.05,"nx":36,"ny":24,"dx":0.07143,"dy":0.07261,"parameterCategory":2,"parameterNumber":2,"parameterNumberName":"eastward_wind","parameterUnit":"m.s-1"},"data":[-0.3747,-0.3863,-0.3989,-0.4123,-0.4258,-0.4385,-0.4488,-0.4554,-0.4576,-0.4562,-0.4534,-0.4522,-0.4554,-0.4646,-0.4802,-0.5011,-0.5247,-0.547,-0.5636,-0.5712,-0.5688,-0.5575,-0.5401,-0.5196,-0.4982,-0.4774,-0.4581,-0.4407,-0.4252,-0.4115,-0.3996,-0.3891,-0.3799,-0.3718,-0.3647,-0.3584,-0.3784,-0.392,-0.4073,-0.4244,-0.4426,-0.4605,-0.4755,-0.4846,-0.4858,-0.4798,-0.4706,-0.4637,-0.4639,-0.4738,-0.4944,-0.5241,-0.5594,-0.5936,-0.619,-0.6294,-0.6232,-0.6039,-0.5769,-0.5473,-0.5184,-0.4917,-0.4681,-0.4474,-0.4297,-0.4144,-0.4013,-0.39,-0.3803,-0.3719,-0.3645,-0.3581,-0.3813,-0.397,-0.4156,-0.4375,-0.4625,-0.489,-0.5131,-0.5282,-0.5286,-0.5142,-0.493,-0.4755,-0.4698,-0.4799,-0.5071,-0.5501,-0.604,-0.6587,-0.6991,-0.7127,-0.6978,-0.6633,-0.6206,-0.5778,-0.5389,-0.5052,-0.4766,-0.4527,-0.4327,-0.4159,-0.4019,-0.39,-0.3799,-0.3713,-0.3638,-0.3573,-0.3829,-0.4007,-0.4227,-0.4501,-0.4843,-0.5246,-0.5663,-0.5961,-0.5975,-0.5672,-0.5228,-0.4864,-0.4707,-0.48,-0.5155,-0.5772,-0.6609,-0.7516,-0.8195,-0.8362,-0.8009,-0.7376,-0.6696,-0.6086,-0.5576,-0.5161,-0.4827,-0.4557,-0.4338,-0.4159,-0.4012,-0.389,-0.3787,-0.37,-0.3626,-0.3562,-0.3827,-0.402,-0.4267,-0.4595,-0.5041,-0.5643,-0.6381,-0.7033,-0.7135,-0.6502,-0.5602,-0.4924,-0.4623,-0.4698,-0.5147,-0.5998,-0.7276,-0.8818,-1.0031,-1.0196,-0.9375,-0.8225,-0.7179,-0.6348,-0.5712,-0.5225,-0.485,-0.4556,-0.4325,-0.4139,-0.399,-0.3868,-0.3766,-0.3681,-0.3609,-0.3546,-0.3803,-0.4,-0.426,-0.4618,-0.5145,-0.5954,-0.7167,-0.8573,-0.8989,-0.7648,-0.593,-0.4834,-0.4384,-0.4444,-0.4976,-0.6055,-0.785,-1.0357,-1.2551,-1.2609,-1.0872,-0.897,-0.7517,-0.6489,-0.5756,-0.5221,-0.4822,-0.4518,-0.4283,-0.4099,-0.3953,-0.3834,-0.3737,-0.3656,-0.3587,-0.3527,-0.3756,-0.3947,-0.4195,-0.4539,-0.5061,-0.5931,-0.7465,-0.9761,-1.0745,-0.835,-0.5778,-0.4425,-0.3929,-0.4001,-0.458,-0.5772,-0.7865,-1.1134,-1.4366,-1.4259,-1.1612,-0.9186,-0.7536,-0.6436,-0.5678,-0.5136,-0.4738,-0.444,-0.4214,-0.4039,-0.3901,-0.3791,-0.3701,-0.3626,-0.3562,-0.3507,-0.3691,-0.3867,-0.4085,-0.4371,-0.4775,-0.542,-0.6557,-0.8316,-0.8975,-0.6792,-0.4666,-0.3611,-0.3247,-0.3366,-0.3953,-0.5105,-0.7009,-0.9823,-1.2577,-1.2658,-1.0597,-0.8597,-0.7167,-0.6175,-0.5473,-0.4967,-0.4597,-0.4323,-0.4118,-0.3961,-0.3838,-0.3741,-0.3661,-0.3594,-0.3536,-0.3485,-0.3616,-0.3776,-0.3962,-0.4178,-0.4426,-0.4708,-0.5015,-0.5212,-0.4785,-0.3733,-0.2963,-0.2565,-0.241,-0.2565,-0.3154,-0.4259,-0.5853,-0.7725,-0.9261,-0.9566,-0.873,-0.7583,-0.6567,-0.577,-0.5172,-0.4731,-0.441,-0.4175,-0.4002,-0.3871,-0.3769,-0.3687,-0.3619,-0.3561,-0.351,-0.3464,-0.3537,-0.3688,-0.3861,-0.4046,-0.4217,-0.4297,-0.4104,-0.328,-0.1679,-0.0848,-0.1362,-0.1592,-0.1514,-0.1594,-0.2202,-0.3477,-0.5217,-0.69,-0.7929,-0.8077,-0.7559,-0.6761,-0.5969,-0.5311,-0.4811,-0.4447,-0.4189,-0.4007,-0.3876,-0.3778,-0.3701,-0.3637,-0.3582,-0.3532,-0.3487,-0.3445,-0.3456,-0.3609,-0.3792,-0.4007,-0.4242,-0.4443,-0.4387,-0.3269,0.0456,0.2152,-0.0352,-0.0923,-0.06,-0.0339,-0.0976,-0.2815,-0.5514,-0.813,-0.918,-0.8558,-0.7387,-0.6299,-0.5448,-0.4833,-0.441,-0.4131,-0.3951,-0.3833,-0.3753,-0.3693,-0.3642,-0.3596,-0.3552,-0.351,-0.3469,-0.3431,-0.3367,-0.3527,-0.3734,-0.4014,-0.4408,-0.4985,-0.5789,-0.612,-0.266,0.0127,-0.0758,-0.0623,0.0215,0.1309,0.0619,-0.2301,-0.7006,-1.2709,-1.3794,-1.0552,-0.769,-0.5918,-0.4882,-0.4291,-0.3965,-0.3796,-0.3713,-0.3675,-0.3652,-0.3631,-0.3605,-0.3572,-0.3536,-0.3497,-0.3459,-0.3422,-0.3262,-0.3422,-0.3644,-0.3968,-0.4476,-0.533,-0.6799,-0.88,-0.6642,-0.3002,-0.1336,-0.0603,0.0194,0.1937,0.1371,-0.2453,-0.8808,-2.0385,-2.0562,-1.2091,-0.7362,-0.5099,-0.4054,-0.3614,-0.3469,-0.346,-0.3506,-0.3559,-0.3597,-0.3611,-0.36,-0.3573,-0.3536,-0.3496,-0.3455,-0.3417,-0.3133,-0.3279,-0.3485,-0.379,-0.4264,-0.5019,-0.6134,-0.7162,-0.6059,-0.299,-0.1168,-0.0686,-0.0514,0.0824,-0.0278,-0.3797,-0.8496,-1.4943,-1.5607,-0.9427,-0.5266,-0.3389,-0.2811,-0.2784,-0.2952,-0.3173,-0.3377,-0.353,-0.362,-0.3652,-0.364,-0.3602,-0.3552,-0.3502,-0.3456,-0.3415,-0.298,-0.3096,-0.3256,-0.3481,-0.3801,-0.423,-0.4682,-0.4738,-0.3608,-0.1659,-0.0387,-0.0155,0.0157,0.0881,-0.1047,-0.6683,-1.1709,-0.8865,-0.74,-0.4371,-0.1513,-0.0723,-0.1227,-0.1908,-0.2517,-0.3024,-0.3404,-0.3645,-0.3759,-0.3776,-0.3729,-0.3652,-0.3573,-0.3506,-0.3453,-0.341,-0.281,-0.2885,-0.2982,-0.3105,-0.3247,-0.3368,-0.3347,-0.2936,-0.1892,-0.0325,0.1315,0.0225,0.0136,0.0093,-0.1275,-0.5564,-0.9229,-0.5691,-0.2893,-0.0314,0.2657,0.2172,0.0198,-0.1256,-0.2336,-0.3154,-0.3698,-0.3978,-0.4054,-0.3992,-0.3855,-0.3701,-0.3573,-0.3488,-0.3435,-0.3398,-0.2632,-0.2665,-0.27,-0.273,-0.2733,-0.2664,-0.2436,-0.1938,-0.1097,0.0041,0.1172,0.0631,0.0545,0.0639,-0.0211,-0.1579,-0.2359,-0.0684,0.1149,0.1738,0.3315,0.2703,0.0643,-0.1113,-0.2595,-0.3738,-0.439,-0.4601,-0.4531,-0.4295,-0.3985,-0.3695,-0.3503,-0.3416,-0.3386,-0.3371,-0.2458,-0.2453,-0.2437,-0.2399,-0.2317,-0.2158,-0.1876,-0.1432,-0.083,-0.0167,0.0315,0.0462,0.0752,0.0986,0.1766,0.2131,0.1533,0.3338,0.5466,0.3423,0.2465,0.173,0.0345,-0.1439,-0.336,-0.49,-0.5541,-0.5514,-0.5186,-0.4666,-0.406,-0.3553,-0.3301,-0.3264,-0.3303,-0.3333,-0.2295,-0.226,-0.2207,-0.2126,-0.2001,-0.1811,-0.1537,-0.117,-0.0732,-0.0285,0.0097,0.0435,0.0905,0.2008,0.5467,0.6851,0.3693,0.4011,0.5171,0.4645,0.3216,0.1773,0.0231,-0.1822,-0.4322,-0.6286,-0.67,-0.6514,-0.5998,-0.5107,-0.4077,-0.327,-0.2988,-0.3074,-0.3216,-0.33,-0.2149,-0.2092,-0.2016,-0.1911,-0.1767,-0.1574,-0.1323,-0.1016,-0.0669,-0.0307,0.0061,0.0486,0.1144,0.2514,0.5157,0.5985,0.3986,0.3938,0.5775,0.6579,0.4122,0.2308,0.0654,-0.1726,-0.4764,-0.6809,-0.714,-0.7779,-0.7089,-0.5694,-0.4222,-0.3156,-0.285,-0.3007,-0.3197,-0.3299,-0.2022,-0.1951,-0.186,-0.1744,-0.1595,-0.1409,-0.1183,-0.0918,-0.0622,-0.0301,0.0054,0.0489,0.1107,0.2045,0.3152,0.3556,0.3271,0.359,0.4753,0.5117,0.4008,0.3259,0.2182,-0.0591,-0.4623,-0.8486,-1.1844,-1.1095,-0.8584,-0.6409,-0.4678,-0.3551,-0.315,-0.318,-0.3285,-0.3341,-0.1914,-0.1834,-0.1736,-0.1616,-0.147,-0.1294,-0.1089,-0.0854,-0.0593,-0.0304,0.0023,0.0414,0.0902,0.1491,0.2057,0.2394,0.2572,0.2922,0.3454,0.3786,0.423,0.5688,0.5831,0.1977,-0.3719,-0.983,-1.4607,-1.2856,-0.9333,-0.6842,-0.516,-0.4118,-0.3622,-0.3465,-0.3429,-0.3406,-0.1823,-0.1739,-0.1638,-0.1519,-0.1379,-0.1215,-0.1028,-0.0817,-0.0584,-0.0326,-0.0036,0.0293,0.0669,0.1072,0.1448,0.175,0.2012,0.2331,0.2744,0.3347,0.4767,0.7667,0.8524,0.4035,-0.2009,-0.7446,-1.074,-1.0418,-0.843,-0.6614,-0.53,-0.4438,-0.3938,-0.368,-0.3544,-0.3456,-0.1749,-0.1663,-0.1563,-0.1447,-0.1314,-0.1162,-0.0992,-0.0802,-0.0594,-0.0366,-0.0115,0.0159,0.0454,0.0756,0.1045,0.1309,0.1566,0.1862,0.226,0.2921,0.4185,0.5969,0.6181,0.3249,-0.0966,-0.471,-0.7011,-0.7505,-0.6852,-0.5907,-0.5071,-0.4447,-0.4026,-0.3758,-0.3587,-0.3468]},{"header":{"la1":42.85,"la2":41.18,"lo1":11.55,"lo2":14.05,"nx":36,"ny":24,"dx":0.07143,"dy":0.07261,"parameterCategory":2,"parameterNumber":3,"parameterNumberName":"northward_wind","parameterUnit":"m.s-1"},"data":[-0.4678,-0.4433,-0.4154,-0.385,-0.3537,-0.3244,-0.3012,-0.2884,-0.2886,-0.3013,-0.3223,-0.3459,-0.3665,-0.3809,-0.3876,-0.3873,-0.3819,-0.3747,-0.369,-0.3675,-0.3715,-0.3805,-0.3932,-0.4081,-0.4238,-0.4396,-0.455,-0.47,-0.4844,-0.4982,-0.5114,-0.524,-0.536,-0.5473,-0.558,-0.5679,-0.4653,-0.436,-0.4011,-0.361,-0.3171,-0.2735,-0.2369,-0.2158,-0.2168,-0.2394,-0.2758,-0.315,-0.3476,-0.3686,-0.3768,-0.3733,-0.3617,-0.3472,-0.3357,-0.332,-0.3378,-0.3514,-0.3696,-0.3897,-0.4099,-0.4293,-0.4476,-0.4649,-0.4812,-0.4967,-0.5113,-0.5253,-0.5384,-0.5508,-0.5623,-0.573,-0.4661,-0.4318,-0.3889,-0.3363,-0.2744,-0.2073,-0.1459,-0.1072,-0.1074,-0.1482,-0.2128,-0.2786,-0.3298,-0.36,-0.369,-0.3596,-0.3369,-0.3093,-0.2877,-0.2812,-0.2917,-0.3141,-0.3417,-0.3696,-0.3956,-0.4193,-0.4408,-0.4605,-0.4788,-0.496,-0.5123,-0.5276,-0.542,-0.5555,-0.568,-0.5794,-0.4718,-0.4333,-0.3823,-0.3152,-0.2289,-0.1249,-0.0166,0.0619,0.0679,-0.0087,-0.1276,-0.2388,-0.3172,-0.3588,-0.3673,-0.3477,-0.3062,-0.2548,-0.2146,-0.2051,-0.2277,-0.2676,-0.3103,-0.349,-0.3821,-0.4104,-0.4351,-0.4573,-0.4776,-0.4966,-0.5144,-0.5312,-0.547,-0.5617,-0.5752,-0.5875,-0.4841,-0.4434,-0.3864,-0.3057,-0.1914,-0.0345,0.1583,0.329,0.36,0.2056,-0.0206,-0.2048,-0.318,-0.3706,-0.3761,-0.3414,-0.2706,-0.177,-0.1009,-0.0904,-0.1423,-0.2144,-0.2793,-0.3308,-0.3711,-0.4037,-0.4312,-0.4555,-0.4777,-0.4985,-0.5181,-0.5365,-0.5538,-0.5698,-0.5844,-0.5975,-0.5044,-0.465,-0.407,-0.3193,-0.1831,0.0306,0.3494,0.7136,0.8239,0.497,0.077,-0.2009,-0.3446,-0.4017,-0.4003,-0.3486,-0.2419,-0.0831,0.0589,0.063,-0.0481,-0.1678,-0.2572,-0.3197,-0.365,-0.4001,-0.4295,-0.4555,-0.4795,-0.502,-0.5235,-0.5437,-0.5627,-0.5801,-0.5959,-0.6099,-0.5329,-0.4993,-0.448,-0.3666,-0.2314,0.0032,0.4139,1.0112,1.2615,0.6759,0.0596,-0.266,-0.4086,-0.4557,-0.4439,-0.3802,-0.2506,-0.0377,0.1764,0.1695,-0.0025,-0.1552,-0.2548,-0.3195,-0.3649,-0.4001,-0.4301,-0.4572,-0.4828,-0.5074,-0.5309,-0.5533,-0.5743,-0.5934,-0.6105,-0.6254,-0.5684,-0.5449,-0.5083,-0.4487,-0.3474,-0.1675,0.1556,0.6373,0.8215,0.3057,-0.1815,-0.4157,-0.5079,-0.529,-0.5049,-0.4391,-0.3201,-0.1343,0.0532,0.0603,-0.0728,-0.1946,-0.2757,-0.3299,-0.3698,-0.4027,-0.4322,-0.4603,-0.4877,-0.5146,-0.5408,-0.5658,-0.5892,-0.6103,-0.6288,-0.6445,-0.6078,-0.5973,-0.5803,-0.5524,-0.5055,-0.4274,-0.3079,-0.1848,-0.2105,-0.4021,-0.544,-0.6031,-0.6203,-0.611,-0.5751,-0.5108,-0.4175,-0.3001,-0.1939,-0.1644,-0.206,-0.2618,-0.308,-0.3448,-0.3763,-0.4057,-0.4348,-0.4641,-0.494,-0.524,-0.5537,-0.5821,-0.6084,-0.6319,-0.652,-0.6685,-0.6474,-0.65,-0.653,-0.6565,-0.6611,-0.669,-0.69,-0.7588,-0.9141,-0.9821,-0.8579,-0.759,-0.7175,-0.6911,-0.6468,-0.5761,-0.4922,-0.4119,-0.3478,-0.3116,-0.3045,-0.315,-0.333,-0.3547,-0.3793,-0.4065,-0.4361,-0.4679,-0.5014,-0.5359,-0.5703,-0.6033,-0.6335,-0.6598,-0.6816,-0.6985,-0.6835,-0.6973,-0.7165,-0.744,-0.7838,-0.8404,-0.9157,-1.0241,-1.2853,-1.4155,-1.0422,-0.8416,-0.7857,-0.7738,-0.7237,-0.6254,-0.5248,-0.4542,-0.4084,-0.3717,-0.3459,-0.3352,-0.3383,-0.3524,-0.3745,-0.4025,-0.4349,-0.471,-0.51,-0.5509,-0.5919,-0.6311,-0.6665,-0.6963,-0.7197,-0.7365,-0.7133,-0.7349,-0.7646,-0.8063,-0.865,-0.9441,-1.0348,-1.1019,-1.1979,-1.2552,-1.0043,-0.8495,-0.8272,-0.8925,-0.8149,-0.6461,-0.5075,-0.4547,-0.4315,-0.3847,-0.3426,-0.32,-0.3181,-0.333,-0.359,-0.392,-0.4301,-0.4729,-0.5199,-0.5698,-0.6204,-0.6684,-0.7107,-0.7447,-0.7693,-0.7848,-0.7355,-0.7611,-0.7954,-0.8421,-0.9059,-0.9907,-1.089,-1.1096,-1.1606,-1.0434,-0.91,-0.8357,-0.8139,-0.9095,-0.8227,-0.5802,-0.4162,-0.4711,-0.4702,-0.3668,-0.2963,-0.2632,-0.2664,-0.2935,-0.3316,-0.3743,-0.421,-0.4731,-0.5312,-0.5942,-0.6587,-0.7195,-0.7712,-0.81,-0.8347,-0.8466,-0.7498,-0.7761,-0.8101,-0.8544,-0.9121,-0.986,-1.0759,-1.1767,-1.1295,-0.9693,-0.8637,-0.8493,-0.8255,-0.5352,-0.6013,-0.3163,-0.0732,-0.2917,-0.3651,-0.274,-0.177,-0.1389,-0.1716,-0.2328,-0.2939,-0.3501,-0.4065,-0.4698,-0.5433,-0.6257,-0.7113,-0.7912,-0.8561,-0.8999,-0.9219,-0.9258,-0.7572,-0.7818,-0.8122,-0.8495,-0.8944,-0.946,-0.9978,-1.0256,-0.9839,-0.901,-0.8473,-0.8089,-0.6818,-0.5007,-0.472,0.2166,0.9657,0.1591,-0.1592,-0.0987,0.0938,0.114,-0.0249,-0.1593,-0.2523,-0.3194,-0.3828,-0.4587,-0.5538,-0.6659,-0.7849,-0.8948,-0.9783,-1.0256,-1.0384,-1.0262,-0.7591,-0.7808,-0.8061,-0.835,-0.8666,-0.8977,-0.9209,-0.9234,-0.8984,-0.8698,-0.877,-0.8738,-0.8079,-0.6661,-0.4955,0.0957,0.6267,0.0817,-0.1652,0.0717,0.62,0.5143,0.1236,-0.1054,-0.2167,-0.2771,-0.3374,-0.4284,-0.5571,-0.7164,-0.8899,-1.0485,-1.1583,-1.2029,-1.1926,-1.1503,-0.7572,-0.7754,-0.7956,-0.8172,-0.8386,-0.857,-0.868,-0.8677,-0.8588,-0.8563,-0.8729,-0.8729,-0.966,-0.9986,-0.6869,-0.4093,-0.2549,-0.391,-0.4675,-0.0753,0.6712,0.5365,0.1035,-0.1147,-0.1869,-0.1981,-0.238,-0.3572,-0.5443,-0.7784,-1.0398,-1.2785,-1.4234,-1.4475,-1.3874,-1.2942,-0.7528,-0.7678,-0.7836,-0.7996,-0.8143,-0.826,-0.8329,-0.8344,-0.8337,-0.837,-0.8474,-0.8763,-1.0018,-1.0231,-0.8346,-0.7359,-0.6365,-0.7822,-1.0065,-0.5468,-0.081,0.0213,-0.1002,-0.1772,-0.1363,-0.0204,-0.0191,-0.2215,-0.5138,-0.8512,-1.2402,-1.6041,-1.7884,-1.7539,-1.6055,-1.4402,-0.747,-0.7592,-0.7716,-0.7835,-0.7941,-0.8024,-0.8077,-0.8104,-0.8125,-0.8168,-0.8262,-0.8473,-0.8827,-0.8972,-0.9828,-1.0324,-0.7998,-0.8052,-0.8844,-0.6449,-0.4485,-0.3244,-0.2951,-0.2524,-0.0699,0.2922,0.3616,-0.0743,-0.5066,-0.9275,-1.4459,-1.9597,-2.1717,-2.0414,-1.7878,-1.5523,-0.7406,-0.7505,-0.7602,-0.7693,-0.7772,-0.7834,-0.7878,-0.7907,-0.7932,-0.7969,-0.8032,-0.814,-0.83,-0.8617,-0.9553,-0.9783,-0.809,-0.7139,-0.6367,-0.6033,-0.5544,-0.4839,-0.4381,-0.3612,-0.1538,0.2964,0.3923,-0.2381,-0.6185,-0.9884,-1.5236,-2.0919,-2.3098,-2.1377,-1.8466,-1.5892,-0.734,-0.742,-0.7497,-0.7567,-0.7628,-0.7676,-0.7711,-0.7736,-0.7756,-0.7779,-0.7814,-0.7867,-0.7958,-0.8133,-0.8378,-0.8241,-0.7522,-0.6819,-0.6318,-0.6089,-0.5934,-0.5872,-0.5736,-0.5194,-0.4518,-0.5067,-0.9117,-0.9046,-0.843,-1.0209,-1.4144,-1.86,-2.0632,-1.9671,-1.7499,-1.5376,-0.7274,-0.7339,-0.74,-0.7456,-0.7502,-0.7539,-0.7566,-0.7584,-0.7596,-0.7606,-0.7618,-0.7635,-0.7662,-0.7697,-0.7685,-0.75,-0.712,-0.6711,-0.6411,-0.6292,-0.6466,-0.7032,-0.7205,-0.664,-0.6792,-0.9464,-1.3594,-1.1993,-0.985,-1.025,-1.2494,-1.5246,-1.6857,-1.676,-1.5639,-1.4262,-0.7211,-0.7264,-0.7313,-0.7356,-0.7392,-0.7419,-0.7438,-0.7449,-0.7453,-0.7452,-0.7446,-0.7436,-0.742,-0.7385,-0.7304,-0.7141,-0.6905,-0.6664,-0.6503,-0.6522,-0.6899,-0.7696,-0.792,-0.7309,-0.7462,-0.9066,-1.0838,-1.0636,-0.9816,-0.9997,-1.1202,-1.2767,-1.3883,-1.4149,-1.3728,-1.2975,-0.7151,-0.7194,-0.7233,-0.7267,-0.7294,-0.7314,-0.7326,-0.733,-0.7327,-0.7317,-0.7299,-0.7272,-0.7233,-0.7173,-0.7081,-0.6949,-0.6792,-0.6647,-0.657,-0.6638,-0.6935,-0.739,-0.7529,-0.7319,-0.7475,-0.823,-0.9036,-0.9291,-0.9274,-0.9557,-1.0277,-1.1188,-1.1924,-1.2248,-1.2159,-1.1796]}]