docs/data/wind_grid.json
[{"header":{"la1":42.85,"la2":41.18,"lo1":11.55,"lo2":14.05,"nx":36,"ny":24,"dx":0.07143,"dy":0.07261,"parameterCategory":2,"parameterNumber":2,"parameterNumberName":"eastward_wind","parameterUnit":"m.s-1"},"data":[0.1528,0.1461,0.1395,0.1328,0.1259,0.1185,0.1105,0.1021,0.093,0.0823,0.0687,0.0508,0.0277,-0.0006,-0.0326,-0.0656,-0.0951,-0.1157,-0.1221,-0.1121,-0.0891,-0.0612,-0.0367,-0.0195,-0.0086,-0.0008,0.0062,0.0138,0.0221,0.0309,0.04,0.049,0.0577,0.0661,0.074,0.0814,0.1466,0.1392,0.1322,0.1253,0.1181,0.11,0.1013,0.0926,0.0844,0.0755,0.0634,0.0452,0.0189,-0.0157,-0.0574,-0.1027,-0.1453,-0.1755,-0.1823,-0.1596,-0.1135,-0.0626,-0.0256,-0.008,-0.0026,-0.0006,0.0027,0.0085,0.0164,0.0255,0.0352,0.0449,0.0543,0.0632,0.0716,0.0794,0.1382,0.1298,0.1222,0.1151,0.1074,0.098,0.087,0.0767,0.0697,0.0651,0.0576,0.0413,0.0124,-0.0298,-0.0842,-0.1478,-0.2127,-0.2625,-0.2733,-0.226,-0.1297,-0.0305,0.0234,0.029,0.0154,0.0038,0.0002,0.0033,0.0107,0.0202,0.0307,0.0411,0.0512,0.0607,0.0695,0.0777,0.1266,0.1164,0.1081,0.1012,0.0934,0.0814,0.0643,0.0476,0.0412,0.0464,0.0505,0.0402,0.01,-0.0406,-0.111,-0.2003,-0.3029,-0.396,-0.4274,-0.3369,-0.1259,0.0864,0.1541,0.1051,0.0441,0.0087,-0.004,-0.0032,0.0043,0.0149,0.0264,0.0377,0.0485,0.0586,0.0678,0.0763,0.1108,0.0971,0.0872,0.0814,0.0757,0.0611,0.0301,-0.0078,-0.0188,0.0101,0.0414,0.0443,0.0141,-0.0454,-0.1331,-0.254,-0.4157,-0.6034,-0.7187,-0.5748,-0.1142,0.3726,0.4099,0.205,0.0646,0.004,-0.0139,-0.0125,-0.003,0.0095,0.0224,0.0349,0.0464,0.057,0.0666,0.0753,0.0896,0.0689,0.0544,0.0507,0.0534,0.0423,-0.0111,-0.1076,-0.1442,-0.0525,0.0364,0.0587,0.0271,-0.0424,-0.1452,-0.2936,-0.5244,-0.8844,-1.2672,-1.1246,-0.2936,0.576,0.5549,0.2075,0.0353,-0.0224,-0.0326,-0.0248,-0.0109,0.0044,0.0191,0.0327,0.045,0.0559,0.0658,0.0746,0.0635,0.0293,0.0016,-0.0028,0.0205,0.035,-0.0233,-0.2018,-0.298,-0.0933,0.0623,0.0926,0.0501,-0.0341,-0.1482,-0.3024,-0.558,-1.0534,-1.8182,-1.733,-0.7608,-0.065,0.1055,-0.0004,-0.0614,-0.0704,-0.0576,-0.0383,-0.0183,0.0002,0.0168,0.0314,0.0442,0.0554,0.0654,0.0743,0.0366,-0.0179,-0.0752,-0.0964,-0.0368,0.0404,0.0448,-0.0665,-0.1263,0.0432,0.1562,0.1528,0.0813,-0.0312,-0.1638,-0.2984,-0.4833,-0.8426,-1.3328,-1.3116,-1.014,-0.7636,-0.4337,-0.2562,-0.1717,-0.1191,-0.08,-0.0489,-0.0234,-0.002,0.0159,0.0312,0.0442,0.0554,0.0653,0.074,0.0182,-0.0534,-0.1403,-0.1938,-0.0994,0.0504,0.1566,0.2045,0.2541,0.3173,0.3097,0.235,0.1182,-0.0474,-0.2541,-0.3779,-0.4116,-0.5469,-0.768,-0.9797,-1.385,-1.2489,-0.7082,-0.3915,-0.2319,-0.1448,-0.0909,-0.0535,-0.0249,-0.0021,0.0165,0.0319,0.0448,0.0557,0.0652,0.0737,0.0157,-0.0617,-0.144,-0.1837,-0.1286,0.0617,0.2611,0.4263,0.6005,0.6537,0.4949,0.3249,0.168,-0.0554,-0.4988,-0.7321,-0.4268,-0.3763,-0.4972,-0.7475,-1.1294,-1.0504,-0.6471,-0.3737,-0.2236,-0.1401,-0.0886,-0.0521,-0.0235,-0.0004,0.0183,0.0333,0.0456,0.0559,0.0649,0.073,0.0305,-0.055,-0.184,-0.391,-0.3259,0.062,0.3547,0.5664,0.9145,1.0861,0.6486,0.3948,0.2375,0.0611,-0.386,-0.715,-0.3324,-0.2718,-0.3364,-0.4436,-0.5698,-0.5565,-0.4063,-0.2632,-0.1724,-0.1195,-0.0823,-0.0499,-0.0214,0.0021,0.0206,0.0349,0.0462,0.0556,0.0638,0.0715,0.0659,-0.015,-0.1513,-0.3493,-0.2634,0.1587,0.4534,0.5885,0.7584,0.8781,0.617,0.4313,0.2997,0.2049,0.1107,-0.0447,-0.1208,-0.2943,-0.3608,-0.2927,-0.2678,-0.2451,-0.1954,-0.1485,-0.1269,-0.1164,-0.0911,-0.0548,-0.0211,0.0046,0.023,0.0361,0.0458,0.0538,0.0611,0.0684,0.1213,0.0697,0.0037,-0.0364,0.0727,0.3193,0.5225,0.6009,0.6102,0.6313,0.5659,0.489,0.3878,0.2285,0.2266,0.1929,0.0039,-0.6271,-0.6613,-0.2489,-0.1033,-0.057,-0.0481,-0.0731,-0.1366,-0.1772,-0.1344,-0.0692,-0.0216,0.0077,0.0252,0.0358,0.0431,0.0493,0.0557,0.0629,0.185,0.1654,0.1549,0.1798,0.2707,0.4086,0.5288,0.588,0.6029,0.626,0.6139,0.5694,0.5304,0.3274,0.3415,0.393,0.2023,-0.2435,-0.3447,-0.0797,0.0635,0.1032,0.0734,-0.0198,-0.187,-0.2835,-0.1819,-0.0745,-0.0157,0.0131,0.0265,0.0325,0.036,0.0401,0.0459,0.0538,0.2444,0.2458,0.2605,0.2991,0.3673,0.4526,0.5305,0.5871,0.6442,0.738,0.8088,0.7252,0.5574,0.4851,0.4039,0.4066,-0.1369,0.0439,0.0767,0.1796,0.2832,0.2884,0.2061,0.0734,-0.1047,-0.2023,-0.1273,-0.0416,0.0027,0.0205,0.0246,0.0228,0.021,0.0228,0.0293,0.0397,0.2937,0.3062,0.3298,0.3682,0.4217,0.4845,0.5492,0.6189,0.723,0.935,1.3398,1.0215,0.8034,0.5692,0.4577,0.2519,-0.0108,0.1863,0.3027,0.3982,0.5294,0.4876,0.3384,0.1966,0.0675,-0.0065,-0.0067,0.0144,0.0255,0.0244,0.0145,0.0011,-0.0081,-0.0075,0.0029,0.0192,0.3324,0.35,0.376,0.4117,0.457,0.5098,0.5701,0.6452,0.7591,0.964,1.2704,1.0449,0.8109,0.7402,0.618,0.5052,0.4206,0.4595,0.5237,0.5401,0.5807,0.5433,0.4164,0.2882,0.1791,0.1069,0.0706,0.0516,0.0363,0.0174,-0.0097,-0.0409,-0.0607,-0.0574,-0.0359,-0.0078,0.3621,0.3817,0.4076,0.4405,0.4803,0.5268,0.5813,0.6483,0.7357,0.8439,0.9195,0.8708,0.7999,0.7969,0.8898,0.9174,0.743,0.6813,0.6963,0.6976,0.6402,0.5668,0.4661,0.3408,0.2187,0.1321,0.0862,0.0531,0.0257,-0.0035,-0.0503,-0.1114,-0.1475,-0.1313,-0.0857,-0.0379,0.3846,0.4046,0.4294,0.4595,0.4948,0.5356,0.5824,0.6362,0.6967,0.7557,0.7933,0.8008,0.8185,0.9435,1.4591,1.6866,1.0439,0.8296,0.8471,1.0322,0.8677,0.6867,0.5398,0.3792,0.2104,0.1061,0.0805,0.0226,-0.0105,-0.0334,-0.0948,-0.2003,-0.2587,-0.2131,-0.1316,-0.0616,0.4014,0.4209,0.4443,0.4716,0.5029,0.5382,0.5773,0.62,0.6641,0.7053,0.7391,0.7716,0.8333,1.0035,1.398,1.5216,1.1123,1.012,1.3964,1.6145,1.1007,0.8303,0.655,0.4421,0.1975,0.0696,0.0506,-0.0924,-0.0847,-0.0599,-0.1083,-0.2348,-0.3058,-0.2424,-0.1444,-0.066,0.4137,0.4324,0.454,0.4787,0.5063,0.5368,0.5697,0.6043,0.6394,0.6736,0.7072,0.7471,0.8103,0.921,1.0633,1.0983,1.0113,1.025,1.2298,1.3084,1.1073,1.0027,0.8901,0.5988,0.2066,-0.1764,-0.5667,-0.4541,-0.1776,-0.0563,-0.0661,-0.1551,-0.214,-0.1795,-0.1089,-0.0453,0.4226,0.4402,0.4601,0.4822,0.5067,0.533,0.5611,0.5902,0.6198,0.6498,0.6813,0.7185,0.7675,0.8304,0.8907,0.916,0.9156,0.9469,1.0229,1.0764,1.146,1.3813,1.4227,0.9217,0.2991,-0.3349,-0.9329,-0.6097,-0.1021,0.0351,0.0196,-0.0389,-0.0825,-0.0797,-0.0468,-0.0076,0.4288,0.4451,0.4633,0.4833,0.5049,0.5279,0.5521,0.5772,0.6028,0.6292,0.6571,0.6884,0.7245,0.7636,0.7986,0.8226,0.8417,0.8734,0.9267,1.0147,1.2317,1.7039,1.8531,1.1849,0.4727,-0.0691,-0.3576,-0.131,0.2221,0.1998,0.1134,0.0526,0.0152,0.0044,0.0145,0.0345,0.4328,0.4479,0.4645,0.4825,0.5017,0.5219,0.5431,0.5648,0.5872,0.6102,0.6342,0.6598,0.6871,0.7146,0.7399,0.7619,0.7845,0.8156,0.866,0.9591,1.1467,1.4263,1.4689,1.0596,0.5605,0.1911,0.0289,0.1176,0.2708,0.2389,0.1607,0.1088,0.0781,0.0645,0.0646,0.0733]},{"header":{"la1":42.85,"la2":41.18,"lo1":11.55,"lo2":14.05,"nx":36,"ny":24,"dx":0.07143,"dy":0.07261,"parameterCategory":2,"parameterNumber":3,"parameterNumberName":"northward_wind","parameterUnit":"m.s-1"},"data":[-0.002,0.0127,0.0283,0.0444,0.0605,0.075,0.0854,0.0887,0.0827,0.0673,0.045,0.0196,-0.0055,-0.028,-0.0468,-0.0614,-0.0717,-0.0772,-0.0778,-0.074,-0.0676,-0.0617,-0.0589,-0.0606,-0.0664,-0.0749,-0.0851,-0.096,-0.1073,-0.1187,-0.13,-0.1411,-0.1519,-0.1623,-0.1722,-0.1816,0.0087,0.0267,0.0463,0.0677,0.0908,0.114,0.1332,0.1424,0.136,0.1134,0.0795,0.042,0.0067,-0.0234,-0.0476,-0.066,-0.0787,-0.0849,-0.0835,-0.0744,-0.0605,-0.0475,-0.0413,-0.0437,-0.0525,-0.0646,-0.0779,-0.0914,-0.1048,-0.1179,-0.1307,-0.1431,-0.1551,-0.1665,-0.1774,-0.1876,0.02,0.0417,0.0659,0.0936,0.1264,0.1639,0.2004,0.2232,0.2182,0.1824,0.1274,0.0696,0.0192,-0.0208,-0.0514,-0.0746,-0.0911,-0.0996,-0.0964,-0.0784,-0.0493,-0.0223,-0.0115,-0.0183,-0.0344,-0.0527,-0.0705,-0.0872,-0.103,-0.118,-0.1323,-0.1462,-0.1594,-0.172,-0.1839,-0.1949,0.0322,0.0583,0.0871,0.1211,0.1654,0.2253,0.2963,0.3527,0.3552,0.2914,0.194,0.1015,0.0298,-0.0218,-0.0592,-0.0878,-0.1107,-0.1261,-0.1245,-0.0927,-0.0319,0.026,0.0409,0.0183,-0.0131,-0.0408,-0.0641,-0.0841,-0.1023,-0.1192,-0.1353,-0.1506,-0.1652,-0.179,-0.1919,-0.2038,0.046,0.0783,0.1119,0.1494,0.2026,0.2924,0.4298,0.5722,0.6026,0.4697,0.2814,0.1316,0.0335,-0.0291,-0.0717,-0.1054,-0.138,-0.1714,-0.1868,-0.1394,-0.0138,0.1144,0.1222,0.0592,0.005,-0.0326,-0.0604,-0.0832,-0.1034,-0.1221,-0.1398,-0.1567,-0.1728,-0.1879,-0.2019,-0.2147,0.0626,0.1059,0.1476,0.1832,0.2302,0.3418,0.583,0.9321,1.0562,0.7357,0.3663,0.1417,0.0218,-0.0458,-0.0899,-0.1255,-0.1678,-0.2359,-0.3152,-0.2683,-0.0454,0.1708,0.165,0.0713,0.008,-0.032,-0.0612,-0.0852,-0.1067,-0.1268,-0.1462,-0.1648,-0.1825,-0.1991,-0.2143,-0.228,0.0808,0.1471,0.2139,0.247,0.2507,0.3295,0.6334,1.2558,1.5631,0.9176,0.3598,0.1027,-0.0123,-0.0746,-0.1167,-0.1485,-0.1867,-0.2762,-0.4514,-0.422,-0.1303,0.0456,0.0756,0.0346,-0.0069,-0.0394,-0.0662,-0.0899,-0.1121,-0.1337,-0.1548,-0.1753,-0.1948,-0.2131,-0.2297,-0.2444,0.0915,0.1972,0.3385,0.4076,0.2994,0.2387,0.4152,0.8602,1.0665,0.5717,0.1688,0.0045,-0.064,-0.1145,-0.1635,-0.1904,-0.1962,-0.2321,-0.3161,-0.2605,-0.0646,0.0055,0.0121,-0.0023,-0.0256,-0.0501,-0.0737,-0.0966,-0.1196,-0.1427,-0.1659,-0.1887,-0.2105,-0.2308,-0.2489,-0.2646,0.0725,0.2045,0.4581,0.6718,0.3515,0.0943,0.0643,0.1234,0.0874,-0.0657,-0.1298,-0.115,-0.1082,-0.1574,-0.2649,-0.3113,-0.2378,-0.1802,-0.1547,-0.0705,0.079,0.0665,0.0104,-0.0172,-0.0386,-0.0598,-0.0816,-0.1044,-0.1285,-0.1538,-0.1798,-0.2057,-0.2305,-0.2531,-0.273,-0.2897,0.0068,0.0885,0.24,0.3379,0.0482,-0.1261,-0.2361,-0.3831,-0.6333,-0.7137,-0.4374,-0.2002,-0.1042,-0.1622,-0.4742,-0.6552,-0.3204,-0.1586,-0.1004,-0.0375,0.0447,0.0435,0.0018,-0.0259,-0.0471,-0.0676,-0.0889,-0.1122,-0.1383,-0.1669,-0.1971,-0.2273,-0.256,-0.2818,-0.3036,-0.321,-0.083,-0.0908,-0.178,-0.4561,-0.4459,-0.3453,-0.448,-0.6596,-1.2082,-1.5031,-0.6598,-0.1964,-0.0166,-0.0185,-0.3579,-0.6376,-0.2463,-0.1221,-0.094,-0.056,-0.0169,-0.0048,-0.0157,-0.0337,-0.0535,-0.0735,-0.0945,-0.119,-0.1485,-0.1823,-0.2187,-0.2552,-0.2894,-0.3191,-0.343,-0.3607,-0.1562,-0.2029,-0.3174,-0.4932,-0.4873,-0.4533,-0.5838,-0.7249,-0.9469,-1.0929,-0.501,-0.0806,0.126,0.2248,0.1476,0.0157,-0.016,-0.1332,-0.1728,-0.0898,-0.0337,-0.0143,-0.0183,-0.036,-0.0583,-0.0782,-0.0975,-0.1235,-0.1585,-0.2007,-0.2466,-0.2923,-0.334,-0.3687,-0.3945,-0.4114,-0.1996,-0.2441,-0.3135,-0.386,-0.4244,-0.4948,-0.6511,-0.7946,-0.7312,-0.5589,-0.2364,0.0772,0.2388,0.3009,0.3043,0.3257,0.1861,-0.3775,-0.4186,-0.1139,-0.0134,0.0109,-0.0004,-0.0311,-0.0653,-0.0844,-0.0972,-0.125,-0.169,-0.224,-0.2843,-0.3437,-0.3959,-0.4364,-0.4632,-0.477,-0.2221,-0.2571,-0.3019,-0.3501,-0.4027,-0.4826,-0.6008,-0.7086,-0.641,-0.406,-0.14,0.1791,0.3188,0.6932,0.4826,0.7206,0.5528,0.0154,-0.1626,-0.0141,0.0669,0.0816,0.0439,-0.0163,-0.0741,-0.0937,-0.095,-0.1254,-0.1822,-0.2559,-0.3378,-0.4177,-0.4848,-0.5317,-0.5564,-0.5623,-0.233,-0.2607,-0.2941,-0.3322,-0.377,-0.4327,-0.493,-0.5229,-0.4684,-0.3631,-0.257,-0.0527,0.2416,0.4834,0.5108,0.8239,0.9132,0.426,0.1507,0.1463,0.25,0.2433,0.1283,0.0209,-0.0535,-0.0823,-0.0892,-0.1264,-0.2004,-0.3016,-0.4169,-0.5287,-0.6171,-0.6692,-0.6846,-0.6731,-0.2375,-0.2597,-0.2855,-0.3143,-0.346,-0.3786,-0.4044,-0.4101,-0.3982,-0.4408,-0.6778,-0.3398,-0.1337,0.1435,0.2865,0.532,0.7095,0.3654,0.1592,0.2622,0.6551,0.5516,0.2321,0.0684,-0.0032,-0.0337,-0.0574,-0.1137,-0.2184,-0.3645,-0.5354,-0.7009,-0.8214,-0.8721,-0.8611,-0.8145,-0.2382,-0.2559,-0.2756,-0.2965,-0.3176,-0.3365,-0.3497,-0.3564,-0.372,-0.45,-0.6349,-0.4383,-0.4004,-0.4161,-0.0697,0.099,0.1492,0.0203,-0.0737,0.1473,0.7016,0.5737,0.2235,0.0815,0.055,0.0677,0.0475,-0.0513,-0.221,-0.445,-0.7112,-0.9738,-1.1442,-1.1718,-1.0968,-0.9852,-0.2369,-0.2508,-0.2657,-0.2808,-0.2951,-0.3072,-0.3162,-0.3244,-0.3401,-0.3738,-0.4022,-0.3831,-0.4751,-0.5089,-0.4229,-0.4074,-0.2633,-0.322,-0.4591,-0.2293,0.0679,0.1453,0.0715,0.0549,0.1462,0.3033,0.3197,0.1023,-0.1981,-0.5391,-0.9547,-1.393,-1.6399,-1.5863,-1.3801,-1.167,-0.2345,-0.2455,-0.2569,-0.268,-0.2782,-0.2868,-0.294,-0.3012,-0.3114,-0.3251,-0.3372,-0.3527,-0.4023,-0.5169,-0.9662,-1.1756,-0.583,-0.4556,-0.5246,-0.5691,-0.3491,-0.1722,-0.0934,0.0076,0.2633,0.7455,0.8477,0.3004,-0.1871,-0.6339,-1.2128,-1.9059,-2.2478,-2.0256,-1.6354,-1.3133,-0.2319,-0.2407,-0.2496,-0.2581,-0.2658,-0.2726,-0.2787,-0.2849,-0.2924,-0.3022,-0.3158,-0.3414,-0.401,-0.5549,-0.9131,-1.0265,-0.6522,-0.5663,-0.8677,-1.0345,-0.5954,-0.3617,-0.2424,-0.0959,0.2033,0.7922,0.9261,0.1784,-0.2884,-0.7075,-1.3086,-2.1117,-2.4973,-2.1852,-1.7214,-1.3645,-0.2294,-0.2366,-0.2437,-0.2505,-0.2568,-0.2626,-0.2681,-0.2739,-0.2811,-0.291,-0.3065,-0.3344,-0.3878,-0.4854,-0.6127,-0.6439,-0.5641,-0.5688,-0.7276,-0.7829,-0.5991,-0.4893,-0.4202,-0.2834,-0.1018,-0.0242,-0.3124,-0.3784,-0.5062,-0.767,-1.1731,-1.7348,-2.0526,-1.9007,-1.5823,-1.3014,-0.2273,-0.2333,-0.2393,-0.245,-0.2504,-0.2556,-0.2609,-0.2667,-0.274,-0.2843,-0.2997,-0.3244,-0.3629,-0.416,-0.4681,-0.4896,-0.4868,-0.5075,-0.5603,-0.5845,-0.587,-0.6693,-0.6882,-0.506,-0.3605,-0.4332,-0.6746,-0.6346,-0.7576,-0.8794,-1.028,-1.289,-1.4875,-1.4794,-1.3378,-1.169,-0.2257,-0.2308,-0.2359,-0.2409,-0.2458,-0.2507,-0.2559,-0.2618,-0.2693,-0.2792,-0.2932,-0.3131,-0.3397,-0.371,-0.4001,-0.4198,-0.4341,-0.4555,-0.4872,-0.5276,-0.6153,-0.8081,-0.8692,-0.6417,-0.489,-0.5085,-0.6167,-0.8036,-1.1109,-1.0655,-0.9919,-1.0537,-1.1442,-1.1671,-1.1156,-1.0268,-0.2244,-0.229,-0.2335,-0.2381,-0.2426,-0.2474,-0.2525,-0.2584,-0.2657,-0.275,-0.2872,-0.3029,-0.3221,-0.3434,-0.3639,-0.382,-0.3996,-0.4214,-0.4515,-0.4985,-0.5834,-0.7035,-0.7316,-0.618,-0.5331,-0.5506,-0.6636,-0.903,-1.1567,-1.0946,-0.9698,-0.9431,-0.9647,-0.9752,-0.9533,-0.9057]}]