docs/data/wind_grid.json
[{"header":{"la1":42.85,"la2":41.18,"lo1":11.55,"lo2":14.05,"nx":36,"ny":24,"dx":0.07143,"dy":0.07261,"parameterCategory":2,"parameterNumber":2,"parameterNumberName":"eastward_wind","parameterUnit":"m.s-1"},"data":[3.6009,3.6219,3.6438,3.6657,3.6852,3.6991,3.7026,3.6904,3.6585,3.6058,3.5344,3.4488,3.3549,3.26,3.1739,3.1083,3.0713,3.0612,3.0678,3.0802,3.0911,3.0977,3.0996,3.0975,3.0922,3.0845,3.0752,3.0646,3.0533,3.0415,3.0296,3.0178,3.0064,2.9956,2.9855,2.9763,3.6222,3.6491,3.679,3.7112,3.7435,3.7717,3.7884,3.7841,3.7507,3.6853,3.5922,3.4788,3.3526,3.2213,3.099,3.0084,2.9692,2.9772,3.0084,3.0409,3.065,3.0791,3.0849,3.0846,3.08,3.0723,3.0625,3.0513,3.0392,3.0265,3.0137,3.001,2.9887,2.9771,2.9664,2.9567,3.6415,3.6747,3.7138,3.7591,3.8096,3.8608,3.902,3.9156,3.8837,3.8001,3.6748,3.5236,3.3553,3.1737,2.9929,2.8569,2.8178,2.8657,2.9405,3.002,3.0415,3.0629,3.0718,3.0725,3.0678,3.0597,3.0491,3.0369,3.0237,3.0099,2.996,2.9822,2.9689,2.9564,2.945,2.9348,3.6573,3.6965,3.745,3.8055,3.8799,3.9665,4.0524,4.1057,4.0832,3.9685,3.791,3.5887,3.3737,3.1359,2.8747,2.6613,2.6258,2.746,2.8821,2.9743,3.0259,3.0512,3.0608,3.0611,3.0556,3.0464,3.0347,3.0213,3.0067,2.9915,2.9762,2.961,2.9465,2.933,2.9208,2.9101,3.6678,3.7116,3.7681,3.843,3.9444,4.0797,4.2435,4.3842,4.392,4.2133,3.941,3.6716,3.4184,3.1484,2.832,2.5459,2.5117,2.6948,2.8687,2.971,3.0223,3.045,3.052,3.0501,3.0428,3.0321,3.0189,3.004,2.9878,2.9709,2.9539,2.9371,2.9211,2.9063,2.8932,2.882,3.6718,3.7174,3.7779,3.8619,3.9845,4.1703,4.4444,4.7591,4.8486,4.5273,4.0906,3.7475,3.4821,3.2323,2.9567,2.7085,2.6614,2.7922,2.9206,2.9945,3.0291,3.0422,3.0436,3.0383,3.0288,3.0162,3.0014,2.9846,2.9666,2.9476,2.9285,2.9097,2.8919,2.8757,2.8615,2.8498,3.6686,3.7127,3.7712,3.8535,3.9781,4.1818,4.5299,5.0378,5.254,4.7254,4.1372,3.7715,3.5334,3.3399,3.1546,2.9987,2.9362,2.9605,3.0017,3.0272,3.0372,3.0378,3.0328,3.0241,3.0124,2.9982,2.9816,2.9629,2.9426,2.9211,2.8993,2.878,2.858,2.84,2.8247,2.8124,3.6589,3.6984,3.7491,3.8181,3.9188,4.0792,4.3495,4.743,4.8903,4.4465,3.9943,3.7234,3.5509,3.4174,3.2969,3.1912,3.1173,3.0778,3.0574,3.0444,3.0345,3.0256,3.0164,3.0057,2.9928,2.9774,2.9592,2.9384,2.9153,2.8907,2.8656,2.841,2.8181,2.798,2.7813,2.7687,3.6446,3.6777,3.7176,3.7671,3.8309,3.916,4.0269,4.1323,4.1124,3.9411,3.7711,3.6442,3.5469,3.4633,3.3776,3.2847,3.1938,3.1172,3.0625,3.0295,3.0115,3.0007,2.9918,2.9819,2.9694,2.9535,2.934,2.9107,2.8843,2.8556,2.8261,2.7972,2.7706,2.7478,2.7297,2.7169,3.6278,3.6545,3.6842,3.7167,3.7503,3.7806,3.7954,3.7671,3.673,3.6087,3.61,3.5868,3.5492,3.5055,3.437,3.3316,3.2037,3.0849,3.006,2.9717,2.9628,2.9611,2.9584,2.9524,2.942,2.9266,2.9059,2.8798,2.849,2.8148,2.7792,2.7445,2.713,2.6869,2.6673,2.655,3.6103,3.632,3.6546,3.6771,3.6967,3.7084,3.7024,3.652,3.4936,3.4195,3.5362,3.5701,3.5764,3.5758,3.5169,3.3673,3.1598,2.9602,2.8601,2.8604,2.8883,2.9082,2.917,2.9176,2.9111,2.8973,2.8754,2.8456,2.8089,2.767,2.7229,2.68,2.6419,2.6115,2.5907,2.5798,3.5932,3.6114,3.6302,3.6492,3.6678,3.6862,3.705,3.7077,3.5905,3.4959,3.5529,3.5896,3.6226,3.6882,3.6481,3.3991,3.0486,2.6587,2.5594,2.6967,2.8004,2.8479,2.8689,2.878,2.8776,2.8663,2.8433,2.8085,2.7634,2.7105,2.654,2.5993,2.5519,2.5164,2.495,2.4876,3.5766,3.5924,3.6092,3.6277,3.6494,3.6791,3.7254,3.781,3.7238,3.6101,3.5936,3.6587,3.654,3.7549,3.7283,3.3682,2.9202,2.2015,2.176,2.568,2.7293,2.7833,2.812,2.8331,2.8424,2.8356,2.8111,2.7694,2.7122,2.643,2.5679,2.4955,2.4349,2.3932,2.3731,2.3731,3.5602,3.574,3.589,3.6063,3.6279,3.6577,3.6994,3.7411,3.7035,3.6049,3.5884,3.7682,3.7839,3.1859,3.4117,3.2336,2.9367,2.5067,2.4136,2.6133,2.672,2.6901,2.7337,2.7811,2.8084,2.8085,2.7818,2.7302,2.6555,2.5618,2.4578,2.358,2.2781,2.2298,2.2155,2.2301,3.5437,3.5554,3.5681,3.5823,3.5991,3.619,3.6394,3.6451,3.6075,3.5455,3.5113,3.5093,3.4247,3.2903,3.2938,3.0655,2.844,2.8559,2.76,2.656,2.499,2.4903,2.6168,2.7274,2.783,2.7907,2.76,2.6947,2.5951,2.464,2.3138,2.1694,2.0609,2.0076,2.0095,2.0521,3.5272,3.5367,3.5465,3.5566,3.5669,3.5758,3.5791,3.568,3.5359,3.496,3.4811,3.3531,3.3558,3.334,3.2848,3.0976,2.9281,2.9697,2.8807,2.5642,2.0434,2.1401,2.4977,2.699,2.7799,2.7904,2.7528,2.67,2.5359,2.3478,2.1213,1.9021,1.7506,1.701,1.7414,1.8351,3.5108,3.5181,3.525,3.5313,3.5361,3.5378,3.5333,3.5192,3.4957,3.4726,3.468,3.4042,3.3407,3.3212,3.3271,3.2569,3.1629,3.1112,3.0255,2.6727,1.9981,2.1265,2.5337,2.7381,2.8107,2.8148,2.7706,2.6682,2.4886,2.2159,1.8634,1.5154,1.3023,1.2835,1.4059,1.5859,3.4949,3.5001,3.5046,3.5079,3.5092,3.5072,3.5004,3.4879,3.4709,3.4529,3.4334,3.3987,3.3457,3.3432,3.4451,3.4608,3.3256,3.2179,3.1993,3.0371,2.7123,2.6324,2.7516,2.8396,2.8672,2.867,2.8285,2.7023,2.4655,2.0815,1.537,0.9788,0.6905,0.7629,1.0321,1.3348,3.4796,3.4832,3.4858,3.4871,3.4863,3.4828,3.476,3.4657,3.4528,3.4386,3.423,3.407,3.403,3.4656,3.7165,3.8134,3.4774,3.2942,3.2644,3.3001,3.1435,3.0126,2.9756,2.9508,2.9186,2.9377,2.9331,2.7526,2.4595,1.9783,1.218,0.3956,0.0464,0.2739,0.7208,1.1443,3.4652,3.4675,3.4688,3.4687,3.4669,3.4631,3.4569,3.4486,3.4389,3.4287,3.4199,3.4173,3.4353,3.5116,3.6907,3.7385,3.5108,3.3924,3.4961,3.5685,3.3597,3.2422,3.1707,3.0617,2.9382,2.9329,2.9361,2.6921,2.4309,1.9574,1.1218,0.1814,-0.1876,0.1112,0.6247,1.0874,3.4516,3.453,3.4533,3.4525,3.4502,3.4464,3.4411,3.4344,3.4271,3.4203,3.416,3.4184,3.4358,3.4785,3.5359,3.5361,3.4609,3.4174,3.4612,3.4852,3.4463,3.4719,3.4419,3.2355,2.9499,2.6993,2.4457,2.4352,2.3783,2.0314,1.3552,0.5916,0.2426,0.4146,0.8037,1.189,3.439,3.4396,3.4393,3.438,3.4355,3.432,3.4273,3.4218,3.4162,3.4113,3.4088,3.411,3.4207,3.4382,3.4533,3.4474,3.4225,3.4097,3.4283,3.4728,3.5994,3.8686,3.9298,3.5379,3.0336,2.5688,2.2407,2.3209,2.3626,2.1452,1.7017,1.2049,0.9203,0.9414,1.147,1.4011,3.4271,3.4271,3.4264,3.4248,3.4223,3.4189,3.4148,3.4102,3.4055,3.4015,3.3991,3.3994,3.4028,3.4081,3.4108,3.4065,3.3992,3.4021,3.4314,3.5165,3.7404,4.1492,4.2632,3.7665,3.1804,2.7245,2.4684,2.4333,2.411,2.2598,1.9858,1.682,1.4751,1.4275,1.5071,1.6485,3.416,3.4156,3.4145,3.4127,3.4102,3.407,3.4032,3.399,3.3948,3.391,3.3882,3.3866,3.3863,3.3864,3.3854,3.3831,3.3832,3.3941,3.4302,3.5179,3.6982,3.9434,3.9856,3.6714,3.2501,2.9041,2.6864,2.5797,2.4988,2.373,2.1939,2.0024,1.8571,1.7945,1.8111,1.8801]},{"header":{"la1":42.85,"la2":41.18,"lo1":11.55,"lo2":14.05,"nx":36,"ny":24,"dx":0.07143,"dy":0.07261,"parameterCategory":2,"parameterNumber":3,"parameterNumberName":"northward_wind","parameterUnit":"m.s-1"},"data":[1.1907,1.2017,1.2133,1.225,1.2363,1.2463,1.2538,1.2577,1.2572,1.2521,1.243,1.231,1.2172,1.2028,1.1894,1.1783,1.1703,1.1646,1.1599,1.1546,1.1482,1.1405,1.1318,1.1224,1.1125,1.1024,1.0923,1.0823,1.0726,1.0632,1.0543,1.0458,1.0378,1.0303,1.0234,1.017,1.1953,1.2083,1.2222,1.237,1.2519,1.2658,1.2769,1.2831,1.2828,1.2756,1.2626,1.2457,1.2265,1.2064,1.1875,1.1729,1.1647,1.1616,1.1598,1.1566,1.151,1.1433,1.1341,1.1238,1.113,1.102,1.0911,1.0803,1.0698,1.0597,1.0502,1.0411,1.0327,1.0248,1.0176,1.011,1.1989,1.2139,1.2306,1.2492,1.269,1.2889,1.306,1.3166,1.317,1.3064,1.2875,1.2636,1.2369,1.2083,1.1799,1.1586,1.1509,1.1539,1.1582,1.1584,1.1541,1.1463,1.1364,1.1251,1.1133,1.1012,1.0893,1.0776,1.0663,1.0555,1.0453,1.0356,1.0267,1.0185,1.011,1.0042,1.201,1.2179,1.2376,1.2604,1.2867,1.3154,1.343,1.3624,1.3649,1.3482,1.3191,1.2857,1.2504,1.2113,1.1685,1.134,1.1276,1.1429,1.1569,1.1614,1.1581,1.1498,1.1387,1.1262,1.1131,1.0998,1.0867,1.0741,1.0619,1.0503,1.0394,1.0292,1.0197,1.0111,1.0033,0.9963,1.2009,1.2194,1.2416,1.2689,1.3025,1.3432,1.3884,1.4262,1.4343,1.4046,1.3577,1.3122,1.2696,1.2232,1.1675,1.1173,1.1113,1.1395,1.1613,1.1678,1.1638,1.154,1.1412,1.127,1.1123,1.0977,1.0834,1.0696,1.0564,1.044,1.0323,1.0215,1.0115,1.0025,0.9944,0.9872,1.1982,1.2175,1.2414,1.2718,1.3117,1.3653,1.4351,1.508,1.5303,1.4729,1.3968,1.3396,1.2955,1.2514,1.199,1.1501,1.1399,1.1611,1.1772,1.1794,1.1719,1.1591,1.1437,1.1273,1.1108,1.0945,1.0789,1.064,1.0498,1.0365,1.024,1.0125,1.0019,0.9925,0.9841,0.9768,1.1923,1.2114,1.2354,1.2665,1.3087,1.3688,1.4564,1.567,1.6102,1.517,1.4194,1.3621,1.3256,1.2928,1.2559,1.221,1.2043,1.2039,1.2034,1.1957,1.182,1.1648,1.146,1.1269,1.1082,1.0902,1.0732,1.057,1.0418,1.0275,1.0142,1.0019,0.9907,0.9808,0.9721,0.9648,1.1833,1.2011,1.2233,1.252,1.2907,1.345,1.4218,1.5142,1.5491,1.4833,1.4175,1.38,1.3591,1.3415,1.3184,1.2911,1.2674,1.2497,1.2334,1.2148,1.1935,1.1707,1.1476,1.1253,1.1042,1.0844,1.0659,1.0485,1.0322,1.0169,1.0026,0.9894,0.9775,0.9671,0.9581,0.9508,1.1714,1.1868,1.2057,1.2296,1.2607,1.3024,1.3569,1.4159,1.4513,1.448,1.4219,1.403,1.4015,1.4019,1.3874,1.3574,1.3231,1.2922,1.2642,1.2357,1.2058,1.1761,1.1478,1.1219,1.0983,1.0768,1.0569,1.0384,1.0209,1.0044,0.9889,0.9747,0.9619,0.9509,0.9417,0.9344,1.1571,1.1696,1.1843,1.2019,1.2238,1.2532,1.2979,1.3729,1.4807,1.5222,1.4611,1.4347,1.4614,1.4914,1.48,1.4303,1.3756,1.3336,1.2982,1.2599,1.219,1.1801,1.1458,1.116,1.0901,1.0671,1.0461,1.0264,1.0077,0.9898,0.9729,0.9572,0.9434,0.9316,0.9222,0.9152,1.1413,1.1505,1.1606,1.1716,1.1835,1.1983,1.2269,1.3204,1.6021,1.7337,1.5006,1.4592,1.5495,1.6481,1.6254,1.5145,1.4228,1.3804,1.3469,1.2927,1.2326,1.1809,1.1397,1.1067,1.0791,1.0551,1.0333,1.0126,0.9925,0.9729,0.954,0.9364,0.921,0.9083,0.8987,0.8923,1.1245,1.1305,1.1363,1.1413,1.1438,1.1408,1.1292,1.1373,1.362,1.5441,1.4196,1.4493,1.649,1.9358,1.846,1.5842,1.4486,1.4595,1.4448,1.3391,1.2413,1.174,1.1275,1.093,1.0651,1.041,1.0189,0.9973,0.9756,0.9535,0.9317,0.9112,0.8934,0.8795,0.8699,0.8647,1.1073,1.1104,1.1127,1.1131,1.1096,1.0973,1.066,1.016,1.0823,1.2206,1.2829,1.3978,1.5761,2.0324,1.9248,1.5351,1.4156,1.5977,1.5937,1.3639,1.2263,1.1529,1.1079,1.0751,1.0485,1.0254,1.0035,0.9812,0.9572,0.9315,0.905,0.88,0.8587,0.8432,0.8341,0.831,1.0902,1.0907,1.09,1.0874,1.0816,1.0704,1.052,1.0324,1.0452,1.0745,1.1329,1.3649,1.4504,1.3835,1.4398,1.3052,1.2355,1.4098,1.439,1.2738,1.1713,1.1196,1.0843,1.0551,1.0307,1.0095,0.9887,0.9656,0.9384,0.9068,0.8726,0.84,0.8133,0.796,0.7886,0.7896,1.0734,1.0716,1.0683,1.0631,1.0551,1.044,1.0296,1.0109,0.971,0.8797,0.8101,0.9205,1.0379,0.8538,1.1243,1.0581,0.9478,1.0916,1.1512,1.1288,1.1168,1.1009,1.0674,1.0363,1.0133,0.9952,0.9769,0.9532,0.9209,0.8795,0.8322,0.7866,0.7515,0.7326,0.7297,0.7385,1.0572,1.0532,1.0475,1.0393,1.0278,1.0115,0.9866,0.9415,0.8436,0.6228,0.2283,0.4342,0.6564,0.877,0.9579,0.9657,0.9395,0.9571,0.9693,1.0367,1.1565,1.1367,1.0604,1.017,0.997,0.986,0.9728,0.9486,0.9082,0.8502,0.7799,0.7117,0.6637,0.6456,0.6535,0.6768,1.0419,1.036,1.028,1.0169,1.0015,0.979,0.9441,0.884,0.7731,0.5655,0.2757,0.4425,0.5948,0.6326,0.7934,0.844,0.8412,0.7748,0.7342,0.9036,1.1512,1.1231,1.0276,0.9892,0.9839,0.9887,0.9846,0.9591,0.9055,0.8205,0.7106,0.6029,0.5362,0.5269,0.5583,0.6061,1.0278,1.0203,1.0104,0.9971,0.9789,0.9533,0.9158,0.859,0.7743,0.6632,0.5789,0.5985,0.6016,0.6004,0.6471,0.6441,0.6766,0.5345,0.3477,0.656,0.895,0.9594,0.9491,0.9522,0.9807,1.0144,1.0221,0.9911,0.9185,0.7948,0.6221,0.4493,0.3603,0.3781,0.4521,0.5348,1.0151,1.0064,0.9953,0.9808,0.9617,0.9361,0.9016,0.8556,0.7982,0.7379,0.6951,0.6787,0.6619,0.6177,0.4315,0.3488,0.5638,0.5351,0.4545,0.6363,0.7519,0.8247,0.8636,0.9126,0.9892,1.0616,1.0754,1.0372,0.9483,0.7838,0.535,0.2788,0.1727,0.2375,0.3635,0.4806,1.0039,0.9946,0.9829,0.9681,0.9494,0.9257,0.8961,0.8603,0.8202,0.7808,0.7485,0.7229,0.6902,0.6177,0.4595,0.4113,0.5665,0.6263,0.6709,0.696,0.7049,0.7304,0.7682,0.8543,0.9817,1.0785,1.0943,1.0865,0.9946,0.8051,0.5149,0.216,0.104,0.1905,0.3359,0.4639,0.9943,0.9847,0.9729,0.9585,0.941,0.9199,0.8949,0.8666,0.8363,0.8065,0.7789,0.7516,0.7173,0.6651,0.6018,0.5866,0.6306,0.6639,0.6799,0.682,0.6506,0.5909,0.5957,0.7342,0.9388,1.1183,1.2552,1.2131,1.0623,0.8597,0.5969,0.3422,0.2314,0.2783,0.3863,0.4914,0.9862,0.9765,0.965,0.9514,0.9354,0.9167,0.8956,0.8724,0.8481,0.8236,0.7995,0.7745,0.7461,0.7133,0.6836,0.6722,0.6784,0.6829,0.6739,0.6372,0.5225,0.3113,0.2603,0.5222,0.8554,1.1543,1.3651,1.2848,1.0983,0.9094,0.7089,0.5286,0.4307,0.4293,0.4822,0.5488,0.9793,0.9699,0.9589,0.9462,0.9316,0.9152,0.897,0.8775,0.8571,0.8364,0.8154,0.7939,0.7713,0.7485,0.7289,0.7161,0.7077,0.6947,0.6646,0.591,0.4134,0.1112,0.0293,0.3641,0.7452,1.0331,1.1891,1.1694,1.0563,0.9225,0.7859,0.6656,0.5887,0.565,0.5804,0.6145,0.9737,0.9645,0.9542,0.9424,0.9292,0.9146,0.8988,0.8819,0.8644,0.8465,0.8283,0.8099,0.7914,0.7733,0.7569,0.7424,0.7273,0.7053,0.6654,0.5873,0.4425,0.257,0.2209,0.4263,0.6923,0.8997,1.0144,1.0325,0.9851,0.9083,0.8232,0.7454,0.6894,0.6621,0.6599,0.6738]}]