docs/data/wind_grid.json
[{"header":{"la1":42.85,"la2":41.18,"lo1":11.55,"lo2":14.05,"nx":36,"ny":24,"dx":0.07143,"dy":0.07261,"parameterCategory":2,"parameterNumber":2,"parameterNumberName":"eastward_wind","parameterUnit":"m.s-1"},"data":[-0.7229,-0.733,-0.7442,-0.7562,-0.7684,-0.7797,-0.7887,-0.7939,-0.7945,-0.7914,-0.7867,-0.7832,-0.7831,-0.7872,-0.7935,-0.7981,-0.7968,-0.788,-0.7737,-0.7569,-0.7399,-0.7241,-0.7097,-0.6966,-0.6848,-0.6741,-0.6642,-0.6552,-0.6469,-0.6393,-0.6324,-0.626,-0.6202,-0.6149,-0.6101,-0.6058,-0.7261,-0.7381,-0.752,-0.7677,-0.7845,-0.8011,-0.8148,-0.8227,-0.8227,-0.8156,-0.8054,-0.7976,-0.7968,-0.8047,-0.8188,-0.8309,-0.8315,-0.8179,-0.7957,-0.7716,-0.7493,-0.7299,-0.713,-0.6983,-0.6852,-0.6735,-0.6628,-0.6532,-0.6443,-0.6363,-0.629,-0.6223,-0.6162,-0.6107,-0.6058,-0.6014,-0.7283,-0.7422,-0.7593,-0.7796,-0.8032,-0.8284,-0.8512,-0.8652,-0.8646,-0.8499,-0.8288,-0.8122,-0.8086,-0.8223,-0.8505,-0.8777,-0.8813,-0.8568,-0.8204,-0.7859,-0.7573,-0.7342,-0.7152,-0.6989,-0.6847,-0.672,-0.6607,-0.6503,-0.641,-0.6325,-0.6248,-0.6178,-0.6116,-0.6059,-0.6009,-0.5964,-0.7287,-0.7445,-0.7647,-0.7905,-0.8232,-0.8622,-0.9023,-0.9309,-0.9318,-0.902,-0.8591,-0.8255,-0.8149,-0.8343,-0.8831,-0.9368,-0.9441,-0.8984,-0.8414,-0.7956,-0.7618,-0.7362,-0.7157,-0.6983,-0.6831,-0.6696,-0.6575,-0.6466,-0.6368,-0.6279,-0.6199,-0.6126,-0.6061,-0.6003,-0.5952,-0.5907,-0.7269,-0.7438,-0.7664,-0.7975,-0.8407,-0.8995,-0.9715,-1.035,-1.0447,-0.9834,-0.8973,-0.8344,-0.8105,-0.8297,-0.8931,-0.9717,-0.9817,-0.9158,-0.8456,-0.7957,-0.7612,-0.7355,-0.7145,-0.6965,-0.6805,-0.6662,-0.6534,-0.6419,-0.6316,-0.6223,-0.614,-0.6065,-0.5998,-0.5939,-0.5887,-0.5841,-0.7224,-0.7392,-0.7625,-0.7964,-0.8478,-0.9277,-1.0473,-1.1853,-1.2264,-1.0967,-0.933,-0.8308,-0.7906,-0.8001,-0.8522,-0.919,-0.9304,-0.8801,-0.8254,-0.7856,-0.7565,-0.7329,-0.7123,-0.6936,-0.6767,-0.6616,-0.6481,-0.6361,-0.6253,-0.6157,-0.6071,-0.5994,-0.5925,-0.5865,-0.5812,-0.5767,-0.7151,-0.7303,-0.7516,-0.7835,-0.8346,-0.9218,-1.0752,-1.3021,-1.3989,-1.168,-0.9258,-0.8005,-0.7527,-0.7514,-0.7808,-0.8189,-0.8335,-0.819,-0.7958,-0.7736,-0.7523,-0.731,-0.71,-0.6901,-0.6719,-0.6557,-0.6414,-0.6289,-0.6178,-0.608,-0.5991,-0.5912,-0.5841,-0.5779,-0.5726,-0.5681,-0.7055,-0.7176,-0.7344,-0.7589,-0.7978,-0.8641,-0.9824,-1.1611,-1.2289,-1.026,-0.8318,-0.7357,-0.6984,-0.6953,-0.7144,-0.7432,-0.7675,-0.7799,-0.7811,-0.7722,-0.755,-0.7326,-0.7087,-0.6859,-0.6656,-0.6481,-0.6331,-0.6203,-0.609,-0.599,-0.5899,-0.5817,-0.5744,-0.568,-0.5626,-0.5583,-0.6945,-0.7029,-0.7137,-0.7281,-0.7482,-0.7773,-0.8181,-0.8565,-0.8373,-0.7543,-0.6886,-0.6529,-0.6357,-0.637,-0.6589,-0.6976,-0.7423,-0.7794,-0.7976,-0.7928,-0.7705,-0.7398,-0.7084,-0.6804,-0.657,-0.6382,-0.6228,-0.6099,-0.5987,-0.5886,-0.5793,-0.5708,-0.5631,-0.5565,-0.5511,-0.5469,-0.6834,-0.6883,-0.6935,-0.6989,-0.7033,-0.7041,-0.6937,-0.6538,-0.5701,-0.5271,-0.5627,-0.579,-0.5729,-0.5736,-0.6037,-0.6681,-0.7523,-0.8278,-0.8623,-0.8473,-0.8026,-0.7515,-0.7064,-0.6709,-0.6445,-0.625,-0.61,-0.5978,-0.587,-0.5769,-0.5673,-0.5582,-0.55,-0.543,-0.5374,-0.5334,-0.6732,-0.6754,-0.6768,-0.6768,-0.6737,-0.6647,-0.6434,-0.5852,-0.4194,-0.3409,-0.4885,-0.5311,-0.5119,-0.4921,-0.531,-0.6429,-0.8046,-0.9615,-1.015,-0.9513,-0.8497,-0.7608,-0.6963,-0.6533,-0.6256,-0.6075,-0.5947,-0.5841,-0.5742,-0.5641,-0.5538,-0.5437,-0.5345,-0.5268,-0.5211,-0.5175,-0.6643,-0.6649,-0.6645,-0.6628,-0.6592,-0.6543,-0.6502,-0.6386,-0.5257,-0.4342,-0.5059,-0.5125,-0.458,-0.3737,-0.4297,-0.6219,-0.9196,-1.2816,-1.3432,-1.1092,-0.8904,-0.7487,-0.6661,-0.6212,-0.5979,-0.5854,-0.5772,-0.5697,-0.5609,-0.5504,-0.5386,-0.5266,-0.5157,-0.5069,-0.5011,-0.4981,-0.657,-0.6568,-0.6559,-0.6545,-0.6532,-0.6547,-0.666,-0.69,-0.6542,-0.5769,-0.5465,-0.5136,-0.4626,-0.3377,-0.3915,-0.6444,-1.0482,-1.7791,-1.7863,-1.2112,-0.8609,-0.6821,-0.6001,-0.5689,-0.5605,-0.5599,-0.5596,-0.5563,-0.5485,-0.5365,-0.5215,-0.5059,-0.4919,-0.4817,-0.4758,-0.4743,-0.651,-0.6505,-0.6497,-0.649,-0.6491,-0.6524,-0.6618,-0.6748,-0.658,-0.6121,-0.5737,-0.5168,-0.4935,-0.4862,-0.5232,-0.7529,-1.052,-1.4383,-1.4601,-1.0114,-0.678,-0.5221,-0.4847,-0.4955,-0.517,-0.5354,-0.5459,-0.5472,-0.539,-0.5229,-0.5017,-0.4794,-0.4605,-0.4482,-0.4431,-0.4445,-0.646,-0.6454,-0.6448,-0.6444,-0.6448,-0.6467,-0.6502,-0.6515,-0.644,-0.6365,-0.6305,-0.5914,-0.5159,-0.4048,-0.5863,-0.9694,-1.3125,-1.0708,-0.9065,-0.6108,-0.3119,-0.2396,-0.3222,-0.4129,-0.4784,-0.5205,-0.5427,-0.5469,-0.5352,-0.5103,-0.4772,-0.4432,-0.4164,-0.4019,-0.3998,-0.407,-0.6416,-0.6411,-0.6405,-0.6402,-0.6403,-0.6411,-0.6423,-0.6436,-0.6489,-0.6759,-0.7472,-0.6883,-0.6231,-0.5494,-0.637,-0.9123,-1.144,-0.8574,-0.5791,-0.2434,0.1952,0.1208,-0.1684,-0.3538,-0.4631,-0.5276,-0.5589,-0.5619,-0.5406,-0.4991,-0.4445,-0.3901,-0.3512,-0.3363,-0.3423,-0.3606,-0.6377,-0.6371,-0.6366,-0.6363,-0.6362,-0.6366,-0.6379,-0.6413,-0.652,-0.682,-0.7354,-0.6878,-0.6254,-0.6082,-0.6352,-0.7011,-0.6954,-0.4907,-0.2751,-0.1089,0.2646,0.1663,-0.1498,-0.3571,-0.4887,-0.5699,-0.6048,-0.5988,-0.5591,-0.4894,-0.3979,-0.3082,-0.2524,-0.2437,-0.2685,-0.3064,-0.6341,-0.6335,-0.633,-0.6325,-0.6324,-0.6327,-0.634,-0.6374,-0.6451,-0.658,-0.666,-0.6477,-0.6185,-0.6126,-0.6262,-0.6175,-0.5019,-0.1595,0.1225,-0.0919,-0.0857,-0.1136,-0.2605,-0.4178,-0.5554,-0.6536,-0.6857,-0.6597,-0.5927,-0.4829,-0.3336,-0.1864,-0.1109,-0.1245,-0.1843,-0.251,-0.6307,-0.6301,-0.6294,-0.6289,-0.6286,-0.6287,-0.6295,-0.6315,-0.6349,-0.6384,-0.6377,-0.6293,-0.6196,-0.6211,-0.6551,-0.6662,-0.4915,-0.188,-0.0148,-0.1883,-0.2378,-0.2764,-0.3611,-0.4856,-0.6315,-0.7515,-0.7748,-0.7282,-0.6388,-0.4871,-0.2672,-0.0463,0.0442,-0.0094,-0.1132,-0.2087,-0.6275,-0.6268,-0.626,-0.6253,-0.6247,-0.6244,-0.6244,-0.6249,-0.6254,-0.6252,-0.6226,-0.6174,-0.6126,-0.6156,-0.6402,-0.6368,-0.5019,-0.3349,-0.285,-0.2991,-0.3023,-0.3396,-0.4075,-0.5193,-0.6674,-0.7817,-0.8008,-0.7892,-0.6964,-0.5171,-0.2555,0.0057,0.1019,0.0291,-0.0918,-0.1968,-0.6244,-0.6236,-0.6226,-0.6217,-0.6208,-0.62,-0.6192,-0.6184,-0.6172,-0.6152,-0.6116,-0.6066,-0.6011,-0.5969,-0.5919,-0.5635,-0.4867,-0.3918,-0.3312,-0.3192,-0.3317,-0.3493,-0.3925,-0.5015,-0.6677,-0.8334,-0.9725,-0.9278,-0.7726,-0.5749,-0.3321,-0.1047,-0.0073,-0.0459,-0.1354,-0.2214,-0.6215,-0.6204,-0.6193,-0.6182,-0.6169,-0.6156,-0.6141,-0.6124,-0.6101,-0.6068,-0.6023,-0.5963,-0.5887,-0.5786,-0.5624,-0.5319,-0.4824,-0.4252,-0.3807,-0.3577,-0.3369,-0.2928,-0.2922,-0.4252,-0.6387,-0.8861,-1.0885,-1.0056,-0.8135,-0.6251,-0.4345,-0.2688,-0.1797,-0.1754,-0.2176,-0.271,-0.6186,-0.6174,-0.6161,-0.6147,-0.6131,-0.6114,-0.6094,-0.6069,-0.6037,-0.5997,-0.5943,-0.5873,-0.5781,-0.5655,-0.5473,-0.5208,-0.4857,-0.4471,-0.412,-0.3794,-0.328,-0.2358,-0.209,-0.3589,-0.5756,-0.7857,-0.9176,-0.8916,-0.7737,-0.6379,-0.5043,-0.3901,-0.3174,-0.2925,-0.302,-0.3275,-0.6159,-0.6145,-0.613,-0.6114,-0.6095,-0.6074,-0.6049,-0.6019,-0.5982,-0.5935,-0.5876,-0.58,-0.5702,-0.5572,-0.5401,-0.518,-0.4914,-0.4624,-0.4328,-0.3995,-0.3519,-0.2921,-0.2858,-0.3851,-0.5335,-0.6708,-0.754,-0.7587,-0.704,-0.6231,-0.5371,-0.4604,-0.4053,-0.3766,-0.3704,-0.3786]},{"header":{"la1":42.85,"la2":41.18,"lo1":11.55,"lo2":14.05,"nx":36,"ny":24,"dx":0.07143,"dy":0.07261,"parameterCategory":2,"parameterNumber":3,"parameterNumberName":"northward_wind","parameterUnit":"m.s-1"},"data":[-0.6007,-0.5948,-0.5873,-0.5785,-0.5686,-0.5585,-0.5491,-0.5418,-0.537,-0.5346,-0.5335,-0.5324,-0.5304,-0.5271,-0.5232,-0.5191,-0.5153,-0.5116,-0.5078,-0.5037,-0.4995,-0.4952,-0.4913,-0.4877,-0.4847,-0.4822,-0.4804,-0.4791,-0.4784,-0.4782,-0.4784,-0.479,-0.4799,-0.4811,-0.4824,-0.4839,-0.6066,-0.5998,-0.5908,-0.5795,-0.5663,-0.5522,-0.5391,-0.5294,-0.5246,-0.5244,-0.5266,-0.5284,-0.5279,-0.5249,-0.5204,-0.516,-0.5123,-0.509,-0.5052,-0.5007,-0.4958,-0.491,-0.4865,-0.4826,-0.4794,-0.4769,-0.4751,-0.474,-0.4735,-0.4736,-0.4742,-0.4752,-0.4765,-0.4781,-0.4798,-0.4816,-0.6138,-0.6063,-0.5956,-0.5812,-0.5631,-0.5424,-0.5222,-0.5075,-0.5024,-0.507,-0.5161,-0.5234,-0.5257,-0.5229,-0.5173,-0.5121,-0.509,-0.5065,-0.5026,-0.4974,-0.4917,-0.486,-0.481,-0.4767,-0.4733,-0.4708,-0.4691,-0.4683,-0.4681,-0.4686,-0.4697,-0.4712,-0.473,-0.4751,-0.4773,-0.4795,-0.6231,-0.6152,-0.6029,-0.5848,-0.5599,-0.5285,-0.4945,-0.4681,-0.4616,-0.4766,-0.5002,-0.5181,-0.525,-0.5222,-0.5144,-0.5079,-0.506,-0.5046,-0.5002,-0.4936,-0.4865,-0.4799,-0.4742,-0.4696,-0.4661,-0.4637,-0.4623,-0.4618,-0.4621,-0.4632,-0.4649,-0.467,-0.4694,-0.4721,-0.4748,-0.4776,-0.6348,-0.6273,-0.6142,-0.593,-0.5601,-0.5125,-0.4524,-0.3979,-0.3847,-0.4241,-0.4785,-0.5146,-0.5275,-0.5243,-0.5138,-0.5055,-0.5046,-0.5032,-0.4969,-0.4883,-0.4797,-0.4721,-0.4659,-0.4611,-0.4576,-0.4555,-0.4545,-0.4546,-0.4555,-0.4573,-0.4597,-0.4626,-0.4658,-0.4692,-0.4726,-0.476,-0.6493,-0.6436,-0.6317,-0.6095,-0.5705,-0.5049,-0.4036,-0.2863,-0.2492,-0.3457,-0.4592,-0.5193,-0.5363,-0.5312,-0.5183,-0.5082,-0.5048,-0.4999,-0.4907,-0.48,-0.4702,-0.462,-0.4555,-0.4508,-0.4476,-0.4459,-0.4456,-0.4464,-0.4483,-0.451,-0.4544,-0.4582,-0.4624,-0.4666,-0.4708,-0.4748,-0.6666,-0.6645,-0.6566,-0.6383,-0.601,-0.5285,-0.3943,-0.1949,-0.1109,-0.298,-0.4743,-0.5438,-0.5545,-0.5427,-0.5256,-0.5115,-0.5016,-0.4914,-0.4794,-0.4676,-0.4572,-0.4489,-0.4427,-0.4384,-0.4358,-0.4349,-0.4354,-0.4373,-0.4403,-0.4442,-0.4488,-0.4539,-0.4592,-0.4645,-0.4696,-0.4743,-0.6861,-0.6894,-0.6888,-0.6805,-0.6571,-0.6043,-0.4978,-0.3309,-0.2646,-0.4315,-0.5634,-0.5947,-0.5806,-0.5549,-0.5301,-0.5094,-0.4924,-0.4771,-0.4629,-0.4504,-0.4403,-0.4326,-0.427,-0.4236,-0.422,-0.4222,-0.4239,-0.4271,-0.4316,-0.4371,-0.4433,-0.4499,-0.4566,-0.4631,-0.4692,-0.4748,-0.7063,-0.7163,-0.7256,-0.732,-0.732,-0.7194,-0.6884,-0.6512,-0.6614,-0.712,-0.709,-0.6595,-0.6049,-0.561,-0.5276,-0.5005,-0.4773,-0.4572,-0.4409,-0.4285,-0.4193,-0.4127,-0.4083,-0.4061,-0.4059,-0.4075,-0.4109,-0.4158,-0.4222,-0.4296,-0.4378,-0.4464,-0.4548,-0.4629,-0.4702,-0.4765,-0.7254,-0.7425,-0.7623,-0.7849,-0.8104,-0.838,-0.8693,-0.9184,-1.0064,-1.0199,-0.8663,-0.7111,-0.6119,-0.5539,-0.5167,-0.4856,-0.456,-0.4307,-0.4127,-0.4014,-0.394,-0.389,-0.3861,-0.3855,-0.3871,-0.3907,-0.3961,-0.4033,-0.412,-0.422,-0.4328,-0.4438,-0.4545,-0.4643,-0.4729,-0.4802,-0.7415,-0.7647,-0.7937,-0.8308,-0.8784,-0.938,-1.0061,-1.0808,-1.251,-1.3412,-0.9758,-0.7173,-0.5905,-0.532,-0.5011,-0.4671,-0.4275,-0.3947,-0.3768,-0.3692,-0.3645,-0.361,-0.3597,-0.3612,-0.3652,-0.3713,-0.3793,-0.3893,-0.4011,-0.4144,-0.4287,-0.443,-0.4565,-0.4684,-0.4784,-0.4864,-0.7527,-0.78,-0.8155,-0.8626,-0.9263,-1.0119,-1.1158,-1.1909,-1.2029,-1.1951,-0.9002,-0.6649,-0.5512,-0.5066,-0.491,-0.4466,-0.3876,-0.3474,-0.3363,-0.3351,-0.3312,-0.3271,-0.3271,-0.3318,-0.3394,-0.3488,-0.36,-0.3734,-0.3892,-0.4071,-0.426,-0.4448,-0.4619,-0.4764,-0.4878,-0.4961,-0.7578,-0.7868,-0.8245,-0.875,-0.9447,-1.0424,-1.1739,-1.2959,-1.2077,-0.9935,-0.7631,-0.5894,-0.5224,-0.4996,-0.4853,-0.4062,-0.324,-0.3134,-0.3139,-0.3042,-0.2903,-0.281,-0.2839,-0.2952,-0.3089,-0.3227,-0.3375,-0.355,-0.376,-0.4003,-0.426,-0.4509,-0.4729,-0.4903,-0.5027,-0.5106,-0.7568,-0.7846,-0.8202,-0.8668,-0.9292,-1.0131,-1.119,-1.2133,-1.1355,-0.8881,-0.6842,-0.5361,-0.4981,-0.488,-0.4409,-0.2781,-0.138,-0.2387,-0.2796,-0.2598,-0.2218,-0.2046,-0.2215,-0.2498,-0.2737,-0.2922,-0.3101,-0.3323,-0.3607,-0.3944,-0.4303,-0.4643,-0.4926,-0.5131,-0.5256,-0.5315,-0.7502,-0.7747,-0.8048,-0.8422,-0.888,-0.9417,-0.994,-1.01,-0.9267,-0.774,-0.6589,-0.5803,-0.502,-0.4012,-0.3924,0.015,0.453,-0.0173,-0.2072,-0.1813,-0.0721,-0.0584,-0.1331,-0.199,-0.2357,-0.2554,-0.2738,-0.3015,-0.3413,-0.3901,-0.4419,-0.4895,-0.5264,-0.5493,-0.5594,-0.5604,-0.7394,-0.7594,-0.7826,-0.8089,-0.8371,-0.863,-0.8759,-0.8563,-0.7907,-0.7083,-0.6768,-0.6127,-0.5838,-0.5149,-0.4145,-0.0642,0.2479,-0.0869,-0.2462,-0.1025,0.2325,0.1734,-0.0457,-0.1592,-0.1974,-0.2056,-0.2186,-0.255,-0.3145,-0.3882,-0.4657,-0.5345,-0.5825,-0.6053,-0.6076,-0.5985,-0.7259,-0.7413,-0.7577,-0.7744,-0.7892,-0.7979,-0.7938,-0.77,-0.7274,-0.6859,-0.6741,-0.6497,-0.7218,-0.7559,-0.5372,-0.366,-0.2917,-0.4133,-0.4875,-0.2214,0.2594,0.184,-0.0554,-0.1518,-0.1538,-0.1225,-0.1217,-0.1793,-0.2765,-0.391,-0.509,-0.6107,-0.6723,-0.6873,-0.6717,-0.6446,-0.7114,-0.7224,-0.7333,-0.7429,-0.7492,-0.7496,-0.7408,-0.7215,-0.6951,-0.6715,-0.6591,-0.667,-0.7555,-0.7675,-0.5993,-0.5255,-0.5214,-0.7167,-0.9331,-0.5603,-0.2169,-0.1266,-0.1679,-0.168,-0.086,0.0356,0.0586,-0.0624,-0.2305,-0.4021,-0.5768,-0.7274,-0.802,-0.794,-0.7458,-0.6928,-0.6967,-0.7043,-0.711,-0.7158,-0.7174,-0.7143,-0.7052,-0.6905,-0.6729,-0.6572,-0.6478,-0.6497,-0.662,-0.6409,-0.5973,-0.5929,-0.585,-0.7133,-0.8194,-0.6183,-0.4521,-0.3331,-0.2709,-0.1892,-0.0068,0.2808,0.3377,0.0551,-0.2061,-0.4237,-0.6529,-0.8597,-0.9416,-0.8961,-0.8088,-0.7304,-0.6827,-0.6876,-0.6913,-0.6931,-0.6922,-0.6878,-0.6795,-0.668,-0.6549,-0.6426,-0.633,-0.6266,-0.6191,-0.6032,-0.5916,-0.589,-0.5824,-0.6101,-0.6051,-0.591,-0.5145,-0.4175,-0.3404,-0.2384,-0.0424,0.2959,0.3663,-0.0317,-0.2629,-0.4515,-0.6838,-0.9097,-0.9923,-0.9305,-0.8292,-0.7427,-0.6696,-0.6725,-0.6742,-0.6742,-0.672,-0.6671,-0.6597,-0.6502,-0.6395,-0.6287,-0.6187,-0.6092,-0.5988,-0.5872,-0.5783,-0.5717,-0.5668,-0.5699,-0.5726,-0.5611,-0.5079,-0.4493,-0.4001,-0.3267,-0.228,-0.2051,-0.4182,-0.42,-0.3932,-0.478,-0.6455,-0.8231,-0.9019,-0.8695,-0.7953,-0.7249,-0.6577,-0.6591,-0.6595,-0.6583,-0.6554,-0.6505,-0.6437,-0.6354,-0.6261,-0.6163,-0.6064,-0.5964,-0.5861,-0.5759,-0.5667,-0.5585,-0.5516,-0.5462,-0.5389,-0.5211,-0.4901,-0.471,-0.4596,-0.4114,-0.3739,-0.4696,-0.6702,-0.5885,-0.4806,-0.4957,-0.5895,-0.7004,-0.7652,-0.7661,-0.7307,-0.687,-0.6468,-0.6473,-0.6467,-0.6448,-0.6415,-0.6367,-0.6304,-0.6229,-0.6145,-0.6055,-0.5961,-0.5865,-0.5766,-0.5668,-0.5574,-0.5483,-0.5394,-0.5299,-0.518,-0.5011,-0.4836,-0.4835,-0.4868,-0.4521,-0.4289,-0.4741,-0.5449,-0.5327,-0.4932,-0.4996,-0.5498,-0.614,-0.6605,-0.6754,-0.6654,-0.644,-0.6371,-0.6367,-0.6355,-0.6332,-0.6297,-0.625,-0.6191,-0.6122,-0.6045,-0.5962,-0.5874,-0.5783,-0.5689,-0.5594,-0.55,-0.5404,-0.5305,-0.5197,-0.5071,-0.493,-0.481,-0.4777,-0.4746,-0.457,-0.4445,-0.4573,-0.4803,-0.4862,-0.4834,-0.4948,-0.525,-0.5633,-0.595,-0.6117,-0.6135,-0.6057]}]