docs/data/wind_grid.json
[{"header":{"la1":42.85,"la2":41.18,"lo1":11.55,"lo2":14.05,"nx":36,"ny":24,"dx":0.07143,"dy":0.07261,"parameterCategory":2,"parameterNumber":2,"parameterNumberName":"eastward_wind","parameterUnit":"m.s-1"},"data":[-0.3595,-0.3669,-0.3746,-0.3826,-0.3903,-0.3972,-0.402,-0.4035,-0.4008,-0.394,-0.3841,-0.373,-0.3625,-0.3542,-0.3489,-0.3471,-0.3488,-0.3539,-0.3622,-0.3725,-0.3834,-0.3928,-0.399,-0.4016,-0.4006,-0.3968,-0.391,-0.3838,-0.3757,-0.3671,-0.3585,-0.3499,-0.3415,-0.3335,-0.3259,-0.3188,-0.3629,-0.3719,-0.3817,-0.3922,-0.4031,-0.4136,-0.4222,-0.426,-0.4229,-0.4126,-0.3971,-0.38,-0.3642,-0.3518,-0.3439,-0.3408,-0.3426,-0.3491,-0.3604,-0.3756,-0.392,-0.406,-0.4147,-0.4174,-0.4152,-0.4095,-0.4015,-0.3921,-0.382,-0.3717,-0.3614,-0.3515,-0.3419,-0.3329,-0.3245,-0.3167,-0.3663,-0.3773,-0.3895,-0.403,-0.4182,-0.4349,-0.4506,-0.4599,-0.4572,-0.441,-0.4159,-0.3888,-0.3649,-0.3469,-0.3354,-0.3305,-0.3318,-0.3392,-0.3539,-0.3764,-0.4026,-0.4243,-0.4358,-0.4375,-0.4328,-0.4241,-0.4131,-0.401,-0.3884,-0.376,-0.3639,-0.3524,-0.3416,-0.3315,-0.3222,-0.3137,-0.3698,-0.3834,-0.3983,-0.4149,-0.4352,-0.4612,-0.4909,-0.5138,-0.514,-0.4864,-0.443,-0.3994,-0.3636,-0.3378,-0.3219,-0.3147,-0.3143,-0.32,-0.3361,-0.3697,-0.4149,-0.45,-0.4631,-0.4616,-0.4529,-0.4403,-0.4255,-0.41,-0.3945,-0.3797,-0.3656,-0.3524,-0.3402,-0.329,-0.3188,-0.3096,-0.3737,-0.3912,-0.4093,-0.4282,-0.4523,-0.4903,-0.5464,-0.6031,-0.6146,-0.5603,-0.4799,-0.4096,-0.3577,-0.3222,-0.3011,-0.2917,-0.2886,-0.2851,-0.2906,-0.339,-0.4258,-0.4825,-0.4909,-0.4859,-0.4743,-0.4573,-0.438,-0.4184,-0.3998,-0.3823,-0.3661,-0.3512,-0.3376,-0.3252,-0.3141,-0.3042,-0.3783,-0.4031,-0.4275,-0.4465,-0.467,-0.5129,-0.6096,-0.7452,-0.7926,-0.6693,-0.5186,-0.413,-0.343,-0.296,-0.2683,-0.2587,-0.256,-0.2326,-0.1818,-0.238,-0.4215,-0.4989,-0.5032,-0.5094,-0.4977,-0.4749,-0.4498,-0.4256,-0.4035,-0.3833,-0.3649,-0.3483,-0.3332,-0.3197,-0.3077,-0.2972,-0.3823,-0.4225,-0.4655,-0.4865,-0.483,-0.5113,-0.6334,-0.8704,-0.9833,-0.7473,-0.5274,-0.3996,-0.3156,-0.2531,-0.2134,-0.2061,-0.2211,-0.1982,-0.0506,-0.095,-0.4585,-0.5687,-0.5652,-0.5565,-0.5279,-0.4928,-0.4597,-0.4305,-0.4049,-0.3821,-0.3617,-0.3433,-0.3268,-0.3122,-0.2993,-0.2882,-0.3791,-0.4455,-0.544,-0.5949,-0.5191,-0.4751,-0.5562,-0.7358,-0.8157,-0.6457,-0.4802,-0.3691,-0.277,-0.1864,-0.1115,-0.101,-0.1659,-0.2302,-0.2222,-0.3879,-0.8533,-0.9293,-0.7604,-0.6397,-0.5626,-0.5076,-0.4657,-0.432,-0.4035,-0.3784,-0.356,-0.3358,-0.3179,-0.3021,-0.2885,-0.2769,-0.3524,-0.434,-0.6207,-0.7898,-0.546,-0.3957,-0.4269,-0.5068,-0.5419,-0.5012,-0.427,-0.3426,-0.2414,-0.0951,0.0956,0.1501,-0.0347,-0.2455,-0.4401,-0.8311,-1.5458,-1.4285,-0.9469,-0.7021,-0.5818,-0.5123,-0.4655,-0.4295,-0.399,-0.3719,-0.3474,-0.3254,-0.3059,-0.289,-0.2746,-0.2628,-0.2907,-0.3214,-0.414,-0.4823,-0.2502,-0.2306,-0.3078,-0.3897,-0.47,-0.4916,-0.425,-0.3422,-0.2391,-0.0327,0.4743,0.7433,0.1586,-0.2295,-0.4855,-0.8262,-1.2971,-1.2489,-0.8988,-0.682,-0.5683,-0.5032,-0.4592,-0.4239,-0.3921,-0.3628,-0.3358,-0.3115,-0.2902,-0.272,-0.2571,-0.2452,-0.2161,-0.1576,0.0048,0.4013,0.3441,-0.0402,-0.2094,-0.3152,-0.5342,-0.6387,-0.4554,-0.3657,-0.2956,-0.1539,0.3587,0.7438,0.0773,-0.3116,-0.513,-0.6612,-0.8096,-0.8238,-0.7116,-0.6025,-0.5319,-0.4877,-0.4528,-0.4187,-0.3843,-0.3512,-0.3206,-0.2932,-0.2696,-0.2501,-0.2348,-0.2233,-0.1692,-0.0778,0.1142,0.4077,0.3389,-0.0075,-0.131,-0.1483,-0.345,-0.5029,-0.4294,-0.4051,-0.3839,-0.3876,-0.247,-0.0876,-0.2542,-0.5915,-0.7155,-0.6406,-0.6152,-0.6023,-0.5662,-0.5267,-0.5025,-0.4861,-0.4585,-0.4191,-0.3768,-0.3368,-0.3006,-0.269,-0.2426,-0.2217,-0.2064,-0.196,-0.1619,-0.0917,0.0106,0.0983,0.0503,-0.0721,-0.0878,-0.0041,-0.1074,-0.3114,-0.4143,-0.5072,-0.4844,-0.434,-0.3537,-0.2303,-0.3754,-1.098,-1.1423,-0.6874,-0.54,-0.4958,-0.4799,-0.4822,-0.5092,-0.5272,-0.4892,-0.4264,-0.3677,-0.3171,-0.2734,-0.2365,-0.2066,-0.1844,-0.1699,-0.1619,-0.1778,-0.1369,-0.0939,-0.0725,-0.0941,-0.1272,-0.116,-0.0672,-0.13,-0.3003,-0.4328,-0.6574,-0.6998,-0.3232,-0.2458,-0.0322,-0.182,-0.6792,-0.821,-0.5745,-0.4541,-0.4162,-0.4186,-0.4552,-0.5406,-0.5972,-0.5227,-0.4252,-0.3489,-0.2875,-0.2354,-0.1917,-0.1576,-0.1347,-0.1225,-0.1192,-0.2002,-0.1786,-0.1611,-0.156,-0.1655,-0.1778,-0.1802,-0.1878,-0.247,-0.3471,-0.4273,-0.4803,-0.4399,-0.3929,-0.2103,0.0196,-0.17,-0.3065,-0.4182,-0.3907,-0.3394,-0.3307,-0.3581,-0.4096,-0.4938,-0.5443,-0.4809,-0.3895,-0.3115,-0.2435,-0.1821,-0.1291,-0.0896,-0.0671,-0.0607,-0.066,-0.2211,-0.2102,-0.2034,-0.2035,-0.2106,-0.2215,-0.2359,-0.2627,-0.3147,-0.39,-0.468,-0.4705,-0.4181,-0.3403,-0.2568,-0.1844,-0.1996,-0.242,-0.2758,-0.2716,-0.231,-0.2477,-0.302,-0.3505,-0.3966,-0.4172,-0.3877,-0.3281,-0.2585,-0.1846,-0.1092,-0.0406,0.0076,0.0266,0.0202,-0.0008,-0.2383,-0.2333,-0.2315,-0.2341,-0.2415,-0.2534,-0.271,-0.2982,-0.3386,-0.3929,-0.4506,-0.4247,-0.3154,-0.258,-0.278,-0.2514,-0.2266,-0.1919,-0.1627,-0.199,-0.2103,-0.2267,-0.2717,-0.3086,-0.3367,-0.3489,-0.3309,-0.279,-0.2042,-0.1147,-0.013,0.0862,0.1494,0.1567,0.1232,0.0751,-0.2518,-0.2501,-0.2508,-0.2548,-0.2624,-0.2738,-0.2899,-0.3114,-0.3382,-0.3663,-0.3816,-0.3579,-0.2795,-0.2578,-0.3146,-0.3142,-0.2398,-0.0863,0.0577,-0.1097,-0.1972,-0.231,-0.2598,-0.2878,-0.3239,-0.369,-0.362,-0.271,-0.1582,-0.0396,0.1055,0.2635,0.3531,0.3279,0.2425,0.1536,-0.2622,-0.2623,-0.2643,-0.2687,-0.2758,-0.2858,-0.2986,-0.3141,-0.3305,-0.3442,-0.3482,-0.3365,-0.3169,-0.3272,-0.4172,-0.4541,-0.2837,-0.1095,-0.0121,-0.107,-0.1774,-0.2256,-0.2534,-0.2755,-0.337,-0.5048,-0.5385,-0.2882,-0.1029,0.0351,0.222,0.4659,0.5909,0.5031,0.3474,0.216,-0.2701,-0.2711,-0.2736,-0.2779,-0.2842,-0.2922,-0.3019,-0.3126,-0.3228,-0.3301,-0.3322,-0.329,-0.3274,-0.3454,-0.4058,-0.4191,-0.2979,-0.1841,-0.1182,-0.1059,-0.1789,-0.2394,-0.2621,-0.2563,-0.2826,-0.4897,-0.5417,-0.1288,0.0178,0.1014,0.2713,0.5454,0.686,0.5662,0.3835,0.2391,-0.2759,-0.2773,-0.28,-0.2838,-0.289,-0.2954,-0.3025,-0.3098,-0.3164,-0.3209,-0.3227,-0.3226,-0.324,-0.3322,-0.3448,-0.3333,-0.2809,-0.2181,-0.1676,-0.1631,-0.2313,-0.3079,-0.3236,-0.2521,-0.127,0.0751,0.4858,0.4059,0.1928,0.1428,0.2272,0.4088,0.5195,0.4579,0.3307,0.216,-0.2801,-0.2817,-0.2841,-0.2875,-0.2917,-0.2965,-0.3017,-0.3068,-0.3111,-0.3141,-0.3155,-0.3157,-0.316,-0.3167,-0.3145,-0.3015,-0.2753,-0.2461,-0.2299,-0.2501,-0.335,-0.4771,-0.5098,-0.3276,-0.0499,0.3859,0.9339,0.638,0.2204,0.1217,0.1499,0.2371,0.3047,0.2958,0.2357,0.1645,-0.2831,-0.2846,-0.2868,-0.2895,-0.2928,-0.2965,-0.3003,-0.3038,-0.3067,-0.3086,-0.3094,-0.3091,-0.308,-0.3057,-0.3006,-0.2909,-0.2774,-0.2665,-0.2698,-0.3066,-0.4128,-0.6109,-0.6693,-0.4135,-0.0977,0.2261,0.4439,0.2777,0.0432,0.046,0.0848,0.1303,0.1671,0.1725,0.1478,0.1079,-0.2851,-0.2865,-0.2883,-0.2905,-0.2931,-0.2958,-0.2985,-0.3009,-0.3028,-0.3039,-0.3041,-0.3033,-0.3015,-0.2985,-0.2937,-0.2871,-0.2804,-0.2781,-0.288,-0.3227,-0.3998,-0.5097,-0.526,-0.3649,-0.1448,0.0506,0.15,0.0975,0.0144,0.0244,0.0507,0.0729,0.0898,0.0935,0.0816,0.0586]},{"header":{"la1":42.85,"la2":41.18,"lo1":11.55,"lo2":14.05,"nx":36,"ny":24,"dx":0.07143,"dy":0.07261,"parameterCategory":2,"parameterNumber":3,"parameterNumberName":"northward_wind","parameterUnit":"m.s-1"},"data":[-0.5573,-0.5643,-0.5699,-0.5739,-0.5761,-0.576,-0.5728,-0.5654,-0.5526,-0.5342,-0.5107,-0.4834,-0.4535,-0.4219,-0.3893,-0.3566,-0.325,-0.296,-0.2713,-0.2519,-0.2378,-0.2279,-0.2207,-0.2149,-0.2098,-0.2052,-0.2011,-0.1973,-0.1937,-0.1901,-0.1865,-0.1828,-0.179,-0.1752,-0.1715,-0.1678,-0.5777,-0.587,-0.5948,-0.6008,-0.6053,-0.608,-0.6077,-0.6022,-0.5892,-0.5676,-0.539,-0.5057,-0.4699,-0.4324,-0.3938,-0.3547,-0.3164,-0.2815,-0.2529,-0.2327,-0.2206,-0.214,-0.2095,-0.2049,-0.2002,-0.1959,-0.1922,-0.189,-0.1859,-0.1828,-0.1795,-0.1759,-0.1722,-0.1684,-0.1646,-0.1609,-0.6006,-0.6128,-0.623,-0.6313,-0.6386,-0.6455,-0.651,-0.6504,-0.638,-0.6116,-0.5746,-0.5325,-0.489,-0.4448,-0.3992,-0.3519,-0.3044,-0.2608,-0.227,-0.2074,-0.2016,-0.2029,-0.2025,-0.1978,-0.1916,-0.1866,-0.183,-0.1804,-0.178,-0.1753,-0.1723,-0.1689,-0.1651,-0.1612,-0.1573,-0.1535,-0.6266,-0.6429,-0.6561,-0.6662,-0.6759,-0.6887,-0.7052,-0.7168,-0.708,-0.6721,-0.6194,-0.5638,-0.5109,-0.4597,-0.4068,-0.3496,-0.2887,-0.2307,-0.188,-0.1723,-0.1837,-0.2049,-0.2095,-0.1972,-0.1842,-0.1767,-0.1732,-0.1714,-0.1699,-0.1678,-0.1651,-0.1617,-0.1578,-0.1537,-0.1496,-0.1455,-0.6567,-0.6794,-0.6968,-0.7077,-0.7167,-0.7353,-0.772,-0.8141,-0.8174,-0.7584,-0.6736,-0.5973,-0.5344,-0.478,-0.4192,-0.351,-0.2707,-0.1863,-0.1239,-0.1154,-0.1677,-0.2417,-0.2449,-0.2026,-0.1749,-0.1645,-0.1622,-0.1622,-0.162,-0.1606,-0.1581,-0.1546,-0.1504,-0.1459,-0.1414,-0.137,-0.6916,-0.7259,-0.7521,-0.7623,-0.7618,-0.7774,-0.8427,-0.9552,-0.9947,-0.8739,-0.7277,-0.6264,-0.5575,-0.501,-0.441,-0.3638,-0.259,-0.1285,-0.0163,-0.0122,-0.1182,-0.2749,-0.2682,-0.1883,-0.154,-0.1476,-0.15,-0.1534,-0.1549,-0.1542,-0.1515,-0.1475,-0.1427,-0.1376,-0.1325,-0.1278,-0.7299,-0.7854,-0.8345,-0.8483,-0.8189,-0.8027,-0.8751,-1.0737,-1.1762,-0.954,-0.7507,-0.6416,-0.5786,-0.5315,-0.4794,-0.4013,-0.2772,-0.0979,0.0827,0.0852,0.0181,-0.0904,-0.133,-0.1148,-0.1149,-0.1267,-0.1387,-0.1466,-0.1498,-0.1492,-0.1458,-0.1407,-0.1348,-0.1287,-0.1228,-0.1176,-0.7635,-0.8513,-0.9549,-0.9998,-0.9065,-0.8065,-0.8188,-0.9527,-1.0205,-0.8636,-0.7204,-0.642,-0.5993,-0.573,-0.5437,-0.4792,-0.3504,-0.1622,0.0169,0.1148,0.2953,0.2767,0.1002,-0.0107,-0.0721,-0.11,-0.1329,-0.1447,-0.1483,-0.1464,-0.1411,-0.134,-0.1263,-0.1188,-0.112,-0.1061,-0.7763,-0.887,-1.0574,-1.1846,-0.9871,-0.7823,-0.7124,-0.7375,-0.7647,-0.7368,-0.6841,-0.6417,-0.6221,-0.6264,-0.6487,-0.6208,-0.4743,-0.273,-0.0589,0.2508,0.7847,0.6828,0.2694,0.052,-0.054,-0.1103,-0.1396,-0.1516,-0.1524,-0.1466,-0.1375,-0.1272,-0.117,-0.1076,-0.0996,-0.0931,-0.7564,-0.8499,-0.9737,-1.0434,-0.8909,-0.7036,-0.5858,-0.5929,-0.7036,-0.7594,-0.695,-0.6504,-0.6441,-0.6755,-0.8017,-0.8702,-0.6065,-0.363,-0.1412,0.1647,0.5664,0.5243,0.2218,0.0274,-0.0798,-0.1388,-0.1659,-0.1713,-0.1638,-0.1501,-0.1346,-0.1194,-0.1059,-0.0943,-0.085,-0.0779,-0.713,-0.7753,-0.8358,-0.8751,-0.8323,-0.5976,-0.3931,-0.4035,-0.8034,-1.0113,-0.7296,-0.6605,-0.6607,-0.6816,-0.7939,-0.8838,-0.6077,-0.3809,-0.2113,-0.0431,0.1204,0.1475,0.0498,-0.0622,-0.151,-0.2051,-0.2206,-0.208,-0.183,-0.1559,-0.1309,-0.1094,-0.0918,-0.0779,-0.0674,-0.06,-0.6612,-0.7033,-0.7563,-0.8287,-0.7634,-0.4303,-0.0718,0.1098,-0.3504,-0.7394,-0.6603,-0.672,-0.6821,-0.6569,-0.6765,-0.6523,-0.5058,-0.286,-0.1749,-0.1333,-0.0731,-0.048,-0.0841,-0.167,-0.2675,-0.3295,-0.3175,-0.2643,-0.2078,-0.1606,-0.1235,-0.0948,-0.073,-0.057,-0.0458,-0.0386,-0.6074,-0.6285,-0.6468,-0.6403,-0.5236,-0.2364,0.1799,0.5963,0.2718,-0.3317,-0.6022,-0.7207,-0.7504,-0.6736,-0.6923,-0.6415,-0.4766,-0.0541,-0.0105,-0.1332,-0.1226,-0.1111,-0.1487,-0.2611,-0.4436,-0.5499,-0.4655,-0.3308,-0.2279,-0.1573,-0.1079,-0.0726,-0.0475,-0.0302,-0.0192,-0.0132,-0.5575,-0.5598,-0.5479,-0.502,-0.3889,-0.1864,0.0959,0.3629,0.1726,-0.3508,-0.6531,-0.7842,-0.8349,-1.1173,-0.7823,-0.7339,-0.587,-0.2507,-0.1255,-0.1361,-0.1013,-0.0919,-0.1465,-0.3044,-0.6058,-0.7851,-0.5865,-0.363,-0.2233,-0.1367,-0.0793,-0.0397,-0.0129,0.0041,0.0134,0.0168,-0.5168,-0.509,-0.487,-0.4409,-0.3615,-0.249,-0.1282,-0.0819,-0.2507,-0.5684,-0.798,-0.8661,-0.921,-1.0781,-0.7864,-0.7409,-0.4748,-0.3759,-0.2085,-0.0863,0.0051,0.0084,-0.0758,-0.2373,-0.4942,-0.6449,-0.4959,-0.3056,-0.177,-0.0925,-0.0342,0.0062,0.0326,0.0472,0.0526,0.0516,-0.4868,-0.4766,-0.4567,-0.4242,-0.3801,-0.3333,-0.3088,-0.3524,-0.5105,-0.7868,-1.1345,-1.0579,-0.9316,-0.8212,-0.6781,-0.5437,-0.4224,-0.2818,-0.0925,0.0593,0.2153,0.1747,0.0282,-0.1115,-0.251,-0.3254,-0.2813,-0.1871,-0.099,-0.028,0.0266,0.0658,0.0898,0.0995,0.0984,0.0906,-0.4655,-0.457,-0.4432,-0.425,-0.4062,-0.3961,-0.4113,-0.4741,-0.6045,-0.8165,-1.074,-0.9646,-0.7377,-0.6255,-0.5065,-0.3635,-0.2232,0.0173,0.2294,0.2255,0.2645,0.2204,0.0913,-0.0158,-0.1003,-0.1462,-0.1375,-0.0852,-0.0168,0.047,0.0991,0.1372,0.1577,0.1597,0.1487,0.1318,-0.4499,-0.4442,-0.4365,-0.4286,-0.4243,-0.4303,-0.4555,-0.5092,-0.5954,-0.7029,-0.7763,-0.7286,-0.6128,-0.5232,-0.1991,0.0158,0.0866,0.4687,0.8726,0.4727,0.2807,0.2022,0.1231,0.0416,-0.0439,-0.1247,-0.1319,-0.0438,0.0549,0.1267,0.1771,0.2131,0.2292,0.2211,0.1981,0.1713,-0.4375,-0.4343,-0.4308,-0.4288,-0.4311,-0.4414,-0.4638,-0.5005,-0.5482,-0.5931,-0.6069,-0.5627,-0.4563,-0.2113,0.4419,0.7074,0.3244,0.512,0.7502,0.5828,0.3906,0.2553,0.1705,0.0906,-0.0392,-0.2748,-0.3237,-0.046,0.14,0.2184,0.2516,0.2722,0.2819,0.2674,0.2371,0.204,-0.4262,-0.4247,-0.4236,-0.4241,-0.4281,-0.4371,-0.4524,-0.4732,-0.4945,-0.506,-0.492,-0.4351,-0.311,-0.0528,0.412,0.576,0.3487,0.418,0.6646,0.7583,0.4773,0.3153,0.2374,0.1698,0.0456,-0.2601,-0.3315,0.136,0.3107,0.3436,0.3243,0.2978,0.293,0.2848,0.2595,0.2269,-0.4153,-0.4145,-0.4142,-0.4151,-0.4182,-0.4238,-0.4317,-0.44,-0.4444,-0.4375,-0.4095,-0.3486,-0.2398,-0.0686,0.1339,0.2373,0.2529,0.3434,0.5145,0.5676,0.4385,0.3637,0.3328,0.2921,0.2742,0.37,0.7309,0.6997,0.584,0.5256,0.4359,0.3473,0.3087,0.2953,0.2733,0.2427,-0.4041,-0.4033,-0.4029,-0.403,-0.4041,-0.4058,-0.4075,-0.407,-0.401,-0.3844,-0.3511,-0.2947,-0.2103,-0.1004,0.0137,0.1009,0.1682,0.2503,0.3394,0.3833,0.3965,0.4594,0.4832,0.417,0.449,0.721,1.1432,0.9771,0.8553,0.7827,0.6138,0.459,0.3701,0.3251,0.2907,0.2563,-0.3926,-0.3914,-0.3902,-0.3891,-0.3879,-0.3862,-0.383,-0.3766,-0.3645,-0.3433,-0.3096,-0.2603,-0.1947,-0.1166,-0.0357,0.0389,0.1083,0.1788,0.2472,0.3097,0.3966,0.5442,0.5876,0.4814,0.4953,0.6713,0.8683,0.9731,1.1961,1.0876,0.7963,0.574,0.4406,0.3629,0.3106,0.2684,-0.3809,-0.3791,-0.3769,-0.3743,-0.371,-0.3665,-0.3599,-0.3497,-0.3343,-0.3114,-0.2793,-0.2365,-0.1834,-0.1227,-0.0586,0.0052,0.0681,0.1312,0.1953,0.2658,0.358,0.4655,0.4991,0.4592,0.4812,0.5937,0.7527,0.9814,1.2383,1.1331,0.8497,0.6257,0.4807,0.3881,0.3247,0.2764]}]