docs/data/wind_grid.json
[{"header":{"la1":42.85,"la2":41.18,"lo1":11.55,"lo2":14.05,"nx":36,"ny":24,"dx":0.07143,"dy":0.07261,"parameterCategory":2,"parameterNumber":2,"parameterNumberName":"eastward_wind","parameterUnit":"m.s-1"},"data":[1.5379,1.5013,1.4613,1.4191,1.3771,1.3393,1.3109,1.2974,1.3024,1.3258,1.3636,1.4094,1.4571,1.5019,1.5412,1.574,1.6005,1.6218,1.6397,1.6559,1.6715,1.6869,1.7017,1.7152,1.727,1.7367,1.7444,1.75,1.754,1.7564,1.7576,1.7577,1.7572,1.7561,1.7546,1.753,1.5273,1.4833,1.4331,1.3776,1.3191,1.2629,1.2176,1.1932,1.1978,1.2319,1.2879,1.3538,1.4191,1.4776,1.526,1.564,1.5924,1.6135,1.6305,1.6465,1.6635,1.6814,1.6991,1.7152,1.729,1.7399,1.7481,1.7538,1.7574,1.7593,1.7597,1.7591,1.7577,1.7558,1.7537,1.7514,1.5209,1.4691,1.4073,1.3348,1.2532,1.1683,1.0929,1.047,1.0489,1.1018,1.1891,1.287,1.3779,1.454,1.5132,1.5561,1.5848,1.6029,1.6163,1.6311,1.6505,1.673,1.6956,1.7157,1.732,1.7443,1.7529,1.7585,1.7615,1.7625,1.762,1.7603,1.7579,1.7551,1.752,1.749,1.5211,1.4621,1.3882,1.2961,1.1839,1.055,0.926,0.8346,0.8272,0.9162,1.061,1.2102,1.3365,1.4339,1.5045,1.5514,1.5773,1.5871,1.5916,1.6038,1.6287,1.6605,1.6915,1.7173,1.7368,1.7504,1.7593,1.7642,1.7663,1.7661,1.7642,1.7612,1.7576,1.7536,1.7495,1.7456,1.5306,1.4664,1.3823,1.2709,1.1235,0.9333,0.7116,0.5218,0.4857,0.6507,0.9043,1.1321,1.3019,1.4212,1.5022,1.5515,1.5703,1.5623,1.5466,1.5549,1.5943,1.6446,1.6889,1.722,1.7446,1.7591,1.7674,1.7712,1.7717,1.7697,1.7662,1.7615,1.7563,1.7509,1.7457,1.7409,1.5516,1.4863,1.3973,1.2731,1.0958,0.8395,0.4847,0.1006,-0.0152,0.3125,0.752,1.0757,1.2846,1.4197,1.5076,1.5582,1.5676,1.5293,1.4735,1.4786,1.5516,1.6327,1.6934,1.733,1.7573,1.771,1.7776,1.7792,1.7775,1.7733,1.7676,1.7609,1.7538,1.7468,1.7402,1.7344,1.5855,1.5246,1.4395,1.3164,1.1315,0.8436,0.3908,-0.2118,-0.453,0.0963,0.7023,1.0741,1.2931,1.4298,1.5197,1.574,1.5815,1.5175,1.4132,1.4194,1.5357,1.644,1.7138,1.7541,1.776,1.7865,1.7897,1.7882,1.7834,1.7763,1.7678,1.7586,1.7493,1.7404,1.7324,1.7255,1.6317,1.5815,1.5103,1.4058,1.2466,0.9971,0.6092,0.1076,-0.0802,0.3536,0.8216,1.1289,1.321,1.444,1.5319,1.597,1.6248,1.5838,1.4952,1.5001,1.6043,1.6988,1.7563,1.7866,1.8007,1.805,1.8032,1.7974,1.7888,1.7782,1.7664,1.7542,1.7422,1.7312,1.7215,1.7135,1.688,1.6536,1.605,1.5335,1.4247,1.2566,1.0121,0.7364,0.5971,0.6945,0.9403,1.1851,1.3464,1.4447,1.5281,1.6161,1.6902,1.7171,1.7,1.7038,1.7478,1.7912,1.8169,1.8276,1.8291,1.8249,1.8169,1.806,1.7929,1.7781,1.7624,1.7466,1.7315,1.7179,1.7065,1.6975,1.7501,1.7346,1.7136,1.6834,1.6357,1.5511,1.3866,1.0677,0.592,0.4422,0.854,1.2086,1.351,1.4001,1.4765,1.612,1.7651,1.8792,1.924,1.9215,1.9081,1.8951,1.8825,1.8698,1.857,1.8436,1.8291,1.8129,1.7949,1.7752,1.7548,1.7345,1.7156,1.6991,1.6859,1.6761,1.813,1.8166,1.8241,1.8374,1.8569,1.8715,1.8147,1.4114,0.0586,-0.5716,0.7079,1.2747,1.3264,1.2429,1.3188,1.5675,1.8661,2.1146,2.2057,2.1513,2.0608,1.9883,1.9386,1.9046,1.8795,1.8586,1.8385,1.8172,1.7939,1.7686,1.7422,1.7162,1.6926,1.6727,1.6577,1.6477,1.8715,1.8918,1.9238,1.9752,2.0589,2.1941,2.3889,2.4385,1.2792,0.3681,1.1545,1.4966,1.2914,0.8407,1.0058,1.5078,2.0433,2.5676,2.671,2.4132,2.1874,2.0506,1.9713,1.9239,1.8925,1.8678,1.8442,1.8187,1.7896,1.7572,1.7229,1.6894,1.6595,1.6357,1.6192,1.6101,1.9216,1.9537,2.0019,2.0767,2.1979,2.403,2.7522,3.1802,2.7335,1.8921,1.8016,1.9182,1.6116,0.7082,0.895,1.5879,2.2528,3.2207,3.2403,2.5893,2.2291,2.0542,1.9676,1.9221,1.894,1.8712,1.8471,1.818,1.7821,1.7401,1.6946,1.6502,1.6118,1.5834,1.5664,1.5601,1.961,1.9991,2.0534,2.1329,2.2524,2.4347,2.6949,2.9515,2.7542,2.2747,2.1526,2.3264,2.3005,1.3934,1.5688,1.8911,2.2855,2.8141,2.8809,2.4297,2.1213,1.9751,1.9197,1.8989,1.8864,1.8718,1.8501,1.8175,1.7726,1.7164,1.6537,1.5926,1.5422,1.5088,1.4938,1.4943,1.9895,2.0286,2.0809,2.1516,2.2463,2.3679,2.5,2.5716,2.4845,2.3756,2.3947,2.4101,2.2922,2.6205,2.0432,2.2123,2.4499,2.3671,2.3154,2.1001,1.8745,1.8058,1.8335,1.8632,1.8771,1.8762,1.859,1.8223,1.7639,1.6853,1.5947,1.5068,1.4387,1.4012,1.3938,1.4085,2.0084,2.0453,2.0915,2.1489,2.2176,2.2926,2.3588,2.3928,2.4034,2.4857,2.7008,2.861,2.6216,2.3538,2.2097,2.2519,2.364,2.2174,2.0662,1.8422,1.5427,1.5835,1.7468,1.8363,1.8791,1.8947,1.8837,1.8405,1.7611,1.6467,1.509,1.3759,1.2818,1.2451,1.2581,1.3001,2.0199,2.053,2.0924,2.138,2.1883,2.2392,2.2848,2.3242,2.378,2.4947,2.6693,2.6623,2.5192,2.4291,2.2666,2.1935,2.1498,2.0311,1.9072,1.7729,1.4996,1.5568,1.738,1.8428,1.9057,1.9415,1.9388,1.8843,1.7727,1.6018,1.3851,1.1744,1.0438,1.0241,1.0827,1.1721,2.0259,2.0551,2.0883,2.1251,2.1641,2.2034,2.2418,2.2824,2.3351,2.4074,2.4704,2.4667,2.4424,2.4118,2.2587,2.1732,2.0707,1.8746,1.7299,1.8107,1.7527,1.7389,1.8035,1.8798,1.9605,2.03,2.0392,1.963,1.8064,1.5573,1.2179,0.8803,0.7064,0.7401,0.8824,1.0404,2.028,2.0536,2.0817,2.1121,2.1438,2.1761,2.2089,2.2438,2.2829,2.3232,2.3506,2.3517,2.3332,2.2831,2.2174,2.2033,2.0788,1.9004,1.815,1.9146,1.8827,1.8424,1.852,1.9124,2.0213,2.1436,2.1655,2.056,1.8589,1.533,1.0486,0.5488,0.3412,0.4677,0.7131,0.9397,2.0274,2.0497,2.0738,2.0992,2.1256,2.1523,2.1794,2.2069,2.234,2.2575,2.2709,2.269,2.2507,2.2179,2.1959,2.1812,2.0832,1.9891,2.0243,2.0654,1.9384,1.8526,1.8374,1.9025,2.0351,2.1716,2.196,2.1109,1.9193,1.5625,1.007,0.4259,0.2064,0.3766,0.6614,0.9105,2.0249,2.0443,2.065,2.0865,2.1084,2.1304,2.1522,2.173,2.1917,2.2059,2.2123,2.2085,2.1941,2.1727,2.1507,2.1184,2.0585,2.0042,2.0005,1.9903,1.8791,1.7505,1.7166,1.8179,1.9932,2.1577,2.2694,2.2095,1.9961,1.6516,1.1635,0.6732,0.4574,0.5502,0.7624,0.9674,2.021,2.0379,2.0556,2.0738,2.092,2.11,2.1271,2.1427,2.1556,2.1642,2.1667,2.162,2.1499,2.1316,2.1079,2.0748,2.0305,1.9851,1.945,1.8787,1.7238,1.4949,1.4353,1.6456,1.9176,2.1717,2.3594,2.2739,2.0388,1.7409,1.3814,1.04,0.8514,0.8497,0.9539,1.0837,2.0161,2.0308,2.046,2.0613,2.0764,2.0909,2.1042,2.1158,2.1246,2.1297,2.1298,2.1244,2.113,2.0959,2.0727,2.0419,2.0032,1.9572,1.8979,1.7976,1.6021,1.3121,1.2378,1.514,1.8215,2.0578,2.1881,2.1506,1.9946,1.7821,1.5402,1.3151,1.1676,1.1218,1.1517,1.2173,2.0105,2.0233,2.0362,2.0491,2.0615,2.0731,2.0835,2.092,2.0979,2.1005,2.0991,2.093,2.082,2.0657,2.0438,2.0153,1.9793,1.9334,1.8702,1.7722,1.6178,1.4386,1.3998,1.5634,1.7722,1.9331,2.0165,2.0072,1.921,1.787,1.6314,1.4838,1.3748,1.3203,1.3143,1.3394]},{"header":{"la1":42.85,"la2":41.18,"lo1":11.55,"lo2":14.05,"nx":36,"ny":24,"dx":0.07143,"dy":0.07261,"parameterCategory":2,"parameterNumber":3,"parameterNumberName":"northward_wind","parameterUnit":"m.s-1"},"data":[0.4442,0.4055,0.3628,0.3173,0.2708,0.2268,0.19,0.1651,0.1547,0.158,0.17,0.184,0.1938,0.1955,0.1877,0.1716,0.1511,0.1323,0.1221,0.1261,0.1463,0.181,0.2257,0.2756,0.3269,0.3769,0.4241,0.468,0.5083,0.545,0.5785,0.6089,0.6365,0.6615,0.6841,0.7046,0.4381,0.393,0.3414,0.2839,0.2223,0.1614,0.1088,0.074,0.0636,0.0767,0.1041,0.1332,0.1533,0.1584,0.1467,0.1198,0.0836,0.0478,0.025,0.0258,0.0532,0.1021,0.1637,0.2298,0.2947,0.3555,0.4111,0.4613,0.5063,0.5466,0.5828,0.6153,0.6444,0.6706,0.6941,0.7152,0.4364,0.3847,0.323,0.2502,0.1673,0.0794,-0.0014,-0.0562,-0.068,-0.036,0.0206,0.0764,0.1136,0.1243,0.1068,0.0632,0.0006,-0.0654,-0.1109,-0.1147,-0.0725,0.0024,0.0913,0.1805,0.2631,0.3368,0.4015,0.4582,0.5078,0.5516,0.5902,0.6245,0.655,0.6822,0.7063,0.7279,0.4411,0.3836,0.3116,0.2213,0.1101,-0.0199,-0.1527,-0.251,-0.2695,-0.1994,-0.0862,0.0158,0.0791,0.0976,0.0722,0.0042,-0.101,-0.2216,-0.3107,-0.3198,-0.2441,-0.1209,0.0112,0.1321,0.236,0.3236,0.3974,0.4601,0.5139,0.5606,0.6013,0.637,0.6686,0.6965,0.7212,0.7429,0.4546,0.3935,0.3134,0.2064,0.0624,-0.1269,-0.3524,-0.5496,-0.5935,-0.4405,-0.2155,-0.0392,0.0578,0.0845,0.0496,-0.0489,-0.2169,-0.4348,-0.6107,-0.6222,-0.4705,-0.2604,-0.0657,0.0933,0.2192,0.3197,0.4012,0.4687,0.5256,0.5743,0.6165,0.6533,0.6855,0.7139,0.7388,0.7606,0.4785,0.4178,0.3352,0.2186,0.0484,-0.2051,-0.5675,-0.9697,-1.0939,-0.7588,-0.3346,-0.0648,0.0609,0.0907,0.0467,-0.0787,-0.3175,-0.6826,-1.0198,-1.0206,-0.7184,-0.3805,-0.1156,0.0775,0.2201,0.3289,0.4149,0.485,0.5434,0.5932,0.6361,0.6734,0.706,0.7345,0.7593,0.7809,0.5137,0.4587,0.3822,0.2707,0.0989,-0.1805,-0.6439,-1.2907,-1.5558,-0.9554,-0.3375,-0.0252,0.096,0.1158,0.0665,-0.0641,-0.3323,-0.8066,-1.3146,-1.2942,-0.8371,-0.4066,-0.1067,0.0981,0.2441,0.3538,0.4397,0.5095,0.5678,0.6174,0.6603,0.6976,0.7302,0.7586,0.7832,0.8043,0.5589,0.5149,0.454,0.365,0.2275,0.0022,-0.3742,-0.9045,-1.1074,-0.5972,-0.1242,0.0892,0.1541,0.1475,0.0976,-0.0071,-0.2172,-0.5957,-1.0151,-1.0161,-0.647,-0.2852,-0.0249,0.158,0.2916,0.3937,0.4749,0.5417,0.5981,0.6466,0.6889,0.7259,0.7582,0.7863,0.8105,0.8309,0.6113,0.582,0.543,0.4887,0.4089,0.2882,0.1142,-0.0699,-0.099,0.0563,0.1858,0.2251,0.2032,0.1581,0.1107,0.0499,-0.0588,-0.2389,-0.4238,-0.4426,-0.2804,-0.0743,0.1038,0.2448,0.3558,0.4449,0.5183,0.5801,0.6335,0.6803,0.7217,0.7583,0.7903,0.8181,0.8416,0.8611,0.6667,0.6531,0.6378,0.62,0.5985,0.5705,0.5328,0.4936,0.4846,0.4789,0.4166,0.3186,0.2027,0.1073,0.0666,0.058,0.0336,-0.02,-0.0693,-0.0644,0.0092,0.1203,0.2352,0.3385,0.4269,0.502,0.5663,0.6224,0.6724,0.7174,0.7582,0.7947,0.8268,0.8542,0.8771,0.8954,0.721,0.7216,0.7269,0.7401,0.7651,0.8037,0.8407,0.8137,0.6684,0.6113,0.5368,0.3519,0.122,-0.0619,-0.0758,0.0023,0.0419,0.0305,0.0335,0.0845,0.165,0.2552,0.3437,0.4246,0.4963,0.5593,0.6152,0.6659,0.7129,0.7569,0.7979,0.8352,0.868,0.8956,0.9177,0.9345,0.7705,0.7822,0.8025,0.8369,0.8934,0.9816,1.1015,1.1698,0.9208,0.7067,0.6021,0.3686,-0.0054,-0.4278,-0.3307,-0.0769,0.0016,-0.0762,-0.0678,0.0879,0.2347,0.3431,0.4275,0.4981,0.559,0.6126,0.6612,0.7074,0.7527,0.7974,0.8406,0.8805,0.9153,0.9435,0.9648,0.9794,0.8134,0.832,0.8607,0.905,0.9741,1.0819,1.2442,1.4172,1.2616,0.9238,0.6914,0.4756,0.1262,-0.5504,-0.4241,-0.0633,-0.0315,-0.3131,-0.3005,0.0657,0.2891,0.4103,0.4923,0.5579,0.6122,0.6581,0.7002,0.743,0.7889,0.8375,0.8864,0.9319,0.9707,1.0003,1.0202,1.0315,0.8492,0.8709,0.902,0.9463,1.0098,1.0998,1.2177,1.3255,1.2447,1.0108,0.8274,0.6259,0.4797,-0.3273,0.0359,0.0367,-0.0756,-0.1405,-0.0877,0.2056,0.3712,0.4548,0.5319,0.6015,0.6533,0.6912,0.7259,0.7668,0.8174,0.8757,0.9363,0.9925,1.0382,1.0697,1.0869,1.0925,0.8784,0.9008,0.9303,0.9691,1.0188,1.0791,1.1412,1.1754,1.1438,1.1023,1.1052,1.0529,0.8551,1.2262,0.4868,-0.0965,-0.7025,-0.0088,0.3308,0.4363,0.3728,0.3913,0.5225,0.6281,0.6803,0.7033,0.7264,0.7681,0.8318,0.9105,0.9933,1.0682,1.1247,1.1576,1.1688,1.1643,0.9024,0.9241,0.9508,0.9833,1.021,1.0616,1.099,1.1262,1.1547,1.2385,1.3947,1.8029,1.525,1.1447,0.83,0.2168,-0.2845,0.4107,0.8284,0.6177,-0.0015,0.1024,0.4836,0.6569,0.6905,0.6742,0.6758,0.7276,0.8232,0.9418,1.0637,1.1697,1.2415,1.2723,1.2696,1.2476,0.9227,0.9433,0.9675,0.9953,1.0263,1.0592,1.093,1.1311,1.1891,1.2916,1.4124,1.5782,1.862,1.9459,1.3224,1.0043,0.9825,1.4931,1.8514,1.167,0.0011,0.1437,0.5968,0.7263,0.6654,0.5511,0.5175,0.613,0.7831,0.973,1.1581,1.3125,1.4033,1.4213,1.3902,1.3396,0.9404,0.9599,0.9824,1.0077,1.0358,1.0667,1.1018,1.1456,1.2062,1.2898,1.3923,1.5517,1.9347,2.0239,1.6921,1.6489,1.7727,2.6715,3.5381,2.3344,1.2771,0.9366,0.9277,0.8276,0.5578,0.2254,0.1453,0.3943,0.7205,1.0142,1.2841,1.5072,1.6156,1.5993,1.5198,1.4302,0.9561,0.975,0.9964,1.0204,1.0473,1.0778,1.1136,1.1577,1.2138,1.2851,1.3753,1.5004,1.6604,1.7751,2.0498,2.1906,2.0886,2.751,3.2986,2.8761,2.1597,1.5841,1.2563,0.9329,0.3999,-0.3481,-0.4978,0.161,0.7086,1.0808,1.4189,1.7127,1.829,1.7602,1.6256,1.4998,0.9702,0.9887,1.0095,1.0328,1.0591,1.0893,1.1246,1.1669,1.2184,1.2813,1.3586,1.4548,1.5723,1.736,2.0155,2.1255,2.1195,2.5324,3.2352,3.4916,2.5779,1.9084,1.5053,1.1126,0.5232,-0.3726,-0.5564,0.4169,0.8968,1.181,1.4891,1.7901,1.903,1.8142,1.6632,1.5279,0.983,1.0011,1.0215,1.0444,1.0702,1.0997,1.1338,1.1739,1.2213,1.2778,1.3454,1.4271,1.5286,1.6604,1.8132,1.9207,2.0481,2.3625,2.8331,2.9413,2.4329,2.0058,1.7409,1.4165,1.0432,0.9337,1.4838,1.4552,1.2745,1.3019,1.4727,1.6835,1.7813,1.7321,1.6209,1.5102,0.9944,1.0123,1.0323,1.0547,1.0799,1.1085,1.1412,1.179,1.2229,1.2741,1.3341,1.4051,1.4898,1.5892,1.6958,1.8017,1.9342,2.1264,2.3182,2.3374,2.1745,2.101,2.0563,1.7556,1.4723,1.6343,2.1569,1.9146,1.5241,1.3978,1.4398,1.5428,1.6082,1.5973,1.5372,1.4635,1.0047,1.0223,1.0419,1.0637,1.0882,1.1157,1.1469,1.1824,1.2229,1.2695,1.323,1.3847,1.4554,1.5346,1.62,1.7118,1.8163,1.9318,2.0251,2.0548,2.0687,2.2029,2.2558,1.9457,1.6561,1.6551,1.8029,1.7328,1.5427,1.4327,1.4184,1.4528,1.4844,1.4845,1.4549,1.41,1.0137,1.031,1.0501,1.0713,1.0949,1.1213,1.1508,1.184,1.2215,1.2637,1.3115,1.3651,1.425,1.4906,1.5611,1.6361,1.7154,1.7934,1.858,1.9061,1.9701,2.0759,2.0868,1.8947,1.6881,1.6076,1.606,1.5692,1.4897,1.4251,1.3995,1.4021,1.4106,1.4084,1.3911,1.3628]}]