docs/data/wind_grid.json
[{"header":{"la1":42.85,"la2":41.18,"lo1":11.55,"lo2":14.05,"nx":36,"ny":24,"dx":0.07143,"dy":0.07261,"parameterCategory":2,"parameterNumber":2,"parameterNumberName":"eastward_wind","parameterUnit":"m.s-1"},"data":[1.5611,1.5677,1.5733,1.5772,1.5779,1.5731,1.56,1.535,1.495,1.4382,1.3649,1.2764,1.1751,1.0631,0.9435,0.8207,0.7022,0.5987,0.5215,0.479,0.4726,0.4964,0.5408,0.5958,0.6536,0.7093,0.7604,0.8056,0.8448,0.8785,0.9071,0.9313,0.9517,0.9691,0.9839,0.9967,1.5863,1.5972,1.6081,1.6185,1.6269,1.6306,1.6254,1.6055,1.5652,1.5015,1.415,1.3087,1.1859,1.0485,0.8983,0.739,0.5801,0.4383,0.3349,0.2862,0.294,0.3454,0.4216,0.506,0.588,0.6623,0.7269,0.7817,0.8277,0.8658,0.8974,0.9235,0.9451,0.963,0.9781,0.991,1.6116,1.6272,1.6443,1.6628,1.6817,1.6985,1.7071,1.698,1.6601,1.5874,1.4826,1.3531,1.2041,1.0367,0.8488,0.6402,0.4202,0.2153,0.0676,0.0123,0.0512,0.1535,0.2815,0.4087,0.5224,0.6187,0.6981,0.7627,0.815,0.8571,0.8909,0.9182,0.9403,0.9583,0.9732,0.9858,1.6362,1.6566,1.6803,1.708,1.7403,1.7758,1.8081,1.8209,1.7907,1.7042,1.571,1.4098,1.2304,1.0304,0.8,0.5278,0.2153,-0.0997,-0.3298,-0.3896,-0.2813,-0.084,0.1263,0.312,0.4637,0.5838,0.6777,0.7511,0.8084,0.8531,0.8882,0.9157,0.9375,0.9549,0.9691,0.9809,1.6589,1.6838,1.7138,1.7508,1.7977,1.8573,1.9269,1.9832,1.9725,1.8597,1.678,1.4741,1.2623,1.0328,0.7622,0.4183,-0.0255,-0.5341,-0.9282,-0.982,-0.7189,-0.3523,-0.0236,0.2321,0.4229,0.5644,0.67,0.7494,0.8094,0.8549,0.8896,0.9161,0.9365,0.9525,0.9653,0.9759,1.679,1.7076,1.7425,1.7868,1.8458,1.9288,2.0455,2.1771,2.2092,2.0428,1.7841,1.5317,1.2931,1.0455,0.7512,0.3507,-0.2381,-1.04,-1.743,-1.7598,-1.1965,-0.584,-0.124,0.1937,0.413,0.5674,0.6784,0.7594,0.8189,0.8628,0.8952,0.9192,0.9371,0.9507,0.9614,0.9704,1.6959,1.7271,1.765,1.8128,1.8767,1.9688,2.1113,2.3091,2.3927,2.1609,1.8414,1.5631,1.3139,1.0658,0.7776,0.3749,-0.2723,-1.2942,-2.3286,-2.2924,-1.4264,-0.6395,-0.1161,0.2206,0.4439,0.5971,0.7049,0.7819,0.8371,0.8765,0.9045,0.9242,0.9383,0.9485,0.9565,0.9634,1.7092,1.742,1.7813,1.8293,1.8902,1.9716,2.0853,2.227,2.2737,2.0937,1.8301,1.5661,1.318,1.0825,0.8299,0.4951,-0.0334,-0.8687,-1.7375,-1.7557,-1.0702,-0.4203,0.0249,0.3183,0.5161,0.6527,0.7486,0.816,0.8629,0.895,0.9163,0.9301,0.9389,0.9448,0.9494,0.9538,1.719,1.7528,1.7926,1.8398,1.8963,1.9642,2.0436,2.1204,2.1473,2.0635,1.8465,1.5648,1.2984,1.0732,0.8696,0.6348,0.3041,-0.1483,-0.5762,-0.656,-0.3848,-0.0374,0.2507,0.4643,0.6183,0.7282,0.8057,0.8591,0.8945,0.9165,0.9289,0.9349,0.9371,0.9377,0.9383,0.94,1.7252,1.7596,1.8,1.8474,1.9032,1.9693,2.0524,2.1743,2.3496,2.3512,1.9849,1.5644,1.2346,1.0044,0.8517,0.7094,0.5179,0.2897,0.1064,0.056,0.1486,0.3131,0.4817,0.6242,0.7343,0.815,0.8713,0.9079,0.9291,0.9387,0.94,0.9363,0.9304,0.9248,0.921,0.9201,1.7278,1.7624,1.8033,1.8519,1.91,1.9798,2.0694,2.2349,2.7158,2.9545,2.1414,1.5163,1.0978,0.8276,0.7419,0.6991,0.5606,0.3677,0.2719,0.3146,0.426,0.5551,0.6757,0.7756,0.8518,0.9058,0.9404,0.9588,0.9637,0.9585,0.9463,0.9308,0.9153,0.9024,0.8942,0.8913,1.7263,1.7604,1.8011,1.8504,1.9107,1.9832,2.0628,2.1387,2.3925,2.562,1.9549,1.4164,0.9343,0.4708,0.5324,0.656,0.4773,0.0666,-0.0091,0.2831,0.5469,0.7226,0.8385,0.9157,0.966,0.9961,1.0095,1.0085,0.9952,0.9725,0.9439,0.9138,0.8867,0.8659,0.8537,0.8502,1.7207,1.7531,1.7919,1.8394,1.8985,1.9717,2.0541,2.1099,2.0952,1.9983,1.7084,1.4423,1.0965,0.3652,0.47,0.7035,0.4112,-0.5698,-0.5805,0.2164,0.6667,0.8887,0.9984,1.0524,1.0772,1.0838,1.0757,1.0543,1.0206,0.9769,0.9277,0.879,0.8375,0.8083,0.7935,0.7923,1.7111,1.7405,1.7753,1.8173,1.8688,1.9319,2.0036,2.0615,2.0137,1.8335,1.6413,1.5754,1.5358,1.1891,0.9823,0.8878,0.6515,0.0101,-0.073,0.5249,0.9282,1.1139,1.1779,1.1913,1.1848,1.1667,1.1371,1.0943,1.0372,0.9674,0.8907,0.8168,0.7571,0.7195,0.7058,0.7124,1.6982,1.7235,1.7526,1.7862,1.8247,1.867,1.906,1.9179,1.8615,1.7601,1.682,1.5967,1.5143,1.6721,1.2644,0.9843,0.818,0.7874,0.8026,1.0634,1.3265,1.405,1.3719,1.3256,1.2839,1.2417,1.192,1.1278,1.0438,0.9398,0.8236,0.7129,0.6287,0.5847,0.5802,0.6049,1.6832,1.7039,1.7266,1.751,1.776,1.7985,1.8112,1.8026,1.7719,1.7697,1.8856,1.7188,1.6033,1.4849,1.3434,1.1159,0.9536,1.118,1.2861,1.4817,1.712,1.6772,1.5348,1.4361,1.3655,1.3048,1.2402,1.1569,1.0422,0.891,0.7142,0.5448,0.4266,0.3834,0.4055,0.4659,1.6671,1.6834,1.7002,1.7168,1.7315,1.7417,1.7434,1.7348,1.7262,1.7546,1.8504,1.7141,1.4787,1.3854,1.4311,1.3929,1.3849,1.5445,1.7052,1.7187,1.7784,1.7406,1.6159,1.509,1.4233,1.3534,1.2845,1.1884,1.0394,0.8222,0.5479,0.2802,0.1152,0.0942,0.1763,0.2995,1.651,1.6635,1.6757,1.6865,1.6948,1.6988,1.6973,1.6911,1.6862,1.6901,1.6839,1.6047,1.4449,1.4192,1.6176,1.7102,1.7148,1.9347,2.1418,1.967,1.8374,1.7565,1.6636,1.5567,1.4564,1.3857,1.3307,1.231,1.0458,0.744,0.3214,-0.1066,-0.328,-0.2794,-0.0871,0.1272,1.6357,1.6453,1.654,1.661,1.6657,1.667,1.6647,1.6595,1.6532,1.6453,1.6274,1.5916,1.5634,1.6464,1.9842,2.1153,1.9129,2.0356,2.1923,2.262,2.0656,1.8763,1.7386,1.6026,1.4705,1.4004,1.3803,1.2754,1.0623,0.6851,0.0926,-0.5399,-0.8067,-0.6383,-0.3104,-0.0048,1.6217,1.629,1.6354,1.6401,1.6429,1.6432,1.6411,1.6369,1.6313,1.6241,1.6153,1.6105,1.6347,1.7432,1.9754,2.0571,1.9638,2.1058,2.5441,2.733,2.2744,2.009,1.8495,1.6758,1.4907,1.397,1.3826,1.263,1.072,0.6897,0.0291,-0.7002,-0.9829,-0.7583,-0.3779,-0.0413,1.6091,1.6148,1.6196,1.6231,1.625,1.6253,1.6239,1.6213,1.6182,1.6156,1.616,1.6263,1.6603,1.7344,1.8354,1.8951,1.9376,2.0883,2.3614,2.4514,2.2563,2.1455,2.0522,1.8278,1.5458,1.3343,1.1925,1.1708,1.0776,0.7689,0.2188,-0.3826,-0.6548,-0.5282,-0.2414,0.0381,1.5978,1.6025,1.6064,1.6092,1.6109,1.6115,1.6113,1.6105,1.6103,1.6119,1.618,1.6332,1.6637,1.7122,1.7708,1.8268,1.8939,2.0012,2.1291,2.1998,2.2526,2.4278,2.461,2.0988,1.651,1.2989,1.1043,1.1322,1.093,0.8724,0.4956,0.0932,-0.136,-0.1284,0.0181,0.1988,1.5878,1.5918,1.5951,1.5977,1.5996,1.6008,1.6016,1.6027,1.6048,1.6092,1.6181,1.6341,1.6597,1.6955,1.7391,1.7888,1.8496,1.9274,2.0159,2.1166,2.3041,2.6538,2.7544,2.3006,1.7804,1.4131,1.229,1.1845,1.1226,0.9628,0.7188,0.4628,0.2891,0.2409,0.29,0.3853,1.5789,1.5825,1.5855,1.5881,1.5902,1.592,1.5939,1.5963,1.6001,1.6062,1.6161,1.6314,1.6533,1.6822,1.7177,1.76,1.8112,1.8734,1.9498,2.0555,2.2291,2.4557,2.4943,2.2039,1.8265,1.5336,1.3565,1.2588,1.1691,1.0415,0.8766,0.7082,0.5804,0.5189,0.5191,0.5593]},{"header":{"la1":42.85,"la2":41.18,"lo1":11.55,"lo2":14.05,"nx":36,"ny":24,"dx":0.07143,"dy":0.07261,"parameterCategory":2,"parameterNumber":3,"parameterNumberName":"northward_wind","parameterUnit":"m.s-1"},"data":[0.618,0.6301,0.6438,0.6588,0.6745,0.6898,0.7032,0.7128,0.7177,0.7179,0.715,0.7108,0.7071,0.7046,0.7035,0.7032,0.7028,0.7008,0.6957,0.6861,0.6715,0.6524,0.6301,0.6061,0.5816,0.5575,0.5344,0.5127,0.4924,0.4736,0.4563,0.4405,0.426,0.4129,0.401,0.3903,0.6197,0.6335,0.6498,0.6686,0.6893,0.7107,0.7299,0.7434,0.7489,0.7464,0.739,0.7308,0.7245,0.7214,0.7213,0.7235,0.7265,0.7282,0.7256,0.7161,0.6987,0.6748,0.6468,0.6172,0.5878,0.5597,0.5334,0.5092,0.4869,0.4666,0.4481,0.4313,0.4161,0.4025,0.3902,0.3794,0.6196,0.635,0.6541,0.6776,0.7055,0.7364,0.766,0.7873,0.7938,0.7852,0.7686,0.7526,0.7422,0.7383,0.7399,0.7459,0.7547,0.7631,0.7656,0.7567,0.7346,0.7026,0.6659,0.6285,0.5929,0.5601,0.5303,0.5035,0.4792,0.4574,0.4378,0.4202,0.4044,0.3903,0.3778,0.3668,0.6171,0.6336,0.6552,0.6839,0.7212,0.7672,0.8165,0.8547,0.8641,0.8416,0.8054,0.7753,0.7588,0.7543,0.7586,0.7701,0.7881,0.8089,0.8219,0.8142,0.7827,0.7365,0.6863,0.6386,0.5956,0.5576,0.5243,0.4949,0.4689,0.4458,0.4253,0.4069,0.3906,0.3762,0.3635,0.3525,0.6115,0.6281,0.6511,0.684,0.7318,0.7994,0.8848,0.9628,0.9821,0.9262,0.8482,0.7949,0.772,0.7688,0.777,0.7949,0.8255,0.8682,0.9032,0.8972,0.8455,0.7743,0.7047,0.6443,0.5934,0.5506,0.5142,0.4827,0.4554,0.4313,0.41,0.3912,0.3745,0.3599,0.3472,0.3362,0.6027,0.6176,0.6394,0.6731,0.728,0.8185,0.9592,1.1243,1.177,1.0413,0.8829,0.8013,0.7786,0.7823,0.7956,0.8176,0.8598,0.9342,1.0106,1.0054,0.914,0.8054,0.7134,0.641,0.5838,0.5375,0.499,0.4664,0.4382,0.4135,0.3918,0.3727,0.3558,0.3412,0.3285,0.3178,0.5908,0.602,0.619,0.6471,0.6975,0.7932,0.9748,1.253,1.3717,1.106,0.8621,0.7791,0.7783,0.7992,0.8182,0.8368,0.8762,0.9682,1.0867,1.0796,0.9451,0.8068,0.7015,0.6236,0.5641,0.5168,0.478,0.4453,0.417,0.3923,0.3705,0.3512,0.3343,0.3197,0.3072,0.2969,0.5768,0.5827,0.5915,0.6067,0.6363,0.6986,0.8307,1.0543,1.1442,0.8973,0.7251,0.7221,0.7803,0.8319,0.8559,0.8593,0.8692,0.9228,1.0092,1.0007,0.8832,0.759,0.6623,0.5894,0.5332,0.4882,0.451,0.4194,0.3919,0.3675,0.3459,0.3266,0.3096,0.2951,0.2829,0.2731,0.5624,0.5625,0.5618,0.5604,0.5596,0.5617,0.5696,0.569,0.4987,0.4082,0.4777,0.6516,0.8099,0.9035,0.9275,0.9015,0.8611,0.8422,0.8475,0.8261,0.7567,0.6741,0.6008,0.5408,0.4922,0.4521,0.4184,0.389,0.3629,0.3393,0.3178,0.2985,0.2814,0.267,0.2552,0.2461,0.5496,0.5447,0.5359,0.5206,0.4946,0.4477,0.3536,0.1473,-0.2135,-0.3064,0.1519,0.616,0.9074,1.0477,1.0579,0.9781,0.8679,0.776,0.7191,0.6786,0.6327,0.5801,0.5285,0.4827,0.4436,0.4103,0.3812,0.355,0.3306,0.3077,0.2863,0.2666,0.2492,0.2347,0.2233,0.2152,0.5398,0.5319,0.5186,0.4967,0.461,0.4013,0.2892,-0.0015,-0.8891,-1.3212,-0.0985,0.6996,1.1101,1.304,1.2731,1.0879,0.87,0.6955,0.6005,0.5592,0.527,0.4904,0.4531,0.4193,0.39,0.3644,0.3409,0.3184,0.2959,0.2733,0.2512,0.2304,0.2121,0.1972,0.1863,0.1795,0.5335,0.5251,0.5114,0.49,0.4587,0.4169,0.3709,0.2922,-0.2589,-0.6565,0.2374,0.9435,1.3702,1.688,1.5648,1.1921,0.8218,0.5302,0.4375,0.4453,0.4322,0.4033,0.3748,0.3518,0.3332,0.3165,0.2995,0.2809,0.2598,0.2366,0.2124,0.189,0.1686,0.1529,0.1426,0.1378,0.5307,0.5235,0.5123,0.4959,0.4743,0.4519,0.4472,0.4849,0.402,0.3451,0.741,1.2447,1.4941,1.8048,1.6723,1.1729,0.7206,0.2959,0.2676,0.3536,0.3409,0.3092,0.2888,0.2796,0.2748,0.2692,0.2598,0.2449,0.224,0.198,0.1691,0.1407,0.1164,0.0991,0.09,0.0884,0.5303,0.5255,0.5183,0.5083,0.496,0.4842,0.4787,0.4827,0.4956,0.6243,0.942,1.4789,1.6366,1.4711,1.3262,0.9685,0.6329,0.3857,0.3096,0.2898,0.2274,0.1889,0.1879,0.2029,0.2181,0.2267,0.2259,0.2141,0.191,0.1583,0.12,0.0821,0.0511,0.0316,0.025,0.0292,0.531,0.5291,0.5261,0.5224,0.5187,0.5167,0.5196,0.5352,0.5906,0.7113,0.8648,1.0686,1.2303,1.2848,1.0984,0.6855,0.4381,0.4153,0.2916,0.1601,0.0403,0.0193,0.0713,0.1277,0.17,0.1961,0.2047,0.194,0.1643,0.1183,0.0624,0.0073,-0.0348,-0.0562,-0.0569,-0.0421,0.5318,0.5324,0.5332,0.5347,0.538,0.5453,0.5603,0.5907,0.6447,0.7006,0.6735,0.7961,0.8979,1.0051,0.8587,0.5829,0.4242,0.3018,0.1237,-0.0364,-0.2073,-0.1711,-0.0335,0.0697,0.1421,0.1889,0.207,0.1933,0.1491,0.0785,-0.009,-0.0942,-0.1536,-0.1742,-0.1607,-0.1271,0.5315,0.5341,0.5375,0.5425,0.5502,0.5626,0.5824,0.6125,0.6514,0.6801,0.6666,0.7333,0.7441,0.7101,0.5982,0.4029,0.2333,-0.0074,-0.2019,-0.2024,-0.2533,-0.2116,-0.0751,0.0462,0.1482,0.2229,0.2504,0.2241,0.152,0.04,-0.1015,-0.2388,-0.323,-0.3327,-0.2888,-0.2232,0.5296,0.5333,0.5381,0.5447,0.5539,0.567,0.5851,0.6085,0.6346,0.6562,0.6687,0.673,0.6566,0.5924,0.2142,-0.046,-0.0963,-0.4151,-0.7159,-0.4214,-0.2593,-0.1791,-0.0766,0.0516,0.1965,0.3219,0.358,0.296,0.177,0.0056,-0.2191,-0.4408,-0.5543,-0.5294,-0.4304,-0.3193,0.5259,0.5298,0.5348,0.5413,0.5498,0.5606,0.5739,0.5888,0.6025,0.6103,0.6048,0.5731,0.4879,0.223,-0.5173,-0.7954,-0.3572,-0.4667,-0.6495,-0.5546,-0.3784,-0.2279,-0.1013,0.0543,0.2628,0.4772,0.5192,0.3847,0.2136,-0.0154,-0.3357,-0.663,-0.799,-0.7141,-0.5482,-0.3923,0.5202,0.5238,0.5281,0.5333,0.5396,0.5467,0.5542,0.5603,0.5623,0.5548,0.529,0.4683,0.3355,0.0401,-0.4841,-0.6567,-0.3847,-0.4174,-0.6668,-0.7644,-0.4858,-0.3053,-0.1735,0.0064,0.256,0.5049,0.5507,0.4063,0.2406,-0.0049,-0.368,-0.7452,-0.8882,-0.7758,-0.5854,-0.4157,0.5129,0.5156,0.5186,0.5219,0.5254,0.5284,0.5301,0.5285,0.5206,0.5015,0.463,0.392,0.2675,0.0687,-0.1645,-0.2748,-0.2737,-0.3545,-0.5297,-0.5876,-0.4732,-0.4176,-0.3476,-0.1388,0.1476,0.3677,0.4452,0.4035,0.2645,0.0403,-0.2729,-0.5868,-0.7251,-0.663,-0.5208,-0.381,0.5042,0.5058,0.5072,0.5084,0.5089,0.5081,0.5047,0.4971,0.4823,0.4563,0.4133,0.346,0.2472,0.1192,-0.0116,-0.1062,-0.1735,-0.2587,-0.3585,-0.4239,-0.4982,-0.6802,-0.7174,-0.395,0.007,0.3139,0.4737,0.4197,0.2716,0.0844,-0.1407,-0.3547,-0.4722,-0.4696,-0.3974,-0.3069,0.4947,0.4949,0.4947,0.4938,0.4916,0.4874,0.4802,0.4682,0.4492,0.4203,0.378,0.3188,0.2417,0.1509,0.0585,-0.0243,-0.1001,-0.1799,-0.2663,-0.3695,-0.5587,-0.8894,-0.9821,-0.5818,-0.1304,0.1826,0.3321,0.3214,0.2266,0.0981,-0.048,-0.1842,-0.2724,-0.2961,-0.2708,-0.2217,0.4846,0.4836,0.4818,0.4789,0.4744,0.4676,0.4576,0.4428,0.4218,0.3924,0.3529,0.3018,0.2396,0.1693,0.0961,0.0241,-0.0472,-0.122,-0.2068,-0.3191,-0.4935,-0.7104,-0.7509,-0.502,-0.1854,0.0503,0.1749,0.2005,0.1618,0.0892,0.0015,-0.0827,-0.1438,-0.1711,-0.1678,-0.1442]}]