docs/data/wind_grid.json
[{"header":{"la1":42.85,"la2":41.18,"lo1":11.55,"lo2":14.05,"nx":36,"ny":24,"dx":0.07143,"dy":0.07261,"parameterCategory":2,"parameterNumber":2,"parameterNumberName":"eastward_wind","parameterUnit":"m.s-1"},"data":[0.2395,0.2224,0.2037,0.1836,0.1627,0.1427,0.1259,0.1151,0.1117,0.115,0.1216,0.1272,0.1279,0.1218,0.1085,0.0896,0.0681,0.0486,0.0362,0.0347,0.0454,0.0665,0.0942,0.1249,0.1557,0.1848,0.2113,0.2351,0.2563,0.2751,0.2918,0.3067,0.32,0.332,0.3427,0.3525,0.2297,0.2098,0.1872,0.1615,0.1332,0.1043,0.0789,0.0628,0.0601,0.0703,0.0868,0.1013,0.107,0.1007,0.0822,0.0536,0.0192,-0.0136,-0.0356,-0.0393,-0.0227,0.0096,0.0501,0.0926,0.1328,0.1689,0.2004,0.2278,0.2514,0.272,0.29,0.3058,0.3199,0.3324,0.3436,0.3536,0.22,0.1972,0.1702,0.1376,0.0987,0.055,0.0129,-0.0154,-0.0181,0.0055,0.0417,0.0727,0.0873,0.0814,0.0555,0.0122,-0.0433,-0.0998,-0.1395,-0.1461,-0.1169,-0.0637,-0.002,0.0575,0.11,0.1543,0.1912,0.2219,0.2478,0.2699,0.289,0.3057,0.3204,0.3334,0.3449,0.3552,0.2104,0.185,0.1539,0.114,0.0612,-0.0065,-0.0815,-0.1394,-0.1461,-0.0943,-0.0179,0.0434,0.072,0.0665,0.0306,-0.0335,-0.1226,-0.2226,-0.2978,-0.308,-0.2498,-0.1563,-0.0601,0.023,0.09,0.1429,0.1846,0.2182,0.2458,0.2691,0.289,0.3063,0.3215,0.3349,0.3467,0.3572,0.2006,0.1732,0.1396,0.0942,0.027,-0.0745,-0.2121,-0.3437,-0.3701,-0.253,-0.0922,0.0202,0.0666,0.0595,0.0107,-0.0787,-0.2166,-0.3966,-0.5484,-0.5605,-0.4327,-0.2633,-0.1161,-0.0045,0.077,0.1368,0.1818,0.2169,0.2453,0.2692,0.2897,0.3075,0.3231,0.3369,0.3489,0.3596,0.1891,0.1602,0.1268,0.082,0.0085,-0.1256,-0.359,-0.659,-0.7566,-0.4811,-0.1582,0.0209,0.0785,0.0618,-0.0027,-0.1138,-0.3028,-0.6082,-0.9206,-0.9228,-0.6438,-0.3566,-0.1512,-0.015,0.0755,0.1378,0.1829,0.2175,0.2458,0.2698,0.2907,0.3091,0.3252,0.3392,0.3515,0.3623,0.1736,0.1416,0.1098,0.0746,0.0169,-0.1131,-0.408,-0.921,-1.1566,-0.6255,-0.1322,0.0745,0.1131,0.0679,-0.0184,-0.1343,-0.3289,-0.7176,-1.2165,-1.1956,-0.7468,-0.3722,-0.1398,0.0006,0.088,0.1455,0.1864,0.2186,0.2459,0.27,0.2916,0.3106,0.3274,0.3419,0.3544,0.3652,0.1507,0.1089,0.0728,0.0516,0.0386,-0.0148,-0.2028,-0.582,-0.7432,-0.2928,0.0793,0.1949,0.166,0.0608,-0.0721,-0.1785,-0.2857,-0.5369,-0.9077,-0.9095,-0.566,-0.2632,-0.0716,0.0427,0.1115,0.1557,0.1884,0.2166,0.2432,0.2683,0.2914,0.3119,0.3296,0.3447,0.3575,0.3683,0.1199,0.0538,-0.0107,-0.0377,0.0106,0.0967,0.134,0.1201,0.1911,0.3592,0.4165,0.3557,0.2268,0.0214,-0.249,-0.3777,-0.2949,-0.2771,-0.3663,-0.3692,-0.2342,-0.0808,0.0305,0.0977,0.1351,0.1587,0.1805,0.2059,0.2343,0.263,0.2896,0.3126,0.3318,0.3476,0.3606,0.3714,0.0887,-0.0188,-0.1591,-0.2685,-0.1713,0.1202,0.3836,0.624,0.9348,1.0439,0.7759,0.5119,0.2997,-0.0023,-0.6329,-0.9477,-0.4101,-0.1182,-0.0402,-0.0116,0.0353,0.0911,0.1305,0.1442,0.1405,0.1374,0.1493,0.1778,0.2152,0.2529,0.286,0.3131,0.3343,0.3508,0.3638,0.3744,0.0768,-0.0677,-0.3038,-0.5949,-0.5021,0.0857,0.5278,0.8648,1.5066,1.8181,1.0395,0.6084,0.3901,0.1685,-0.4652,-0.9292,-0.2694,0.0627,0.1734,0.204,0.2177,0.2236,0.2076,0.1614,0.1002,0.0618,0.0726,0.1218,0.183,0.2385,0.2822,0.3143,0.3374,0.3541,0.3667,0.3767,0.104,-0.033,-0.257,-0.5289,-0.4088,0.2101,0.6358,0.827,1.1661,1.4151,0.9288,0.6191,0.4507,0.3019,0.3791,0.1009,0.1481,0.3009,0.3578,0.3531,0.349,0.3283,0.2617,0.1325,-0.0292,-0.1218,-0.0819,0.0302,0.1411,0.2248,0.2815,0.3182,0.3418,0.3574,0.3687,0.3778,0.1681,0.0806,-0.0296,-0.0938,0.0659,0.4245,0.7029,0.7988,0.823,0.8604,0.7345,0.6372,0.5537,0.5477,0.83,0.4264,0.3528,0.463,0.475,0.4524,0.4623,0.4338,0.3151,0.0627,-0.2941,-0.4819,-0.329,-0.079,0.1081,0.2233,0.2896,0.3265,0.3471,0.3595,0.3685,0.3765,0.2462,0.2088,0.184,0.2122,0.337,0.5265,0.6884,0.7697,0.7674,0.7236,0.6607,0.6919,0.6979,0.5098,0.5257,0.3968,0.3229,0.4231,0.48,0.542,0.6076,0.5861,0.4197,0.0454,-0.5544,-0.8665,-0.5255,-0.1214,0.1222,0.2492,0.3111,0.3391,0.3512,0.3577,0.3637,0.3709,0.3178,0.3108,0.3215,0.3655,0.4495,0.5545,0.6454,0.696,0.7015,0.686,0.6512,0.5516,0.4453,0.2211,0.3976,0.2314,-0.007,0.3231,0.5346,0.7106,0.8715,0.8484,0.6234,0.2338,-0.3158,-0.6101,-0.3349,0.012,0.215,0.3095,0.3445,0.3508,0.3478,0.3462,0.3499,0.3585,0.3747,0.382,0.4028,0.4418,0.4979,0.5605,0.6141,0.649,0.6719,0.7279,0.9102,0.355,0.3426,0.3537,0.3896,0.2862,0.1377,0.4183,0.6705,0.9421,1.3023,1.2104,0.8645,0.5382,0.2306,0.0709,0.147,0.2871,0.3694,0.3915,0.3773,0.3488,0.3247,0.3157,0.3217,0.3366,0.4175,0.4301,0.4515,0.4828,0.5217,0.5622,0.5978,0.6258,0.655,0.7201,0.857,0.5653,0.2614,0.1929,0.4382,0.5189,0.5485,0.6821,0.8305,1.0281,1.3714,1.2801,0.9833,0.77,0.6392,0.5963,0.6004,0.5843,0.5361,0.4682,0.3887,0.312,0.2628,0.2539,0.2738,0.3042,0.4493,0.463,0.4824,0.5071,0.5353,0.5638,0.5892,0.6103,0.6295,0.648,0.6348,0.5104,0.2701,0.2514,0.6595,0.8432,0.8204,0.871,0.9003,1.0219,1.1368,1.1201,1.0103,0.9209,0.9195,1.006,1.013,0.8584,0.6761,0.5159,0.3608,0.2181,0.1416,0.153,0.2078,0.2656,0.473,0.4864,0.5033,0.5232,0.5447,0.5659,0.5849,0.6003,0.6108,0.6122,0.593,0.547,0.5157,0.6625,1.1775,1.368,1.0344,0.9907,1.0445,1.2707,1.216,1.1378,1.0732,1.0369,1.1177,1.399,1.458,1.0667,0.7483,0.5246,0.304,0.08,-0.022,0.0379,0.1449,0.234,0.4914,0.5038,0.5185,0.5351,0.5524,0.5693,0.5845,0.597,0.6056,0.6089,0.6072,0.6113,0.6587,0.8282,1.1658,1.2792,1.0986,1.1555,1.5557,1.746,1.3935,1.2603,1.1997,1.1337,1.1539,1.44,1.5112,0.9771,0.6912,0.5,0.2802,0.0229,-0.0911,-0.0036,0.1267,0.2275,0.5059,0.5175,0.5305,0.5448,0.5595,0.574,0.5875,0.5995,0.6098,0.6194,0.6321,0.6581,0.7171,0.8295,0.9728,1.0466,1.0661,1.1816,1.4247,1.5268,1.4462,1.4809,1.4696,1.2808,1.0596,0.8616,0.5031,0.4979,0.5256,0.4511,0.3181,0.1384,0.0393,0.0818,0.1732,0.2535,0.5179,0.5286,0.5405,0.5532,0.5664,0.5797,0.5927,0.6054,0.6183,0.6331,0.6534,0.6855,0.7371,0.8106,0.8923,0.961,1.0288,1.1333,1.2701,1.3939,1.5885,1.9705,2.0679,1.5905,1.0583,0.5718,0.1379,0.2801,0.383,0.3763,0.3485,0.2745,0.2129,0.2128,0.2529,0.3008,0.528,0.5381,0.5491,0.5609,0.5733,0.586,0.599,0.6127,0.6277,0.6455,0.6688,0.7009,0.7446,0.7997,0.8612,0.9256,0.9988,1.0931,1.2155,1.3941,1.746,2.359,2.534,1.8433,1.1557,0.6824,0.4135,0.3434,0.247,0.2793,0.3423,0.3447,0.3226,0.3149,0.3281,0.3518,0.5366,0.5463,0.5568,0.568,0.5799,0.5924,0.6056,0.62,0.6362,0.6555,0.6794,0.7099,0.748,0.7938,0.8461,0.9051,0.9748,1.0623,1.1804,1.3597,1.6567,2.0367,2.1097,1.6825,1.1734,0.796,0.5512,0.3696,0.2317,0.2679,0.3488,0.3821,0.3843,0.3818,0.3861,0.3969]},{"header":{"la1":42.85,"la2":41.18,"lo1":11.55,"lo2":14.05,"nx":36,"ny":24,"dx":0.07143,"dy":0.07261,"parameterCategory":2,"parameterNumber":3,"parameterNumberName":"northward_wind","parameterUnit":"m.s-1"},"data":[0.167,0.1541,0.1416,0.1302,0.1211,0.1159,0.1173,0.128,0.15,0.1827,0.2233,0.2669,0.3087,0.3448,0.3729,0.3923,0.4039,0.4098,0.4128,0.4155,0.4193,0.4241,0.4293,0.4339,0.4372,0.439,0.4394,0.4385,0.4367,0.4342,0.4313,0.4281,0.4249,0.4217,0.4186,0.4156,0.1426,0.1256,0.1082,0.0907,0.0742,0.0609,0.055,0.062,0.0864,0.1287,0.1835,0.2427,0.2981,0.3439,0.3771,0.397,0.4054,0.406,0.404,0.4042,0.4084,0.4157,0.424,0.4311,0.4361,0.4388,0.4394,0.4383,0.4361,0.4331,0.4297,0.4261,0.4224,0.4189,0.4155,0.4124,0.1169,0.0952,0.0719,0.0467,0.0197,-0.007,-0.0273,-0.0303,-0.0049,0.0519,0.13,0.2134,0.2885,0.3474,0.3863,0.4049,0.4057,0.3954,0.3838,0.3802,0.3873,0.4009,0.4154,0.427,0.4346,0.4384,0.4391,0.4377,0.435,0.4314,0.4274,0.4232,0.4192,0.4153,0.4116,0.4083,0.0901,0.0635,0.034,-0.0001,-0.0407,-0.0882,-0.1359,-0.1637,-0.1424,-0.0609,0.0579,0.1798,0.2832,0.3588,0.4038,0.418,0.404,0.3715,0.3406,0.3322,0.3492,0.3775,0.4037,0.4223,0.4332,0.438,0.4386,0.4366,0.433,0.4287,0.424,0.4193,0.4149,0.4107,0.4068,0.4034,0.0624,0.0308,-0.0045,-0.0468,-0.1021,-0.1778,-0.2741,-0.3596,-0.3579,-0.2279,-0.0343,0.1472,0.288,0.3838,0.435,0.441,0.401,0.3245,0.2523,0.2401,0.2867,0.3462,0.3916,0.4191,0.4331,0.4381,0.4378,0.4346,0.4299,0.4247,0.4193,0.4142,0.4093,0.4049,0.4009,0.3974,0.0334,-0.0033,-0.0432,-0.0903,-0.1553,-0.2581,-0.4223,-0.626,-0.6836,-0.4502,-0.1284,0.1304,0.3127,0.4296,0.4871,0.4833,0.4078,0.2545,0.0945,0.0872,0.2061,0.318,0.3862,0.4208,0.4353,0.4387,0.4363,0.4312,0.4251,0.4189,0.4129,0.4074,0.4022,0.3977,0.3936,0.3902,0.0022,-0.0411,-0.0849,-0.1315,-0.1929,-0.2992,-0.5022,-0.8291,-0.9771,-0.6034,-0.1633,0.1516,0.367,0.5032,0.5679,0.5594,0.4583,0.2293,-0.0463,-0.0383,0.1687,0.3209,0.3978,0.4304,0.4401,0.4388,0.4328,0.4253,0.4178,0.4108,0.4044,0.3986,0.3934,0.3888,0.3849,0.3815,-0.0323,-0.0866,-0.1383,-0.1816,-0.223,-0.2937,-0.4406,-0.6727,-0.7603,-0.4726,-0.1023,0.214,0.4536,0.6082,0.6815,0.6771,0.5836,0.3767,0.13,0.1122,0.2635,0.3771,0.4301,0.4468,0.4452,0.4362,0.4253,0.4153,0.4067,0.3995,0.3932,0.3876,0.3826,0.3781,0.3744,0.3713,-0.0691,-0.1438,-0.218,-0.2682,-0.2782,-0.2862,-0.3481,-0.4522,-0.4974,-0.3748,-0.0718,0.2843,0.5682,0.742,0.8175,0.8176,0.7456,0.6097,0.4653,0.4085,0.433,0.4632,0.4719,0.4629,0.4452,0.4262,0.4104,0.3989,0.3907,0.3844,0.379,0.374,0.3694,0.3653,0.3619,0.3593,-0.1013,-0.207,-0.3324,-0.4307,-0.4056,-0.3136,-0.3195,-0.4698,-0.7529,-0.7707,-0.2214,0.3483,0.7186,0.8996,0.9273,0.9112,0.8697,0.7765,0.6796,0.609,0.5673,0.5371,0.5048,0.4681,0.4317,0.4022,0.3832,0.3733,0.3684,0.3651,0.3617,0.3579,0.3539,0.3502,0.3472,0.3452,-0.1138,-0.2463,-0.4346,-0.6376,-0.5946,-0.3417,-0.2825,-0.4959,-1.3376,-1.7789,-0.4168,0.4799,0.9391,1.129,1.0444,0.9483,0.9465,0.87,0.7898,0.7158,0.646,0.5808,0.5167,0.4526,0.3944,0.3542,0.3372,0.336,0.3395,0.3419,0.3416,0.3391,0.3356,0.3323,0.3298,0.3285,-0.0916,-0.2196,-0.4015,-0.596,-0.5415,-0.2709,-0.1779,-0.2336,-0.7186,-1.0579,-0.0456,0.7454,1.209,1.4917,1.4098,1.1745,1.0277,0.9027,0.8336,0.7679,0.6826,0.5944,0.505,0.4101,0.3202,0.2675,0.2654,0.2866,0.306,0.3166,0.3195,0.3178,0.3143,0.311,0.309,0.3088,-0.0359,-0.1289,-0.2374,-0.3132,-0.2588,-0.1331,-0.0916,-0.0983,-0.1156,-0.0119,0.493,1.0116,1.3386,1.643,1.6005,1.3085,1.087,0.8499,0.8209,0.7842,0.6838,0.5807,0.475,0.3467,0.2028,0.1307,0.1701,0.2336,0.2742,0.2922,0.2965,0.2938,0.289,0.2851,0.2836,0.285,0.0368,-0.0184,-0.0679,-0.0866,-0.0562,-0.0131,-0.013,-0.0457,0.0276,0.3261,0.7378,1.1343,1.3117,2.0346,1.5483,1.3678,1.2506,0.9772,0.8601,0.7665,0.6398,0.5369,0.4399,0.2993,0.1022,0.0065,0.1003,0.2017,0.2535,0.2719,0.2727,0.2656,0.2575,0.2523,0.252,0.2562,0.1104,0.082,0.063,0.0626,0.0818,0.1055,0.1201,0.1498,0.2733,0.4983,0.7293,1.0148,1.3593,1.5988,1.4618,1.4986,1.7558,1.2308,0.8955,0.685,0.5188,0.4486,0.406,0.3082,0.1543,0.072,0.1365,0.2123,0.2484,0.2554,0.2459,0.2297,0.2155,0.209,0.2114,0.2208,0.1771,0.1654,0.1622,0.171,0.1916,0.2207,0.2601,0.3264,0.4341,0.5192,0.3925,0.9087,1.0828,1.2929,1.2706,1.3752,1.5537,1.1393,0.7965,0.5407,0.3019,0.3163,0.3701,0.3362,0.2631,0.2163,0.2233,0.2442,0.2506,0.2383,0.2115,0.1796,0.1557,0.149,0.1585,0.1778,0.2346,0.2334,0.2396,0.255,0.2803,0.3164,0.3663,0.4345,0.5119,0.5414,0.4416,0.7454,1.0517,1.1291,1.0511,1.0217,0.9872,0.7947,0.6076,0.4667,0.2661,0.2916,0.3551,0.3456,0.311,0.2845,0.2733,0.2659,0.2498,0.2164,0.1639,0.1049,0.0662,0.0644,0.0908,0.1278,0.283,0.2886,0.3006,0.3203,0.3489,0.3874,0.4372,0.4977,0.5612,0.6128,0.6698,0.815,1.0229,1.0454,0.773,0.6364,0.654,0.5322,0.4174,0.4404,0.3862,0.3596,0.3546,0.3363,0.3134,0.2978,0.2885,0.2743,0.2459,0.1915,0.1016,-0.0051,-0.0661,-0.0482,0.0121,0.0764,0.3231,0.333,0.3483,0.3703,0.3996,0.4369,0.4823,0.5345,0.5899,0.6457,0.7082,0.7831,0.8325,0.7259,0.2911,0.1234,0.4422,0.4646,0.4092,0.3842,0.3774,0.3534,0.3265,0.3067,0.2966,0.2953,0.2943,0.2787,0.244,0.1732,0.0402,-0.136,-0.2235,-0.1642,-0.0566,0.0365,0.3559,0.3681,0.3851,0.4074,0.4356,0.4697,0.5094,0.5534,0.5994,0.6452,0.6883,0.7187,0.7044,0.5788,0.2968,0.2035,0.3949,0.4272,0.3365,0.2972,0.3252,0.2861,0.2491,0.2487,0.2702,0.2914,0.2949,0.2784,0.2464,0.1753,0.0276,-0.186,-0.2876,-0.2048,-0.0775,0.0249,0.3822,0.3956,0.4128,0.4343,0.4602,0.4903,0.5241,0.56,0.5962,0.6298,0.6559,0.6651,0.6407,0.5653,0.4585,0.4115,0.4304,0.4131,0.3515,0.3112,0.2495,0.1273,0.0719,0.134,0.2201,0.2692,0.2838,0.2782,0.2549,0.202,0.0894,-0.0743,-0.1654,-0.124,-0.0345,0.0469,0.403,0.4166,0.4332,0.4532,0.4763,0.5022,0.5302,0.5589,0.5864,0.6099,0.6253,0.6265,0.607,0.5652,0.514,0.4756,0.4484,0.4084,0.3484,0.2615,0.0825,-0.2078,-0.2939,-0.0629,0.1476,0.2517,0.2884,0.2813,0.2688,0.2419,0.1734,0.0743,0.0049,0.0024,0.0414,0.0902,0.4192,0.4324,0.4479,0.4659,0.4861,0.508,0.5308,0.5534,0.5739,0.5901,0.5991,0.5975,0.5829,0.556,0.522,0.4865,0.4477,0.3964,0.3209,0.1925,-0.0596,-0.4565,-0.5639,-0.2084,0.0833,0.2186,0.2654,0.278,0.2918,0.2792,0.2316,0.1692,0.1202,0.1029,0.1131,0.1373,0.4316,0.444,0.4581,0.4741,0.4914,0.5096,0.5281,0.5455,0.5607,0.5718,0.5768,0.5739,0.5621,0.5415,0.514,0.4805,0.439,0.3837,0.3033,0.1759,-0.0284,-0.2742,-0.3322,-0.1306,0.0779,0.1957,0.2493,0.277,0.2949,0.286,0.2543,0.2159,0.184,0.1676,0.1673,0.1781]}]