docs/data/wind_grid.json
[{"header":{"la1":42.85,"la2":41.18,"lo1":11.55,"lo2":14.05,"nx":36,"ny":24,"dx":0.07143,"dy":0.07261,"parameterCategory":2,"parameterNumber":2,"parameterNumberName":"eastward_wind","parameterUnit":"m.s-1"},"data":[-0.7848,-0.7885,-0.7919,-0.7947,-0.7968,-0.7976,-0.7963,-0.7916,-0.783,-0.7711,-0.7574,-0.7445,-0.7346,-0.7292,-0.7288,-0.733,-0.7401,-0.748,-0.7539,-0.7558,-0.7526,-0.7448,-0.7338,-0.7209,-0.7074,-0.6941,-0.6815,-0.6698,-0.6591,-0.6496,-0.641,-0.6333,-0.6265,-0.6206,-0.6153,-0.6106,-0.7972,-0.8022,-0.807,-0.8117,-0.8163,-0.82,-0.8213,-0.8178,-0.8075,-0.7907,-0.7704,-0.7512,-0.7369,-0.7298,-0.7308,-0.7391,-0.7525,-0.7672,-0.7785,-0.7824,-0.7778,-0.7661,-0.7501,-0.7324,-0.7148,-0.6982,-0.6831,-0.6695,-0.6574,-0.6468,-0.6375,-0.6293,-0.6222,-0.616,-0.6105,-0.6059,-0.8112,-0.8176,-0.8242,-0.8313,-0.8394,-0.8484,-0.8558,-0.8564,-0.8447,-0.82,-0.7881,-0.7581,-0.7367,-0.727,-0.7301,-0.745,-0.7689,-0.7956,-0.8162,-0.8231,-0.8144,-0.7947,-0.7703,-0.7454,-0.7223,-0.7016,-0.6836,-0.6679,-0.6544,-0.6428,-0.6328,-0.6243,-0.6169,-0.6105,-0.605,-0.6003,-0.827,-0.8352,-0.8435,-0.8531,-0.8659,-0.8835,-0.9037,-0.9164,-0.9057,-0.8663,-0.8128,-0.7643,-0.7318,-0.7184,-0.7244,-0.7493,-0.7903,-0.839,-0.8774,-0.8875,-0.8679,-0.8323,-0.7938,-0.7587,-0.7286,-0.7033,-0.6822,-0.6645,-0.6498,-0.6373,-0.6268,-0.618,-0.6104,-0.6041,-0.5986,-0.5941,-0.8456,-0.8557,-0.8655,-0.8766,-0.8936,-0.9231,-0.968,-1.0124,-1.0113,-0.9415,-0.8449,-0.7661,-0.7183,-0.7003,-0.7099,-0.7479,-0.8155,-0.9046,-0.9793,-0.9914,-0.9435,-0.8771,-0.8174,-0.7695,-0.7319,-0.702,-0.6781,-0.6587,-0.6429,-0.6299,-0.6192,-0.6103,-0.6028,-0.5965,-0.5913,-0.5869,-0.8678,-0.8809,-0.8919,-0.9023,-0.9192,-0.958,-1.0394,-1.156,-1.1905,-1.0506,-0.8735,-0.7538,-0.6903,-0.6681,-0.681,-0.7324,-0.8331,-0.9886,-1.1368,-1.1433,-1.0323,-0.9181,-0.8338,-0.7739,-0.7298,-0.6962,-0.6701,-0.6496,-0.6333,-0.6203,-0.6097,-0.601,-0.5938,-0.5878,-0.5829,-0.5788,-0.8955,-0.9141,-0.9277,-0.9347,-0.9417,-0.9717,-1.0702,-1.2729,-1.3727,-1.1206,-0.8574,-0.7119,-0.6418,-0.6178,-0.6317,-0.6899,-0.813,-1.0282,-1.2648,-1.2581,-1.0784,-0.93,-0.8331,-0.7674,-0.72,-0.6844,-0.6574,-0.6366,-0.6207,-0.6082,-0.5982,-0.5901,-0.5834,-0.5779,-0.5734,-0.5697,-0.9299,-0.9601,-0.9829,-0.9881,-0.9735,-0.9624,-1.0037,-1.1352,-1.1907,-0.9674,-0.7506,-0.6321,-0.5719,-0.5483,-0.558,-0.612,-0.7316,-0.9278,-1.1312,-1.1446,-1.0159,-0.8973,-0.8117,-0.749,-0.7016,-0.6657,-0.6389,-0.6191,-0.6044,-0.5933,-0.5846,-0.5775,-0.5716,-0.5667,-0.5627,-0.5596,-0.9698,-1.0224,-1.0726,-1.0923,-1.0504,-0.9678,-0.901,-0.8608,-0.7902,-0.6733,-0.5869,-0.5299,-0.4869,-0.463,-0.4605,-0.4996,-0.6205,-0.785,-0.9174,-0.9559,-0.9139,-0.8456,-0.7788,-0.7211,-0.6744,-0.6389,-0.6136,-0.5963,-0.5844,-0.5758,-0.569,-0.5633,-0.5583,-0.5541,-0.5508,-0.5482,-1.008,-1.0938,-1.2023,-1.2866,-1.2241,-1.0291,-0.8528,-0.6861,-0.4754,-0.371,-0.4237,-0.4306,-0.3923,-0.366,-0.3581,-0.3612,-0.5373,-0.7429,-0.8681,-0.9003,-0.8698,-0.8108,-0.7459,-0.6863,-0.6375,-0.6021,-0.5799,-0.5676,-0.5606,-0.5559,-0.5517,-0.5476,-0.5437,-0.5402,-0.5374,-0.5355,-1.0293,-1.1427,-1.318,-1.5231,-1.4663,-1.1114,-0.871,-0.6627,-0.213,-0.004,-0.3119,-0.3558,-0.2775,-0.2199,-0.2901,-0.3448,-0.5793,-0.877,-1.0192,-0.9883,-0.8943,-0.7983,-0.7142,-0.643,-0.5869,-0.5508,-0.5352,-0.5323,-0.5337,-0.5345,-0.5334,-0.5309,-0.5277,-0.5246,-0.5224,-0.5212,-1.0195,-1.1285,-1.2945,-1.4835,-1.4177,-1.0909,-0.9409,-0.898,-0.5417,-0.2492,-0.3645,-0.3195,-0.1474,0.0904,-0.054,-0.3881,-0.7969,-1.3445,-1.4787,-1.1985,-0.9492,-0.7862,-0.674,-0.5861,-0.5161,-0.478,-0.4765,-0.4917,-0.5057,-0.5132,-0.5149,-0.5132,-0.51,-0.507,-0.5051,-0.5048,-0.9809,-1.0568,-1.1487,-1.2112,-1.1453,-1.0089,-0.9973,-1.112,-0.9553,-0.6228,-0.4538,-0.3138,-0.1598,0.1988,0.0625,-0.4391,-1.0423,-2.1504,-2.1725,-1.3701,-0.9482,-0.7374,-0.6152,-0.5178,-0.4246,-0.3796,-0.4074,-0.4522,-0.4814,-0.4945,-0.4972,-0.4944,-0.4899,-0.4862,-0.4847,-0.4855,-0.9296,-0.972,-1.0093,-1.0185,-0.9829,-0.9414,-0.9596,-1.0259,-0.9349,-0.6847,-0.5024,-0.3043,-0.235,-0.2098,-0.2951,-0.6458,-1.0829,-1.667,-1.727,-1.1691,-0.795,-0.6154,-0.534,-0.4609,-0.3547,-0.2987,-0.3601,-0.4304,-0.468,-0.4811,-0.4803,-0.4734,-0.4656,-0.4605,-0.4595,-0.4624,-0.8799,-0.9008,-0.9137,-0.9109,-0.8926,-0.875,-0.8728,-0.864,-0.7878,-0.6703,-0.593,-0.5238,-0.4471,-0.4806,-0.5169,-0.971,-1.3932,-1.168,-1.0468,-0.7612,-0.4712,-0.3887,-0.4257,-0.4324,-0.3784,-0.3389,-0.3855,-0.442,-0.4694,-0.4729,-0.4626,-0.4468,-0.4331,-0.4261,-0.4271,-0.4341,-0.8376,-0.8468,-0.8497,-0.8439,-0.8309,-0.8154,-0.7981,-0.769,-0.7191,-0.6753,-0.6808,-0.7568,-0.685,-0.5976,-0.6572,-0.949,-1.2176,-0.9598,-0.7313,-0.4227,-0.0004,-0.0688,-0.3093,-0.4146,-0.435,-0.4359,-0.4569,-0.479,-0.4826,-0.4674,-0.4397,-0.4086,-0.3855,-0.3777,-0.3843,-0.3994,-0.8032,-0.8063,-0.8047,-0.7977,-0.7859,-0.7704,-0.7508,-0.7253,-0.6973,-0.6821,-0.6901,-0.728,-0.8617,-0.9215,-0.7414,-0.7597,-0.7903,-0.6811,-0.539,-0.3324,0.0667,-0.0224,-0.2863,-0.4198,-0.4828,-0.5184,-0.5353,-0.5287,-0.5025,-0.4608,-0.4058,-0.3486,-0.3115,-0.3077,-0.3286,-0.3588,-0.7755,-0.7753,-0.7716,-0.7641,-0.7532,-0.7392,-0.7225,-0.7044,-0.6891,-0.684,-0.6958,-0.7429,-0.897,-0.9251,-0.7101,-0.6397,-0.6155,-0.5048,-0.4174,-0.3941,-0.274,-0.2643,-0.3607,-0.4563,-0.5428,-0.6208,-0.6416,-0.5931,-0.5259,-0.4512,-0.357,-0.2553,-0.1983,-0.212,-0.2628,-0.3165,-0.7532,-0.7511,-0.7465,-0.7392,-0.7294,-0.7175,-0.7045,-0.6919,-0.6828,-0.681,-0.6906,-0.7165,-0.7502,-0.7139,-0.5706,-0.5231,-0.5478,-0.4734,-0.413,-0.3842,-0.3749,-0.3782,-0.4178,-0.4898,-0.6042,-0.7646,-0.7986,-0.6569,-0.5415,-0.4414,-0.3054,-0.1401,-0.0599,-0.1116,-0.2047,-0.2839,-0.735,-0.7319,-0.727,-0.7201,-0.7115,-0.7017,-0.6915,-0.6821,-0.6754,-0.6731,-0.6759,-0.6814,-0.6772,-0.638,-0.5611,-0.5316,-0.5283,-0.4635,-0.3535,-0.3128,-0.3738,-0.395,-0.422,-0.4838,-0.5972,-0.7795,-0.8192,-0.624,-0.5263,-0.4415,-0.2966,-0.0961,-0.0027,-0.0765,-0.1879,-0.2755,-0.7199,-0.7164,-0.7115,-0.7051,-0.6976,-0.6893,-0.6809,-0.6732,-0.667,-0.6628,-0.6601,-0.6558,-0.6436,-0.6171,-0.5816,-0.5539,-0.5229,-0.4655,-0.3908,-0.3611,-0.3714,-0.3586,-0.3654,-0.426,-0.507,-0.5384,-0.4439,-0.4567,-0.4939,-0.4657,-0.3599,-0.2019,-0.1148,-0.1502,-0.2276,-0.2964,-0.7074,-0.7037,-0.6989,-0.693,-0.6863,-0.6791,-0.6717,-0.6647,-0.6583,-0.6526,-0.6466,-0.6384,-0.6254,-0.6058,-0.5815,-0.5549,-0.5221,-0.4787,-0.4319,-0.3935,-0.3408,-0.2475,-0.2237,-0.3308,-0.4266,-0.419,-0.3162,-0.3957,-0.5239,-0.5324,-0.4567,-0.3488,-0.275,-0.2667,-0.297,-0.3361,-0.6967,-0.693,-0.6883,-0.6829,-0.6768,-0.6702,-0.6635,-0.6568,-0.6501,-0.6433,-0.6357,-0.6262,-0.6134,-0.5967,-0.5763,-0.552,-0.5226,-0.4871,-0.4464,-0.3946,-0.3042,-0.1568,-0.1155,-0.2661,-0.39,-0.4261,-0.4268,-0.5207,-0.658,-0.6309,-0.5388,-0.4497,-0.387,-0.3608,-0.3629,-0.3789,-0.6876,-0.6838,-0.6794,-0.6742,-0.6686,-0.6625,-0.6561,-0.6495,-0.6426,-0.6353,-0.627,-0.617,-0.6047,-0.5895,-0.5712,-0.5494,-0.5234,-0.4923,-0.4544,-0.403,-0.3255,-0.2317,-0.2115,-0.2999,-0.3927,-0.447,-0.493,-0.5836,-0.677,-0.649,-0.5693,-0.499,-0.449,-0.4213,-0.4123,-0.4155]},{"header":{"la1":42.85,"la2":41.18,"lo1":11.55,"lo2":14.05,"nx":36,"ny":24,"dx":0.07143,"dy":0.07261,"parameterCategory":2,"parameterNumber":3,"parameterNumberName":"northward_wind","parameterUnit":"m.s-1"},"data":[-0.5804,-0.5814,-0.5813,-0.5798,-0.577,-0.5729,-0.5678,-0.5618,-0.555,-0.5471,-0.5374,-0.5253,-0.5104,-0.4925,-0.472,-0.4495,-0.4265,-0.4047,-0.386,-0.3718,-0.3625,-0.3574,-0.3552,-0.3549,-0.3556,-0.3568,-0.3583,-0.3602,-0.3623,-0.3647,-0.3673,-0.3702,-0.3732,-0.3764,-0.3797,-0.3829,-0.5904,-0.5919,-0.592,-0.5905,-0.5871,-0.5822,-0.5761,-0.5696,-0.5629,-0.5557,-0.5467,-0.5347,-0.5186,-0.4982,-0.4735,-0.4455,-0.4159,-0.3876,-0.3641,-0.348,-0.3396,-0.3373,-0.3384,-0.341,-0.3441,-0.3471,-0.35,-0.3529,-0.356,-0.3592,-0.3626,-0.3663,-0.3701,-0.374,-0.3779,-0.3818,-0.6011,-0.6034,-0.6038,-0.6021,-0.5977,-0.5909,-0.5825,-0.5744,-0.568,-0.5629,-0.5565,-0.5458,-0.5292,-0.506,-0.4764,-0.4407,-0.401,-0.3621,-0.3307,-0.3125,-0.3076,-0.3113,-0.3184,-0.3256,-0.3318,-0.337,-0.3414,-0.3455,-0.3495,-0.3537,-0.358,-0.3625,-0.3672,-0.3719,-0.3766,-0.3811,-0.6127,-0.616,-0.6171,-0.615,-0.6089,-0.5984,-0.5846,-0.5719,-0.5655,-0.5657,-0.5657,-0.559,-0.5431,-0.5176,-0.4822,-0.4363,-0.381,-0.3232,-0.2775,-0.2576,-0.2622,-0.2786,-0.2957,-0.3094,-0.3195,-0.327,-0.3329,-0.3381,-0.3431,-0.3482,-0.3535,-0.359,-0.3647,-0.3703,-0.3759,-0.3812,-0.6253,-0.6301,-0.6322,-0.6303,-0.6221,-0.6053,-0.5796,-0.5533,-0.5445,-0.5581,-0.5739,-0.5757,-0.562,-0.5348,-0.494,-0.436,-0.3575,-0.2649,-0.1895,-0.1702,-0.1997,-0.2405,-0.2728,-0.2942,-0.3081,-0.3174,-0.3245,-0.3307,-0.3366,-0.3428,-0.3492,-0.3559,-0.3627,-0.3694,-0.376,-0.3821,-0.6386,-0.6456,-0.6499,-0.6493,-0.6401,-0.6159,-0.569,-0.5067,-0.485,-0.5342,-0.584,-0.599,-0.5879,-0.5604,-0.5167,-0.4485,-0.3417,-0.1911,-0.0536,-0.0431,-0.1275,-0.2061,-0.2549,-0.2826,-0.2986,-0.3089,-0.3165,-0.3234,-0.3302,-0.3375,-0.3452,-0.3532,-0.3614,-0.3695,-0.3772,-0.3843,-0.6523,-0.6622,-0.6699,-0.673,-0.6671,-0.6418,-0.5769,-0.46,-0.406,-0.5209,-0.6135,-0.6353,-0.6229,-0.5965,-0.5564,-0.4872,-0.363,-0.1583,0.0578,0.0533,-0.0907,-0.1947,-0.249,-0.2765,-0.2915,-0.3011,-0.3087,-0.316,-0.3238,-0.3323,-0.3416,-0.3513,-0.3612,-0.3708,-0.3799,-0.3881,-0.6657,-0.679,-0.6908,-0.6999,-0.7035,-0.6933,-0.6494,-0.5553,-0.5138,-0.6219,-0.6913,-0.6898,-0.6659,-0.6436,-0.6192,-0.5646,-0.4473,-0.2579,-0.0647,-0.0466,-0.1439,-0.2176,-0.256,-0.2752,-0.286,-0.2936,-0.3006,-0.3083,-0.3172,-0.3273,-0.3386,-0.3505,-0.3625,-0.3741,-0.3847,-0.3941,-0.6774,-0.6938,-0.7091,-0.7233,-0.7394,-0.758,-0.7719,-0.7807,-0.8129,-0.8515,-0.8219,-0.7568,-0.7099,-0.698,-0.7152,-0.6952,-0.5739,-0.4126,-0.28,-0.2272,-0.2357,-0.2545,-0.267,-0.2743,-0.2797,-0.2851,-0.2916,-0.2999,-0.3103,-0.3226,-0.3364,-0.3512,-0.3659,-0.3799,-0.3924,-0.4031,-0.6862,-0.7046,-0.7199,-0.7312,-0.7534,-0.8071,-0.8836,-0.991,-1.1521,-1.1918,-0.9921,-0.8173,-0.742,-0.7449,-0.848,-0.9057,-0.6884,-0.502,-0.3886,-0.3241,-0.2919,-0.277,-0.2704,-0.2687,-0.2705,-0.2749,-0.2815,-0.2908,-0.303,-0.3182,-0.3356,-0.3542,-0.3726,-0.3895,-0.4042,-0.4162,-0.6909,-0.7104,-0.7228,-0.7188,-0.7332,-0.8326,-0.9626,-1.1196,-1.4878,-1.6767,-1.1292,-0.8351,-0.7568,-0.7698,-0.8462,-0.9124,-0.6699,-0.5016,-0.4141,-0.3521,-0.3053,-0.2753,-0.2601,-0.2558,-0.2583,-0.2639,-0.2711,-0.2811,-0.2956,-0.3145,-0.3369,-0.3607,-0.384,-0.4047,-0.4218,-0.4348,-0.6909,-0.7118,-0.7259,-0.7243,-0.747,-0.8724,-1.0291,-1.1404,-1.2929,-1.3972,-1.0116,-0.787,-0.7665,-0.8765,-0.806,-0.6654,-0.5285,-0.4637,-0.4292,-0.3533,-0.2883,-0.25,-0.2349,-0.2368,-0.2474,-0.2571,-0.2632,-0.2719,-0.288,-0.3121,-0.3415,-0.3729,-0.4028,-0.4283,-0.4478,-0.4611,-0.6857,-0.7082,-0.7298,-0.7519,-0.8006,-0.9128,-1.0704,-1.1951,-1.1361,-0.9953,-0.8113,-0.741,-0.7258,-0.9149,-0.8115,-0.5009,-0.3664,-0.5081,-0.5081,-0.3341,-0.2388,-0.1974,-0.1934,-0.2153,-0.2484,-0.2665,-0.2631,-0.2635,-0.2803,-0.3115,-0.3516,-0.3942,-0.4333,-0.4645,-0.486,-0.498,-0.675,-0.6974,-0.7228,-0.7551,-0.8067,-0.8923,-1.0084,-1.1106,-1.0389,-0.81,-0.6601,-0.773,-0.781,-0.1815,-0.3847,-0.1483,0.044,-0.2528,-0.3454,-0.2229,-0.1319,-0.1013,-0.1277,-0.1866,-0.2598,-0.2925,-0.2663,-0.2518,-0.2704,-0.3139,-0.371,-0.4308,-0.4829,-0.5206,-0.542,-0.5493,-0.6589,-0.6789,-0.7019,-0.7305,-0.7686,-0.8186,-0.8707,-0.8851,-0.7888,-0.6028,-0.4575,-0.4038,-0.2716,0.0661,-0.1144,0.4398,1.1465,0.3033,-0.0496,-0.0422,0.0713,0.0753,-0.024,-0.1276,-0.2189,-0.2607,-0.2354,-0.2228,-0.2542,-0.3207,-0.4064,-0.4935,-0.5643,-0.6079,-0.6238,-0.6194,-0.6387,-0.6543,-0.6714,-0.6904,-0.7107,-0.7287,-0.7321,-0.6956,-0.5929,-0.4354,-0.3017,-0.0881,-0.119,-0.103,-0.0466,0.3874,0.8369,0.2913,0.0059,0.0986,0.4276,0.3498,0.0933,-0.0462,-0.1142,-0.1408,-0.1394,-0.158,-0.2249,-0.3343,-0.4689,-0.6014,-0.6993,-0.7438,-0.7415,-0.7121,-0.6162,-0.6267,-0.6369,-0.6458,-0.6512,-0.6481,-0.6276,-0.5771,-0.489,-0.3753,-0.2882,-0.1862,-0.0565,-0.0076,-0.0736,0.0207,0.0834,-0.0762,-0.1837,0.021,0.467,0.3764,0.114,0.0108,0.0042,0.0326,0.0327,-0.0387,-0.1745,-0.3575,-0.5742,-0.7855,-0.9228,-0.9513,-0.9028,-0.8266,-0.5929,-0.5986,-0.6026,-0.6035,-0.5989,-0.5849,-0.5563,-0.5081,-0.4402,-0.3616,-0.2866,-0.1997,-0.0542,-0.0216,-0.1431,-0.1699,-0.1884,-0.3657,-0.5415,-0.2679,0.007,0.0758,0.0305,0.0404,0.1487,0.3119,0.3391,0.154,-0.1036,-0.3914,-0.733,-1.0809,-1.2735,-1.2419,-1.0987,-0.9492,-0.5702,-0.5719,-0.5711,-0.5665,-0.5563,-0.5378,-0.5086,-0.467,-0.4145,-0.3558,-0.2954,-0.2319,-0.1735,-0.1745,-0.2545,-0.2837,-0.2734,-0.3916,-0.4885,-0.3848,-0.2332,-0.1161,-0.0487,0.0557,0.3022,0.731,0.8202,0.3631,-0.0505,-0.4287,-0.906,-1.4484,-1.7038,-1.5493,-1.2741,-1.0458,-0.549,-0.5476,-0.5435,-0.5357,-0.5227,-0.5032,-0.4761,-0.4411,-0.3996,-0.3544,-0.3086,-0.2661,-0.2365,-0.2364,-0.2679,-0.2824,-0.2904,-0.3529,-0.4475,-0.4815,-0.3242,-0.1965,-0.1038,0.0239,0.2867,0.7815,0.8912,0.2881,-0.0947,-0.447,-0.9517,-1.5916,-1.8805,-1.6578,-1.3271,-1.0727,-0.5298,-0.5262,-0.52,-0.5104,-0.4965,-0.4777,-0.4534,-0.4241,-0.3907,-0.3554,-0.3208,-0.2903,-0.2692,-0.2622,-0.2676,-0.2765,-0.2934,-0.3323,-0.3897,-0.3971,-0.305,-0.2157,-0.1504,-0.0629,0.0671,0.1316,-0.0932,-0.1377,-0.2214,-0.4345,-0.7978,-1.282,-1.545,-1.4406,-1.2132,-1.0143,-0.5128,-0.5077,-0.5003,-0.4899,-0.4761,-0.4586,-0.4373,-0.4125,-0.3853,-0.3572,-0.3302,-0.3067,-0.2892,-0.2797,-0.2777,-0.2815,-0.2914,-0.3078,-0.3217,-0.3083,-0.2578,-0.2093,-0.1874,-0.1463,-0.1054,-0.1824,-0.3768,-0.315,-0.321,-0.4126,-0.6025,-0.8833,-1.0846,-1.1041,-1.0145,-0.9024,-0.4978,-0.4919,-0.4838,-0.4733,-0.4602,-0.4442,-0.4255,-0.4044,-0.3819,-0.3591,-0.3372,-0.318,-0.3029,-0.2928,-0.2876,-0.2866,-0.2887,-0.2913,-0.2881,-0.2697,-0.2345,-0.2028,-0.1979,-0.1855,-0.1778,-0.2214,-0.2895,-0.3304,-0.3881,-0.4021,-0.4857,-0.6426,-0.7816,-0.841,-0.8293,-0.7827,-0.4848,-0.4784,-0.4701,-0.4599,-0.4476,-0.4331,-0.4166,-0.3986,-0.3797,-0.3606,-0.3425,-0.3262,-0.3127,-0.3025,-0.2955,-0.291,-0.2878,-0.2836,-0.2749,-0.258,-0.2337,-0.2118,-0.204,-0.2031,-0.2104,-0.2392,-0.286,-0.3473,-0.3956,-0.3994,-0.4414,-0.53,-0.6198,-0.6761,-0.6927,-0.6812]}]