docs/data/wind_grid.json
[{"header":{"la1":42.85,"la2":41.18,"lo1":11.55,"lo2":14.05,"nx":36,"ny":24,"dx":0.07143,"dy":0.07261,"parameterCategory":2,"parameterNumber":2,"parameterNumberName":"eastward_wind","parameterUnit":"m.s-1"},"data":[-0.738,-0.7415,-0.7445,-0.7469,-0.7487,-0.7494,-0.7484,-0.7449,-0.7386,-0.7298,-0.72,-0.7109,-0.7043,-0.7012,-0.702,-0.706,-0.7121,-0.7183,-0.7223,-0.7223,-0.7177,-0.709,-0.6972,-0.6839,-0.6701,-0.6566,-0.644,-0.6324,-0.6219,-0.6125,-0.6042,-0.5969,-0.5904,-0.5848,-0.5798,-0.5755,-0.7496,-0.7542,-0.7583,-0.762,-0.7655,-0.7682,-0.769,-0.7663,-0.7586,-0.7462,-0.7315,-0.7179,-0.7084,-0.7046,-0.7069,-0.7148,-0.7263,-0.7382,-0.7466,-0.7482,-0.7419,-0.7293,-0.7129,-0.695,-0.6773,-0.6607,-0.6457,-0.6323,-0.6206,-0.6103,-0.6013,-0.5936,-0.5869,-0.5811,-0.5761,-0.5717,-0.7628,-0.7686,-0.7739,-0.7793,-0.7853,-0.7917,-0.7968,-0.7971,-0.7882,-0.7698,-0.7465,-0.7251,-0.7107,-0.7056,-0.7104,-0.7242,-0.7445,-0.7665,-0.7826,-0.7863,-0.7762,-0.7562,-0.7319,-0.7073,-0.6844,-0.6641,-0.6463,-0.6311,-0.618,-0.6069,-0.5975,-0.5894,-0.5826,-0.5767,-0.5717,-0.5675,-0.778,-0.7851,-0.7917,-0.7988,-0.8078,-0.8203,-0.8347,-0.8437,-0.8354,-0.8059,-0.7663,-0.7315,-0.7095,-0.7026,-0.7107,-0.7331,-0.7679,-0.8081,-0.839,-0.8452,-0.8252,-0.7908,-0.7537,-0.7197,-0.6904,-0.6658,-0.6452,-0.6282,-0.614,-0.6022,-0.5924,-0.5842,-0.5774,-0.5716,-0.5667,-0.5626,-0.7957,-0.8047,-0.8124,-0.8203,-0.8319,-0.8524,-0.8848,-0.9174,-0.9161,-0.8633,-0.7913,-0.7342,-0.7019,-0.6929,-0.7051,-0.7387,-0.7953,-0.8689,-0.9301,-0.9379,-0.8933,-0.8317,-0.7755,-0.7298,-0.6935,-0.6646,-0.6415,-0.623,-0.608,-0.5959,-0.586,-0.5779,-0.5712,-0.5657,-0.5611,-0.5572,-0.8172,-0.8289,-0.8378,-0.8448,-0.8552,-0.8812,-0.9399,-1.0266,-1.0522,-0.9459,-0.8129,-0.7259,-0.6835,-0.6734,-0.6899,-0.7348,-0.8175,-0.9445,-1.0669,-1.0706,-0.9722,-0.8688,-0.7906,-0.7337,-0.6914,-0.6592,-0.6343,-0.615,-0.5998,-0.5878,-0.5782,-0.5705,-0.5642,-0.559,-0.5547,-0.5513,-0.8439,-0.861,-0.8727,-0.8769,-0.8783,-0.8952,-0.9642,-1.1151,-1.1908,-0.9982,-0.7995,-0.6945,-0.65,-0.6422,-0.6624,-0.7132,-0.811,-0.9824,-1.1759,-1.1695,-1.0134,-0.88,-0.79,-0.7276,-0.6822,-0.6484,-0.6229,-0.6036,-0.5889,-0.5776,-0.5688,-0.5618,-0.5561,-0.5515,-0.5477,-0.5447,-0.8769,-0.9052,-0.9261,-0.9297,-0.9128,-0.8946,-0.916,-1.01,-1.0504,-0.8779,-0.7149,-0.6333,-0.6008,-0.5996,-0.6234,-0.6727,-0.7617,-0.9086,-1.0672,-1.0747,-0.9606,-0.8516,-0.7704,-0.7102,-0.6651,-0.6314,-0.6067,-0.5886,-0.5754,-0.5655,-0.558,-0.552,-0.5472,-0.5433,-0.5401,-0.5376,-0.915,-0.9644,-1.0111,-1.0293,-0.9898,-0.9107,-0.8427,-0.7978,-0.733,-0.6394,-0.5811,-0.5528,-0.5394,-0.5485,-0.5818,-0.627,-0.702,-0.8091,-0.8999,-0.9202,-0.8744,-0.8058,-0.7395,-0.6837,-0.6401,-0.6078,-0.5852,-0.5698,-0.5592,-0.5517,-0.5459,-0.5414,-0.5376,-0.5344,-0.5319,-0.53,-0.9512,-1.0315,-1.1323,-1.2103,-1.1537,-0.9758,-0.8138,-0.6585,-0.4614,-0.3691,-0.4382,-0.4723,-0.4667,-0.4837,-0.5588,-0.6021,-0.6718,-0.7946,-0.8741,-0.8817,-0.8382,-0.7731,-0.7071,-0.6506,-0.6071,-0.577,-0.5582,-0.5473,-0.5408,-0.5365,-0.5331,-0.5301,-0.5274,-0.5251,-0.5232,-0.5218,-0.9715,-1.0775,-1.2394,-1.4273,-1.3761,-1.0568,-0.8417,-0.6483,-0.2136,-0.0101,-0.336,-0.4142,-0.3726,-0.3518,-0.4881,-0.59,-0.7055,-0.9224,-1.0242,-0.9697,-0.8603,-0.7569,-0.6733,-0.6098,-0.5648,-0.5376,-0.5252,-0.5216,-0.5212,-0.5211,-0.5202,-0.5187,-0.5169,-0.5152,-0.5139,-0.5131,-0.9629,-1.065,-1.2186,-1.3916,-1.3333,-1.0438,-0.918,-0.8838,-0.5388,-0.2585,-0.4017,-0.3987,-0.2678,-0.0789,-0.2086,-0.508,-0.8608,-1.3598,-1.4715,-1.1712,-0.9049,-0.735,-0.6283,-0.5581,-0.5116,-0.4886,-0.4868,-0.4945,-0.5021,-0.5066,-0.5081,-0.5076,-0.5062,-0.5047,-0.5037,-0.5035,-0.9272,-0.9993,-1.0859,-1.1454,-1.0896,-0.9749,-0.9779,-1.0943,-0.9442,-0.6369,-0.5111,-0.4344,-0.2953,0.0152,-0.092,-0.5089,-1.0594,-2.1475,-2.1643,-1.33,-0.885,-0.6686,-0.5602,-0.498,-0.4532,-0.4338,-0.4477,-0.4705,-0.4868,-0.4951,-0.4976,-0.4969,-0.4949,-0.4931,-0.4924,-0.4929,-0.8792,-0.9209,-0.9582,-0.9704,-0.9433,-0.914,-0.9413,-1.0106,-0.9263,-0.702,-0.5666,-0.4858,-0.4332,-0.1457,-0.3338,-0.6525,-1.0518,-1.6376,-1.6912,-1.0969,-0.6981,-0.5172,-0.4602,-0.4417,-0.4154,-0.3975,-0.4237,-0.4581,-0.4793,-0.4883,-0.4893,-0.4862,-0.4822,-0.4794,-0.4789,-0.4804,-0.8319,-0.8539,-0.869,-0.8704,-0.8589,-0.8494,-0.8546,-0.8519,-0.785,-0.6845,-0.6306,-0.5941,-0.4899,-0.4796,-0.5039,-0.9132,-1.2987,-1.0804,-0.9439,-0.6312,-0.3222,-0.2463,-0.3187,-0.3872,-0.4112,-0.4104,-0.4337,-0.465,-0.483,-0.4872,-0.4824,-0.4737,-0.4657,-0.4614,-0.4617,-0.4654,-0.7906,-0.8017,-0.8074,-0.8056,-0.7979,-0.7884,-0.7775,-0.7549,-0.7133,-0.6793,-0.687,-0.8173,-0.7163,-0.58,-0.6082,-0.8601,-1.109,-0.8174,-0.5521,-0.229,0.1986,0.1191,-0.1646,-0.3291,-0.4083,-0.4441,-0.4718,-0.4931,-0.4992,-0.4916,-0.475,-0.4557,-0.4409,-0.4355,-0.4387,-0.4469,-0.7558,-0.7609,-0.7619,-0.7583,-0.7505,-0.7395,-0.7246,-0.7043,-0.6824,-0.6745,-0.6887,-0.7361,-0.819,-0.8396,-0.6285,-0.6011,-0.5971,-0.4263,-0.2375,-0.0676,0.2799,0.1824,-0.1165,-0.3068,-0.426,-0.5026,-0.5418,-0.546,-0.5286,-0.4998,-0.4628,-0.4247,-0.3997,-0.396,-0.4077,-0.4249,-0.7267,-0.7281,-0.7265,-0.7215,-0.7133,-0.7022,-0.6884,-0.6731,-0.6605,-0.6578,-0.6685,-0.6993,-0.8122,-0.8064,-0.4682,-0.3163,-0.2983,-0.1101,0.0596,-0.0085,0.0208,-0.0227,-0.1699,-0.3319,-0.4905,-0.628,-0.6754,-0.6304,-0.5685,-0.5092,-0.4415,-0.371,-0.3314,-0.3387,-0.3697,-0.4018,-0.7021,-0.7012,-0.6979,-0.692,-0.6836,-0.673,-0.6607,-0.6481,-0.6376,-0.6316,-0.6305,-0.6321,-0.6199,-0.4802,-0.0584,0.0963,-0.1221,-0.0351,0.0886,0.1448,0.0408,-0.0744,-0.1993,-0.3597,-0.5751,-0.8294,-0.8852,-0.721,-0.6031,-0.5195,-0.4177,-0.2984,-0.2415,-0.2755,-0.3355,-0.3845,-0.681,-0.6785,-0.6741,-0.6677,-0.6592,-0.6489,-0.6374,-0.6253,-0.6134,-0.6017,-0.5875,-0.5623,-0.5016,-0.348,-0.0678,0.0285,-0.0849,0.0061,0.3198,0.4556,0.1401,-0.0397,-0.1677,-0.3341,-0.5688,-0.8578,-0.9183,-0.7023,-0.6075,-0.5398,-0.4258,-0.2717,-0.2023,-0.2538,-0.3278,-0.3826,-0.6627,-0.6591,-0.654,-0.6471,-0.6385,-0.6283,-0.6167,-0.604,-0.5899,-0.5732,-0.5506,-0.5145,-0.4517,-0.3481,-0.2231,-0.1545,-0.1239,-0.0159,0.1822,0.2487,0.1117,0.0308,-0.0459,-0.2217,-0.4432,-0.5799,-0.53,-0.55,-0.6055,-0.5955,-0.5004,-0.3614,-0.2875,-0.3092,-0.3589,-0.4002,-0.6467,-0.6424,-0.6366,-0.6294,-0.6206,-0.6103,-0.5984,-0.5848,-0.5689,-0.5493,-0.5234,-0.4867,-0.4342,-0.3654,-0.2919,-0.2303,-0.171,-0.0875,0.0084,0.0614,0.0989,0.2222,0.2426,-0.0245,-0.3155,-0.4532,-0.4167,-0.5104,-0.7085,-0.7333,-0.6288,-0.5011,-0.42,-0.4004,-0.4121,-0.4305,-0.6326,-0.6277,-0.6215,-0.614,-0.605,-0.5945,-0.5822,-0.5681,-0.5512,-0.5307,-0.5046,-0.4709,-0.4281,-0.3772,-0.323,-0.2692,-0.2127,-0.1484,-0.0798,-0.0054,0.1287,0.3897,0.4686,0.1175,-0.233,-0.4271,-0.5172,-0.7143,-1.0052,-0.9438,-0.7585,-0.6119,-0.5211,-0.4773,-0.463,-0.4625,-0.6202,-0.6148,-0.6083,-0.6005,-0.5914,-0.5807,-0.5684,-0.554,-0.537,-0.5166,-0.4919,-0.4618,-0.426,-0.3853,-0.3414,-0.2954,-0.2466,-0.1932,-0.1331,-0.0553,0.0688,0.2343,0.2607,0.0393,-0.2257,-0.4215,-0.5835,-0.8175,-1.0458,-0.9791,-0.8008,-0.6634,-0.576,-0.5257,-0.4999,-0.4885]},{"header":{"la1":42.85,"la2":41.18,"lo1":11.55,"lo2":14.05,"nx":36,"ny":24,"dx":0.07143,"dy":0.07261,"parameterCategory":2,"parameterNumber":3,"parameterNumberName":"northward_wind","parameterUnit":"m.s-1"},"data":[-0.5022,-0.5065,-0.51,-0.5124,-0.5133,-0.5124,-0.509,-0.5026,-0.4926,-0.4787,-0.4613,-0.4408,-0.4179,-0.3933,-0.3677,-0.3418,-0.3167,-0.2941,-0.2753,-0.2617,-0.2533,-0.2494,-0.2486,-0.2499,-0.2523,-0.2553,-0.2586,-0.2622,-0.266,-0.27,-0.2741,-0.2784,-0.2828,-0.2872,-0.2916,-0.2958,-0.515,-0.5208,-0.5258,-0.5298,-0.5324,-0.5332,-0.5313,-0.5257,-0.5153,-0.4998,-0.4794,-0.4551,-0.4279,-0.3986,-0.3676,-0.3356,-0.304,-0.2751,-0.252,-0.2368,-0.2296,-0.2287,-0.2314,-0.2359,-0.2408,-0.2458,-0.2507,-0.2555,-0.2604,-0.2653,-0.2704,-0.2756,-0.2808,-0.2859,-0.291,-0.2959,-0.5286,-0.5361,-0.5429,-0.5489,-0.5536,-0.5568,-0.5573,-0.5535,-0.5435,-0.5259,-0.5017,-0.4725,-0.4401,-0.4053,-0.3679,-0.328,-0.2867,-0.2478,-0.2175,-0.2006,-0.1971,-0.2023,-0.2112,-0.2204,-0.2288,-0.2361,-0.2427,-0.2489,-0.2549,-0.2608,-0.2669,-0.273,-0.2791,-0.2851,-0.2909,-0.2965,-0.543,-0.5525,-0.5613,-0.5694,-0.5767,-0.583,-0.5873,-0.5872,-0.5784,-0.5584,-0.5286,-0.4931,-0.4548,-0.4141,-0.3698,-0.3199,-0.264,-0.2076,-0.164,-0.1458,-0.1518,-0.1695,-0.1885,-0.2044,-0.2168,-0.2267,-0.235,-0.2424,-0.2495,-0.2566,-0.2637,-0.2708,-0.278,-0.285,-0.2917,-0.298,-0.5581,-0.5698,-0.5809,-0.5912,-0.601,-0.6107,-0.6201,-0.6264,-0.6213,-0.5977,-0.5598,-0.5163,-0.4717,-0.4261,-0.3758,-0.3148,-0.2376,-0.149,-0.0776,-0.0602,-0.0902,-0.1319,-0.1659,-0.1897,-0.2061,-0.2182,-0.2278,-0.2364,-0.2445,-0.2527,-0.261,-0.2693,-0.2776,-0.2857,-0.2934,-0.3006,-0.5739,-0.5883,-0.6019,-0.6144,-0.6261,-0.6381,-0.6517,-0.6659,-0.6676,-0.64,-0.5922,-0.5402,-0.4904,-0.4426,-0.3902,-0.321,-0.2188,-0.0765,0.0534,0.0626,-0.0199,-0.0982,-0.1486,-0.1788,-0.1978,-0.2109,-0.2214,-0.2307,-0.2399,-0.2492,-0.2588,-0.2685,-0.2782,-0.2876,-0.2965,-0.3046,-0.5904,-0.6083,-0.625,-0.6396,-0.6525,-0.6648,-0.677,-0.6888,-0.6935,-0.6704,-0.6209,-0.5633,-0.5102,-0.465,-0.4189,-0.3517,-0.2353,-0.0439,0.1597,0.1551,0.0158,-0.0873,-0.1435,-0.1741,-0.1923,-0.205,-0.2155,-0.2254,-0.2355,-0.2461,-0.2573,-0.2687,-0.2801,-0.2911,-0.3013,-0.3104,-0.6074,-0.63,-0.6512,-0.6688,-0.6827,-0.6953,-0.7056,-0.7066,-0.7035,-0.6977,-0.654,-0.5875,-0.5301,-0.4946,-0.4695,-0.4204,-0.3122,-0.1364,0.0438,0.0596,-0.0359,-0.1105,-0.1519,-0.1747,-0.189,-0.1999,-0.2098,-0.22,-0.2312,-0.2435,-0.2566,-0.2702,-0.2837,-0.2966,-0.3084,-0.3187,-0.6237,-0.6532,-0.6818,-0.7041,-0.7185,-0.7341,-0.7577,-0.7852,-0.8111,-0.8036,-0.7222,-0.6163,-0.5456,-0.5295,-0.5576,-0.548,-0.4325,-0.2815,-0.16,-0.1138,-0.1261,-0.1488,-0.1653,-0.1767,-0.1857,-0.1943,-0.2036,-0.2143,-0.2269,-0.2413,-0.2571,-0.2735,-0.2898,-0.305,-0.3186,-0.3301,-0.6369,-0.675,-0.7154,-0.7464,-0.7569,-0.7736,-0.8235,-0.9148,-1.0578,-1.0782,-0.8493,-0.64,-0.5444,-0.5533,-0.697,-0.7771,-0.5462,-0.3671,-0.2663,-0.2108,-0.1847,-0.1748,-0.1727,-0.175,-0.1801,-0.1873,-0.1963,-0.2079,-0.2223,-0.2396,-0.259,-0.2794,-0.2993,-0.3176,-0.3333,-0.3459,-0.6427,-0.688,-0.7408,-0.7848,-0.7857,-0.8018,-0.8796,-1.014,-1.372,-1.5599,-0.9649,-0.6207,-0.5162,-0.5334,-0.6698,-0.7791,-0.5218,-0.3724,-0.3028,-0.2482,-0.2053,-0.1793,-0.1678,-0.1667,-0.1717,-0.1792,-0.1884,-0.2007,-0.2175,-0.2388,-0.2633,-0.2891,-0.3139,-0.336,-0.3541,-0.3676,-0.6371,-0.6824,-0.7355,-0.7794,-0.7847,-0.8225,-0.9312,-1.0306,-1.17,-1.2586,-0.8111,-0.5239,-0.4756,-0.5752,-0.5356,-0.459,-0.3741,-0.3669,-0.3528,-0.2681,-0.1991,-0.1619,-0.149,-0.1525,-0.1636,-0.1737,-0.1816,-0.1931,-0.2124,-0.2392,-0.2712,-0.3048,-0.3364,-0.3632,-0.3837,-0.3974,-0.6196,-0.6581,-0.7,-0.7353,-0.7624,-0.8287,-0.964,-1.0958,-1.0177,-0.8181,-0.5555,-0.4,-0.3734,-0.5936,-0.508,-0.2701,-0.2228,-0.4775,-0.484,-0.2671,-0.1602,-0.1177,-0.1143,-0.1349,-0.1643,-0.1802,-0.1799,-0.1855,-0.2069,-0.2418,-0.285,-0.3301,-0.3712,-0.4038,-0.4261,-0.4383,-0.5937,-0.6234,-0.6543,-0.6843,-0.7196,-0.7833,-0.8896,-0.9965,-0.9023,-0.5988,-0.3629,-0.3495,-0.3246,0.1987,-0.0815,0.0686,0.1833,-0.1854,-0.2967,-0.1576,-0.0615,-0.0302,-0.0558,-0.1102,-0.1732,-0.2001,-0.1808,-0.1753,-0.2001,-0.248,-0.3087,-0.3715,-0.426,-0.4651,-0.4871,-0.4942,-0.5635,-0.5847,-0.6062,-0.6281,-0.6537,-0.689,-0.7292,-0.7303,-0.5988,-0.3484,-0.1411,-0.0449,0.0979,0.4568,0.1772,0.6107,1.2553,0.399,0.0192,0.0186,0.1351,0.1401,0.0401,-0.0589,-0.139,-0.1743,-0.1554,-0.1512,-0.1885,-0.2595,-0.3494,-0.4402,-0.5139,-0.5589,-0.575,-0.5697,-0.5318,-0.5452,-0.5578,-0.5687,-0.5776,-0.5817,-0.5684,-0.5081,-0.3647,-0.1434,0.0626,0.2908,0.227,0.2039,0.1951,0.5394,0.9424,0.3622,0.0414,0.1396,0.5016,0.4198,0.1497,0.0103,-0.051,-0.0728,-0.0728,-0.0948,-0.165,-0.2784,-0.418,-0.5558,-0.6575,-0.7034,-0.7002,-0.6686,-0.5006,-0.5072,-0.5115,-0.512,-0.5063,-0.4893,-0.4507,-0.3752,-0.2504,-0.0843,0.0601,0.1476,0.2086,0.2154,0.1024,0.128,0.1358,-0.0971,-0.2537,0.0068,0.5371,0.4398,0.1568,0.0526,0.0514,0.0841,0.0865,0.0167,-0.1195,-0.3063,-0.5304,-0.7502,-0.8932,-0.9224,-0.8708,-0.7901,-0.4712,-0.4723,-0.47,-0.4627,-0.4477,-0.4208,-0.3759,-0.307,-0.213,-0.1055,-0.0119,0.0603,0.1644,0.1642,-0.0789,-0.1906,-0.2313,-0.5245,-0.8176,-0.3944,-0.0158,0.0851,0.0466,0.0653,0.183,0.351,0.3823,0.2047,-0.0498,-0.3429,-0.6971,-1.0601,-1.2613,-1.2279,-1.0773,-0.9198,-0.4447,-0.4416,-0.4348,-0.4227,-0.4033,-0.3739,-0.3318,-0.2755,-0.2075,-0.1362,-0.0737,-0.0273,-0.0085,-0.1006,-0.4142,-0.5316,-0.3901,-0.5562,-0.7189,-0.5442,-0.3234,-0.1581,-0.0638,0.0634,0.3291,0.7589,0.8485,0.4148,0.0093,-0.3787,-0.877,-1.4448,-1.7123,-1.5503,-1.2617,-1.0219,-0.4216,-0.4157,-0.4061,-0.3918,-0.3713,-0.3434,-0.3071,-0.263,-0.214,-0.1659,-0.1267,-0.1062,-0.1234,-0.2194,-0.4163,-0.4858,-0.4099,-0.4781,-0.6206,-0.6701,-0.4486,-0.2775,-0.1552,0.0104,0.3132,0.8144,0.9233,0.3675,-0.0162,-0.3897,-0.923,-1.5947,-1.8974,-1.6642,-1.3177,-1.0507,-0.4019,-0.3943,-0.3834,-0.3686,-0.349,-0.3242,-0.2941,-0.2601,-0.2246,-0.1921,-0.1684,-0.1612,-0.181,-0.2376,-0.3164,-0.36,-0.3754,-0.4322,-0.528,-0.5482,-0.4374,-0.3489,-0.2702,-0.1196,0.0948,0.2392,0.1036,0.0342,-0.1162,-0.3699,-0.7612,-1.2708,-1.5464,-1.4372,-1.1989,-0.9902,-0.3855,-0.377,-0.3659,-0.3515,-0.3337,-0.3124,-0.288,-0.2618,-0.2359,-0.2137,-0.199,-0.1964,-0.2104,-0.2413,-0.2802,-0.313,-0.3423,-0.3812,-0.4216,-0.4313,-0.4212,-0.4579,-0.4554,-0.2887,-0.0982,-0.0315,-0.0934,-0.1043,-0.2285,-0.3584,-0.5621,-0.8559,-1.066,-1.086,-0.9918,-0.8739,-0.3719,-0.3633,-0.3524,-0.3391,-0.3234,-0.3053,-0.2856,-0.2654,-0.2463,-0.2306,-0.2208,-0.2196,-0.2284,-0.2464,-0.2698,-0.294,-0.3186,-0.3446,-0.3686,-0.3889,-0.4327,-0.5437,-0.5801,-0.3963,-0.2111,-0.1282,-0.1327,-0.2273,-0.3666,-0.3778,-0.4513,-0.6091,-0.7517,-0.8124,-0.7992,-0.7495,-0.3609,-0.3525,-0.3423,-0.3302,-0.3165,-0.3014,-0.2854,-0.2696,-0.2551,-0.2436,-0.2366,-0.2356,-0.241,-0.2523,-0.2676,-0.285,-0.3034,-0.3223,-0.3417,-0.3658,-0.4095,-0.4761,-0.4844,-0.3789,-0.2614,-0.2027,-0.2144,-0.2995,-0.3847,-0.3822,-0.4109,-0.4953,-0.5851,-0.6418,-0.6576,-0.6442]}]