docs/data/wind_grid.json
[{"header":{"la1":42.85,"la2":41.18,"lo1":11.55,"lo2":14.05,"nx":36,"ny":24,"dx":0.07143,"dy":0.07261,"parameterCategory":2,"parameterNumber":2,"parameterNumberName":"eastward_wind","parameterUnit":"m.s-1"},"data":[-0.5294,-0.5342,-0.5365,-0.5363,-0.5336,-0.5284,-0.5204,-0.5091,-0.4939,-0.4754,-0.4551,-0.435,-0.417,-0.4019,-0.3894,-0.3782,-0.3658,-0.3488,-0.3246,-0.2928,-0.2572,-0.2257,-0.2058,-0.2,-0.205,-0.2154,-0.2268,-0.2367,-0.2442,-0.2494,-0.2527,-0.2544,-0.2549,-0.2547,-0.2539,-0.2528,-0.5555,-0.5624,-0.5662,-0.567,-0.5651,-0.5608,-0.5537,-0.5422,-0.5245,-0.5008,-0.4739,-0.4476,-0.4252,-0.4082,-0.3965,-0.3878,-0.3782,-0.3615,-0.3312,-0.2839,-0.2259,-0.1743,-0.147,-0.1479,-0.1667,-0.1904,-0.2117,-0.228,-0.2393,-0.2466,-0.2509,-0.2531,-0.2538,-0.2536,-0.2528,-0.2515,-0.5861,-0.5961,-0.602,-0.6039,-0.6028,-0.6005,-0.5966,-0.5875,-0.5677,-0.5359,-0.4976,-0.4609,-0.4319,-0.4127,-0.403,-0.4,-0.398,-0.3868,-0.3512,-0.2783,-0.1742,-0.079,-0.0413,-0.0647,-0.1142,-0.1616,-0.1972,-0.2212,-0.2363,-0.2453,-0.2503,-0.2526,-0.2533,-0.2529,-0.2518,-0.2504,-0.6225,-0.6374,-0.6462,-0.6487,-0.6477,-0.6482,-0.6527,-0.6537,-0.6345,-0.5881,-0.5283,-0.474,-0.4349,-0.4129,-0.4067,-0.4139,-0.4285,-0.4356,-0.4046,-0.2941,-0.0922,0.1085,0.1543,0.0612,-0.0523,-0.1356,-0.1879,-0.2189,-0.2366,-0.2462,-0.2511,-0.253,-0.2532,-0.2524,-0.251,-0.2493,-0.6661,-0.6892,-0.7031,-0.7053,-0.7005,-0.7024,-0.7244,-0.7564,-0.7482,-0.6702,-0.5666,-0.483,-0.4302,-0.4048,-0.4035,-0.4254,-0.4692,-0.5223,-0.5334,-0.391,-0.002,0.456,0.4741,0.2048,-0.0073,-0.1271,-0.1906,-0.224,-0.2413,-0.2498,-0.2534,-0.2543,-0.2536,-0.2522,-0.2502,-0.2482,-0.7179,-0.7558,-0.781,-0.7826,-0.7641,-0.756,-0.8026,-0.913,-0.9491,-0.7908,-0.6015,-0.4785,-0.4119,-0.3834,-0.3864,-0.4241,-0.507,-0.6456,-0.7907,-0.682,-0.1006,0.6789,0.6447,0.2203,-0.0326,-0.1533,-0.2106,-0.2378,-0.2505,-0.2557,-0.2569,-0.2562,-0.2543,-0.252,-0.2494,-0.2469,-0.7756,-0.8399,-0.893,-0.9009,-0.8499,-0.7982,-0.8405,-1.0484,-1.1701,-0.8719,-0.5906,-0.4454,-0.375,-0.3441,-0.3462,-0.3927,-0.5056,-0.7222,-1.0385,-0.9981,-0.4949,0.0305,0.1528,-0.019,-0.1494,-0.2151,-0.2454,-0.2583,-0.2627,-0.2629,-0.261,-0.2582,-0.2549,-0.2516,-0.2484,-0.2454,-0.8298,-0.9317,-1.0446,-1.0896,-0.9765,-0.8292,-0.785,-0.894,-0.9531,-0.7062,-0.4863,-0.3773,-0.3204,-0.2845,-0.271,-0.3111,-0.4332,-0.6373,-0.8639,-0.8909,-0.8591,-0.7069,-0.4389,-0.3217,-0.2935,-0.2873,-0.284,-0.2799,-0.2751,-0.27,-0.2648,-0.2598,-0.2551,-0.2508,-0.247,-0.2436,-0.8623,-0.9915,-1.1672,-1.2879,-1.0941,-0.8472,-0.6898,-0.6038,-0.5106,-0.3877,-0.3204,-0.2921,-0.2614,-0.2092,-0.1374,-0.1433,-0.3036,-0.5087,-0.6927,-0.9031,-1.3117,-1.1992,-0.7493,-0.5022,-0.3917,-0.3405,-0.3135,-0.2968,-0.2848,-0.2753,-0.2673,-0.2605,-0.2546,-0.2494,-0.245,-0.2412,-0.861,-0.9828,-1.1227,-1.1955,-1.072,-0.8432,-0.6198,-0.402,-0.1324,-0.0135,-0.1379,-0.2201,-0.2209,-0.1483,0.0785,0.2003,-0.169,-0.4533,-0.6384,-0.8408,-1.1308,-1.0674,-0.7513,-0.5373,-0.4225,-0.3619,-0.3277,-0.3059,-0.2902,-0.278,-0.2681,-0.2599,-0.253,-0.2472,-0.2423,-0.2382,-0.8321,-0.9408,-1.0722,-1.2303,-1.1746,-0.8555,-0.6076,-0.3524,0.2395,0.5311,-0.0003,-0.1936,-0.215,-0.164,0.0424,0.2036,-0.2344,-0.5491,-0.696,-0.7445,-0.7846,-0.7424,-0.6092,-0.4849,-0.4042,-0.3578,-0.3293,-0.3085,-0.2919,-0.2783,-0.2672,-0.258,-0.2503,-0.2439,-0.2387,-0.2345,-0.7828,-0.8791,-1.0136,-1.1854,-1.1205,-0.8158,-0.6726,-0.6241,-0.1808,0.1709,-0.1055,-0.2296,-0.2313,-0.1852,-0.1756,-0.2549,-0.5124,-0.9217,-1.0281,-0.8119,-0.6585,-0.5641,-0.4804,-0.4115,-0.3691,-0.3468,-0.3285,-0.3091,-0.2914,-0.2767,-0.2646,-0.2546,-0.2463,-0.2395,-0.234,-0.2298,-0.7165,-0.7848,-0.8628,-0.9157,-0.8532,-0.7291,-0.7378,-0.8936,-0.6971,-0.3324,-0.2596,-0.3071,-0.2947,-0.1559,-0.1839,-0.4177,-0.7066,-1.6519,-1.6847,-0.9178,-0.5886,-0.4453,-0.3763,-0.3471,-0.3488,-0.3558,-0.3381,-0.3116,-0.2901,-0.2739,-0.2609,-0.25,-0.2409,-0.2335,-0.228,-0.224,-0.6429,-0.6817,-0.7132,-0.7182,-0.6825,-0.6463,-0.6812,-0.7752,-0.6612,-0.3792,-0.2758,-0.3762,-0.4272,-0.4408,-0.3829,-0.5662,-0.6813,-1.1314,-1.2133,-0.7234,-0.4241,-0.2967,-0.2673,-0.2914,-0.3534,-0.3901,-0.3522,-0.3118,-0.2871,-0.2702,-0.2562,-0.2439,-0.2334,-0.2254,-0.2199,-0.2166,-0.5723,-0.5906,-0.5994,-0.5923,-0.5705,-0.5514,-0.5508,-0.5379,-0.428,-0.2519,-0.1484,-0.1738,-0.2442,-0.2116,-0.4085,-0.6175,-0.9803,-0.7179,-0.583,-0.3464,-0.1263,-0.0715,-0.1296,-0.2153,-0.3099,-0.3568,-0.3309,-0.3013,-0.2825,-0.2668,-0.251,-0.2356,-0.2227,-0.2137,-0.2088,-0.207,-0.5096,-0.5155,-0.5134,-0.5014,-0.481,-0.4565,-0.426,-0.3702,-0.262,-0.0972,0.1051,0.0705,-0.0356,-0.1673,-0.2908,-0.5378,-0.7821,-0.4699,-0.2189,0.0007,0.2598,0.2072,0.0184,-0.1194,-0.221,-0.278,-0.2938,-0.2927,-0.2836,-0.2673,-0.2456,-0.223,-0.2052,-0.1955,-0.193,-0.1945,-0.4556,-0.4538,-0.4456,-0.43,-0.4068,-0.376,-0.3334,-0.27,-0.176,-0.0464,0.0947,0.0625,0.0729,0.0873,-0.0322,-0.1228,-0.16,0.0122,0.2038,0.2409,0.34,0.2816,0.1016,-0.0498,-0.1718,-0.2581,-0.3037,-0.3146,-0.3028,-0.2759,-0.2388,-0.2005,-0.1741,-0.166,-0.1705,-0.179,-0.4094,-0.4027,-0.3905,-0.3721,-0.3467,-0.3132,-0.2691,-0.2113,-0.1386,-0.0577,0.009,0.0502,0.1274,0.1897,0.4041,0.5192,0.3607,0.4954,0.732,0.5132,0.3729,0.2748,0.1441,-0.0163,-0.1874,-0.3317,-0.3936,-0.3836,-0.3472,-0.295,-0.2275,-0.1578,-0.118,-0.1203,-0.1414,-0.162,-0.3698,-0.3599,-0.3452,-0.325,-0.2986,-0.2652,-0.2235,-0.1731,-0.115,-0.0534,0.0075,0.0769,0.1866,0.4516,1.3081,1.6756,0.7991,0.6602,0.7909,0.8491,0.6176,0.4008,0.2235,0.0141,-0.2454,-0.4865,-0.5428,-0.4831,-0.4139,-0.327,-0.2149,-0.0941,-0.0382,-0.0667,-0.114,-0.1486,-0.3358,-0.3238,-0.3075,-0.2865,-0.2602,-0.2279,-0.1894,-0.1444,-0.0935,-0.0372,0.0275,0.1142,0.2612,0.5784,1.225,1.4345,0.8778,0.7713,1.1895,1.4107,0.8654,0.5755,0.3759,0.1029,-0.2512,-0.5408,-0.5955,-0.5912,-0.5027,-0.379,-0.2302,-0.0692,-0.0018,-0.0474,-0.1072,-0.1464,-0.3067,-0.2933,-0.2762,-0.255,-0.2292,-0.1985,-0.1626,-0.1212,-0.0742,-0.0201,0.0457,0.1343,0.2682,0.4776,0.7302,0.8155,0.7197,0.7482,0.9892,1.0843,0.895,0.8292,0.7168,0.3419,-0.1628,-0.6092,-0.9514,-0.8553,-0.6144,-0.4496,-0.2993,-0.1513,-0.0787,-0.0941,-0.1309,-0.1583,-0.2817,-0.2675,-0.25,-0.229,-0.204,-0.1748,-0.1412,-0.1027,-0.0586,-0.0073,0.0547,0.1336,0.2367,0.3637,0.4861,0.5543,0.5804,0.6411,0.7534,0.8503,1.0084,1.407,1.4923,0.8089,0.0111,-0.6854,-1.2327,-0.9907,-0.6482,-0.512,-0.3872,-0.2647,-0.1885,-0.1663,-0.17,-0.1784,-0.2602,-0.2456,-0.2282,-0.2076,-0.1836,-0.1559,-0.1243,-0.0884,-0.0474,-0.0001,0.0554,0.1216,0.1995,0.2846,0.3643,0.4269,0.4801,0.5476,0.6455,0.8036,1.1647,1.8918,2.1154,1.1773,0.2337,-0.4191,-0.7596,-0.6985,-0.6036,-0.5612,-0.4497,-0.3382,-0.2616,-0.2212,-0.2041,-0.1979,-0.2418,-0.2271,-0.2099,-0.1899,-0.167,-0.1408,-0.1113,-0.0779,-0.0403,0.0024,0.0509,0.106,0.1669,0.2306,0.2922,0.3491,0.4062,0.4752,0.5737,0.7392,1.0473,1.483,1.5592,0.9916,0.3183,-0.1725,-0.4454,-0.546,-0.5935,-0.5596,-0.4578,-0.3619,-0.293,-0.2498,-0.2249,-0.2112]},{"header":{"la1":42.85,"la2":41.18,"lo1":11.55,"lo2":14.05,"nx":36,"ny":24,"dx":0.07143,"dy":0.07261,"parameterCategory":2,"parameterNumber":3,"parameterNumberName":"northward_wind","parameterUnit":"m.s-1"},"data":[-0.6531,-0.648,-0.6414,-0.6333,-0.6236,-0.6128,-0.6017,-0.5911,-0.5815,-0.5725,-0.5628,-0.5511,-0.536,-0.5169,-0.4938,-0.4673,-0.4384,-0.4087,-0.3798,-0.3538,-0.3327,-0.3189,-0.314,-0.3181,-0.3291,-0.344,-0.3605,-0.377,-0.3928,-0.4075,-0.4211,-0.4336,-0.445,-0.4556,-0.4652,-0.4741,-0.6602,-0.655,-0.6477,-0.6382,-0.6263,-0.6126,-0.5985,-0.5859,-0.5763,-0.5692,-0.5624,-0.5528,-0.5383,-0.5178,-0.4913,-0.4595,-0.4239,-0.3866,-0.35,-0.3164,-0.2883,-0.2699,-0.2656,-0.2752,-0.2943,-0.3173,-0.3405,-0.3621,-0.3817,-0.3993,-0.4151,-0.4292,-0.442,-0.4536,-0.4641,-0.4736,-0.6682,-0.6629,-0.6551,-0.6438,-0.6286,-0.6098,-0.5896,-0.5725,-0.5627,-0.5601,-0.5597,-0.5551,-0.5427,-0.5213,-0.491,-0.4526,-0.4081,-0.3607,-0.3141,-0.2705,-0.2311,-0.2036,-0.2,-0.2209,-0.2542,-0.2891,-0.3209,-0.3484,-0.3721,-0.3925,-0.4103,-0.4261,-0.4401,-0.4527,-0.464,-0.4742,-0.6769,-0.672,-0.6639,-0.651,-0.6313,-0.6039,-0.571,-0.5424,-0.5309,-0.5388,-0.5528,-0.5586,-0.5508,-0.529,-0.4944,-0.4478,-0.391,-0.3293,-0.2707,-0.2171,-0.1605,-0.1112,-0.1091,-0.1543,-0.2118,-0.2628,-0.3042,-0.3375,-0.3649,-0.3878,-0.4074,-0.4245,-0.4396,-0.453,-0.4651,-0.4759,-0.6863,-0.6822,-0.6747,-0.6612,-0.637,-0.5966,-0.5382,-0.4786,-0.4591,-0.4939,-0.5406,-0.5654,-0.5646,-0.5432,-0.5044,-0.4481,-0.3743,-0.2893,-0.2139,-0.1604,-0.0884,0.0094,0.0053,-0.0883,-0.1778,-0.2444,-0.2936,-0.3311,-0.3611,-0.3857,-0.4066,-0.4247,-0.4407,-0.4549,-0.4675,-0.4788,-0.6957,-0.6929,-0.6872,-0.6756,-0.6504,-0.5968,-0.4957,-0.3579,-0.307,-0.4155,-0.53,-0.5816,-0.5874,-0.5662,-0.5245,-0.4597,-0.3648,-0.2398,-0.1246,-0.0964,-0.0589,0.0724,0.0597,-0.0667,-0.169,-0.2403,-0.2916,-0.3305,-0.3612,-0.3866,-0.4082,-0.427,-0.4436,-0.4584,-0.4716,-0.4833,-0.7043,-0.7022,-0.6986,-0.6921,-0.6746,-0.6222,-0.4902,-0.2418,-0.1216,-0.3625,-0.5531,-0.6178,-0.622,-0.6,-0.5595,-0.4923,-0.3829,-0.2168,-0.0323,-0.0327,-0.0768,-0.0317,-0.0367,-0.1117,-0.1894,-0.2512,-0.2986,-0.3355,-0.3654,-0.3905,-0.4122,-0.4314,-0.4485,-0.4638,-0.4774,-0.4895,-0.7113,-0.7081,-0.7032,-0.7004,-0.7004,-0.679,-0.5919,-0.4083,-0.3227,-0.5133,-0.6501,-0.6799,-0.667,-0.6442,-0.6145,-0.5569,-0.4478,-0.2882,-0.1303,-0.0902,-0.0624,-0.0597,-0.105,-0.1624,-0.2206,-0.2709,-0.3118,-0.345,-0.3728,-0.397,-0.4184,-0.4379,-0.4555,-0.4713,-0.4854,-0.4977,-0.7172,-0.7112,-0.7004,-0.6921,-0.7117,-0.7425,-0.7507,-0.7349,-0.7538,-0.808,-0.8036,-0.7562,-0.7131,-0.6941,-0.6997,-0.6712,-0.5491,-0.3947,-0.2561,-0.1237,0.0602,0.0271,-0.1107,-0.1943,-0.2505,-0.2937,-0.3283,-0.3572,-0.3824,-0.4054,-0.4267,-0.4465,-0.4648,-0.4813,-0.4958,-0.5084,-0.7236,-0.7158,-0.7032,-0.6967,-0.7207,-0.7987,-0.8937,-0.9929,-1.1238,-1.1528,-0.979,-0.8235,-0.7456,-0.7338,-0.8254,-0.8826,-0.6489,-0.4608,-0.327,-0.187,-0.0272,-0.0413,-0.1543,-0.2316,-0.2814,-0.3174,-0.3458,-0.3701,-0.3929,-0.415,-0.4366,-0.4574,-0.4768,-0.4943,-0.5094,-0.5221,-0.7321,-0.7228,-0.6982,-0.644,-0.6723,-0.846,-1.0241,-1.1766,-1.4459,-1.5903,-1.1161,-0.8506,-0.7564,-0.7427,-0.8133,-0.8857,-0.6225,-0.4529,-0.3581,-0.2794,-0.2091,-0.1962,-0.2336,-0.2773,-0.3131,-0.3405,-0.3621,-0.382,-0.4028,-0.4251,-0.4482,-0.471,-0.4923,-0.5112,-0.5271,-0.5397,-0.7437,-0.7374,-0.7131,-0.6614,-0.7052,-0.9313,-1.1744,-1.3286,-1.3727,-1.3849,-1.0422,-0.8205,-0.7572,-0.7995,-0.7299,-0.5998,-0.4678,-0.374,-0.3365,-0.3133,-0.2866,-0.276,-0.2882,-0.3137,-0.3406,-0.3607,-0.3751,-0.3909,-0.4113,-0.4355,-0.4619,-0.4883,-0.5128,-0.5338,-0.5504,-0.5626,-0.7577,-0.7612,-0.7615,-0.7718,-0.8489,-1.0328,-1.2817,-1.4935,-1.3721,-1.1265,-0.9035,-0.7822,-0.7365,-0.8276,-0.7093,-0.392,-0.296,-0.2964,-0.299,-0.3047,-0.2959,-0.2923,-0.3052,-0.332,-0.3621,-0.3784,-0.3837,-0.3957,-0.4176,-0.4465,-0.479,-0.5116,-0.5411,-0.5648,-0.5818,-0.5924,-0.7702,-0.7831,-0.8022,-0.8395,-0.9165,-1.0475,-1.2203,-1.3718,-1.2792,-1.0016,-0.8124,-0.7894,-0.7732,-0.5013,-0.3653,0.0164,-0.0552,-0.2243,-0.2758,-0.2776,-0.2593,-0.2575,-0.2869,-0.3314,-0.3755,-0.392,-0.3868,-0.3962,-0.4223,-0.4593,-0.5021,-0.5448,-0.5818,-0.6089,-0.625,-0.6318,-0.7776,-0.7949,-0.8196,-0.8577,-0.9156,-0.9938,-1.076,-1.1129,-1.0284,-0.8642,-0.7358,-0.6415,-0.4875,-0.1378,-0.2252,0.122,0.1772,-0.1114,-0.2381,-0.2211,-0.1357,-0.1394,-0.2281,-0.3078,-0.3611,-0.3815,-0.3796,-0.3915,-0.4252,-0.4757,-0.5357,-0.5952,-0.6435,-0.6736,-0.6854,-0.6837,-0.7791,-0.7964,-0.8189,-0.8485,-0.8854,-0.9244,-0.9511,-0.9406,-0.8755,-0.7868,-0.7598,-0.4962,-0.5096,-0.4552,-0.3582,-0.1339,0.0249,-0.1782,-0.2646,-0.1403,0.1926,0.1095,-0.1476,-0.2742,-0.3245,-0.3415,-0.3487,-0.3714,-0.4218,-0.4967,-0.5868,-0.6754,-0.7412,-0.7714,-0.7701,-0.7509,-0.7756,-0.7906,-0.8083,-0.8286,-0.8495,-0.8661,-0.8696,-0.8506,-0.8082,-0.763,-0.7535,-0.6631,-0.7898,-0.8726,-0.6237,-0.4764,-0.3833,-0.3898,-0.3831,-0.2026,0.2348,0.13,-0.1543,-0.2667,-0.2841,-0.2685,-0.2694,-0.3156,-0.4031,-0.5222,-0.6654,-0.8073,-0.9006,-0.9194,-0.8854,-0.8332,-0.769,-0.7809,-0.7938,-0.8068,-0.8179,-0.8237,-0.8201,-0.8043,-0.779,-0.7536,-0.7379,-0.7517,-0.8965,-0.9578,-0.9545,-0.9488,-0.708,-0.5438,-0.5011,-0.4305,-0.2493,-0.2075,-0.2755,-0.2914,-0.2246,-0.1145,-0.0905,-0.2025,-0.3638,-0.5506,-0.7789,-1.018,-1.1531,-1.129,-1.0264,-0.9218,-0.7608,-0.7699,-0.7789,-0.787,-0.7927,-0.7941,-0.7897,-0.7792,-0.7654,-0.7542,-0.7548,-0.7839,-0.8616,-1.0212,-1.575,-1.8207,-1.0275,-0.6585,-0.5817,-0.638,-0.5383,-0.4526,-0.4113,-0.334,-0.1481,0.155,0.2217,-0.0616,-0.3232,-0.5749,-0.9013,-1.2846,-1.4715,-1.3557,-1.1547,-0.9929,-0.7521,-0.759,-0.7652,-0.7703,-0.7733,-0.7734,-0.7701,-0.7642,-0.7582,-0.7567,-0.7669,-0.8005,-0.8794,-1.0704,-1.5004,-1.6248,-1.0842,-0.7873,-0.8143,-0.8738,-0.7045,-0.6201,-0.5556,-0.4237,-0.1746,0.1984,0.2802,-0.0708,-0.3269,-0.5796,-0.9345,-1.3912,-1.6048,-1.438,-1.1961,-1.0156,-0.7436,-0.7487,-0.7532,-0.7565,-0.7583,-0.7582,-0.7565,-0.754,-0.753,-0.7567,-0.7705,-0.8025,-0.8658,-0.9789,-1.12,-1.1273,-0.9545,-0.8154,-0.8006,-0.8103,-0.7849,-0.8135,-0.7878,-0.6081,-0.3491,-0.1507,-0.1542,-0.2213,-0.3725,-0.564,-0.8298,-1.1711,-1.3585,-1.2818,-1.1187,-0.9792,-0.7356,-0.7394,-0.7427,-0.7451,-0.7464,-0.7466,-0.7461,-0.7459,-0.7474,-0.7532,-0.7664,-0.7912,-0.8315,-0.8852,-0.9297,-0.9224,-0.8618,-0.8048,-0.7901,-0.8171,-0.9264,-1.1692,-1.2288,-0.8943,-0.5351,-0.309,-0.2133,-0.2814,-0.4511,-0.5626,-0.7036,-0.898,-1.036,-1.048,-0.9846,-0.9069,-0.7281,-0.7311,-0.7336,-0.7354,-0.7366,-0.7371,-0.7375,-0.7384,-0.741,-0.7467,-0.7574,-0.7743,-0.7974,-0.8223,-0.8378,-0.8327,-0.8103,-0.7916,-0.7996,-0.863,-1.0549,-1.4399,-1.5564,-1.1006,-0.6804,-0.4435,-0.3593,-0.4451,-0.58,-0.589,-0.6375,-0.7415,-0.834,-0.8726,-0.8632,-0.8307,-0.7213,-0.7237,-0.7257,-0.7272,-0.7282,-0.729,-0.7298,-0.7312,-0.7338,-0.7387,-0.7464,-0.7571,-0.77,-0.782,-0.7885,-0.7867,-0.7802,-0.7797,-0.8013,-0.8694,-1.0218,-1.2433,-1.2869,-1.0257,-0.7367,-0.5572,-0.4944,-0.5362,-0.5982,-0.5966,-0.6166,-0.6729,-0.7312,-0.7671,-0.7767,-0.7677]}]