docs/data/wind_grid.json
[{"header":{"la1":42.22,"la2":41.45,"lo1":11.9,"lo2":12.97,"nx":16,"ny":12,"dx":0.07133,"dy":0.07,"parameterCategory":2,"parameterNumber":2,"parameterNumberName":"eastward_wind","parameterUnit":"m.s-1"},"data":[2.3362,2.3864,2.4615,2.5466,2.5593,2.4443,2.2955,2.1864,2.1185,2.0743,2.0377,2.0009,1.9675,1.9464,1.9417,1.9492,2.3342,2.3903,2.5006,2.6955,2.7846,2.5457,2.2967,2.1576,2.0869,2.0495,2.0139,1.965,1.914,1.8867,1.8915,1.9135,2.3142,2.351,2.4374,2.6818,2.8403,2.5177,2.2426,2.1079,2.0413,2.0234,1.9931,1.92,1.8282,1.7926,1.8259,1.8756,2.2849,2.2856,2.2713,2.3483,2.4614,2.323,2.1549,2.0662,1.9986,2.0072,1.9798,1.8736,1.702,1.6628,1.7617,1.8485,2.2621,2.2476,2.2032,2.2167,2.2791,2.2109,2.0849,2.0322,2.0241,2.0172,1.9707,1.8636,1.6738,1.6311,1.7576,1.8526,2.2501,2.2439,2.232,2.2426,2.2603,2.2236,2.1173,2.0551,2.0243,2.0311,1.9451,1.8526,1.8121,1.7832,1.8336,1.8922,2.2433,2.2458,2.2517,2.2724,2.3211,2.3802,2.2543,2.1394,2.0952,2.0387,1.9142,1.7972,1.8626,1.8979,1.9241,1.9493,2.2368,2.244,2.2582,2.2928,2.3843,2.6221,2.3643,2.1538,2.0239,2.0113,1.9583,1.9058,1.9445,1.9972,2.0129,2.0103,2.2289,2.2371,2.2522,2.2827,2.3429,2.4129,2.2839,1.9717,1.8264,1.9709,1.9957,2.0036,2.0646,2.1259,2.1038,2.0657,2.2193,2.2258,2.236,2.2515,2.2684,2.2587,2.1692,2.0069,1.9334,1.987,2.0216,2.0562,2.1352,2.1944,2.1517,2.0986,2.2084,2.212,2.2162,2.2195,2.216,2.1924,2.1373,2.066,2.0256,2.0282,2.0452,2.0745,2.1243,2.1575,2.1382,2.1035,2.1975,2.1982,2.1979,2.1946,2.1846,2.1631,2.1289,2.0913,2.0655,2.0576,2.0627,2.0782,2.1011,2.1164,2.1117,2.0957]},{"header":{"la1":42.22,"la2":41.45,"lo1":11.9,"lo2":12.97,"nx":16,"ny":12,"dx":0.07133,"dy":0.07,"parameterCategory":2,"parameterNumber":3,"parameterNumberName":"northward_wind","parameterUnit":"m.s-1"},"data":[-0.3492,-0.4798,-0.6675,-0.876,-0.8902,-0.5506,-0.1091,0.2174,0.408,0.496,0.5216,0.5184,0.5054,0.4914,0.4792,0.468,-0.3699,-0.5233,-0.8002,-1.2846,-1.5057,-0.8273,-0.0874,0.3486,0.5669,0.629,0.6093,0.5698,0.5324,0.5065,0.4917,0.4803,-0.3522,-0.4786,-0.7053,-1.2765,-1.6591,-0.7443,0.0959,0.5538,0.8125,0.8086,0.6997,0.6081,0.5318,0.4955,0.491,0.4867,-0.31,-0.3896,-0.4463,-0.5766,-0.6857,-0.1885,0.3747,0.7135,1.0652,0.9519,0.7618,0.6338,0.4815,0.4423,0.48,0.4903,-0.2592,-0.326,-0.3779,-0.3714,-0.2167,0.1511,0.5904,0.7812,0.9559,0.8839,0.798,0.724,0.4882,0.4296,0.4899,0.497,-0.1976,-0.2473,-0.2851,-0.2389,-0.0693,0.1608,0.494,0.7241,1.0432,0.8209,0.8945,1.0607,0.7924,0.5854,0.5335,0.5015,-0.1296,-0.1519,-0.1542,-0.1195,-0.0922,-0.1238,0.0678,0.3565,0.6039,0.6796,0.9811,1.3919,0.9898,0.6639,0.5323,0.4777,-0.0685,-0.076,-0.0748,-0.0809,-0.1696,-0.5032,-0.1753,0.1164,0.3566,0.5218,0.7593,0.9431,0.7514,0.5112,0.4208,0.4064,-0.0193,-0.022,-0.0247,-0.0436,-0.1119,-0.2136,-0.0684,0.1646,0.2016,0.3708,0.5303,0.5638,0.3743,0.1839,0.2266,0.3073,0.0202,0.02,0.0186,0.0095,-0.0087,-0.0054,0.0749,0.1801,0.2335,0.3249,0.4058,0.375,0.164,0.0,0.1105,0.2398,0.053,0.0553,0.0581,0.0604,0.0664,0.0896,0.1401,0.2011,0.2554,0.3109,0.3464,0.3121,0.1891,0.0992,0.148,0.2341,0.0807,0.0855,0.092,0.101,0.1155,0.1402,0.1769,0.2198,0.2621,0.2992,0.3184,0.3012,0.2494,0.2095,0.2202,0.2592]}]