docs/data/wind_grid.json
{"header": {"la1":42.1,"la2":41.55,"lo1":12.1,"lo2":12.95,"nx":50,"ny":50,"dx":0.01735,"dy":0.01122,"parameterCategory":2,"parameterNumber":3,"parameterNumberName":"northward_wind","parameterUnit":"m.s-1"}, "data":
[rows 0 to 39 of 50, columns 0 to 49 of 50]
-2.4144,-2.4129,-2.4108,-2.4081,-2.4047,-2.4006,-2.3957,-2.3899,-2.3833,-2.3759,-2.3675,-2.3582,-2.348,-2.3368,-2.3246,-2.3114,-2.2971,-2.2815,-2.2645,-2.2456,-2.2247,-2.2013,-2.1749,-2.145,-2.1111,-2.0728,-2.0296,-1.9814,-1.928,-1.8696,-1.8064,-1.7391,-1.6687,-1.5964,-1.524,-1.4537,-1.3877,-1.3285,-1.2782,-1.2386,-1.2103,-1.1935,-1.1873,-1.1904,-1.2013,-1.2181,-1.2393,-1.2635,-1.2895,-1.3164
-2.4221,-2.4209,-2.419,-2.4165,-2.4133,-2.4094,-2.4046,-2.399,-2.3925,-2.3851,-2.3767,-2.3675,-2.3572,-2.3461,-2.3339,-2.3208,-2.3065,-2.2911,-2.2742,-2.2556,-2.2349,-2.2117,-2.1853,-2.1553,-2.121,-2.0819,-2.0375,-1.9875,-1.9319,-1.8705,-1.8039,-1.7324,-1.6572,-1.5796,-1.5016,-1.4254,-1.3538,-1.2898,-1.2358,-1.1939,-1.1649,-1.1488,-1.1446,-1.1506,-1.1649,-1.1853,-1.2102,-1.2378,-1.267,-1.2968
-2.4299,-2.429,-2.4274,-2.4251,-2.4222,-2.4184,-2.4138,-2.4083,-2.4019,-2.3945,-2.3862,-2.3769,-2.3667,-2.3555,-2.3433,-2.3302,-2.3161,-2.3008,-2.2841,-2.2658,-2.2454,-2.2224,-2.1963,-2.1662,-2.1316,-2.0918,-2.0462,-1.9946,-1.9366,-1.8724,-1.8022,-1.7264,-1.6462,-1.563,-1.4788,-1.3963,-1.3187,-1.2493,-1.1912,-1.1468,-1.1172,-1.1021,-1.1003,-1.1097,-1.1278,-1.1524,-1.1812,-1.2125,-1.2451,-1.2778
-2.4379,-2.4372,-2.4359,-2.434,-2.4312,-2.4277,-2.4232,-2.4179,-2.4116,-2.4043,-2.396,-2.3866,-2.3764,-2.3651,-2.3529,-2.3398,-2.3257,-2.3105,-2.2941,-2.2761,-2.2561,-2.2335,-2.2077,-2.1777,-2.1429,-2.1026,-2.0559,-2.0027,-1.9425,-1.8753,-1.8014,-1.7214,-1.636,-1.5469,-1.4562,-1.3668,-1.2825,-1.2071,-1.1446,-1.0975,-1.0673,-1.0536,-1.0547,-1.068,-1.0905,-1.1195,-1.1526,-1.1879,-1.2239,-1.2597
-2.446,-2.4457,-2.4447,-2.443,-2.4405,-2.4372,-2.433,-2.4277,-2.4215,-2.4143,-2.4059,-2.3966,-2.3862,-2.3749,-2.3626,-2.3494,-2.3354,-2.3203,-2.3042,-2.2866,-2.267,-2.245,-2.2195,-2.1899,-2.155,-2.1142,-2.0666,-2.0118,-1.9494,-1.8793,-1.8019,-1.7174,-1.6268,-1.5316,-1.434,-1.3373,-1.2457,-1.1638,-1.0963,-1.0464,-1.0158,-1.0038,-1.0083,-1.026,-1.0534,-1.0872,-1.1249,-1.1642,-1.2038,-1.2427
-2.4543,-2.4543,-2.4536,-2.4522,-2.4501,-2.447,-2.4429,-2.4379,-2.4318,-2.4245,-2.4162,-2.4068,-2.3963,-2.3848,-2.3724,-2.3591,-2.345,-2.3301,-2.3142,-2.297,-2.278,-2.2566,-2.2317,-2.2025,-2.1678,-2.1267,-2.0782,-2.0219,-1.9574,-1.8845,-1.8035,-1.7147,-1.619,-1.5177,-1.413,-1.3085,-1.209,-1.12,-1.047,-0.9941,-0.9632,-0.9533,-0.9617,-0.9844,-1.0171,-1.0561,-1.0985,-1.142,-1.1852,-1.2271
-2.4627,-2.4631,-2.4628,-2.4617,-2.4598,-2.457,-2.4532,-2.4483,-2.4423,-2.4351,-2.4268,-2.4172,-2.4065,-2.3949,-2.3822,-2.3688,-2.3546,-2.3397,-2.324,-2.3073,-2.2889,-2.2682,-2.2442,-2.2156,-2.1812,-2.1399,-2.0907,-2.033,-1.9664,-1.8909,-1.8065,-1.7136,-1.6129,-1.5055,-1.3937,-1.2812,-1.1733,-1.0766,-0.9976,-0.9416,-0.9104,-0.9031,-0.9159,-0.944,-0.9824,-1.0268,-1.0741,-1.1218,-1.1685,-1.2133
-2.4713,-2.4721,-2.4721,-2.4715,-2.4699,-2.4674,-2.4638,-2.4591,-2.4532,-2.4461,-2.4376,-2.428,-2.4171,-2.4051,-2.3922,-2.3785,-2.3641,-2.3492,-2.3336,-2.3173,-2.2996,-2.2798,-2.2568,-2.229,-2.1952,-2.1539,-2.1041,-2.045,-1.9765,-1.8984,-1.8109,-1.7142,-1.6088,-1.4958,-1.3771,-1.2565,-1.1399,-1.0349,-0.9495,-0.89,-0.8588,-0.8543,-0.8721,-0.906,-0.9503,-1.0002,-1.0522,-1.1039,-1.1539,-1.2014
-2.48,-2.4812,-2.4817,-2.4814,-2.4802,-2.4781,-2.4748,-2.4703,-2.4645,-2.4574,-2.4489,-2.439,-2.4279,-2.4156,-2.4022,-2.3881,-2.3734,-2.3583,-2.3428,-2.3269,-2.3099,-2.2912,-2.2693,-2.2426,-2.2095,-2.1684,-2.1181,-2.0579,-1.9875,-1.9069,-1.8165,-1.7165,-1.6072,-1.4891,-1.3641,-1.2356,-1.1102,-0.9966,-0.9044,-0.8412,-0.81,-0.8087,-0.8316,-0.8715,-0.9217,-0.977,-1.0335,-1.089,-1.142,-1.1919
-2.4889,-2.4905,-2.4915,-2.4916,-2.4909,-2.4891,-2.4861,-2.4819,-2.4762,-2.4692,-2.4606,-2.4505,-2.439,-2.4263,-2.4124,-2.3977,-2.3825,-2.3671,-2.3515,-2.3358,-2.3196,-2.302,-2.2814,-2.2562,-2.2241,-2.1833,-2.1327,-2.0713,-1.9991,-1.9164,-1.8235,-1.7207,-1.6081,-1.4861,-1.3556,-1.2201,-1.0861,-0.9638,-0.8645,-0.7975,-0.7663,-0.7682,-0.7963,-0.8421,-0.898,-0.9581,-1.0188,-1.0775,-1.1331,-1.185
-2.4979,-2.5,-2.5014,-2.5021,-2.5018,-2.5004,-2.4978,-2.4938,-2.4884,-2.4814,-2.4727,-2.4624,-2.4506,-2.4373,-2.4228,-2.4074,-2.3915,-2.3754,-2.3595,-2.3439,-2.3283,-2.3119,-2.293,-2.2694,-2.2386,-2.1985,-2.1476,-2.0851,-2.0112,-1.9264,-1.8314,-1.7265,-1.6118,-1.4871,-1.3526,-1.2113,-1.0697,-0.939,-0.8326,-0.7616,-0.7302,-0.7353,-0.7682,-0.8194,-0.8802,-0.9446,-1.0086,-1.07,-1.1276,-1.181
-2.507,-2.5096,-2.5116,-2.5128,-2.513,-2.5121,-2.5099,-2.5063,-2.5011,-2.4942,-2.4855,-2.4749,-2.4626,-2.4487,-2.4334,-2.4171,-2.4002,-2.3833,-2.3667,-2.3509,-2.3358,-2.3207,-2.3037,-2.2821,-2.253,-2.2138,-2.1627,-2.0991,-2.0235,-1.9367,-1.8399,-1.7338,-1.6182,-1.4924,-1.356,-1.2107,-1.0631,-0.925,-0.8118,-0.7368,-0.705,-0.7125,-0.7494,-0.8049,-0.8697,-0.9372,-1.0037,-1.0668,-1.1257,-1.18
-2.5162,-2.5194,-2.522,-2.5237,-2.5245,-2.5241,-2.5224,-2.5192,-2.5143,-2.5075,-2.4988,-2.488,-2.4753,-2.4607,-2.4444,-2.427,-2.4089,-2.3907,-2.3731,-2.3567,-2.3417,-2.3278,-2.3129,-2.2938,-2.2669,-2.2288,-2.1776,-2.1129,-2.0355,-1.9468,-1.8486,-1.742,-1.6269,-1.502,-1.366,-1.2195,-1.0681,-0.9243,-0.8053,-0.7264,-0.6935,-0.7024,-0.742,-0.8002,-0.8674,-0.9367,-1.0044,-1.0683,-1.1277,-1.1823
-2.5255,-2.5294,-2.5325,-2.5349,-2.5363,-2.5366,-2.5354,-2.5327,-2.5281,-2.5216,-2.5129,-2.5019,-2.4887,-2.4733,-2.456,-2.4373,-2.4176,-2.3978,-2.3786,-2.3609,-2.3456,-2.3326,-2.3202,-2.3042,-2.2799,-2.2433,-2.1922,-2.1262,-2.0468,-1.9561,-1.8567,-1.7504,-1.6371,-1.5154,-1.3827,-1.2381,-1.0862,-0.9392,-0.8159,-0.7333,-0.6986,-0.7073,-0.7476,-0.8065,-0.8741,-0.9435,-1.011,-1.0747,-1.1336,-1.1877
-2.5349,-2.5394,-2.5433,-2.5463,-2.5485,-2.5494,-2.5489,-2.5467,-2.5426,-2.5363,-2.5277,-2.5166,-2.5029,-2.4867,-2.4683,-2.4481,-2.4267,-2.4048,-2.3833,-2.3635,-2.347,-2.3346,-2.3249,-2.3128,-2.2919,-2.2571,-2.2061,-2.1387,-2.057,-1.9642,-1.8637,-1.7581,-1.6481,-1.5316,-1.4051,-1.2662,-1.1175,-0.9707,-0.8451,-0.7595,-0.7222,-0.7287,-0.7671,-0.8243,-0.8901,-0.9578,-1.0237,-1.0859,-1.1435,-1.1965
-2.5444,-2.5495,-2.5541,-2.558,-2.5609,-2.5626,-2.5628,-2.5613,-2.5578,-2.5519,-2.5435,-2.5323,-2.5182,-2.5013,-2.4817,-2.4599,-2.4364,-2.4121,-2.3878,-2.3648,-2.3457,-2.3331,-2.3264,-2.3192,-2.3026,-2.2701,-2.2191,-2.15,-2.0657,-1.9702,-1.8685,-1.7641,-1.6584,-1.5491,-1.4318,-1.3021,-1.1609,-1.0182,-0.8931,-0.8053,-0.7644,-0.7667,-0.8006,-0.8534,-0.9152,-0.9794,-1.0422,-1.1018,-1.1572,-1.2083
-2.5538,-2.5597,-2.5651,-2.5698,-2.5736,-2.5761,-2.5772,-2.5765,-2.5736,-2.5683,-2.5603,-2.5491,-2.5348,-2.5171,-2.4964,-2.4729,-2.4474,-2.4204,-2.3927,-2.3654,-2.3418,-2.3274,-2.3242,-2.3234,-2.3121,-2.2821,-2.2311,-2.1599,-2.0723,-1.9737,-1.8703,-1.7672,-1.6665,-1.5661,-1.4604,-1.3435,-1.2137,-1.079,-0.9575,-0.8689,-0.8238,-0.8199,-0.8469,-0.8931,-0.9488,-1.0077,-1.0661,-1.122,-1.1744,-1.2231
-2.5633,-2.57,-2.5762,-2.5818,-2.5865,-2.59,-2.5921,-2.5923,-2.5903,-2.5857,-2.5781,-2.5672,-2.5527,-2.5345,-2.5127,-2.4876,-2.46,-2.4305,-2.3993,-2.3669,-2.3365,-2.318,-2.3186,-2.3261,-2.321,-2.2936,-2.242,-2.1682,-2.0766,-1.974,-1.8683,-1.7662,-1.6708,-1.5802,-1.4881,-1.3867,-1.2718,-1.1489,-1.034,-0.9461,-0.8967,-0.8854,-0.9038,-0.9414,-0.9894,-1.0418,-1.0947,-1.146,-1.1948,-1.2405
-2.5727,-2.5802,-2.5874,-2.5939,-2.5996,-2.6042,-2.6074,-2.6086,-2.6076,-2.6039,-2.597,-2.5866,-2.5722,-2.5536,-2.5309,-2.5044,-2.4749,-2.4433,-2.4095,-2.3724,-2.3335,-2.3074,-2.3121,-2.3297,-2.3308,-2.305,-2.252,-2.1746,-2.0782,-1.9707,-1.8618,-1.76,-1.6698,-1.5895,-1.5121,-1.4279,-1.3304,-1.2221,-1.1165,-1.0311,-0.9782,-0.9593,-0.9683,-0.9963,-1.0356,-1.0804,-1.1271,-1.1733,-1.2179,-1.2602
-2.582,-2.5904,-2.5985,-2.6061,-2.6129,-2.6187,-2.623,-2.6255,-2.6257,-2.623,-2.6171,-2.6073,-2.5933,-2.5748,-2.5514,-2.5237,-2.4926,-2.4595,-2.4248,-2.3861,-2.3406,-2.3046,-2.3126,-2.3394,-2.3437,-2.3171,-2.2611,-2.1792,-2.077,-1.9635,-1.8502,-1.7478,-1.6622,-1.5921,-1.5296,-1.4634,-1.3845,-1.2927,-1.1985,-1.1177,-1.0627,-1.037,-1.0367,-1.055,-1.0853,-1.1223,-1.1623,-1.2031,-1.2432,-1.2818
-2.5912,-2.6005,-2.6096,-2.6182,-2.6263,-2.6333,-2.639,-2.6429,-2.6444,-2.643,-2.6382,-2.6295,-2.6162,-2.598,-2.5745,-2.5458,-2.5134,-2.4796,-2.4462,-2.4115,-2.3695,-2.3302,-2.3372,-2.3627,-2.3621,-2.3305,-2.2696,-2.1819,-2.073,-1.9525,-1.8337,-1.7296,-1.6475,-1.5869,-1.5388,-1.4903,-1.4302,-1.3557,-1.2743,-1.2001,-1.145,-1.114,-1.1057,-1.1152,-1.1368,-1.1661,-1.1995,-1.2347,-1.2701,-1.3049
-2.6001,-2.6104,-2.6205,-2.6303,-2.6396,-2.6481,-2.6553,-2.6607,-2.6637,-2.6638,-2.6604,-2.6529,-2.6408,-2.6234,-2.6002,-2.571,-2.5374,-2.503,-2.4724,-2.4478,-2.4261,-2.4053,-2.402,-2.4034,-2.3864,-2.3451,-2.2772,-2.1828,-2.0665,-1.9382,-1.813,-1.7059,-1.6264,-1.5741,-1.5393,-1.5074,-1.4652,-1.4076,-1.34,-1.2739,-1.2209,-1.187,-1.1726,-1.1744,-1.1884,-1.2105,-1.2375,-1.2673,-1.2981,-1.3291
-2.6089,-2.62,-2.6312,-2.6422,-2.6529,-2.6628,-2.6716,-2.6787,-2.6835,-2.6852,-2.6834,-2.6774,-2.6668,-2.6509,-2.6287,-2.5995,-2.5647,-2.5291,-2.5007,-2.4873,-2.4932,-2.5059,-2.4884,-2.4531,-2.4134,-2.3596,-2.2835,-2.182,-2.058,-1.9218,-1.7896,-1.6788,-1.6006,-1.5552,-1.532,-1.5149,-1.489,-1.4476,-1.3937,-1.3371,-1.2882,-1.2536,-1.2351,-1.2311,-1.2386,-1.2543,-1.2756,-1.3003,-1.3268,-1.354
-2.6173,-2.6293,-2.6416,-2.6539,-2.6659,-2.6774,-2.6879,-2.6969,-2.7035,-2.707,-2.7069,-2.7027,-2.694,-2.6802,-2.6599,-2.6315,-2.5954,-2.5573,-2.528,-2.5203,-2.542,-2.572,-2.5505,-2.4945,-2.4372,-2.372,-2.288,-2.1796,-2.0485,-1.905,-1.7661,-1.6513,-1.5734,-1.5334,-1.5198,-1.515,-1.5033,-1.4764,-1.4357,-1.3891,-1.3459,-1.3126,-1.2921,-1.284,-1.2864,-1.2969,-1.3131,-1.3332,-1.3556,-1.3792
-2.6253,-2.6383,-2.6516,-2.6651,-2.6786,-2.6918,-2.7041,-2.715,-2.7236,-2.7291,-2.7307,-2.7283,-2.7217,-2.7108,-2.6936,-2.667,-2.63,-2.5877,-2.5535,-2.5429,-2.5631,-2.5901,-2.5726,-2.517,-2.4529,-2.3803,-2.2898,-2.1758,-2.0391,-1.8898,-1.7456,-1.6273,-1.5493,-1.513,-1.5063,-1.5111,-1.5108,-1.4963,-1.4677,-1.4311,-1.3944,-1.3639,-1.3431,-1.3325,-1.3312,-1.3375,-1.3495,-1.3655,-1.3842,-1.4045
-2.6328,-2.6467,-2.6611,-2.6759,-2.6908,-2.7056,-2.7198,-2.7328,-2.7435,-2.7511,-2.7545,-2.7537,-2.7493,-2.7417,-2.729,-2.7059,-2.6687,-2.6214,-2.5786,-2.5582,-2.5666,-2.5827,-2.5689,-2.5219,-2.4589,-2.3832,-2.2888,-2.1711,-2.0311,-1.8784,-1.7312,-1.6109,-1.5327,-1.4983,-1.4959,-1.507,-1.515,-1.5104,-1.4921,-1.4647,-1.4347,-1.4081,-1.3882,-1.3765,-1.3727,-1.3758,-1.3843,-1.3968,-1.4123,-1.4296
-2.6398,-2.6546,-2.67,-2.6859,-2.7023,-2.7188,-2.7349,-2.75,-2.7631,-2.7727,-2.7779,-2.7783,-2.7757,-2.7719,-2.765,-2.7474,-2.7116,-2.6591,-2.6057,-2.5719,-2.565,-2.5687,-2.5553,-2.5157,-2.4568,-2.381,-2.2853,-2.1663,-2.0256,-1.8728,-1.7256,-1.6052,-1.527,-1.4931,-1.4921,-1.5061,-1.5192,-1.5218,-1.5117,-1.4922,-1.4686,-1.4461,-1.428,-1.4162,-1.411,-1.4117,-1.4174,-1.4271,-1.4396,-1.4543
-2.6463,-2.6618,-2.6781,-2.6952,-2.7129,-2.731,-2.7491,-2.7664,-2.7818,-2.7938,-2.8005,-2.8018,-2.8001,-2.7999,-2.8,-2.7899,-2.7569,-2.7003,-2.6364,-2.5884,-2.5659,-2.557,-2.5404,-2.5046,-2.4493,-2.3751,-2.28,-2.162,-2.0234,-1.8737,-1.7296,-1.6115,-1.5339,-1.4991,-1.4968,-1.5108,-1.5258,-1.5327,-1.5287,-1.5156,-1.4976,-1.4791,-1.4633,-1.452,-1.446,-1.4451,-1.4487,-1.456,-1.4661,-1.4784
-2.652,-2.6683,-2.6855,-2.7036,-2.7225,-2.7421,-2.7621,-2.7816,-2.7994,-2.8138,-2.8222,-2.8236,-2.8216,-2.8242,-2.832,-2.8303,-2.8013,-2.742,-2.6695,-2.6089,-2.572,-2.5509,-2.5284,-2.4927,-2.4394,-2.3671,-2.2739,-2.1589,-2.025,-1.8811,-1.7431,-1.6291,-1.5526,-1.5161,-1.5107,-1.522,-1.5364,-1.5452,-1.5449,-1.5366,-1.5232,-1.5083,-1.4948,-1.4844,-1.4782,-1.4762,-1.4782,-1.4836,-1.4917,-1.5019
-2.657,-2.6739,-2.6918,-2.7108,-2.7309,-2.7518,-2.7734,-2.795,-2.8153,-2.8322,-2.8425,-2.8437,-2.8397,-2.8434,-2.8585,-2.8648,-2.8395,-2.779,-2.7012,-2.6313,-2.5825,-2.55,-2.5204,-2.4822,-2.4293,-2.3586,-2.2681,-2.1576,-2.0302,-1.8943,-1.7642,-1.6559,-1.5811,-1.5424,-1.5327,-1.5396,-1.5515,-1.56,-1.5617,-1.5566,-1.5467,-1.5348,-1.5233,-1.514,-1.5079,-1.5052,-1.506,-1.5098,-1.5162,-1.5247
-2.6613,-2.6786,-2.6972,-2.7169,-2.7378,-2.7599,-2.7829,-2.8063,-2.8289,-2.8483,-2.8608,-2.8619,-2.8543,-2.8565,-2.8767,-2.8884,-2.8657,-2.8061,-2.7271,-2.6523,-2.5948,-2.5528,-2.5159,-2.474,-2.4202,-2.3508,-2.2635,-2.1583,-2.0385,-1.9119,-1.7908,-1.689,-1.6165,-1.5757,-1.5611,-1.5628,-1.5708,-1.5776,-1.5796,-1.5763,-1.5688,-1.5592,-1.5495,-1.5413,-1.5354,-1.5324,-1.5322,-1.5348,-1.5398,-1.5467
-2.6647,-2.6824,-2.7014,-2.7216,-2.7432,-2.7661,-2.7902,-2.8149,-2.8392,-2.8608,-2.8755,-2.8771,-2.8657,-2.8633,-2.8841,-2.8974,-2.8764,-2.82,-2.744,-2.6687,-2.6064,-2.5572,-2.5139,-2.468,-2.4129,-2.3445,-2.2605,-2.1611,-2.0493,-1.9324,-1.8207,-1.7256,-1.6557,-1.6132,-1.594,-1.5903,-1.5937,-1.5978,-1.599,-1.5964,-1.5904,-1.5824,-1.5741,-1.5667,-1.5611,-1.5578,-1.557,-1.5586,-1.5623,-1.5679
-2.6673,-2.6852,-2.7044,-2.725,-2.747,-2.7703,-2.7949,-2.8204,-2.8457,-2.8687,-2.8849,-2.8872,-2.8731,-2.8647,-2.8805,-2.8915,-2.8722,-2.8212,-2.7513,-2.679,-2.6152,-2.5616,-2.5134,-2.4639,-2.4074,-2.3398,-2.2592,-2.1656,-2.0619,-1.9544,-1.8519,-1.7636,-1.6965,-1.6528,-1.6295,-1.6205,-1.6193,-1.6201,-1.6198,-1.617,-1.6116,-1.6047,-1.5973,-1.5906,-1.5853,-1.5819,-1.5805,-1.5813,-1.584,-1.5884
-2.669,-2.687,-2.7063,-2.727,-2.749,-2.7724,-2.7971,-2.8226,-2.848,-2.871,-2.8873,-2.8898,-2.8752,-2.8623,-2.8695,-2.8754,-2.8575,-2.8127,-2.7504,-2.6833,-2.6205,-2.5648,-2.5133,-2.4611,-2.4035,-2.3369,-2.2596,-2.1716,-2.0757,-1.9771,-1.8831,-1.8012,-1.737,-1.6926,-1.6659,-1.6524,-1.6467,-1.6442,-1.6418,-1.6382,-1.6329,-1.6264,-1.6197,-1.6134,-1.6082,-1.6046,-1.6029,-1.6029,-1.6047,-1.6082
-2.6698,-2.6878,-2.707,-2.7275,-2.7493,-2.7725,-2.7967,-2.8216,-2.846,-2.8678,-2.8829,-2.8848,-2.8714,-2.8568,-2.8557,-2.8553,-2.8376,-2.7985,-2.7436,-2.6823,-2.6222,-2.5661,-2.5128,-2.459,-2.4008,-2.3354,-2.2613,-2.1787,-2.09,-1.9995,-1.9132,-1.8372,-1.7761,-1.7314,-1.7021,-1.6847,-1.675,-1.6693,-1.6647,-1.6598,-1.6541,-1.6478,-1.6413,-1.6352,-1.6301,-1.6264,-1.6242,-1.6236,-1.6247,-1.6272
-2.6698,-2.6876,-2.7065,-2.7267,-2.748,-2.7705,-2.7939,-2.8175,-2.8404,-2.8601,-2.873,-2.8742,-2.8627,-2.8484,-2.8415,-2.835,-2.8166,-2.7815,-2.7329,-2.6773,-2.6205,-2.5654,-2.5117,-2.4571,-2.399,-2.3351,-2.2642,-2.1866,-2.1044,-2.0212,-1.9419,-1.8712,-1.8129,-1.7686,-1.7374,-1.7168,-1.7037,-1.6949,-1.6881,-1.6818,-1.6754,-1.6688,-1.6623,-1.6563,-1.6511,-1.6472,-1.6446,-1.6435,-1.6439,-1.6456
-2.6689,-2.6864,-2.7049,-2.7246,-2.7452,-2.7668,-2.7889,-2.8109,-2.8317,-2.849,-2.8596,-2.8602,-2.8506,-2.8374,-2.8269,-2.8159,-2.7962,-2.7639,-2.7202,-2.6696,-2.6163,-2.5629,-2.5096,-2.4552,-2.3977,-2.3355,-2.2677,-2.1948,-2.1185,-2.0418,-1.9686,-1.9028,-1.8473,-1.8036,-1.7711,-1.7481,-1.7321,-1.7206,-1.7117,-1.7039,-1.6966,-1.6896,-1.6828,-1.6767,-1.6714,-1.6672,-1.6642,-1.6627,-1.6624,-1.6634
-2.6673,-2.6843,-2.7023,-2.7212,-2.741,-2.7614,-2.7821,-2.8023,-2.8208,-2.8356,-2.8443,-2.8444,-2.8364,-2.8243,-2.8119,-2.7978,-2.7769,-2.7464,-2.7065,-2.66,-2.61,-2.5587,-2.5066,-2.453,-2.3966,-2.3364,-2.2718,-2.2032,-2.1322,-2.0612,-1.9934,-1.9319,-1.8791,-1.8362,-1.8029,-1.7781,-1.7598,-1.7461,-1.7352,-1.726,-1.7177,-1.71,-1.7029,-1.6965,-1.6909,-1.6864,-1.6831,-1.6811,-1.6802,-1.6806
-2.6649,-2.6814,-2.6987,-2.7168,-2.7356,-2.7547,-2.7738,-2.792,-2.8083,-2.821,-2.828,-2.8278,-2.8208,-2.8096,-2.7963,-2.7803,-2.7587,-2.7294,-2.6923,-2.6492,-2.6024,-2.5533,-2.5028,-2.4505,-2.3956,-2.3375,-2.2759,-2.2114,-2.1451,-2.0792,-2.0162,-1.9586,-1.9083,-1.8664,-1.8328,-1.8067,-1.7866,-1.771,-1.7584,-1.7478,-1.7385,-1.7301,-1.7225,-1.7157,-1.7099,-1.7051,-1.7014,-1.6988,-1.6975,-1.6972
-2.6618,-2.6777,-2.6943,-2.7115,-2.7291,-2.7469,-2.7643,-2.7807,-2.7949,-2.8056,-2.8112,-2.8107,-2.8044,-2.7938,-2.7802,-2.7632,-2.7413,-2.7129,-2.6781,-2.6378,-2.5937,-2.547,-2.4983,-2.4476,-2.3945,-2.3387,-2.2801,-2.2193,-2.1573,-2.0959,-2.0371,-1.983,-1.9351,-1.8943,-1.8607,-1.8337,-1.8122,-1.795,-1.781,-1.7692,-1.7589,-1.7498,-1.7416,-1.7345,-1.7283,-1.7231,-1.719,-1.716,-1.7141,-1.7134
