docs/data/wind_grid.json
[{"header":{"la1":42.85,"la2":41.18,"lo1":11.55,"lo2":14.05,"nx":36,"ny":24,"dx":0.07143,"dy":0.07261,"parameterCategory":2,"parameterNumber":2,"parameterNumberName":"eastward_wind","parameterUnit":"m.s-1"},"data":[-0.8227,-0.8261,-0.8296,-0.8328,-0.8356,-0.8373,-0.8366,-0.8322,-0.8233,-0.8103,-0.7948,-0.7793,-0.7664,-0.7574,-0.7532,-0.7535,-0.7572,-0.7625,-0.7675,-0.7705,-0.7706,-0.7681,-0.7635,-0.7577,-0.7514,-0.7451,-0.739,-0.7334,-0.7283,-0.7238,-0.7198,-0.7162,-0.7132,-0.7106,-0.7083,-0.7065,-0.8325,-0.8373,-0.8424,-0.8479,-0.8537,-0.859,-0.8617,-0.859,-0.8485,-0.8303,-0.8075,-0.7847,-0.7661,-0.7542,-0.7498,-0.7523,-0.7602,-0.7704,-0.7794,-0.7844,-0.7842,-0.7798,-0.7725,-0.7641,-0.7555,-0.7473,-0.7398,-0.7331,-0.7271,-0.722,-0.7176,-0.7138,-0.7105,-0.7078,-0.7055,-0.7036,-0.8436,-0.8499,-0.8569,-0.8652,-0.8755,-0.8871,-0.8973,-0.8998,-0.8883,-0.8615,-0.8259,-0.7909,-0.7636,-0.7473,-0.7429,-0.7494,-0.7645,-0.7834,-0.7994,-0.807,-0.805,-0.7962,-0.7842,-0.7716,-0.7598,-0.7492,-0.74,-0.732,-0.7252,-0.7195,-0.7147,-0.7106,-0.7073,-0.7045,-0.7022,-0.7003,-0.8562,-0.8641,-0.8729,-0.8842,-0.9003,-0.9225,-0.9481,-0.965,-0.9551,-0.9124,-0.8527,-0.797,-0.7565,-0.7342,-0.7301,-0.7432,-0.7707,-0.8054,-0.8343,-0.8449,-0.8368,-0.8185,-0.7982,-0.7797,-0.7637,-0.7503,-0.7392,-0.7299,-0.7223,-0.716,-0.7109,-0.7068,-0.7033,-0.7006,-0.6983,-0.6966,-0.8709,-0.8804,-0.8906,-0.9039,-0.9255,-0.9624,-1.0176,-1.0717,-1.0731,-0.9963,-0.8885,-0.7989,-0.7405,-0.7109,-0.7074,-0.7299,-0.7775,-0.842,-0.8963,-0.9088,-0.883,-0.846,-0.813,-0.7867,-0.7661,-0.7497,-0.7367,-0.7263,-0.718,-0.7114,-0.7061,-0.702,-0.6986,-0.696,-0.6939,-0.6922,-0.8887,-0.9005,-0.9115,-0.924,-0.9464,-0.996,-1.0955,-1.2342,-1.2761,-1.1192,-0.9212,-0.7862,-0.7092,-0.6721,-0.6683,-0.701,-0.7763,-0.8915,-0.997,-1.0048,-0.9384,-0.8719,-0.8241,-0.7904,-0.7655,-0.7465,-0.7318,-0.7205,-0.7118,-0.7052,-0.7001,-0.6961,-0.693,-0.6906,-0.6887,-0.6873,-0.9115,-0.9278,-0.9402,-0.9483,-0.9603,-1.0025,-1.1259,-1.3677,-1.4844,-1.198,-0.9042,-0.742,-0.6565,-0.6121,-0.6028,-0.6409,-0.742,-0.9114,-1.0815,-1.0784,-0.9681,-0.8814,-0.8259,-0.7882,-0.7604,-0.7395,-0.7237,-0.712,-0.7035,-0.6972,-0.6926,-0.6891,-0.6864,-0.6843,-0.6828,-0.6817,-0.9406,-0.9673,-0.9874,-0.9915,-0.9789,-0.9762,-1.0378,-1.203,-1.2731,-1.0228,-0.7864,-0.6591,-0.5833,-0.5273,-0.4954,-0.5258,-0.645,-0.8273,-0.99,-1.0067,-0.933,-0.8661,-0.8168,-0.7792,-0.7499,-0.7276,-0.7113,-0.7,-0.6924,-0.6872,-0.6836,-0.6809,-0.6788,-0.6772,-0.676,-0.6753,-0.9757,-1.0233,-1.0691,-1.0853,-1.0408,-0.9577,-0.8965,-0.8672,-0.8017,-0.6841,-0.6063,-0.5589,-0.504,-0.422,-0.3168,-0.3093,-0.4876,-0.7034,-0.848,-0.8968,-0.882,-0.8441,-0.8025,-0.7644,-0.7329,-0.7093,-0.6933,-0.6836,-0.6782,-0.6751,-0.6731,-0.6716,-0.6702,-0.6691,-0.6683,-0.668,-1.0097,-1.0896,-1.1934,-1.2744,-1.2053,-0.9959,-0.8068,-0.6357,-0.4246,-0.3314,-0.4262,-0.4749,-0.4427,-0.3319,-0.0508,0.0893,-0.3298,-0.6734,-0.8453,-0.8957,-0.8802,-0.8376,-0.7888,-0.7437,-0.7072,-0.6818,-0.6675,-0.6617,-0.6605,-0.6609,-0.6613,-0.6612,-0.6606,-0.66,-0.6596,-0.6596,-1.0281,-1.1351,-1.307,-1.515,-1.4524,-1.0588,-0.7772,-0.555,-0.1165,0.0907,-0.3031,-0.4344,-0.4103,-0.3238,-0.0819,0.0947,-0.4255,-0.8552,-1.0385,-1.0203,-0.9336,-0.8463,-0.7728,-0.7131,-0.6677,-0.64,-0.6308,-0.6333,-0.6398,-0.6454,-0.6487,-0.65,-0.6499,-0.6495,-0.6493,-0.6498,-1.0169,-1.1186,-1.2806,-1.4721,-1.3956,-1.0078,-0.7783,-0.6886,-0.3969,-0.1671,-0.3807,-0.4464,-0.386,-0.283,-0.3076,-0.4298,-0.818,-1.3949,-1.5388,-1.2566,-1.0067,-0.8476,-0.7435,-0.6665,-0.6071,-0.5762,-0.5793,-0.5989,-0.6177,-0.6301,-0.6363,-0.6382,-0.638,-0.6372,-0.6371,-0.6381,-0.9785,-1.0459,-1.1294,-1.1824,-1.0914,-0.893,-0.7836,-0.8042,-0.7178,-0.5478,-0.5119,-0.4861,-0.4098,-0.2482,-0.3147,-0.6188,-1.1458,-2.2326,-2.2523,-1.4415,-1.0133,-0.8034,-0.6895,-0.6053,-0.5246,-0.4854,-0.5155,-0.5644,-0.5992,-0.6178,-0.625,-0.6257,-0.6238,-0.6219,-0.6217,-0.6235,-0.9296,-0.9625,-0.9886,-0.9819,-0.9185,-0.8279,-0.7746,-0.772,-0.7335,-0.6421,-0.5844,-0.5178,-0.4714,-0.2533,-0.4776,-0.8097,-1.2178,-1.7663,-1.8117,-1.2405,-0.8533,-0.6733,-0.605,-0.5509,-0.4601,-0.4078,-0.4706,-0.547,-0.5919,-0.6113,-0.6152,-0.6113,-0.6053,-0.6014,-0.6012,-0.6048,-0.8845,-0.8963,-0.8981,-0.8804,-0.8409,-0.7939,-0.7595,-0.7387,-0.7117,-0.6843,-0.6692,-0.6288,-0.5374,-0.4934,-0.6243,-1.1294,-1.5818,-1.2979,-1.1329,-0.8137,-0.4945,-0.4153,-0.4823,-0.5191,-0.4831,-0.4486,-0.4998,-0.5651,-0.6013,-0.6115,-0.6052,-0.5913,-0.5782,-0.5715,-0.5728,-0.5802,-0.8487,-0.8504,-0.8443,-0.8279,-0.8022,-0.7738,-0.7497,-0.7318,-0.7209,-0.7304,-0.7757,-0.7749,-0.7253,-0.6648,-0.7653,-1.1011,-1.3883,-1.077,-0.7921,-0.4347,0.0559,-0.0345,-0.3465,-0.4978,-0.5409,-0.5516,-0.5804,-0.6122,-0.625,-0.6161,-0.5906,-0.5587,-0.534,-0.5254,-0.5323,-0.5483,-0.8222,-0.8196,-0.812,-0.7987,-0.7813,-0.7628,-0.7469,-0.7364,-0.7352,-0.7509,-0.7817,-0.7897,-0.8991,-0.9625,-0.8695,-0.9256,-0.9274,-0.7315,-0.5178,-0.3141,0.1347,0.0168,-0.3295,-0.5121,-0.5976,-0.6422,-0.6668,-0.672,-0.6572,-0.621,-0.5642,-0.5008,-0.4584,-0.4533,-0.476,-0.5087,-0.8032,-0.7992,-0.792,-0.7818,-0.7697,-0.7577,-0.748,-0.7431,-0.7455,-0.7576,-0.7784,-0.8218,-0.9514,-0.9962,-0.9575,-0.9527,-0.7922,-0.4397,-0.1674,-0.3436,-0.2924,-0.3071,-0.4465,-0.5741,-0.6699,-0.739,-0.762,-0.7395,-0.6949,-0.6254,-0.521,-0.4017,-0.3335,-0.3484,-0.406,-0.4662,-0.7895,-0.7854,-0.7794,-0.7718,-0.7635,-0.7558,-0.7504,-0.749,-0.7534,-0.7651,-0.7865,-0.8253,-0.8853,-0.9541,-1.1395,-1.215,-0.8512,-0.4812,-0.3027,-0.4607,-0.4839,-0.4989,-0.5596,-0.645,-0.7425,-0.8398,-0.8603,-0.8025,-0.7345,-0.6365,-0.4742,-0.2705,-0.1717,-0.2332,-0.3427,-0.4336,-0.7797,-0.776,-0.7712,-0.7657,-0.7601,-0.7554,-0.7528,-0.7536,-0.7589,-0.7702,-0.7895,-0.8197,-0.8649,-0.9432,-1.0988,-1.1331,-0.865,-0.6308,-0.5723,-0.5895,-0.5701,-0.5884,-0.6306,-0.6926,-0.7757,-0.8638,-0.8815,-0.8327,-0.7737,-0.6717,-0.4806,-0.2208,-0.1023,-0.1931,-0.3268,-0.4287,-0.7726,-0.7695,-0.7658,-0.7618,-0.7581,-0.7554,-0.7546,-0.7564,-0.7619,-0.772,-0.7877,-0.8106,-0.8431,-0.8892,-0.9377,-0.9207,-0.8056,-0.6807,-0.6144,-0.6029,-0.6155,-0.6428,-0.6736,-0.7156,-0.7784,-0.8402,-0.8733,-0.8615,-0.8242,-0.7463,-0.5839,-0.364,-0.2461,-0.2876,-0.3796,-0.4586,-0.7673,-0.7647,-0.7619,-0.7591,-0.7567,-0.7553,-0.7554,-0.7577,-0.7626,-0.7708,-0.7826,-0.7984,-0.8177,-0.8376,-0.8467,-0.8246,-0.7675,-0.7025,-0.6585,-0.6455,-0.6581,-0.682,-0.6957,-0.7208,-0.7767,-0.8452,-0.8943,-0.8894,-0.9043,-0.8648,-0.734,-0.569,-0.4591,-0.4396,-0.4702,-0.5113,-0.7632,-0.7612,-0.7591,-0.7571,-0.7556,-0.7549,-0.7554,-0.7575,-0.7616,-0.7677,-0.7758,-0.7855,-0.7954,-0.8021,-0.7995,-0.7816,-0.7493,-0.7133,-0.6867,-0.6768,-0.6835,-0.6958,-0.6981,-0.7188,-0.7697,-0.8295,-0.8764,-0.9391,-1.0508,-1.0042,-0.858,-0.7139,-0.6125,-0.5651,-0.557,-0.5678,-0.7601,-0.7584,-0.7568,-0.7554,-0.7544,-0.7541,-0.7547,-0.7564,-0.7594,-0.7636,-0.7688,-0.7741,-0.7783,-0.7792,-0.7738,-0.7604,-0.7405,-0.719,-0.7023,-0.6945,-0.6955,-0.6998,-0.7051,-0.7256,-0.7658,-0.8158,-0.8734,-0.9666,-1.0701,-1.0273,-0.9011,-0.7835,-0.6976,-0.6459,-0.622,-0.6156]},{"header":{"la1":42.85,"la2":41.18,"lo1":11.55,"lo2":14.05,"nx":36,"ny":24,"dx":0.07143,"dy":0.07261,"parameterCategory":2,"parameterNumber":3,"parameterNumberName":"northward_wind","parameterUnit":"m.s-1"},"data":[-0.6988,-0.6989,-0.6979,-0.6957,-0.6921,-0.6875,-0.682,-0.6762,-0.6702,-0.6636,-0.6554,-0.6448,-0.6308,-0.6131,-0.5919,-0.568,-0.5432,-0.5195,-0.4995,-0.4849,-0.4763,-0.4727,-0.4728,-0.4751,-0.4785,-0.4822,-0.4861,-0.49,-0.4938,-0.4976,-0.5013,-0.505,-0.5087,-0.5123,-0.5158,-0.5191,-0.7064,-0.7068,-0.7059,-0.7033,-0.6988,-0.6928,-0.6859,-0.6793,-0.6736,-0.6685,-0.6621,-0.6524,-0.6379,-0.6179,-0.5923,-0.5621,-0.5294,-0.498,-0.4721,-0.4553,-0.448,-0.4482,-0.4527,-0.4591,-0.4657,-0.472,-0.4778,-0.4831,-0.4881,-0.4929,-0.4976,-0.5021,-0.5065,-0.5107,-0.5148,-0.5187,-0.7142,-0.7151,-0.7143,-0.7112,-0.7052,-0.6964,-0.6861,-0.6771,-0.6719,-0.6701,-0.6681,-0.6616,-0.6477,-0.6253,-0.5943,-0.5552,-0.5105,-0.466,-0.4305,-0.4111,-0.4082,-0.4163,-0.4287,-0.4412,-0.4523,-0.4617,-0.4696,-0.4765,-0.4828,-0.4886,-0.4942,-0.4995,-0.5047,-0.5097,-0.5144,-0.5188,-0.7222,-0.7238,-0.7234,-0.7197,-0.7114,-0.6975,-0.6796,-0.6637,-0.6582,-0.6642,-0.6724,-0.6728,-0.6613,-0.6372,-0.6,-0.5489,-0.4853,-0.4176,-0.364,-0.3423,-0.3515,-0.3758,-0.4014,-0.4227,-0.4392,-0.4518,-0.4619,-0.4704,-0.4778,-0.4847,-0.4913,-0.4975,-0.5036,-0.5093,-0.5147,-0.5197,-0.7301,-0.7327,-0.7331,-0.7297,-0.719,-0.6971,-0.6629,-0.6275,-0.6178,-0.6426,-0.6739,-0.6878,-0.681,-0.6562,-0.6131,-0.5478,-0.4558,-0.345,-0.254,-0.2325,-0.2728,-0.3285,-0.3739,-0.4058,-0.4278,-0.4434,-0.4553,-0.465,-0.4736,-0.4815,-0.489,-0.4963,-0.5032,-0.5098,-0.516,-0.5216,-0.7371,-0.7409,-0.7432,-0.7418,-0.7312,-0.7012,-0.6392,-0.5546,-0.5255,-0.5987,-0.6777,-0.7112,-0.7095,-0.6854,-0.6397,-0.5624,-0.436,-0.2532,-0.0841,-0.0724,-0.1816,-0.2858,-0.3533,-0.3941,-0.4197,-0.4371,-0.4501,-0.4608,-0.4703,-0.4791,-0.4876,-0.4959,-0.5039,-0.5115,-0.5185,-0.5248,-0.7422,-0.7467,-0.7512,-0.7549,-0.7514,-0.7242,-0.642,-0.4862,-0.4134,-0.5723,-0.7078,-0.7514,-0.7491,-0.7275,-0.6872,-0.6095,-0.4619,-0.2124,0.0553,0.0492,-0.1354,-0.2727,-0.3486,-0.3906,-0.4161,-0.4334,-0.4466,-0.4578,-0.4679,-0.4777,-0.4873,-0.4967,-0.5059,-0.5146,-0.5225,-0.5296,-0.7439,-0.7467,-0.7513,-0.7612,-0.7752,-0.7764,-0.7287,-0.6081,-0.5539,-0.698,-0.7996,-0.8135,-0.7977,-0.7825,-0.7638,-0.7052,-0.5659,-0.3355,-0.0979,-0.0772,-0.2041,-0.3046,-0.3618,-0.3949,-0.4163,-0.432,-0.4448,-0.4561,-0.4668,-0.4774,-0.4882,-0.4991,-0.5097,-0.5196,-0.5287,-0.5365,-0.7413,-0.7374,-0.7329,-0.7409,-0.7791,-0.8368,-0.8764,-0.8889,-0.9215,-0.9694,-0.9486,-0.8876,-0.8443,-0.8446,-0.8845,-0.8715,-0.7237,-0.5266,-0.3659,-0.305,-0.3227,-0.3558,-0.3821,-0.4021,-0.4184,-0.4324,-0.4447,-0.4559,-0.467,-0.4785,-0.4907,-0.5033,-0.5157,-0.5273,-0.5375,-0.5461,-0.7363,-0.7193,-0.6871,-0.6607,-0.7168,-0.8677,-1.0147,-1.1439,-1.2969,-1.3284,-1.1292,-0.9494,-0.8691,-0.8881,-1.0595,-1.1537,-0.8682,-0.6348,-0.4984,-0.4258,-0.3959,-0.3895,-0.3948,-0.4064,-0.421,-0.4351,-0.4472,-0.4578,-0.4688,-0.4812,-0.4952,-0.5101,-0.5249,-0.5385,-0.5502,-0.5595,-0.7345,-0.7059,-0.6377,-0.5332,-0.5796,-0.8784,-1.1386,-1.3253,-1.6348,-1.7919,-1.2698,-0.9623,-0.8581,-0.8647,-1.0266,-1.1575,-0.8377,-0.6253,-0.5199,-0.4554,-0.4136,-0.3933,-0.3922,-0.4056,-0.4258,-0.4438,-0.4551,-0.4631,-0.4725,-0.4856,-0.5021,-0.5204,-0.5385,-0.5548,-0.568,-0.5778,-0.7419,-0.7177,-0.6563,-0.5616,-0.6269,-0.9732,-1.2893,-1.4575,-1.5307,-1.558,-1.1652,-0.906,-0.83,-0.8511,-0.8343,-0.7821,-0.6478,-0.5514,-0.5069,-0.4442,-0.3924,-0.3682,-0.373,-0.402,-0.4414,-0.4684,-0.474,-0.4728,-0.4778,-0.4917,-0.5122,-0.5357,-0.5587,-0.5784,-0.5933,-0.6029,-0.7567,-0.7515,-0.7377,-0.7406,-0.8503,-1.1052,-1.4011,-1.5847,-1.5202,-1.2385,-0.9748,-0.8348,-0.7986,-0.8584,-0.8023,-0.5971,-0.4629,-0.5471,-0.5454,-0.4111,-0.3351,-0.3106,-0.3337,-0.3981,-0.4819,-0.5256,-0.5084,-0.485,-0.4826,-0.4991,-0.5269,-0.559,-0.5891,-0.6132,-0.6292,-0.6372,-0.7703,-0.7826,-0.8026,-0.8493,-0.953,-1.1238,-1.3353,-1.5275,-1.4144,-1.0583,-0.8276,-0.8096,-0.8165,-0.686,-0.5929,-0.2843,-0.0519,-0.3161,-0.4031,-0.2993,-0.2158,-0.1994,-0.2604,-0.3783,-0.5276,-0.5945,-0.5372,-0.4877,-0.4825,-0.5078,-0.5492,-0.5953,-0.6361,-0.6653,-0.6807,-0.6841,-0.7758,-0.796,-0.826,-0.8743,-0.949,-1.0477,-1.1484,-1.189,-1.0637,-0.8164,-0.6401,-0.6054,-0.5723,-0.4187,-0.4004,0.3155,1.1063,0.2227,-0.133,-0.1119,0.0233,0.0167,-0.1319,-0.304,-0.4677,-0.5421,-0.4994,-0.4629,-0.4735,-0.5195,-0.5851,-0.6542,-0.7107,-0.7445,-0.7548,-0.7475,-0.7717,-0.792,-0.8189,-0.8547,-0.8988,-0.9434,-0.968,-0.9356,-0.811,-0.6061,-0.3905,-0.4176,-0.4503,-0.4371,-0.3039,0.2486,0.7673,0.1957,-0.087,0.0521,0.465,0.3631,0.018,-0.1999,-0.3303,-0.3915,-0.3984,-0.4088,-0.4555,-0.5381,-0.6445,-0.7521,-0.8319,-0.8663,-0.8602,-0.8306,-0.7599,-0.7764,-0.7958,-0.8175,-0.8381,-0.8498,-0.8388,-0.7877,-0.6855,-0.5393,-0.3969,-0.4133,-0.3811,-0.3448,-0.3184,-0.1517,-0.0501,-0.2039,-0.3036,-0.0377,0.5158,0.3984,0.0429,-0.1428,-0.2237,-0.2521,-0.2749,-0.3308,-0.4286,-0.5672,-0.7407,-0.9158,-1.0304,-1.051,-1.004,-0.9326,-0.7433,-0.7548,-0.7665,-0.7768,-0.7822,-0.7771,-0.754,-0.7061,-0.633,-0.5469,-0.4769,-0.4356,-0.3669,-0.3419,-0.3564,-0.3289,-0.3319,-0.5218,-0.7277,-0.3772,-0.0399,0.0298,-0.0653,-0.1374,-0.1422,-0.0968,-0.104,-0.2219,-0.3925,-0.6052,-0.8812,-1.1755,-1.3405,-1.3091,-1.1783,-1.0416,-0.7245,-0.7313,-0.7367,-0.7391,-0.7358,-0.7234,-0.6982,-0.6583,-0.6061,-0.5494,-0.4984,-0.4547,-0.4143,-0.3925,-0.3911,-0.3933,-0.4036,-0.5315,-0.6347,-0.4642,-0.2947,-0.181,-0.1519,-0.141,-0.0702,0.1102,0.1456,-0.1093,-0.364,-0.6386,-1.0296,-1.4975,-1.7216,-1.5824,-1.334,-1.1268,-0.7053,-0.7082,-0.709,-0.7064,-0.6986,-0.6835,-0.6597,-0.6271,-0.5876,-0.5455,-0.505,-0.4682,-0.4363,-0.4125,-0.3994,-0.3974,-0.4088,-0.4512,-0.4837,-0.4889,-0.3564,-0.2274,-0.1647,-0.1398,-0.0742,0.1315,0.1793,-0.1556,-0.3848,-0.6405,-1.0612,-1.6217,-1.8788,-1.6785,-1.3797,-1.1489,-0.6867,-0.6867,-0.6845,-0.6789,-0.6688,-0.6534,-0.6318,-0.6046,-0.573,-0.5395,-0.5064,-0.4753,-0.4475,-0.4247,-0.4092,-0.4023,-0.4034,-0.4139,-0.4307,-0.4142,-0.2901,-0.1405,-0.0771,-0.1107,-0.1594,-0.217,-0.3945,-0.4101,-0.4426,-0.5962,-0.9072,-1.3392,-1.5756,-1.4807,-1.2742,-1.0934,-0.6695,-0.6674,-0.6631,-0.6558,-0.6449,-0.6299,-0.6106,-0.5873,-0.5611,-0.5333,-0.5054,-0.4786,-0.4541,-0.4328,-0.416,-0.4034,-0.3928,-0.3809,-0.3585,-0.2939,-0.1328,0.1056,0.1742,-0.0034,-0.1948,-0.3869,-0.5849,-0.5129,-0.4575,-0.519,-0.7003,-0.9647,-1.1519,-1.1712,-1.0903,-0.9886,-0.6538,-0.6502,-0.6446,-0.6365,-0.6255,-0.6112,-0.5938,-0.5736,-0.5511,-0.5274,-0.5033,-0.4798,-0.4575,-0.4371,-0.4186,-0.4011,-0.3815,-0.3543,-0.3073,-0.2115,-0.0135,0.293,0.375,0.0926,-0.1717,-0.3515,-0.4537,-0.4451,-0.4122,-0.4403,-0.5588,-0.7271,-0.8657,-0.9251,-0.917,-0.8759,-0.6397,-0.6351,-0.6288,-0.6203,-0.6094,-0.5961,-0.5803,-0.5624,-0.5427,-0.522,-0.5007,-0.4796,-0.4589,-0.4389,-0.4192,-0.3984,-0.3735,-0.339,-0.2845,-0.1913,-0.0367,0.1506,0.1922,0.0221,-0.1735,-0.3116,-0.3893,-0.413,-0.4049,-0.4245,-0.5036,-0.6119,-0.7089,-0.7682,-0.7876,-0.7797]}]