docs/data/wind_grid.json
[{"header":{"la1":42.85,"la2":41.18,"lo1":11.55,"lo2":14.05,"nx":36,"ny":24,"dx":0.07143,"dy":0.07261,"parameterCategory":2,"parameterNumber":2,"parameterNumberName":"eastward_wind","parameterUnit":"m.s-1"},"data":[2.767,2.7548,2.7409,2.7257,2.7097,2.6939,2.6793,2.6671,2.6578,2.6513,2.6465,2.6421,2.6369,2.6301,2.6214,2.6111,2.5998,2.5889,2.5798,2.5736,2.5704,2.5694,2.5694,2.569,2.5675,2.5643,2.5595,2.5531,2.5454,2.5367,2.5274,2.5178,2.5082,2.4989,2.4901,2.482,2.7726,2.7586,2.7423,2.7238,2.7037,2.6833,2.6646,2.6495,2.6396,2.6346,2.6324,2.6306,2.6272,2.6208,2.6111,2.5983,2.5835,2.569,2.5574,2.551,2.5499,2.5524,2.5559,2.5586,2.559,2.5569,2.5522,2.5454,2.5369,2.5272,2.5167,2.5059,2.4952,2.4849,2.4752,2.4664,2.78,2.7642,2.7449,2.7222,2.6963,2.669,2.6432,2.6233,2.6125,2.6106,2.6137,2.6167,2.6163,2.6108,2.5999,2.5834,2.5629,2.5417,2.5253,2.5186,2.5218,2.5307,2.5404,2.5475,2.5506,2.5496,2.545,2.5375,2.5278,2.5166,2.5046,2.4924,2.4803,2.4688,2.4582,2.4487,2.7898,2.7724,2.7501,2.7223,2.6888,2.6508,2.6127,2.5829,2.5703,2.5756,2.589,2.6004,2.6047,2.6008,2.5884,2.5669,2.5369,2.5031,2.4771,2.4703,2.4828,2.5039,2.5235,2.5369,2.5431,2.5431,2.538,2.5292,2.5178,2.5048,2.4909,2.4768,2.463,2.4502,2.4385,2.4283,2.8029,2.7845,2.7597,2.7268,2.684,2.6307,2.5712,2.5206,2.5034,2.5245,2.5581,2.5826,2.593,2.5912,2.5778,2.5507,2.5068,2.4499,2.4031,2.3973,2.4304,2.4736,2.5079,2.5286,2.5376,2.5377,2.5314,2.5205,2.5067,2.4912,2.4748,2.4585,2.4428,2.4284,2.4155,2.4045,2.8202,2.802,2.7762,2.7395,2.688,2.6171,2.5258,2.4342,2.4041,2.459,2.5264,2.5661,2.5818,2.5818,2.5688,2.5387,2.4803,2.3875,2.2998,2.2985,2.3723,2.4485,2.499,2.5257,2.5355,2.534,2.525,2.511,2.4939,2.4752,2.4558,2.4367,2.4188,2.4025,2.3884,2.3767,2.8422,2.8262,2.8018,2.7651,2.7099,2.6276,2.5092,2.3689,2.3177,2.4152,2.5089,2.5542,2.5699,2.5701,2.5603,2.5354,2.4758,2.3573,2.2236,2.2289,2.3462,2.4471,2.5047,2.5309,2.5375,2.5319,2.5184,2.5,2.4786,2.4558,2.4327,2.4105,2.3899,2.3716,2.3562,2.344,2.869,2.8575,2.8382,2.8068,2.7566,2.6786,2.5652,2.4352,2.3854,2.4479,2.5099,2.5429,2.552,2.5492,2.5453,2.5375,2.5048,2.4183,2.3076,2.307,2.4028,2.485,2.5289,2.5448,2.5431,2.5304,2.5106,2.4864,2.4597,2.4319,2.4044,2.3783,2.3546,2.3342,2.3176,2.305,2.8999,2.8953,2.8849,2.8649,2.8288,2.7674,2.6734,2.5603,2.4736,2.4496,2.4854,2.5197,2.5189,2.5052,2.5079,2.5296,2.5464,2.5309,2.4916,2.4846,2.5181,2.5512,2.5659,2.5639,2.5498,2.5276,2.4999,2.4687,2.4355,2.4018,2.369,2.3384,2.3113,2.2885,2.2708,2.2583,2.9335,2.9376,2.9395,2.9365,2.9231,2.8871,2.8022,2.6221,2.3382,2.2238,2.3891,2.4858,2.4608,2.4109,2.4198,2.492,2.5787,2.6366,2.6518,2.6431,2.6319,2.6204,2.6042,2.582,2.554,2.521,2.4843,2.4449,2.4042,2.3635,2.3245,2.2886,2.2574,2.2322,2.2137,2.2021,2.9674,2.9813,2.9973,3.0156,3.0341,3.0429,3.0027,2.7711,2.0185,1.6645,2.3009,2.4843,2.3666,2.2056,2.2319,2.4142,2.6147,2.7644,2.8157,2.7827,2.7269,2.6768,2.6337,2.5931,2.5516,2.5076,2.4612,2.4128,2.3635,2.3147,2.268,2.2256,2.1896,2.1619,2.1433,2.1338,2.9991,3.0221,3.0517,3.0916,3.1464,3.2194,3.2937,3.2708,2.7051,2.185,2.5381,2.5864,2.2671,1.7803,1.9013,2.328,2.6977,3.007,3.0681,2.9279,2.7989,2.7111,2.6469,2.5922,2.5392,2.4847,2.4281,2.3698,2.3108,2.2522,2.1961,2.1454,2.1036,2.0732,2.0556,2.0503,3.026,3.0559,3.0957,3.1512,3.2329,3.3575,3.5267,3.3625,3.7227,3.0821,2.904,2.8622,2.5343,1.6258,1.7667,2.3804,2.8106,3.3623,3.3754,3.0223,2.8211,2.7108,2.6377,2.576,2.5144,2.4496,2.3822,2.3132,2.2432,2.1728,2.1043,2.0424,1.9926,1.9597,1.9453,1.9477,3.0465,3.0801,3.1244,3.1852,3.2729,3.4059,3.6194,4.0063,3.8399,3.3275,3.1356,3.151,3.1169,2.6894,2.4963,2.6106,2.7896,3.1198,3.1741,2.933,2.7613,2.6658,2.6041,2.5443,2.4755,2.3991,2.3197,2.2396,2.1579,2.0729,1.9871,1.9082,1.8471,1.8121,1.8049,1.8212,3.06,3.0942,3.1378,3.1945,3.2698,3.37,3.4942,3.5889,3.5163,3.3912,3.3647,3.2987,3.1513,3.2526,2.8883,2.7336,2.6433,2.8011,2.851,2.751,2.6307,2.579,2.5529,2.501,2.4212,2.3278,2.2346,2.1451,2.0528,1.9497,1.8374,1.7307,1.6519,1.6166,1.6252,1.6662,3.0671,3.0997,3.1392,3.1874,3.2451,3.3107,3.3737,3.4116,3.4247,3.5089,3.7596,3.6499,3.4711,3.2491,3.0729,2.8458,2.7055,2.7448,2.708,2.6067,2.4692,2.4784,2.5045,2.4518,2.3458,2.2235,2.1156,2.0251,1.9291,1.8037,1.6473,1.491,1.3833,1.3542,1.396,1.4804,3.0689,3.0987,3.1333,3.173,3.2171,3.263,3.3062,3.3456,3.4009,3.5258,3.7268,3.6399,3.6829,3.7163,3.3161,3.0746,2.8796,2.6915,2.5515,2.5322,2.4461,2.4635,2.4821,2.3963,2.2343,2.0602,1.9418,1.8764,1.7961,1.643,1.4102,1.1624,1.009,1.0055,1.1145,1.2698,3.0669,3.0936,3.1235,3.1565,3.1918,3.2282,3.2652,3.3059,3.3609,3.4391,3.5122,3.5493,3.7177,3.7551,3.5304,3.3969,3.0214,2.5056,2.1759,2.4609,2.5398,2.5297,2.4813,2.331,2.0709,1.7967,1.6822,1.7046,1.6762,1.4906,1.1327,0.7263,0.5114,0.5785,0.8048,1.0596,3.0619,3.0857,3.1117,3.1396,3.1692,3.2,3.2326,3.269,3.3123,3.3617,3.4089,3.4568,3.5253,3.5931,3.8828,4.0148,3.2608,2.6201,2.3675,2.5977,2.6351,2.6007,2.5041,2.2856,1.9008,1.4504,1.3517,1.5582,1.6084,1.3894,0.8783,0.2646,-0.0052,0.1812,0.5489,0.9011,3.0549,3.076,3.0987,3.1227,3.148,3.1744,3.2023,3.2327,3.2659,3.3009,3.3361,3.3742,3.4257,3.532,3.8005,3.855,3.3059,2.8605,2.7657,2.797,2.7363,2.6953,2.5892,2.3351,1.9042,1.4021,1.3026,1.5873,1.6321,1.3892,0.808,0.0969,-0.192,0.0494,0.4698,0.8534,3.0464,3.0651,3.0849,3.1056,3.1272,3.1497,3.1731,3.1976,3.2231,3.249,3.2751,3.3036,3.3411,3.4015,3.4728,3.4217,3.1798,2.9356,2.8221,2.8058,2.8254,2.8705,2.8129,2.5352,2.1192,1.8112,1.8067,1.806,1.7316,1.4917,1.001,0.4215,0.1518,0.2947,0.6157,0.9366,3.0368,3.0532,3.0705,3.0883,3.1067,3.1255,3.1447,3.1641,3.1834,3.2023,3.2205,3.2386,3.2578,3.2759,3.2744,3.2144,3.0903,2.961,2.8859,2.8855,2.9918,3.2206,3.2616,2.8695,2.3578,2.005,1.9068,1.8948,1.8212,1.6288,1.2917,0.9135,0.697,0.7222,0.8966,1.1114,3.0263,3.0407,3.0556,3.0709,3.0864,3.1019,3.1173,3.1323,3.1465,3.1594,3.1707,3.1796,3.1848,3.1817,3.1608,3.1115,3.0383,2.9669,2.9297,2.9618,3.1292,3.4684,3.5656,3.1059,2.5548,2.1698,1.9967,1.9509,1.8907,1.7531,1.5381,1.3055,1.1497,1.1204,1.1934,1.3167,3.0152,3.0278,3.0406,3.0535,3.0663,3.0789,3.0909,3.1021,3.1121,3.1202,3.1259,3.128,3.1248,3.1131,3.0891,3.0507,3.0032,2.9608,2.944,2.9799,3.1041,3.2956,3.3229,3.0332,2.6432,2.3336,2.1495,2.0539,1.975,1.8667,1.7245,1.577,1.468,1.4254,1.4468,1.5107]},{"header":{"la1":42.85,"la2":41.18,"lo1":11.55,"lo2":14.05,"nx":36,"ny":24,"dx":0.07143,"dy":0.07261,"parameterCategory":2,"parameterNumber":3,"parameterNumberName":"northward_wind","parameterUnit":"m.s-1"},"data":[-0.4433,-0.4539,-0.4664,-0.481,-0.4974,-0.5152,-0.534,-0.5535,-0.5736,-0.5948,-0.6178,-0.6431,-0.6712,-0.7015,-0.7335,-0.7655,-0.7954,-0.8203,-0.8368,-0.8429,-0.8378,-0.8229,-0.8004,-0.7729,-0.7425,-0.7108,-0.6786,-0.6468,-0.6156,-0.5855,-0.5567,-0.5293,-0.5034,-0.4793,-0.4569,-0.4362,-0.4316,-0.4425,-0.456,-0.4722,-0.4908,-0.5113,-0.5327,-0.5541,-0.5754,-0.5975,-0.6219,-0.6499,-0.6821,-0.7183,-0.7579,-0.7993,-0.8395,-0.874,-0.8972,-0.9048,-0.896,-0.8737,-0.8424,-0.8061,-0.7679,-0.7293,-0.6914,-0.6545,-0.6191,-0.5853,-0.5533,-0.5231,-0.495,-0.4689,-0.4448,-0.423,-0.4174,-0.4285,-0.443,-0.4612,-0.483,-0.5074,-0.5328,-0.5571,-0.5793,-0.601,-0.6255,-0.6554,-0.6919,-0.7349,-0.784,-0.8379,-0.8934,-0.9433,-0.9773,-0.9866,-0.9703,-0.9352,-0.8901,-0.8418,-0.7935,-0.7469,-0.7024,-0.6602,-0.6202,-0.5825,-0.5471,-0.5141,-0.4835,-0.4554,-0.4298,-0.4067,-0.4002,-0.411,-0.4263,-0.4468,-0.473,-0.5039,-0.5366,-0.566,-0.5886,-0.607,-0.6289,-0.6595,-0.7002,-0.7506,-0.8105,-0.8804,-0.9583,-1.0342,-1.0876,-1.0982,-1.0657,-1.0078,-0.9421,-0.8777,-0.8176,-0.7621,-0.7106,-0.6627,-0.618,-0.5762,-0.5373,-0.5013,-0.4683,-0.4382,-0.4111,-0.3869,-0.3794,-0.389,-0.4043,-0.427,-0.4589,-0.4999,-0.5465,-0.5876,-0.6103,-0.6188,-0.6325,-0.662,-0.7067,-0.7643,-0.8353,-0.9232,-1.0316,-1.1512,-1.2414,-1.2511,-1.1841,-1.0873,-0.9929,-0.9097,-0.8372,-0.7728,-0.7145,-0.661,-0.6115,-0.5657,-0.5232,-0.4843,-0.4487,-0.4167,-0.3882,-0.363,-0.3542,-0.3612,-0.3749,-0.3984,-0.4355,-0.4897,-0.56,-0.6284,-0.6543,-0.6386,-0.6356,-0.6629,-0.7119,-0.776,-0.8555,-0.9582,-1.0985,-1.2801,-1.4357,-1.438,-1.3073,-1.1569,-1.032,-0.932,-0.849,-0.7771,-0.7128,-0.6541,-0.6,-0.55,-0.504,-0.4619,-0.4239,-0.39,-0.3602,-0.3343,-0.3245,-0.3266,-0.3356,-0.356,-0.3942,-0.4584,-0.5544,-0.6646,-0.7023,-0.6518,-0.6334,-0.6625,-0.7175,-0.7873,-0.8706,-0.9765,-1.1281,-1.3496,-1.5669,-1.5589,-1.3703,-1.186,-1.0466,-0.9392,-0.8506,-0.7736,-0.7044,-0.6409,-0.5824,-0.5282,-0.4786,-0.4334,-0.3929,-0.3571,-0.3262,-0.2999,-0.2905,-0.2849,-0.2849,-0.2957,-0.3254,-0.3853,-0.4837,-0.6011,-0.6493,-0.6217,-0.6232,-0.663,-0.727,-0.8032,-0.8862,-0.9821,-1.1087,-1.2837,-1.4545,-1.456,-1.3112,-1.1585,-1.0337,-0.9308,-0.8418,-0.762,-0.6888,-0.6209,-0.5578,-0.4994,-0.4459,-0.3975,-0.3544,-0.3169,-0.2851,-0.2589,-0.2535,-0.2372,-0.2231,-0.2158,-0.2238,-0.2607,-0.3393,-0.4489,-0.5431,-0.5961,-0.6233,-0.6686,-0.7453,-0.833,-0.9155,-0.997,-1.0888,-1.1895,-1.2691,-1.2749,-1.2055,-1.1071,-1.0072,-0.913,-0.8252,-0.743,-0.6659,-0.5934,-0.5255,-0.4625,-0.4047,-0.3527,-0.3069,-0.2679,-0.2356,-0.2099,-0.2162,-0.1869,-0.154,-0.1196,-0.0902,-0.0828,-0.134,-0.3007,-0.582,-0.724,-0.6635,-0.6764,-0.7785,-0.8931,-0.9751,-1.0419,-1.1196,-1.1949,-1.2333,-1.2186,-1.16,-1.077,-0.9854,-0.8932,-0.8037,-0.7177,-0.6356,-0.5578,-0.4844,-0.4161,-0.3534,-0.2973,-0.2486,-0.208,-0.1757,-0.1514,-0.182,-0.1394,-0.0856,-0.0179,0.065,0.1533,0.1921,-0.0164,-0.7966,-1.1467,-0.6981,-0.6571,-0.8342,-1.024,-1.0845,-1.1166,-1.2124,-1.3293,-1.3634,-1.2953,-1.1883,-1.0791,-0.9748,-0.875,-0.7788,-0.6864,-0.5978,-0.5133,-0.4334,-0.3586,-0.2899,-0.2288,-0.1767,-0.1347,-0.1032,-0.0816,-0.1553,-0.1016,-0.0297,0.0695,0.2102,0.4113,0.6745,0.7988,-0.0137,-0.6754,-0.493,-0.5401,-0.8806,-1.347,-1.2418,-1.1903,-1.3628,-1.6478,-1.6862,-1.4641,-1.2528,-1.0961,-0.9698,-0.8567,-0.75,-0.6483,-0.5513,-0.4589,-0.371,-0.2882,-0.2118,-0.1441,-0.0877,-0.0445,-0.0149,0.0021,-0.1395,-0.0799,0.0018,0.1182,0.292,0.5633,0.9861,1.4522,1.0185,0.1181,-0.1989,-0.169,-0.5088,-1.3696,-1.2135,-1.2248,-1.5304,-2.1025,-2.1001,-1.5993,-1.2888,-1.1037,-0.963,-0.8357,-0.7154,-0.6018,-0.4949,-0.3933,-0.2959,-0.2027,-0.1156,-0.0387,0.0235,0.0678,0.0934,0.1026,-0.1366,-0.0776,0.0024,0.1144,0.2769,0.5167,0.8502,1.1755,0.9081,0.1817,-0.1088,0.2908,0.3724,-0.5287,-0.9317,-1.3519,-1.7603,-1.9187,-1.8685,-1.5026,-1.2577,-1.1046,-0.9601,-0.8126,-0.6726,-0.5446,-0.4272,-0.3161,-0.2076,-0.1003,0.0027,0.094,0.1649,0.2094,0.2273,0.2233,-0.1458,-0.0934,-0.025,0.0654,0.1847,0.3353,0.4934,0.551,0.3199,-0.0682,-0.2703,-0.262,-0.4063,-0.6883,-0.8979,-1.8802,-2.8163,-1.9229,-1.5083,-1.3153,-1.258,-1.1705,-0.9835,-0.7864,-0.6164,-0.4735,-0.3482,-0.2292,-0.1074,0.0203,0.1487,0.2639,0.3483,0.391,0.3938,0.3676,-0.1645,-0.1222,-0.0704,-0.008,0.0633,0.1331,0.1717,0.1224,-0.0543,-0.2888,-0.4492,-0.4977,-0.5239,-0.6503,-0.9179,-1.7039,-2.3718,-1.6547,-1.211,-1.1991,-1.5002,-1.3924,-1.0187,-0.7349,-0.5357,-0.3878,-0.264,-0.1403,-0.0013,0.1579,0.3294,0.4863,0.5921,0.6268,0.5997,0.5361,-0.1891,-0.1578,-0.1226,-0.0852,-0.0507,-0.0299,-0.0419,-0.1079,-0.2298,-0.3696,-0.4611,-0.494,-0.5257,-0.5637,-0.8055,-1.1087,-1.2332,-0.9675,-0.7469,-0.9357,-1.5017,-1.3628,-0.9106,-0.6115,-0.4233,-0.3014,-0.1982,-0.0691,0.0991,0.3085,0.5518,0.7818,0.9197,0.9293,0.8453,0.7227,-0.2159,-0.1947,-0.1734,-0.1545,-0.1428,-0.146,-0.1734,-0.2308,-0.3125,-0.3975,-0.4624,-0.5111,-0.5374,-0.576,-0.7951,-0.907,-0.7916,-0.4746,-0.3088,-0.3786,-0.6758,-0.7568,-0.5905,-0.414,-0.3031,-0.271,-0.2158,-0.0457,0.1854,0.4638,0.8122,1.1601,1.3382,1.287,1.1081,0.9058,-0.2423,-0.2293,-0.2182,-0.2114,-0.2124,-0.2257,-0.2552,-0.3017,-0.3605,-0.4219,-0.4785,-0.5325,-0.5925,-0.7107,-1.0076,-1.1077,-0.6873,-0.2508,0.001,0.4531,0.1133,-0.189,-0.2457,-0.2024,-0.2084,-0.3842,-0.4139,-0.0508,0.2872,0.6117,1.058,1.5445,1.7547,1.6094,1.3218,1.0445,-0.2665,-0.2596,-0.2555,-0.256,-0.2634,-0.2801,-0.3076,-0.3455,-0.3909,-0.4397,-0.4895,-0.5429,-0.6119,-0.7324,-0.9474,-0.9861,-0.5615,0.0756,1.2302,1.7224,0.6709,0.1638,0.0217,0.0056,-0.0379,-0.3297,-0.3962,0.2238,0.5042,0.7383,1.1639,1.685,1.8999,1.7165,1.3932,1.0943,-0.2877,-0.285,-0.2854,-0.2899,-0.3001,-0.3171,-0.3414,-0.3725,-0.4088,-0.4481,-0.4894,-0.5341,-0.5868,-0.653,-0.7114,-0.6524,-0.3689,0.1399,0.8406,1.0661,0.5965,0.3016,0.223,0.216,0.3036,0.5747,1.1963,1.1213,0.8477,0.834,1.0887,1.4653,1.6498,1.5392,1.293,1.0431,-0.3054,-0.3056,-0.3085,-0.315,-0.3259,-0.3418,-0.3627,-0.388,-0.4168,-0.4474,-0.4789,-0.5102,-0.54,-0.5615,-0.5521,-0.4674,-0.2704,0.0299,0.3394,0.4597,0.3923,0.3876,0.4027,0.3727,0.5417,1.1147,1.8331,1.5423,1.0472,0.8729,0.9535,1.1478,1.2711,1.2364,1.0954,0.9237,-0.3198,-0.3217,-0.326,-0.3331,-0.3436,-0.3576,-0.375,-0.3953,-0.4173,-0.44,-0.4616,-0.48,-0.4913,-0.4877,-0.455,-0.3746,-0.2363,-0.0554,0.1193,0.2359,0.3241,0.4572,0.4953,0.4294,0.5556,0.9365,1.2912,1.2266,0.9731,0.8275,0.827,0.9053,0.9694,0.9627,0.8897,0.7826,-0.3312,-0.334,-0.3387,-0.3457,-0.3551,-0.367,-0.381,-0.3966,-0.4128,-0.4283,-0.4414,-0.4494,-0.4486,-0.4328,-0.3942,-0.325,-0.2237,-0.1001,0.026,0.1421,0.2607,0.3794,0.4187,0.4033,0.4849,0.6796,0.8526,0.8751,0.7941,0.7229,0.7079,0.7336,0.7601,0.7566,0.7163,0.65]}]