docs/data/wind_grid.json
[{"header":{"la1":42.85,"la2":41.18,"lo1":11.55,"lo2":14.05,"nx":36,"ny":24,"dx":0.07143,"dy":0.07261,"parameterCategory":2,"parameterNumber":2,"parameterNumberName":"eastward_wind","parameterUnit":"m.s-1"},"data":[3.935,3.9271,3.9164,3.9028,3.8866,3.8685,3.8495,3.8305,3.8121,3.7939,3.7752,3.7546,3.7314,3.7049,3.6746,3.6401,3.6008,3.5564,3.5068,3.4541,3.4031,3.3619,3.3374,3.331,3.3381,3.3518,3.3667,3.3797,3.3899,3.3972,3.4022,3.4054,3.4073,3.4085,3.4093,3.41,3.9508,3.9431,3.9317,3.9161,3.8966,3.8744,3.8513,3.8293,3.8096,3.7917,3.7739,3.7541,3.7307,3.703,3.6706,3.633,3.589,3.5371,3.4753,3.4039,3.33,3.2702,3.2412,3.2452,3.2695,3.2996,3.3267,3.3477,3.3628,3.3729,3.3794,3.3836,3.3861,3.3877,3.3888,3.3899,3.9695,3.9627,3.9508,3.9327,3.9083,3.8793,3.849,3.8216,3.8003,3.7844,3.7698,3.7523,3.7296,3.7011,3.6671,3.6272,3.5797,3.5213,3.4457,3.3463,3.2291,3.1298,3.0949,3.126,3.1855,3.2424,3.286,3.3161,3.3357,3.3481,3.3558,3.3604,3.3633,3.3651,3.3665,3.3678,3.9919,3.9876,3.9762,3.9552,3.9236,3.8833,3.8394,3.8012,3.7774,3.7676,3.7612,3.7489,3.7278,3.6987,3.6635,3.6226,3.5746,3.5147,3.4302,3.2951,3.0929,2.8991,2.8612,2.9656,3.0924,3.1877,3.2495,3.2872,3.3098,3.3231,3.3309,3.3355,3.3383,3.3403,3.3419,3.3436,4.0188,4.0199,4.0118,3.9888,3.9473,3.8884,3.8187,3.7556,3.7265,3.7341,3.747,3.7443,3.725,3.6944,3.6577,3.6177,3.574,3.5234,3.4514,3.2959,2.9504,2.5308,2.5204,2.7949,3.0187,3.1505,3.2232,3.263,3.2849,3.297,3.3039,3.308,3.3106,3.3126,3.3144,3.3165,4.0502,4.0623,4.0644,4.0432,3.9891,3.9031,3.7896,3.6692,3.6235,3.6789,3.7307,3.7407,3.7207,3.6851,3.6449,3.6075,3.5742,3.5461,3.5266,3.4221,2.9827,2.3113,2.3465,2.7566,3.0152,3.1459,3.2105,3.2427,3.2592,3.2681,3.2733,3.2767,3.2791,3.2812,3.2834,3.2861,4.0835,4.1155,4.1437,4.1354,4.064,3.9445,3.7859,3.5866,3.5057,3.6379,3.7282,3.7423,3.7141,3.6645,3.6133,3.579,3.5648,3.5639,3.5965,3.5689,3.2635,2.8539,2.7719,2.9519,3.0948,3.1699,3.2047,3.2203,3.2281,3.2329,3.2367,3.2398,3.2426,3.2452,3.248,3.2515,4.1101,4.1706,4.2562,4.2926,4.1801,4.0163,3.8565,3.6849,3.6128,3.6956,3.752,3.7509,3.7041,3.6225,3.5358,3.4987,3.524,3.5587,3.5741,3.5463,3.4678,3.3542,3.222,3.1846,3.1893,3.1915,3.1877,3.184,3.1838,3.1867,3.1911,3.1956,3.1996,3.2033,3.2071,3.2118,4.1147,4.1901,4.3473,4.4862,4.269,4.0683,3.9537,3.8489,3.7756,3.7597,3.7738,3.7642,3.6961,3.5518,3.3476,3.2724,3.4152,3.5437,3.5823,3.5726,3.5887,3.5559,3.4163,3.3051,3.228,3.171,3.1338,3.1174,3.1167,3.1243,3.1339,3.1424,3.149,3.1544,3.1596,3.1658,4.0889,4.1261,4.2064,4.2617,4.0873,4.0468,4.0348,3.9391,3.7477,3.6594,3.7519,3.786,3.7127,3.4984,2.9705,2.6889,3.2538,3.5586,3.641,3.6242,3.5928,3.558,3.451,3.3117,3.1752,3.0683,3.0109,3.0003,3.017,3.0418,3.0637,3.0795,3.0899,3.0972,3.1039,3.1119,4.0517,4.0247,3.9209,3.6431,3.6922,4.0163,4.1752,4.0914,3.5431,3.2592,3.7186,3.8359,3.7743,3.6039,3.0853,2.6948,3.3643,3.6893,3.7727,3.728,3.6441,3.5534,3.4156,3.2145,2.9897,2.8231,2.7718,2.8101,2.8786,2.9398,2.9823,3.0074,3.0212,3.0297,3.0377,3.048,4.0335,3.9849,3.8607,3.6511,3.7281,4.1321,4.465,4.607,4.0845,3.6533,3.883,3.9344,3.8462,3.7251,3.6522,3.5773,3.7366,3.972,4.023,3.8845,3.7312,3.5686,3.3425,3.0008,2.5844,2.315,2.3461,2.5322,2.7092,2.8282,2.8953,2.9276,2.9414,2.9487,2.9571,2.9705,4.0424,4.013,3.962,3.9281,4.0389,4.3271,4.7061,5.0749,4.7817,4.2622,4.1091,4.0814,3.9708,3.7331,3.7553,3.8126,3.9316,4.3392,4.3538,4.0182,3.8015,3.5845,3.2592,2.6874,1.8498,1.366,1.6976,2.2089,2.5489,2.7294,2.8115,2.8402,2.8457,2.8473,2.8556,2.8742,4.0657,4.0617,4.0632,4.0973,4.2045,4.3981,4.654,4.8853,4.746,4.3883,4.2332,4.2172,4.1867,3.8472,3.8793,3.7823,3.9071,4.1686,4.2147,4.0204,3.8276,3.6082,3.2406,2.4831,1.1335,0.3523,1.1709,2.0258,2.4749,2.6711,2.7359,2.7386,2.722,2.7127,2.7223,2.7516,4.0897,4.1017,4.1249,4.1719,4.2545,4.3716,4.4982,4.5694,4.5028,4.3896,4.3492,4.3115,4.2114,4.2737,3.9812,3.7826,4.1386,4.1026,4.101,3.9857,3.8037,3.6394,3.3472,2.6956,1.5912,0.9374,1.519,2.193,2.5403,2.661,2.6583,2.602,2.5449,2.5212,2.5403,2.593,4.1081,4.1272,4.1557,4.1983,4.2568,4.3252,4.3863,4.4149,4.408,4.4268,4.5389,4.5603,4.4356,4.2748,4.1539,4.0996,4.1829,4.2027,4.1972,3.9902,3.6347,3.6135,3.5065,3.1183,2.5796,2.2539,2.3664,2.593,2.6991,2.6701,2.5463,2.3873,2.2665,2.2339,2.2865,2.3891,4.1198,4.1408,4.1683,4.2034,4.2453,4.2891,4.3269,4.353,4.3771,4.4314,4.5269,4.518,4.5797,4.6059,4.3806,4.3189,4.3496,4.5004,4.5896,4.2136,3.6333,3.6508,3.6482,3.4416,3.206,3.0717,3.0332,2.9828,2.8632,2.6541,2.3526,2.0228,1.8068,1.796,1.9399,2.1395,4.1259,4.1465,4.1712,4.2001,4.2321,4.2645,4.2945,4.3219,4.3528,4.3947,4.4403,4.4847,4.6179,4.666,4.6419,4.6792,4.6544,5.02,5.5101,4.7591,4.1786,3.9421,3.8064,3.6519,3.5593,3.5823,3.5433,3.3076,2.9895,2.5929,2.0466,1.4245,1.0678,1.17,1.5137,1.8709,4.1279,4.1471,4.1691,4.1936,4.2198,4.2465,4.273,4.2999,4.3297,4.3644,4.4044,4.457,4.5388,4.6737,5.113,5.3144,4.8791,5.0388,5.3011,4.9439,4.524,4.1768,3.9412,3.7763,3.7593,4.0255,4.0784,3.5481,3.0479,2.5149,1.7058,0.6582,0.1272,0.488,1.1249,1.6569,4.1269,4.1446,4.1643,4.1856,4.2082,4.2315,4.2556,4.281,4.309,4.3412,4.3802,4.4332,4.5178,4.6896,5.0491,5.1689,4.87,4.8623,5.0651,5.1521,4.6735,4.2801,4.0165,3.8184,3.752,4.0538,4.1341,3.4035,2.9683,2.4879,1.6182,0.3529,-0.2692,0.2415,1.0047,1.5962,4.1238,4.1401,4.1577,4.1767,4.1967,4.2177,4.2397,4.2633,4.2893,4.3194,4.3563,4.4057,4.479,4.5934,4.7336,4.778,4.7177,4.7303,4.8568,4.8646,4.5615,4.2778,4.0728,3.8329,3.5588,3.2412,2.6711,2.7023,2.7868,2.5534,1.9399,1.0079,0.4749,0.7272,1.2571,1.7251,4.119,4.134,4.15,4.167,4.185,4.2039,4.2239,4.2454,4.2692,4.2964,4.329,4.3701,4.4235,4.4888,4.5498,4.5755,4.5702,4.5751,4.5897,4.5353,4.387,4.2912,4.2258,3.9284,3.46,2.8085,2.085,2.3975,2.74,2.6937,2.3701,1.8479,1.4707,1.4665,1.6958,1.9737,4.113,4.1267,4.1412,4.1566,4.1727,4.1897,4.2076,4.2269,4.2479,4.2714,4.2984,4.33,4.3661,4.4038,4.4345,4.4489,4.4476,4.438,4.4145,4.3595,4.2986,4.3442,4.378,4.0345,3.5264,3.0056,2.6538,2.7313,2.8662,2.836,2.6583,2.3695,2.1246,2.0418,2.1059,2.2426,4.106,4.1185,4.1316,4.1454,4.1598,4.1749,4.1907,4.2075,4.2255,4.245,4.2662,4.2892,4.3128,4.3346,4.35,4.355,4.3485,4.3305,4.2991,4.2556,4.2248,4.2445,4.2154,3.9631,3.5858,3.2254,2.9847,2.9017,2.8894,2.8749,2.7882,2.6354,2.4895,2.4124,2.4159,2.4762]},{"header":{"la1":42.85,"la2":41.18,"lo1":11.55,"lo2":14.05,"nx":36,"ny":24,"dx":0.07143,"dy":0.07261,"parameterCategory":2,"parameterNumber":3,"parameterNumberName":"northward_wind","parameterUnit":"m.s-1"},"data":[0.0069,0.0006,-0.0098,-0.0244,-0.043,-0.0648,-0.0889,-0.1146,-0.1416,-0.1704,-0.2016,-0.2356,-0.2729,-0.3137,-0.3578,-0.4047,-0.4535,-0.5026,-0.55,-0.5927,-0.6265,-0.6458,-0.6455,-0.6251,-0.5885,-0.542,-0.4911,-0.4396,-0.3894,-0.3418,-0.297,-0.2553,-0.2166,-0.1809,-0.1481,-0.1182,0.0331,0.0284,0.0182,0.0021,-0.0196,-0.0454,-0.0734,-0.1024,-0.1319,-0.1627,-0.1961,-0.2333,-0.2749,-0.3212,-0.3725,-0.4283,-0.4879,-0.5495,-0.6108,-0.6692,-0.7191,-0.7499,-0.7501,-0.7177,-0.6625,-0.597,-0.5298,-0.4653,-0.4051,-0.3496,-0.2988,-0.2522,-0.2096,-0.1708,-0.1356,-0.1037,0.0655,0.0638,0.0545,0.0362,0.0097,-0.0226,-0.0569,-0.0903,-0.122,-0.154,-0.1889,-0.2287,-0.2744,-0.3266,-0.3857,-0.452,-0.5248,-0.6018,-0.6803,-0.7599,-0.8377,-0.8932,-0.8945,-0.8375,-0.7493,-0.6551,-0.5666,-0.487,-0.4161,-0.3526,-0.2957,-0.2444,-0.1981,-0.1563,-0.1188,-0.0852,0.1057,0.1099,0.1032,0.0824,0.0478,0.0042,-0.0411,-0.0815,-0.115,-0.1457,-0.1802,-0.2217,-0.2712,-0.329,-0.3962,-0.4743,-0.5635,-0.6598,-0.7569,-0.8595,-0.9848,-1.0987,-1.101,-0.9877,-0.8418,-0.7084,-0.5958,-0.5008,-0.4195,-0.3487,-0.2863,-0.2307,-0.181,-0.1365,-0.0969,-0.0618,0.1556,0.1713,0.172,0.149,0.101,0.0367,-0.0296,-0.0835,-0.1172,-0.1408,-0.1708,-0.2125,-0.2649,-0.3275,-0.4021,-0.4924,-0.6019,-0.7258,-0.8421,-0.9496,-1.1337,-1.3807,-1.3713,-1.1397,-0.9147,-0.742,-0.6088,-0.5019,-0.4126,-0.336,-0.2691,-0.2098,-0.1572,-0.1105,-0.0692,-0.033,0.216,0.254,0.274,0.2532,0.1826,0.0811,-0.024,-0.1077,-0.141,-0.143,-0.1616,-0.2014,-0.2556,-0.3216,-0.4013,-0.5009,-0.632,-0.7999,-0.9553,-1.0161,-1.1741,-1.5335,-1.5025,-1.184,-0.9248,-0.7389,-0.5985,-0.4865,-0.3931,-0.313,-0.2429,-0.1809,-0.1259,-0.0774,-0.0348,0.0022,0.2825,0.3614,0.4305,0.429,0.3176,0.1517,-0.0078,-0.1394,-0.1793,-0.1461,-0.1509,-0.1882,-0.2431,-0.3117,-0.3936,-0.4942,-0.6329,-0.8381,-1.0661,-1.0714,-1.0846,-1.2435,-1.2433,-1.0567,-0.8594,-0.696,-0.5635,-0.4537,-0.3603,-0.2789,-0.2069,-0.1429,-0.086,-0.036,0.0075,0.0447,0.3392,0.4773,0.6556,0.7314,0.5277,0.2514,0.0513,-0.086,-0.1359,-0.1235,-0.1348,-0.1709,-0.2261,-0.2997,-0.3863,-0.4787,-0.5948,-0.7661,-0.9512,-1.0092,-1.074,-1.0935,-1.0265,-0.9062,-0.7636,-0.6281,-0.5091,-0.4058,-0.3149,-0.2337,-0.1606,-0.095,-0.0365,0.0147,0.0587,0.0956,0.3553,0.5301,0.8413,1.0956,0.7002,0.3127,0.1187,0.0048,-0.0626,-0.0963,-0.1171,-0.1465,-0.1987,-0.2859,-0.4028,-0.4903,-0.5557,-0.6674,-0.809,-0.9814,-1.2525,-1.1996,-0.9717,-0.8068,-0.6707,-0.5499,-0.4426,-0.3466,-0.259,-0.1783,-0.1039,-0.0363,0.024,0.0763,0.1204,0.1564,0.3113,0.4327,0.6247,0.743,0.4381,0.2539,0.1578,0.0601,-0.0672,-0.133,-0.1124,-0.1104,-0.1447,-0.247,-0.4819,-0.6082,-0.5509,-0.6177,-0.734,-0.899,-1.1186,-1.0845,-0.8766,-0.7086,-0.5771,-0.4665,-0.3695,-0.2802,-0.195,-0.1133,-0.0362,0.0346,0.0974,0.1509,0.1947,0.2289,0.2343,0.2638,0.2114,-0.0451,-0.0222,0.17,0.2312,0.1653,-0.156,-0.3134,-0.1138,-0.0558,-0.0394,-0.085,-0.3786,-0.593,-0.5357,-0.6344,-0.7266,-0.7883,-0.8442,-0.8242,-0.7187,-0.5936,-0.479,-0.3816,-0.296,-0.212,-0.1258,-0.0392,0.0439,0.1202,0.1867,0.2417,0.2845,0.3155,0.168,0.1595,0.0823,-0.0726,-0.031,0.2073,0.4179,0.5269,0.1769,-0.1123,-0.0335,0.0194,0.1031,0.2723,0.0638,-0.3033,-0.5434,-0.8074,-0.8903,-0.7991,-0.737,-0.6814,-0.5965,-0.4896,-0.3869,-0.3068,-0.2345,-0.1497,-0.0534,0.0454,0.1397,0.2248,0.2968,0.3534,0.394,0.4194,0.1252,0.1196,0.093,0.0687,0.1268,0.3018,0.5797,0.8859,0.638,0.1905,0.0536,0.1269,0.1697,0.3928,0.1944,-0.3133,-0.6287,-1.2215,-1.2518,-0.8716,-0.7243,-0.6366,-0.5349,-0.4158,-0.3178,-0.2694,-0.2062,-0.0985,0.0251,0.1463,0.258,0.3559,0.4353,0.4932,0.5289,0.5448,0.0966,0.0999,0.1022,0.1191,0.1782,0.3027,0.4997,0.7017,0.5516,0.1595,0.0182,0.2654,0.3329,-0.17,-0.242,-0.506,-0.6754,-0.9747,-1.0336,-0.8401,-0.7551,-0.6742,-0.5355,-0.3779,-0.2869,-0.2914,-0.2045,-0.0385,0.1269,0.2764,0.4101,0.525,0.6141,0.6717,0.6975,0.6969,0.073,0.0799,0.0902,0.1112,0.1527,0.2201,0.3007,0.3298,0.1906,-0.0573,-0.2047,-0.1692,-0.2196,-0.4999,-0.4297,-0.5958,-1.3195,-0.8981,-0.797,-0.8251,-0.946,-0.881,-0.6167,-0.3681,-0.2468,-0.2319,-0.108,0.0923,0.2816,0.4525,0.6104,0.7489,0.8514,0.9049,0.9106,0.8812,0.0504,0.0563,0.0646,0.0777,0.0968,0.118,0.1241,0.0782,-0.0585,-0.2888,-0.5833,-0.4745,-0.4047,-0.4049,-0.4829,-0.767,-1.1361,-0.8005,-0.6751,-0.9248,-1.5938,-1.3903,-0.7447,-0.3366,-0.1169,0.0064,0.1534,0.33,0.5045,0.683,0.872,1.0507,1.1757,1.2165,1.1811,1.1013,0.0282,0.031,0.034,0.0371,0.0384,0.032,0.0055,-0.0586,-0.176,-0.3546,-0.5604,-0.4869,-0.4512,-0.4669,-0.4857,-0.5789,-0.6103,-0.4641,-0.3794,-0.7499,-1.6729,-1.4183,-0.6666,-0.1928,0.1221,0.3513,0.519,0.6447,0.7756,0.9561,1.2005,1.4625,1.6317,1.6366,1.5174,1.3526,0.0074,0.0065,0.0042,-0.0006,-0.0104,-0.0299,-0.0659,-0.1256,-0.2116,-0.3142,-0.3956,-0.4196,-0.456,-0.4817,-0.5335,-0.56,-0.4202,-0.1121,0.1303,-0.1881,-0.6019,-0.6281,-0.2987,0.0846,0.4661,0.8006,0.9605,0.9861,1.05,1.2358,1.5812,2.0143,2.2664,2.1762,1.8995,1.6093,-0.0112,-0.0152,-0.0215,-0.0314,-0.0468,-0.0707,-0.1063,-0.1557,-0.2171,-0.282,-0.337,-0.3788,-0.4241,-0.5024,-0.7499,-0.8528,-0.4167,-0.0198,0.204,0.2912,0.0505,-0.0602,0.0825,0.3909,0.8213,1.2708,1.3825,1.2759,1.2828,1.47,1.9337,2.6261,2.9927,2.72,2.2322,1.8126,-0.0269,-0.0331,-0.042,-0.0544,-0.0719,-0.0959,-0.1277,-0.1674,-0.213,-0.26,-0.3038,-0.3454,-0.3958,-0.4887,-0.6873,-0.7308,-0.357,0.0668,0.6687,0.9206,0.4106,0.263,0.3649,0.6225,1.0195,1.4098,1.4918,1.4804,1.4748,1.6161,2.0758,2.8652,3.2799,2.9155,2.3495,1.8914,-0.0395,-0.0471,-0.0572,-0.0705,-0.0878,-0.1099,-0.1371,-0.169,-0.204,-0.2398,-0.2746,-0.3093,-0.3488,-0.4014,-0.4548,-0.4145,-0.2117,0.0967,0.4719,0.6081,0.4637,0.4707,0.5828,0.7711,1.1121,1.5339,1.9194,1.8333,1.6602,1.688,1.9584,2.472,2.786,2.592,2.1934,1.826,-0.049,-0.0572,-0.0675,-0.0805,-0.0966,-0.116,-0.1387,-0.1641,-0.1911,-0.2181,-0.2441,-0.2685,-0.291,-0.3084,-0.3044,-0.2462,-0.1137,0.0753,0.2702,0.3976,0.5066,0.6996,0.7984,0.8579,1.1563,1.6943,2.2473,2.0241,1.7946,1.7585,1.8112,2.0052,2.1647,2.1132,1.9104,1.6729,-0.0556,-0.0638,-0.0737,-0.0858,-0.1,-0.1165,-0.135,-0.1549,-0.1752,-0.1948,-0.2124,-0.2264,-0.2346,-0.2318,-0.208,-0.1501,-0.052,0.078,0.221,0.3719,0.5778,0.8516,0.9207,0.885,1.1045,1.4968,1.8066,1.8511,1.9537,1.887,1.76,1.7504,1.7832,1.7552,1.6496,1.5033,-0.0597,-0.0674,-0.0766,-0.0872,-0.0994,-0.113,-0.1276,-0.1427,-0.1574,-0.1705,-0.1807,-0.1863,-0.1844,-0.171,-0.1401,-0.0859,-0.0059,0.0976,0.2207,0.3689,0.5571,0.7522,0.8291,0.8611,1.0268,1.2896,1.5359,1.7595,1.9701,1.8932,1.7108,1.6114,1.5694,1.5252,1.4518,1.3534]}]