docs/data/wind_grid.json
[{"header":{"la1":42.85,"la2":41.18,"lo1":11.55,"lo2":14.05,"nx":36,"ny":24,"dx":0.07143,"dy":0.07261,"parameterCategory":2,"parameterNumber":2,"parameterNumberName":"eastward_wind","parameterUnit":"m.s-1"},"data":[0.5252,0.5048,0.4806,0.4533,0.4243,0.3963,0.3731,0.3588,0.3564,0.3661,0.3855,0.4105,0.4369,0.4611,0.4805,0.4924,0.4938,0.4817,0.4539,0.4121,0.3641,0.3228,0.3007,0.302,0.3223,0.3533,0.3878,0.4214,0.4521,0.4793,0.503,0.5237,0.5418,0.5576,0.5714,0.5837,0.5309,0.5074,0.478,0.4425,0.4022,0.3608,0.3245,0.301,0.2966,0.3123,0.3431,0.3814,0.4203,0.4555,0.4841,0.5034,0.5093,0.4956,0.4556,0.3877,0.3036,0.2307,0.1965,0.2075,0.2489,0.3015,0.3533,0.3993,0.4383,0.4711,0.4986,0.5219,0.5417,0.5587,0.5734,0.5862,0.5423,0.5166,0.4817,0.436,0.3799,0.317,0.2572,0.2156,0.2067,0.2336,0.2848,0.3444,0.4014,0.4511,0.4922,0.5232,0.5395,0.5303,0.4779,0.3675,0.2122,0.0733,0.0225,0.0655,0.1527,0.2424,0.3186,0.3795,0.4275,0.4658,0.4967,0.5221,0.5433,0.5613,0.5766,0.5899,0.5617,0.5357,0.4967,0.44,0.3624,0.2656,0.1622,0.0821,0.0626,0.1137,0.2045,0.2992,0.3811,0.4485,0.5047,0.5526,0.5903,0.6031,0.5513,0.3791,0.077,-0.2147,-0.2788,-0.1387,0.0408,0.1857,0.2908,0.3665,0.4223,0.4648,0.4981,0.525,0.5471,0.5656,0.5813,0.5948,0.5912,0.5691,0.5302,0.4647,0.3618,0.2146,0.0312,-0.1371,-0.1847,-0.073,0.0998,0.25,0.3626,0.4482,0.5196,0.5883,0.663,0.7373,0.7432,0.5142,-0.0677,-0.7169,-0.7434,-0.3656,-0.0486,0.153,0.2806,0.3653,0.425,0.4692,0.5034,0.5307,0.5531,0.5718,0.5875,0.6009,0.6317,0.6202,0.5906,0.525,0.3997,0.1913,-0.1191,-0.4831,-0.6105,-0.3378,-0.0095,0.2114,0.352,0.4508,0.5328,0.6192,0.7392,0.9331,1.1517,0.9584,0.0475,-1.0298,-0.9864,-0.4168,-0.0426,0.1691,0.2963,0.3788,0.4365,0.4793,0.5125,0.5393,0.5613,0.5797,0.5951,0.6083,0.6816,0.6888,0.6829,0.6358,0.5022,0.2462,-0.1752,-0.787,-1.056,-0.527,-0.0513,0.2056,0.3546,0.4565,0.5404,0.6305,0.7695,1.0565,1.5721,1.4776,0.4946,-0.2735,-0.4105,-0.1514,0.082,0.2358,0.3362,0.4051,0.4552,0.4938,0.5248,0.5502,0.5714,0.5892,0.6041,0.6168,0.7351,0.7651,0.7942,0.7896,0.6667,0.3977,0.0058,-0.483,-0.6824,-0.3172,0.0282,0.2351,0.3674,0.464,0.5441,0.6216,0.7284,0.9242,1.1982,1.0504,0.5057,0.2459,0.1336,0.1577,0.2417,0.3228,0.3869,0.4369,0.4771,0.5106,0.5389,0.5628,0.583,0.6001,0.6144,0.6264,0.7847,0.8318,0.8737,0.8911,0.8127,0.5692,0.2625,-0.0024,-0.111,-0.0338,0.1191,0.2645,0.3763,0.4689,0.5547,0.6177,0.6769,0.7563,0.788,0.6014,0.2528,0.263,0.3185,0.3342,0.3619,0.3964,0.4312,0.4648,0.4969,0.5266,0.5532,0.5763,0.5958,0.6121,0.6256,0.6369,0.8268,0.8949,0.9533,0.9747,0.9705,0.7187,0.414,0.1699,-0.0295,-0.0719,0.103,0.2662,0.3646,0.4533,0.5893,0.6577,0.6649,0.713,0.707,0.571,0.3519,0.3421,0.4097,0.4287,0.4319,0.4381,0.4539,0.479,0.5091,0.5393,0.5668,0.5902,0.6094,0.6251,0.6378,0.6481,0.8555,0.96,1.1488,1.5046,1.4124,0.8525,0.4732,0.2072,-0.2467,-0.4671,0.0333,0.2612,0.3189,0.3552,0.5284,0.6504,0.6808,0.7779,0.7998,0.7107,0.5864,0.5252,0.509,0.4849,0.452,0.4313,0.439,0.4701,0.5099,0.5478,0.5796,0.6047,0.6241,0.639,0.6505,0.6597,0.8556,0.9653,1.1674,1.4697,1.3579,0.8082,0.4717,0.3319,0.0538,-0.1542,0.1525,0.2851,0.2463,0.0995,0.2538,0.5345,0.7506,1.005,1.0597,0.8943,0.7473,0.6517,0.579,0.4953,0.3981,0.3399,0.3627,0.431,0.5,0.5543,0.5934,0.6209,0.64,0.6536,0.6636,0.6714,0.8251,0.898,0.9969,1.0661,0.944,0.6618,0.4532,0.3947,0.3595,0.2925,0.3282,0.3083,0.2471,0.0055,0.1618,0.5696,0.8507,1.4507,1.4759,1.0398,0.8383,0.7227,0.6143,0.4565,0.232,0.1038,0.2075,0.3708,0.4906,0.5661,0.6122,0.6402,0.6573,0.6684,0.6762,0.6823,0.7818,0.8154,0.8417,0.8281,0.7381,0.597,0.4769,0.4173,0.4208,0.4531,0.4539,0.2868,0.2269,0.3982,0.4998,0.7031,0.8598,1.183,1.246,1.007,0.8605,0.7636,0.6461,0.4297,0.0453,-0.1819,0.0691,0.3462,0.508,0.5946,0.6401,0.6633,0.6751,0.6817,0.6866,0.6912,0.7431,0.7532,0.751,0.7243,0.6674,0.5947,0.5333,0.5068,0.5352,0.6135,0.6657,0.5891,0.5135,0.5021,0.6448,0.7667,1.3169,1.0575,0.9887,0.9139,0.8555,0.8033,0.7066,0.5167,0.1956,0.0024,0.1972,0.4354,0.5763,0.6468,0.6777,0.6879,0.6895,0.6899,0.6921,0.6962,0.7158,0.7156,0.7064,0.6847,0.6517,0.6165,0.5938,0.6004,0.6571,0.7948,1.0436,0.8283,0.7533,0.6968,0.7641,0.958,1.2158,1.0064,0.8908,0.8593,0.874,0.8544,0.7804,0.6694,0.5271,0.4489,0.5126,0.6189,0.689,0.718,0.7188,0.7058,0.692,0.6858,0.688,0.6949,0.6997,0.6965,0.6881,0.6741,0.6573,0.6439,0.643,0.6662,0.7281,0.8509,1.026,0.9258,1.0104,1.0903,0.9203,0.9373,0.9437,0.8353,0.7388,0.7952,0.8752,0.8672,0.8319,0.7976,0.7721,0.7755,0.802,0.8206,0.818,0.7935,0.7503,0.701,0.6664,0.6583,0.6689,0.6855,0.692,0.6891,0.6836,0.6765,0.6702,0.669,0.6785,0.705,0.7537,0.8229,0.8863,0.9289,1.087,1.1464,1.0904,1.094,0.9339,0.6383,0.3767,0.6789,0.8258,0.863,0.8797,0.9041,0.9532,1.0224,1.0486,1.0082,0.9425,0.8608,0.7581,0.651,0.5898,0.5959,0.6332,0.6698,0.69,0.6885,0.6862,0.6842,0.6845,0.6897,0.7032,0.7277,0.7644,0.8098,0.8578,0.9143,0.9969,1.1043,1.4189,1.5586,1.0689,0.7102,0.5506,0.7871,0.8623,0.9056,0.9484,1.0045,1.0961,1.2171,1.2449,1.1609,1.0529,0.9202,0.7463,0.5531,0.4622,0.5115,0.5945,0.6565,0.6915,0.6916,0.692,0.6936,0.6977,0.7062,0.7208,0.7428,0.7724,0.8084,0.8503,0.9023,0.9754,1.105,1.3654,1.4386,1.1043,0.8944,0.9316,0.9917,0.9446,0.9872,1.0436,1.1005,1.185,1.2773,1.2966,1.2701,1.153,0.9867,0.7674,0.5126,0.4013,0.4804,0.5876,0.6604,0.695,0.6967,0.6991,0.703,0.7093,0.7193,0.7339,0.7538,0.7792,0.8099,0.8466,0.8919,0.9521,1.0365,1.1309,1.1393,1.0357,0.9517,0.9523,0.9777,1.0246,1.1294,1.198,1.2107,1.2607,1.3864,1.5624,1.4718,1.2493,1.0628,0.8636,0.645,0.532,0.5638,0.6344,0.689,0.6996,0.7024,0.7063,0.7117,0.7193,0.7298,0.744,0.7621,0.7844,0.8111,0.8424,0.8795,0.9236,0.9723,1.0116,1.017,0.9897,0.9674,0.9779,1.0304,1.1661,1.3972,1.4771,1.3524,1.3245,1.4839,1.7519,1.5661,1.2526,1.1092,0.9744,0.8215,0.7184,0.6941,0.7109,0.734,0.7046,0.7083,0.7131,0.7194,0.7277,0.7383,0.7518,0.7684,0.7881,0.8112,0.8376,0.8672,0.8993,0.9306,0.9546,0.9654,0.967,0.9752,1.0084,1.0925,1.2816,1.5947,1.6818,1.4453,1.3336,1.3883,1.46,1.314,1.132,1.1095,1.0394,0.9328,0.8452,0.7982,0.7822,0.7805,0.7096,0.714,0.7195,0.7262,0.7347,0.7452,0.7579,0.773,0.7906,0.8106,0.8329,0.8569,0.8816,0.9052,0.925,0.9403,0.955,0.978,1.0227,1.1088,1.2611,1.4535,1.5067,1.3838,1.2933,1.2808,1.2691,1.1861,1.1128,1.1043,1.0576,0.9819,0.912,0.8631,0.8344,0.8189]},{"header":{"la1":42.85,"la2":41.18,"lo1":11.55,"lo2":14.05,"nx":36,"ny":24,"dx":0.07143,"dy":0.07261,"parameterCategory":2,"parameterNumber":3,"parameterNumberName":"northward_wind","parameterUnit":"m.s-1"},"data":[0.0959,0.0801,0.063,0.0449,0.0266,0.0099,-0.0025,-0.0072,-0.0018,0.0136,0.0367,0.0636,0.0906,0.1151,0.1355,0.1509,0.1602,0.1625,0.1572,0.1452,0.1301,0.1179,0.1142,0.1212,0.137,0.1575,0.1794,0.2006,0.2202,0.2378,0.2535,0.2676,0.2801,0.2913,0.3013,0.3103,0.0862,0.0672,0.0459,0.0218,-0.0045,-0.031,-0.0532,-0.0646,-0.0594,-0.0371,-0.0025,0.0367,0.0744,0.1072,0.1337,0.1534,0.1651,0.1669,0.1564,0.133,0.1019,0.0756,0.0668,0.079,0.1054,0.1367,0.1673,0.1947,0.2185,0.2389,0.2566,0.272,0.2854,0.2973,0.3078,0.3171,0.0772,0.0549,0.0289,-0.0023,-0.0398,-0.0823,-0.1232,-0.1492,-0.1463,-0.1114,-0.056,0.0036,0.0569,0.1003,0.1344,0.1599,0.1763,0.1797,0.1635,0.1214,0.0587,0.0023,-0.0139,0.0143,0.0634,0.1133,0.156,0.1909,0.2191,0.2423,0.2617,0.2782,0.2924,0.3048,0.3157,0.3252,0.0691,0.0438,0.0136,-0.0249,-0.0764,-0.1441,-0.2215,-0.2822,-0.2876,-0.2261,-0.1294,-0.0354,0.0397,0.0958,0.138,0.171,0.1958,0.2074,0.1904,0.1217,-0.0061,-0.1338,-0.1566,-0.0805,0.0148,0.0923,0.1494,0.1916,0.2236,0.2489,0.2695,0.2866,0.3013,0.314,0.3251,0.3347,0.0621,0.034,0.0009,-0.0423,-0.1072,-0.21,-0.3566,-0.5028,-0.5361,-0.4087,-0.2246,-0.0746,0.0272,0.095,0.1441,0.185,0.2239,0.2582,0.2619,0.1711,-0.0765,-0.3747,-0.382,-0.1865,-0.0211,0.0851,0.1532,0.1997,0.2335,0.2594,0.2803,0.2976,0.3124,0.3251,0.3362,0.3458,0.0555,0.0238,-0.0109,-0.0523,-0.1199,-0.2558,-0.5107,-0.8573,-0.9797,-0.6753,-0.3198,-0.0971,0.0268,0.0998,0.1507,0.1971,0.253,0.3304,0.4077,0.3385,-0.0232,-0.5257,-0.5006,-0.2015,-0.0054,0.1052,0.1723,0.217,0.2494,0.2743,0.2944,0.3113,0.3257,0.3383,0.3492,0.3586,0.0492,0.0097,-0.0305,-0.0631,-0.1072,-0.2369,-0.5662,-1.1723,-1.463,-0.8607,-0.3322,-0.0763,0.0448,0.11,0.1552,0.2,0.264,0.3769,0.5474,0.5224,0.2179,-0.109,-0.1759,-0.0405,0.0774,0.1546,0.2063,0.2432,0.271,0.2933,0.3117,0.3276,0.3414,0.3536,0.3642,0.3733,0.0458,-0.0086,-0.073,-0.1071,-0.0902,-0.1392,-0.3693,-0.8142,-1.0143,-0.568,-0.1845,-0.0045,0.0776,0.1221,0.1554,0.1909,0.2448,0.3371,0.4505,0.4571,0.4215,0.3331,0.1985,0.1625,0.1841,0.2178,0.2491,0.2754,0.2972,0.3157,0.332,0.3465,0.3595,0.3712,0.3814,0.3901,0.054,-0.0125,-0.1183,-0.1983,-0.0875,-0.0134,-0.0622,-0.177,-0.1991,-0.0785,0.0294,0.0835,0.1088,0.1285,0.1528,0.1772,0.2124,0.2746,0.3519,0.4506,0.6456,0.5922,0.3854,0.2897,0.2684,0.2768,0.2936,0.3107,0.3264,0.3408,0.3546,0.3677,0.3801,0.3913,0.4012,0.4095,0.0817,0.0288,-0.047,-0.0913,0.0149,0.1231,0.1913,0.2167,0.2384,0.2427,0.1937,0.1472,0.1195,0.1185,0.1568,0.1822,0.1873,0.2346,0.304,0.4099,0.5594,0.5368,0.4088,0.3403,0.3224,0.3271,0.3376,0.3478,0.3574,0.3677,0.3791,0.3912,0.4032,0.4143,0.424,0.4317,0.1232,0.0959,0.0772,0.0872,0.1128,0.254,0.4188,0.4845,0.4222,0.394,0.2846,0.1703,0.0969,0.0692,0.1224,0.1712,0.1657,0.2198,0.2783,0.333,0.3882,0.3976,0.3702,0.3557,0.3631,0.3775,0.3856,0.3877,0.3898,0.3955,0.405,0.4169,0.4294,0.4409,0.4505,0.4577,0.1669,0.1551,0.1429,0.1215,0.1668,0.4008,0.6901,0.8613,0.6399,0.4403,0.3034,0.156,0.0469,-0.0363,-0.0039,0.0636,0.1359,0.2661,0.3237,0.3095,0.3155,0.3289,0.3434,0.3721,0.416,0.4478,0.4471,0.4317,0.422,0.4228,0.4319,0.4453,0.4597,0.4724,0.4822,0.4884,0.2081,0.209,0.2142,0.2352,0.3285,0.553,0.8854,1.2044,0.9791,0.5521,0.2923,0.1197,0.0235,-0.0752,-0.0611,-0.0375,0.0749,0.4459,0.4772,0.3156,0.283,0.2937,0.3299,0.4,0.5038,0.5645,0.528,0.4754,0.4497,0.4477,0.4598,0.4778,0.4962,0.5111,0.5209,0.5253,0.2441,0.2562,0.2794,0.3269,0.4242,0.5922,0.8222,1.0319,0.9007,0.5299,0.2834,0.0834,0.0133,-0.0772,-0.0884,-0.2642,-0.1191,0.2286,0.3381,0.2675,0.2401,0.2524,0.3071,0.4146,0.5895,0.6872,0.5901,0.4983,0.4649,0.4684,0.4901,0.5178,0.5431,0.561,0.5698,0.5706,0.2722,0.2903,0.3198,0.3679,0.4427,0.5451,0.6555,0.711,0.6198,0.4508,0.3382,0.2404,0.1025,0.0018,-0.0819,-0.3146,-0.1264,0.047,0.186,0.1971,0.1501,0.1648,0.2533,0.3732,0.5272,0.613,0.544,0.4755,0.462,0.4857,0.5272,0.5716,0.6075,0.6282,0.6332,0.6265,0.2918,0.3109,0.3385,0.3768,0.4263,0.4811,0.5244,0.528,0.4791,0.4283,0.4625,0.46,0.3334,0.1545,0.0617,-0.0354,-0.0368,0.1058,0.2157,0.1589,-0.0669,-0.007,0.1842,0.3034,0.3862,0.4272,0.4165,0.4109,0.443,0.5046,0.5794,0.6508,0.7017,0.7223,0.7164,0.695,0.3041,0.3215,0.344,0.3716,0.4024,0.4308,0.4475,0.4437,0.4239,0.4176,0.4545,0.4309,0.4491,0.4513,0.2488,0.1751,0.1961,0.3267,0.4236,0.268,-0.0874,-0.0161,0.1823,0.2604,0.2699,0.2493,0.2498,0.3095,0.4124,0.5326,0.6585,0.7728,0.8439,0.8549,0.823,0.775,0.3113,0.3259,0.3431,0.3624,0.3815,0.3969,0.4045,0.4025,0.3951,0.3928,0.3976,0.4044,0.4739,0.4867,0.3817,0.3682,0.399,0.6154,0.8327,0.571,0.3206,0.243,0.2628,0.2451,0.1446,-0.0147,-0.0386,0.1508,0.3782,0.5786,0.7726,0.9539,1.0517,1.0299,0.9467,0.8586,0.3153,0.327,0.34,0.3535,0.3658,0.3751,0.3797,0.3794,0.3767,0.3754,0.3774,0.3862,0.4074,0.4266,0.5045,0.5497,0.508,0.6774,0.8374,0.8281,0.6111,0.4356,0.3454,0.2464,0.0109,-0.4582,-0.5592,-0.0206,0.3885,0.6526,0.902,1.1653,1.2916,1.2072,1.0561,0.9269,0.3174,0.3268,0.3367,0.3464,0.3549,0.3613,0.3648,0.3657,0.3654,0.3658,0.3687,0.3766,0.3926,0.4263,0.5005,0.5335,0.5393,0.6945,1.0601,1.2235,0.7814,0.524,0.3992,0.2935,0.0644,-0.4908,-0.6212,0.1673,0.5505,0.7646,0.9836,1.2533,1.3844,1.2724,1.0987,0.9576,0.3186,0.3262,0.3339,0.3412,0.3476,0.3525,0.3558,0.3576,0.359,0.361,0.3653,0.3738,0.3893,0.4162,0.4538,0.4863,0.5364,0.6642,0.8816,0.9393,0.6969,0.4939,0.4043,0.3753,0.3572,0.4435,0.9077,0.9126,0.8668,0.9288,1.0178,1.1567,1.2419,1.1819,1.0599,0.9456,0.3194,0.3257,0.3319,0.3377,0.3429,0.3471,0.3504,0.353,0.3556,0.359,0.3644,0.3733,0.3873,0.4078,0.4342,0.4661,0.5128,0.585,0.6587,0.6502,0.521,0.3617,0.3162,0.401,0.562,0.9285,1.4428,1.2661,1.1855,1.173,1.1019,1.0828,1.0903,1.058,0.9878,0.9089,0.3202,0.3255,0.3307,0.3356,0.3401,0.3441,0.3475,0.3507,0.3542,0.3586,0.3647,0.3735,0.386,0.4029,0.4242,0.4507,0.4838,0.5204,0.5422,0.5162,0.4177,0.2643,0.2239,0.3807,0.6015,0.8874,1.1443,1.2975,1.5784,1.478,1.2293,1.0864,1.0225,0.9773,0.9253,0.8682,0.3211,0.3257,0.3302,0.3346,0.3387,0.3425,0.3462,0.3498,0.3539,0.3589,0.3654,0.374,0.3853,0.3996,0.4171,0.4376,0.4599,0.4795,0.486,0.4653,0.4075,0.3289,0.3168,0.4278,0.6059,0.8164,1.0393,1.3281,1.6273,1.5237,1.2626,1.0865,0.9896,0.9291,0.8793,0.832]}]