docs/data/wind_grid.json
[{"header":{"la1":42.85,"la2":41.18,"lo1":11.55,"lo2":14.05,"nx":36,"ny":24,"dx":0.07143,"dy":0.07261,"parameterCategory":2,"parameterNumber":2,"parameterNumberName":"eastward_wind","parameterUnit":"m.s-1"},"data":[-0.7001,-0.7081,-0.715,-0.7203,-0.7238,-0.7248,-0.7221,-0.7139,-0.699,-0.6778,-0.6521,-0.6247,-0.5984,-0.575,-0.5554,-0.5397,-0.5276,-0.5184,-0.5116,-0.5066,-0.5031,-0.5011,-0.5011,-0.5028,-0.5051,-0.5069,-0.5074,-0.5065,-0.5043,-0.501,-0.4969,-0.4925,-0.4878,-0.4831,-0.4785,-0.474,-0.7202,-0.7311,-0.7407,-0.7489,-0.7559,-0.7609,-0.7621,-0.756,-0.7392,-0.7115,-0.6762,-0.6388,-0.604,-0.5744,-0.5507,-0.5325,-0.519,-0.5091,-0.5019,-0.4965,-0.4922,-0.4898,-0.4909,-0.4955,-0.5014,-0.506,-0.5082,-0.5078,-0.5055,-0.5017,-0.497,-0.4919,-0.4866,-0.4813,-0.4762,-0.4714,-0.7433,-0.7578,-0.7708,-0.7825,-0.794,-0.8061,-0.8161,-0.8167,-0.7991,-0.7608,-0.7093,-0.6559,-0.6088,-0.571,-0.5426,-0.5219,-0.507,-0.4961,-0.4884,-0.4824,-0.4759,-0.4703,-0.4725,-0.4834,-0.4964,-0.5057,-0.5101,-0.5101,-0.5073,-0.5027,-0.4972,-0.4912,-0.4851,-0.4792,-0.4735,-0.4683,-0.77,-0.7897,-0.8068,-0.8218,-0.8382,-0.861,-0.8895,-0.9093,-0.8951,-0.8371,-0.7551,-0.6753,-0.6107,-0.5629,-0.5296,-0.5068,-0.4903,-0.4773,-0.4683,-0.4631,-0.4519,-0.4343,-0.4372,-0.4641,-0.4914,-0.5078,-0.5141,-0.5139,-0.5099,-0.504,-0.4972,-0.4901,-0.4831,-0.4764,-0.4702,-0.4645,-0.8016,-0.8292,-0.852,-0.8688,-0.8869,-0.9224,-0.987,-1.0582,-1.0619,-0.9592,-0.8151,-0.6926,-0.6052,-0.5467,-0.5092,-0.4858,-0.4681,-0.4484,-0.432,-0.4348,-0.4248,-0.3689,-0.3744,-0.4421,-0.4926,-0.5156,-0.5218,-0.5195,-0.5132,-0.5052,-0.4967,-0.4883,-0.4803,-0.4728,-0.466,-0.4599,-0.8386,-0.8806,-0.9148,-0.9314,-0.9391,-0.977,-1.0956,-1.2907,-1.3569,-1.1386,-0.8744,-0.6954,-0.5854,-0.5174,-0.4774,-0.4571,-0.4423,-0.4074,-0.3504,-0.3734,-0.4284,-0.3273,-0.3405,-0.4539,-0.5145,-0.5336,-0.5339,-0.5266,-0.5166,-0.5059,-0.4955,-0.4856,-0.4765,-0.4682,-0.4608,-0.4542,-0.8791,-0.9481,-1.0121,-1.0332,-1.003,-1.0019,-1.1424,-1.4939,-1.6769,-1.263,-0.875,-0.6637,-0.5441,-0.4688,-0.4251,-0.4129,-0.4175,-0.3839,-0.2456,-0.2784,-0.5317,-0.5279,-0.5058,-0.5483,-0.5659,-0.5614,-0.5485,-0.5336,-0.5189,-0.5053,-0.4928,-0.4815,-0.4713,-0.4623,-0.4543,-0.4474,-0.9124,-1.0231,-1.1617,-1.225,-1.1046,-0.9891,-1.0371,-1.2694,-1.3793,-1.0578,-0.7601,-0.5914,-0.4823,-0.3953,-0.3317,-0.3255,-0.3802,-0.4258,-0.4041,-0.5406,-0.9336,-0.9735,-0.7956,-0.6862,-0.628,-0.5896,-0.5608,-0.5378,-0.5187,-0.5024,-0.4881,-0.4755,-0.4644,-0.4546,-0.4462,-0.4391,-0.9164,-1.0548,-1.2917,-1.4806,-1.196,-0.9388,-0.863,-0.8689,-0.8302,-0.7058,-0.5934,-0.506,-0.4166,-0.2983,-0.1498,-0.1161,-0.2825,-0.4648,-0.6235,-0.9507,-1.5701,-1.4607,-1.0122,-0.7796,-0.6668,-0.6042,-0.5644,-0.5362,-0.5145,-0.4964,-0.4809,-0.4673,-0.4554,-0.445,-0.4363,-0.429,-0.8754,-0.9763,-1.1295,-1.2221,-0.9903,-0.8219,-0.7204,-0.6277,-0.4997,-0.4298,-0.4552,-0.4432,-0.377,-0.222,0.1717,0.3807,-0.134,-0.4886,-0.708,-0.9782,-1.3621,-1.3105,-0.9867,-0.7768,-0.6622,-0.5966,-0.5559,-0.5276,-0.5057,-0.4872,-0.4709,-0.4565,-0.4439,-0.4331,-0.4241,-0.4169,-0.8077,-0.8428,-0.8279,-0.6834,-0.6808,-0.702,-0.636,-0.5319,-0.2918,-0.1741,-0.3738,-0.42,-0.3838,-0.279,0.0963,0.3815,-0.2326,-0.632,-0.8183,-0.9,-0.9756,-0.9533,-0.827,-0.7047,-0.6209,-0.5692,-0.5367,-0.5132,-0.4933,-0.4751,-0.4582,-0.443,-0.4295,-0.4182,-0.4092,-0.4023,-0.7443,-0.7494,-0.7173,-0.6478,-0.6448,-0.6455,-0.6195,-0.6045,-0.4248,-0.3006,-0.4023,-0.434,-0.4136,-0.3958,-0.3182,-0.3168,-0.5929,-1.0547,-1.1885,-0.9858,-0.8499,-0.7694,-0.6914,-0.6187,-0.5647,-0.5326,-0.5134,-0.4967,-0.479,-0.4607,-0.4428,-0.4262,-0.4117,-0.3998,-0.3908,-0.3846,-0.6949,-0.694,-0.6792,-0.6563,-0.6371,-0.6148,-0.6172,-0.7799,-0.5304,-0.4639,-0.4596,-0.4778,-0.4488,-0.3774,-0.3478,-0.4902,-0.7941,-1.833,-1.8787,-1.1089,-0.7925,-0.6582,-0.5889,-0.5448,-0.5161,-0.5037,-0.4961,-0.4827,-0.4647,-0.4447,-0.4244,-0.4054,-0.3891,-0.3766,-0.368,-0.3631,-0.6562,-0.6533,-0.6436,-0.6279,-0.6077,-0.5858,-0.5668,-0.5091,-0.4946,-0.4869,-0.4818,-0.5322,-0.5324,-0.325,-0.4284,-0.4744,-0.6863,-1.2795,-1.4032,-0.9311,-0.6436,-0.5205,-0.487,-0.4861,-0.4941,-0.4995,-0.49,-0.472,-0.4505,-0.4266,-0.402,-0.379,-0.36,-0.3467,-0.3393,-0.3368,-0.6247,-0.6203,-0.6112,-0.5975,-0.58,-0.561,-0.5412,-0.5187,-0.4997,-0.4855,-0.48,-0.48,-0.4405,-0.3963,-0.4634,-0.4966,-1.1007,-0.875,-0.7975,-0.5808,-0.35,-0.2946,-0.3591,-0.4256,-0.4717,-0.4888,-0.4789,-0.46,-0.4352,-0.4055,-0.3736,-0.3439,-0.3209,-0.3072,-0.3026,-0.3047,-0.5988,-0.5932,-0.5843,-0.572,-0.5571,-0.5408,-0.5239,-0.5066,-0.4906,-0.4814,-0.489,-0.4926,-0.4533,-0.4181,-0.4817,-0.6842,-0.9639,-0.7106,-0.5113,-0.266,0.1033,0.0283,-0.2214,-0.3595,-0.4308,-0.4615,-0.4657,-0.4512,-0.4213,-0.3811,-0.3366,-0.2953,-0.2658,-0.2533,-0.2554,-0.266,-0.5772,-0.5711,-0.5624,-0.5513,-0.5382,-0.5238,-0.5087,-0.4936,-0.4801,-0.4732,-0.4796,-0.4568,-0.3448,-0.294,-0.4099,-0.4973,-0.5305,-0.3984,-0.2375,-0.1193,0.1817,0.0883,-0.1752,-0.3278,-0.4195,-0.4744,-0.4904,-0.4658,-0.4158,-0.3541,-0.2871,-0.225,-0.1858,-0.1793,-0.1961,-0.2214,-0.5592,-0.5528,-0.5444,-0.5341,-0.5223,-0.5094,-0.4957,-0.4818,-0.4687,-0.4575,-0.4438,-0.405,-0.3035,-0.2704,-0.3028,-0.3017,-0.299,-0.0941,0.1381,-0.0509,-0.0687,-0.1049,-0.2206,-0.341,-0.4619,-0.5753,-0.603,-0.524,-0.4213,-0.3238,-0.2227,-0.125,-0.0716,-0.0833,-0.1281,-0.1754,-0.544,-0.5375,-0.5294,-0.5198,-0.509,-0.497,-0.4843,-0.4711,-0.4574,-0.4425,-0.4224,-0.3889,-0.3404,-0.2834,-0.1316,-0.0613,-0.1843,-0.0691,0.0586,-0.0443,-0.117,-0.1765,-0.2527,-0.3607,-0.532,-0.7867,-0.8418,-0.6036,-0.4175,-0.2871,-0.1543,-0.0101,0.0593,0.0133,-0.0685,-0.138,-0.531,-0.5245,-0.5167,-0.5077,-0.4976,-0.4864,-0.4744,-0.4615,-0.4475,-0.4312,-0.4104,-0.3815,-0.3407,-0.2728,-0.1468,-0.1019,-0.1722,-0.1308,-0.041,-0.0131,-0.1097,-0.1784,-0.2414,-0.3389,-0.5121,-0.8096,-0.8763,-0.5375,-0.3561,-0.24,-0.1155,0.0369,0.1101,0.0487,-0.0456,-0.1213,-0.5198,-0.5134,-0.5059,-0.4973,-0.4878,-0.4772,-0.4657,-0.4532,-0.4392,-0.423,-0.403,-0.3772,-0.3425,-0.2944,-0.2385,-0.2105,-0.2045,-0.1667,-0.1013,-0.0809,-0.1228,-0.1454,-0.176,-0.2581,-0.3676,-0.4187,-0.2845,-0.2623,-0.2318,-0.1722,-0.1076,-0.0207,0.0302,-0.0017,-0.0672,-0.1279,-0.5101,-0.5038,-0.4966,-0.4884,-0.4793,-0.4693,-0.4583,-0.4462,-0.4327,-0.4171,-0.3986,-0.3761,-0.3485,-0.316,-0.2833,-0.2578,-0.2354,-0.2038,-0.1674,-0.1434,-0.1157,-0.0456,-0.0296,-0.1429,-0.2413,-0.2221,-0.1076,-0.1311,-0.0825,-0.0596,-0.0767,-0.0706,-0.0577,-0.0714,-0.107,-0.1478,-0.5016,-0.4955,-0.4885,-0.4806,-0.472,-0.4624,-0.4519,-0.4404,-0.4275,-0.4129,-0.3962,-0.3768,-0.3545,-0.3302,-0.3056,-0.2824,-0.2587,-0.2317,-0.2013,-0.164,-0.0931,0.0411,0.0817,-0.0676,-0.1766,-0.1847,-0.1367,-0.0392,0.1339,0.0901,-0.0198,-0.0768,-0.0993,-0.1172,-0.1414,-0.1696,-0.4942,-0.4882,-0.4814,-0.4739,-0.4656,-0.4565,-0.4466,-0.4356,-0.4235,-0.41,-0.3949,-0.378,-0.3594,-0.3395,-0.319,-0.298,-0.2759,-0.2512,-0.2219,-0.1816,-0.1169,-0.0317,-0.0122,-0.0915,-0.1589,-0.1653,-0.1138,0.0147,0.1621,0.1146,-0.0028,-0.0784,-0.1184,-0.1436,-0.1659,-0.1884]},{"header":{"la1":42.85,"la2":41.18,"lo1":11.55,"lo2":14.05,"nx":36,"ny":24,"dx":0.07143,"dy":0.07261,"parameterCategory":2,"parameterNumber":3,"parameterNumberName":"northward_wind","parameterUnit":"m.s-1"},"data":[-0.5848,-0.5848,-0.5839,-0.5818,-0.5786,-0.5743,-0.569,-0.5628,-0.5557,-0.5472,-0.5367,-0.5232,-0.5062,-0.4858,-0.4622,-0.4367,-0.4112,-0.3881,-0.3701,-0.3587,-0.3537,-0.3531,-0.3546,-0.3568,-0.3593,-0.3624,-0.3662,-0.3707,-0.3757,-0.381,-0.3864,-0.3917,-0.3968,-0.4018,-0.4064,-0.4108,-0.591,-0.5916,-0.5911,-0.5891,-0.5855,-0.5804,-0.5744,-0.5679,-0.5612,-0.5536,-0.5438,-0.5303,-0.5119,-0.4882,-0.4597,-0.4276,-0.3946,-0.3649,-0.3432,-0.3327,-0.3325,-0.3378,-0.3434,-0.347,-0.3496,-0.3527,-0.3571,-0.3625,-0.3685,-0.3749,-0.3813,-0.3875,-0.3935,-0.3991,-0.4044,-0.4092,-0.5977,-0.5993,-0.5994,-0.5973,-0.5927,-0.5861,-0.5781,-0.5705,-0.5643,-0.559,-0.5517,-0.5394,-0.5202,-0.4932,-0.4586,-0.4173,-0.3729,-0.3322,-0.3048,-0.2981,-0.3103,-0.329,-0.3404,-0.3426,-0.3421,-0.3436,-0.3479,-0.3541,-0.3614,-0.369,-0.3766,-0.3838,-0.3906,-0.3969,-0.4028,-0.4082,-0.605,-0.6082,-0.6093,-0.6071,-0.6009,-0.5908,-0.5781,-0.5666,-0.5607,-0.5605,-0.5595,-0.5511,-0.5324,-0.5025,-0.4608,-0.4073,-0.3449,-0.2838,-0.2445,-0.2472,-0.2912,-0.3424,-0.3595,-0.3487,-0.3373,-0.3344,-0.3383,-0.3457,-0.3546,-0.3636,-0.3724,-0.3807,-0.3884,-0.3955,-0.4019,-0.4078,-0.6129,-0.6191,-0.6225,-0.6206,-0.6116,-0.5952,-0.5718,-0.5481,-0.5402,-0.5528,-0.5666,-0.5666,-0.5502,-0.5184,-0.47,-0.4018,-0.3119,-0.2107,-0.1385,-0.1562,-0.2747,-0.4087,-0.4192,-0.3635,-0.3307,-0.3229,-0.3277,-0.3373,-0.3482,-0.359,-0.3691,-0.3785,-0.3871,-0.3949,-0.4019,-0.4083,-0.6213,-0.6331,-0.6422,-0.6419,-0.6288,-0.6028,-0.5602,-0.503,-0.4822,-0.5294,-0.5755,-0.5886,-0.5758,-0.5442,-0.4921,-0.4105,-0.2862,-0.1129,0.0525,0.0295,-0.2034,-0.4631,-0.4563,-0.3521,-0.3099,-0.3058,-0.3156,-0.3291,-0.3428,-0.3555,-0.3671,-0.3775,-0.3869,-0.3954,-0.403,-0.4098,-0.6286,-0.6511,-0.6748,-0.6809,-0.6586,-0.6211,-0.5624,-0.4556,-0.4018,-0.5146,-0.601,-0.6224,-0.611,-0.5824,-0.5341,-0.4494,-0.3016,-0.0591,0.2404,0.2244,-0.0253,-0.2304,-0.2925,-0.2692,-0.2677,-0.2836,-0.3036,-0.3227,-0.3394,-0.3539,-0.3666,-0.3779,-0.3881,-0.3972,-0.4053,-0.4125,-0.6295,-0.6688,-0.7299,-0.7612,-0.7059,-0.6487,-0.609,-0.5367,-0.5024,-0.6016,-0.6674,-0.6722,-0.6548,-0.6339,-0.604,-0.5339,-0.3886,-0.1599,0.0829,0.1457,0.1978,0.1354,-0.0459,-0.1577,-0.2211,-0.2641,-0.2959,-0.3201,-0.3391,-0.3548,-0.3682,-0.3802,-0.391,-0.4007,-0.4093,-0.4168,-0.6137,-0.6605,-0.7785,-0.8895,-0.7339,-0.652,-0.6738,-0.7059,-0.7475,-0.7896,-0.7763,-0.7327,-0.6997,-0.6942,-0.7147,-0.6852,-0.5298,-0.3181,-0.1043,0.1532,0.5886,0.4946,0.1149,-0.0929,-0.1984,-0.259,-0.2975,-0.3238,-0.3431,-0.3586,-0.3721,-0.3845,-0.3958,-0.4062,-0.4153,-0.4231,-0.5745,-0.5831,-0.6325,-0.6729,-0.5278,-0.5844,-0.7218,-0.8601,-1.0204,-1.0681,-0.9173,-0.7879,-0.7308,-0.7416,-0.8769,-0.9559,-0.6702,-0.4289,-0.2261,0.0417,0.3914,0.3495,0.0708,-0.1119,-0.2148,-0.2754,-0.3122,-0.3354,-0.3518,-0.3655,-0.3784,-0.391,-0.4031,-0.4143,-0.424,-0.432,-0.5291,-0.472,-0.3256,0.0167,-0.0506,-0.4886,-0.7705,-0.9701,-1.314,-1.4915,-1.035,-0.81,-0.7367,-0.735,-0.856,-0.963,-0.6584,-0.4576,-0.3203,-0.1693,-0.0202,0.0031,-0.087,-0.1873,-0.2642,-0.3145,-0.3416,-0.3553,-0.3647,-0.3748,-0.3867,-0.4,-0.4134,-0.4258,-0.4362,-0.4444,-0.5079,-0.4296,-0.2613,0.0048,-0.0843,-0.54,-0.8614,-1.0398,-1.136,-1.2446,-0.9534,-0.7837,-0.7293,-0.7184,-0.7053,-0.6336,-0.5113,-0.4181,-0.3628,-0.2873,-0.2108,-0.1805,-0.2066,-0.2669,-0.3347,-0.3793,-0.3885,-0.3825,-0.3798,-0.385,-0.3967,-0.412,-0.4279,-0.4423,-0.4537,-0.4615,-0.5185,-0.4651,-0.3851,-0.3251,-0.424,-0.668,-0.9068,-1.3354,-0.8404,-0.8934,-0.8202,-0.7354,-0.7263,-0.7424,-0.6932,-0.4501,-0.3617,-0.3875,-0.3843,-0.3193,-0.2626,-0.2379,-0.2582,-0.3254,-0.4253,-0.4826,-0.4536,-0.4113,-0.3922,-0.3937,-0.408,-0.4283,-0.4491,-0.4666,-0.4788,-0.4854,-0.5455,-0.5228,-0.5036,-0.5153,-0.5902,-0.7093,-0.7969,-0.6995,-0.7171,-0.7968,-0.7746,-0.6914,-0.6911,-1.0082,-0.5322,-0.0819,-0.1406,-0.3006,-0.3381,-0.2884,-0.2269,-0.206,-0.2461,-0.3444,-0.5027,-0.5896,-0.5041,-0.4229,-0.3935,-0.3983,-0.4218,-0.4526,-0.4819,-0.5037,-0.5157,-0.519,-0.5732,-0.5696,-0.5749,-0.5997,-0.6491,-0.7096,-0.7508,-0.7549,-0.7663,-0.7917,-0.8052,-0.7996,-0.8127,-0.8789,-0.455,0.0206,0.0793,-0.1773,-0.2682,-0.2024,-0.0668,-0.057,-0.1662,-0.2968,-0.4437,-0.5221,-0.4581,-0.392,-0.376,-0.398,-0.4418,-0.4925,-0.5359,-0.5624,-0.5708,-0.5657,-0.5947,-0.6001,-0.6127,-0.6359,-0.6691,-0.7051,-0.7338,-0.7532,-0.775,-0.8142,-0.8759,-0.9441,-0.8793,-0.7688,-0.5329,-0.2265,-0.0557,-0.2288,-0.2812,-0.0867,0.3474,0.2536,-0.0508,-0.2149,-0.3071,-0.3465,-0.3319,-0.3172,-0.3384,-0.3955,-0.477,-0.5633,-0.6289,-0.6577,-0.653,-0.6295,-0.609,-0.6178,-0.6314,-0.6508,-0.6746,-0.6997,-0.7227,-0.7443,-0.7706,-0.8125,-0.8667,-0.8851,-0.9332,-0.9303,-0.6561,-0.466,-0.3851,-0.4333,-0.4486,-0.1697,0.4025,0.2866,-0.0358,-0.1657,-0.1939,-0.1796,-0.1715,-0.2053,-0.2819,-0.3953,-0.5412,-0.6921,-0.7929,-0.8115,-0.7711,-0.7109,-0.6174,-0.6269,-0.6396,-0.6554,-0.6737,-0.6928,-0.7118,-0.7313,-0.7542,-0.7827,-0.8113,-0.8385,-0.9277,-0.9297,-0.7258,-0.6263,-0.5652,-0.6592,-0.8238,-0.4878,-0.1603,-0.0807,-0.1418,-0.155,-0.0841,0.0347,0.0638,-0.0485,-0.2087,-0.399,-0.6457,-0.9153,-1.0703,-1.0413,-0.9215,-0.8007,-0.6214,-0.6305,-0.6416,-0.6546,-0.669,-0.6841,-0.6994,-0.7152,-0.7321,-0.75,-0.7668,-0.7832,-0.7991,-0.7767,-0.7595,-0.7693,-0.6497,-0.6741,-0.7412,-0.5793,-0.4178,-0.3019,-0.2421,-0.1587,0.0277,0.3392,0.4086,0.117,-0.1398,-0.3955,-0.7612,-1.2144,-1.4389,-1.3002,-1.0611,-0.8717,-0.6222,-0.6304,-0.6399,-0.6506,-0.662,-0.6739,-0.6857,-0.6976,-0.7092,-0.7199,-0.7284,-0.7332,-0.7314,-0.723,-0.7395,-0.7409,-0.6531,-0.6153,-0.6064,-0.6032,-0.5024,-0.4008,-0.3167,-0.1956,0.025,0.3858,0.467,0.1056,-0.1138,-0.352,-0.7634,-1.3314,-1.5993,-1.3932,-1.0995,-0.8859,-0.6208,-0.628,-0.636,-0.6447,-0.6537,-0.6628,-0.6716,-0.68,-0.6874,-0.6931,-0.6962,-0.6956,-0.6906,-0.6838,-0.6794,-0.6616,-0.6207,-0.5887,-0.5786,-0.5661,-0.5132,-0.4649,-0.4071,-0.2866,-0.1179,-0.0075,-0.1079,-0.1053,-0.0971,-0.2274,-0.5586,-1.0236,-1.2787,-1.1876,-0.9908,-0.828,-0.6179,-0.6241,-0.6307,-0.6376,-0.6446,-0.6514,-0.6577,-0.6632,-0.6674,-0.6698,-0.6696,-0.6663,-0.6597,-0.6505,-0.6383,-0.6191,-0.5928,-0.5684,-0.5512,-0.5357,-0.5288,-0.5637,-0.5612,-0.4131,-0.2422,-0.1816,-0.2727,-0.1588,0.0573,0.0224,-0.2482,-0.5945,-0.8257,-0.8675,-0.8055,-0.7243,-0.614,-0.6192,-0.6245,-0.6299,-0.6352,-0.6401,-0.6443,-0.6476,-0.6494,-0.6495,-0.6473,-0.6424,-0.6348,-0.6243,-0.6105,-0.5928,-0.5722,-0.552,-0.5356,-0.5278,-0.5503,-0.6406,-0.6729,-0.4969,-0.3071,-0.1961,-0.1336,0.0984,0.4758,0.365,0.0213,-0.2947,-0.5111,-0.6125,-0.6327,-0.6151,-0.6095,-0.6136,-0.6178,-0.622,-0.6258,-0.6291,-0.6317,-0.6332,-0.6334,-0.6319,-0.6284,-0.6226,-0.6143,-0.6035,-0.59,-0.574,-0.5563,-0.5389,-0.5246,-0.5192,-0.5362,-0.5812,-0.5816,-0.4692,-0.3228,-0.194,-0.0483,0.2277,0.5334,0.423,0.1134,-0.1542,-0.3419,-0.4536,-0.5072,-0.5248]}]