docs/data/wind_grid.json
[{"header":{"la1":42.85,"la2":41.18,"lo1":11.55,"lo2":14.05,"nx":36,"ny":24,"dx":0.07143,"dy":0.07261,"parameterCategory":2,"parameterNumber":2,"parameterNumberName":"eastward_wind","parameterUnit":"m.s-1"},"data":[0.5319,0.5298,0.5277,0.525,0.5211,0.5147,0.5047,0.4895,0.4678,0.4386,0.4021,0.3587,0.3097,0.2565,0.2008,0.1453,0.0936,0.0505,0.0207,0.0067,0.0076,0.0196,0.0383,0.0609,0.0857,0.1119,0.1385,0.1646,0.1895,0.2127,0.2341,0.2535,0.2711,0.2869,0.3011,0.3138,0.5369,0.536,0.5357,0.5357,0.535,0.5324,0.5257,0.5127,0.491,0.4592,0.4171,0.366,0.3073,0.2426,0.1736,0.1029,0.0354,-0.0212,-0.0577,-0.0687,-0.0571,-0.0323,-0.0034,0.0263,0.0568,0.0883,0.1199,0.1504,0.1791,0.2054,0.2292,0.2504,0.2692,0.2859,0.3008,0.314,0.54,0.5401,0.5418,0.5452,0.5493,0.5524,0.5518,0.5435,0.5233,0.4884,0.4392,0.3782,0.3076,0.2292,0.1437,0.0525,-0.039,-0.1181,-0.1655,-0.1669,-0.1294,-0.079,-0.0366,-0.0025,0.0312,0.067,0.1035,0.1387,0.1712,0.2005,0.2265,0.2492,0.2691,0.2865,0.3018,0.3152,0.5402,0.5405,0.5439,0.5513,0.562,0.5742,0.5839,0.5848,0.5687,0.5298,0.4702,0.3959,0.3112,0.2173,0.1127,-0.0051,-0.134,-0.2562,-0.3284,-0.3059,-0.2018,-0.0942,-0.041,-0.0174,0.0114,0.0493,0.0905,0.1304,0.1667,0.1988,0.2266,0.2505,0.2711,0.2889,0.3043,0.3177,0.5359,0.5346,0.5384,0.5498,0.5694,0.595,0.6218,0.6407,0.6337,0.5873,0.5106,0.4183,0.3174,0.2077,0.0841,-0.0638,-0.2484,-0.4595,-0.6084,-0.5431,-0.2702,-0.0237,0.012,-0.0158,-0.0032,0.036,0.0824,0.127,0.1668,0.201,0.2301,0.2546,0.2754,0.293,0.3082,0.3213,0.526,0.5193,0.5195,0.5333,0.5646,0.6094,0.6612,0.7112,0.7226,0.659,0.5552,0.4414,0.3234,0.1995,0.0622,-0.1091,-0.3565,-0.7281,-1.1189,-1.0257,-0.4266,0.0494,0.0525,-0.0279,-0.0196,0.027,0.0805,0.1299,0.1724,0.208,0.2374,0.2617,0.282,0.299,0.3135,0.3259,0.5106,0.4923,0.4794,0.4891,0.5362,0.6087,0.6869,0.7638,0.7937,0.7128,0.5902,0.4597,0.3251,0.1883,0.0456,-0.1246,-0.3893,-0.8859,-1.6392,-1.5621,-0.7088,-0.2383,-0.113,-0.092,-0.041,0.0249,0.0875,0.141,0.1849,0.2202,0.2488,0.272,0.2909,0.3067,0.32,0.3314,0.4931,0.4568,0.4147,0.4023,0.4739,0.5908,0.6923,0.7567,0.7715,0.723,0.6166,0.4743,0.319,0.1632,0.0152,-0.1252,-0.3153,-0.6714,-1.1489,-1.1026,-0.7382,-0.5332,-0.3153,-0.1627,-0.0518,0.0367,0.1071,0.1621,0.2048,0.2381,0.2642,0.285,0.3019,0.3157,0.3274,0.3375,0.4815,0.4301,0.3582,0.308,0.4089,0.5771,0.7163,0.7998,0.833,0.8024,0.6775,0.4961,0.3046,0.1117,-0.0769,-0.1878,-0.2411,-0.3805,-0.5685,-0.6721,-0.8451,-0.7591,-0.4131,-0.1773,-0.0294,0.0711,0.1425,0.1942,0.2323,0.2611,0.2831,0.3004,0.3142,0.3255,0.3351,0.3436,0.4822,0.4274,0.3625,0.3298,0.3958,0.5874,0.7875,0.9361,1.0625,1.058,0.8089,0.5257,0.284,0.049,-0.2779,-0.437,-0.248,-0.2352,-0.3224,-0.4634,-0.6778,-0.6142,-0.3255,-0.1049,0.0383,0.1321,0.1943,0.2364,0.2662,0.2879,0.3043,0.3169,0.3269,0.3352,0.3424,0.349,0.4961,0.438,0.3435,0.1838,0.2449,0.6083,0.9088,1.1024,1.3635,1.4993,0.9457,0.5316,0.2473,0.0256,-0.2519,-0.4385,-0.2078,-0.1938,-0.2347,-0.2634,-0.3004,-0.2545,-0.1118,0.0336,0.1431,0.215,0.2586,0.2854,0.3035,0.3165,0.326,0.3331,0.3387,0.3435,0.3482,0.353,0.5247,0.4727,0.3755,0.222,0.3065,0.7301,1.0973,1.2929,1.3127,1.2917,0.8703,0.4956,0.1819,-0.1138,-0.0959,-0.0711,-0.1217,-0.3328,-0.3829,-0.2081,-0.0858,-0.0002,0.0924,0.1857,0.2612,0.3064,0.3259,0.3347,0.3403,0.3441,0.3462,0.3471,0.3478,0.349,0.3511,0.3544,0.5665,0.5393,0.502,0.4878,0.613,0.9069,1.2439,1.4983,1.3567,1.0606,0.754,0.4858,0.2595,-0.1819,-0.0876,0.0725,-0.0727,-0.8296,-0.8548,-0.2192,0.0574,0.1849,0.2598,0.3165,0.361,0.3813,0.3804,0.3761,0.3723,0.3678,0.3622,0.3565,0.3519,0.3494,0.3494,0.3519,0.6118,0.6103,0.6194,0.6637,0.7789,0.9688,1.1919,1.3687,1.2781,0.9968,0.755,0.5033,0.4255,0.4641,0.2427,0.1911,0.1009,-0.3283,-0.4189,0.0028,0.2647,0.3795,0.4131,0.4158,0.4086,0.4042,0.407,0.4055,0.3975,0.3853,0.3714,0.3582,0.3478,0.3419,0.3408,0.3438,0.6507,0.6646,0.6922,0.7447,0.8311,0.9457,1.062,1.127,1.0833,0.9996,0.9384,0.7794,0.6277,0.6731,0.3744,0.2041,0.0786,0.1369,0.1877,0.3837,0.5833,0.6324,0.5789,0.5119,0.4504,0.4223,0.4304,0.4308,0.4167,0.3947,0.3702,0.3475,0.3307,0.3223,0.3222,0.3283,0.6794,0.6995,0.7302,0.7755,0.8358,0.9043,0.9651,1.0002,1.02,1.1209,1.4542,1.11,0.8862,0.6531,0.4971,0.3201,0.2023,0.3712,0.5411,0.7287,0.9685,0.919,0.7448,0.6252,0.5432,0.4978,0.4791,0.4596,0.4298,0.3931,0.3538,0.3179,0.2931,0.2844,0.29,0.3038,0.6987,0.7197,0.7478,0.7838,0.8262,0.8704,0.91,0.9443,0.9946,1.1277,1.3865,1.1401,0.8648,0.7754,0.6795,0.6036,0.5989,0.7544,0.9246,0.9672,1.0503,1.001,0.8485,0.7242,0.6339,0.5756,0.5329,0.4861,0.433,0.3764,0.3163,0.2595,0.224,0.2208,0.2413,0.2704,0.7107,0.7304,0.7545,0.7829,0.8141,0.8458,0.876,0.907,0.9484,1.0094,1.0477,0.9676,0.8487,0.8293,0.9259,0.9821,0.959,1.1613,1.3656,1.2518,1.1384,1.0412,0.9271,0.8014,0.6959,0.637,0.5892,0.5059,0.4198,0.342,0.2555,0.1635,0.1117,0.1274,0.1789,0.2325,0.7178,0.7355,0.7559,0.7787,0.8029,0.8273,0.8512,0.8757,0.9021,0.9269,0.9336,0.9123,0.8994,0.9851,1.3656,1.5358,1.2261,1.3363,1.5297,1.759,1.4903,1.2306,1.0496,0.8752,0.7252,0.7033,0.6944,0.5047,0.372,0.2912,0.187,0.046,-0.0276,0.026,0.1211,0.2017,0.7217,0.7373,0.7548,0.7736,0.7932,0.8128,0.8322,0.8513,0.8695,0.8847,0.8941,0.9033,0.9388,1.0625,1.3458,1.4513,1.3156,1.5259,2.2907,2.6562,1.8503,1.4605,1.239,0.9817,0.7161,0.6706,0.6741,0.3293,0.2458,0.2299,0.1528,-0.0011,-0.0846,-0.0109,0.1028,0.1932,0.7235,0.7375,0.7526,0.7685,0.785,0.8015,0.8179,0.8338,0.8492,0.8638,0.8792,0.9022,0.9479,1.0363,1.1581,1.2336,1.2976,1.5314,1.9862,2.154,1.8656,1.7517,1.6234,1.2222,0.6954,0.1913,-0.3736,-0.2543,0.0568,0.1791,0.1711,0.0798,0.0176,0.0579,0.1396,0.2133,0.7241,0.7366,0.75,0.7639,0.7783,0.7928,0.8073,0.8218,0.8366,0.8525,0.8716,0.8987,0.9407,1.0022,1.0763,1.1516,1.2507,1.418,1.6308,1.7784,1.9527,2.3995,2.497,1.7229,0.8046,-0.09,-0.9129,-0.5182,0.0382,0.1908,0.2136,0.1833,0.1523,0.1632,0.2047,0.2522,0.7239,0.7353,0.7473,0.7598,0.7727,0.7859,0.7994,0.8133,0.8282,0.845,0.8656,0.8929,0.93,0.9785,1.0375,1.1079,1.1998,1.3249,1.4813,1.6894,2.1132,2.9493,3.2059,2.1314,1.037,0.2395,-0.1955,-0.023,0.2454,0.2572,0.2575,0.2529,0.2439,0.248,0.268,0.2958,0.7233,0.7337,0.7447,0.7561,0.768,0.7803,0.7932,0.8068,0.8217,0.8389,0.8597,0.8858,0.9191,0.9607,1.0117,1.0744,1.1541,1.2575,1.3957,1.605,1.9708,2.4769,2.566,1.9136,1.1345,0.5605,0.2604,0.2305,0.2798,0.2821,0.2914,0.3,0.3031,0.3082,0.3198,0.3364]},{"header":{"la1":42.85,"la2":41.18,"lo1":11.55,"lo2":14.05,"nx":36,"ny":24,"dx":0.07143,"dy":0.07261,"parameterCategory":2,"parameterNumber":3,"parameterNumberName":"northward_wind","parameterUnit":"m.s-1"},"data":[0.1972,0.2156,0.2359,0.258,0.2811,0.3037,0.3232,0.3365,0.3416,0.3381,0.3279,0.314,0.2988,0.2832,0.2674,0.2506,0.232,0.2106,0.186,0.1589,0.1311,0.1062,0.0871,0.0742,0.0653,0.0576,0.0489,0.0385,0.0263,0.0126,-0.002,-0.017,-0.032,-0.0467,-0.0609,-0.0744,0.2012,0.2223,0.2466,0.2742,0.305,0.3371,0.3663,0.3867,0.3933,0.3855,0.3676,0.3458,0.3244,0.3048,0.2865,0.2676,0.2465,0.2214,0.1909,0.1547,0.1159,0.0819,0.0602,0.0513,0.0491,0.047,0.0419,0.033,0.0209,0.0066,-0.0091,-0.0252,-0.0414,-0.0572,-0.0723,-0.0865,0.2035,0.2275,0.2559,0.2901,0.3313,0.3784,0.4255,0.4602,0.47,0.4527,0.419,0.3829,0.3523,0.3279,0.3072,0.2868,0.2637,0.235,0.1974,0.1472,0.0871,0.034,0.0095,0.013,0.0259,0.0343,0.0344,0.0272,0.0149,-0.0004,-0.0175,-0.0351,-0.0527,-0.0696,-0.0857,-0.1007,0.204,0.2306,0.2628,0.3035,0.3575,0.4281,0.5093,0.5763,0.5943,0.5541,0.4863,0.4245,0.3807,0.3517,0.3299,0.309,0.2847,0.2538,0.2104,0.1418,0.0389,-0.0612,-0.0862,-0.0463,-0.002,0.0224,0.0283,0.022,0.0086,-0.0086,-0.0276,-0.047,-0.0661,-0.0844,-0.1015,-0.1173,0.2028,0.2322,0.267,0.3115,0.3771,0.4801,0.6261,0.7728,0.8154,0.7144,0.5703,0.465,0.406,0.3751,0.3552,0.3353,0.3103,0.279,0.2379,0.1587,-0.017,-0.2348,-0.2432,-0.1142,-0.022,0.0178,0.0261,0.0179,0.0016,-0.0185,-0.04,-0.0615,-0.0824,-0.1021,-0.1202,-0.1367,0.2006,0.2347,0.2723,0.3145,0.3799,0.5118,0.7604,1.0967,1.2192,0.9491,0.6503,0.4888,0.4222,0.3981,0.3856,0.3687,0.3413,0.3068,0.2771,0.2272,0.0155,-0.3446,-0.3267,-0.1189,-0.0085,0.0279,0.029,0.0144,-0.0071,-0.031,-0.0555,-0.0795,-0.1022,-0.1233,-0.1425,-0.1595,0.1974,0.2432,0.2927,0.3278,0.3622,0.4802,0.7995,1.3896,1.6711,1.108,0.6495,0.4717,0.4253,0.4239,0.4272,0.4155,0.3827,0.3344,0.2921,0.2865,0.2042,-0.011,-0.0716,0.0049,0.0478,0.051,0.034,0.0087,-0.0194,-0.0479,-0.0755,-0.1018,-0.1264,-0.1488,-0.1689,-0.1865,0.1881,0.257,0.3533,0.4049,0.3523,0.3681,0.5865,1.025,1.2249,0.8018,0.4872,0.4046,0.4208,0.4612,0.4915,0.4887,0.4475,0.3883,0.3423,0.3689,0.4776,0.4236,0.257,0.1639,0.1136,0.0723,0.0331,-0.0039,-0.0385,-0.0708,-0.1012,-0.1296,-0.1559,-0.1796,-0.2005,-0.2183,0.1582,0.2423,0.4206,0.5775,0.352,0.2101,0.2498,0.3431,0.3342,0.2252,0.2217,0.315,0.4251,0.5216,0.5971,0.6107,0.5416,0.4646,0.4381,0.5373,0.8318,0.7556,0.4431,0.2547,0.146,0.0722,0.0163,-0.0288,-0.0671,-0.1015,-0.1337,-0.1639,-0.1918,-0.2168,-0.2383,-0.256,0.0956,0.1361,0.2328,0.3001,0.0766,-0.0023,-0.0324,-0.1288,-0.345,-0.3978,-0.0728,0.2456,0.4576,0.6023,0.7463,0.8063,0.6418,0.5195,0.474,0.5365,0.7128,0.6638,0.4301,0.2491,0.1248,0.037,-0.0251,-0.0705,-0.1074,-0.1412,-0.174,-0.2057,-0.2354,-0.2616,-0.2837,-0.3009,0.0189,-0.0184,-0.1386,-0.4474,-0.4175,-0.2089,-0.2215,-0.3841,-0.9068,-1.1954,-0.2992,0.2519,0.5407,0.6965,0.7861,0.8302,0.663,0.5255,0.4536,0.4472,0.4707,0.4317,0.3109,0.1718,0.0486,-0.0423,-0.0977,-0.1315,-0.1595,-0.1895,-0.2223,-0.2562,-0.2883,-0.3163,-0.3386,-0.3548,-0.0369,-0.1051,-0.25,-0.4668,-0.4362,-0.284,-0.3265,-0.4313,-0.6429,-0.7766,-0.1357,0.3643,0.6738,0.8828,0.8498,0.7645,0.6423,0.4576,0.3727,0.3728,0.3537,0.2979,0.1975,0.0611,-0.0823,-0.1789,-0.2077,-0.2099,-0.2199,-0.2443,-0.2787,-0.3168,-0.3532,-0.3837,-0.4061,-0.4199,-0.0613,-0.1178,-0.2008,-0.2787,-0.2831,-0.2798,-0.3717,-0.4858,-0.4255,-0.2393,0.1279,0.5098,0.7438,0.9632,0.9289,0.8686,0.7144,0.2608,0.2114,0.3261,0.3017,0.23,0.1157,-0.0566,-0.2712,-0.3907,-0.3498,-0.2925,-0.28,-0.3026,-0.3438,-0.3911,-0.4349,-0.469,-0.4905,-0.4997,-0.0661,-0.1043,-0.1489,-0.1866,-0.2103,-0.2473,-0.3253,-0.4099,-0.3424,-0.1037,0.1962,0.6053,0.7766,1.1046,0.9513,1.1999,1.0041,0.5195,0.3403,0.3333,0.2826,0.2039,0.076,-0.1324,-0.4336,-0.5883,-0.4551,-0.3472,-0.3287,-0.3626,-0.4212,-0.4857,-0.5419,-0.5804,-0.5984,-0.5985,-0.0633,-0.089,-0.1164,-0.1418,-0.1659,-0.1963,-0.2339,-0.2511,-0.1989,-0.1055,-0.0038,0.2335,0.5703,0.7951,0.9028,1.2857,1.1989,0.7616,0.4542,0.3345,0.3039,0.2387,0.0907,-0.1125,-0.3598,-0.4904,-0.4125,-0.3488,-0.3623,-0.4278,-0.5194,-0.6138,-0.6891,-0.7313,-0.7391,-0.7212,-0.0589,-0.0769,-0.0956,-0.1138,-0.1316,-0.1495,-0.1639,-0.1666,-0.1656,-0.243,-0.5487,-0.2058,0.0479,0.389,0.5741,0.8356,0.9679,0.6064,0.33,0.2889,0.4673,0.3856,0.1327,-0.0592,-0.2045,-0.284,-0.2955,-0.3158,-0.3874,-0.5057,-0.6525,-0.7977,-0.9025,-0.9425,-0.9243,-0.872,-0.0551,-0.0683,-0.0817,-0.0948,-0.107,-0.118,-0.1269,-0.1366,-0.1668,-0.2777,-0.5095,-0.3165,-0.3807,-0.4475,0.0591,0.2679,0.3167,0.1455,-0.0119,0.1082,0.4715,0.3731,0.0914,-0.0596,-0.1234,-0.1403,-0.168,-0.256,-0.4047,-0.602,-0.8384,-1.0729,-1.2235,-1.2416,-1.1629,-1.0488,-0.0527,-0.0627,-0.0728,-0.0826,-0.0918,-0.1004,-0.1094,-0.1233,-0.1524,-0.2081,-0.2639,-0.2888,-0.5096,-0.5891,-0.4744,-0.4725,-0.2541,-0.3054,-0.4649,-0.271,-0.0444,0.0033,-0.0799,-0.1213,-0.064,0.0642,0.0717,-0.1332,-0.4088,-0.7147,-1.0853,-1.4776,-1.6977,-1.6417,-1.4421,-1.2335,-0.0518,-0.0598,-0.0679,-0.0759,-0.0838,-0.092,-0.1018,-0.116,-0.1387,-0.1714,-0.2104,-0.2692,-0.3863,-0.5967,-1.3296,-1.666,-0.7324,-0.498,-0.5676,-0.6705,-0.4784,-0.3399,-0.2991,-0.2285,0.0007,0.4579,0.555,0.0255,-0.4326,-0.8334,-1.343,-1.9567,-2.2616,-2.0556,-1.6901,-1.382,-0.0524,-0.0593,-0.0663,-0.0735,-0.081,-0.0894,-0.0999,-0.1141,-0.1344,-0.1626,-0.2028,-0.268,-0.3893,-0.6582,-1.2439,-1.4292,-0.8373,-0.6707,-1.0252,-1.2257,-0.7907,-0.6289,-0.566,-0.4275,-0.1142,0.4846,0.6198,-0.1319,-0.5756,-0.9439,-1.4565,-2.1496,-2.4881,-2.2061,-1.7781,-1.4397,-0.0544,-0.0606,-0.0671,-0.0741,-0.0818,-0.0908,-0.1019,-0.1167,-0.1368,-0.1649,-0.2058,-0.2697,-0.3756,-0.5504,-0.7679,-0.8275,-0.7062,-0.6984,-0.8936,-0.9898,-0.9132,-0.9878,-1.0031,-0.7873,-0.5036,-0.3868,-0.691,-0.7476,-0.8493,-1.0647,-1.3832,-1.8378,-2.1003,-1.9574,-1.6605,-1.3912,-0.0574,-0.0634,-0.0699,-0.0769,-0.085,-0.0946,-0.1065,-0.1218,-0.1423,-0.1701,-0.2092,-0.265,-0.344,-0.446,-0.5451,-0.5945,-0.6052,-0.6528,-0.7621,-0.8956,-1.1531,-1.6632,-1.8141,-1.2984,-0.8744,-0.8452,-1.0862,-1.0419,-1.1793,-1.2738,-1.3326,-1.4928,-1.6261,-1.5956,-1.4501,-1.2793,-0.0614,-0.0673,-0.0739,-0.0813,-0.0898,-0.0999,-0.1124,-0.1283,-0.1487,-0.1755,-0.211,-0.2575,-0.3163,-0.3834,-0.448,-0.4998,-0.5482,-0.6197,-0.7379,-0.9465,-1.3914,-2.1816,-2.4111,-1.648,-1.0934,-0.9575,-1.037,-1.2634,-1.6672,-1.5798,-1.3833,-1.3362,-1.3531,-1.3347,-1.2609,-1.1578,-0.066,-0.072,-0.0788,-0.0865,-0.0955,-0.1061,-0.1191,-0.1351,-0.1551,-0.1804,-0.2122,-0.2515,-0.2979,-0.3494,-0.4023,-0.4557,-0.5164,-0.5994,-0.7273,-0.9425,-1.3144,-1.7976,-1.9157,-1.5086,-1.14,-1.0202,-1.1023,-1.3917,-1.7307,-1.6283,-1.3894,-1.2623,-1.2122,-1.1753,-1.1225,-1.0532]}]