docs/data/wind_grid.json
[{"header":{"la1":42.85,"la2":41.18,"lo1":11.55,"lo2":14.05,"nx":36,"ny":24,"dx":0.07143,"dy":0.07261,"parameterCategory":2,"parameterNumber":2,"parameterNumberName":"eastward_wind","parameterUnit":"m.s-1"},"data":[-0.182,-0.1835,-0.1825,-0.1792,-0.1742,-0.1682,-0.1624,-0.1576,-0.1546,-0.1541,-0.1572,-0.1647,-0.177,-0.194,-0.2146,-0.2368,-0.2574,-0.2723,-0.2777,-0.2719,-0.2569,-0.2383,-0.2217,-0.2098,-0.2018,-0.1954,-0.1891,-0.1822,-0.1745,-0.1664,-0.1582,-0.1502,-0.1424,-0.1352,-0.1284,-0.1221,-0.2007,-0.203,-0.2017,-0.1967,-0.189,-0.18,-0.1711,-0.1635,-0.1578,-0.1551,-0.1567,-0.1642,-0.1787,-0.2001,-0.2277,-0.2589,-0.2892,-0.3114,-0.3178,-0.3039,-0.2735,-0.2394,-0.2145,-0.2026,-0.1985,-0.1961,-0.1922,-0.1861,-0.1783,-0.1697,-0.1608,-0.152,-0.1437,-0.136,-0.1288,-0.1222,-0.2247,-0.2289,-0.2277,-0.2206,-0.2089,-0.1953,-0.1824,-0.1714,-0.1624,-0.1561,-0.1546,-0.161,-0.1773,-0.2041,-0.2409,-0.2854,-0.3318,-0.3685,-0.3785,-0.3485,-0.2841,-0.2168,-0.1806,-0.1776,-0.1872,-0.1942,-0.1947,-0.1899,-0.182,-0.1726,-0.1628,-0.1533,-0.1444,-0.1362,-0.1287,-0.1219,-0.256,-0.2642,-0.2642,-0.2543,-0.2363,-0.2154,-0.1972,-0.1834,-0.1712,-0.1588,-0.151,-0.1541,-0.1714,-0.204,-0.2521,-0.3154,-0.389,-0.4562,-0.4812,-0.4226,-0.28,-0.1342,-0.0886,-0.125,-0.1686,-0.1922,-0.1984,-0.1945,-0.1857,-0.1751,-0.1643,-0.154,-0.1444,-0.1358,-0.128,-0.1211,-0.2966,-0.3132,-0.3176,-0.3045,-0.2756,-0.2415,-0.2159,-0.2035,-0.1911,-0.1675,-0.1459,-0.1417,-0.1589,-0.197,-0.2572,-0.3436,-0.4597,-0.5925,-0.6742,-0.5813,-0.2699,0.0693,0.0938,-0.0556,-0.1564,-0.1972,-0.206,-0.2005,-0.1895,-0.177,-0.1649,-0.1536,-0.1436,-0.1346,-0.1267,-0.1197,-0.3477,-0.3812,-0.3988,-0.3848,-0.3361,-0.2751,-0.2361,-0.2374,-0.2379,-0.1875,-0.1366,-0.1208,-0.1373,-0.1799,-0.2497,-0.3573,-0.5254,-0.7767,-1.0334,-0.9443,-0.3944,0.214,0.1974,-0.0576,-0.1811,-0.218,-0.2192,-0.2077,-0.1927,-0.1777,-0.1641,-0.1521,-0.1417,-0.1326,-0.1247,-0.1178,-0.4071,-0.4717,-0.5241,-0.5212,-0.4367,-0.3202,-0.2475,-0.2685,-0.302,-0.1979,-0.1084,-0.0856,-0.1049,-0.1514,-0.2243,-0.3391,-0.5353,-0.8872,-1.3886,-1.3387,-0.7351,-0.2628,-0.1411,-0.2176,-0.2559,-0.2535,-0.2354,-0.2139,-0.1937,-0.1762,-0.1614,-0.149,-0.1386,-0.1297,-0.122,-0.1153,-0.4635,-0.5731,-0.7,-0.7487,-0.5974,-0.3799,-0.2383,-0.2114,-0.2149,-0.1099,-0.0355,-0.0304,-0.0621,-0.1134,-0.1821,-0.2835,-0.457,-0.7483,-1.0938,-1.1128,-0.9968,-0.8345,-0.5694,-0.419,-0.3402,-0.2869,-0.2463,-0.2148,-0.1904,-0.1714,-0.1564,-0.1443,-0.1343,-0.1259,-0.1187,-0.1124,-0.4953,-0.6372,-0.8442,-0.9941,-0.7445,-0.4243,-0.2067,-0.075,0.0201,0.0913,0.0893,0.0423,-0.0134,-0.0723,-0.1334,-0.2068,-0.3452,-0.5531,-0.7711,-0.9882,-1.3844,-1.269,-0.804,-0.5284,-0.3822,-0.2969,-0.2427,-0.2064,-0.1811,-0.1627,-0.1488,-0.1378,-0.1289,-0.1214,-0.1149,-0.1092,-0.488,-0.6173,-0.7757,-0.8609,-0.6944,-0.4196,-0.1601,0.07,0.3238,0.4189,0.2593,0.1183,0.0355,-0.0315,-0.0961,-0.1272,-0.2689,-0.4683,-0.6519,-0.8701,-1.181,-1.11,-0.7592,-0.5094,-0.3612,-0.2729,-0.2195,-0.1865,-0.1651,-0.1502,-0.139,-0.1302,-0.1228,-0.1165,-0.1109,-0.1059,-0.4501,-0.5564,-0.6808,-0.8177,-0.7571,-0.4153,-0.1324,0.1297,0.6809,0.9526,0.4067,0.1668,0.0822,0.0295,-0.0616,-0.1181,-0.295,-0.545,-0.6921,-0.7378,-0.7764,-0.7228,-0.5617,-0.4027,-0.2882,-0.2171,-0.1776,-0.1564,-0.1438,-0.1351,-0.1281,-0.1221,-0.1167,-0.1117,-0.1071,-0.1027,-0.3934,-0.4822,-0.606,-0.7664,-0.694,-0.3523,-0.1486,-0.0588,0.3123,0.6123,0.321,0.1698,0.1237,0.138,0.0499,-0.1469,-0.4514,-0.9578,-1.093,-0.811,-0.6138,-0.4929,-0.3804,-0.2734,-0.1883,-0.1391,-0.1228,-0.1207,-0.1208,-0.1199,-0.1178,-0.1148,-0.1113,-0.1075,-0.1037,-0.0999,-0.3229,-0.3822,-0.4498,-0.4912,-0.4101,-0.244,-0.1795,-0.1962,-0.1534,0.1484,0.2017,0.173,0.1446,0.175,0.0949,-0.1793,-0.582,-1.8969,-1.9502,-0.939,-0.5201,-0.338,-0.2354,-0.1564,-0.0876,-0.0543,-0.0665,-0.0876,-0.1012,-0.108,-0.1102,-0.1096,-0.1073,-0.1043,-0.101,-0.0977,-0.2478,-0.2771,-0.2977,-0.2886,-0.232,-0.1628,-0.157,-0.2453,-0.146,0.1135,0.2182,0.2038,0.1733,0.026,-0.044,-0.2699,-0.4469,-1.1434,-1.3017,-0.6824,-0.3192,-0.1611,-0.1008,-0.0676,-0.0265,-0.002,-0.0322,-0.0684,-0.0911,-0.1028,-0.1074,-0.1076,-0.1054,-0.1023,-0.099,-0.0959,-0.1781,-0.187,-0.1848,-0.164,-0.1245,-0.0832,-0.0608,-0.0372,0.0734,0.2608,0.3832,0.3433,0.2192,0.1842,-0.0593,-0.3113,-0.6811,-0.5111,-0.4495,-0.2154,0.0132,0.079,0.0448,0.0043,-0.0133,-0.0136,-0.0372,-0.0712,-0.0953,-0.1076,-0.1112,-0.1093,-0.1052,-0.1009,-0.0974,-0.0944,-0.1182,-0.1152,-0.103,-0.0791,-0.0448,-0.0048,0.0406,0.1097,0.2387,0.4632,0.8045,0.6047,0.4366,0.2345,0.0593,-0.2294,-0.4887,-0.2219,-0.0148,0.1713,0.3885,0.3453,0.1892,0.0797,0.009,-0.0322,-0.0663,-0.0977,-0.1177,-0.1246,-0.1216,-0.1132,-0.1044,-0.0982,-0.0947,-0.0926,-0.0684,-0.0586,-0.0415,-0.016,0.0181,0.0608,0.1158,0.1946,0.3163,0.509,0.7596,0.6194,0.5145,0.4884,0.3092,0.1735,0.1129,0.2617,0.4325,0.4402,0.4696,0.4237,0.2766,0.1367,0.0192,-0.069,-0.1254,-0.1539,-0.162,-0.1548,-0.1365,-0.1142,-0.0974,-0.0901,-0.0892,-0.0897,-0.0273,-0.0137,0.0059,0.0325,0.0666,0.1094,0.1638,0.2349,0.3272,0.436,0.518,0.5189,0.5399,0.571,0.6871,0.7499,0.6074,0.7357,0.9399,0.7698,0.6025,0.4777,0.3365,0.1641,-0.0175,-0.1681,-0.2386,-0.2467,-0.2307,-0.1977,-0.1505,-0.1015,-0.0731,-0.0711,-0.0793,-0.0859,0.0063,0.0221,0.043,0.0697,0.1029,0.1434,0.1926,0.2516,0.3193,0.3883,0.4445,0.4883,0.5569,0.7497,1.4291,1.7278,1.0109,0.9363,1.0924,1.2801,0.9672,0.6589,0.4272,0.184,-0.0914,-0.3199,-0.3743,-0.361,-0.3237,-0.2546,-0.1623,-0.0679,-0.0261,-0.0428,-0.0685,-0.0834,0.0339,0.0508,0.0721,0.0981,0.1295,0.1666,0.2099,0.2592,0.3128,0.3675,0.4221,0.4859,0.5935,0.8391,1.3609,1.5337,1.104,1.1291,1.8176,2.1696,1.3145,0.8495,0.5646,0.2478,-0.1248,-0.386,-0.4327,-0.5174,-0.4545,-0.3343,-0.1943,-0.0552,-0.0014,-0.0328,-0.0686,-0.0865,0.0565,0.0738,0.0947,0.1197,0.1489,0.1827,0.2209,0.2633,0.3091,0.3579,0.4121,0.4805,0.5833,0.7484,0.9539,1.0319,0.9886,1.1131,1.5045,1.6388,1.267,1.0344,0.8403,0.439,-0.0909,-0.5893,-1.0349,-0.9192,-0.6255,-0.437,-0.2762,-0.1308,-0.063,-0.0692,-0.0882,-0.0975,0.0748,0.092,0.1124,0.136,0.1631,0.1937,0.2279,0.2654,0.3061,0.3508,0.4017,0.464,0.5451,0.647,0.7491,0.8152,0.8635,0.9652,1.1167,1.19,1.221,1.4511,1.4787,0.8385,0.0369,-0.7481,-1.4275,-1.1203,-0.6985,-0.5338,-0.3826,-0.2431,-0.159,-0.1279,-0.1187,-0.1131,0.0897,0.1065,0.126,0.1482,0.1732,0.2011,0.2319,0.2656,0.3023,0.3427,0.3883,0.4414,0.5036,0.5729,0.6406,0.6993,0.7577,0.8333,0.9254,1.0346,1.2744,1.8252,2.0038,1.1627,0.247,-0.4525,-0.8459,-0.7739,-0.6766,-0.6175,-0.4648,-0.3221,-0.2272,-0.1741,-0.1452,-0.127,0.1016,0.1179,0.1363,0.1571,0.1802,0.2057,0.2337,0.264,0.297,0.3331,0.373,0.4174,0.4664,0.5183,0.5701,0.6203,0.6727,0.7339,0.8111,0.9276,1.1479,1.4797,1.5239,0.9982,0.3427,-0.1691,-0.4713,-0.5951,-0.6684,-0.6193,-0.4761,-0.3462,-0.2551,-0.1966,-0.1595,-0.1347]},{"header":{"la1":42.85,"la2":41.18,"lo1":11.55,"lo2":14.05,"nx":36,"ny":24,"dx":0.07143,"dy":0.07261,"parameterCategory":2,"parameterNumber":3,"parameterNumberName":"northward_wind","parameterUnit":"m.s-1"},"data":[-0.5206,-0.5055,-0.488,-0.4683,-0.447,-0.4256,-0.4066,-0.3929,-0.3863,-0.3866,-0.391,-0.3957,-0.3973,-0.3939,-0.385,-0.3713,-0.3548,-0.3379,-0.3232,-0.3126,-0.3071,-0.3067,-0.3111,-0.3196,-0.3314,-0.3453,-0.3604,-0.376,-0.3916,-0.4068,-0.4216,-0.4356,-0.449,-0.4617,-0.4736,-0.4848,-0.5221,-0.5047,-0.4838,-0.4589,-0.4304,-0.4,-0.3718,-0.352,-0.3452,-0.3515,-0.3654,-0.3793,-0.3873,-0.3865,-0.3764,-0.3587,-0.3362,-0.3129,-0.2932,-0.2803,-0.2748,-0.276,-0.283,-0.2949,-0.3105,-0.3284,-0.3471,-0.3658,-0.384,-0.4015,-0.4181,-0.4338,-0.4486,-0.4625,-0.4754,-0.4873,-0.5248,-0.5053,-0.4807,-0.4497,-0.4109,-0.3654,-0.3197,-0.2862,-0.2778,-0.2962,-0.329,-0.3599,-0.3787,-0.3819,-0.3703,-0.3464,-0.3143,-0.2806,-0.2536,-0.2391,-0.2366,-0.2415,-0.252,-0.2681,-0.2887,-0.3113,-0.3343,-0.3565,-0.3775,-0.3973,-0.4159,-0.4333,-0.4494,-0.4645,-0.4784,-0.4912,-0.5292,-0.5078,-0.4802,-0.4428,-0.3909,-0.3213,-0.2406,-0.1744,-0.1592,-0.2043,-0.2766,-0.3386,-0.3743,-0.3831,-0.369,-0.3357,-0.2883,-0.2363,-0.1968,-0.1844,-0.1941,-0.2082,-0.2218,-0.2417,-0.2677,-0.2956,-0.323,-0.3488,-0.3727,-0.3948,-0.4153,-0.4343,-0.4518,-0.4681,-0.483,-0.4966,-0.5349,-0.5122,-0.4829,-0.4418,-0.3772,-0.2732,-0.1247,0.0245,0.0645,-0.0476,-0.2059,-0.321,-0.3794,-0.394,-0.376,-0.3304,-0.2592,-0.172,-0.1037,-0.1014,-0.1524,-0.1917,-0.2024,-0.2204,-0.2503,-0.2831,-0.3146,-0.3436,-0.3701,-0.3944,-0.4167,-0.4372,-0.4561,-0.4735,-0.4894,-0.5037,-0.5413,-0.5164,-0.4869,-0.4484,-0.3816,-0.2449,0.0122,0.3616,0.487,0.1935,-0.1373,-0.3237,-0.4022,-0.4191,-0.3963,-0.3379,-0.2369,-0.0868,0.0633,0.0509,-0.0979,-0.194,-0.1978,-0.2076,-0.239,-0.2754,-0.3102,-0.3418,-0.3704,-0.3965,-0.4204,-0.4424,-0.4626,-0.4811,-0.4979,-0.513,-0.5474,-0.5164,-0.4822,-0.453,-0.4108,-0.2812,0.0523,0.6696,0.966,0.3599,-0.1527,-0.374,-0.45,-0.4609,-0.4343,-0.3699,-0.2496,-0.041,0.2345,0.2162,-0.0156,-0.1307,-0.1684,-0.1945,-0.2326,-0.273,-0.3104,-0.3438,-0.3739,-0.4014,-0.4267,-0.4501,-0.4717,-0.4914,-0.5091,-0.5248,-0.5555,-0.5104,-0.45,-0.4174,-0.4407,-0.3981,-0.1684,0.2877,0.4946,0.0335,-0.3391,-0.4825,-0.5197,-0.5167,-0.4922,-0.4346,-0.3201,-0.1354,0.0698,0.0882,0.0346,-0.0157,-0.1059,-0.1755,-0.2301,-0.276,-0.3153,-0.3497,-0.3807,-0.4092,-0.4359,-0.4608,-0.4838,-0.5047,-0.5234,-0.5397,-0.5743,-0.5176,-0.4088,-0.3181,-0.4517,-0.5465,-0.5127,-0.4176,-0.4208,-0.5511,-0.6212,-0.6173,-0.5939,-0.5768,-0.5722,-0.5388,-0.4253,-0.2732,-0.1308,-0.0102,0.1667,0.1226,-0.0571,-0.1678,-0.2362,-0.2855,-0.3251,-0.3592,-0.3904,-0.4199,-0.448,-0.4747,-0.4995,-0.5219,-0.5416,-0.5584,-0.6119,-0.5747,-0.5051,-0.4606,-0.596,-0.7131,-0.8043,-0.8962,-1.037,-1.0758,-0.8924,-0.7321,-0.6512,-0.6257,-0.6743,-0.708,-0.5191,-0.3562,-0.2316,-0.0942,0.0702,0.0481,-0.0913,-0.1909,-0.2557,-0.3021,-0.339,-0.3714,-0.4024,-0.433,-0.4633,-0.4925,-0.5196,-0.5439,-0.5647,-0.5818,-0.6605,-0.6601,-0.6824,-0.7638,-0.7809,-0.8705,-1.0478,-1.206,-1.4514,-1.5874,-1.0799,-0.7877,-0.6827,-0.6582,-0.6779,-0.7125,-0.5036,-0.3674,-0.286,-0.2061,-0.1329,-0.1246,-0.1754,-0.2348,-0.2848,-0.3236,-0.3549,-0.3845,-0.4155,-0.4484,-0.4822,-0.5151,-0.5456,-0.5722,-0.5941,-0.6112,-0.7042,-0.7228,-0.7569,-0.795,-0.83,-1.0127,-1.2992,-1.4996,-1.4622,-1.4043,-1.0242,-0.767,-0.6963,-0.7625,-0.6655,-0.4965,-0.3766,-0.3302,-0.3082,-0.2623,-0.2223,-0.2116,-0.233,-0.273,-0.3149,-0.3464,-0.3699,-0.396,-0.4285,-0.4659,-0.5056,-0.5444,-0.5797,-0.6094,-0.6323,-0.6485,-0.7365,-0.7621,-0.7967,-0.8414,-0.9306,-1.139,-1.4698,-1.785,-1.5833,-1.1965,-0.8927,-0.7203,-0.6557,-0.8019,-0.6566,-0.2783,-0.1996,-0.3376,-0.3492,-0.2678,-0.2294,-0.2219,-0.246,-0.2928,-0.3428,-0.3695,-0.3807,-0.4037,-0.4408,-0.4865,-0.5357,-0.5837,-0.6259,-0.6593,-0.6825,-0.6962,-0.7582,-0.7876,-0.8274,-0.8858,-0.9846,-1.1522,-1.3875,-1.6023,-1.4679,-1.0756,-0.8103,-0.7192,-0.6628,-0.188,-0.2174,0.1971,0.1095,-0.1695,-0.26,-0.2138,-0.1649,-0.1598,-0.2115,-0.2894,-0.3629,-0.3879,-0.3852,-0.4083,-0.454,-0.5127,-0.5768,-0.6387,-0.6909,-0.7283,-0.7497,-0.7576,-0.7704,-0.8002,-0.8398,-0.8947,-0.9726,-1.0773,-1.1908,-1.2451,-1.1366,-0.932,-0.7812,-0.6487,-0.4069,-0.0298,-0.0703,0.3259,0.4916,0.0553,-0.1394,-0.103,0.0401,0.0332,-0.1161,-0.2533,-0.3434,-0.3759,-0.3814,-0.4113,-0.4697,-0.5478,-0.6353,-0.7193,-0.7861,-0.8267,-0.8412,-0.8367,-0.7742,-0.8014,-0.8355,-0.8782,-0.9297,-0.9847,-1.0254,-1.0198,-0.9505,-0.8738,-0.9105,-0.6624,-0.5751,-0.3939,-0.2447,0.0542,0.2842,-0.028,-0.17,0.03,0.5729,0.4366,0.0117,-0.2059,-0.2988,-0.335,-0.3572,-0.4025,-0.4835,-0.594,-0.7208,-0.8425,-0.9312,-0.9703,-0.966,-0.9367,-0.7719,-0.7948,-0.8214,-0.8514,-0.8825,-0.9087,-0.9198,-0.9052,-0.869,-0.8484,-0.8914,-0.7792,-0.8579,-0.9108,-0.5639,-0.3676,-0.2791,-0.3597,-0.4014,-0.0934,0.6387,0.4672,-0.0057,-0.2078,-0.2605,-0.2578,-0.2742,-0.3519,-0.4829,-0.6511,-0.8459,-1.0355,-1.1584,-1.1808,-1.1314,-1.0568,-0.7657,-0.7839,-0.8036,-0.8237,-0.8418,-0.8539,-0.8553,-0.8438,-0.8247,-0.8108,-0.8051,-0.8086,-0.9482,-0.9933,-0.8884,-0.8501,-0.6737,-0.6698,-0.7639,-0.5243,-0.173,-0.0939,-0.2143,-0.2692,-0.2042,-0.0679,-0.0481,-0.2238,-0.4604,-0.7168,-1.0181,-1.3302,-1.5054,-1.4702,-1.3293,-1.1841,-0.7574,-0.7715,-0.7858,-0.7991,-0.8098,-0.8155,-0.8146,-0.807,-0.7963,-0.7879,-0.7873,-0.8069,-0.8667,-0.9779,-1.3984,-1.5948,-0.9867,-0.8055,-0.8391,-0.8829,-0.6674,-0.502,-0.4439,-0.3602,-0.1256,0.3085,0.4028,-0.0566,-0.4484,-0.7844,-1.2006,-1.6896,-1.9294,-1.7759,-1.5071,-1.2866,-0.7485,-0.7593,-0.7696,-0.7787,-0.7852,-0.7883,-0.7874,-0.7831,-0.7777,-0.7752,-0.7807,-0.8035,-0.8608,-1.0051,-1.3434,-1.4467,-1.0569,-0.9316,-1.1791,-1.3262,-0.9481,-0.7642,-0.668,-0.5134,-0.2029,0.3469,0.4707,-0.1587,-0.5301,-0.84,-1.2688,-1.8337,-2.103,-1.8869,-1.5675,-1.3233,-0.7398,-0.7481,-0.7557,-0.7621,-0.7665,-0.7686,-0.7683,-0.7665,-0.7649,-0.7664,-0.7751,-0.7978,-0.8453,-0.9339,-1.0493,-1.0691,-0.9737,-0.9525,-1.0781,-1.1332,-1.0284,-1.0209,-0.9857,-0.7839,-0.5133,-0.3685,-0.5809,-0.6248,-0.7025,-0.8835,-1.1727,-1.5703,-1.794,-1.6904,-1.4725,-1.2814,-0.7316,-0.7381,-0.744,-0.7487,-0.752,-0.7538,-0.7543,-0.7543,-0.7551,-0.7587,-0.7681,-0.7869,-0.819,-0.8644,-0.9077,-0.92,-0.9073,-0.9188,-0.9727,-1.0363,-1.1661,-1.4658,-1.5459,-1.1587,-0.8043,-0.7281,-0.8805,-0.8305,-0.8711,-0.9469,-1.0627,-1.2565,-1.4012,-1.3998,-1.3054,-1.1923,-0.7243,-0.7295,-0.7341,-0.7379,-0.7406,-0.7425,-0.7436,-0.7448,-0.7469,-0.7513,-0.7599,-0.7741,-0.7948,-0.8199,-0.8426,-0.8565,-0.8675,-0.8925,-0.9463,-1.0543,-1.3111,-1.8049,-1.9528,-1.4131,-0.9788,-0.8265,-0.8374,-0.9131,-1.0576,-1.0387,-1.023,-1.0884,-1.163,-1.1856,-1.1546,-1.0971,-0.7178,-0.7221,-0.7258,-0.729,-0.7315,-0.7334,-0.7351,-0.7369,-0.7397,-0.7443,-0.7516,-0.7624,-0.7765,-0.7928,-0.809,-0.8245,-0.8435,-0.8755,-0.9345,-1.0472,-1.2607,-1.555,-1.62,-1.3222,-1.0264,-0.8884,-0.8787,-0.9677,-1.0813,-1.0537,-1.0058,-1.0124,-1.0411,-1.0563,-1.0463,-1.0172]}]