docs/data/wind_grid.json
[{"header":{"la1":42.85,"la2":41.18,"lo1":11.55,"lo2":14.05,"nx":36,"ny":24,"dx":0.07143,"dy":0.07261,"parameterCategory":2,"parameterNumber":2,"parameterNumberName":"eastward_wind","parameterUnit":"m.s-1"},"data":[2.178,2.1632,2.1459,2.1265,2.1064,2.0877,2.074,2.0687,2.0743,2.0901,2.1124,2.1354,2.153,2.1596,2.1504,2.1199,2.0625,1.9721,1.8457,1.6895,1.5261,1.3921,1.3216,1.3248,1.3854,1.4763,1.5746,1.6669,1.7475,1.8154,1.8714,1.9174,1.955,1.9859,2.0114,2.0327,2.1758,2.1583,2.1365,2.1102,2.0805,2.0505,2.026,2.0143,2.0212,2.047,2.0851,2.1256,2.1591,2.1787,2.1786,2.1526,2.0914,1.9819,1.8101,1.574,1.3064,1.0837,0.9849,1.0258,1.1572,1.3183,1.4713,1.6014,1.7067,1.7901,1.8558,1.9077,1.9489,1.9819,2.0087,2.0306,2.1767,2.1569,2.1304,2.0953,2.0515,2.0022,1.9563,1.929,1.935,1.9772,2.0421,2.1103,2.1673,2.2054,2.22,2.2057,2.151,2.0321,1.8098,1.4479,0.9775,0.5677,0.4298,0.58,0.8608,1.1405,1.37,1.5453,1.6763,1.7741,1.8477,1.9039,1.9473,1.9813,2.0084,2.0302,2.1822,2.1621,2.1319,2.087,2.0238,1.9427,1.8548,1.7899,1.7882,1.8615,1.9759,2.0889,2.1789,2.2408,2.2755,2.2828,2.2545,2.1592,1.9135,1.3788,0.4997,-0.354,-0.521,-0.0568,0.5205,0.9756,1.2942,1.5127,1.6643,1.7716,1.8494,1.907,1.9506,1.9841,2.0105,2.0316,2.1942,2.1775,2.1478,2.0951,2.0086,1.8798,1.7122,1.5555,1.5246,1.6693,1.8827,2.0663,2.1979,2.2862,2.3432,2.38,2.4057,2.4069,2.2606,1.5964,-0.0155,-1.9287,-1.9823,-0.759,0.2604,0.8935,1.2778,1.5194,1.6777,1.7858,1.8621,1.9175,1.9588,1.9903,2.0148,2.0343,2.2135,2.2072,2.1875,2.1353,2.0275,1.8408,1.5467,1.1802,1.0564,1.3837,1.7842,2.0598,2.2327,2.3431,2.4179,2.4818,2.575,2.7655,3.0046,2.5134,0.254,-2.8986,-2.7437,-0.8855,0.3186,0.9749,1.3478,1.5739,1.719,1.8168,1.8852,1.9346,1.9712,1.999,2.0205,2.0377,2.2379,2.2528,2.2627,2.2296,2.1074,1.8755,1.4784,0.8491,0.5562,1.1796,1.7671,2.0989,2.2921,2.4137,2.4959,2.5677,2.6894,3.0145,3.7094,3.5399,1.662,-0.3742,-0.777,0.0623,0.7802,1.2258,1.4975,1.6691,1.7824,1.8604,1.9158,1.9561,1.9861,2.0089,2.0267,2.041,2.2592,2.3048,2.378,2.4027,2.2534,1.9941,1.6524,1.1842,0.9909,1.4532,1.9078,2.1928,2.3768,2.4995,2.5809,2.6379,2.7162,2.9177,3.2608,3.1279,2.6189,2.0372,1.3683,1.2295,1.3705,1.543,1.6808,1.7817,1.8551,1.9091,1.9491,1.979,2.0014,2.0184,2.0319,2.043,2.2623,2.3258,2.4735,2.6094,2.3706,2.0949,1.8885,1.7228,1.6978,1.8606,2.0889,2.3044,2.4753,2.599,2.684,2.7209,2.7294,2.7784,2.8612,2.9507,3.355,3.1487,2.3508,1.9322,1.8098,1.8077,1.842,1.883,1.9212,1.9538,1.9797,1.9996,2.0143,2.0255,2.0344,2.0422,2.238,2.2693,2.3479,2.4018,2.2133,2.0849,1.9964,1.9372,1.9159,1.9708,2.1679,2.3978,2.5792,2.7031,2.7997,2.8369,2.7702,2.7486,2.7703,2.878,3.1489,3.0274,2.5463,2.2086,2.0367,1.9631,1.9425,1.9494,1.9675,1.987,2.0032,2.0148,2.0225,2.0279,2.0323,2.0369,2.2019,2.177,2.1011,1.9035,1.9162,2.0206,2.0046,1.9616,1.8513,1.7828,2.1689,2.4879,2.7019,2.8257,2.8503,2.8557,2.7938,2.7731,2.7658,2.7645,2.7771,2.688,2.4741,2.256,2.092,1.9952,1.961,1.9668,1.9866,2.0051,2.017,2.0224,2.0234,2.0229,2.023,2.025,2.1804,2.1325,2.0357,1.8935,1.9115,2.0024,1.9602,1.8848,1.9202,1.9526,2.2922,2.603,2.8456,3.0911,2.9716,2.8405,2.8124,2.8634,2.8595,2.7578,2.6619,2.5512,2.3943,2.1989,2.0028,1.8829,1.8784,1.9303,1.9801,2.01,2.0215,2.0208,2.0144,2.0074,2.0033,2.0035,2.1821,2.1414,2.0837,2.0305,2.0289,2.0295,1.9342,1.652,1.987,2.193,2.4653,2.7346,2.8741,3.1461,2.9907,2.8215,2.8238,3.0623,3.0625,2.7923,2.6338,2.5028,2.3381,2.0898,1.7605,1.5757,1.6869,1.8581,1.9643,2.0104,2.0191,2.0082,1.9909,1.976,1.9681,1.9686,2.1993,2.1725,2.1426,2.1195,2.1088,2.0885,2.0374,2.0345,2.1078,2.3143,2.5518,2.866,2.9263,2.4899,2.7453,2.7791,2.7805,2.8954,2.9124,2.7361,2.5971,2.4785,2.3175,2.0179,1.5056,1.2131,1.5153,1.8234,1.9719,2.0184,2.0109,1.9794,1.9445,1.9196,1.91,1.9148,2.2232,2.2075,2.1925,2.1815,2.1746,2.166,2.1568,2.1755,2.2651,2.4138,2.5391,2.6286,2.5946,2.3979,2.6635,2.7718,2.717,2.7345,2.7173,2.6327,2.5356,2.4623,2.348,2.1039,1.6885,1.4402,1.6664,1.9204,2.0318,2.0401,1.9913,1.9209,1.8582,1.8224,1.8172,1.8355,2.2485,2.2407,2.2347,2.2322,2.2338,2.2402,2.257,2.2984,2.3764,2.4701,2.5175,2.5011,2.5387,2.5644,2.6371,2.6918,2.695,2.6772,2.6359,2.5549,2.451,2.4416,2.4012,2.2754,2.0961,1.9911,2.0493,2.1327,2.1392,2.0674,1.9431,1.805,1.6999,1.6579,1.6741,1.724,2.2727,2.2706,2.2709,2.2748,2.2836,2.2994,2.3263,2.3695,2.4288,2.4885,2.5185,2.534,2.6094,2.6502,2.6309,2.6453,2.6477,2.6288,2.5981,2.5374,2.439,2.4437,2.4476,2.4212,2.4059,2.4249,2.4412,2.3933,2.2717,2.0839,1.8384,1.583,1.414,1.3878,1.4655,1.5792,2.2946,2.2966,2.3012,2.3094,2.3226,2.3423,2.3705,2.408,2.4521,2.4943,2.5268,2.5623,2.6306,2.651,2.6183,2.6142,2.612,2.6019,2.5989,2.5641,2.5115,2.4894,2.4954,2.5402,2.6668,2.8554,2.8952,2.6957,2.4136,2.0809,1.6549,1.1926,0.9286,0.9834,1.1984,1.418,2.3138,2.3186,2.3259,2.3367,2.3518,2.372,2.398,2.4294,2.4637,2.4973,2.5279,2.5589,2.5898,2.6027,2.6012,2.6011,2.595,2.5914,2.5932,2.5777,2.5407,2.5127,2.526,2.6239,2.8943,3.3805,3.4869,2.9859,2.5287,2.074,1.4429,0.6707,0.2887,0.5301,0.9497,1.2887,2.3302,2.3368,2.3457,2.3576,2.3729,2.3921,2.4152,2.4414,2.4692,2.4967,2.5227,2.5467,2.5671,2.581,2.5915,2.5937,2.5826,2.5783,2.5945,2.6051,2.5408,2.4927,2.5036,2.6185,2.9124,3.4611,3.5859,2.9651,2.5494,2.111,1.4116,0.463,0.0134,0.366,0.8773,1.2583,2.3439,2.3514,2.3611,2.3732,2.3879,2.4055,2.4256,2.4477,2.4707,2.4934,2.5147,2.5339,2.5499,2.5621,2.5701,2.5706,2.5636,2.5589,2.5652,2.5564,2.4827,2.3964,2.3867,2.5016,2.6988,2.8313,2.6605,2.6134,2.5101,2.2299,1.6932,0.9549,0.5465,0.7094,1.0572,1.3529,2.355,2.3631,2.3729,2.3846,2.3984,2.4142,2.4317,2.4504,2.4695,2.4882,2.5056,2.5211,2.5337,2.5429,2.5478,2.5469,2.5403,2.5301,2.5137,2.47,2.3568,2.1747,2.1277,2.3161,2.508,2.5448,2.415,2.4887,2.551,2.4286,2.0799,1.6045,1.2755,1.2363,1.3653,1.5266,2.3639,2.3721,2.3817,2.3928,2.4054,2.4194,2.4346,2.4505,2.4665,2.4819,2.4962,2.5085,2.5183,2.5248,2.5273,2.5247,2.5162,2.5,2.4691,2.4026,2.2559,2.0068,1.9357,2.1901,2.4064,2.4919,2.5043,2.5899,2.7444,2.6597,2.3651,2.0228,1.7622,1.6484,1.6519,1.7113,2.371,2.3789,2.3881,2.3984,2.4098,2.4223,2.4354,2.4489,2.4623,2.4751,2.4866,2.4964,2.5038,2.5082,2.5089,2.5048,2.4946,2.4755,2.4411,2.3775,2.2652,2.1207,2.0887,2.2281,2.3765,2.4661,2.5283,2.6369,2.7718,2.7,2.4692,2.2219,2.025,1.9074,1.8631,1.8673]},{"header":{"la1":42.85,"la2":41.18,"lo1":11.55,"lo2":14.05,"nx":36,"ny":24,"dx":0.07143,"dy":0.07261,"parameterCategory":2,"parameterNumber":3,"parameterNumberName":"northward_wind","parameterUnit":"m.s-1"},"data":[1.5863,1.5507,1.5036,1.4452,1.3776,1.3053,1.2349,1.1731,1.1238,1.0861,1.0541,1.0195,0.9749,0.915,0.837,0.7401,0.625,0.494,0.3513,0.206,0.0744,-0.02,-0.0568,-0.032,0.0404,0.1386,0.2443,0.3462,0.4391,0.5216,0.5938,0.6568,0.7117,0.7599,0.8022,0.8397,1.6368,1.5995,1.5459,1.4744,1.3872,1.2907,1.1962,1.1175,1.0639,1.0347,1.018,0.9984,0.9631,0.9049,0.8206,0.7093,0.5714,0.4082,0.2216,0.018,-0.1801,-0.3262,-0.3722,-0.3106,-0.1786,-0.0213,0.1317,0.2679,0.3848,0.4835,0.5669,0.6377,0.6981,0.7501,0.7952,0.8347,1.7016,1.6656,1.606,1.5181,1.4019,1.2652,1.1271,1.0155,0.9548,0.9457,0.9623,0.9724,0.9553,0.9029,0.8132,0.6863,0.5228,0.3229,0.0829,-0.2054,-0.5255,-0.7811,-0.8401,-0.692,-0.4453,-0.1944,0.022,0.1983,0.3401,0.4544,0.5478,0.625,0.6897,0.7447,0.7918,0.8327,1.7855,1.7569,1.6956,1.5896,1.4323,1.2293,1.0077,0.8249,0.7483,0.7878,0.8763,0.9424,0.9557,0.9133,0.8192,0.6758,0.4844,0.2473,-0.0426,-0.4342,-0.9813,-1.4978,-1.5645,-1.1973,-0.7379,-0.3548,-0.066,0.1491,0.312,0.4383,0.5387,0.6202,0.6876,0.7442,0.7925,0.8341,1.8927,1.884,1.8328,1.7132,1.5036,1.1971,0.8161,0.4635,0.3413,0.5078,0.7545,0.9172,0.9722,0.9415,0.8434,0.6834,0.461,0.1865,-0.1213,-0.5618,-1.4573,-2.5871,-2.5881,-1.7282,-0.9659,-0.4507,-0.1064,0.1329,0.3068,0.4383,0.5412,0.624,0.692,0.749,0.7973,0.8388,2.0244,2.0575,2.0438,1.9296,1.6648,1.2218,0.5774,-0.1714,-0.4414,0.069,0.632,0.9247,1.017,0.9921,0.8897,0.7168,0.4627,0.1345,-0.1634,-0.4435,-1.458,-3.2166,-3.1029,-1.8545,-0.9662,-0.4244,-0.0783,0.1574,0.327,0.4551,0.5554,0.6362,0.7028,0.7586,0.8059,0.8466,2.1722,2.2793,2.358,2.2966,1.9818,1.408,0.5217,-0.7608,-1.3296,-0.2386,0.6536,1.0114,1.1006,1.0641,0.9562,0.7839,0.5188,0.1329,-0.2306,-0.2853,-0.8085,-1.7772,-1.9159,-1.2797,-0.6867,-0.2709,0.0151,0.2183,0.3692,0.4859,0.5792,0.6555,0.719,0.7724,0.8179,0.857,2.3076,2.5149,2.774,2.866,2.4662,1.7868,0.971,-0.0482,-0.4741,0.3306,0.9706,1.1963,1.2167,1.1439,1.0252,0.873,0.65,0.3103,-0.0418,-0.1872,-0.3943,-0.6141,-0.7325,-0.5819,-0.3107,-0.0582,0.1427,0.299,0.4234,0.5248,0.6091,0.6796,0.7391,0.7895,0.8325,0.8696,2.3832,2.6527,3.0968,3.4461,2.8585,2.1369,1.6007,1.2083,1.1237,1.3227,1.4431,1.4265,1.339,1.2073,1.0508,0.9262,0.7933,0.5593,0.2683,-0.0485,-0.4265,-0.3987,-0.2629,-0.1467,-0.0052,0.1368,0.2642,0.3765,0.4761,0.5641,0.6405,0.706,0.7615,0.8086,0.8488,0.8835,2.3713,2.5861,2.8831,3.0544,2.6633,2.2653,2.0055,1.9415,2.0912,2.1473,1.8805,1.6285,1.4441,1.2532,0.9698,0.8274,0.8707,0.7299,0.4947,0.1708,-0.2103,-0.1992,0.0013,0.1227,0.2012,0.2694,0.3432,0.4265,0.5135,0.5963,0.6697,0.7324,0.7848,0.8287,0.8658,0.8978,2.3046,2.4272,2.5042,2.4374,2.4056,2.2899,2.213,2.2884,2.6811,2.9128,2.1769,1.7476,1.5228,1.3454,1.0478,0.8473,0.9294,0.7846,0.6147,0.4612,0.2992,0.2501,0.2943,0.3169,0.3038,0.2986,0.3405,0.4253,0.5245,0.6172,0.6952,0.7579,0.808,0.8485,0.8822,0.9113,2.2292,2.3066,2.3602,2.3809,2.3602,2.2965,2.3377,2.4374,2.5421,2.6079,2.1205,1.7743,1.5667,1.4299,1.3167,1.1786,0.9753,0.578,0.4344,0.5683,0.6058,0.5792,0.525,0.4113,0.2435,0.1399,0.1998,0.3537,0.508,0.6299,0.7192,0.7834,0.8305,0.8667,0.8964,0.9224,2.1608,2.2159,2.2604,2.2844,2.2768,2.2875,2.4026,2.5815,2.4469,2.2403,1.9863,1.7938,1.656,1.3972,1.339,1.3076,1.0014,-0.1187,-0.1798,0.5711,0.7983,0.8055,0.6816,0.3905,-0.0748,-0.3468,-0.1225,0.2291,0.4863,0.6483,0.7481,0.8104,0.8512,0.8809,0.9057,0.9289,2.1009,2.1402,2.1718,2.1917,2.2059,2.2455,2.3389,2.4351,2.3596,2.1369,1.9587,1.8284,1.7979,1.8375,1.5413,1.3473,1.235,0.5885,0.3946,0.8397,1.0367,1.0302,0.8433,0.3837,-0.4632,-0.9624,-0.4192,0.1729,0.5137,0.6942,0.7889,0.8384,0.8662,0.8862,0.9058,0.9273,2.0499,2.0789,2.1028,2.1219,2.1419,2.1738,2.2181,2.2394,2.1797,2.0789,2.0219,1.9816,1.9632,2.1768,1.6423,1.3558,1.4449,1.2846,1.1778,1.2654,1.3543,1.3072,1.0819,0.6242,-0.1208,-0.5595,-0.1474,0.3496,0.6379,0.7797,0.8405,0.8603,0.8657,0.8731,0.8892,0.9131,2.0073,2.0296,2.0488,2.0656,2.0822,2.1006,2.1155,2.1125,2.0866,2.0791,2.146,2.2367,2.116,1.9672,1.7591,1.5745,1.5259,1.5539,1.5864,1.603,1.6408,1.5779,1.3434,1.0091,0.6198,0.3992,0.5014,0.7027,0.8366,0.8905,0.8878,0.8573,0.8294,0.8249,0.8456,0.8811,1.9716,1.9895,2.0052,2.0189,2.0312,2.0416,2.0474,2.0462,2.0452,2.07,2.1333,2.1398,2.1169,2.088,1.9215,1.8192,1.8022,1.9321,2.0536,1.8976,1.7116,1.6703,1.5211,1.3126,1.1284,1.0373,1.0353,1.052,1.0438,0.995,0.9039,0.7952,0.7215,0.7165,0.7635,0.8288,1.9414,1.9562,1.9692,1.9804,1.99,1.9975,2.0024,2.0061,2.0138,2.0327,2.0572,2.0714,2.1108,2.1273,2.145,2.1722,2.1397,2.4238,2.7768,2.3445,1.9942,1.812,1.6653,1.5194,1.4269,1.4136,1.4012,1.3261,1.218,1.0723,0.8653,0.6297,0.4937,0.5254,0.6428,0.7631,1.9157,1.9281,1.9392,1.9489,1.9571,1.964,1.97,1.9764,1.986,2.0005,2.0186,2.042,2.084,2.187,2.5635,2.7358,2.3871,2.5407,2.7876,2.7678,2.3771,2.0305,1.812,1.6647,1.5951,1.6262,1.6335,1.5109,1.3506,1.1321,0.7936,0.3697,0.1592,0.2921,0.5232,0.7098,1.8934,1.9042,1.914,1.9227,1.9304,1.9375,1.9444,1.9523,1.9627,1.9768,1.9963,2.0266,2.0847,2.2222,2.5219,2.6278,2.433,2.5771,3.1847,3.4729,2.6646,2.1795,1.9281,1.7699,1.68,1.6752,1.6786,1.5971,1.4508,1.2139,0.8105,0.2647,0.0076,0.2073,0.4949,0.7077,1.8739,1.8836,1.8924,1.9005,1.9081,1.9154,1.923,1.9318,1.9428,1.9576,1.9784,2.0107,2.0655,2.1595,2.2819,2.3399,2.353,2.5082,2.8636,2.9604,2.5337,2.1982,2.0187,1.8665,1.7478,1.7116,1.7378,1.6845,1.5432,1.3415,1.0061,0.5619,0.3188,0.4109,0.6087,0.7752,1.8566,1.8654,1.8736,1.8813,1.8887,1.8962,1.9042,1.9134,1.9247,1.9396,1.9599,1.9891,2.0317,2.0895,2.1519,2.2003,2.2497,2.3431,2.4577,2.4542,2.3004,2.1974,2.1513,1.9813,1.8119,1.7526,1.7958,1.7335,1.6132,1.4906,1.2614,0.9634,0.7587,0.7292,0.7996,0.8886,1.841,1.8491,1.8568,1.8642,1.8714,1.8789,1.887,1.8962,1.9074,1.9215,1.9398,1.9641,1.9957,2.0337,2.0736,2.1116,2.1519,2.1994,2.2358,2.2261,2.1904,2.2327,2.2604,2.0583,1.8537,1.7556,1.7291,1.6859,1.6703,1.6188,1.4442,1.2294,1.0628,0.9862,0.981,1.0096,1.8268,1.8343,1.8415,1.8486,1.8556,1.8629,1.8708,1.8797,1.8902,1.903,1.9188,1.9383,1.9618,1.9883,2.016,2.0434,2.0704,2.0951,2.11,2.1102,2.1146,2.152,2.1467,2.0105,1.853,1.7509,1.696,1.667,1.6772,1.6412,1.514,1.3614,1.2338,1.1539,1.1191,1.1141]}]