docs/data/wind_grid.json
[{"header":{"la1":42.85,"la2":41.18,"lo1":11.55,"lo2":14.05,"nx":36,"ny":24,"dx":0.07143,"dy":0.07261,"parameterCategory":2,"parameterNumber":2,"parameterNumberName":"eastward_wind","parameterUnit":"m.s-1"},"data":[-0.5982,-0.608,-0.6182,-0.6288,-0.6395,-0.6494,-0.6574,-0.6622,-0.6631,-0.6608,-0.6575,-0.6561,-0.659,-0.6679,-0.6827,-0.7023,-0.7239,-0.7433,-0.7557,-0.7573,-0.7469,-0.7261,-0.6982,-0.6667,-0.6347,-0.604,-0.5757,-0.5503,-0.5279,-0.5083,-0.4915,-0.477,-0.4646,-0.454,-0.445,-0.4373,-0.6082,-0.6196,-0.6319,-0.6453,-0.6597,-0.674,-0.6863,-0.6935,-0.6933,-0.6865,-0.6772,-0.6706,-0.6713,-0.6817,-0.7023,-0.7317,-0.766,-0.7986,-0.8205,-0.8247,-0.8091,-0.7778,-0.7376,-0.6945,-0.6528,-0.6145,-0.5806,-0.5512,-0.526,-0.5046,-0.4865,-0.4713,-0.4586,-0.448,-0.4391,-0.4317,-0.619,-0.6322,-0.6468,-0.6636,-0.6833,-0.7052,-0.7261,-0.7394,-0.7385,-0.7232,-0.7018,-0.6853,-0.6812,-0.6929,-0.7212,-0.7649,-0.8198,-0.8755,-0.9149,-0.9227,-0.8958,-0.8451,-0.7846,-0.7246,-0.6701,-0.6228,-0.5826,-0.5491,-0.5212,-0.4982,-0.4793,-0.4638,-0.4511,-0.4407,-0.4322,-0.4252,-0.6308,-0.6457,-0.6625,-0.6829,-0.7095,-0.7437,-0.7822,-0.8113,-0.8119,-0.7794,-0.7338,-0.6989,-0.6863,-0.6987,-0.7364,-0.8001,-0.8879,-0.986,-1.0599,-1.072,-1.019,-0.9308,-0.8376,-0.754,-0.6838,-0.6265,-0.5801,-0.5427,-0.5127,-0.4887,-0.4695,-0.4541,-0.4419,-0.432,-0.4242,-0.4178,-0.6442,-0.6608,-0.679,-0.7018,-0.7351,-0.7866,-0.8588,-0.9289,-0.9402,-0.8693,-0.7734,-0.707,-0.6824,-0.6953,-0.7433,-0.831,-0.9673,-1.1436,-1.291,-1.3058,-1.1891,-1.0309,-0.8889,-0.7762,-0.6895,-0.6226,-0.5709,-0.5308,-0.4996,-0.4754,-0.4566,-0.4421,-0.4308,-0.422,-0.4151,-0.4097,-0.6605,-0.6792,-0.6978,-0.7196,-0.7543,-0.8211,-0.9446,-1.1094,-1.1622,-0.9996,-0.8075,-0.6991,-0.6643,-0.6794,-0.7359,-0.8439,-1.0348,-1.3364,-1.6358,-1.6412,-1.386,-1.1193,-0.9212,-0.7816,-0.6815,-0.608,-0.5532,-0.5121,-0.4812,-0.458,-0.4406,-0.4276,-0.4179,-0.4107,-0.4052,-0.4011,-0.6814,-0.7043,-0.7239,-0.7401,-0.7631,-0.8225,-0.9753,-1.2589,-1.3926,-1.0816,-0.7869,-0.6581,-0.628,-0.6508,-0.7119,-0.8227,-1.0343,-1.4328,-1.9108,-1.893,-1.4847,-1.1382,-0.9109,-0.7601,-0.6553,-0.5801,-0.5255,-0.4857,-0.4569,-0.4362,-0.4214,-0.4109,-0.4035,-0.3983,-0.3947,-0.392,-0.7089,-0.7422,-0.7687,-0.779,-0.7737,-0.7827,-0.8662,-1.0662,-1.152,-0.882,-0.6544,-0.5756,-0.5762,-0.6163,-0.6805,-0.7724,-0.9363,-1.248,-1.6268,-1.6375,-1.3306,-1.0469,-0.8478,-0.7088,-0.6095,-0.5378,-0.4867,-0.451,-0.4265,-0.4101,-0.3993,-0.3923,-0.388,-0.3854,-0.3839,-0.383,-0.7426,-0.7977,-0.8504,-0.8715,-0.829,-0.7476,-0.6902,-0.6654,-0.5972,-0.4814,-0.4418,-0.469,-0.5199,-0.5873,-0.6672,-0.7354,-0.8235,-0.9826,-1.1512,-1.1813,-1.0595,-0.8968,-0.7516,-0.6351,-0.5461,-0.4812,-0.4367,-0.4079,-0.3904,-0.3802,-0.3748,-0.3725,-0.3719,-0.3724,-0.3734,-0.3745,-0.7754,-0.8649,-0.9789,-1.0674,-0.9959,-0.7761,-0.5735,-0.3772,-0.1206,-0.0226,-0.2066,-0.3703,-0.4682,-0.5619,-0.7,-0.7658,-0.7776,-0.868,-0.946,-0.9488,-0.8768,-0.7665,-0.6515,-0.5494,-0.468,-0.4104,-0.375,-0.3567,-0.3491,-0.3475,-0.3491,-0.3524,-0.3563,-0.3602,-0.3639,-0.3671,-0.7914,-0.9105,-1.0981,-1.3221,-1.2558,-0.8378,-0.5344,-0.2732,0.2897,0.5603,-0.0321,-0.3191,-0.4238,-0.4983,-0.6577,-0.7596,-0.7852,-0.9251,-0.993,-0.9283,-0.8063,-0.6779,-0.5594,-0.4564,-0.3752,-0.3232,-0.3006,-0.2979,-0.3043,-0.3137,-0.3238,-0.3335,-0.3423,-0.35,-0.3564,-0.3615,-0.775,-0.8892,-1.0674,-1.2754,-1.1944,-0.7832,-0.5434,-0.4457,-0.0763,0.2082,-0.1431,-0.339,-0.3902,-0.3838,-0.5011,-0.6418,-0.8731,-1.2704,-1.3504,-1.06,-0.7938,-0.6074,-0.4688,-0.3552,-0.2646,-0.2157,-0.2132,-0.2343,-0.2593,-0.2817,-0.3011,-0.3177,-0.3316,-0.343,-0.3519,-0.3586,-0.728,-0.8054,-0.9001,-0.9608,-0.8665,-0.661,-0.5578,-0.5937,-0.4909,-0.2996,-0.3255,-0.4032,-0.3873,-0.4056,-0.5108,-0.6051,-0.9999,-1.9591,-1.9687,-1.1777,-0.743,-0.5136,-0.37,-0.2512,-0.142,-0.0911,-0.1213,-0.1748,-0.22,-0.2553,-0.2838,-0.3072,-0.3262,-0.3409,-0.3518,-0.3594,-0.668,-0.7081,-0.7406,-0.7378,-0.6746,-0.5857,-0.542,-0.5542,-0.5067,-0.405,-0.3942,-0.4794,-0.4578,0.0849,-0.3464,-0.6092,-0.9293,-1.4634,-1.5073,-0.9355,-0.5528,-0.3619,-0.2606,-0.1691,-0.0576,-0.0038,-0.0618,-0.1366,-0.1936,-0.238,-0.2747,-0.3048,-0.3285,-0.3458,-0.3576,-0.3651,-0.6105,-0.6271,-0.6328,-0.6176,-0.5795,-0.535,-0.5053,-0.4867,-0.4489,-0.4047,-0.3973,-0.4182,-0.3081,-0.1944,-0.3406,-0.7526,-1.1066,-0.8917,-0.7565,-0.4802,-0.229,-0.1437,-0.1391,-0.117,-0.0634,-0.0323,-0.0691,-0.127,-0.1817,-0.2317,-0.2763,-0.3136,-0.3417,-0.3604,-0.3712,-0.3765,-0.5619,-0.5663,-0.5623,-0.547,-0.5217,-0.4932,-0.4676,-0.4428,-0.4131,-0.3813,-0.3421,-0.5318,-0.4551,-0.3309,-0.3846,-0.6493,-0.898,-0.5797,-0.3152,-0.1013,0.1152,0.0864,-0.0194,-0.0605,-0.0631,-0.0619,-0.0807,-0.1214,-0.1761,-0.2354,-0.2913,-0.3377,-0.37,-0.3877,-0.3942,-0.3943,-0.5223,-0.5207,-0.5134,-0.4995,-0.4803,-0.4585,-0.4365,-0.4142,-0.3919,-0.3704,-0.3476,-0.4257,-0.4885,-0.4876,-0.3283,-0.3078,-0.2906,-0.0648,0.1468,0.1471,0.1815,0.1484,0.0562,0.0041,-0.0123,-0.0152,-0.0354,-0.0905,-0.1679,-0.2488,-0.323,-0.3824,-0.4185,-0.4304,-0.427,-0.4179,-0.49,-0.4855,-0.4769,-0.4642,-0.448,-0.4298,-0.4108,-0.3921,-0.3753,-0.3637,-0.3637,-0.3859,-0.4565,-0.4295,-0.0691,0.1136,0.1266,0.4218,0.7167,0.4375,0.2626,0.1814,0.1163,0.0704,0.0683,0.1065,0.093,-0.0227,-0.1595,-0.2759,-0.3736,-0.4503,-0.4886,-0.4867,-0.4662,-0.4441,-0.4632,-0.4571,-0.448,-0.436,-0.4215,-0.4053,-0.3881,-0.371,-0.3551,-0.3415,-0.33,-0.3149,-0.2722,-0.0746,0.5142,0.7377,0.3864,0.5176,0.7129,0.7026,0.4862,0.3068,0.2015,0.136,0.1476,0.3035,0.3332,0.0492,-0.1814,-0.3257,-0.4351,-0.5246,-0.562,-0.5405,-0.501,-0.4667,-0.4406,-0.4335,-0.4241,-0.4124,-0.3987,-0.3833,-0.3668,-0.3494,-0.3311,-0.3108,-0.2843,-0.2395,-0.1444,0.0786,0.4891,0.6284,0.4321,0.5373,0.9459,1.1214,0.6816,0.4436,0.3168,0.1998,0.1433,0.3084,0.3524,-0.0778,-0.2995,-0.4133,-0.4902,-0.5573,-0.5869,-0.5607,-0.5173,-0.4796,-0.4211,-0.4133,-0.4036,-0.392,-0.3786,-0.3634,-0.3466,-0.3279,-0.3066,-0.2804,-0.2443,-0.1883,-0.0943,0.0572,0.239,0.3327,0.3598,0.4949,0.7572,0.8472,0.6791,0.6108,0.5393,0.3195,0.0574,-0.178,-0.5211,-0.5349,-0.527,-0.5625,-0.5621,-0.5598,-0.5635,-0.5467,-0.5147,-0.4823,-0.4041,-0.3958,-0.3859,-0.3741,-0.3606,-0.3453,-0.3279,-0.308,-0.2844,-0.2549,-0.2156,-0.1607,-0.0836,0.0162,0.1212,0.2052,0.2822,0.3935,0.5276,0.617,0.7223,0.9883,1.0453,0.5913,0.0558,-0.4417,-0.8511,-0.7683,-0.8116,-0.8157,-0.7029,-0.6093,-0.5637,-0.5359,-0.5077,-0.4796,-0.3891,-0.3805,-0.3702,-0.3584,-0.3447,-0.3292,-0.3113,-0.2906,-0.2659,-0.2355,-0.197,-0.1475,-0.0853,-0.0122,0.0647,0.1395,0.2176,0.3092,0.415,0.5486,0.8102,1.3031,1.4491,0.816,0.1432,-0.35,-0.6556,-0.8886,-1.2527,-1.1492,-0.871,-0.6866,-0.5907,-0.5391,-0.504,-0.4755,-0.3759,-0.3669,-0.3565,-0.3445,-0.3308,-0.315,-0.297,-0.276,-0.2513,-0.2217,-0.1856,-0.142,-0.0904,-0.0321,0.0303,0.0955,0.1657,0.2458,0.3434,0.482,0.7132,1.0207,1.071,0.6649,0.1555,-0.2582,-0.5869,-0.9594,-1.309,-1.2007,-0.9199,-0.7211,-0.6071,-0.5418,-0.5002,-0.4702]},{"header":{"la1":42.85,"la2":41.18,"lo1":11.55,"lo2":14.05,"nx":36,"ny":24,"dx":0.07143,"dy":0.07261,"parameterCategory":2,"parameterNumber":3,"parameterNumberName":"northward_wind","parameterUnit":"m.s-1"},"data":[-0.2406,-0.244,-0.2459,-0.246,-0.2442,-0.2402,-0.2337,-0.2246,-0.2128,-0.1985,-0.1823,-0.1652,-0.1483,-0.133,-0.12,-0.1097,-0.102,-0.096,-0.0904,-0.0842,-0.0767,-0.0682,-0.0594,-0.051,-0.0436,-0.0377,-0.0332,-0.0302,-0.0286,-0.0282,-0.0287,-0.0299,-0.0318,-0.034,-0.0365,-0.0392,-0.257,-0.2619,-0.2651,-0.2663,-0.2652,-0.2615,-0.2551,-0.2454,-0.2324,-0.2159,-0.1966,-0.1758,-0.1555,-0.1375,-0.1232,-0.1131,-0.107,-0.1034,-0.0999,-0.0942,-0.0855,-0.0746,-0.0629,-0.0519,-0.0426,-0.0355,-0.0304,-0.0272,-0.0258,-0.0257,-0.0267,-0.0285,-0.031,-0.0339,-0.037,-0.0402,-0.2751,-0.2818,-0.2867,-0.2892,-0.289,-0.2858,-0.2794,-0.2696,-0.2555,-0.2367,-0.2134,-0.1878,-0.1628,-0.1414,-0.1256,-0.1166,-0.1141,-0.1155,-0.1163,-0.1118,-0.1005,-0.0847,-0.068,-0.0532,-0.0413,-0.0326,-0.0269,-0.0237,-0.0225,-0.023,-0.0247,-0.0274,-0.0306,-0.0343,-0.0381,-0.0419,-0.2949,-0.304,-0.3109,-0.315,-0.3158,-0.3127,-0.3061,-0.296,-0.2817,-0.2611,-0.2334,-0.2013,-0.1699,-0.1439,-0.1265,-0.1198,-0.124,-0.1359,-0.146,-0.1433,-0.1254,-0.0998,-0.0746,-0.0541,-0.0389,-0.0287,-0.0225,-0.0195,-0.019,-0.0202,-0.0229,-0.0265,-0.0308,-0.0353,-0.04,-0.0445,-0.3165,-0.3287,-0.3383,-0.3445,-0.346,-0.342,-0.3328,-0.3205,-0.3073,-0.2881,-0.2565,-0.2161,-0.176,-0.1439,-0.1247,-0.1212,-0.1365,-0.1689,-0.2,-0.1993,-0.1642,-0.1192,-0.0808,-0.053,-0.0345,-0.0231,-0.0169,-0.0146,-0.015,-0.0175,-0.0214,-0.0262,-0.0316,-0.0373,-0.0429,-0.0482,-0.3399,-0.3561,-0.3696,-0.3786,-0.3813,-0.3748,-0.3569,-0.3322,-0.3193,-0.3127,-0.2826,-0.2319,-0.1799,-0.1402,-0.1187,-0.1184,-0.1468,-0.2131,-0.2887,-0.2876,-0.2129,-0.136,-0.0816,-0.0472,-0.0266,-0.0153,-0.0101,-0.0091,-0.011,-0.015,-0.0204,-0.0267,-0.0336,-0.0405,-0.0472,-0.0534,-0.3648,-0.3864,-0.4053,-0.4191,-0.425,-0.4179,-0.3873,-0.3292,-0.3035,-0.3344,-0.315,-0.249,-0.1796,-0.1314,-0.1092,-0.11,-0.1421,-0.2342,-0.364,-0.358,-0.2354,-0.1327,-0.0698,-0.0339,-0.0144,-0.0051,-0.0021,-0.0033,-0.0072,-0.0131,-0.0204,-0.0285,-0.037,-0.0454,-0.0534,-0.0605,-0.3903,-0.4191,-0.4456,-0.4667,-0.4803,-0.4828,-0.4615,-0.4024,-0.3713,-0.411,-0.3741,-0.2699,-0.1714,-0.1166,-0.1039,-0.107,-0.1195,-0.1785,-0.2775,-0.277,-0.18,-0.0945,-0.0416,-0.0124,0.0017,0.0066,0.006,0.002,-0.0043,-0.0123,-0.0217,-0.032,-0.0425,-0.0527,-0.062,-0.0702,-0.4145,-0.4523,-0.4888,-0.5188,-0.5424,-0.5677,-0.595,-0.6196,-0.6524,-0.643,-0.4982,-0.2951,-0.1449,-0.0932,-0.1308,-0.1561,-0.1145,-0.0977,-0.1198,-0.1193,-0.0789,-0.0335,-0.0019,0.0145,0.0194,0.0176,0.0125,0.0055,-0.0031,-0.0133,-0.0251,-0.0379,-0.0508,-0.0631,-0.0741,-0.0832,-0.4341,-0.4817,-0.5297,-0.5663,-0.5925,-0.6471,-0.7452,-0.8948,-1.1227,-1.141,-0.7191,-0.305,-0.0746,-0.0374,-0.2365,-0.3585,-0.1464,-0.0447,-0.024,-0.0138,0.0056,0.0269,0.0399,0.0415,0.0343,0.024,0.0141,0.0051,-0.0047,-0.0167,-0.0311,-0.047,-0.063,-0.0779,-0.0906,-0.1007,-0.4441,-0.4993,-0.5564,-0.5929,-0.6057,-0.703,-0.8793,-1.1083,-1.6712,-1.9699,-0.9192,-0.2342,0.0711,0.1371,-0.1198,-0.3367,-0.077,0.0019,0.0128,0.0356,0.0625,0.079,0.0792,0.0635,0.0392,0.018,0.0057,-0.0014,-0.0099,-0.0229,-0.0405,-0.0605,-0.0806,-0.0988,-0.1136,-0.1242,-0.4403,-0.4968,-0.5555,-0.5934,-0.6185,-0.7687,-1.0217,-1.218,-1.3893,-1.4769,-0.6534,-0.0334,0.2579,0.3583,0.3604,0.1779,0.0995,-0.0238,-0.0551,0.0367,0.1061,0.1315,0.1188,0.0762,0.0216,-0.0147,-0.0207,-0.0159,-0.0182,-0.0317,-0.0539,-0.0802,-0.1062,-0.1286,-0.1454,-0.1559,-0.4219,-0.4738,-0.5289,-0.58,-0.6505,-0.8227,-1.1185,-1.3975,-1.22,-0.7763,-0.2204,0.1985,0.3923,0.5093,0.6094,0.418,0.221,-0.2481,-0.265,0.0367,0.1716,0.206,0.1703,0.0796,-0.0354,-0.0946,-0.0701,-0.035,-0.0265,-0.0422,-0.0728,-0.1093,-0.144,-0.1718,-0.19,-0.1988,-0.3919,-0.4359,-0.4847,-0.5404,-0.6216,-0.7658,-0.9878,-1.2026,-1.0202,-0.432,0.0637,0.3255,0.4126,0.8316,0.6424,0.6167,0.5584,0.0964,-0.0242,0.1813,0.3172,0.3418,0.2589,0.0999,-0.0995,-0.1887,-0.1113,-0.0413,-0.0279,-0.0536,-0.1004,-0.1538,-0.2015,-0.2356,-0.2533,-0.2567,-0.3539,-0.3882,-0.4265,-0.4711,-0.5298,-0.6108,-0.7002,-0.7144,-0.4869,-0.0565,0.2967,0.4967,0.6749,0.9816,0.7264,0.9602,1.405,0.689,0.3664,0.4309,0.6178,0.6103,0.415,0.189,-0.0242,-0.1205,-0.0632,-0.0106,-0.0165,-0.0673,-0.1434,-0.2248,-0.2919,-0.3319,-0.3436,-0.3342,-0.3114,-0.3351,-0.3599,-0.3856,-0.4117,-0.432,-0.4232,-0.3332,-0.1076,0.221,0.4793,0.7799,0.7352,0.7211,0.6772,0.8789,1.1565,0.6693,0.4196,0.6339,1.1871,1.0529,0.5966,0.3109,0.1442,0.0689,0.0645,0.0584,0.008,-0.0876,-0.2135,-0.3421,-0.4378,-0.479,-0.4714,-0.4354,-0.2678,-0.2811,-0.2924,-0.2996,-0.2986,-0.2803,-0.2271,-0.1148,0.0701,0.301,0.4775,0.6051,0.6929,0.7005,0.5582,0.5255,0.4851,0.2425,0.1044,0.4867,1.2484,1.09,0.609,0.3627,0.2636,0.2364,0.2177,0.1584,0.0462,-0.118,-0.3266,-0.538,-0.6765,-0.7016,-0.6452,-0.5593,-0.2258,-0.2301,-0.2303,-0.2237,-0.2057,-0.1693,-0.1048,-0.0037,0.1326,0.2827,0.4088,0.5078,0.6359,0.6364,0.3572,0.2146,0.1403,-0.216,-0.5725,-0.0182,0.4699,0.5621,0.4256,0.3339,0.3461,0.4235,0.4303,0.3001,0.1009,-0.1559,-0.4919,-0.8494,-1.0495,-1.0125,-0.8555,-0.6913,-0.1873,-0.1847,-0.1771,-0.1618,-0.1355,-0.094,-0.0328,0.0494,0.148,0.2495,0.3375,0.4034,0.4334,0.3346,-0.0043,-0.1303,-0.0086,-0.2208,-0.4052,-0.1248,0.0909,0.211,0.2335,0.2721,0.4179,0.6801,0.7345,0.4546,0.1563,-0.184,-0.6667,-1.237,-1.5087,-1.3416,-1.0434,-0.7948,-0.1534,-0.1461,-0.1336,-0.114,-0.0852,-0.045,0.0079,0.0726,0.1443,0.2145,0.2725,0.3064,0.295,0.1947,-0.0122,-0.0867,-0.021,-0.0802,-0.1119,-0.101,-0.0376,0.0143,0.0565,0.1659,0.388,0.7195,0.7898,0.4592,0.1725,-0.1701,-0.7012,-1.387,-1.6981,-1.4575,-1.0991,-0.8225,-0.1245,-0.1143,-0.0993,-0.0784,-0.0503,-0.0141,0.03,0.0802,0.1328,0.1816,0.219,0.2357,0.22,0.1621,0.0789,0.0295,0.009,-0.0345,-0.0774,-0.0939,-0.1268,-0.2085,-0.2095,-0.0357,0.2187,0.4113,0.4201,0.3442,0.1566,-0.1072,-0.5146,-1.0464,-1.3336,-1.2206,-0.9738,-0.7574,-0.1006,-0.0888,-0.073,-0.0524,-0.0266,0.0047,0.0407,0.0797,0.1186,0.1529,0.1776,0.1868,0.1757,0.1439,0.101,0.0614,0.0244,-0.02,-0.071,-0.1424,-0.312,-0.6203,-0.699,-0.3459,0.0325,0.2714,0.384,0.3034,0.1089,-0.0431,-0.2778,-0.6009,-0.8277,-0.8519,-0.7556,-0.6341,-0.081,-0.0688,-0.0532,-0.034,-0.0109,0.0156,0.0448,0.0751,0.1042,0.1288,0.1457,0.1514,0.1441,0.1242,0.0956,0.0625,0.0244,-0.0235,-0.0908,-0.2111,-0.4722,-0.9216,-1.0483,-0.567,-0.1174,0.1344,0.2249,0.1391,0.0174,-0.0118,-0.1322,-0.3268,-0.491,-0.5616,-0.5517,-0.502,-0.0654,-0.0532,-0.0385,-0.021,-0.0009,0.0213,0.045,0.0687,0.0907,0.1087,0.1206,0.1243,0.1189,0.1045,0.0825,0.0538,0.0172,-0.0316,-0.1039,-0.2255,-0.436,-0.7054,-0.7609,-0.483,-0.1734,0.0169,0.0838,0.0494,0.0043,-0.009,-0.081,-0.1997,-0.3109,-0.3794,-0.4011,-0.3902]}]