docs/data/wind_grid.json
[{"header":{"la1":42.85,"la2":41.18,"lo1":11.55,"lo2":14.05,"nx":36,"ny":24,"dx":0.07143,"dy":0.07261,"parameterCategory":2,"parameterNumber":2,"parameterNumberName":"eastward_wind","parameterUnit":"m.s-1"},"data":[2.7458,2.7794,2.8179,2.8602,2.9038,2.9437,2.9725,2.9821,2.9664,2.9242,2.8598,2.7806,2.6934,2.6026,2.5095,2.4133,2.3121,2.2033,2.0861,1.9638,1.8477,1.7558,1.7042,1.6965,1.7221,1.7653,1.8131,1.858,1.8971,1.9297,1.9565,1.9785,1.9967,2.0118,2.0247,2.0358,2.7544,2.7948,2.8439,2.9018,2.9664,3.0315,3.0855,3.1129,3.1008,3.0464,2.9594,2.8548,2.745,2.6359,2.5282,2.419,2.3035,2.1753,2.0281,1.8614,1.6911,1.5551,1.4924,1.5086,1.5752,1.6581,1.7366,1.8027,1.8556,1.8971,1.9297,1.9554,1.9761,1.9931,2.0073,2.0195,2.7555,2.8019,2.862,2.9388,3.0328,3.1383,3.2378,3.3011,3.2975,3.2199,3.0914,2.9452,2.8031,2.6719,2.5494,2.4291,2.3023,2.1572,1.9766,1.7431,1.4698,1.2405,1.1628,1.2421,1.3916,1.5398,1.6602,1.7511,1.8181,1.8678,1.9051,1.9338,1.9564,1.9747,1.9899,2.0029,2.746,2.7958,2.865,2.9618,3.0942,3.2631,3.4478,3.5891,3.6072,3.4783,3.267,3.0504,2.8633,2.7073,2.5718,2.4447,2.3138,2.1637,1.9611,1.6411,1.1657,0.7132,0.627,0.877,1.1862,1.4286,1.5966,1.7104,1.7885,1.8436,1.8837,1.914,1.9376,1.9566,1.9725,1.9861,2.7232,2.771,2.843,2.955,3.1299,3.3902,3.7321,4.0562,4.1349,3.8761,3.4893,3.158,2.915,2.7359,2.5929,2.4657,2.3414,2.211,2.0377,1.6649,0.8446,-0.1406,-0.164,0.4846,1.026,1.3613,1.563,1.6881,1.7696,1.8253,1.8654,1.8956,1.9193,1.9385,1.9546,1.9686,2.6861,2.7243,2.7867,2.8978,3.1028,3.4656,4.0546,4.7914,5.0483,4.4401,3.7133,3.2334,2.9413,2.7505,2.6096,2.4904,2.381,2.2956,2.2526,1.9951,0.9309,-0.6525,-0.5696,0.4013,1.0344,1.3784,1.5715,1.6869,1.7609,1.8118,1.849,1.8777,1.9007,1.9196,1.9358,1.95,2.6366,2.6582,2.6961,2.7781,2.9748,3.3903,4.1761,5.4374,6.0166,4.8363,3.7763,3.2236,2.9269,2.7459,2.619,2.5156,2.4225,2.3665,2.4493,2.3752,1.5948,0.6169,0.4296,0.8727,1.2494,1.4789,1.6149,1.6997,1.757,1.7991,1.8319,1.8585,1.8805,1.8991,1.9153,1.9297,2.5798,2.5845,2.5975,2.6284,2.7654,3.1313,3.7933,4.7584,5.1668,4.3172,3.5414,3.1167,2.876,2.7237,2.6169,2.5359,2.4621,2.3955,2.3738,2.278,2.0429,1.7706,1.4853,1.4438,1.5215,1.6025,1.6633,1.7094,1.7477,1.7811,1.8104,1.8358,1.8574,1.8759,1.8922,1.907,2.5185,2.5107,2.5367,2.5729,2.5884,2.8278,3.2296,3.6239,3.7434,3.5174,3.2212,2.984,2.8169,2.6937,2.5933,2.5333,2.4979,2.4403,2.3622,2.2759,2.2876,2.2178,1.9432,1.7719,1.7019,1.6778,1.6771,1.693,1.7197,1.7507,1.7808,1.8074,1.83,1.849,1.8656,1.8809,2.4519,2.4086,2.3924,2.3981,2.3287,2.5515,2.8527,3.079,3.2122,3.2108,3.0586,2.895,2.7798,2.6799,2.5312,2.4572,2.5213,2.5101,2.4404,2.3412,2.2845,2.2244,2.0555,1.8813,1.7442,1.6542,1.6175,1.6262,1.6606,1.7023,1.7408,1.7724,1.7973,1.8172,1.8344,1.8504,2.3921,2.2867,2.0738,1.64,1.7335,2.31,2.6421,2.8524,3.222,3.3955,3.0283,2.8438,2.7775,2.736,2.5841,2.4703,2.5795,2.6154,2.5737,2.4573,2.3305,2.2121,2.0512,1.8424,1.6276,1.4775,1.4386,1.4853,1.5627,1.6354,1.6915,1.7312,1.7589,1.7794,1.7968,1.8137,2.3658,2.2433,2.0093,1.6601,1.7663,2.2835,2.5197,2.5804,2.8863,3.1211,2.8992,2.7955,2.7973,2.8677,2.8378,2.6859,2.6935,2.8186,2.8156,2.6166,2.4194,2.234,2.0019,1.6736,1.287,1.0418,1.0756,1.2559,1.4324,1.5588,1.6386,1.6859,1.7142,1.7334,1.7502,1.7683,2.3791,2.2921,2.1713,2.0762,2.1684,2.3812,2.4628,2.3958,2.5085,2.7107,2.7464,2.7854,2.7909,2.9768,2.9719,2.7028,2.7373,3.1781,3.1854,2.7423,2.4816,2.2537,1.9371,1.4008,0.6282,0.1849,0.4948,0.977,1.3075,1.4946,1.5917,1.6383,1.6604,1.6746,1.69,1.7105,2.4122,2.3657,2.3213,2.3107,2.3641,2.4426,2.4703,2.4431,2.4893,2.5922,2.653,2.8503,2.8699,2.2332,2.602,2.6006,2.631,2.8866,2.9468,2.6936,2.496,2.2879,1.9343,1.2233,-0.0256,-0.7475,0.0153,0.8232,1.2627,1.4711,1.5582,1.5853,1.5895,1.5935,1.608,1.6345,2.446,2.4246,2.4112,2.4169,2.4446,2.4776,2.4945,2.4994,2.5152,2.5207,2.5071,2.5284,2.4537,2.2206,2.4975,2.573,2.4686,2.599,2.6505,2.595,2.5205,2.3848,2.0651,1.4316,0.4029,-0.2016,0.3491,0.9993,1.3534,1.5002,1.5327,1.5119,1.4823,1.4722,1.4909,1.5325,2.4725,2.4635,2.4608,2.4674,2.4821,2.4979,2.5076,2.5091,2.4965,2.443,2.3298,2.2658,2.3409,2.3991,2.4874,2.5198,2.4839,2.5349,2.5518,2.5657,2.637,2.558,2.2593,1.833,1.3279,1.037,1.1623,1.4042,1.5416,1.5584,1.4896,1.3843,1.301,1.2799,1.3203,1.3968,2.4909,2.4875,2.488,2.493,2.5009,2.5084,2.5114,2.5055,2.4825,2.4262,2.3408,2.3406,2.3625,2.385,2.5084,2.5569,2.5425,2.5002,2.4667,2.5292,2.657,2.5944,2.3672,2.1235,1.9178,1.821,1.8171,1.8089,1.7445,1.6052,1.3883,1.1434,0.9807,0.9715,1.078,1.2256,2.5029,2.5019,2.5032,2.5065,2.5107,2.5137,2.513,2.5053,2.487,2.4565,2.427,2.4204,2.3995,2.4239,2.6385,2.7199,2.6066,2.4132,2.2455,2.4497,2.5377,2.5075,2.402,2.2933,2.2578,2.3193,2.3173,2.1511,1.9183,1.6194,1.1987,0.7161,0.4379,0.5126,0.7709,1.0377,2.5103,2.5103,2.5116,2.5137,2.5159,2.5169,2.5153,2.5095,2.4991,2.4862,2.4781,2.4832,2.511,2.6303,3.0074,3.1577,2.7416,2.4839,2.3888,2.5789,2.5667,2.5068,2.4391,2.3967,2.4669,2.7289,2.7851,2.4089,2.0411,1.6232,0.9759,0.1408,-0.2804,-0.0019,0.4864,0.8885,2.5145,2.515,2.5161,2.5175,2.5188,2.5192,2.5181,2.5152,2.5112,2.5084,2.5121,2.5302,2.5802,2.7085,2.9729,3.0518,2.7731,2.6331,2.7588,2.8537,2.6495,2.5439,2.4813,2.4464,2.5072,2.7855,2.8537,2.3972,2.0809,1.682,0.9534,-0.0873,-0.5907,-0.1875,0.4051,0.8551,2.5166,2.5172,2.5182,2.5193,2.5203,2.5208,2.5208,2.5203,2.5204,2.5232,2.5325,2.5541,2.5976,2.6743,2.7674,2.7844,2.7058,2.6592,2.7102,2.7329,2.6424,2.5831,2.5401,2.4722,2.4112,2.3355,2.0954,2.0942,2.085,1.8492,1.2864,0.4721,0.0163,0.208,0.6158,0.9682,2.5172,2.5179,2.5188,2.5198,2.5208,2.5216,2.5224,2.5236,2.526,2.5312,2.5415,2.5601,2.5896,2.629,2.6639,2.6702,2.6484,2.6316,2.6366,2.6364,2.6291,2.6663,2.6687,2.5351,2.3612,2.1253,1.8304,1.9917,2.2188,2.1372,1.7544,1.2224,0.8554,0.8189,0.9773,1.1749,2.5167,2.5174,2.5183,2.5193,2.5203,2.5214,2.5228,2.5248,2.5281,2.5336,2.5427,2.5565,2.5749,2.5952,2.6107,2.6142,2.6071,2.5992,2.597,2.6021,2.6367,2.7414,2.7773,2.5961,2.3883,2.207,2.1058,2.2776,2.5832,2.4776,2.1155,1.7195,1.4258,1.3032,1.317,1.3965,2.5154,2.5162,2.517,2.5179,2.519,2.5202,2.5218,2.524,2.5273,2.5323,2.5393,2.5487,2.5598,2.5706,2.578,2.5796,2.5763,2.5717,2.5701,2.5779,2.6096,2.6698,2.6752,2.5582,2.4108,2.3015,2.282,2.427,2.635,2.5419,2.2553,1.9655,1.7424,1.6141,1.5719,1.5865]},{"header":{"la1":42.85,"la2":41.18,"lo1":11.55,"lo2":14.05,"nx":36,"ny":24,"dx":0.07143,"dy":0.07261,"parameterCategory":2,"parameterNumber":3,"parameterNumberName":"northward_wind","parameterUnit":"m.s-1"},"data":[2.0704,2.0627,2.0477,2.0253,1.9966,1.964,1.9304,1.8987,1.8701,1.844,1.8176,1.7871,1.7492,1.7008,1.6401,1.566,1.4785,1.3783,1.2682,1.1542,1.0478,0.9658,0.9222,0.9199,0.9492,0.9956,1.047,1.0965,1.1408,1.1792,1.212,1.24,1.2639,1.2845,1.3024,1.3182,2.1155,2.1095,2.093,2.0654,2.028,1.9846,1.9407,1.9019,1.8715,1.8484,1.8277,1.8028,1.7679,1.7189,1.6531,1.5689,1.4656,1.3429,1.2011,1.0446,0.8896,0.7694,0.7175,0.738,0.8054,0.8891,0.9701,1.0406,1.0992,1.1472,1.1865,1.2189,1.246,1.2689,1.2887,1.3058,2.1714,2.1694,2.1524,2.1176,2.0664,2.0045,1.9417,1.8896,1.8564,1.841,1.8331,1.8199,1.7924,1.7453,1.6756,1.5811,1.4606,1.3128,1.1331,0.9142,0.6699,0.4709,0.4083,0.4859,0.6284,0.7724,0.8933,0.9884,1.0619,1.119,1.1641,1.2003,1.23,1.2548,1.276,1.2943,2.2418,2.2492,2.2347,2.1913,2.1185,2.0244,1.9254,1.8453,1.8066,1.8098,1.8292,1.8386,1.8249,1.7834,1.7114,1.6068,1.4686,1.2976,1.0838,0.7867,0.3741,-0.0101,-0.0774,0.1487,0.432,0.6617,0.8282,0.9469,1.0328,1.0968,1.1458,1.1846,1.216,1.2422,1.2644,1.2836,2.3308,2.3584,2.3556,2.3046,2.1992,2.0503,1.8817,1.7368,1.6831,1.7338,1.8129,1.8619,1.8693,1.8376,1.7663,1.6521,1.4946,1.3049,1.0878,0.7463,0.0626,-0.7553,-0.7697,-0.2082,0.2756,0.59,0.7907,0.9234,1.0153,1.0819,1.1323,1.172,1.2042,1.2311,1.254,1.2738,2.4404,2.5093,2.5417,2.4927,2.3398,2.1046,1.8159,1.5218,1.4187,1.5965,1.7948,1.8995,1.9319,1.914,1.8487,1.7272,1.5451,1.3296,1.1596,0.9247,0.0857,-1.1904,-1.1194,-0.2993,0.2645,0.5935,0.793,0.9217,1.01,1.0741,1.1231,1.1621,1.1942,1.2212,1.2444,1.2646,2.5633,2.709,2.8337,2.822,2.593,2.2322,1.8113,1.3127,1.1045,1.4988,1.8275,1.9697,2.0191,2.0195,1.9713,1.8516,1.6421,1.3735,1.2139,1.1472,0.5455,-0.2192,-0.3383,0.0633,0.4287,0.6728,0.8312,0.9378,1.0136,1.0709,1.1164,1.1537,1.1852,1.2121,1.2354,1.2559,2.67,2.9279,3.2576,3.3936,2.9984,2.4413,1.9867,1.5743,1.4189,1.7237,1.975,2.082,2.1301,2.1583,2.1549,2.0592,1.8272,1.5084,1.2496,1.057,0.673,0.4542,0.3922,0.4887,0.6455,0.7816,0.8832,0.959,1.0186,1.0677,1.1094,1.1453,1.1762,1.2031,1.2267,1.2475,2.7034,3.0337,3.6092,4.0737,3.3358,2.5742,2.19,2.0236,2.0341,2.1465,2.2013,2.2158,2.2479,2.3241,2.4391,2.4174,2.1152,1.7286,1.3675,0.9417,0.3821,0.4306,0.6383,0.7354,0.8073,0.8679,0.9201,0.9685,1.015,1.059,1.0993,1.1351,1.1665,1.1939,1.2178,1.239,2.626,2.8685,3.239,3.4628,2.8963,2.4485,2.2254,2.2512,2.5126,2.6413,2.4513,2.3328,2.3411,2.4661,2.8513,3.0598,2.4255,1.9197,1.5337,1.0971,0.6162,0.6131,0.8041,0.8791,0.8939,0.8978,0.9142,0.9481,0.9928,1.0398,1.0836,1.1223,1.1555,1.184,1.2087,1.2304,2.4826,2.5711,2.5531,2.2517,2.2314,2.2094,2.0776,2.2052,2.982,3.3939,2.6417,2.3935,2.3947,2.4891,2.8183,3.0862,2.4156,1.9644,1.67,1.3955,1.1339,1.021,1.0056,0.9639,0.89,0.8336,0.8327,0.8795,0.9446,1.0081,1.0625,1.1072,1.1436,1.1737,1.1993,1.2215,2.3462,2.3623,2.3006,2.1645,2.1358,2.0133,1.762,1.6473,2.3103,2.8558,2.4942,2.3913,2.4445,2.5698,2.4717,2.3987,2.1488,1.8296,1.663,1.559,1.4087,1.2666,1.1309,0.9529,0.7378,0.6016,0.6307,0.7504,0.8722,0.9682,1.0392,1.0917,1.1316,1.1632,1.1894,1.2122,2.2411,2.2381,2.2027,2.1416,2.05,1.8506,1.51,1.1296,1.4625,2.0731,2.2867,2.4245,2.4817,2.5406,2.3525,2.2148,2.0168,1.5476,1.4961,1.608,1.5275,1.3825,1.1745,0.8388,0.3655,0.0959,0.2843,0.5824,0.7971,0.9331,1.0203,1.0789,1.1208,1.1527,1.1791,1.2021,2.162,2.1513,2.1201,2.063,1.9653,1.8015,1.565,1.334,1.4996,1.9392,2.2082,2.5304,2.6254,2.4694,2.2596,2.1245,2.0647,1.7775,1.6485,1.6675,1.5922,1.4532,1.2112,0.7502,-0.0274,-0.4682,-0.0091,0.4815,0.7636,0.9202,1.0127,1.0713,1.1114,1.1418,1.1674,1.1907,2.1021,2.0878,2.0582,2.0092,1.9357,1.8365,1.7286,1.6768,1.7825,1.9685,2.0938,2.2115,2.2736,2.2099,2.1801,2.1153,2.2244,2.0035,1.8262,1.725,1.6415,1.5312,1.305,0.8801,0.228,-0.1445,0.1766,0.5656,0.802,0.9373,1.0178,1.0678,1.1017,1.1284,1.1529,1.177,2.0571,2.0427,2.0179,1.9816,1.9348,1.8837,1.845,1.847,1.9038,1.9667,1.9518,1.9983,2.0521,2.1037,2.0915,2.1073,2.1561,1.9913,1.8398,1.733,1.6805,1.6244,1.4213,1.1093,0.7533,0.5456,0.6,0.7514,0.8808,0.971,1.0287,1.0636,1.0869,1.1086,1.133,1.1598,2.0231,2.0106,1.9917,1.967,1.9392,1.9142,1.9012,1.9092,1.9356,1.9559,1.9433,1.9604,1.8737,1.8194,1.928,1.9441,1.936,1.8643,1.7862,1.7267,1.6866,1.6431,1.4723,1.2407,1.0132,0.8637,0.8272,0.8705,0.9399,0.9994,1.0352,1.0501,1.0588,1.0765,1.1051,1.1386,1.9968,1.9868,1.973,1.9567,1.9401,1.9271,1.9218,1.9263,1.9371,1.9446,1.9408,1.9126,1.8053,1.7553,1.7132,1.668,1.75,1.7572,1.721,1.7331,1.6834,1.6026,1.4604,1.2627,1.0399,0.8471,0.7876,0.8629,0.9559,1.0144,1.0321,1.0183,1.0068,1.0267,1.0692,1.1156,1.9756,1.9677,1.9577,1.9466,1.9361,1.928,1.9241,1.9244,1.9262,1.9242,1.9114,1.877,1.8103,1.6869,1.316,1.1561,1.5783,1.7312,1.7586,1.8083,1.7186,1.5874,1.4335,1.2342,0.954,0.5915,0.5108,0.7819,0.9608,1.0295,1.0254,0.9695,0.9331,0.969,1.0358,1.098,1.9575,1.9513,1.9438,1.9357,1.9281,1.9218,1.9173,1.914,1.9098,1.9009,1.8819,1.8451,1.7765,1.6352,1.3531,1.2666,1.5571,1.7394,1.9149,1.9907,1.7554,1.5605,1.3977,1.2195,0.9575,0.556,0.4661,0.855,1.0208,1.0652,1.0372,0.9505,0.8998,0.9484,1.0277,1.096,1.9415,1.9363,1.9303,1.9239,1.9175,1.9115,1.9059,1.8999,1.8917,1.8788,1.8571,1.8213,1.7633,1.673,1.5675,1.5439,1.6286,1.7269,1.8264,1.8371,1.6598,1.4581,1.3237,1.2249,1.0984,1.0213,1.1694,1.1697,1.135,1.1232,1.0849,1.0131,0.9696,0.9982,1.0576,1.1145,1.9268,1.9223,1.9171,1.9113,1.9053,1.8991,1.8924,1.8845,1.8741,1.8593,1.8377,1.8064,1.7634,1.7105,1.6628,1.6461,1.6637,1.691,1.7014,1.6471,1.4785,1.2475,1.1613,1.1994,1.1961,1.2384,1.3826,1.3011,1.2045,1.176,1.1446,1.1008,1.0711,1.0775,1.1089,1.147,1.913,1.9089,1.904,1.8985,1.8925,1.8859,1.8784,1.8693,1.8577,1.8425,1.8222,1.7959,1.7637,1.7286,1.6977,1.678,1.6683,1.6567,1.623,1.5355,1.3541,1.0987,1.0341,1.1667,1.2276,1.2555,1.2831,1.2462,1.2032,1.1985,1.1848,1.1622,1.1451,1.1446,1.1598,1.1834,1.9,1.8959,1.8912,1.8857,1.8796,1.8726,1.8644,1.8546,1.8426,1.8276,1.809,1.7864,1.7606,1.7332,1.7071,1.6839,1.6613,1.6315,1.5816,1.4939,1.354,1.1953,1.1463,1.2086,1.2515,1.2618,1.2556,1.2279,1.2019,1.2041,1.2055,1.199,1.1925,1.193,1.202,1.2173]}]