docs/data/wind_grid.json
[{"header":{"la1":42.85,"la2":41.18,"lo1":11.55,"lo2":14.05,"nx":36,"ny":24,"dx":0.07143,"dy":0.07261,"parameterCategory":2,"parameterNumber":2,"parameterNumberName":"eastward_wind","parameterUnit":"m.s-1"},"data":[0.5821,0.6076,0.6361,0.6671,0.6993,0.7312,0.7603,0.7846,0.8037,0.8197,0.8372,0.8617,0.8971,0.9425,0.9895,1.0228,1.0274,0.9996,0.9487,0.8884,0.8291,0.7758,0.73,0.6912,0.6583,0.6304,0.6062,0.5851,0.5663,0.5495,0.5343,0.5204,0.5076,0.4959,0.4851,0.4752,0.5816,0.6108,0.6444,0.6823,0.7232,0.7647,0.8026,0.8321,0.8511,0.8623,0.8745,0.8988,0.9446,1.0142,1.0959,1.1591,1.1694,1.1198,1.035,0.944,0.8626,0.7951,0.7405,0.6966,0.6606,0.6307,0.6054,0.5834,0.564,0.5467,0.5309,0.5166,0.5034,0.4913,0.4801,0.4699,0.5782,0.6111,0.6506,0.6972,0.7505,0.8074,0.861,0.901,0.9192,0.9188,0.916,0.9324,0.9868,1.0902,1.2319,1.3544,1.3736,1.2767,1.1319,0.9965,0.8887,0.8069,0.745,0.6972,0.6593,0.6284,0.6025,0.5801,0.5604,0.5427,0.5266,0.5118,0.4982,0.4857,0.4742,0.4638,0.5705,0.6067,0.6521,0.709,0.779,0.8603,0.9436,1.0073,1.0267,1.0012,0.9643,0.9572,1.0106,1.1481,1.3739,1.5994,1.6299,1.4444,1.2127,1.0283,0.8979,0.8066,0.741,0.6921,0.6541,0.6234,0.5976,0.5754,0.5556,0.5376,0.5212,0.506,0.492,0.4791,0.4673,0.4565,0.5572,0.5952,0.6453,0.7123,0.8018,0.9185,1.0561,1.1765,1.2073,1.1283,1.0217,0.9678,1.0007,1.145,1.424,1.7427,1.7827,1.5137,1.2226,1.0164,0.8812,0.7908,0.7276,0.6811,0.6451,0.6159,0.5911,0.5694,0.5497,0.5317,0.5149,0.4993,0.4848,0.4714,0.4591,0.448,0.537,0.5745,0.6259,0.6987,0.8045,0.9603,1.1803,1.4224,1.4982,1.3057,1.0756,0.9567,0.9527,1.0578,1.2789,1.5372,1.5769,1.3631,1.1243,0.9521,0.8378,0.7607,0.7062,0.6656,0.6335,0.6068,0.5836,0.5626,0.5432,0.525,0.5078,0.4915,0.4763,0.4623,0.4495,0.438,0.5096,0.543,0.5905,0.6604,0.768,0.9412,1.2241,1.614,1.7732,1.4198,1.0698,0.9112,0.8798,0.9306,1.0423,1.163,1.1879,1.0934,0.9648,0.8574,0.7789,0.7225,0.6806,0.6479,0.6209,0.5974,0.5759,0.5558,0.5365,0.5178,0.4998,0.4827,0.4666,0.4517,0.4382,0.4263,0.4754,0.5014,0.5387,0.5946,0.6824,0.8256,1.0611,1.3852,1.5097,1.2162,0.9471,0.8299,0.8041,0.8257,0.8687,0.9082,0.9145,0.8785,0.8217,0.7662,0.7205,0.6845,0.6557,0.6313,0.6096,0.5891,0.5693,0.5496,0.5299,0.5104,0.4911,0.4726,0.4551,0.4391,0.4248,0.4124,0.4363,0.4521,0.4746,0.5082,0.5604,0.6426,0.7639,0.8975,0.94,0.8635,0.7807,0.7445,0.7507,0.7737,0.7903,0.7919,0.7786,0.754,0.725,0.6975,0.674,0.6541,0.6363,0.6193,0.602,0.5839,0.5648,0.5448,0.5241,0.5028,0.4816,0.4609,0.4415,0.4238,0.4085,0.3956,0.395,0.3994,0.4053,0.4136,0.4269,0.4507,0.4956,0.573,0.6684,0.7068,0.6819,0.6908,0.7424,0.7925,0.8,0.7671,0.7241,0.6901,0.668,0.6538,0.6439,0.6357,0.6267,0.6151,0.6005,0.5833,0.5637,0.5423,0.5193,0.4952,0.4708,0.447,0.4247,0.405,0.3883,0.3749,0.3546,0.3482,0.3383,0.3231,0.3007,0.2726,0.2599,0.3472,0.6711,0.8159,0.6458,0.6661,0.7934,0.9149,0.908,0.8022,0.7055,0.6567,0.6387,0.6319,0.6316,0.6331,0.6309,0.6222,0.6078,0.589,0.5672,0.5427,0.5159,0.4874,0.4582,0.4297,0.4035,0.381,0.3629,0.3493,0.3177,0.3026,0.2803,0.2469,0.1958,0.1183,0.0133,-0.0353,0.3138,0.601,0.541,0.6328,0.8772,1.1853,1.1355,0.8525,0.6804,0.642,0.6387,0.6299,0.6387,0.6525,0.6556,0.6454,0.6264,0.6027,0.5762,0.5468,0.5143,0.479,0.4426,0.4073,0.3756,0.3495,0.3299,0.3168,0.2862,0.2652,0.2356,0.1924,0.1272,0.0254,-0.1328,-0.3104,-0.1394,0.2155,0.396,0.5511,0.7744,1.3212,1.2627,0.7861,0.6026,0.6681,0.6744,0.6398,0.6753,0.7116,0.7143,0.691,0.6585,0.6251,0.5916,0.5555,0.5148,0.4696,0.4223,0.3767,0.3371,0.3066,0.2862,0.275,0.2609,0.2371,0.2051,0.161,0.0988,0.0106,-0.1068,-0.2163,-0.1342,0.0932,0.2595,0.4785,0.5642,0.6275,0.6972,0.5002,0.3725,0.5317,0.6068,0.661,0.7921,0.8613,0.8314,0.7644,0.7035,0.6561,0.6149,0.5708,0.5188,0.4585,0.3942,0.3329,0.282,0.2465,0.2271,0.221,0.2415,0.2173,0.1864,0.1469,0.0967,0.0356,-0.0282,-0.0654,-0.0408,-0.0158,-0.0141,0.1053,0.2711,0.2212,0.3568,0.1461,-0.1021,0.23,0.4846,0.7845,1.1532,1.2152,1.0293,0.857,0.7533,0.6944,0.6495,0.5975,0.5291,0.445,0.3532,0.2668,0.1999,0.1602,0.1465,0.1515,0.2271,0.2039,0.1757,0.1421,0.1029,0.0604,0.0199,-0.0135,-0.0586,-0.1959,-0.5011,-0.351,-0.144,0.0911,0.1396,0.0586,-0.0453,0.1357,0.4058,1.0237,1.9726,1.8203,1.2379,0.9227,0.7928,0.7436,0.7071,0.6462,0.5515,0.4283,0.2909,0.1638,0.0742,0.0349,0.0374,0.0641,0.2166,0.1949,0.1696,0.1406,0.1085,0.0739,0.0373,-0.007,-0.0818,-0.236,-0.4678,-0.3538,-0.3528,-0.3804,-0.0945,-0.0215,-0.0069,-0.0,0.1104,0.8122,2.0519,1.8469,1.1936,0.8959,0.8183,0.8264,0.8156,0.736,0.5944,0.4077,0.1953,0.001,-0.1183,-0.1431,-0.1033,-0.0387,0.209,0.1888,0.166,0.1403,0.1121,0.0809,0.0451,-0.0005,-0.0658,-0.1556,-0.2341,-0.2596,-0.3903,-0.4252,-0.2715,-0.2408,-0.1693,-0.2914,-0.4983,0.0756,0.804,1.0069,0.8649,0.7924,0.8613,0.9953,1.023,0.8842,0.6607,0.3838,0.059,-0.2411,-0.3928,-0.3716,-0.2637,-0.1443,0.2037,0.185,0.164,0.1408,0.1152,0.0865,0.0533,0.0132,-0.0359,-0.091,-0.1404,-0.185,-0.2454,-0.3055,-0.5071,-0.6022,-0.318,-0.3387,-0.4543,-0.2985,0.0925,0.4115,0.5533,0.685,0.9308,1.2637,1.3295,1.0468,0.7261,0.365,-0.0852,-0.516,-0.6894,-0.5902,-0.3992,-0.2256,0.2002,0.1827,0.1635,0.1422,0.1188,0.0928,0.0634,0.0298,-0.0081,-0.048,-0.0873,-0.1284,-0.1806,-0.2723,-0.4638,-0.5213,-0.3282,-0.3177,-0.5457,-0.6565,-0.2089,0.1274,0.3361,0.5616,0.8936,1.3,1.3792,1.0424,0.7421,0.3731,-0.127,-0.6186,-0.7983,-0.6636,-0.4418,-0.251,0.1981,0.1819,0.1641,0.1447,0.1235,0.1002,0.0745,0.0463,0.0158,-0.0161,-0.0491,-0.0853,-0.1308,-0.1962,-0.2736,-0.2915,-0.2472,-0.2689,-0.4007,-0.4265,-0.1991,-0.0158,0.1251,0.3693,0.6986,0.9433,0.947,0.8908,0.7226,0.4154,-0.009,-0.4204,-0.5984,-0.5279,-0.3652,-0.2101,0.1972,0.1822,0.1659,0.1482,0.1291,0.1084,0.086,0.0621,0.0367,0.0103,-0.0173,-0.0474,-0.0818,-0.1209,-0.1553,-0.1675,-0.1646,-0.1798,-0.2133,-0.2037,-0.1553,-0.1929,-0.1821,0.1097,0.4974,0.7788,0.885,0.8468,0.6957,0.4548,0.152,-0.1327,-0.2897,-0.2964,-0.2202,-0.1246,0.1974,0.1835,0.1685,0.1525,0.1353,0.117,0.0975,0.0771,0.0557,0.0337,0.0109,-0.0129,-0.0377,-0.062,-0.0811,-0.0911,-0.0952,-0.1018,-0.1098,-0.1154,-0.1618,-0.3251,-0.3798,-0.0642,0.3344,0.6252,0.7588,0.7411,0.6278,0.4584,0.2592,0.0731,-0.0497,-0.0913,-0.0734,-0.0278,0.1984,0.1856,0.1719,0.1574,0.142,0.1259,0.1089,0.0914,0.0733,0.055,0.0364,0.0179,-0.0001,-0.0162,-0.0286,-0.036,-0.0399,-0.0432,-0.0484,-0.064,-0.1171,-0.2154,-0.2226,-0.0218,0.2519,0.4687,0.5835,0.5973,0.538,0.434,0.309,0.189,0.0992,0.0523,0.0431,0.0581]},{"header":{"la1":42.85,"la2":41.18,"lo1":11.55,"lo2":14.05,"nx":36,"ny":24,"dx":0.07143,"dy":0.07261,"parameterCategory":2,"parameterNumber":3,"parameterNumberName":"northward_wind","parameterUnit":"m.s-1"},"data":[2.1248,2.1213,2.1172,2.1128,2.1088,2.1061,2.106,2.1102,2.1199,2.1356,2.1567,2.1821,2.2105,2.2395,2.2656,2.2831,2.287,2.2768,2.2563,2.2311,2.2054,2.1814,2.1601,2.1414,2.1252,2.1112,2.0991,2.0886,2.0794,2.0715,2.0646,2.0587,2.0535,2.0491,2.0453,2.042,2.123,2.118,2.112,2.1049,2.0974,2.0906,2.0868,2.0889,2.0994,2.1193,2.1476,2.1823,2.222,2.2652,2.3068,2.3364,2.3424,2.3234,2.2893,2.2514,2.2163,2.186,2.1604,2.139,2.1211,2.1059,2.0931,2.0821,2.0727,2.0647,2.0578,2.0519,2.0468,2.0426,2.0389,2.0359,2.1216,2.1152,2.1068,2.0962,2.0834,2.0698,2.0586,2.0554,2.0658,2.0919,2.1306,2.1776,2.2317,2.2941,2.3611,2.4135,2.4223,2.3845,2.3265,2.2705,2.2239,2.1868,2.1574,2.1337,2.1144,2.0985,2.0852,2.074,2.0646,2.0566,2.0499,2.0442,2.0393,2.0353,2.032,2.0292,2.1211,2.1133,2.1025,2.0877,2.0679,2.0434,2.0182,2.0024,2.0102,2.0469,2.1028,2.1662,2.2353,2.3179,2.419,2.5099,2.5221,2.4498,2.3574,2.281,2.224,2.1817,2.1496,2.1246,2.1047,2.0885,2.0752,2.0642,2.055,2.0473,2.0408,2.0355,2.031,2.0273,2.0243,2.0219,2.1218,2.1132,2.1006,2.0818,2.0539,2.014,1.9633,1.9185,1.9167,1.9758,2.0641,2.1493,2.2291,2.3202,2.4414,2.5658,2.5811,2.4768,2.3602,2.2732,2.2122,2.1685,2.1361,2.1112,2.0915,2.0758,2.063,2.0525,2.0438,2.0366,2.0306,2.0257,2.0217,2.0185,2.0159,2.014,2.1242,2.1156,2.1023,2.0814,2.0474,1.9913,1.9032,1.7981,1.7682,1.8788,2.026,2.1364,2.2174,2.295,2.391,2.4894,2.5032,2.4185,2.3193,2.2423,2.187,2.1466,2.1164,2.0931,2.0748,2.0602,2.0484,2.0388,2.0309,2.0245,2.0192,2.015,2.0115,2.0089,2.0069,2.0055,2.1282,2.1206,2.1087,2.0893,2.0558,1.9946,1.8808,1.7052,1.6286,1.8184,2.0253,2.1452,2.2143,2.2649,2.3138,2.3553,2.358,2.3127,2.2507,2.195,2.151,2.1171,2.091,2.0707,2.0546,2.0418,2.0316,2.0232,2.0165,2.011,2.0066,2.0032,2.0005,1.9985,1.9972,1.9964,2.1334,2.1277,2.1189,2.1048,2.0808,2.0368,1.9524,1.8175,1.7665,1.9355,2.0997,2.1862,2.2304,2.2549,2.2685,2.2711,2.2566,2.2237,2.1818,2.1418,2.1083,2.0817,2.0607,2.0442,2.0311,2.0207,2.0124,2.0058,2.0005,1.9963,1.993,1.9904,1.9886,1.9874,1.9868,1.9867,2.1391,2.1356,2.1306,2.1235,2.1133,2.0984,2.078,2.0622,2.0922,2.1686,2.2214,2.2479,2.2638,2.2696,2.2616,2.2386,2.2028,2.1604,2.1196,2.0863,2.0609,2.0413,2.0259,2.0138,2.0043,1.997,1.9912,1.9867,1.9831,1.9803,1.9782,1.9768,1.9759,1.9757,1.9759,1.9766,2.1445,2.1428,2.1408,2.1388,2.1385,2.1437,2.1654,2.2269,2.3413,2.3956,2.3409,2.3075,2.3054,2.3053,2.2852,2.2374,2.1704,2.1027,2.0524,2.0235,2.0073,1.9958,1.9867,1.9796,1.9744,1.9707,1.968,1.966,1.9645,1.9633,1.9626,1.9624,1.9626,1.9633,1.9644,1.966,2.1491,2.1485,2.1477,2.1472,2.1481,2.1539,2.1762,2.2604,2.5159,2.6351,2.4191,2.3454,2.3486,2.3626,2.3406,2.2568,2.1354,2.0185,1.9554,1.9438,1.9455,1.9446,1.9422,1.9409,1.9411,1.9421,1.9432,1.9441,1.9448,1.9455,1.9462,1.9472,1.9486,1.9504,1.9525,1.955,2.1527,2.1524,2.1516,2.1496,2.1453,2.1362,2.1194,2.1221,2.3227,2.4848,2.3808,2.3588,2.3866,2.4216,2.4408,2.2859,2.0727,1.8517,1.7898,1.8442,1.8777,1.8866,1.8904,1.8964,1.904,1.9113,1.9171,1.9214,1.9245,1.927,1.9293,1.9317,1.9342,1.9371,1.9403,1.9438,2.1555,2.1553,2.1539,2.1499,2.1406,2.119,2.0724,2.0057,2.0846,2.2515,2.3219,2.3811,2.4103,2.5019,2.5432,2.2747,1.9963,1.6119,1.5946,1.7637,1.8106,1.8154,1.8249,1.8434,1.8632,1.8793,1.8907,1.8985,1.9039,1.9082,1.912,1.9158,1.9197,1.9237,1.928,1.9326,2.1579,2.1578,2.1563,2.152,2.1423,2.1223,2.0868,2.0469,2.0893,2.2076,2.2958,2.4217,2.4522,2.3227,2.3413,2.177,1.9738,1.7521,1.6962,1.7496,1.721,1.7019,1.7317,1.7796,1.8204,1.8482,1.8655,1.8762,1.8835,1.8894,1.8948,1.9,1.9053,1.9105,1.916,1.9216,2.16,2.1603,2.1595,2.1567,2.1505,2.1397,2.1262,2.123,2.1547,2.2043,2.2397,2.2882,2.3126,2.2973,2.2529,2.03,1.8379,1.8908,1.8265,1.6907,1.5006,1.4772,1.5975,1.7108,1.7824,1.8223,1.8435,1.8554,1.8635,1.8707,1.8779,1.885,1.8917,1.8982,1.9046,1.9112,2.1619,2.1629,2.1631,2.1624,2.1604,2.1578,2.1573,2.1646,2.181,2.1865,2.1485,2.192,2.2349,2.2689,2.2187,2.0488,1.9056,1.9475,1.8646,1.5452,1.0245,1.1165,1.4633,1.6647,1.762,1.8068,1.8267,1.8363,1.8436,1.8521,1.862,1.8719,1.8804,1.8878,1.8947,1.9018,2.1635,2.1651,2.1665,2.1676,2.1687,2.1705,2.1745,2.1819,2.1892,2.184,2.1558,2.1944,2.2602,2.2829,2.2404,2.167,2.091,2.0563,1.9814,1.6315,0.9748,1.095,1.4801,1.6804,1.7688,1.8052,1.8171,1.8191,1.8228,1.8331,1.8484,1.8631,1.8739,1.8811,1.8874,1.8942,2.1646,2.1667,2.169,2.1713,2.1741,2.1779,2.1831,2.1896,2.1955,2.1981,2.2024,2.2275,2.2748,2.2927,2.3113,2.3039,2.2099,2.1605,2.1791,1.9797,1.6438,1.5549,1.6585,1.7469,1.7939,1.8187,1.8212,1.8046,1.7978,1.8121,1.8385,1.8628,1.8756,1.88,1.8833,1.8887,2.1651,2.1676,2.1704,2.1735,2.1771,2.1815,2.1869,2.1932,2.1998,2.207,2.2181,2.238,2.2679,2.3186,2.4761,2.5388,2.3118,2.2103,2.2122,2.2061,2.0239,1.8678,1.816,1.8057,1.8115,1.8523,1.8599,1.7875,1.7586,1.784,1.832,1.8722,1.886,1.8838,1.882,1.885,2.165,2.1677,2.1708,2.1741,2.178,2.1826,2.1879,2.1939,2.2009,2.2094,2.2211,2.2388,2.2678,2.3278,2.4517,2.4843,2.3273,2.2607,2.3779,2.4493,2.1869,1.9947,1.8927,1.8286,1.7899,1.8352,1.848,1.6926,1.6788,1.7408,1.8188,1.8761,1.8918,1.8854,1.8804,1.8821,2.1643,2.1671,2.1701,2.1735,2.1773,2.1817,2.1866,2.1923,2.1989,2.2069,2.2175,2.2323,2.255,2.291,2.3332,2.3326,2.2783,2.2535,2.3057,2.3106,2.1524,2.0013,1.9111,1.83,1.7218,1.576,1.3502,1.3942,1.5535,1.6842,1.787,1.8531,1.8764,1.8768,1.8756,1.8788,2.163,2.1657,2.1686,2.1718,2.1754,2.1793,2.1838,2.1888,2.1944,2.2012,2.2095,2.2202,2.234,2.2501,2.2612,2.2538,2.2291,2.209,2.1993,2.1578,2.0529,1.9478,1.9054,1.8424,1.6877,1.4154,1.129,1.2475,1.4823,1.6443,1.7519,1.8181,1.8499,1.862,1.8685,1.8755,2.1612,2.1637,2.1664,2.1693,2.1725,2.1759,2.1796,2.1837,2.1882,2.1933,2.199,2.2054,2.212,2.2172,2.2169,2.2069,2.1879,2.1641,2.1329,2.0787,1.9929,1.9152,1.9022,1.8618,1.7238,1.5177,1.3586,1.3913,1.5256,1.648,1.7369,1.7955,1.8302,1.8499,1.8626,1.8732,2.1589,2.1612,2.1636,2.1661,2.1688,2.1716,2.1745,2.1776,2.1808,2.1841,2.1873,2.1902,2.192,2.1912,2.1858,2.174,2.1553,2.1297,2.0944,2.0444,1.9812,1.9277,1.9043,1.8648,1.7717,1.6506,1.5631,1.5576,1.6133,1.6838,1.7453,1.7914,1.8233,1.8449,1.8605,1.8731]}]