docs/data/wind_grid.json
[{"header":{"la1":42.85,"la2":41.18,"lo1":11.55,"lo2":14.05,"nx":36,"ny":24,"dx":0.07143,"dy":0.07261,"parameterCategory":2,"parameterNumber":2,"parameterNumberName":"eastward_wind","parameterUnit":"m.s-1"},"data":[-0.3435,-0.3469,-0.3484,-0.3481,-0.3463,-0.3436,-0.3405,-0.3376,-0.3353,-0.3342,-0.3349,-0.338,-0.3438,-0.3519,-0.3612,-0.37,-0.3754,-0.3738,-0.362,-0.3388,-0.307,-0.2726,-0.2414,-0.2157,-0.1944,-0.1751,-0.1565,-0.1378,-0.1194,-0.1016,-0.0848,-0.0694,-0.0553,-0.0428,-0.0317,-0.0219,-0.3624,-0.3666,-0.3682,-0.3671,-0.364,-0.3597,-0.3552,-0.3509,-0.3474,-0.3452,-0.3455,-0.3495,-0.3578,-0.3701,-0.3856,-0.4018,-0.4147,-0.4181,-0.4046,-0.3705,-0.3209,-0.2692,-0.2288,-0.2024,-0.1841,-0.1676,-0.15,-0.1311,-0.1117,-0.0928,-0.075,-0.0588,-0.0443,-0.0316,-0.0204,-0.0108,-0.3849,-0.3905,-0.3923,-0.3902,-0.3849,-0.3783,-0.3718,-0.366,-0.3608,-0.3566,-0.3555,-0.3598,-0.371,-0.3889,-0.4128,-0.4405,-0.4671,-0.4821,-0.4692,-0.4153,-0.3279,-0.2411,-0.189,-0.1712,-0.1652,-0.1562,-0.1413,-0.1223,-0.1017,-0.0815,-0.0627,-0.0458,-0.0311,-0.0183,-0.0075,0.0018,-0.412,-0.4202,-0.4228,-0.4191,-0.4103,-0.3997,-0.3907,-0.3841,-0.3772,-0.3692,-0.3645,-0.3681,-0.3825,-0.4073,-0.4421,-0.4863,-0.5369,-0.5797,-0.5792,-0.4921,-0.3197,-0.1514,-0.0915,-0.1129,-0.1384,-0.143,-0.1313,-0.1114,-0.089,-0.0671,-0.0472,-0.0299,-0.0152,-0.0029,0.0074,0.0159,-0.4449,-0.4581,-0.4632,-0.4574,-0.4423,-0.4243,-0.4121,-0.4079,-0.4015,-0.3854,-0.3718,-0.3731,-0.3913,-0.4245,-0.4717,-0.5362,-0.6246,-0.7306,-0.7884,-0.6621,-0.306,0.0594,0.0924,-0.0391,-0.1159,-0.1332,-0.1211,-0.0978,-0.0724,-0.0486,-0.0279,-0.0106,0.0036,0.0151,0.0243,0.0317,-0.4843,-0.5069,-0.5187,-0.512,-0.4857,-0.4524,-0.4334,-0.4407,-0.4435,-0.4074,-0.3745,-0.3722,-0.3968,-0.4406,-0.5002,-0.5822,-0.7132,-0.9339,-1.1832,-1.0628,-0.4333,0.2074,0.1956,-0.0308,-0.1229,-0.1323,-0.1102,-0.0797,-0.05,-0.0244,-0.0035,0.013,0.0258,0.0357,0.0433,0.0491,-0.529,-0.5677,-0.5958,-0.594,-0.5499,-0.4864,-0.4467,-0.4679,-0.4934,-0.4189,-0.3619,-0.3615,-0.3991,-0.4598,-0.5327,-0.6186,-0.7581,-1.0605,-1.5789,-1.5098,-0.7632,-0.2387,-0.1057,-0.1563,-0.1654,-0.1354,-0.0931,-0.0525,-0.0187,0.0075,0.0271,0.0413,0.0516,0.059,0.0642,0.068,-0.5734,-0.6338,-0.6917,-0.7105,-0.6429,-0.5309,-0.4458,-0.4288,-0.4313,-0.3583,-0.3158,-0.3364,-0.3995,-0.4918,-0.5929,-0.6704,-0.748,-0.9337,-1.2325,-1.1786,-0.8896,-0.6854,-0.4481,-0.3,-0.2023,-0.1232,-0.0587,-0.0095,0.0255,0.0493,0.0649,0.0748,0.0809,0.0846,0.0868,0.0879,-0.6084,-0.686,-0.7649,-0.805,-0.7309,-0.5804,-0.4384,-0.3389,-0.264,-0.2126,-0.2276,-0.2942,-0.3955,-0.5463,-0.7416,-0.8332,-0.7729,-0.7673,-0.8378,-0.8909,-1.0561,-0.967,-0.6042,-0.3498,-0.1856,-0.0715,0.007,0.0574,0.087,0.1028,0.1103,0.1131,0.1132,0.1121,0.1103,0.1083,-0.6279,-0.7171,-0.7995,-0.8355,-0.815,-0.6368,-0.4346,-0.2477,-0.0364,0.0429,-0.095,-0.2385,-0.3735,-0.5872,-1.0508,-1.2964,-0.8754,-0.6909,-0.6717,-0.7408,-0.9086,-0.8361,-0.5318,-0.2752,-0.0888,0.0403,0.1183,0.1561,0.1686,0.1683,0.1625,0.1549,0.1472,0.1401,0.1338,0.1284,-0.629,-0.7384,-0.9019,-1.1676,-1.1024,-0.7098,-0.4534,-0.2326,0.2467,0.4807,0.0274,-0.1917,-0.3233,-0.4914,-0.9495,-1.2913,-0.8056,-0.6362,-0.5947,-0.5758,-0.5747,-0.4974,-0.3109,-0.0945,0.0997,0.2343,0.292,0.2934,0.2707,0.2433,0.2185,0.1977,0.1807,0.1669,0.1558,0.1469,-0.6036,-0.7143,-0.8908,-1.1326,-1.055,-0.6811,-0.5108,-0.4615,-0.0965,0.1912,-0.0356,-0.1664,-0.2703,-0.3732,-0.4538,-0.5773,-0.587,-0.6694,-0.6673,-0.5109,-0.377,-0.2481,-0.0754,0.1512,0.3951,0.5488,0.549,0.4693,0.3858,0.3207,0.2729,0.2374,0.2105,0.1901,0.1745,0.1626,-0.5503,-0.6308,-0.7299,-0.8028,-0.7322,-0.5789,-0.5589,-0.6854,-0.5182,-0.2015,-0.1132,-0.1087,-0.1717,-0.3547,-0.3509,-0.3822,-0.4895,-0.9707,-0.9777,-0.4966,-0.2372,-0.0583,0.1343,0.4202,0.8107,1.0317,0.8871,0.6575,0.4929,0.3875,0.3177,0.2686,0.2328,0.2065,0.1874,0.1736,-0.4827,-0.5288,-0.5692,-0.5793,-0.5388,-0.4891,-0.5062,-0.5827,-0.4803,-0.2182,-0.0829,-0.0307,-0.0236,-0.0298,-0.2348,-0.4061,-0.3795,-0.6069,-0.6543,-0.306,-0.0374,0.139,0.3072,0.6136,1.1628,1.4822,1.1429,0.7754,0.5576,0.4289,0.345,0.2859,0.243,0.2125,0.1917,0.1779,-0.4151,-0.4377,-0.4506,-0.4451,-0.4211,-0.3961,-0.3879,-0.3708,-0.2658,-0.0936,0.024,0.0456,0.0498,0.1842,-0.1617,-0.4022,-0.0533,-0.2023,-0.1924,0.0254,0.3019,0.4088,0.4482,0.6347,1.0238,1.2631,1.034,0.7484,0.5612,0.4387,0.3505,0.2839,0.2353,0.2029,0.1837,0.1734,-0.3544,-0.3632,-0.3635,-0.3528,-0.3318,-0.3054,-0.273,-0.2173,-0.1125,0.0458,0.2323,0.1849,0.1327,0.0774,-0.0365,-0.0985,-0.0216,-0.0466,0.0389,0.3414,0.8512,0.7827,0.5725,0.5912,0.7368,0.8349,0.7768,0.6509,0.5305,0.4256,0.3336,0.2565,0.2009,0.1701,0.1587,0.1578,-0.302,-0.3025,-0.2963,-0.2821,-0.2597,-0.2292,-0.1873,-0.1256,-0.0349,0.0886,0.2198,0.1891,0.2068,0.2246,0.127,0.0842,0.0606,0.0544,0.1101,0.4031,0.9397,0.8486,0.6122,0.5745,0.626,0.6732,0.6646,0.6014,0.509,0.4045,0.2944,0.1923,0.1245,0.1031,0.1123,0.1308,-0.257,-0.2525,-0.2424,-0.2258,-0.202,-0.1701,-0.128,-0.0729,-0.0038,0.0727,0.1347,0.1709,0.2406,0.2836,0.388,0.44,0.2682,0.0645,-0.1176,0.2603,0.5527,0.6163,0.5798,0.5836,0.6412,0.7193,0.7281,0.6353,0.5138,0.3845,0.2325,0.0749,-0.0157,-0.0075,0.0458,0.0968,-0.2185,-0.2107,-0.1982,-0.1802,-0.1561,-0.1252,-0.0866,-0.0398,0.0136,0.0691,0.1213,0.1754,0.2525,0.4169,0.9449,1.171,0.5391,0.2214,0.1366,0.5117,0.5646,0.5789,0.592,0.6192,0.7082,0.9067,0.9493,0.7067,0.5219,0.3718,0.1671,-0.0851,-0.2093,-0.1381,-0.0187,0.0696,-0.1852,-0.1755,-0.1616,-0.1431,-0.1195,-0.0905,-0.0557,-0.0155,0.0291,0.0767,0.1278,0.1902,0.2871,0.4857,0.8891,1.0148,0.6213,0.4972,0.8345,1.035,0.7292,0.6731,0.6807,0.6746,0.7104,0.9183,0.971,0.6148,0.4851,0.3848,0.1701,-0.1463,-0.2955,-0.1846,-0.0331,0.0697,-0.1565,-0.1454,-0.1309,-0.1124,-0.0898,-0.0627,-0.0313,0.0044,0.044,0.0875,0.1372,0.1994,0.2875,0.42,0.5766,0.624,0.5515,0.5657,0.7464,0.8422,0.7988,0.8731,0.9063,0.7907,0.6359,0.4615,0.1286,0.2157,0.4373,0.4705,0.3061,0.036,-0.1144,-0.0688,0.0306,0.1066,-0.1315,-0.1197,-0.1049,-0.0868,-0.0652,-0.0399,-0.0111,0.0213,0.0574,0.0976,0.1439,0.1995,0.2689,0.3516,0.4299,0.4737,0.4934,0.5441,0.6432,0.7562,0.9508,1.316,1.4228,1.0486,0.6485,0.2354,-0.2405,0.0772,0.6279,0.7222,0.5447,0.3101,0.1553,0.117,0.138,0.1681,-0.1096,-0.0974,-0.0826,-0.065,-0.0445,-0.0209,0.0058,0.0357,0.0688,0.1058,0.1476,0.1955,0.2502,0.3089,0.3646,0.4114,0.4571,0.5212,0.6197,0.7811,1.1067,1.6727,1.8363,1.2637,0.7537,0.418,0.2691,0.6369,1.227,1.1195,0.788,0.5242,0.3557,0.2715,0.2403,0.2326,-0.0905,-0.0781,-0.0635,-0.0464,-0.0269,-0.0047,0.0202,0.0478,0.0784,0.1121,0.1496,0.1912,0.2365,0.2841,0.3318,0.3797,0.4331,0.503,0.6047,0.7675,1.0397,1.3887,1.4687,1.1436,0.7985,0.6015,0.6073,0.9224,1.3119,1.1925,0.8756,0.6292,0.4676,0.3701,0.3156,0.2858]},{"header":{"la1":42.85,"la2":41.18,"lo1":11.55,"lo2":14.05,"nx":36,"ny":24,"dx":0.07143,"dy":0.07261,"parameterCategory":2,"parameterNumber":3,"parameterNumberName":"northward_wind","parameterUnit":"m.s-1"},"data":[0.6768,0.6815,0.6883,0.6971,0.7076,0.7189,0.73,0.7402,0.7485,0.7547,0.7587,0.7604,0.7599,0.7571,0.7522,0.7458,0.7386,0.7318,0.7265,0.723,0.7206,0.7174,0.7115,0.7016,0.688,0.6714,0.6531,0.6338,0.6142,0.5947,0.5757,0.5575,0.54,0.5236,0.5083,0.4941,0.6662,0.6707,0.6782,0.6889,0.7022,0.7171,0.732,0.7453,0.7558,0.7634,0.7681,0.7701,0.7695,0.7662,0.7599,0.7514,0.7418,0.7331,0.7277,0.7267,0.7288,0.7302,0.7265,0.7158,0.6992,0.679,0.657,0.6344,0.612,0.5901,0.569,0.549,0.53,0.5123,0.496,0.481,0.6513,0.6548,0.6627,0.6757,0.6932,0.7136,0.7341,0.7519,0.7652,0.7737,0.7788,0.781,0.7805,0.7764,0.7684,0.7565,0.7425,0.7298,0.7234,0.727,0.7388,0.7499,0.7498,0.7361,0.7136,0.6874,0.6604,0.6338,0.6081,0.5836,0.5603,0.5383,0.5178,0.4988,0.4814,0.4657,0.631,0.6319,0.6393,0.6548,0.6784,0.7075,0.7373,0.7624,0.7788,0.7869,0.7909,0.7931,0.7929,0.7886,0.7783,0.7616,0.7395,0.7176,0.7066,0.7182,0.7514,0.7841,0.7884,0.7644,0.7301,0.6952,0.662,0.631,0.6018,0.5745,0.5489,0.525,0.5029,0.4827,0.4643,0.4478,0.6038,0.5991,0.6034,0.6212,0.6536,0.6969,0.7433,0.7821,0.8019,0.8046,0.804,0.8058,0.8072,0.8037,0.7916,0.7684,0.7329,0.6899,0.6612,0.6837,0.7627,0.8433,0.8458,0.7955,0.7436,0.6989,0.6597,0.6244,0.592,0.562,0.5342,0.5085,0.4848,0.4633,0.444,0.4268,0.569,0.5533,0.5487,0.5659,0.6107,0.6765,0.7514,0.8189,0.8446,0.8276,0.8155,0.8179,0.8237,0.8234,0.8111,0.7818,0.7285,0.6445,0.5564,0.5838,0.7414,0.8804,0.8757,0.8053,0.7443,0.6944,0.6512,0.6127,0.5777,0.5454,0.5156,0.4881,0.4629,0.4402,0.42,0.4023,0.5281,0.4931,0.4669,0.4749,0.5368,0.6353,0.7452,0.8548,0.8942,0.8411,0.818,0.8277,0.8431,0.8496,0.8405,0.8093,0.7443,0.6213,0.4367,0.4593,0.694,0.811,0.8221,0.7802,0.7287,0.6798,0.6353,0.595,0.5581,0.524,0.4924,0.4632,0.4366,0.4127,0.3917,0.3737,0.4876,0.426,0.359,0.3362,0.4249,0.5681,0.6968,0.8001,0.8382,0.8025,0.8016,0.8343,0.8671,0.8843,0.882,0.8554,0.7949,0.692,0.572,0.6118,0.7884,0.8328,0.7999,0.7545,0.7051,0.6568,0.612,0.571,0.5329,0.4974,0.4641,0.4332,0.405,0.3799,0.3582,0.34,0.4591,0.3774,0.274,0.2081,0.3241,0.5036,0.6343,0.6931,0.6958,0.6973,0.7567,0.8389,0.8987,0.928,0.9344,0.9171,0.8623,0.788,0.7409,0.7985,0.9682,0.9395,0.8155,0.7357,0.6767,0.6264,0.5817,0.5408,0.5022,0.4654,0.4302,0.3973,0.3672,0.3408,0.3185,0.3004,0.4505,0.3644,0.2711,0.2252,0.2848,0.4665,0.61,0.6168,0.4912,0.4586,0.6652,0.8493,0.9437,0.9777,0.9845,0.9818,0.9163,0.8373,0.7921,0.8168,0.9089,0.8891,0.7828,0.6995,0.6377,0.5879,0.545,0.5054,0.4666,0.4281,0.3903,0.3545,0.322,0.2939,0.271,0.2535,0.4619,0.3696,0.2329,0.0195,0.0828,0.4495,0.6631,0.6366,0.2029,-0.0411,0.5787,0.8976,1.0118,1.0376,1.0156,0.9952,0.9295,0.8304,0.768,0.7599,0.7753,0.7594,0.7034,0.6407,0.5865,0.5425,0.5047,0.4674,0.4277,0.3858,0.3436,0.3033,0.2673,0.2371,0.2138,0.1976,0.4953,0.4091,0.2661,0.0618,0.1453,0.5532,0.8211,0.8955,0.5809,0.3381,0.7564,1.0172,1.0989,1.0994,1.0809,1.0258,0.9158,0.731,0.6534,0.6803,0.685,0.6627,0.6218,0.5739,0.5307,0.498,0.4683,0.4318,0.3873,0.3383,0.2883,0.2411,0.1998,0.167,0.1439,0.1302,0.5495,0.4945,0.4243,0.3803,0.4868,0.733,0.9573,1.1026,1.0074,0.8971,1.0276,1.1863,1.2147,1.1225,1.124,1.0961,0.9394,0.4783,0.4352,0.6073,0.6146,0.5828,0.5466,0.5121,0.487,0.4743,0.4494,0.4032,0.3456,0.2834,0.2211,0.1632,0.1144,0.0785,0.0568,0.0482,0.6118,0.5909,0.5788,0.6026,0.694,0.8373,0.9749,1.0614,1.0587,1.0891,1.2014,1.3238,1.3633,1.4438,1.2345,1.232,1.1015,0.725,0.5756,0.5883,0.5355,0.4896,0.468,0.4597,0.4709,0.4874,0.4475,0.3751,0.2965,0.2157,0.1355,0.0618,0.0025,-0.0363,-0.0536,-0.0526,0.6692,0.671,0.6862,0.7262,0.7975,0.8893,0.9779,1.0465,1.1176,1.2494,1.386,1.4051,1.3938,1.4719,1.2694,1.2605,1.1679,0.9329,0.6906,0.5192,0.3816,0.344,0.3703,0.3992,0.4347,0.456,0.4078,0.3234,0.2292,0.1276,0.0223,-0.0754,-0.1499,-0.1901,-0.196,-0.1766,0.7152,0.7293,0.7549,0.7964,0.8548,0.9249,1.0,1.0838,1.2071,1.4339,1.7986,1.6008,1.4755,1.3563,1.2284,1.1378,1.0846,0.8437,0.5663,0.338,0.1094,0.1433,0.2622,0.321,0.3522,0.3579,0.3207,0.2458,0.1426,0.0149,-0.1294,-0.2678,-0.366,-0.4015,-0.3808,-0.3273,0.749,0.7689,0.7977,0.8374,0.8881,0.9487,1.0195,1.1085,1.2384,1.4509,1.7347,1.5906,1.4876,1.4523,1.1825,1.0033,0.8203,0.4977,0.2084,0.1498,0.0477,0.0871,0.1922,0.2482,0.2785,0.2872,0.2586,0.1802,0.0539,-0.1181,-0.3305,-0.5449,-0.6822,-0.6949,-0.6156,-0.5022,0.7721,0.794,0.8229,0.8596,0.9045,0.9579,1.0212,1.0992,1.1992,1.3197,1.4107,1.4016,1.4316,1.3983,1.0539,0.835,0.575,-0.002,-0.4823,-0.1185,0.0331,0.0879,0.1369,0.1841,0.2421,0.3063,0.2984,0.1722,-0.0164,-0.2591,-0.5818,-0.9373,-1.1383,-1.081,-0.8871,-0.6834,0.7861,0.8081,0.8353,0.8683,0.9074,0.9529,1.0052,1.0654,1.1321,1.1961,1.2354,1.2358,1.2062,1.0799,0.809,0.7124,0.4873,-0.0488,-0.4056,-0.3418,-0.1482,-0.0221,0.0398,0.106,0.2361,0.4697,0.5154,0.216,-0.0789,-0.3898,-0.8329,-1.3904,-1.6714,-1.4756,-1.1264,-0.8287,0.7929,0.8136,0.8382,0.867,0.8999,0.9368,0.9774,1.0202,1.0619,1.0951,1.1088,1.0934,1.0379,0.9202,0.7645,0.6818,0.448,0.0168,-0.5315,-0.7295,-0.3309,-0.1782,-0.1226,-0.0314,0.1468,0.4712,0.5425,0.1046,-0.1976,-0.4963,-0.945,-1.572,-1.8834,-1.6188,-1.2124,-0.8865,0.794,0.8126,0.8341,0.8583,0.885,0.9136,0.9432,0.9717,0.9957,1.01,1.0076,0.9815,0.925,0.8354,0.7271,0.602,0.3888,0.061,-0.3185,-0.4591,-0.3711,-0.4164,-0.4326,-0.2832,-0.0977,-0.0232,-0.1871,-0.2542,-0.4028,-0.6118,-0.89,-1.291,-1.5255,-1.3879,-1.1038,-0.8427,0.7905,0.8067,0.8248,0.8444,0.8652,0.8863,0.9065,0.9238,0.9354,0.9372,0.9248,0.8935,0.8399,0.7632,0.6646,0.5364,0.3582,0.13,-0.1016,-0.2792,-0.5078,-0.9259,-1.0532,-0.6591,-0.3428,-0.2946,-0.3916,-0.4462,-0.7284,-0.8467,-0.873,-0.9894,-1.0935,-1.0537,-0.908,-0.7383,0.7835,0.7972,0.8118,0.8271,0.8425,0.8571,0.8697,0.8784,0.881,0.8746,0.8559,0.8219,0.7704,0.6997,0.6081,0.4909,0.3424,0.1653,-0.0311,-0.269,-0.6725,-1.3359,-1.525,-0.9225,-0.5002,-0.4001,-0.4728,-0.7909,-1.3246,-1.2182,-0.9602,-0.8642,-0.8494,-0.8137,-0.7315,-0.6237,0.774,0.7851,0.7965,0.8079,0.8185,0.8277,0.8341,0.8364,0.8325,0.8204,0.7978,0.7625,0.7126,0.6466,0.5624,0.4578,0.3302,0.1788,-0.002,-0.2394,-0.5893,-1.0124,-1.12,-0.8039,-0.5323,-0.4706,-0.5991,-0.9761,-1.404,-1.2779,-0.9767,-0.8024,-0.7214,-0.6653,-0.6006,-0.5236]}]