docs/data/wind_grid.json
[{"header":{"la1":42.85,"la2":41.18,"lo1":11.55,"lo2":14.05,"nx":36,"ny":24,"dx":0.07143,"dy":0.07261,"parameterCategory":2,"parameterNumber":2,"parameterNumberName":"eastward_wind","parameterUnit":"m.s-1"},"data":[0.3116,0.2792,0.24,0.1949,0.1463,0.0986,0.0578,0.0303,0.0204,0.0284,0.0502,0.0793,0.1102,0.139,0.1641,0.1849,0.2019,0.2155,0.226,0.2341,0.2405,0.2458,0.2511,0.2568,0.2634,0.2708,0.2791,0.2881,0.2974,0.3069,0.3163,0.3255,0.3344,0.3427,0.3505,0.3577,0.3303,0.2925,0.2441,0.1853,0.1184,0.0493,-0.0122,-0.0538,-0.0661,-0.0484,-0.0093,0.0386,0.0853,0.1257,0.1585,0.1845,0.2048,0.2204,0.2319,0.2397,0.2448,0.2486,0.2524,0.2573,0.2636,0.2713,0.2802,0.29,0.3002,0.3107,0.321,0.3309,0.3404,0.3493,0.3575,0.365,0.3584,0.3158,0.2573,0.1811,0.0879,-0.0157,-0.1143,-0.1836,-0.2009,-0.1633,-0.0911,-0.0112,0.0593,0.1149,0.1569,0.1884,0.2124,0.2305,0.2431,0.25,0.2526,0.2533,0.2547,0.2581,0.264,0.272,0.2817,0.2925,0.3039,0.3154,0.3267,0.3376,0.3478,0.3572,0.3658,0.3735,0.3996,0.3544,0.2865,0.19,0.061,-0.0974,-0.265,-0.3936,-0.4238,-0.3424,-0.2034,-0.0683,0.0362,0.1101,0.1613,0.1979,0.2258,0.2477,0.2626,0.268,0.2654,0.2604,0.2576,0.2589,0.2643,0.2729,0.2838,0.2959,0.3087,0.3215,0.3339,0.3457,0.3566,0.3665,0.3755,0.3834,0.4581,0.4153,0.3422,0.2266,0.0548,-0.184,-0.4782,-0.7438,-0.8122,-0.6253,-0.3473,-0.1225,0.0247,0.1162,0.1743,0.214,0.2452,0.2737,0.2952,0.2982,0.2847,0.2691,0.2599,0.2587,0.264,0.2739,0.2865,0.3005,0.315,0.3293,0.3429,0.3557,0.3673,0.3777,0.3869,0.3949,0.5377,0.5062,0.4381,0.313,0.1035,-0.2287,-0.7204,-1.2865,-1.4727,-1.0255,-0.4848,-0.145,0.0381,0.1391,0.1993,0.2376,0.2683,0.3056,0.3437,0.3434,0.3082,0.2759,0.2594,0.2566,0.263,0.2751,0.2903,0.3068,0.3233,0.3393,0.3542,0.3679,0.3801,0.3909,0.4002,0.4081,0.641,0.6346,0.5892,0.4757,0.255,-0.1315,-0.7869,-1.7381,-2.1435,-1.2857,-0.4824,-0.0923,0.087,0.1829,0.2421,0.2745,0.292,0.3253,0.3818,0.3784,0.3181,0.2722,0.2524,0.2512,0.2612,0.2773,0.2961,0.3156,0.3345,0.3522,0.3684,0.3829,0.3956,0.4066,0.4158,0.4234,0.7663,0.8042,0.8089,0.7384,0.5445,0.1889,-0.3816,-1.1675,-1.4826,-0.7988,-0.2109,0.0465,0.1626,0.2459,0.3184,0.3486,0.3293,0.3163,0.3425,0.3374,0.2871,0.2493,0.2367,0.2426,0.2595,0.2817,0.3054,0.3283,0.3495,0.3688,0.3861,0.4012,0.4141,0.425,0.4339,0.441,0.9039,1.0096,1.1055,1.1228,0.9716,0.6634,0.2999,-0.0162,-0.0862,0.0845,0.1916,0.207,0.2265,0.3145,0.4695,0.5311,0.4187,0.3088,0.2675,0.2489,0.2248,0.2102,0.2137,0.2325,0.2604,0.291,0.3203,0.3465,0.3697,0.3901,0.408,0.4233,0.4362,0.4466,0.4548,0.461,1.0311,1.2208,1.4601,1.6472,1.5239,1.141,0.8584,0.7529,0.8074,0.8014,0.5396,0.306,0.2207,0.3319,0.7428,0.9542,0.5476,0.292,0.1954,0.1639,0.1561,0.1637,0.1876,0.2249,0.2683,0.3096,0.3442,0.3724,0.3962,0.4168,0.4348,0.4499,0.4622,0.4718,0.4788,0.4836,1.1118,1.3647,1.7425,2.1663,2.0679,1.4819,1.2322,1.1991,1.2921,1.3796,0.7471,0.2852,0.09,0.144,0.6299,0.9477,0.4594,0.1907,0.0965,0.0759,0.085,0.1136,0.1615,0.2247,0.2907,0.3447,0.3817,0.408,0.4299,0.4497,0.4672,0.4816,0.4928,0.5008,0.5061,0.509,1.118,1.3633,1.7188,2.1005,2.0041,1.5526,1.5269,1.6609,1.4288,1.2025,0.6214,0.129,-0.1512,-0.4103,0.2215,0.2877,0.1475,0.0121,-0.0266,-0.0164,0.0096,0.0575,0.135,0.2374,0.3397,0.4073,0.4368,0.4533,0.4708,0.4892,0.5058,0.519,0.5283,0.534,0.5367,0.537,1.0565,1.2371,1.4512,1.6108,1.5608,1.476,1.7002,2.0925,1.751,0.9904,0.3546,-0.0804,-0.2907,-0.0297,0.7188,0.0422,-0.0842,-0.1,-0.0989,-0.0966,-0.0766,-0.0174,0.0982,0.2619,0.4257,0.5043,0.5044,0.5035,0.5178,0.5363,0.5519,0.5628,0.569,0.5713,0.5705,0.5674,0.9611,1.0756,1.187,1.2569,1.2718,1.3285,1.5411,1.8154,1.5508,0.7556,0.1446,-0.2069,-0.382,-1.4186,-0.4014,-0.3238,-0.3687,-0.2175,-0.1652,-0.1931,-0.2111,-0.1496,0.022,0.2671,0.5052,0.5858,0.5535,0.5518,0.5733,0.594,0.6072,0.6135,0.6146,0.612,0.6068,0.5996,0.8607,0.93,0.9903,1.0307,1.0577,1.1042,1.1818,1.1899,0.9087,0.4088,0.0182,-0.2715,-0.7709,-1.5533,-0.7643,-0.6753,-0.9618,-0.5037,-0.3194,-0.3688,-0.5013,-0.4288,-0.1312,0.2061,0.4681,0.561,0.5774,0.6154,0.6507,0.6689,0.6735,0.6704,0.6635,0.6545,0.644,0.6323,0.7683,0.8088,0.8409,0.8606,0.8697,0.8709,0.8468,0.7406,0.4971,0.1882,0.0389,-0.2578,-0.4199,-0.7148,-0.5718,-0.61,-0.7945,-0.5026,-0.3904,-0.5871,-1.0903,-0.9132,-0.3148,0.1416,0.4359,0.5916,0.6849,0.7474,0.771,0.7662,0.7487,0.7288,0.7107,0.6947,0.6793,0.6636,0.6871,0.7085,0.7217,0.7237,0.712,0.681,0.6159,0.4947,0.3124,0.1208,0.0292,-0.1279,-0.2006,-0.198,-0.2634,-0.2863,-0.3404,-0.3456,-0.3819,-0.5705,-1.163,-0.9539,-0.2903,0.2092,0.5768,0.8348,0.9709,0.9896,0.9437,0.8811,0.8227,0.7767,0.7459,0.7255,0.7085,0.6911,0.6175,0.6256,0.6257,0.6148,0.5896,0.5447,0.4728,0.3682,0.2377,0.1081,0.007,-0.0762,-0.1129,-0.0946,0.0476,0.1127,-0.0696,-0.3263,-0.5308,-0.3389,-0.4277,-0.3598,-0.0074,0.4297,0.9035,1.336,1.4874,1.3429,1.149,0.9948,0.877,0.7944,0.7526,0.7378,0.7274,0.7127,0.5586,0.5578,0.5493,0.5308,0.4995,0.4523,0.3867,0.3031,0.2084,0.1164,0.041,-0.0082,-0.0096,0.1098,0.5527,0.7275,0.1964,-0.1522,-0.2658,0.0802,0.0445,0.0607,0.2767,0.676,1.2817,2.0243,2.188,1.6999,1.324,1.085,0.9033,0.7705,0.7218,0.7295,0.7363,0.7285,0.5098,0.5032,0.4896,0.4675,0.4351,0.3912,0.3354,0.2698,0.2,0.1348,0.084,0.0604,0.0876,0.2224,0.5281,0.6173,0.2908,0.1576,0.4629,0.6488,0.3224,0.2764,0.4409,0.7966,1.3868,2.1567,2.3197,1.7483,1.3926,1.1492,0.9358,0.7589,0.7002,0.726,0.7454,0.7423,0.4697,0.4597,0.4437,0.4208,0.3901,0.3513,0.3051,0.254,0.2021,0.1557,0.1221,0.1111,0.1361,0.2109,0.3144,0.3365,0.2604,0.2522,0.3954,0.4617,0.3572,0.3482,0.4658,0.7522,1.2042,1.6013,1.651,1.5632,1.3882,1.2081,1.0183,0.8426,0.7625,0.7616,0.7671,0.7582,0.4374,0.4256,0.4089,0.3868,0.359,0.3257,0.288,0.248,0.209,0.1754,0.1522,0.1451,0.159,0.193,0.2309,0.2453,0.2398,0.2559,0.305,0.3346,0.3249,0.304,0.3377,0.5977,1.0174,1.3943,1.5865,1.515,1.3902,1.2875,1.1307,0.9684,0.8659,0.8217,0.7985,0.7761,0.4116,0.3992,0.3828,0.3624,0.3378,0.3097,0.2791,0.2476,0.2179,0.1929,0.1759,0.1697,0.1758,0.1917,0.2103,0.2244,0.2364,0.2565,0.2856,0.3095,0.3074,0.2434,0.2172,0.4753,0.868,1.2076,1.3902,1.4124,1.4577,1.399,1.2259,1.0596,0.9429,0.872,0.8265,0.7914,0.3913,0.3789,0.3636,0.3451,0.3238,0.3003,0.2753,0.2505,0.2275,0.2085,0.1955,0.19,0.1923,0.2011,0.2136,0.2276,0.2442,0.2658,0.2921,0.3166,0.3253,0.3046,0.3248,0.5065,0.7852,1.0422,1.2193,1.3495,1.4652,1.4093,1.2437,1.0898,0.976,0.8974,0.842,0.7997]},{"header":{"la1":42.85,"la2":41.18,"lo1":11.55,"lo2":14.05,"nx":36,"ny":24,"dx":0.07143,"dy":0.07261,"parameterCategory":2,"parameterNumber":3,"parameterNumberName":"northward_wind","parameterUnit":"m.s-1"},"data":[1.6226,1.5911,1.554,1.5124,1.4695,1.4307,1.4041,1.3983,1.4192,1.467,1.535,1.6133,1.6923,1.7657,1.8301,1.8839,1.9261,1.955,1.9687,1.9655,1.9458,1.9122,1.8685,1.8189,1.7665,1.7138,1.662,1.6119,1.564,1.5186,1.4757,1.4355,1.3982,1.3636,1.332,1.3033,1.6212,1.5818,1.5327,1.4739,1.4082,1.3429,1.2908,1.2692,1.2915,1.3593,1.4594,1.5725,1.6822,1.7801,1.8636,1.9333,1.9893,2.0298,2.0504,2.047,2.0198,1.9734,1.9153,1.8518,1.7875,1.7248,1.6649,1.6082,1.5548,1.5048,1.458,1.4145,1.3744,1.3376,1.3042,1.2741,1.6256,1.5783,1.5155,1.4346,1.3358,1.2263,1.1261,1.069,1.0888,1.1918,1.3485,1.5177,1.6715,1.8004,1.9064,1.9949,2.0698,2.1287,2.1619,2.1584,2.1173,2.0495,1.969,1.8864,1.8069,1.7327,1.6639,1.6003,1.5413,1.4865,1.4357,1.3889,1.3459,1.3068,1.2716,1.2404,1.6388,1.5853,1.5092,1.4029,1.2594,1.0792,0.8864,0.7475,0.7516,0.9245,1.1894,1.4516,1.6666,1.8319,1.961,2.0697,2.17,2.2612,2.3205,2.3173,2.2485,2.1421,2.0272,1.9189,1.8216,1.7349,1.6572,1.5868,1.5222,1.4628,1.4081,1.3578,1.3119,1.2706,1.2337,1.2014,1.6641,1.6086,1.5237,1.3942,1.1992,0.917,0.5531,0.219,0.1649,0.4967,0.9802,1.3911,1.6822,1.8827,2.0296,2.1547,2.2864,2.4355,2.5544,2.5515,2.4217,2.2461,2.0816,1.9426,1.8268,1.7286,1.6429,1.5664,1.4969,1.433,1.3743,1.3205,1.2717,1.2281,1.1896,1.1563,1.7039,1.6536,1.57,1.4303,1.1957,0.8028,0.1774,-0.5861,-0.8266,-0.1124,0.7806,1.3836,1.7422,1.9636,2.1153,2.243,2.3984,2.6343,2.8802,2.8726,2.6155,2.3349,2.1138,1.947,1.817,1.7106,1.6195,1.5385,1.4646,1.3965,1.3337,1.2762,1.2243,1.1782,1.1382,1.1042,1.7584,1.723,1.656,1.5308,1.2987,0.8643,0.0472,-1.2485,-1.8276,-0.5079,0.8026,1.5035,1.8689,2.0847,2.2276,2.334,2.4663,2.7424,3.1284,3.1079,2.7098,2.3499,2.0991,1.9219,1.7881,1.6799,1.5869,1.5031,1.4255,1.353,1.2856,1.2238,1.1684,1.1198,1.0783,1.0439,1.8246,1.814,1.7808,1.6985,1.5228,1.1825,0.5489,-0.4475,-0.8477,0.249,1.2601,1.777,2.056,2.2485,2.3929,2.4654,2.4959,2.6278,2.8841,2.8685,2.5517,2.2475,2.0261,1.8651,1.741,1.6383,1.5472,1.4621,1.3805,1.3026,1.2293,1.1622,1.1025,1.051,1.0082,0.9739,1.8953,1.9175,1.9333,1.9141,1.8145,1.6207,1.3658,1.1434,1.2349,1.6505,1.9504,2.1107,2.2531,2.4395,2.67,2.7502,2.5897,2.4643,2.4586,2.4126,2.2547,2.0713,1.9138,1.7872,1.6835,1.5927,1.5063,1.4195,1.3318,1.2456,1.1639,1.0896,1.0245,0.9698,0.9258,0.8923,1.9592,2.0158,2.0912,2.1512,2.0993,1.9611,1.9267,2.1424,2.6721,2.9225,2.5902,2.3778,2.3901,2.5871,3.0998,3.3595,2.7612,2.3529,2.1788,2.0894,1.9988,1.8957,1.795,1.7067,1.6302,1.5566,1.4755,1.3828,1.2826,1.1821,1.0876,1.0031,0.9311,0.8727,0.8282,0.7967,2.0033,2.082,2.2042,2.3464,2.3115,2.115,2.1063,2.4564,3.6591,4.2619,3.0043,2.49,2.4344,2.5683,3.0212,3.3605,2.6242,2.1343,1.9219,1.8496,1.8043,1.7493,1.6909,1.6419,1.6031,1.5549,1.475,1.3629,1.2358,1.1104,0.9962,0.8979,0.8174,0.7554,0.7114,0.6839,2.0199,2.0948,2.205,2.3263,2.2879,2.0915,1.9805,2.0134,2.8363,3.4915,2.7739,2.431,2.4332,2.6323,2.5427,2.4656,2.1329,1.7145,1.5764,1.6296,1.6493,1.63,1.6068,1.6086,1.638,1.636,1.5391,1.3714,1.1893,1.0232,0.8818,0.7662,0.6762,0.6114,0.5703,0.5501,2.014,2.0675,2.1287,2.1687,2.1244,1.9986,1.8247,1.5981,1.8685,2.3728,2.4004,2.3502,2.3245,2.5923,2.3785,2.1016,1.7617,1.2542,1.2312,1.4682,1.5306,1.5276,1.5338,1.609,1.7803,1.8746,1.6984,1.3985,1.1237,0.9037,0.7308,0.5965,0.4974,0.432,0.3979,0.3905,1.9981,2.0319,2.0605,2.0682,2.0371,1.965,1.8522,1.7274,1.8514,2.1578,2.2775,2.3965,2.3272,1.159,1.8859,1.7547,1.478,1.334,1.3209,1.4245,1.4364,1.4218,1.4441,1.5847,1.9449,2.1805,1.8399,1.3576,0.9881,0.7229,0.5245,0.3738,0.267,0.2051,0.1854,0.1996,1.9813,2.0039,2.0204,2.0243,2.0113,1.9824,1.9469,1.9416,2.0396,2.2017,2.2998,2.2842,1.999,1.7828,1.7395,1.3221,0.7805,1.2592,1.4009,1.3878,1.3121,1.2843,1.3113,1.42,1.7221,1.9266,1.5821,1.0898,0.7188,0.4532,0.2458,0.0806,-0.0337,-0.0858,-0.0785,-0.0277,1.9667,1.9846,1.9984,2.0062,2.0082,2.0082,2.0167,2.0547,2.1464,2.3007,2.5091,2.5207,2.2847,1.9505,1.8097,1.3988,1.0102,1.317,1.421,1.3188,1.1085,1.1235,1.1667,1.1429,1.1523,1.1162,0.8698,0.5534,0.3012,0.0927,-0.1111,-0.3018,-0.4319,-0.464,-0.4059,-0.2938,1.9542,1.9703,1.9844,1.9966,2.0082,2.0232,2.0487,2.0957,2.1764,2.3058,2.4686,2.4006,2.1974,2.0899,1.9603,1.7637,1.5786,1.5201,1.4724,1.3422,1.0839,1.0948,1.0595,0.8414,0.5271,0.1915,-0.0585,-0.1609,-0.2092,-0.3188,-0.5329,-0.796,-0.9686,-0.9576,-0.8023,-0.5908,1.9424,1.9578,1.9727,1.9876,2.0039,2.0244,2.0533,2.0951,2.1532,2.2229,2.2699,2.2342,2.145,2.1198,2.1628,2.124,1.8508,1.5744,1.436,1.4717,1.3266,1.1812,0.9554,0.5088,-0.1912,-0.9694,-1.2573,-0.984,-0.7149,-0.7027,-0.9785,-1.4194,-1.6842,-1.571,-1.241,-0.8867,1.9305,1.9453,1.9603,1.9761,1.9936,2.0145,2.0407,2.0733,2.1111,2.147,2.1658,2.1578,2.1481,2.215,2.5752,2.7262,2.0954,1.6906,1.5809,1.7239,1.5383,1.2512,0.8657,0.2144,-0.9018,-2.4054,-2.744,-1.7178,-1.0662,-0.9564,-1.3453,-2.0805,-2.4773,-2.1725,-1.6123,-1.1126,1.9177,1.9317,1.9462,1.9614,1.9781,1.9969,2.0184,2.0425,2.0671,2.0881,2.1009,2.108,2.1313,2.2336,2.5117,2.5807,2.1343,1.8666,2.0108,2.1349,1.7017,1.3102,0.8664,0.1544,-1.0294,-2.6541,-3.0034,-1.73,-1.0997,-0.9959,-1.4333,-2.3235,-2.7886,-2.3805,-1.7295,-1.1856,1.9038,1.9167,1.93,1.9438,1.9585,1.9743,1.9912,2.0085,2.0248,2.0382,2.0481,2.0582,2.0808,2.1358,2.2119,2.1848,2.0086,1.8768,1.9117,1.9087,1.6497,1.3752,1.0439,0.4094,-0.5282,-1.2964,-1.266,-1.11,-0.8765,-0.8234,-1.1545,-1.8148,-2.2082,-1.9872,-1.5196,-1.0807,1.8888,1.9003,1.912,1.924,1.9363,1.9489,1.9614,1.9734,1.9838,1.9919,1.9977,2.0031,2.0122,2.0257,2.0277,1.9837,1.8916,1.8051,1.7552,1.687,1.5824,1.5824,1.5059,0.8725,-0.034,-0.7265,-0.9834,-0.8599,-0.5635,-0.5191,-0.7382,-1.121,-1.3955,-1.3687,-1.1409,-0.8622,1.8726,1.8826,1.8926,1.9025,1.9123,1.9217,1.9305,1.938,1.9437,1.9471,1.9479,1.9464,1.9427,1.9338,1.9113,1.865,1.7967,1.7225,1.6524,1.5866,1.5793,1.7767,1.8592,1.2048,0.3306,-0.3242,-0.6077,-0.4587,-0.1806,-0.2289,-0.4213,-0.6537,-0.8302,-0.8669,-0.7757,-0.6181,1.8557,1.864,1.8722,1.8799,1.8872,1.8937,1.8991,1.9029,1.9045,1.9035,1.8993,1.8914,1.8787,1.8584,1.8265,1.7795,1.7185,1.6493,1.5785,1.5191,1.5129,1.5983,1.5654,1.1289,0.5187,0.0268,-0.221,-0.2178,-0.127,-0.1604,-0.2701,-0.3956,-0.4943,-0.5276,-0.4888,-0.3988]}]