docs/data/wind_grid.json
[{"header":{"la1":42.85,"la2":41.18,"lo1":11.55,"lo2":14.05,"nx":36,"ny":24,"dx":0.07143,"dy":0.07261,"parameterCategory":2,"parameterNumber":2,"parameterNumberName":"eastward_wind","parameterUnit":"m.s-1"},"data":[2.986,2.971,2.9502,2.9234,2.8919,2.8578,2.8242,2.7942,2.7696,2.75,2.7331,2.7156,2.6946,2.6683,2.6361,2.5991,2.5599,2.5221,2.49,2.4664,2.4524,2.4478,2.4513,2.4611,2.475,2.4905,2.5058,2.5199,2.5323,2.543,2.5522,2.5601,2.5668,2.5727,2.578,2.5826,3.0151,3.0,2.9763,2.9434,2.9025,2.857,2.8122,2.7741,2.7466,2.7295,2.7178,2.7052,2.6866,2.6589,2.6214,2.5753,2.5243,2.4746,2.4336,2.4064,2.3935,2.3927,2.402,2.4194,2.4413,2.464,2.4848,2.5029,2.518,2.5306,2.5411,2.5499,2.5573,2.5637,2.5693,2.5743,3.0525,3.0389,3.0128,2.9722,2.9175,2.8533,2.7886,2.7357,2.7042,2.694,2.6946,2.6929,2.6801,2.6522,2.6081,2.549,2.4797,2.4104,2.3561,2.3271,2.3204,2.3269,2.3444,2.3726,2.4058,2.4376,2.4648,2.4869,2.5047,2.5188,2.5303,2.5398,2.5477,2.5545,2.5604,2.5656,3.1009,3.0926,3.0667,3.0173,2.9424,2.8471,2.7454,2.6621,2.6232,2.6313,2.6593,2.6791,2.6773,2.6508,2.5992,2.5224,2.4236,2.3184,2.2399,2.2171,2.2348,2.2555,2.2807,2.3235,2.372,2.4143,2.4477,2.4731,2.4927,2.5079,2.5199,2.5298,2.538,2.545,2.5511,2.5565,3.1631,3.1679,3.149,3.0925,2.99,2.8448,2.6735,2.5211,2.4642,2.5208,2.6096,2.6671,2.682,2.6589,2.6,2.5015,2.3575,2.1799,2.0398,2.0431,2.1469,2.1996,2.2218,2.2819,2.3472,2.3983,2.4353,2.4622,2.4822,2.4975,2.5097,2.5196,2.5279,2.535,2.5412,2.5468,3.2403,3.2724,3.2776,3.2232,3.0862,2.8692,2.5819,2.273,2.1621,2.3493,2.5577,2.6672,2.6998,2.6805,2.6171,2.5004,2.3021,1.9905,1.6601,1.7044,2.0474,2.1859,2.1999,2.2704,2.3415,2.393,2.4287,2.4539,2.4727,2.4873,2.4991,2.5089,2.5172,2.5243,2.5305,2.5362,3.327,3.4096,3.4771,3.4523,3.2703,2.9652,2.5603,2.0432,1.8261,2.2257,2.5553,2.6957,2.7351,2.7174,2.6551,2.5372,2.3159,1.8891,1.2509,1.3115,1.9584,2.19,2.2436,2.3022,2.3572,2.3975,2.4258,2.4463,2.4625,2.4759,2.4873,2.497,2.5053,2.5124,2.5187,2.5245,3.4039,3.5581,3.7586,3.8371,3.563,3.144,2.7316,2.3015,2.13,2.4098,2.65,2.7581,2.7871,2.7654,2.707,2.6104,2.4356,2.1097,1.692,1.7589,2.1607,2.2875,2.3197,2.3512,2.3811,2.4039,2.4209,2.4353,2.4488,2.4615,2.4731,2.4832,2.4917,2.4989,2.5053,2.5112,3.435,3.6336,3.9866,4.2756,3.804,3.2853,2.955,2.7253,2.6318,2.6814,2.7708,2.834,2.8494,2.8157,2.7467,2.6769,2.5816,2.4144,2.2498,2.2605,2.3868,2.3875,2.3815,2.3903,2.3966,2.4,2.405,2.4145,2.4277,2.4421,2.4555,2.4668,2.4759,2.4833,2.4897,2.4957,3.3982,3.5407,3.7618,3.8961,3.5458,3.2674,3.075,2.9172,2.7707,2.7274,2.8246,2.9049,2.9233,2.8726,2.7321,2.6553,2.6674,2.5927,2.4984,2.4377,2.4149,2.4159,2.4209,2.4104,2.3887,2.3692,2.3642,2.375,2.3948,2.4159,2.4339,2.4476,2.4576,2.4651,2.4714,2.4775,3.3233,3.3694,3.3412,3.1214,3.1242,3.1989,3.1551,3.0317,2.6612,2.4763,2.8305,2.983,3.0235,2.9918,2.8047,2.6735,2.7212,2.6786,2.6189,2.5597,2.5102,2.4819,2.4536,2.4014,2.3331,2.2825,2.2764,2.3061,2.347,2.383,2.409,2.4258,2.4362,2.4432,2.4491,2.4553,3.2567,3.2606,3.2049,3.0845,3.101,3.2105,3.2853,3.3102,3.0034,2.7521,2.9705,3.0923,3.143,3.2205,3.0577,2.859,2.7627,2.6972,2.6634,2.6369,2.5949,2.543,2.4673,2.3436,2.1841,2.082,2.107,2.1993,2.287,2.3476,2.3833,2.402,2.4111,2.4161,2.421,2.4276,3.2131,3.2137,3.1937,3.1687,3.189,3.2677,3.3985,3.5066,3.4433,3.1779,3.1612,3.244,3.2333,3.2481,3.0779,2.8224,2.7215,2.6446,2.6391,2.6728,2.6483,2.5854,2.4656,2.2359,1.8849,1.6804,1.8344,2.0714,2.2324,2.3199,2.361,2.3763,2.3798,2.3808,2.3842,2.3918,3.1857,3.1911,3.1917,3.197,3.2243,3.287,3.3926,3.5258,3.4572,3.2892,3.2683,3.4055,3.4153,2.9571,2.877,2.5067,2.5978,2.679,2.6854,2.711,2.6913,2.6271,2.4851,2.168,1.5806,1.2332,1.6081,2.0066,2.2196,2.3136,2.3446,2.3456,2.3369,2.331,2.3333,2.3443,3.1667,3.1756,3.1846,3.1987,3.2249,3.268,3.3239,3.3647,3.3474,3.3285,3.3523,3.3435,3.2295,3.1905,2.8378,2.4383,2.7144,2.7421,2.7676,2.7634,2.7302,2.6778,2.5576,2.282,1.798,1.5057,1.7846,2.1102,2.2779,2.334,2.3299,2.3003,2.2703,2.2557,2.2605,2.2806,3.1517,3.1623,3.174,3.1895,3.2113,3.2399,3.2707,3.2954,3.3204,3.3968,3.5778,3.4846,3.353,3.1699,2.976,2.7972,2.7888,2.8322,2.8581,2.8122,2.7221,2.7092,2.6507,2.4953,2.2789,2.1538,2.2282,2.3461,2.3931,2.3694,2.3012,2.2193,2.1572,2.1365,2.1548,2.196,3.1386,3.1495,3.1617,3.1762,3.1942,3.2153,3.2386,3.2651,3.307,3.3967,3.542,3.4596,3.3969,3.3667,3.14,3.0069,2.96,2.9974,3.0273,2.9079,2.7301,2.7319,2.7254,2.6717,2.6305,2.6359,2.6529,2.6183,2.528,2.3969,2.2335,2.0673,1.9597,1.9478,2.0061,2.0898,3.1265,3.137,3.1485,3.1617,3.1769,3.1944,3.2146,3.2396,3.2752,3.325,3.366,3.3598,3.3895,3.3885,3.2834,3.2341,3.1427,3.1994,3.3367,3.0973,2.9053,2.8269,2.797,2.8047,2.9027,3.0807,3.1154,2.9115,2.6549,2.3989,2.1066,1.8023,1.6315,1.6716,1.8199,1.9737,3.1147,3.1245,3.1352,3.1469,3.1601,3.1749,3.192,3.2124,3.2371,3.2636,3.2829,3.2917,3.3051,3.3325,3.5051,3.5936,3.282,3.2289,3.2843,3.1765,3.0224,2.8968,2.8415,2.8846,3.1211,3.6233,3.734,3.1747,2.7261,2.3744,1.952,1.4534,1.2078,1.3675,1.6482,1.8802,3.1032,3.1122,3.1218,3.1321,3.1434,3.1559,3.1697,3.1852,3.2019,3.2179,3.2307,3.2412,3.2584,3.3113,3.4645,3.5089,3.2868,3.1946,3.2428,3.2781,3.0632,2.8877,2.8116,2.8574,3.1013,3.6825,3.8188,3.0549,2.6525,2.3443,1.9044,1.3125,1.0288,1.257,1.5946,1.8535,3.0919,3.0999,3.1084,3.1173,3.1268,3.137,3.1479,3.1593,3.1707,3.1813,3.1904,3.1996,3.2145,3.2456,3.2899,3.2821,3.202,3.1468,3.1597,3.1409,2.9554,2.7501,2.6613,2.7074,2.8103,2.807,2.4192,2.4211,2.4634,2.3324,2.036,1.6056,1.3624,1.4728,1.7056,1.9097,3.0806,3.0877,3.095,3.1026,3.1105,3.1186,3.1268,3.1351,3.1428,3.1497,3.1556,3.1613,3.1688,3.1786,3.1833,3.165,3.1217,3.0762,3.0338,2.9447,2.7356,2.4419,2.3479,2.4992,2.5701,2.3671,1.9461,2.1505,2.3643,2.3507,2.2085,1.9742,1.8035,1.799,1.8979,2.0178,3.0695,3.0757,3.0819,3.0881,3.0944,3.1007,3.1067,3.1123,3.1173,3.1212,3.1239,3.1256,3.1261,3.124,3.1148,3.0926,3.0559,3.0068,2.937,2.8124,2.5728,2.2185,2.1244,2.3698,2.4817,2.3928,2.2604,2.3203,2.3932,2.3859,2.3186,2.1957,2.0877,2.0497,2.076,2.1341,3.0585,3.0637,3.0689,3.0739,3.0788,3.0834,3.0875,3.091,3.0936,3.095,3.0949,3.093,3.0885,3.08,3.0649,3.0402,3.0036,2.9523,2.8771,2.7585,2.574,2.3594,2.2982,2.4114,2.4811,2.456,2.4076,2.3983,2.4009,2.3975,2.367,2.3049,2.2425,2.2084,2.209,2.2341]},{"header":{"la1":42.85,"la2":41.18,"lo1":11.55,"lo2":14.05,"nx":36,"ny":24,"dx":0.07143,"dy":0.07261,"parameterCategory":2,"parameterNumber":3,"parameterNumberName":"northward_wind","parameterUnit":"m.s-1"},"data":[1.3109,1.2974,1.2815,1.2635,1.2442,1.2254,1.2101,1.2019,1.2025,1.211,1.2229,1.2321,1.2331,1.2222,1.1987,1.1643,1.1236,1.0832,1.0502,1.0294,1.0215,1.0236,1.0313,1.0418,1.0541,1.0678,1.0829,1.099,1.1155,1.1321,1.1485,1.1643,1.1795,1.1939,1.2075,1.2202,1.3085,1.2925,1.2728,1.2488,1.221,1.1917,1.1663,1.152,1.1546,1.1733,1.2002,1.2236,1.2338,1.2252,1.1963,1.1496,1.0919,1.0346,0.9906,0.9688,0.969,0.9823,0.9986,1.0136,1.0284,1.0444,1.0621,1.0811,1.1005,1.1199,1.1387,1.1567,1.1738,1.1899,1.2049,1.2187,1.3073,1.2891,1.2653,1.2338,1.1933,1.1458,1.0993,1.0695,1.0724,1.1099,1.165,1.2143,1.241,1.2374,1.2014,1.1361,1.0508,0.9643,0.9025,0.885,0.9088,0.948,0.977,0.9928,1.0055,1.0215,1.0412,1.0631,1.0857,1.1081,1.1296,1.15,1.1691,1.1869,1.2033,1.2184,1.308,1.2886,1.2614,1.2219,1.1645,1.0864,0.9965,0.9266,0.9232,0.9987,1.1104,1.2063,1.2603,1.2655,1.2211,1.1286,0.9975,0.8562,0.7591,0.7583,0.8477,0.9504,0.992,0.9891,0.9872,0.9989,1.02,1.0452,1.0714,1.097,1.1214,1.1443,1.1656,1.1852,1.2031,1.2194,1.3111,1.2924,1.2647,1.2198,1.1442,1.0211,0.8456,0.671,0.6364,0.8015,1.0323,1.2077,1.3013,1.3201,1.2677,1.1401,0.936,0.6849,0.4964,0.5295,0.7874,1.0519,1.0797,1.0026,0.9683,0.9741,0.9978,1.0274,1.0578,1.0871,1.1146,1.1402,1.1637,1.1851,1.2046,1.2221,1.3162,1.301,1.2782,1.2359,1.1502,0.9794,0.6664,0.2387,0.0909,0.4906,0.9567,1.2414,1.3786,1.4149,1.361,1.1995,0.8991,0.4461,-0.0025,0.0553,0.6207,1.1455,1.139,0.9793,0.9304,0.9423,0.974,1.0101,1.0455,1.0787,1.1095,1.1379,1.1637,1.1871,1.2081,1.2268,1.3216,1.3127,1.3022,1.2753,1.1994,1.0168,0.6056,-0.1551,-0.5277,0.2751,0.9937,1.3454,1.5055,1.5637,1.5281,1.3561,0.9815,0.3248,-0.5198,-0.4654,0.2679,0.7335,0.8652,0.8449,0.8612,0.9031,0.9497,0.994,1.0348,1.0722,1.1065,1.1378,1.1661,1.1916,1.2141,1.2339,1.3243,1.3227,1.3326,1.3339,1.2784,1.146,0.8572,0.3175,0.079,0.7123,1.2649,1.5356,1.6793,1.7741,1.8063,1.672,1.2796,0.6447,-0.0251,-0.1178,-0.0319,0.1321,0.4611,0.6658,0.7846,0.8661,0.9284,0.9802,1.026,1.0676,1.1057,1.1403,1.1715,1.199,1.2231,1.2439,1.3202,1.3197,1.3524,1.3943,1.3257,1.2724,1.2266,1.1734,1.2613,1.5079,1.6732,1.7638,1.8659,2.034,2.2672,2.2574,1.7632,1.1318,0.5849,0.1001,-0.6167,-0.4533,0.2029,0.5625,0.7416,0.8432,0.9122,0.968,1.0181,1.0645,1.1073,1.146,1.1804,1.2103,1.2359,1.2574,1.3084,1.2884,1.2876,1.2954,1.24,1.3189,1.4714,1.714,2.1144,2.2983,2.0786,1.9562,2.0062,2.2506,2.9746,3.3686,2.2636,1.4461,0.9055,0.3648,-0.2628,-0.1912,0.2902,0.5917,0.7466,0.8332,0.8955,0.9525,1.0086,1.0623,1.1118,1.1558,1.194,1.2265,1.2534,1.2754,1.2979,1.245,1.139,0.9205,0.9716,1.2993,1.5671,1.9171,2.8098,3.2655,2.3653,2.0572,2.0729,2.2404,2.8709,3.3927,2.1805,1.4353,1.0333,0.7357,0.474,0.4291,0.5667,0.6954,0.767,0.8104,0.86,0.9243,0.9943,1.061,1.1203,1.1713,1.214,1.2491,1.2771,1.2989,1.3038,1.2424,1.123,0.94,1.0069,1.3389,1.5437,1.6631,2.2423,2.7032,2.2271,2.0655,2.1346,2.3535,2.1161,2.0041,1.5841,1.0608,0.8508,0.8571,0.8063,0.7656,0.7682,0.7678,0.7369,0.7206,0.7736,0.8725,0.9746,1.0629,1.1359,1.1953,1.243,1.2804,1.3087,1.3293,1.3298,1.2886,1.2306,1.1891,1.2626,1.4234,1.4967,1.4206,1.5889,1.9204,1.9988,2.1105,2.1636,2.2264,1.765,1.4601,1.1714,0.4307,0.3815,0.8301,0.9181,0.9019,0.8598,0.7669,0.5941,0.4899,0.6106,0.8029,0.9599,1.0762,1.1642,1.2323,1.2847,1.3236,1.3507,1.3683,1.3651,1.3478,1.3344,1.3446,1.3987,1.4726,1.505,1.4797,1.5525,1.7295,1.878,2.251,2.3676,2.1114,1.4991,0.7284,0.9708,0.8396,0.7173,0.9276,0.9636,0.9384,0.8917,0.7492,0.4211,0.2081,0.4664,0.7728,0.977,1.1134,1.2124,1.2878,1.3441,1.3829,1.4064,1.4179,1.3986,1.3965,1.4019,1.4219,1.4588,1.5004,1.5289,1.5475,1.5851,1.6214,1.6542,1.7892,1.8619,1.7827,1.3504,0.6256,1.9253,1.3908,1.1607,1.0403,0.892,0.8581,0.8923,0.8154,0.5606,0.3885,0.5938,0.8615,1.0501,1.1833,1.2864,1.3684,1.4284,1.4648,1.4801,1.4804,1.4253,1.4306,1.4419,1.4612,1.4874,1.515,1.5376,1.5525,1.5506,1.4845,1.2808,1.4768,1.5813,1.6299,1.4763,1.4795,1.8642,1.5508,1.337,1.0175,0.4783,0.5733,0.8686,0.9361,0.8669,0.8176,0.9005,1.0398,1.1678,1.2814,1.3877,1.4818,1.5487,1.5787,1.577,1.5573,1.4449,1.453,1.4652,1.4815,1.5008,1.5198,1.5344,1.5389,1.5203,1.4462,1.302,1.4224,1.4835,1.4723,1.4931,1.5057,1.5701,1.6008,1.5643,1.1788,0.4313,0.5673,0.9393,1.0675,1.0929,1.1106,1.1533,1.214,1.2911,1.3909,1.5145,1.6405,1.7235,1.7372,1.7008,1.6472,1.4585,1.4672,1.4784,1.4918,1.5062,1.5193,1.5282,1.5286,1.5146,1.4824,1.4546,1.4699,1.4615,1.4498,1.4477,1.456,1.5705,1.8149,2.0411,1.6588,1.2177,1.0846,1.1547,1.2124,1.2511,1.2915,1.3184,1.3382,1.3881,1.491,1.6597,1.8593,1.9756,1.9473,1.8449,1.7403,1.4675,1.4759,1.4857,1.4965,1.5074,1.5167,1.5226,1.5228,1.5158,1.5034,1.4933,1.4887,1.4767,1.4436,1.32,1.2682,1.542,1.852,2.0532,2.0354,1.7107,1.4518,1.3552,1.3361,1.3536,1.3895,1.4011,1.4051,1.4471,1.5604,1.7912,2.111,2.2753,2.1649,1.9719,1.8137,1.4732,1.4809,1.4893,1.4981,1.5065,1.5135,1.5179,1.5188,1.5158,1.51,1.5035,1.4955,1.4801,1.4407,1.3461,1.3296,1.5544,1.8592,2.3625,2.5823,1.9739,1.619,1.4688,1.414,1.407,1.4149,1.418,1.4434,1.4759,1.5778,1.8255,2.208,2.3978,2.2428,2.0134,1.8385,1.4767,1.4834,1.4906,1.4978,1.5045,1.51,1.5137,1.515,1.514,1.5109,1.5064,1.4996,1.4884,1.4694,1.45,1.4795,1.6045,1.8198,2.123,2.2009,1.8769,1.6139,1.4962,1.4514,1.4439,1.4689,1.5214,1.5041,1.4784,1.5347,1.7197,2.0076,2.1721,2.0978,1.9415,1.8055,1.4785,1.4844,1.4906,1.4966,1.5021,1.5066,1.5098,1.5114,1.5114,1.5099,1.5073,1.5035,1.4988,1.4953,1.5018,1.5357,1.6107,1.7214,1.8264,1.8205,1.669,1.5085,1.4556,1.4552,1.4625,1.5046,1.5788,1.5208,1.4203,1.4345,1.5608,1.7429,1.8693,1.8775,1.8145,1.7372,1.4791,1.4844,1.4897,1.4948,1.4994,1.5032,1.5061,1.5079,1.5085,1.5082,1.5073,1.5062,1.5062,1.5096,1.5215,1.5478,1.5908,1.6413,1.6727,1.6472,1.553,1.4415,1.4182,1.4467,1.4605,1.4787,1.4879,1.404,1.2681,1.3064,1.4356,1.5711,1.6696,1.7078,1.6974,1.6637,1.479,1.4836,1.4882,1.4926,1.4966,1.4999,1.5026,1.5044,1.5056,1.5061,1.5065,1.5072,1.5094,1.5147,1.5254,1.5432,1.5665,1.5883,1.5952,1.573,1.5205,1.4633,1.4439,1.4514,1.4546,1.451,1.426,1.3437,1.2468,1.2827,1.3883,1.4884,1.5623,1.6023,1.6121,1.602]}]