docs/data/wind_grid.json
[{"header":{"la1":42.85,"la2":41.18,"lo1":11.55,"lo2":14.05,"nx":36,"ny":24,"dx":0.07143,"dy":0.07261,"parameterCategory":2,"parameterNumber":2,"parameterNumberName":"eastward_wind","parameterUnit":"m.s-1"},"data":[-0.2189,-0.2294,-0.242,-0.2561,-0.2704,-0.2829,-0.2909,-0.2914,-0.2823,-0.2631,-0.2353,-0.2015,-0.1645,-0.1267,-0.0895,-0.0544,-0.0232,0.0023,0.0197,0.0277,0.0261,0.0166,0.0017,-0.016,-0.0346,-0.0527,-0.0696,-0.0848,-0.0982,-0.1099,-0.1199,-0.1286,-0.136,-0.1423,-0.1477,-0.1525,-0.2163,-0.2296,-0.2466,-0.267,-0.2893,-0.311,-0.3275,-0.3337,-0.325,-0.3006,-0.2633,-0.2182,-0.17,-0.1214,-0.0742,-0.0292,0.0118,0.0458,0.0687,0.0774,0.0717,0.0549,0.0316,0.006,-0.0191,-0.0424,-0.0631,-0.081,-0.0964,-0.1094,-0.1203,-0.1294,-0.137,-0.1434,-0.1488,-0.1534,-0.21,-0.226,-0.2481,-0.2764,-0.3103,-0.3466,-0.3786,-0.3961,-0.3895,-0.3562,-0.3031,-0.2408,-0.177,-0.115,-0.0554,0.0023,0.0572,0.105,0.1373,0.1466,0.1327,0.1028,0.0663,0.0295,-0.0042,-0.0336,-0.0585,-0.0793,-0.0965,-0.1106,-0.122,-0.1314,-0.139,-0.1452,-0.1504,-0.1548,-0.1981,-0.2161,-0.2431,-0.2811,-0.3307,-0.3898,-0.4498,-0.4916,-0.491,-0.4405,-0.3584,-0.2689,-0.1842,-0.1064,-0.0329,0.0401,0.115,0.1865,0.2372,0.2469,0.2154,0.1617,0.1043,0.0523,0.0083,-0.0278,-0.0571,-0.0805,-0.0992,-0.1139,-0.1256,-0.1347,-0.142,-0.1478,-0.1526,-0.1565,-0.1783,-0.1962,-0.2268,-0.2745,-0.3433,-0.4356,-0.5453,-0.6407,-0.6573,-0.5682,-0.43,-0.2987,-0.1882,-0.0937,-0.0069,0.0819,0.1833,0.297,0.3872,0.3959,0.3251,0.2284,0.1407,0.0703,0.0154,-0.0272,-0.0602,-0.0856,-0.105,-0.1198,-0.1311,-0.1396,-0.1461,-0.1512,-0.1552,-0.1586,-0.1482,-0.162,-0.1922,-0.2467,-0.3343,-0.4658,-0.6508,-0.857,-0.9211,-0.741,-0.5025,-0.3185,-0.1827,-0.0737,0.0229,0.1221,0.2484,0.426,0.5983,0.5999,0.448,0.2869,0.165,0.0773,0.0134,-0.034,-0.0693,-0.0955,-0.1148,-0.1287,-0.1387,-0.1459,-0.1512,-0.1551,-0.1582,-0.1607,-0.1056,-0.1084,-0.1301,-0.1838,-0.2832,-0.4436,-0.6916,-1.0298,-1.1713,-0.8575,-0.5255,-0.3114,-0.1615,-0.0416,0.0612,0.1578,0.2819,0.4965,0.7592,0.7482,0.5103,0.3029,0.1627,0.0671,-0.0009,-0.0503,-0.086,-0.1114,-0.1289,-0.1408,-0.1486,-0.1537,-0.157,-0.1594,-0.1612,-0.1627,-0.0499,-0.0305,-0.029,-0.0681,-0.1699,-0.3389,-0.5726,-0.8529,-0.9584,-0.7193,-0.4623,-0.2759,-0.126,0.0079,0.1247,0.2088,0.2822,0.4191,0.6069,0.6063,0.4256,0.2534,0.128,0.0374,-0.0291,-0.0776,-0.1115,-0.1341,-0.148,-0.1561,-0.1604,-0.1624,-0.1633,-0.1636,-0.1639,-0.1643,0.0152,0.0723,0.1245,0.1279,0.0252,-0.1694,-0.3765,-0.5389,-0.5952,-0.5267,-0.3928,-0.2411,-0.0894,0.0749,0.2506,0.3376,0.314,0.3183,0.3637,0.3577,0.2744,0.1684,0.0718,-0.0083,-0.0713,-0.1173,-0.1475,-0.1646,-0.1724,-0.1746,-0.1738,-0.1716,-0.1693,-0.1672,-0.1657,-0.1649,0.0773,0.1857,0.3296,0.4424,0.3366,0.0254,-0.2384,-0.4106,-0.5386,-0.5556,-0.4066,-0.2317,-0.0729,0.1236,0.468,0.6332,0.3986,0.2903,0.2625,0.2311,0.1715,0.0931,0.011,-0.0651,-0.1282,-0.1727,-0.1968,-0.2044,-0.2022,-0.1954,-0.1876,-0.1802,-0.174,-0.1692,-0.166,-0.1641,0.1143,0.2632,0.5046,0.7975,0.7108,0.1731,-0.1771,-0.3745,-0.6778,-0.8166,-0.4626,-0.2313,-0.087,0.0571,0.4001,0.6338,0.3776,0.2983,0.2705,0.21,0.128,0.0404,-0.0475,-0.1322,-0.2048,-0.251,-0.2647,-0.2552,-0.2364,-0.2169,-0.2,-0.1864,-0.1761,-0.1687,-0.1638,-0.161,0.1069,0.2492,0.4752,0.7409,0.6384,0.1207,-0.1749,-0.2708,-0.4707,-0.616,-0.3883,-0.2195,-0.1112,-0.0687,0.0296,0.2057,0.2872,0.4024,0.4085,0.2612,0.1168,0.0003,-0.1052,-0.2125,-0.3125,-0.3675,-0.3589,-0.3166,-0.2719,-0.2356,-0.2082,-0.1882,-0.1738,-0.1641,-0.1581,-0.155,0.0596,0.1547,0.2726,0.3487,0.23,-0.0332,-0.191,-0.2054,-0.2522,-0.3354,-0.2994,-0.2539,-0.1546,-0.0885,-0.0441,0.1156,0.3089,0.6683,0.6637,0.312,0.0942,-0.0433,-0.1616,-0.3002,-0.4585,-0.5372,-0.4782,-0.3785,-0.2996,-0.2453,-0.2082,-0.1826,-0.165,-0.1538,-0.1476,-0.1452,-0.0046,0.0436,0.083,0.0785,-0.0027,-0.1225,-0.2009,-0.2186,-0.2433,-0.2911,-0.2949,-0.3509,-0.3112,0.3101,0.0819,0.2044,0.3947,0.5136,0.4819,0.2104,0.019,-0.098,-0.2048,-0.3573,-0.5771,-0.6895,-0.5639,-0.408,-0.3039,-0.2386,-0.1958,-0.1667,-0.1474,-0.136,-0.131,-0.1307,-0.0658,-0.0467,-0.0408,-0.0611,-0.1111,-0.1726,-0.2199,-0.2491,-0.2845,-0.3348,-0.3599,-0.3022,-0.0806,0.1855,0.1032,0.4588,0.9319,0.4309,0.1849,0.0188,-0.0869,-0.148,-0.2234,-0.3417,-0.5116,-0.604,-0.5039,-0.3677,-0.2726,-0.2106,-0.168,-0.138,-0.1183,-0.1084,-0.1066,-0.1106,-0.1164,-0.112,-0.118,-0.1383,-0.1718,-0.2108,-0.2476,-0.2838,-0.334,-0.4258,-0.592,-0.4143,-0.2939,-0.107,-0.039,0.3014,0.6548,0.2239,-0.0532,-0.1429,-0.1287,-0.1535,-0.2291,-0.2994,-0.3658,-0.3933,-0.3469,-0.2726,-0.2104,-0.1631,-0.1249,-0.0944,-0.0746,-0.0682,-0.0732,-0.0848,-0.1561,-0.1588,-0.1687,-0.1869,-0.2124,-0.2423,-0.2745,-0.3119,-0.3638,-0.4499,-0.5718,-0.4726,-0.4547,-0.4731,-0.3369,-0.2163,-0.1245,-0.2488,-0.3698,-0.3074,-0.1494,-0.1788,-0.2618,-0.2859,-0.2732,-0.2391,-0.1975,-0.1622,-0.1331,-0.1038,-0.0695,-0.0343,-0.0121,-0.0124,-0.03,-0.054,-0.1872,-0.1933,-0.2044,-0.2209,-0.2422,-0.2674,-0.2961,-0.3298,-0.3712,-0.4202,-0.4578,-0.4651,-0.5212,-0.5733,-0.7534,-0.8437,-0.6294,-0.6021,-0.685,-0.5602,-0.4113,-0.3563,-0.3489,-0.302,-0.2086,-0.1069,-0.0554,-0.0503,-0.0522,-0.0422,-0.0085,0.0424,0.073,0.0591,0.0196,-0.0223,-0.2119,-0.2195,-0.2309,-0.2462,-0.2652,-0.2874,-0.3129,-0.3421,-0.3751,-0.4103,-0.4447,-0.4875,-0.5719,-0.8002,-1.5375,-1.8335,-1.0237,-0.7444,-0.756,-0.8198,-0.6854,-0.5637,-0.4754,-0.3438,-0.1499,0.0278,0.0701,0.0548,0.0285,0.0122,0.0435,0.1221,0.1674,0.1302,0.0621,0.0017,-0.2317,-0.2402,-0.2516,-0.266,-0.2834,-0.3036,-0.3268,-0.353,-0.3826,-0.4162,-0.4575,-0.5198,-0.6391,-0.9127,-1.4649,-1.6292,-1.0914,-0.8717,-1.0496,-1.1628,-0.8989,-0.7766,-0.6691,-0.4504,-0.1411,0.0811,0.1199,0.1849,0.1191,0.0496,0.0605,0.1506,0.2045,0.1545,0.0742,0.0074,-0.248,-0.2569,-0.2682,-0.2819,-0.2982,-0.317,-0.3386,-0.3632,-0.3917,-0.426,-0.4708,-0.537,-0.6453,-0.8216,-1.0328,-1.0851,-0.95,-0.8877,-0.9816,-1.0384,-1.022,-1.1134,-1.0759,-0.7176,-0.21,0.255,0.6629,0.531,0.2067,0.0445,0.0247,0.0874,0.1324,0.104,0.0451,-0.0093,-0.2616,-0.2707,-0.2818,-0.295,-0.3105,-0.3283,-0.3487,-0.3722,-0.3999,-0.4336,-0.477,-0.5358,-0.6168,-0.7187,-0.8134,-0.8521,-0.8414,-0.8516,-0.9164,-1.0277,-1.295,-1.8199,-1.9425,-1.2312,-0.3861,0.3787,1.0256,0.6754,0.0966,-0.069,-0.0623,-0.0133,0.0232,0.0207,-0.0074,-0.0415,-0.2729,-0.2821,-0.293,-0.3058,-0.3206,-0.3375,-0.357,-0.3794,-0.4058,-0.4374,-0.4765,-0.5252,-0.5842,-0.6491,-0.7073,-0.7468,-0.7754,-0.8199,-0.9103,-1.1012,-1.5488,-2.3615,-2.5957,-1.6317,-0.6373,0.0548,0.3911,0.1229,-0.2973,-0.2696,-0.1669,-0.101,-0.0639,-0.0529,-0.0609,-0.0781,-0.2825,-0.2916,-0.3023,-0.3147,-0.3288,-0.345,-0.3634,-0.3846,-0.4092,-0.438,-0.4721,-0.512,-0.557,-0.6042,-0.649,-0.6893,-0.7317,-0.7921,-0.8962,-1.0922,-1.4561,-1.9424,-2.0308,-1.4462,-0.7474,-0.2579,-0.0555,-0.167,-0.3551,-0.3155,-0.2187,-0.1568,-0.1224,-0.1071,-0.1056,-0.1124]},{"header":{"la1":42.85,"la2":41.18,"lo1":11.55,"lo2":14.05,"nx":36,"ny":24,"dx":0.07143,"dy":0.07261,"parameterCategory":2,"parameterNumber":3,"parameterNumberName":"northward_wind","parameterUnit":"m.s-1"},"data":[0.6928,0.6656,0.6352,0.602,0.5677,0.535,0.5079,0.4902,0.4847,0.4913,0.5069,0.5269,0.5474,0.5655,0.5801,0.5913,0.5997,0.6067,0.6137,0.6221,0.6323,0.6445,0.6578,0.6715,0.6851,0.6983,0.7108,0.7228,0.7344,0.7455,0.7563,0.7668,0.777,0.7868,0.7963,0.8053,0.692,0.6604,0.6233,0.5808,0.5345,0.488,0.4476,0.4212,0.4146,0.428,0.4553,0.4877,0.5182,0.543,0.5611,0.5733,0.5809,0.5862,0.5917,0.5999,0.6116,0.6264,0.6427,0.6592,0.675,0.6898,0.7037,0.7167,0.7291,0.741,0.7526,0.7639,0.7749,0.7854,0.7956,0.8053,0.6956,0.6596,0.6151,0.5609,0.4976,0.4291,0.3653,0.3214,0.3121,0.339,0.3883,0.4417,0.4872,0.5207,0.5426,0.5549,0.5601,0.5613,0.5634,0.5709,0.5853,0.6048,0.6258,0.6461,0.6646,0.6812,0.6962,0.7102,0.7234,0.7362,0.7487,0.7609,0.7727,0.7841,0.7951,0.8055,0.7055,0.6661,0.6144,0.5468,0.4608,0.358,0.2507,0.1694,0.1523,0.2079,0.3008,0.3899,0.4568,0.5004,0.5256,0.5367,0.5367,0.5298,0.5243,0.5305,0.5509,0.579,0.6076,0.6329,0.6544,0.6725,0.6885,0.7032,0.7172,0.7308,0.7443,0.7575,0.7704,0.7829,0.7948,0.806,0.7237,0.6834,0.6267,0.5467,0.4344,0.2821,0.0962,-0.0709,-0.112,0.0108,0.1926,0.339,0.432,0.4846,0.511,0.5192,0.5114,0.4892,0.4672,0.4715,0.506,0.5505,0.59,0.621,0.6448,0.6639,0.6801,0.6952,0.7098,0.7245,0.7392,0.7538,0.7681,0.7818,0.7947,0.8069,0.7521,0.715,0.6589,0.5724,0.4381,0.2307,-0.0749,-0.4273,-0.5423,-0.2579,0.0884,0.3069,0.4204,0.4747,0.498,0.5027,0.4874,0.4428,0.3872,0.3907,0.4562,0.5258,0.5772,0.6122,0.6365,0.6547,0.6702,0.6852,0.7006,0.7166,0.733,0.7495,0.7655,0.7807,0.7951,0.8083,0.7912,0.7635,0.7168,0.6362,0.4981,0.2633,-0.1355,-0.7165,-0.9644,-0.4342,0.0707,0.3201,0.4271,0.4684,0.4819,0.4845,0.4721,0.4173,0.3259,0.3314,0.4318,0.5193,0.5747,0.6079,0.6285,0.6434,0.6569,0.6716,0.6882,0.7063,0.7253,0.7444,0.7627,0.78,0.7959,0.8104,0.8399,0.8289,0.8033,0.745,0.628,0.4217,0.0842,-0.3851,-0.5727,-0.1597,0.2114,0.3838,0.4463,0.4569,0.4497,0.4507,0.4612,0.4437,0.3866,0.3919,0.4707,0.5409,0.5835,0.6061,0.6178,0.6263,0.6367,0.6515,0.6706,0.6926,0.7157,0.7385,0.7601,0.7798,0.7976,0.8135,0.8937,0.9067,0.9159,0.8976,0.8142,0.6552,0.4495,0.2528,0.1949,0.2998,0.4089,0.4606,0.4613,0.4276,0.377,0.3669,0.4271,0.4795,0.4927,0.5075,0.5438,0.5781,0.5967,0.6008,0.5978,0.5965,0.6034,0.6206,0.6455,0.6744,0.704,0.7322,0.7579,0.7807,0.8006,0.8179,0.9448,0.9847,1.0415,1.0865,1.0321,0.8755,0.73,0.6243,0.558,0.5376,0.5362,0.5121,0.4583,0.3819,0.2514,0.1902,0.3691,0.5036,0.5649,0.5912,0.6061,0.6117,0.6036,0.5824,0.5569,0.5416,0.5469,0.5723,0.6099,0.6512,0.6907,0.7263,0.757,0.7832,0.8053,0.8239,0.9826,1.0405,1.1366,1.2534,1.2212,1.0265,0.9143,0.8243,0.6192,0.5299,0.59,0.5323,0.4251,0.3268,0.2385,0.1819,0.3997,0.5638,0.6375,0.6567,0.6528,0.634,0.5964,0.539,0.4761,0.4394,0.4503,0.4991,0.5624,0.6241,0.6778,0.7225,0.7589,0.7885,0.8125,0.8321,1.001,1.0559,1.1419,1.2395,1.2112,1.0803,1.0668,1.088,0.8559,0.6599,0.6496,0.5358,0.3557,0.1535,0.2189,0.3673,0.5307,0.6899,0.7413,0.7198,0.6881,0.6443,0.5726,0.4592,0.3244,0.25,0.2903,0.3963,0.5067,0.5982,0.6693,0.7237,0.7654,0.7977,0.8229,0.8429,1.0039,1.0423,1.0899,1.126,1.1121,1.0926,1.1601,1.2844,1.1593,0.8958,0.72,0.5288,0.3612,0.0791,0.1687,0.443,0.632,0.8364,0.8481,0.7647,0.7051,0.6403,0.5385,0.3489,0.0745,-0.071,0.0613,0.2816,0.4593,0.584,0.6711,0.7333,0.7785,0.8119,0.8371,0.8565,1.0011,1.0249,1.0488,1.0647,1.0703,1.0885,1.1454,1.2165,1.1556,0.9807,0.814,0.504,0.3742,0.1901,0.4371,0.5613,0.6473,0.7826,0.8173,0.7619,0.6805,0.6077,0.5123,0.2801,-0.1492,-0.3853,-0.1136,0.2246,0.4512,0.5946,0.6892,0.754,0.7993,0.8316,0.8551,0.8727,0.9993,1.015,1.03,1.0425,1.0547,1.0738,1.1019,1.1202,1.1,1.0765,1.0654,0.9616,0.8086,0.9691,0.7106,0.6185,0.4673,0.717,0.8105,0.7215,0.537,0.4854,0.4961,0.351,0.0069,-0.1973,0.0158,0.3023,0.5033,0.6358,0.7254,0.7864,0.8278,0.8561,0.8761,0.891,1.0005,1.0125,1.0246,1.0365,1.0497,1.0658,1.0842,1.1025,1.1322,1.223,1.4155,1.4969,1.3164,1.0889,0.9776,0.7889,0.6259,0.8673,0.952,0.6659,0.0887,0.1833,0.4773,0.4968,0.3539,0.2549,0.3199,0.4594,0.5918,0.6975,0.7749,0.8276,0.8614,0.8831,0.8983,0.91,1.0044,1.0151,1.0264,1.0385,1.0523,1.0689,1.0896,1.1191,1.1721,1.2763,1.4195,1.4529,1.6907,1.8039,1.354,1.1856,1.1507,1.309,1.3849,0.9233,0.057,0.1941,0.5715,0.6424,0.5681,0.4912,0.4897,0.5641,0.6681,0.762,0.8299,0.8713,0.8939,0.9075,0.9183,0.9278,1.0102,1.0206,1.032,1.0449,1.0599,1.0785,1.1027,1.1372,1.1892,1.2635,1.3481,1.4643,1.79,1.8834,1.6712,1.6468,1.5736,1.8097,2.0967,1.6018,1.015,0.8165,0.8399,0.7881,0.6325,0.4463,0.4044,0.5477,0.7123,0.8239,0.884,0.907,0.9136,0.9211,0.932,0.9428,1.0172,1.0278,1.0397,1.0534,1.0697,1.0899,1.1159,1.1506,1.197,1.2567,1.3312,1.436,1.5818,1.7219,2.0896,2.2576,1.8557,1.9417,2.1423,2.1411,1.7031,1.3259,1.1227,0.9273,0.6037,0.1138,0.0097,0.4605,0.7693,0.8997,0.935,0.9204,0.9063,0.9185,0.9394,0.956,1.0247,1.0356,1.048,1.0625,1.0797,1.1008,1.1271,1.1604,1.2025,1.255,1.3209,1.4065,1.5208,1.7012,2.0334,2.1422,1.9099,2.0195,2.6024,2.8742,2.1006,1.627,1.367,1.1106,0.7253,0.1038,-0.0319,0.6612,0.9458,1.0187,0.9965,0.9277,0.8941,0.9183,0.9509,0.9723,1.0322,1.0435,1.0563,1.0713,1.089,1.1102,1.1361,1.1677,1.2063,1.2535,1.3116,1.3847,1.4802,1.6103,1.7594,1.8242,1.8272,1.9745,2.3208,2.4215,2.0575,1.8054,1.6453,1.3925,1.1086,1.0162,1.3786,1.3564,1.2421,1.1922,1.1072,1.0015,0.9482,0.9576,0.9811,0.9973,1.0394,1.0509,1.0641,1.0793,1.097,1.118,1.1429,1.1727,1.2082,1.2505,1.3014,1.3628,1.4373,1.5237,1.6081,1.6694,1.7268,1.8308,1.9638,2.005,1.9704,2.0667,2.0778,1.7366,1.4374,1.4951,1.8532,1.6668,1.4767,1.3978,1.2673,1.1365,1.0575,1.0316,1.029,1.0306,1.0461,1.0578,1.071,1.0862,1.1037,1.1241,1.1479,1.1756,1.208,1.2459,1.2899,1.341,1.3989,1.4613,1.5223,1.5783,1.6365,1.7075,1.7821,1.8484,1.976,2.2795,2.377,1.9509,1.5974,1.5312,1.6069,1.5986,1.6552,1.5899,1.411,1.2571,1.1583,1.1057,1.0801,1.0664,1.0521,1.0638,1.077,1.0919,1.109,1.1286,1.151,1.1767,1.2062,1.2398,1.2779,1.3205,1.367,1.4159,1.4649,1.5133,1.5638,1.6191,1.6804,1.7588,1.8941,2.0898,2.1242,1.8746,1.6253,1.5236,1.5248,1.581,1.6755,1.6204,1.4616,1.3206,1.2223,1.1603,1.1223,1.0984]}]