docs/data/wind_grid.json
{"header": {"la1":42.2,"la2":41.6,"lo1":11.9,"lo2":12.95,"nx":50,"ny":50,"dx":0.02143,"dy":0.01224,"parameterCategory":2,"parameterNumber":3,"parameterNumberName":"northward_wind","parameterUnit":"m.s-1"}, "data":
[rows 0 to 41 of 50, columns 0 to 49 of 50]
-0.2531,-0.2809,-0.3147,-0.3556,-0.4049,-0.4636,-0.5323,-0.6106,-0.6961,-0.7837,-0.8648,-0.9279,-0.9604,-0.9526,-0.9014,-0.8122,-0.6965,-0.5677,-0.4375,-0.3139,-0.2013,-0.1016,-0.0149,0.0591,0.121,0.1712,0.2099,0.2374,0.254,0.2605,0.258,0.248,0.2321,0.2118,0.1887,0.164,0.1387,0.1137,0.0898,0.0676,0.0475,0.0299,0.015,0.0029,-0.0067,-0.0138,-0.0189,-0.0222,-0.0241,-0.0249
-0.2469,-0.2748,-0.3092,-0.3514,-0.4031,-0.4658,-0.5408,-0.6282,-0.7259,-0.8287,-0.9266,-1.0054,-1.0488,-1.0437,-0.9862,-0.8832,-0.7499,-0.6033,-0.4573,-0.3209,-0.1984,-0.0911,0.0014,0.08,0.1456,0.1985,0.2391,0.2673,0.2835,0.2884,0.2834,0.2703,0.2508,0.2268,0.2,0.1718,0.1434,0.1155,0.0891,0.0647,0.0429,0.0241,0.0084,-0.0043,-0.0139,-0.0209,-0.0255,-0.0283,-0.0296,-0.0298
-0.2392,-0.2668,-0.3012,-0.3442,-0.3978,-0.4642,-0.5452,-0.6418,-0.7526,-0.8723,-0.9896,-1.087,-1.1437,-1.1422,-1.077,-0.9578,-0.8042,-0.6377,-0.4748,-0.3251,-0.1927,-0.0779,0.0204,0.1036,0.1729,0.2289,0.2714,0.3005,0.3161,0.3192,0.3112,0.2943,0.2706,0.2425,0.2116,0.1796,0.1476,0.1166,0.0875,0.0608,0.0372,0.017,0.0004,-0.0126,-0.0222,-0.0288,-0.033,-0.0351,-0.0356,-0.0351
-0.2298,-0.2567,-0.2907,-0.3338,-0.3886,-0.4578,-0.5442,-0.6498,-0.7742,-0.9123,-1.0515,-1.1707,-1.2431,-1.2458,-1.1717,-1.0335,-0.8572,-0.6692,-0.4886,-0.3257,-0.1835,-0.0616,0.0422,0.1299,0.2032,0.2624,0.3073,0.3373,0.3523,0.3532,0.3416,0.3202,0.2918,0.2588,0.2233,0.1871,0.1513,0.1169,0.0848,0.0557,0.0301,0.0085,-0.0089,-0.0222,-0.0316,-0.0378,-0.0412,-0.0425,-0.0422,-0.0407
-0.2187,-0.2444,-0.2773,-0.3198,-0.3749,-0.4459,-0.5367,-0.6506,-0.7884,-0.9457,-1.1089,-1.2527,-1.3432,-1.3507,-1.2661,-1.1066,-0.9055,-0.6951,-0.4971,-0.3215,-0.1705,-0.0421,0.0668,0.159,0.2364,0.2993,0.347,0.3783,0.3926,0.3907,0.3749,0.3482,0.3141,0.2756,0.235,0.1942,0.1542,0.1162,0.0809,0.0491,0.0215,-0.0016,-0.0197,-0.0332,-0.0423,-0.0478,-0.0503,-0.0505,-0.0492,-0.0467
-0.206,-0.2299,-0.261,-0.302,-0.3561,-0.4276,-0.5214,-0.6421,-0.7923,-0.9688,-1.1571,-1.3275,-1.4378,-1.4504,-1.3539,-1.1714,-0.9449,-0.7127,-0.4985,-0.3117,-0.1531,-0.0192,0.0942,0.1907,0.2725,0.3398,0.3909,0.4239,0.4375,0.4323,0.4112,0.3782,0.3376,0.2929,0.2467,0.2007,0.1563,0.1143,0.0756,0.0409,0.0111,-0.0134,-0.0323,-0.0458,-0.0544,-0.0589,-0.0603,-0.0592,-0.0566,-0.0531
-0.1916,-0.2132,-0.2417,-0.2801,-0.332,-0.4023,-0.4969,-0.6223,-0.7829,-0.9771,-1.19,-1.3873,-1.5179,-1.5351,-1.426,-1.2208,-0.9705,-0.7189,-0.4911,-0.2955,-0.1311,0.007,0.1241,0.2248,0.3115,0.3839,0.4395,0.4749,0.4877,0.4785,0.451,0.4104,0.3622,0.3104,0.258,0.2066,0.1574,0.1112,0.0688,0.0311,-0.0012,-0.0272,-0.0468,-0.0601,-0.068,-0.0713,-0.0711,-0.0686,-0.0646,-0.0597
-0.1757,-0.1943,-0.2195,-0.2541,-0.3022,-0.3692,-0.4622,-0.5891,-0.7568,-0.9655,-1.2003,-1.4224,-1.5714,-1.5922,-1.4714,-1.2464,-0.9768,-0.7108,-0.4736,-0.2723,-0.1045,0.0362,0.1563,0.2609,0.3529,0.4316,0.4931,0.5319,0.544,0.5298,0.4943,0.4447,0.3876,0.328,0.2688,0.2116,0.1573,0.1067,0.0603,0.0192,-0.0155,-0.0432,-0.0633,-0.0763,-0.0831,-0.0848,-0.0829,-0.0786,-0.0729,-0.0666
-0.1583,-0.1734,-0.1943,-0.224,-0.2666,-0.328,-0.4162,-0.5409,-0.711,-0.929,-1.1803,-1.4218,-1.5851,-1.6081,-1.4784,-1.2404,-0.9595,-0.6862,-0.4451,-0.2421,-0.0735,0.068,0.19,0.2983,0.3963,0.4828,0.5522,0.5957,0.6072,0.5868,0.5414,0.4808,0.4135,0.3451,0.2787,0.2154,0.1559,0.1006,0.05,0.0053,-0.0322,-0.0615,-0.0822,-0.0945,-0.0998,-0.0995,-0.0955,-0.0892,-0.0816,-0.0736
-0.1398,-0.1507,-0.1666,-0.1901,-0.2255,-0.2788,-0.3587,-0.4764,-0.6431,-0.8636,-1.1234,-1.376,-1.547,-1.5711,-1.4384,-1.1976,-0.9163,-0.6445,-0.4058,-0.2053,-0.0387,0.1018,0.2245,0.3361,0.4408,0.5371,0.6169,0.6674,0.6784,0.6499,0.592,0.5182,0.4392,0.3614,0.2874,0.218,0.1531,0.0929,0.0379,-0.0107,-0.0513,-0.0824,-0.1034,-0.1148,-0.1181,-0.1155,-0.1089,-0.1002,-0.0905,-0.0808
-0.1202,-0.1265,-0.1366,-0.1529,-0.1792,-0.2218,-0.2897,-0.3954,-0.5522,-0.7669,-1.0256,-1.2795,-1.4512,-1.4766,-1.3491,-1.118,-0.8481,-0.5869,-0.3568,-0.1628,-0.0009,0.1368,0.2588,0.3732,0.4851,0.5935,0.6874,0.7476,0.7583,0.7192,0.6455,0.556,0.464,0.3761,0.2945,0.2189,0.1488,0.0836,0.0239,-0.029,-0.0729,-0.1059,-0.1271,-0.1371,-0.138,-0.1325,-0.1229,-0.1115,-0.0995,-0.0879
-0.1,-0.1013,-0.105,-0.1129,-0.1286,-0.158,-0.2103,-0.2988,-0.4388,-0.6395,-0.8879,-1.134,-1.3012,-1.3299,-1.2166,-1.0069,-0.7591,-0.5163,-0.3001,-0.116,0.039,0.172,0.292,0.4081,0.5276,0.6504,0.7628,0.8368,0.8473,0.7942,0.7006,0.5927,0.4866,0.3886,0.2995,0.2182,0.1429,0.0728,0.0081,-0.0494,-0.0971,-0.1321,-0.1533,-0.1616,-0.1594,-0.1504,-0.1374,-0.123,-0.1085,-0.0948
-0.0794,-0.0755,-0.0722,-0.071,-0.0748,-0.0888,-0.1222,-0.1888,-0.3059,-0.4856,-0.7165,-0.9491,-1.11,-1.1458,-1.0542,-0.8744,-0.6561,-0.4372,-0.2384,-0.0665,0.0799,0.2068,0.323,0.4393,0.5658,0.7051,0.8411,0.9339,0.9443,0.8727,0.7548,0.6262,0.5055,0.3977,0.302,0.2154,0.1355,0.0606,-0.0091,-0.0718,-0.1236,-0.1609,-0.182,-0.1878,-0.182,-0.1689,-0.1521,-0.1343,-0.1172,-0.1014
-0.059,-0.0497,-0.0392,-0.0284,-0.0193,-0.0164,-0.0282,-0.0691,-0.1587,-0.3127,-0.5226,-0.7406,-0.8971,-0.9439,-0.8787,-0.7327,-0.5469,-0.3543,-0.1746,-0.016,0.1209,0.2405,0.3513,0.4654,0.5969,0.7533,0.9179,1.0353,1.0455,0.9501,0.8036,0.6534,0.5189,0.4027,0.3014,0.2107,0.1268,0.0475,-0.0274,-0.0955,-0.1521,-0.1919,-0.2126,-0.2155,-0.2054,-0.1875,-0.1665,-0.1453,-0.1254,-0.1075
-0.0391,-0.0244,-0.0068,0.0138,0.0362,0.0569,0.0682,0.0552,-0.0043,-0.1309,-0.3203,-0.5265,-0.6825,-0.7434,-0.7054,-0.5929,-0.4389,-0.2722,-0.1114,0.034,0.1613,0.273,0.3764,0.4852,0.6178,0.7889,0.9846,1.132,1.1416,1.0177,0.841,0.6707,0.5249,0.4026,0.2976,0.204,0.1171,0.0339,-0.0461,-0.12,-0.1817,-0.2244,-0.2445,-0.244,-0.2288,-0.2058,-0.1803,-0.1555,-0.1329,-0.113
-0.02,-0.0003,0.0243,0.0543,0.0897,0.1281,0.1625,0.1778,0.1485,0.0482,-0.124,-0.3232,-0.4826,-0.5587,-0.5459,-0.4633,-0.338,-0.1947,-0.0511,0.0824,0.201,0.3046,0.399,0.4984,0.6257,0.8045,1.0276,1.2062,1.215,1.0624,0.8593,0.6743,0.5219,0.3966,0.2902,0.1953,0.1067,0.0205,-0.0642,-0.144,-0.2114,-0.2572,-0.2766,-0.272,-0.2513,-0.2229,-0.1929,-0.1645,-0.1393,-0.1175
-0.0024,0.0221,0.053,0.0918,0.1392,0.194,0.2502,0.292,0.2905,0.2129,0.0534,-0.143,-0.308,-0.3982,-0.4066,-0.3489,-0.2477,-0.1244,0.0045,0.1283,0.2399,0.3363,0.4205,0.5062,0.6199,0.7935,1.0295,1.2312,1.2403,1.068,0.8509,0.6613,0.5087,0.3846,0.2792,0.1851,0.0961,0.008,-0.0805,-0.166,-0.2393,-0.2885,-0.3071,-0.2982,-0.2718,-0.238,-0.2036,-0.172,-0.1444,-0.121
0.0136,0.0421,0.0786,0.125,0.1827,0.2517,0.3265,0.3909,0.4126,0.353,0.2023,0.0067,-0.1636,-0.2651,-0.2902,-0.2521,-0.1702,-0.0631,0.0544,0.1711,0.2783,0.3697,0.4437,0.5116,0.6023,0.7537,0.9771,1.1807,1.1926,1.0221,0.8119,0.6309,0.4855,0.3667,0.2651,0.1734,0.0857,-0.0026,-0.0937,-0.1841,-0.263,-0.3157,-0.3335,-0.3205,-0.2887,-0.25,-0.2117,-0.1774,-0.1479,-0.1233
0.0276,0.0594,0.1004,0.1528,0.2187,0.2985,0.3875,0.4687,0.5073,0.4606,0.3166,0.1226,-0.0505,-0.1594,-0.1964,-0.173,-0.1059,-0.0114,0.0975,0.2103,0.3168,0.4067,0.4723,0.5197,0.5787,0.6911,0.873,1.0494,1.067,0.925,0.7443,0.5849,0.4535,0.3437,0.2481,0.1608,0.0761,-0.0108,-0.1026,-0.1964,-0.28,-0.3359,-0.3533,-0.3367,-0.3005,-0.2578,-0.2167,-0.1804,-0.1497,-0.1241
0.0393,0.0737,0.1179,0.1744,0.2458,0.3327,0.4303,0.5213,0.5697,0.5313,0.3939,0.2045,0.0329,-0.0791,-0.1237,-0.1107,-0.0549,0.0302,0.1333,0.2452,0.3553,0.4493,0.5107,0.5367,0.5571,0.6186,0.7391,0.8663,0.8893,0.7932,0.6572,0.5278,0.415,0.3168,0.229,0.1475,0.0675,-0.0159,-0.1063,-0.2011,-0.2876,-0.346,-0.3634,-0.3446,-0.3057,-0.2608,-0.2181,-0.1808,-0.1494,-0.1235
0.0485,0.0845,0.1307,0.1895,0.2635,0.3532,0.4537,0.5474,0.5987,0.565,0.4354,0.255,0.0896,-0.0212,-0.0696,-0.0638,-0.0163,0.0615,0.161,0.2746,0.3927,0.4981,0.5631,0.5688,0.5448,0.55,0.6048,0.6776,0.7022,0.6525,0.5629,0.4656,0.3728,0.2874,0.2085,0.1339,0.0601,-0.018,-0.1042,-0.1971,-0.284,-0.3436,-0.3616,-0.3427,-0.3033,-0.2582,-0.2155,-0.1782,-0.147,-0.1213
0.0553,0.092,0.1388,0.198,0.2718,0.3604,0.4583,0.5482,0.5966,0.565,0.445,0.2781,0.1233,0.0173,-0.0318,-0.0307,0.0104,0.0826,0.1796,0.2966,0.4263,0.5509,0.6303,0.6196,0.5451,0.4922,0.4898,0.5179,0.5404,0.5245,0.4728,0.4036,0.3297,0.2569,0.1871,0.1202,0.0536,-0.0172,-0.0968,-0.1845,-0.2687,-0.328,-0.3472,-0.3303,-0.2931,-0.25,-0.2089,-0.1729,-0.1426,-0.1176
0.0596,0.0962,0.1423,0.2001,0.2713,0.3553,0.4462,0.5274,0.5688,0.5379,0.4291,0.2788,0.1381,0.0397,-0.008,-0.0099,0.0261,0.0934,0.1881,0.3084,0.4509,0.5999,0.7047,0.6838,0.5533,0.4442,0.4006,0.4008,0.4191,0.4209,0.3937,0.3458,0.2878,0.2264,0.1655,0.1065,0.0479,-0.0143,-0.085,-0.1648,-0.2432,-0.3003,-0.3211,-0.3083,-0.2757,-0.2365,-0.1985,-0.1649,-0.1362,-0.1124
0.0615,0.0971,0.1416,0.1966,0.263,0.3398,0.4207,0.4901,0.5224,0.4916,0.3948,0.2626,0.1378,0.0487,0.0037,-0.0001,0.0315,0.0938,0.1854,0.3071,0.4593,0.6307,0.764,0.7393,0.5553,0.4002,0.3378,0.3282,0.3387,0.3429,0.3276,0.294,0.2484,0.1969,0.1441,0.0928,0.0427,-0.0101,-0.0705,-0.1402,-0.2105,-0.2639,-0.2864,-0.2787,-0.2524,-0.2188,-0.185,-0.1545,-0.1281,-0.1058
0.0612,0.0953,0.1372,0.1881,0.2484,0.3164,0.3855,0.442,0.4645,0.4337,0.3488,0.2347,0.1261,0.0468,0.0052,-0.0001,0.027,0.084,0.1707,0.2899,0.4447,0.626,0.7739,0.7461,0.5312,0.3569,0.3029,0.2968,0.2908,0.2853,0.2731,0.2483,0.2121,0.1688,0.1233,0.0793,0.0375,-0.0055,-0.055,-0.1135,-0.1744,-0.223,-0.2467,-0.2446,-0.2251,-0.1978,-0.169,-0.1421,-0.1184,-0.0981
0.059,0.0909,0.1295,0.1757,0.229,0.2873,0.3443,0.3879,0.4014,0.3708,0.2969,0.1996,0.1061,0.0362,-0.0022,-0.009,0.0134,0.064,0.1436,0.2557,0.4032,0.5756,0.7116,0.6772,0.4708,0.3137,0.2916,0.2935,0.2596,0.239,0.2266,0.2079,0.1791,0.1426,0.1033,0.0659,0.032,-0.0014,-0.0401,-0.0874,-0.1387,-0.1819,-0.2059,-0.2087,-0.196,-0.175,-0.1514,-0.1284,-0.1076,-0.0894
0.055,0.0844,0.1193,0.1602,0.2063,0.2548,0.3001,0.332,0.3377,0.3075,0.2433,0.1605,0.0803,0.0187,-0.0171,-0.0259,-0.0087,0.0343,0.1046,0.2051,0.3364,0.4842,0.5895,0.5507,0.3836,0.2634,0.273,0.2798,0.2219,0.1944,0.1846,0.1717,0.1492,0.1185,0.0845,0.0528,0.0261,0.0016,-0.027,-0.064,-0.1061,-0.1437,-0.1672,-0.1738,-0.1667,-0.1515,-0.1328,-0.1137,-0.0958,-0.0799
0.0495,0.0761,0.1072,0.1427,0.1815,0.2208,0.2555,0.2773,0.2765,0.2469,0.1907,0.1199,0.0507,-0.0043,-0.0384,-0.05,-0.0388,-0.0044,0.0549,0.1405,0.2504,0.3677,0.4417,0.407,0.2848,0.1901,0.1906,0.1963,0.1567,0.1451,0.1447,0.1387,0.1222,0.0966,0.0672,0.0404,0.0199,0.0032,-0.0166,-0.0445,-0.0784,-0.1104,-0.1324,-0.1413,-0.1387,-0.1283,-0.114,-0.0985,-0.0835,-0.0698
0.043,0.0667,0.0938,0.1239,0.1558,0.1867,0.2121,0.2254,0.2196,0.1906,0.1408,0.0794,0.0187,-0.0314,-0.0652,-0.0804,-0.0761,-0.051,-0.004,0.0654,0.1528,0.2421,0.2952,0.2722,0.1854,0.0921,0.0299,0.0306,0.0657,0.0921,0.1069,0.1089,0.098,0.0772,0.0519,0.0292,0.0138,0.0035,-0.009,-0.0293,-0.056,-0.0826,-0.1025,-0.1124,-0.1127,-0.1061,-0.0954,-0.0832,-0.0708,-0.0592
0.0355,0.0563,0.0795,0.1046,0.1301,0.1536,0.1711,0.1775,0.1677,0.1393,0.0944,0.04,-0.0146,-0.0616,-0.0964,-0.1163,-0.1197,-0.1046,-0.0699,-0.0166,0.0502,0.1176,0.1609,0.1541,0.0948,-0.0044,-0.1273,-0.1277,-0.0219,0.0425,0.0725,0.0821,0.0767,0.0604,0.0389,0.0197,0.0083,0.0029,-0.0041,-0.0183,-0.0388,-0.0604,-0.0775,-0.0871,-0.0892,-0.0852,-0.0775,-0.0679,-0.058,-0.0484
0.0274,0.0453,0.0648,0.0852,0.105,0.1221,0.133,0.1339,0.121,0.093,0.0516,0.0023,-0.0482,-0.094,-0.131,-0.1568,-0.1687,-0.164,-0.141,-0.1019,-0.0528,-0.0018,0.0391,0.0516,0.0197,-0.0691,-0.1969,-0.1962,-0.0773,0.0036,0.0432,0.0588,0.0583,0.0464,0.0286,0.0125,0.0039,0.0017,-0.0014,-0.0107,-0.0259,-0.0428,-0.0568,-0.0654,-0.068,-0.0658,-0.0603,-0.0529,-0.0451,-0.0374
0.0188,0.034,0.05,0.0662,0.0811,0.0926,0.0982,0.0946,0.0793,0.0515,0.0127,-0.0333,-0.0815,-0.1275,-0.1681,-0.2007,-0.2221,-0.228,-0.2153,-0.1874,-0.1527,-0.1153,-0.0738,-0.04,-0.0406,-0.0984,-0.1898,-0.1893,-0.0972,-0.022,0.0197,0.0388,0.0424,0.0349,0.0211,0.0079,0.0013,0.0007,0.0,-0.0058,-0.0164,-0.0289,-0.0396,-0.0466,-0.0491,-0.0478,-0.0438,-0.0383,-0.0322,-0.0262
0.0101,0.0227,0.0355,0.0479,0.0584,0.0654,0.0665,0.0595,0.0423,0.0146,-0.0227,-0.0666,-0.1138,-0.1612,-0.2064,-0.247,-0.2789,-0.2956,-0.2914,-0.2703,-0.2465,-0.2225,-0.1813,-0.126,-0.0929,-0.1107,-0.1585,-0.1568,-0.0964,-0.037,0.0013,0.0217,0.0287,0.0254,0.0159,0.0058,0.0005,0.0004,0.0008,-0.0024,-0.0092,-0.0176,-0.0251,-0.03,-0.0318,-0.0309,-0.028,-0.0239,-0.0194,-0.015
0.0013,0.0115,0.0215,0.0305,0.0373,0.0405,0.038,0.0282,0.0096,-0.0182,-0.0545,-0.0973,-0.1445,-0.1941,-0.2446,-0.294,-0.3376,-0.366,-0.3682,-0.3479,-0.3304,-0.3215,-0.2842,-0.2093,-0.1438,-0.1239,-0.1355,-0.1291,-0.0903,-0.0465,-0.0135,0.007,0.0167,0.0175,0.0122,0.0052,0.001,0.0008,0.0016,0.0004,-0.0033,-0.0081,-0.0124,-0.0151,-0.0158,-0.0149,-0.0126,-0.0097,-0.0067,-0.0037
-0.0074,0.0006,0.008,0.0141,0.0178,0.0178,0.0125,0.0005,-0.0193,-0.0472,-0.0829,-0.1253,-0.173,-0.2252,-0.2812,-0.3399,-0.3963,-0.4379,-0.4456,-0.4189,-0.4003,-0.408,-0.3789,-0.2873,-0.1944,-0.1448,-0.1297,-0.1158,-0.0877,-0.0546,-0.0263,-0.0061,0.0059,0.0104,0.0091,0.0052,0.0023,0.0019,0.0028,0.0032,0.0023,0.0007,-0.0006,-0.001,-0.0006,0.0007,0.0024,0.0043,0.0061,0.0077
-0.016,-0.0099,-0.0047,-0.0011,-0.0001,-0.0027,-0.0102,-0.0239,-0.0446,-0.0728,-0.1081,-0.1502,-0.1987,-0.2533,-0.3147,-0.3823,-0.452,-0.5091,-0.5238,-0.4832,-0.4524,-0.4745,-0.4555,-0.3523,-0.2406,-0.1712,-0.138,-0.1163,-0.0915,-0.064,-0.0387,-0.0184,-0.0043,0.0036,0.006,0.0051,0.0036,0.0035,0.0048,0.0065,0.0081,0.0095,0.0111,0.0127,0.0145,0.0161,0.0175,0.0184,0.019,0.0192
-0.0242,-0.0199,-0.0167,-0.0152,-0.0164,-0.0211,-0.0305,-0.0455,-0.0669,-0.095,-0.1301,-0.1721,-0.2211,-0.2777,-0.3433,-0.4185,-0.5005,-0.5742,-0.5997,-0.5421,-0.4857,-0.5124,-0.5011,-0.3949,-0.2764,-0.198,-0.1546,-0.1268,-0.1015,-0.0758,-0.0513,-0.0303,-0.0141,-0.0033,0.0024,0.0044,0.0047,0.0055,0.0076,0.0108,0.0147,0.0189,0.0231,0.0269,0.0299,0.0319,0.0328,0.0327,0.032,0.0308
-0.0321,-0.0294,-0.0279,-0.0282,-0.0312,-0.0376,-0.0484,-0.0643,-0.0862,-0.1143,-0.149,-0.1907,-0.2398,-0.2976,-0.3657,-0.4458,-0.5366,-0.6241,-0.6625,-0.5927,-0.5041,-0.5185,-0.509,-0.4106,-0.2983,-0.221,-0.1749,-0.1435,-0.1163,-0.0898,-0.0646,-0.0422,-0.0239,-0.0103,-0.0017,0.003,0.0055,0.0078,0.0112,0.0161,0.0224,0.0294,0.0362,0.0419,0.046,0.0482,0.0485,0.0474,0.0452,0.0425
-0.0396,-0.0383,-0.0382,-0.0401,-0.0445,-0.0523,-0.0641,-0.0808,-0.1028,-0.1308,-0.165,-0.206,-0.2547,-0.3124,-0.381,-0.4625,-0.556,-0.6487,-0.6938,-0.6219,-0.5132,-0.5025,-0.4874,-0.4039,-0.307,-0.2387,-0.1958,-0.1638,-0.1344,-0.1058,-0.0786,-0.0541,-0.0335,-0.0175,-0.0062,0.0012,0.006,0.0103,0.0157,0.0228,0.0317,0.0414,0.0507,0.0583,0.0633,0.0654,0.0649,0.0624,0.0587,0.0543
-0.0467,-0.0465,-0.0477,-0.0509,-0.0565,-0.0653,-0.078,-0.095,-0.1171,-0.1446,-0.1782,-0.2182,-0.2657,-0.322,-0.3889,-0.4679,-0.5574,-0.6441,-0.6844,-0.6188,-0.5131,-0.479,-0.4534,-0.3845,-0.3065,-0.2519,-0.2166,-0.1861,-0.1546,-0.1229,-0.0929,-0.066,-0.0431,-0.0247,-0.0109,-0.0009,0.0065,0.0133,0.0211,0.0309,0.0426,0.0553,0.0671,0.0764,0.0821,0.0837,0.082,0.0779,0.0724,0.0663
-0.0534,-0.0542,-0.0565,-0.0606,-0.0672,-0.0768,-0.09,-0.1073,-0.1292,-0.1561,-0.1887,-0.2274,-0.2731,-0.3269,-0.3901,-0.4632,-0.5433,-0.6162,-0.6449,-0.5904,-0.5019,-0.4551,-0.4196,-0.3615,-0.3016,-0.2627,-0.2372,-0.2092,-0.1755,-0.1403,-0.1071,-0.0776,-0.0524,-0.0317,-0.0155,-0.003,0.0072,0.0168,0.0275,0.0404,0.0554,0.0712,0.0857,0.0966,0.1025,0.1033,0.1,0.0939,0.0863,0.0783
-0.0596,-0.0613,-0.0644,-0.0694,-0.0768,-0.0869,-0.1004,-0.1177,-0.1392,-0.1654,-0.1967,-0.2337,-0.277,-0.3274,-0.3855,-0.4508,-0.5188,-0.5756,-0.5933,-0.5506,-0.4813,-0.4314,-0.3902,-0.3404,-0.2962,-0.2729,-0.2576,-0.2319,-0.1958,-0.157,-0.1206,-0.0885,-0.0611,-0.0383,-0.0198,-0.0048,0.0082,0.0208,0.0348,0.0513,0.07,0.0894,0.1066,0.1188,0.1246,0.124,0.1186,0.1101,0.1003,0.0902
