docs/data/wind_grid.json
[{"header":{"la1":42.85,"la2":41.18,"lo1":11.55,"lo2":14.05,"nx":36,"ny":24,"dx":0.07143,"dy":0.07261,"parameterCategory":2,"parameterNumber":2,"parameterNumberName":"eastward_wind","parameterUnit":"m.s-1"},"data":[0.4891,0.4818,0.473,0.4625,0.4503,0.4365,0.4213,0.4052,0.3878,0.3683,0.3454,0.3176,0.284,0.244,0.1982,0.148,0.0957,0.0447,-0.0014,-0.0393,-0.0663,-0.0801,-0.0794,-0.0652,-0.0413,-0.0121,0.0183,0.0476,0.0745,0.0986,0.1199,0.1387,0.1553,0.1701,0.1832,0.195,0.4963,0.4891,0.4801,0.4688,0.4551,0.4395,0.4225,0.4052,0.3879,0.3693,0.3471,0.3186,0.2817,0.2359,0.1813,0.1195,0.0535,-0.0118,-0.0704,-0.1178,-0.1514,-0.1677,-0.163,-0.1379,-0.0998,-0.057,-0.0155,0.0221,0.0549,0.0832,0.1076,0.1285,0.1466,0.1625,0.1764,0.1888,0.5043,0.4973,0.4881,0.4758,0.4599,0.4409,0.4201,0.4002,0.3833,0.3678,0.3489,0.3214,0.2821,0.2299,0.1647,0.0878,0.0026,-0.0831,-0.1585,-0.2167,-0.2586,-0.2809,-0.2707,-0.2267,-0.1655,-0.1034,-0.048,-0.0012,0.0377,0.07,0.0969,0.1197,0.139,0.1557,0.1703,0.1831,0.5129,0.5067,0.4976,0.4842,0.4652,0.4401,0.411,0.3843,0.3675,0.3598,0.3498,0.3268,0.2862,0.2273,0.1501,0.054,-0.0589,-0.1772,-0.2766,-0.3407,-0.3874,-0.4263,-0.4108,-0.3309,-0.2328,-0.1456,-0.0753,-0.0198,0.0243,0.0597,0.0885,0.1124,0.1325,0.1497,0.1646,0.1778,0.5222,0.5174,0.5094,0.4957,0.473,0.4383,0.3917,0.3453,0.3255,0.3374,0.349,0.3361,0.2954,0.2297,0.14,0.0222,-0.1297,-0.3074,-0.4552,-0.5031,-0.5181,-0.5941,-0.5749,-0.4303,-0.2852,-0.1742,-0.0923,-0.031,0.0159,0.0529,0.0825,0.1069,0.1272,0.1445,0.1595,0.1727,0.5318,0.5295,0.5245,0.5125,0.4874,0.4413,0.3646,0.2666,0.2293,0.2932,0.3501,0.3526,0.311,0.2375,0.1366,0.001,-0.1939,-0.4758,-0.7637,-0.7628,-0.6078,-0.6727,-0.6496,-0.4611,-0.2966,-0.1792,-0.0953,-0.0337,0.013,0.0495,0.0787,0.1027,0.1227,0.1398,0.1545,0.1676,0.5406,0.5422,0.5434,0.5369,0.5127,0.4617,0.3612,0.1892,0.1082,0.2632,0.3727,0.3832,0.3337,0.2472,0.1358,-0.0026,-0.2078,-0.5705,-1.0843,-1.0483,-0.6403,-0.5551,-0.5144,-0.389,-0.2607,-0.1598,-0.0849,-0.0288,0.0144,0.0486,0.0764,0.0994,0.1187,0.1351,0.1494,0.1622,0.5469,0.553,0.5655,0.5707,0.5463,0.5022,0.4279,0.2998,0.2415,0.3651,0.4447,0.4341,0.3635,0.2493,0.1133,-0.0129,-0.1567,-0.415,-0.7559,-0.7474,-0.55,-0.4744,-0.3933,-0.2987,-0.2052,-0.1276,-0.0673,-0.0203,0.0174,0.0485,0.0744,0.096,0.1143,0.13,0.1437,0.156,0.5481,0.5549,0.5808,0.6081,0.5665,0.5376,0.5247,0.5096,0.5229,0.562,0.5588,0.505,0.4038,0.234,0.0023,-0.1317,-0.1334,-0.2099,-0.3523,-0.4465,-0.567,-0.524,-0.3507,-0.2327,-0.1534,-0.0961,-0.0519,-0.0148,0.0179,0.0465,0.071,0.0916,0.1089,0.1236,0.1365,0.1484,0.5436,0.539,0.545,0.5522,0.5173,0.5441,0.5955,0.6583,0.7499,0.781,0.6901,0.5891,0.473,0.2436,-0.2884,-0.5752,-0.1966,-0.1057,-0.1728,-0.2922,-0.4526,-0.4231,-0.2671,-0.1651,-0.111,-0.0788,-0.0508,-0.0205,0.0109,0.04,0.0648,0.085,0.1013,0.1151,0.1272,0.1387,0.5391,0.5161,0.4657,0.3575,0.3813,0.5327,0.6387,0.7341,0.9357,1.0381,0.7955,0.6687,0.5924,0.4422,-0.1238,-0.5524,-0.1106,-0.0685,-0.1258,-0.157,-0.1939,-0.185,-0.1308,-0.0967,-0.0948,-0.0987,-0.0831,-0.0482,-0.008,0.0274,0.055,0.0755,0.0908,0.1033,0.1145,0.1257,0.5435,0.515,0.4571,0.3669,0.3995,0.5624,0.667,0.7169,0.8315,0.9183,0.7904,0.7239,0.7231,0.7729,0.5987,0.2908,0.1021,-0.2429,-0.3489,-0.1612,-0.0528,-0.0177,-0.018,-0.0629,-0.1471,-0.2039,-0.1784,-0.1073,-0.0394,0.01,0.0422,0.0626,0.0761,0.0866,0.0968,0.108,0.559,0.5403,0.5127,0.493,0.5319,0.6206,0.6831,0.691,0.718,0.7729,0.7678,0.7499,0.7751,0.8658,0.795,0.5797,0.224,-0.9102,-0.9709,-0.2173,0.0444,0.1054,0.0649,-0.0793,-0.3231,-0.468,-0.3583,-0.1893,-0.0729,-0.0066,0.0281,0.0454,0.0547,0.0622,0.0713,0.0834,0.5807,0.5743,0.5698,0.5778,0.6102,0.6577,0.6927,0.7015,0.7225,0.7733,0.7921,0.7489,0.748,0.9444,0.7918,0.789,0.5369,-0.223,-0.4267,0.0028,0.2082,0.2445,0.1588,-0.083,-0.5284,-0.7863,-0.5171,-0.2355,-0.0847,-0.0147,0.0133,0.021,0.0221,0.0251,0.034,0.0492,0.6028,0.605,0.6114,0.6264,0.6521,0.6834,0.7109,0.7342,0.7731,0.8383,0.8871,0.8648,0.8364,0.8093,0.7943,0.8136,0.3747,0.3676,0.2828,0.3581,0.4337,0.4186,0.2977,0.0439,-0.3567,-0.5874,-0.3963,-0.175,-0.0583,-0.0126,-0.0063,-0.0181,-0.0309,-0.0331,-0.0213,0.0016,0.6224,0.6295,0.6405,0.6572,0.6797,0.7062,0.7353,0.7712,0.8289,0.9347,1.1093,0.9974,0.9249,0.8488,0.7934,0.6549,0.4606,0.5687,0.6155,0.6164,0.6021,0.572,0.449,0.2448,0.0054,-0.1396,-0.1215,-0.0531,-0.0127,-0.0115,-0.042,-0.0867,-0.1209,-0.1263,-0.103,-0.0629,0.6388,0.6486,0.6617,0.6788,0.7001,0.7257,0.7565,0.7969,0.8571,0.9549,1.0856,1.0116,0.9603,0.9526,0.8868,0.8284,0.7954,0.8841,0.9692,0.8469,0.6501,0.6363,0.5608,0.3968,0.2204,0.0951,0.0419,0.0298,0.0167,-0.0262,-0.1084,-0.2089,-0.2759,-0.274,-0.2189,-0.1445,0.6521,0.6634,0.6774,0.6946,0.7154,0.7402,0.7703,0.808,0.8563,0.9138,0.9583,0.9612,0.9734,0.9938,1.0781,1.1285,1.0844,1.2436,1.4399,1.2165,0.9592,0.8055,0.6718,0.4894,0.2849,0.1146,0.0405,0.0354,0.0175,-0.0579,-0.2125,-0.4128,-0.531,-0.4907,-0.3648,-0.2342,0.6628,0.6748,0.6891,0.7061,0.7262,0.7498,0.7775,0.8101,0.8473,0.8858,0.9184,0.9458,0.9879,1.1008,1.4793,1.645,1.3144,1.3887,1.5646,1.7113,1.374,1.0457,0.8059,0.5571,0.2604,-0.0339,-0.1033,-0.0109,0.0068,-0.0848,-0.3238,-0.6766,-0.8615,-0.7307,-0.4994,-0.3052,0.6712,0.6835,0.6978,0.7144,0.7335,0.7555,0.7806,0.8088,0.8397,0.8718,0.9048,0.9443,1.0095,1.1525,1.4448,1.548,1.3772,1.5324,2.2194,2.5553,1.7194,1.2506,0.9656,0.6609,0.2885,-0.0692,-0.1416,-0.0247,0.011,-0.0713,-0.3406,-0.7803,-1.0028,-0.8171,-0.5381,-0.3212,0.6777,0.6899,0.7039,0.7199,0.7379,0.7583,0.7811,0.8063,0.8337,0.8634,0.897,0.9399,1.0034,1.1037,1.229,1.2942,1.3257,1.5087,1.9086,2.0381,1.6654,1.4206,1.2317,0.8777,0.4342,0.0824,-0.0848,-0.0415,0.0375,0.0003,-0.2015,-0.5353,-0.7292,-0.6358,-0.4401,-0.2675,0.6824,0.6945,0.708,0.7232,0.7402,0.7591,0.78,0.803,0.8281,0.856,0.8883,0.9282,0.9804,1.0468,1.1179,1.1784,1.2473,1.3698,1.5263,1.592,1.5973,1.7752,1.7941,1.2534,0.6241,0.1346,-0.1709,-0.0525,0.1178,0.1198,-0.0068,-0.2081,-0.3519,-0.355,-0.2706,-0.1684,0.6857,0.6974,0.7104,0.7249,0.7408,0.7584,0.7776,0.7987,0.8218,0.8476,0.8772,0.9122,0.954,1.0023,1.0538,1.1068,1.1689,1.249,1.3388,1.4326,1.6291,2.0928,2.2448,1.5385,0.8125,0.3319,0.1043,0.1523,0.2648,0.2403,0.1387,0.0092,-0.0933,-0.1297,-0.109,-0.0604,0.6877,0.699,0.7114,0.725,0.74,0.7562,0.774,0.7933,0.8145,0.838,0.8643,0.8943,0.9284,0.9662,1.007,1.051,1.1009,1.1598,1.2304,1.3305,1.5163,1.7982,1.8375,1.4016,0.881,0.5077,0.3116,0.2666,0.2868,0.2694,0.2062,0.1263,0.0578,0.0206,0.0165,0.0351]},{"header":{"la1":42.85,"la2":41.18,"lo1":11.55,"lo2":14.05,"nx":36,"ny":24,"dx":0.07143,"dy":0.07261,"parameterCategory":2,"parameterNumber":3,"parameterNumberName":"northward_wind","parameterUnit":"m.s-1"},"data":[-0.1444,-0.1469,-0.15,-0.1537,-0.1575,-0.1608,-0.1624,-0.161,-0.1558,-0.1471,-0.1359,-0.1243,-0.1142,-0.1072,-0.1044,-0.1067,-0.1146,-0.1284,-0.1482,-0.1727,-0.1987,-0.2213,-0.2359,-0.2416,-0.2407,-0.237,-0.2335,-0.2315,-0.2314,-0.2332,-0.2363,-0.2403,-0.245,-0.2499,-0.2548,-0.2597,-0.1449,-0.1482,-0.1528,-0.1587,-0.1656,-0.1725,-0.1775,-0.1781,-0.1723,-0.1599,-0.1431,-0.1254,-0.1099,-0.099,-0.0938,-0.0953,-0.1042,-0.1216,-0.1483,-0.1842,-0.2246,-0.2592,-0.2775,-0.2778,-0.2676,-0.2551,-0.2454,-0.2397,-0.2378,-0.2388,-0.2417,-0.246,-0.2509,-0.2562,-0.2614,-0.2666,-0.1448,-0.1489,-0.155,-0.1637,-0.1752,-0.1884,-0.2004,-0.2061,-0.2004,-0.1822,-0.1559,-0.1284,-0.105,-0.0884,-0.0799,-0.0801,-0.0896,-0.1102,-0.1454,-0.1989,-0.2671,-0.3271,-0.35,-0.3345,-0.3036,-0.2759,-0.2573,-0.2473,-0.2437,-0.2442,-0.2474,-0.2521,-0.2576,-0.2633,-0.269,-0.2744,-0.1437,-0.148,-0.1554,-0.1673,-0.185,-0.2086,-0.2345,-0.253,-0.2499,-0.2207,-0.1768,-0.1332,-0.0983,-0.0745,-0.0619,-0.0602,-0.0693,-0.091,-0.1324,-0.2095,-0.333,-0.4547,-0.4803,-0.4184,-0.3456,-0.2949,-0.2663,-0.2528,-0.2485,-0.2495,-0.2535,-0.259,-0.2652,-0.2715,-0.2776,-0.2834,-0.1412,-0.1446,-0.152,-0.1664,-0.1915,-0.2307,-0.2832,-0.333,-0.3403,-0.2866,-0.2075,-0.1381,-0.0877,-0.0554,-0.0386,-0.0351,-0.0429,-0.0612,-0.0972,-0.1889,-0.4068,-0.6805,-0.6881,-0.5123,-0.3759,-0.3027,-0.2683,-0.2547,-0.2519,-0.2547,-0.2601,-0.2669,-0.274,-0.281,-0.2877,-0.2937,-0.137,-0.1376,-0.142,-0.1563,-0.188,-0.2456,-0.3402,-0.4614,-0.5016,-0.3859,-0.2408,-0.1366,-0.0695,-0.0289,-0.0086,-0.0043,-0.012,-0.0251,-0.0377,-0.0963,-0.3673,-0.8217,-0.7976,-0.5217,-0.3602,-0.2887,-0.2608,-0.2531,-0.2546,-0.2605,-0.2681,-0.2764,-0.2846,-0.2923,-0.2994,-0.3057,-0.1321,-0.1264,-0.1216,-0.13,-0.1659,-0.2369,-0.3649,-0.5745,-0.673,-0.4585,-0.2472,-0.1183,-0.0392,0.0078,0.0304,0.0334,0.0223,0.0059,-0.0013,-0.0094,-0.1339,-0.4043,-0.4742,-0.363,-0.2854,-0.2538,-0.2467,-0.2504,-0.2587,-0.2684,-0.2785,-0.2882,-0.2974,-0.3059,-0.3133,-0.3198,-0.1292,-0.1141,-0.088,-0.0775,-0.1238,-0.2016,-0.3091,-0.4649,-0.5299,-0.3729,-0.2031,-0.08,0.005,0.0571,0.0811,0.0811,0.0637,0.0422,0.0308,0.0681,0.1885,0.1242,-0.0663,-0.1598,-0.1953,-0.2169,-0.2355,-0.2522,-0.2671,-0.2803,-0.2923,-0.3032,-0.3132,-0.3221,-0.3298,-0.3363,-0.1337,-0.1141,-0.0596,-0.006,-0.0928,-0.1734,-0.2313,-0.2962,-0.3251,-0.2739,-0.16,-0.0348,0.0619,0.1197,0.144,0.1403,0.1119,0.0859,0.1013,0.2446,0.6059,0.5176,0.1598,-0.0414,-0.1431,-0.2015,-0.239,-0.2647,-0.2833,-0.298,-0.3106,-0.3221,-0.3324,-0.3417,-0.3494,-0.3557,-0.1486,-0.1464,-0.1247,-0.1068,-0.1812,-0.1833,-0.1821,-0.2383,-0.3562,-0.3751,-0.1851,0.0084,0.1352,0.1964,0.2037,0.1965,0.1536,0.1097,0.1137,0.227,0.4596,0.4092,0.15,-0.036,-0.1508,-0.2229,-0.267,-0.2932,-0.3099,-0.3226,-0.3341,-0.3453,-0.3558,-0.3651,-0.3728,-0.3786,-0.1658,-0.1932,-0.2613,-0.4179,-0.3886,-0.2015,-0.1161,-0.179,-0.5583,-0.7627,-0.239,0.0733,0.2414,0.3161,0.2651,0.215,0.1713,0.1019,0.0717,0.1011,0.1576,0.1338,0.0184,-0.11,-0.2165,-0.2891,-0.3264,-0.3409,-0.3474,-0.3539,-0.3626,-0.3731,-0.3838,-0.3934,-0.4009,-0.4058,-0.1715,-0.2078,-0.2858,-0.4096,-0.3661,-0.1429,0.0197,0.0737,-0.222,-0.4464,-0.0922,0.1834,0.3758,0.5475,0.4593,0.2947,0.1743,0.0418,-0.0113,0.002,0.0051,-0.028,-0.1063,-0.2177,-0.3355,-0.4118,-0.424,-0.4069,-0.3927,-0.3895,-0.3951,-0.4057,-0.4174,-0.4277,-0.4349,-0.4385,-0.1626,-0.1859,-0.2211,-0.2454,-0.1875,-0.0405,0.1322,0.2875,0.1676,0.0016,0.1034,0.3095,0.4398,0.6329,0.5485,0.3527,0.1933,-0.1018,-0.1321,-0.0601,-0.0726,-0.1181,-0.1982,-0.3305,-0.5078,-0.608,-0.5567,-0.4792,-0.437,-0.425,-0.4304,-0.4438,-0.4585,-0.4703,-0.477,-0.4783,-0.1467,-0.1542,-0.1584,-0.1444,-0.0915,0.0018,0.1163,0.2137,0.1685,0.0817,0.1518,0.411,0.5083,0.4787,0.4164,0.4802,0.3045,0.0145,-0.0775,-0.0875,-0.1265,-0.177,-0.2558,-0.4053,-0.6556,-0.7953,-0.6576,-0.5241,-0.4669,-0.4561,-0.4687,-0.4902,-0.5112,-0.5253,-0.5304,-0.5273,-0.1319,-0.1295,-0.121,-0.0996,-0.0601,-0.0047,0.0533,0.0869,0.065,0.0242,0.0326,0.1369,0.2604,0.3099,0.3345,0.4906,0.0538,0.0419,-0.0619,-0.1346,-0.1819,-0.2181,-0.2789,-0.3977,-0.5881,-0.6993,-0.6079,-0.5103,-0.475,-0.4828,-0.5135,-0.5513,-0.5829,-0.5996,-0.6001,-0.5882,-0.1219,-0.1152,-0.1036,-0.0846,-0.0578,-0.0269,-0.0008,0.0067,-0.0162,-0.0795,-0.2105,-0.1032,-0.0152,0.099,0.131,0.1206,-0.0013,-0.0631,-0.166,-0.2177,-0.2132,-0.2293,-0.2845,-0.3571,-0.4421,-0.4928,-0.4789,-0.4576,-0.4682,-0.5105,-0.573,-0.639,-0.6872,-0.7041,-0.6921,-0.6632,-0.117,-0.1094,-0.0987,-0.0843,-0.0672,-0.0506,-0.0401,-0.0429,-0.0664,-0.1222,-0.2107,-0.1665,-0.2881,-0.3653,-0.1546,-0.1281,-0.1684,-0.2863,-0.3908,-0.3423,-0.2308,-0.2488,-0.3054,-0.3387,-0.3559,-0.3574,-0.3613,-0.393,-0.4559,-0.5457,-0.6583,-0.7728,-0.8465,-0.8536,-0.8116,-0.7516,-0.1165,-0.1096,-0.101,-0.091,-0.0808,-0.0727,-0.07,-0.0766,-0.0955,-0.1275,-0.1638,-0.2135,-0.3856,-0.4587,-0.481,-0.5446,-0.4647,-0.5768,-0.7447,-0.5627,-0.4172,-0.3651,-0.3587,-0.3422,-0.2934,-0.2195,-0.2104,-0.3078,-0.4405,-0.5904,-0.7756,-0.9741,-1.0857,-1.0561,-0.9526,-0.8442,-0.1191,-0.1136,-0.1074,-0.1011,-0.0957,-0.0928,-0.0946,-0.1031,-0.1199,-0.1456,-0.1823,-0.2428,-0.3463,-0.5228,-1.0539,-1.288,-0.7383,-0.673,-0.7692,-0.7859,-0.6237,-0.4935,-0.4259,-0.3608,-0.2349,-0.0098,0.0377,-0.2153,-0.4383,-0.6397,-0.9006,-1.2169,-1.3744,-1.2677,-1.0784,-0.9187,-0.1239,-0.1199,-0.116,-0.1126,-0.1107,-0.1114,-0.1161,-0.1263,-0.1435,-0.1696,-0.2086,-0.2703,-0.3751,-0.5838,-0.9988,-1.1345,-0.7859,-0.7291,-0.9994,-1.1397,-0.7781,-0.5882,-0.4982,-0.4124,-0.2649,0.0109,0.0731,-0.2769,-0.4944,-0.6845,-0.9525,-1.3148,-1.4915,-1.3447,-1.1222,-0.9464,-0.1301,-0.1276,-0.1256,-0.1246,-0.1252,-0.1285,-0.1354,-0.1472,-0.1653,-0.192,-0.231,-0.2893,-0.3792,-0.5174,-0.6822,-0.74,-0.6836,-0.706,-0.8607,-0.9135,-0.7501,-0.6476,-0.5935,-0.5109,-0.4135,-0.3746,-0.5116,-0.5461,-0.6136,-0.7336,-0.9062,-1.1486,-1.2878,-1.2135,-1.0589,-0.9189,-0.137,-0.136,-0.1356,-0.1364,-0.139,-0.1441,-0.1526,-0.1655,-0.1841,-0.2102,-0.2464,-0.2965,-0.3641,-0.4479,-0.5289,-0.575,-0.5931,-0.6294,-0.6891,-0.713,-0.7019,-0.7439,-0.7535,-0.6362,-0.5432,-0.571,-0.6827,-0.6765,-0.7718,-0.8304,-0.8698,-0.9611,-1.0353,-1.0213,-0.9464,-0.8582,-0.1444,-0.1445,-0.1455,-0.1477,-0.1518,-0.1582,-0.1677,-0.1811,-0.1994,-0.2239,-0.2561,-0.2972,-0.3474,-0.4032,-0.4557,-0.4966,-0.5288,-0.5636,-0.6019,-0.6379,-0.6983,-0.8287,-0.8703,-0.7156,-0.6102,-0.6125,-0.672,-0.8041,-1.0249,-0.9825,-0.8883,-0.8723,-0.887,-0.8809,-0.8445,-0.7922,-0.1519,-0.153,-0.155,-0.1584,-0.1634,-0.1707,-0.1807,-0.1942,-0.2117,-0.2341,-0.2621,-0.2958,-0.3345,-0.3758,-0.4158,-0.4517,-0.4845,-0.5175,-0.5532,-0.5963,-0.6622,-0.7504,-0.7712,-0.6906,-0.6287,-0.6356,-0.7085,-0.8753,-1.0581,-1.0065,-0.8883,-0.8294,-0.8092,-0.7941,-0.7693,-0.7351]}]