docs/data/wind_grid.json
{"header": {"la1":42.1,"la2":41.55,"lo1":12.1,"lo2":12.95,"nx":50,"ny":50,"dx":0.01735,"dy":0.01122,"parameterCategory":2,"parameterNumber":3,"parameterNumberName":"northward_wind","parameterUnit":"m.s-1"}, "data":
[rows 0 to 39 of 50, columns 0 to 49 of 50]
-3.4389,-3.4391,-3.4391,-3.4388,-3.4382,-3.4374,-3.4362,-3.4347,-3.4329,-3.4306,-3.428,-3.4249,-3.4213,-3.4171,-3.4122,-3.4064,-3.3997,-3.3916,-3.382,-3.3704,-3.3566,-3.3399,-3.3199,-3.2961,-3.2679,-3.235,-3.1967,-3.1527,-3.1028,-3.0467,-2.9845,-2.9166,-2.8439,-2.7675,-2.6894,-2.6121,-2.5385,-2.4716,-2.4143,-2.3687,-2.3362,-2.3169,-2.3101,-2.3142,-2.3273,-2.3474,-2.3726,-2.4011,-2.4315,-2.4628
-3.4434,-3.4438,-3.444,-3.4439,-3.4435,-3.4428,-3.4419,-3.4406,-3.4389,-3.437,-3.4346,-3.4318,-3.4285,-3.4247,-3.4202,-3.4149,-3.4087,-3.4012,-3.3922,-3.3813,-3.3679,-3.3517,-3.332,-3.3082,-3.2799,-3.2464,-3.2072,-3.1618,-3.1098,-3.051,-2.9853,-2.9131,-2.835,-2.7526,-2.6677,-2.5833,-2.5027,-2.4295,-2.3672,-2.3184,-2.2847,-2.266,-2.2614,-2.2689,-2.2861,-2.3106,-2.3402,-2.3728,-2.4071,-2.4419
-3.448,-3.4486,-3.4489,-3.449,-3.4488,-3.4483,-3.4476,-3.4465,-3.4451,-3.4433,-3.4412,-3.4387,-3.4357,-3.4323,-3.4283,-3.4235,-3.4179,-3.4111,-3.4027,-3.3925,-3.3798,-3.3641,-3.3448,-3.3212,-3.2928,-3.2589,-3.2188,-3.172,-3.118,-3.0565,-2.9873,-2.9106,-2.8271,-2.7381,-2.6459,-2.5536,-2.4652,-2.385,-2.3171,-2.2649,-2.2299,-2.2122,-2.2103,-2.2218,-2.2438,-2.2733,-2.3077,-2.3449,-2.3832,-2.4216
-3.4526,-3.4533,-3.4539,-3.4541,-3.4541,-3.4539,-3.4533,-3.4524,-3.4512,-3.4496,-3.4478,-3.4455,-3.4429,-3.4399,-3.4364,-3.4322,-3.4272,-3.4211,-3.4135,-3.404,-3.3921,-3.377,-3.3583,-3.335,-3.3066,-3.2723,-3.2315,-3.1834,-3.1276,-3.0635,-2.9908,-2.9096,-2.8204,-2.7246,-2.6244,-2.5235,-2.4263,-2.3383,-2.2642,-2.2081,-2.172,-2.1557,-2.1572,-2.1734,-2.2008,-2.2358,-2.2755,-2.3176,-2.3602,-2.4023
-3.4572,-3.4581,-3.4588,-3.4593,-3.4595,-3.4594,-3.459,-3.4583,-3.4573,-3.456,-3.4544,-3.4524,-3.4502,-3.4475,-3.4445,-3.4409,-3.4365,-3.4312,-3.4245,-3.4159,-3.4048,-3.3906,-3.3724,-3.3496,-3.3214,-3.2868,-3.2453,-3.1961,-3.1385,-3.0719,-2.9959,-2.9103,-2.8154,-2.7124,-2.6038,-2.4935,-2.3867,-2.2898,-2.2088,-2.1486,-2.1114,-2.0969,-2.1025,-2.1242,-2.1576,-2.1987,-2.2442,-2.2913,-2.3384,-2.3842
-3.4618,-3.463,-3.4639,-3.4645,-3.4649,-3.465,-3.4648,-3.4643,-3.4634,-3.4623,-3.4609,-3.4593,-3.4573,-3.4551,-3.4525,-3.4495,-3.4459,-3.4414,-3.4356,-3.428,-3.4179,-3.4046,-3.3873,-3.365,-3.3369,-3.3023,-3.2602,-3.21,-3.1509,-3.082,-3.0029,-2.913,-2.8125,-2.7023,-2.5849,-2.4644,-2.347,-2.2403,-2.1516,-2.0868,-2.0487,-2.0366,-2.047,-2.0749,-2.1151,-2.1628,-2.2143,-2.2667,-2.3183,-2.3678
-3.4665,-3.4678,-3.4689,-3.4697,-3.4703,-3.4706,-3.4706,-3.4702,-3.4696,-3.4687,-3.4675,-3.4661,-3.4644,-3.4626,-3.4605,-3.4581,-3.4552,-3.4516,-3.4468,-3.4403,-3.4314,-3.4191,-3.4027,-3.381,-3.3533,-3.3187,-3.2762,-3.2251,-3.1646,-3.0938,-3.0119,-2.9181,-2.8123,-2.695,-2.5685,-2.4373,-2.3085,-2.1908,-2.0936,-2.0239,-1.985,-1.9758,-1.9917,-2.0267,-2.0742,-2.1288,-2.1865,-2.2443,-2.3003,-2.3535
-3.4711,-3.4727,-3.474,-3.475,-3.4757,-3.4762,-3.4764,-3.4762,-3.4757,-3.475,-3.474,-3.4728,-3.4714,-3.4699,-3.4683,-3.4665,-3.4644,-3.4618,-3.4581,-3.4528,-3.4451,-3.4341,-3.4186,-3.3977,-3.3704,-3.3358,-3.2931,-3.2413,-3.1798,-3.1073,-3.0231,-2.926,-2.8153,-2.6912,-2.5558,-2.4136,-2.2725,-2.143,-2.0363,-1.9613,-1.9217,-1.916,-1.9382,-1.9807,-2.036,-2.0978,-2.1617,-2.2247,-2.2849,-2.3415
-3.4758,-3.4775,-3.479,-3.4803,-3.4812,-3.4819,-3.4822,-3.4822,-3.4819,-3.4813,-3.4804,-3.4794,-3.4783,-3.4771,-3.476,-3.4748,-3.4735,-3.4718,-3.4693,-3.4654,-3.4591,-3.4494,-3.435,-3.415,-3.3882,-3.3537,-3.3107,-3.2585,-3.1961,-3.1225,-3.0365,-2.9368,-2.8222,-2.6921,-2.5482,-2.395,-2.241,-2.0988,-1.9819,-1.9011,-1.861,-1.8592,-1.8883,-1.9388,-2.002,-2.0709,-2.1408,-2.2087,-2.2728,-2.3324
-3.4805,-3.4824,-3.4841,-3.4856,-3.4867,-3.4875,-3.488,-3.4882,-3.488,-3.4875,-3.4868,-3.486,-3.485,-3.4841,-3.4834,-3.4828,-3.4822,-3.4816,-3.4804,-3.478,-3.4732,-3.465,-3.4519,-3.4327,-3.4063,-3.372,-3.3289,-3.2764,-3.2135,-3.1393,-3.0523,-2.951,-2.8335,-2.6987,-2.5473,-2.3835,-2.2167,-2.0612,-1.9334,-1.8464,-1.8058,-1.8081,-1.8442,-1.9027,-1.9736,-2.0493,-2.1247,-2.1969,-2.2643,-2.3265
-3.4852,-3.4873,-3.4893,-3.4909,-3.4923,-3.4933,-3.4939,-3.4942,-3.4942,-3.4938,-3.4932,-3.4924,-3.4916,-3.4909,-3.4905,-3.4904,-3.4907,-3.4911,-3.4913,-3.4905,-3.4874,-3.4808,-3.469,-3.4507,-3.4248,-3.3906,-3.3475,-3.2947,-3.2317,-3.1574,-3.0703,-2.9686,-2.8497,-2.7118,-2.5546,-2.3815,-2.2024,-2.0335,-1.8944,-1.8009,-1.7595,-1.7659,-1.8088,-1.8748,-1.9527,-2.0342,-2.1142,-2.19,-2.26,-2.3241
-3.4899,-3.4923,-3.4944,-3.4963,-3.4978,-3.499,-3.4999,-3.5003,-3.5003,-3.5,-3.4995,-3.4988,-3.4981,-3.4975,-3.4974,-3.4977,-3.4987,-3.5002,-3.5018,-3.5027,-3.5016,-3.4967,-3.4863,-3.4688,-3.4433,-3.4092,-3.3659,-3.3132,-3.2504,-3.1766,-3.0904,-2.9896,-2.8713,-2.7325,-2.5717,-2.3914,-2.2014,-2.0198,-1.8693,-1.769,-1.7264,-1.7363,-1.785,-1.8573,-1.9409,-2.0269,-2.1104,-2.1885,-2.2603,-2.3255
-3.4945,-3.4972,-3.4996,-3.5017,-3.5035,-3.5049,-3.5059,-3.5064,-3.5065,-3.5063,-3.5058,-3.505,-3.5043,-3.5038,-3.5038,-3.5046,-3.5062,-3.5087,-3.5119,-3.5147,-3.5156,-3.5127,-3.5036,-3.4869,-3.4615,-3.4273,-3.384,-3.3314,-3.2691,-3.1965,-3.1123,-3.014,-2.8984,-2.7613,-2.5999,-2.4153,-2.217,-2.0242,-1.863,-1.7557,-1.7112,-1.7231,-1.7758,-1.8525,-1.9397,-2.0285,-2.1138,-2.1931,-2.2655,-2.331
-3.4992,-3.5021,-3.5048,-3.5072,-3.5092,-3.5108,-3.5119,-3.5126,-3.5128,-3.5126,-3.512,-3.5112,-3.5104,-3.5099,-3.5099,-3.5109,-3.5131,-3.5166,-3.5212,-3.5261,-3.5294,-3.5285,-3.5209,-3.5046,-3.4792,-3.4447,-3.4012,-3.3489,-3.2876,-3.2168,-3.1355,-3.0414,-2.9307,-2.7984,-2.64,-2.4551,-2.2519,-2.0507,-1.8802,-1.766,-1.7183,-1.73,-1.7841,-1.8622,-1.9505,-2.0397,-2.125,-2.204,-2.2758,-2.3406
-3.5039,-3.5071,-3.51,-3.5126,-3.5149,-3.5167,-3.5181,-3.5189,-3.5192,-3.519,-3.5183,-3.5174,-3.5164,-3.5157,-3.5157,-3.5167,-3.5192,-3.5235,-3.5296,-3.5367,-3.5427,-3.5442,-3.5378,-3.5216,-3.4957,-3.4607,-3.4171,-3.3653,-3.3052,-3.2369,-3.1597,-3.0715,-2.9681,-2.8436,-2.6922,-2.5114,-2.308,-2.1022,-1.9246,-1.8036,-1.7511,-1.7597,-1.8115,-1.8877,-1.9739,-2.0611,-2.1443,-2.2212,-2.2913,-2.3544
-3.5086,-3.512,-3.5153,-3.5182,-3.5207,-3.5228,-3.5244,-3.5253,-3.5257,-3.5255,-3.5247,-3.5236,-3.5224,-3.5213,-3.521,-3.5219,-3.5245,-3.5294,-3.5369,-3.5462,-3.5552,-3.5593,-3.5541,-3.5374,-3.5105,-3.4749,-3.4313,-3.38,-3.3217,-3.2565,-3.1844,-3.1035,-3.0097,-2.8963,-2.7559,-2.584,-2.3855,-2.1795,-1.9978,-1.8706,-1.8112,-1.8133,-1.8589,-1.9292,-2.01,-2.0923,-2.1713,-2.2447,-2.3117,-2.3722
-3.5132,-3.517,-3.5205,-3.5238,-3.5266,-3.529,-3.5308,-3.5319,-3.5323,-3.5321,-3.5312,-3.5298,-3.5283,-3.5268,-3.526,-3.5265,-3.5289,-3.5341,-3.5426,-3.5542,-3.5664,-3.5737,-3.5692,-3.5513,-3.5229,-3.4866,-3.4432,-3.3929,-3.3366,-3.2751,-3.209,-3.1369,-3.0546,-2.955,-2.8293,-2.6709,-2.4823,-2.2812,-2.0986,-1.9658,-1.8979,-1.8899,-1.9252,-1.9858,-2.058,-2.133,-2.2058,-2.274,-2.3367,-2.3938
-3.5178,-3.5219,-3.5258,-3.5294,-3.5326,-3.5352,-3.5373,-3.5386,-3.5392,-3.5389,-3.5379,-3.5362,-3.5342,-3.5322,-3.5308,-3.5306,-3.5325,-3.5374,-3.5464,-3.5598,-3.5756,-3.5864,-3.5822,-3.562,-3.5319,-3.4952,-3.4525,-3.4037,-3.3498,-3.2925,-3.233,-3.1708,-3.1017,-3.0182,-2.91,-2.7688,-2.5945,-2.4024,-2.2221,-2.0848,-2.0071,-1.9863,-2.0079,-2.0557,-2.1166,-2.1819,-2.2468,-2.3086,-2.366,-2.4188
-3.5224,-3.5268,-3.5311,-3.535,-3.5386,-3.5416,-3.544,-3.5456,-3.5463,-3.546,-3.5448,-3.5428,-3.5403,-3.5376,-3.5354,-3.5342,-3.5352,-3.5393,-3.5479,-3.5621,-3.581,-3.5958,-3.5912,-3.568,-3.5366,-3.5005,-3.4591,-3.4122,-3.3611,-3.3083,-3.256,-3.2044,-3.1497,-3.0835,-2.9947,-2.873,-2.7159,-2.5361,-2.3609,-2.2205,-2.1326,-2.0973,-2.1031,-2.1358,-2.1834,-2.2376,-2.2933,-2.3475,-2.3989,-2.4467
-3.5269,-3.5317,-3.5364,-3.5407,-3.5447,-3.5482,-3.5509,-3.5528,-3.5537,-3.5534,-3.5521,-3.5497,-3.5466,-3.5432,-3.5399,-3.5376,-3.5372,-3.5398,-3.5469,-3.56,-3.58,-3.5979,-3.5925,-3.567,-3.5363,-3.5022,-3.463,-3.4185,-3.3704,-3.3224,-3.2777,-3.2371,-3.197,-3.1487,-3.0797,-2.9781,-2.8394,-2.6737,-2.5056,-2.3636,-2.2663,-2.2165,-2.2059,-2.2226,-2.256,-2.2981,-2.3438,-2.3899,-2.4347,-2.4771
-3.5313,-3.5365,-3.5416,-3.5464,-3.5509,-3.5548,-3.558,-3.5603,-3.5614,-3.5612,-3.5597,-3.557,-3.5532,-3.549,-3.5447,-3.541,-3.5389,-3.5394,-3.5436,-3.5531,-3.5694,-3.5862,-3.5808,-3.5577,-3.5312,-3.5009,-3.4647,-3.4228,-3.378,-3.3348,-3.2975,-3.2678,-3.2422,-3.2111,-3.1609,-3.0783,-2.9574,-2.8062,-2.6467,-2.5052,-2.4004,-2.3375,-2.3114,-2.3125,-2.3317,-2.3616,-2.3971,-2.4347,-2.4726,-2.5094
-3.5357,-3.5413,-3.5468,-3.5521,-3.5571,-3.5616,-3.5653,-3.568,-3.5695,-3.5695,-3.5678,-3.5647,-3.5603,-3.5551,-3.5497,-3.5446,-3.5405,-3.5384,-3.539,-3.5426,-3.5494,-3.5568,-3.5543,-3.5416,-3.523,-3.4976,-3.4646,-3.4255,-3.384,-3.3454,-3.3153,-3.2959,-3.2835,-3.2679,-3.2342,-3.1683,-3.0635,-2.9263,-2.7762,-2.6373,-2.5278,-2.4545,-2.415,-2.402,-2.408,-2.4262,-2.4516,-2.4809,-2.5118,-2.543
-3.5399,-3.5459,-3.5519,-3.5578,-3.5634,-3.5685,-3.5728,-3.5761,-3.578,-3.5782,-3.5765,-3.5729,-3.5678,-3.5617,-3.5552,-3.5486,-3.5426,-3.5377,-3.5342,-3.5315,-3.5273,-3.5225,-3.5247,-3.5247,-3.5141,-3.4932,-3.4634,-3.427,-3.3885,-3.3544,-3.3307,-3.3203,-3.3193,-3.3165,-3.2962,-3.2439,-3.1527,-3.0285,-2.8886,-2.7547,-2.6436,-2.5632,-2.5131,-2.4883,-2.4826,-2.4901,-2.5062,-2.5275,-2.5518,-2.5773
-3.544,-3.5504,-3.5569,-3.5634,-3.5696,-3.5754,-3.5805,-3.5845,-3.587,-3.5875,-3.5857,-3.5817,-3.5757,-3.5687,-3.5611,-3.5533,-3.5454,-3.5378,-3.5306,-3.5229,-3.5123,-3.5028,-3.5068,-3.5125,-3.5066,-3.4888,-3.4614,-3.4274,-3.3919,-3.3617,-3.3435,-3.3404,-3.3481,-3.3548,-3.3442,-3.3022,-3.2224,-3.1104,-2.9813,-2.8543,-2.7447,-2.6606,-2.6031,-2.5691,-2.5537,-2.5519,-2.5597,-2.5737,-2.5916,-2.6118
-3.5479,-3.5548,-3.5618,-3.5688,-3.5758,-3.5823,-3.5883,-3.5932,-3.5965,-3.5975,-3.5957,-3.5911,-3.5841,-3.576,-3.5674,-3.5587,-3.5494,-3.5394,-3.5291,-3.5182,-3.5062,-3.498,-3.5012,-3.5059,-3.5009,-3.4847,-3.459,-3.4272,-3.3943,-3.3674,-3.3535,-3.3555,-3.3689,-3.3814,-3.3771,-3.3425,-3.2723,-3.1717,-3.0541,-2.9357,-2.8302,-2.7455,-2.6837,-2.6432,-2.6201,-2.6107,-2.6112,-2.6187,-2.6309,-2.6461
-3.5515,-3.5589,-3.5664,-3.5741,-3.5818,-3.5892,-3.5962,-3.6021,-3.6064,-3.6082,-3.6066,-3.6012,-3.5929,-3.5833,-3.5738,-3.5646,-3.5544,-3.5427,-3.53,-3.5173,-3.5059,-3.4997,-3.5011,-3.5027,-3.4967,-3.4808,-3.4564,-3.4264,-3.3959,-3.3717,-3.3607,-3.3655,-3.3815,-3.3965,-3.3953,-3.366,-3.3041,-3.2144,-3.1085,-2.9999,-2.9006,-2.8179,-2.7545,-2.7097,-2.6811,-2.6656,-2.6601,-2.662,-2.669,-2.6797
-3.555,-3.5628,-3.5708,-3.5791,-3.5876,-3.596,-3.604,-3.6112,-3.6168,-3.6197,-3.6184,-3.6123,-3.602,-3.5903,-3.5797,-3.5705,-3.5604,-3.5477,-3.5332,-3.5192,-3.5083,-3.5027,-3.5021,-3.5007,-3.493,-3.4771,-3.4536,-3.4254,-3.3969,-3.3748,-3.3653,-3.3707,-3.3865,-3.4011,-3.4009,-3.3753,-3.3208,-3.2416,-3.1472,-3.0491,-2.9573,-2.8784,-2.8155,-2.7686,-2.7364,-2.7163,-2.706,-2.7031,-2.7057,-2.7123
-3.5581,-3.5663,-3.5749,-3.5838,-3.593,-3.6024,-3.6117,-3.6204,-3.6276,-3.632,-3.6315,-3.6246,-3.6115,-3.5965,-3.5844,-3.5757,-3.5666,-3.554,-3.5383,-3.5231,-3.5118,-3.5056,-3.5028,-3.4988,-3.4895,-3.4734,-3.4508,-3.424,-3.3975,-3.3769,-3.3677,-3.3721,-3.3854,-3.3977,-3.3968,-3.3739,-3.326,-3.2566,-3.1735,-3.0859,-3.0022,-2.9284,-2.8675,-2.8203,-2.7858,-2.7626,-2.7486,-2.7418,-2.7407,-2.7437
-3.5609,-3.5695,-3.5786,-3.5881,-3.598,-3.6084,-3.6189,-3.6292,-3.6384,-3.6449,-3.646,-3.6385,-3.6217,-3.6017,-3.5871,-3.5794,-3.5722,-3.5604,-3.5444,-3.5282,-3.5159,-3.5082,-3.503,-3.4967,-3.4861,-3.4697,-3.4479,-3.4226,-3.3976,-3.3781,-3.3685,-3.3705,-3.3802,-3.3889,-3.3865,-3.3655,-3.3235,-3.2631,-3.1903,-3.1128,-3.0374,-2.9693,-2.9115,-2.8651,-2.8298,-2.8045,-2.7877,-2.7779,-2.7737,-2.7737
-3.5634,-3.5723,-3.5818,-3.5918,-3.6025,-3.6138,-3.6255,-3.6374,-3.6488,-3.658,-3.6616,-3.6545,-3.6333,-3.6058,-3.5874,-3.5808,-3.5763,-3.5661,-3.5504,-3.5336,-3.52,-3.5104,-3.503,-3.4947,-3.4829,-3.4663,-3.4451,-3.4211,-3.3976,-3.3786,-3.3682,-3.3673,-3.3727,-3.3774,-3.373,-3.3534,-3.3163,-3.2638,-3.2004,-3.1323,-3.0649,-3.0027,-2.9486,-2.9039,-2.8686,-2.8422,-2.8236,-2.8115,-2.8047,-2.8022
-3.5654,-3.5746,-3.5845,-3.595,-3.6062,-3.6183,-3.6312,-3.6446,-3.6582,-3.6704,-3.6776,-3.6724,-3.6471,-3.6097,-3.5859,-3.5804,-3.5785,-3.5703,-3.5554,-3.5385,-3.5238,-3.5124,-3.5029,-3.4927,-3.4798,-3.4631,-3.4426,-3.4197,-3.3973,-3.3788,-3.3671,-3.3633,-3.3645,-3.3651,-3.3585,-3.3398,-3.307,-3.2612,-3.2061,-3.1462,-3.0863,-3.03,-2.9799,-2.9374,-2.9029,-2.8761,-2.8562,-2.8424,-2.8337,-2.8291
-3.5671,-3.5765,-3.5866,-3.5974,-3.6091,-3.6218,-3.6356,-3.6503,-3.6658,-3.6807,-3.6917,-3.69,-3.6625,-3.6153,-3.5852,-3.5798,-3.5794,-3.5726,-3.5588,-3.5423,-3.5269,-3.5141,-3.5027,-3.491,-3.4771,-3.4602,-3.4402,-3.4184,-3.397,-3.3786,-3.3658,-3.3591,-3.3565,-3.3534,-3.3448,-3.3266,-3.2971,-3.257,-3.2089,-3.1563,-3.1031,-3.0523,-3.0062,-2.9663,-2.933,-2.9063,-2.8859,-2.8709,-2.8606,-2.8544
-3.5683,-3.5778,-3.5881,-3.5992,-3.6112,-3.6242,-3.6385,-3.654,-3.6707,-3.6875,-3.7011,-3.7026,-3.6756,-3.6233,-3.5882,-3.5807,-3.5798,-3.5735,-3.5608,-3.5448,-3.5292,-3.5153,-3.5025,-3.4894,-3.4748,-3.4577,-3.4382,-3.4172,-3.3965,-3.3784,-3.3645,-3.3553,-3.3493,-3.3431,-3.3326,-3.3147,-3.2878,-3.2523,-3.2101,-3.1639,-3.1166,-3.0708,-3.0286,-2.9913,-2.9595,-2.9334,-2.9128,-2.897,-2.8857,-2.8781
-3.5691,-3.5786,-3.589,-3.6001,-3.6122,-3.6254,-3.6398,-3.6556,-3.6724,-3.6895,-3.7037,-3.706,-3.6811,-3.6315,-3.5952,-3.5839,-3.5805,-3.5736,-3.5614,-3.5462,-3.5306,-3.5159,-3.5021,-3.488,-3.4727,-3.4555,-3.4364,-3.4161,-3.3961,-3.378,-3.3632,-3.3521,-3.3433,-3.3344,-3.3223,-3.3046,-3.2797,-3.248,-3.2106,-3.1697,-3.1275,-3.0863,-3.0478,-3.0131,-2.983,-2.9577,-2.9372,-2.921,-2.9089,-2.9002
-3.5694,-3.5789,-3.5892,-3.6003,-3.6123,-3.6253,-3.6395,-3.6548,-3.671,-3.687,-3.6993,-3.7001,-3.678,-3.6363,-3.6028,-3.5881,-3.5813,-3.5732,-3.5612,-3.5465,-3.5311,-3.516,-3.5014,-3.4866,-3.4708,-3.4535,-3.4348,-3.4151,-3.3956,-3.3776,-3.3622,-3.3494,-3.3385,-3.3275,-3.3141,-3.2963,-3.2731,-3.2443,-3.211,-3.1745,-3.1368,-3.0995,-3.0643,-3.0322,-3.0038,-2.9795,-2.9593,-2.943,-2.9304,-2.9209
-3.5692,-3.5787,-3.5888,-3.5997,-3.6114,-3.6241,-3.6377,-3.6521,-3.6668,-3.6806,-3.69,-3.6887,-3.6695,-3.6367,-3.608,-3.5917,-3.582,-3.5724,-3.5602,-3.5459,-3.5308,-3.5156,-3.5005,-3.4852,-3.4691,-3.4518,-3.4333,-3.4142,-3.3952,-3.3773,-3.3613,-3.3473,-3.3347,-3.3221,-3.3077,-3.29,-3.268,-3.2416,-3.2115,-3.1787,-3.1447,-3.111,-3.0788,-3.049,-3.0223,-2.9991,-2.9794,-2.9632,-2.9502,-2.9403
-3.5686,-3.5779,-3.5878,-3.5984,-3.6097,-3.6217,-3.6344,-3.6476,-3.6605,-3.6717,-3.6783,-3.6753,-3.6592,-3.6338,-3.6099,-3.5935,-3.5819,-3.5711,-3.5587,-3.5447,-3.5298,-3.5146,-3.4993,-3.4837,-3.4674,-3.4502,-3.432,-3.4133,-3.3947,-3.377,-3.3606,-3.3458,-3.332,-3.3181,-3.3029,-3.2852,-3.2642,-3.2398,-3.2123,-3.1826,-3.1519,-3.1212,-3.0916,-3.064,-3.0389,-3.0168,-2.9977,-2.9817,-2.9686,-2.9583
-3.5676,-3.5766,-3.5862,-3.5964,-3.6071,-3.6184,-3.6301,-3.6418,-3.6528,-3.6617,-3.6658,-3.662,-3.6487,-3.6288,-3.6091,-3.5934,-3.5809,-3.5692,-3.5567,-3.5429,-3.5282,-3.5131,-3.4978,-3.4821,-3.4657,-3.4486,-3.4308,-3.4125,-3.3943,-3.3767,-3.3601,-3.3447,-3.33,-3.3153,-3.2995,-3.2819,-3.2617,-3.2388,-3.2135,-3.1864,-3.1583,-3.1303,-3.103,-3.0774,-3.0538,-3.0328,-3.0144,-2.9987,-2.9857,-2.9751
-3.5662,-3.5749,-3.5841,-3.5938,-3.6039,-3.6144,-3.625,-3.6352,-3.6444,-3.6512,-3.6536,-3.6496,-3.6386,-3.6227,-3.6062,-3.5916,-3.5789,-3.5668,-3.5542,-3.5406,-3.5262,-3.5113,-3.496,-3.4803,-3.464,-3.4471,-3.4296,-3.4117,-3.3939,-3.3765,-3.3598,-3.344,-3.3287,-3.3134,-3.2973,-3.2797,-3.2603,-3.2387,-3.2151,-3.1902,-3.1644,-3.1386,-3.1134,-3.0895,-3.0674,-3.0474,-3.0297,-3.0144,-3.0015,-2.9907
-3.5644,-3.5728,-3.5816,-3.5907,-3.6002,-3.6097,-3.6192,-3.6281,-3.6356,-3.6408,-3.642,-3.6381,-3.6289,-3.6159,-3.6019,-3.5885,-3.576,-3.5638,-3.5512,-3.5378,-3.5237,-3.5091,-3.4939,-3.4784,-3.4623,-3.4456,-3.4284,-3.4109,-3.3934,-3.3763,-3.3596,-3.3436,-3.3279,-3.3122,-3.2959,-3.2786,-3.2597,-3.2392,-3.2171,-3.194,-3.1701,-3.1462,-3.1229,-3.1006,-3.0798,-3.0608,-3.0438,-3.0289,-3.0161,-3.0054
