docs/data/wind_grid.json
[{"header":{"la1":42.85,"la2":41.18,"lo1":11.55,"lo2":14.05,"nx":36,"ny":24,"dx":0.07143,"dy":0.07261,"parameterCategory":2,"parameterNumber":2,"parameterNumberName":"eastward_wind","parameterUnit":"m.s-1"},"data":[-0.8241,-0.8269,-0.8291,-0.8308,-0.8317,-0.8312,-0.8287,-0.8231,-0.8137,-0.8011,-0.787,-0.7735,-0.7629,-0.7567,-0.7555,-0.7588,-0.7652,-0.7724,-0.778,-0.7798,-0.7769,-0.7696,-0.7591,-0.747,-0.7342,-0.7215,-0.7096,-0.6985,-0.6884,-0.6792,-0.6711,-0.6639,-0.6575,-0.6518,-0.6469,-0.6425,-0.8369,-0.8408,-0.8444,-0.8476,-0.8506,-0.8527,-0.8526,-0.8478,-0.8367,-0.8194,-0.7987,-0.779,-0.764,-0.756,-0.7559,-0.7632,-0.7756,-0.7895,-0.8003,-0.8043,-0.8001,-0.7891,-0.7741,-0.7574,-0.7407,-0.7249,-0.7105,-0.6976,-0.6862,-0.6761,-0.6673,-0.6595,-0.6528,-0.647,-0.6419,-0.6376,-0.8514,-0.8567,-0.8618,-0.8671,-0.8732,-0.88,-0.8853,-0.8844,-0.8718,-0.8468,-0.815,-0.7847,-0.7626,-0.7518,-0.7535,-0.767,-0.7895,-0.8151,-0.8352,-0.8421,-0.8342,-0.8158,-0.7927,-0.7691,-0.7472,-0.7276,-0.7104,-0.6956,-0.6827,-0.6717,-0.6623,-0.6542,-0.6472,-0.6413,-0.6362,-0.6318,-0.8682,-0.8751,-0.8817,-0.8891,-0.8992,-0.9137,-0.9309,-0.9411,-0.9294,-0.8905,-0.8377,-0.7896,-0.7564,-0.7416,-0.7457,-0.7686,-0.8079,-0.855,-0.8925,-0.9029,-0.8847,-0.851,-0.8145,-0.7812,-0.7526,-0.7286,-0.7085,-0.6917,-0.6776,-0.6658,-0.6559,-0.6476,-0.6405,-0.6346,-0.6296,-0.6253,-0.888,-0.8969,-0.9047,-0.9133,-0.9268,-0.9518,-0.9919,-1.0321,-1.0295,-0.9616,-0.8676,-0.79,-0.7415,-0.7214,-0.7284,-0.7638,-0.8292,-0.9163,-0.9895,-1.002,-0.9566,-0.8933,-0.8365,-0.791,-0.7551,-0.7267,-0.7038,-0.6854,-0.6703,-0.6581,-0.648,-0.6396,-0.6326,-0.6268,-0.622,-0.618,-0.912,-0.9241,-0.9331,-0.9406,-0.9531,-0.9858,-1.0595,-1.168,-1.1998,-1.0653,-0.8942,-0.7769,-0.7122,-0.6865,-0.6953,-0.7435,-0.8422,-0.9955,-1.1411,-1.1481,-1.0415,-0.9321,-0.8517,-0.7945,-0.7524,-0.7203,-0.6954,-0.6758,-0.6604,-0.6481,-0.6381,-0.63,-0.6234,-0.6179,-0.6134,-0.6097,-0.9421,-0.9602,-0.9723,-0.9762,-0.978,-1.0004,-1.0887,-1.2787,-1.3734,-1.1317,-0.8779,-0.7353,-0.6626,-0.6321,-0.6388,-0.6929,-0.816,-1.0315,-1.2656,-1.2593,-1.0856,-0.9432,-0.8505,-0.7878,-0.7423,-0.7082,-0.6822,-0.6624,-0.6473,-0.6355,-0.6263,-0.6188,-0.6127,-0.6077,-0.6037,-0.6004,-0.9797,-1.0106,-1.0331,-1.0357,-1.0152,-0.9952,-1.0261,-1.147,-1.1986,-0.9834,-0.7742,-0.6576,-0.5922,-0.5561,-0.5506,-0.5978,-0.723,-0.9274,-1.1334,-1.1484,-1.0247,-0.9113,-0.8296,-0.7694,-0.7237,-0.689,-0.6632,-0.6443,-0.6305,-0.6203,-0.6123,-0.6059,-0.6006,-0.5963,-0.5928,-0.5901,-1.0234,-1.0788,-1.1315,-1.1508,-1.1021,-1.0074,-0.9292,-0.8818,-0.8093,-0.6958,-0.615,-0.5602,-0.5095,-0.4615,-0.421,-0.4438,-0.5876,-0.7762,-0.9203,-0.9638,-0.926,-0.8616,-0.7975,-0.7417,-0.6962,-0.6616,-0.6372,-0.6208,-0.6099,-0.6022,-0.5963,-0.5913,-0.5871,-0.5835,-0.5806,-0.5785,-1.0652,-1.1568,-1.2735,-1.3643,-1.2938,-1.0766,-0.8822,-0.7064,-0.4922,-0.3902,-0.4541,-0.4697,-0.4256,-0.363,-0.2579,-0.2116,-0.4724,-0.7277,-0.8714,-0.9111,-0.8847,-0.8285,-0.7655,-0.7069,-0.6586,-0.6236,-0.6022,-0.5909,-0.5852,-0.5817,-0.5786,-0.5754,-0.5722,-0.5693,-0.567,-0.5656,-1.0887,-1.2103,-1.4,-1.624,-1.5605,-1.164,-0.894,-0.6741,-0.2196,-0.0083,-0.344,-0.41,-0.3369,-0.2565,-0.2182,-0.197,-0.5281,-0.87,-1.0265,-1.0016,-0.9111,-0.8173,-0.7341,-0.6629,-0.6064,-0.5702,-0.5552,-0.5539,-0.5571,-0.5595,-0.5598,-0.5583,-0.5559,-0.5535,-0.5517,-0.551,-1.0787,-1.1951,-1.3743,-1.5802,-1.5057,-1.1329,-0.9476,-0.8916,-0.5409,-0.262,-0.411,-0.3972,-0.2423,-0.0259,-0.1124,-0.393,-0.7989,-1.3519,-1.4887,-1.2131,-0.9672,-0.8058,-0.6937,-0.6045,-0.5323,-0.493,-0.4929,-0.5109,-0.5278,-0.5376,-0.541,-0.5404,-0.538,-0.5355,-0.5341,-0.5342,-1.0378,-1.1179,-1.2153,-1.2802,-1.2009,-1.0326,-0.9871,-1.1067,-0.9196,-0.6457,-0.5259,-0.4282,-0.2809,0.0869,-0.0001,-0.4872,-1.0671,-2.1556,-2.1771,-1.3846,-0.9668,-0.7571,-0.6342,-0.5338,-0.4353,-0.3873,-0.4185,-0.4688,-0.5025,-0.5186,-0.5231,-0.5215,-0.5176,-0.5144,-0.5133,-0.5145,-0.9838,-1.0274,-1.0648,-1.0701,-1.0226,-0.96,-0.949,-0.9746,-0.9049,-0.7266,-0.5971,-0.4579,-0.4005,-0.3126,-0.3769,-0.698,-1.1095,-1.6805,-1.7384,-1.1859,-0.8135,-0.6341,-0.5522,-0.4753,-0.3604,-0.2991,-0.3671,-0.4459,-0.4891,-0.5055,-0.5065,-0.5003,-0.4929,-0.488,-0.4874,-0.4907,-0.9321,-0.9528,-0.9641,-0.957,-0.9309,-0.9018,-0.8867,-0.8722,-0.8194,-0.7496,-0.7079,-0.6471,-0.5649,-0.5925,-0.6027,-1.0047,-1.388,-1.184,-1.0664,-0.7794,-0.4865,-0.404,-0.4427,-0.4481,-0.3875,-0.3438,-0.396,-0.4599,-0.4923,-0.4985,-0.4892,-0.4735,-0.4596,-0.4526,-0.4538,-0.4614,-0.8889,-0.8976,-0.8991,-0.8908,-0.8741,-0.8548,-0.8368,-0.816,-0.7915,-0.7925,-0.8565,-0.8668,-0.7945,-0.7069,-0.7426,-0.9882,-1.2256,-0.9792,-0.752,-0.4378,-0.0057,-0.0766,-0.3248,-0.4329,-0.4522,-0.4522,-0.4757,-0.502,-0.5086,-0.4948,-0.4668,-0.4345,-0.4102,-0.4021,-0.4092,-0.4253,-0.8545,-0.8574,-0.8552,-0.8475,-0.8352,-0.8206,-0.8057,-0.792,-0.7863,-0.8067,-0.8574,-0.8652,-1.0064,-1.0766,-0.8361,-0.8154,-0.8242,-0.7045,-0.5559,-0.3456,0.063,-0.0293,-0.3026,-0.441,-0.5057,-0.5419,-0.5604,-0.5565,-0.5322,-0.4903,-0.4328,-0.3721,-0.3325,-0.3284,-0.3506,-0.3826,-0.8274,-0.8274,-0.8239,-0.8171,-0.8075,-0.7966,-0.7861,-0.7786,-0.7792,-0.7934,-0.8196,-0.8692,-1.0464,-1.0749,-0.7902,-0.6851,-0.6481,-0.5199,-0.4203,-0.4053,-0.287,-0.2794,-0.381,-0.4808,-0.5688,-0.6452,-0.6669,-0.6238,-0.5598,-0.4832,-0.3828,-0.2737,-0.2124,-0.2268,-0.2809,-0.338,-0.8058,-0.8043,-0.8005,-0.7946,-0.787,-0.7789,-0.7716,-0.7672,-0.7683,-0.7771,-0.7942,-0.8237,-0.8581,-0.8011,-0.5997,-0.5327,-0.573,-0.4886,-0.4191,-0.3933,-0.3893,-0.3974,-0.4418,-0.5182,-0.632,-0.7805,-0.812,-0.6899,-0.5822,-0.4773,-0.3297,-0.1508,-0.0644,-0.1197,-0.2191,-0.3036,-0.7882,-0.7861,-0.7823,-0.7771,-0.771,-0.7646,-0.7591,-0.7556,-0.7554,-0.7589,-0.7653,-0.7708,-0.76,-0.7006,-0.5893,-0.5478,-0.5531,-0.4825,-0.3596,-0.3145,-0.3869,-0.4155,-0.4483,-0.5167,-0.6332,-0.7991,-0.8344,-0.6773,-0.5815,-0.4837,-0.3219,-0.1037,-0.003,-0.0821,-0.2013,-0.2948,-0.7736,-0.7712,-0.7675,-0.7629,-0.7577,-0.7523,-0.7475,-0.7438,-0.7416,-0.7406,-0.739,-0.7327,-0.7138,-0.6747,-0.6238,-0.5872,-0.5525,-0.4882,-0.4039,-0.3713,-0.3872,-0.3785,-0.3901,-0.462,-0.5611,-0.6208,-0.578,-0.5743,-0.5679,-0.5132,-0.3902,-0.2175,-0.1233,-0.1611,-0.2439,-0.3174,-0.7613,-0.7587,-0.7552,-0.7509,-0.7462,-0.7413,-0.7366,-0.7322,-0.7282,-0.724,-0.7179,-0.7073,-0.6889,-0.6614,-0.6284,-0.5945,-0.5558,-0.5063,-0.454,-0.4127,-0.3584,-0.2603,-0.2366,-0.3615,-0.4894,-0.5372,-0.5066,-0.5393,-0.5883,-0.5711,-0.4879,-0.3731,-0.2945,-0.2857,-0.3182,-0.3598,-0.7507,-0.748,-0.7445,-0.7405,-0.736,-0.7312,-0.7263,-0.7213,-0.716,-0.7097,-0.7014,-0.6895,-0.6727,-0.6506,-0.6241,-0.594,-0.5592,-0.5188,-0.4735,-0.4178,-0.3214,-0.1621,-0.1172,-0.2894,-0.4456,-0.519,-0.5426,-0.5934,-0.6689,-0.6452,-0.5641,-0.4769,-0.4128,-0.3859,-0.3884,-0.4056,-0.7415,-0.7386,-0.7352,-0.7312,-0.7268,-0.7221,-0.7169,-0.7114,-0.7052,-0.6978,-0.6885,-0.6764,-0.6609,-0.6417,-0.6189,-0.5924,-0.5619,-0.5267,-0.4848,-0.4292,-0.346,-0.2448,-0.224,-0.3266,-0.4402,-0.5123,-0.5597,-0.6202,-0.6801,-0.6582,-0.5918,-0.5268,-0.4778,-0.4499,-0.441,-0.4447]},{"header":{"la1":42.85,"la2":41.18,"lo1":11.55,"lo2":14.05,"nx":36,"ny":24,"dx":0.07143,"dy":0.07261,"parameterCategory":2,"parameterNumber":3,"parameterNumberName":"northward_wind","parameterUnit":"m.s-1"},"data":[-0.6099,-0.6105,-0.61,-0.6083,-0.6055,-0.6014,-0.5965,-0.5908,-0.5846,-0.5773,-0.5684,-0.557,-0.5426,-0.525,-0.5046,-0.482,-0.4588,-0.4367,-0.4179,-0.4038,-0.3948,-0.3902,-0.3887,-0.3891,-0.3905,-0.3924,-0.3945,-0.3968,-0.3994,-0.4021,-0.4051,-0.4083,-0.4116,-0.415,-0.4184,-0.4218,-0.6182,-0.6192,-0.6189,-0.6171,-0.6137,-0.6087,-0.6028,-0.5966,-0.5906,-0.5843,-0.5764,-0.5653,-0.5499,-0.5299,-0.5052,-0.4769,-0.4468,-0.418,-0.3941,-0.3781,-0.3702,-0.3686,-0.3707,-0.3744,-0.3783,-0.3822,-0.3858,-0.3893,-0.3928,-0.3964,-0.4002,-0.4042,-0.4082,-0.4124,-0.4165,-0.4205,-0.627,-0.6286,-0.6286,-0.6265,-0.622,-0.615,-0.6066,-0.5988,-0.5931,-0.5893,-0.5844,-0.5752,-0.5596,-0.5369,-0.5072,-0.4709,-0.4303,-0.3903,-0.3582,-0.34,-0.3358,-0.3408,-0.3493,-0.358,-0.3654,-0.3715,-0.3768,-0.3815,-0.3861,-0.3906,-0.3953,-0.4002,-0.4051,-0.4101,-0.415,-0.4197,-0.6362,-0.6386,-0.6391,-0.6368,-0.6305,-0.6197,-0.6056,-0.5927,-0.5871,-0.5892,-0.5917,-0.5872,-0.5726,-0.5477,-0.512,-0.4651,-0.4082,-0.3483,-0.301,-0.281,-0.2871,-0.3057,-0.3251,-0.3408,-0.3524,-0.361,-0.3678,-0.3737,-0.3793,-0.3849,-0.3906,-0.3964,-0.4024,-0.4083,-0.414,-0.4195,-0.6458,-0.6494,-0.6508,-0.6487,-0.6405,-0.6234,-0.5966,-0.569,-0.5606,-0.5774,-0.5974,-0.6026,-0.5907,-0.5642,-0.5229,-0.4634,-0.3822,-0.2858,-0.207,-0.1876,-0.2201,-0.265,-0.3006,-0.3247,-0.3404,-0.3511,-0.3591,-0.366,-0.3726,-0.3792,-0.386,-0.393,-0.4001,-0.4072,-0.4139,-0.4203,-0.6553,-0.6605,-0.6638,-0.6632,-0.6547,-0.6306,-0.5819,-0.5159,-0.493,-0.5481,-0.6053,-0.625,-0.6161,-0.589,-0.5445,-0.4744,-0.364,-0.2068,-0.0623,-0.0519,-0.1428,-0.2282,-0.2818,-0.3125,-0.3306,-0.3422,-0.3508,-0.3584,-0.3658,-0.3736,-0.3817,-0.3901,-0.3986,-0.4069,-0.4149,-0.4222,-0.6642,-0.671,-0.6769,-0.6802,-0.6764,-0.6532,-0.5874,-0.4642,-0.4066,-0.5312,-0.6341,-0.6613,-0.6507,-0.6241,-0.5826,-0.5115,-0.3839,-0.1712,0.0559,0.0509,-0.1035,-0.2161,-0.2757,-0.3064,-0.3234,-0.3342,-0.3426,-0.3506,-0.359,-0.368,-0.3778,-0.3879,-0.3981,-0.408,-0.4173,-0.4257,-0.6714,-0.6791,-0.6869,-0.6957,-0.7039,-0.7003,-0.6599,-0.5635,-0.5205,-0.6366,-0.7141,-0.7166,-0.6933,-0.6692,-0.6422,-0.586,-0.4678,-0.2742,-0.0734,-0.0554,-0.1606,-0.2412,-0.2838,-0.3056,-0.3178,-0.3263,-0.334,-0.3423,-0.3518,-0.3626,-0.3743,-0.3867,-0.3991,-0.4109,-0.4218,-0.4314,-0.6759,-0.6822,-0.6879,-0.6982,-0.7223,-0.7565,-0.7823,-0.7959,-0.8302,-0.8724,-0.8472,-0.7844,-0.7362,-0.7199,-0.7308,-0.7085,-0.5917,-0.4333,-0.2999,-0.2476,-0.2593,-0.2816,-0.2965,-0.3052,-0.3112,-0.3171,-0.3241,-0.3331,-0.3441,-0.3572,-0.3717,-0.387,-0.4021,-0.4164,-0.4292,-0.44,-0.6779,-0.6798,-0.6739,-0.6684,-0.7023,-0.7912,-0.8927,-1.0093,-1.1705,-1.2106,-1.0172,-0.8451,-0.7664,-0.7615,-0.8501,-0.9007,-0.7008,-0.5247,-0.4144,-0.3512,-0.3205,-0.307,-0.3012,-0.2996,-0.3011,-0.3054,-0.3124,-0.3225,-0.3358,-0.352,-0.3703,-0.3895,-0.4084,-0.4256,-0.4406,-0.4526,-0.6794,-0.6768,-0.6546,-0.6099,-0.6356,-0.8042,-0.974,-1.1411,-1.4998,-1.6816,-1.1531,-0.8631,-0.7765,-0.7784,-0.8471,-0.907,-0.6852,-0.5267,-0.4417,-0.3815,-0.3362,-0.3069,-0.2913,-0.2857,-0.2866,-0.2913,-0.299,-0.3106,-0.3269,-0.3475,-0.371,-0.3956,-0.4193,-0.4404,-0.4576,-0.4707,-0.6824,-0.6822,-0.6635,-0.6239,-0.6606,-0.8564,-1.0493,-1.1657,-1.318,-1.4166,-1.0427,-0.8153,-0.7767,-0.8475,-0.8033,-0.6848,-0.5559,-0.4877,-0.452,-0.3815,-0.3198,-0.282,-0.2655,-0.2643,-0.2709,-0.2785,-0.2861,-0.2982,-0.3177,-0.3442,-0.3751,-0.4074,-0.4376,-0.4633,-0.4829,-0.4963,-0.6861,-0.6943,-0.6984,-0.7092,-0.7747,-0.9242,-1.1016,-1.2005,-1.1873,-1.0425,-0.8532,-0.756,-0.7392,-0.8874,-0.821,-0.5416,-0.4055,-0.5183,-0.5171,-0.3605,-0.2703,-0.2289,-0.2227,-0.2392,-0.2639,-0.2775,-0.2785,-0.2863,-0.3086,-0.3432,-0.385,-0.4283,-0.4676,-0.4988,-0.5202,-0.5323,-0.6867,-0.7021,-0.7218,-0.755,-0.8191,-0.9234,-1.0543,-1.1748,-1.1059,-0.8789,-0.7224,-0.7526,-0.753,-0.4318,-0.4867,-0.224,-0.0198,-0.2854,-0.3688,-0.2536,-0.1631,-0.1311,-0.1555,-0.2081,-0.2681,-0.2931,-0.2761,-0.2732,-0.299,-0.346,-0.4046,-0.4646,-0.5164,-0.5537,-0.5749,-0.5823,-0.6817,-0.6993,-0.7222,-0.7548,-0.8019,-0.8635,-0.9267,-0.9518,-0.869,-0.705,-0.5796,-0.5232,-0.4094,-0.1233,-0.2502,0.3405,1.045,0.2354,-0.0942,-0.0759,0.0457,0.0512,-0.0499,-0.1508,-0.2323,-0.2677,-0.2501,-0.2477,-0.2853,-0.3545,-0.4405,-0.5267,-0.5964,-0.6391,-0.6548,-0.6506,-0.6709,-0.6868,-0.706,-0.7297,-0.7575,-0.7849,-0.799,-0.7761,-0.695,-0.5751,-0.4921,-0.3425,-0.3273,-0.2627,-0.175,0.2867,0.742,0.2223,-0.0392,0.0714,0.4189,0.3378,0.0699,-0.0735,-0.1396,-0.1645,-0.1666,-0.1905,-0.2606,-0.3706,-0.5033,-0.6331,-0.7286,-0.7718,-0.7695,-0.7408,-0.6558,-0.668,-0.6813,-0.6952,-0.7074,-0.7131,-0.7036,-0.6681,-0.6025,-0.5231,-0.4748,-0.3872,-0.2414,-0.1759,-0.1959,-0.0698,0.012,-0.1252,-0.215,-0.0011,0.4611,0.3658,0.0896,-0.0209,-0.03,-0.0027,-0.0047,-0.0791,-0.216,-0.3966,-0.608,-0.8135,-0.9468,-0.9742,-0.9266,-0.8521,-0.6383,-0.6464,-0.6539,-0.6598,-0.6616,-0.6558,-0.6376,-0.6029,-0.5527,-0.4956,-0.4393,-0.3595,-0.2192,-0.179,-0.2394,-0.2327,-0.2391,-0.3904,-0.5463,-0.2855,-0.0127,0.0531,0.0001,0.003,0.1085,0.2736,0.2997,0.1076,-0.1521,-0.4338,-0.7646,-1.1018,-1.2886,-1.2574,-1.1173,-0.9712,-0.6201,-0.6244,-0.6272,-0.6274,-0.6231,-0.6119,-0.5916,-0.5608,-0.5206,-0.4746,-0.4237,-0.3635,-0.3008,-0.276,-0.29,-0.2962,-0.3087,-0.4139,-0.4977,-0.3983,-0.2545,-0.1447,-0.085,0.0115,0.2573,0.7046,0.798,0.3102,-0.1104,-0.4755,-0.934,-1.4595,-1.7082,-1.557,-1.2878,-1.0647,-0.6022,-0.6035,-0.6029,-0.5993,-0.5916,-0.5784,-0.5584,-0.5314,-0.4982,-0.4604,-0.4191,-0.3759,-0.3371,-0.3125,-0.303,-0.3033,-0.3238,-0.3792,-0.4562,-0.4839,-0.3431,-0.2267,-0.1438,-0.0287,0.226,0.7467,0.8637,0.1964,-0.1777,-0.4984,-0.9768,-1.5982,-1.8807,-1.6625,-1.3386,-1.0898,-0.5853,-0.5844,-0.5814,-0.5756,-0.5662,-0.5524,-0.5338,-0.5102,-0.4822,-0.4511,-0.418,-0.3851,-0.3556,-0.3334,-0.3207,-0.3193,-0.3324,-0.3629,-0.4077,-0.4112,-0.3274,-0.2446,-0.1879,-0.1211,-0.0271,-0.0227,-0.3547,-0.3554,-0.3279,-0.4772,-0.816,-1.2906,-1.5502,-1.448,-1.2253,-1.0312,-0.5699,-0.5673,-0.5627,-0.5557,-0.5456,-0.5322,-0.515,-0.4943,-0.4706,-0.4447,-0.4178,-0.3915,-0.3678,-0.349,-0.3367,-0.3322,-0.3353,-0.3445,-0.3514,-0.3346,-0.2825,-0.2276,-0.2067,-0.1954,-0.214,-0.4049,-0.7575,-0.578,-0.3673,-0.3955,-0.5917,-0.8837,-1.0903,-1.1134,-1.0277,-0.9196,-0.5559,-0.5522,-0.5467,-0.539,-0.5289,-0.5161,-0.5005,-0.4823,-0.462,-0.4402,-0.4178,-0.3961,-0.3764,-0.3599,-0.3478,-0.3401,-0.3359,-0.3326,-0.324,-0.3009,-0.258,-0.2103,-0.2003,-0.221,-0.2679,-0.3802,-0.4859,-0.3875,-0.2387,-0.2759,-0.4292,-0.6248,-0.7811,-0.8489,-0.8425,-0.8001,-0.5435,-0.539,-0.533,-0.5251,-0.5152,-0.5032,-0.489,-0.473,-0.4554,-0.4367,-0.4178,-0.3994,-0.3823,-0.3675,-0.3553,-0.3455,-0.3372,-0.328,-0.3146,-0.2927,-0.2611,-0.2296,-0.2214,-0.2409,-0.2786,-0.3294,-0.3539,-0.2982,-0.2185,-0.2524,-0.3676,-0.5013,-0.6139,-0.682,-0.7055,-0.6988]}]