docs/data/wind_grid.json
[{"header":{"la1":42.85,"la2":41.18,"lo1":11.55,"lo2":14.05,"nx":36,"ny":24,"dx":0.07143,"dy":0.07261,"parameterCategory":2,"parameterNumber":2,"parameterNumberName":"eastward_wind","parameterUnit":"m.s-1"},"data":[5.099,5.1139,5.1283,5.1415,5.1525,5.1594,5.1595,5.1496,5.127,5.0907,5.0419,4.983,4.9164,4.8438,4.7659,4.6833,4.5964,4.5064,4.415,4.3256,4.2439,4.1779,4.134,4.1119,4.105,4.1045,4.104,4.1003,4.0926,4.0812,4.0673,4.0519,4.0358,4.0199,4.0047,3.9907,5.1248,5.1438,5.1632,5.1828,5.2017,5.2178,5.2271,5.2237,5.2023,5.161,5.1025,5.032,4.9538,4.8698,4.7804,4.6851,4.5836,4.4767,4.3653,4.2521,4.1448,4.06,4.0139,4.0062,4.0204,4.0389,4.0518,4.0559,4.0522,4.0424,4.0287,4.0128,3.996,3.9795,3.9638,3.9496,5.1495,5.173,5.198,5.225,5.2544,5.2846,5.3102,5.3201,5.3022,5.2523,5.1777,5.0898,4.9963,4.8994,4.7975,4.6882,4.5698,4.4429,4.3074,4.1605,4.0073,3.883,3.8353,3.8623,3.9184,3.9677,3.9982,4.011,4.0105,4.0012,3.9868,3.9698,3.9519,3.9345,3.9182,3.9038,5.1726,5.2007,5.2312,5.2659,5.3079,5.3591,5.4142,5.4526,5.4439,5.3763,5.271,5.1556,5.0429,4.9325,4.8185,4.6944,4.5563,4.4061,4.2461,4.0603,3.8229,3.6023,3.5582,3.6727,3.807,3.8993,3.9486,3.9677,3.968,3.9573,3.9408,3.9219,3.9024,3.8839,3.867,3.8525,5.1934,5.2263,5.2617,5.3023,5.3561,5.4351,5.5429,5.6464,5.6622,5.5506,5.3826,5.2247,5.09,4.9682,4.8454,4.7078,4.5457,4.3635,4.1845,3.9872,3.6278,3.1739,3.1653,3.4745,3.7187,3.8504,3.9095,3.9277,3.924,3.9091,3.8891,3.8674,3.846,3.8263,3.8089,3.7945,5.2113,5.2505,5.2909,5.3327,5.3897,5.4941,5.6803,5.9255,6.0085,5.7801,5.4941,5.2836,5.1312,5.0055,4.8816,4.7369,4.5485,4.3102,4.0923,3.9771,3.6213,2.9259,2.9677,3.4287,3.7102,3.8373,3.8833,3.889,3.8755,3.8536,3.8288,3.804,3.7807,3.76,3.7425,3.7286,5.2248,5.2752,5.3275,5.3662,5.4035,5.5043,5.7441,6.1588,6.3531,5.9406,5.5468,5.3131,5.1609,5.043,4.9304,4.7942,4.5963,4.2988,3.9702,3.961,3.8949,3.5251,3.4465,3.6476,3.7944,3.8539,3.8612,3.8435,3.8159,3.7857,3.7562,3.7288,3.7041,3.683,3.6659,3.6531,5.2282,5.2974,5.3886,5.4402,5.4123,5.4539,5.6415,5.9489,6.0787,5.7903,5.5012,5.3112,5.1795,5.0793,4.9902,4.8838,4.717,4.4577,4.1797,4.1417,4.194,4.1054,3.962,3.9107,3.8937,3.864,3.8215,3.7766,3.7353,3.6989,3.6669,3.6384,3.6136,3.5929,3.5769,3.5663,5.2083,5.2867,5.4455,5.5832,5.4104,5.3646,5.4837,5.6251,5.6741,5.5912,5.4468,5.3046,5.1938,5.1123,5.051,4.9892,4.8732,4.6927,4.5039,4.3942,4.3821,4.3478,4.1928,4.0477,3.927,3.8212,3.7339,3.6687,3.6217,3.586,3.5561,3.5296,3.5062,3.487,3.4732,3.4657,5.1566,5.1888,5.2659,5.3222,5.1507,5.2223,5.3893,5.5276,5.6329,5.6335,5.4729,5.312,5.2091,5.1423,5.0929,5.0736,5.0009,4.8843,4.7341,4.559,4.425,4.3722,4.2433,4.0516,3.8508,3.6791,3.5618,3.4967,3.4631,3.4411,3.4208,3.3996,3.3791,3.3623,3.3516,3.3486,5.0936,5.0472,4.8941,4.5075,4.5835,5.0753,5.3736,5.5491,5.7947,5.9169,5.5356,5.3139,5.2265,5.1891,5.1269,5.0926,5.0794,5.0615,4.9732,4.7825,4.5803,4.4168,4.213,3.9298,3.6165,3.3709,3.2549,3.2368,3.2522,3.2632,3.2602,3.2465,3.2289,3.2144,3.2077,3.211,5.0557,4.9834,4.8067,4.5148,4.614,5.1163,5.4461,5.5936,5.6799,5.7283,5.4564,5.2852,5.2433,5.296,5.2264,5.1317,5.1686,5.3524,5.3453,5.0458,4.7448,4.4664,4.1299,3.6666,3.1307,2.7729,2.7451,2.8771,2.9968,3.0599,3.0771,3.0682,3.0506,3.037,3.0351,3.0476,5.0521,5.0061,4.9283,4.8691,4.983,5.2611,5.5229,5.6825,5.6147,5.479,5.3348,5.2615,5.226,5.3279,5.2444,5.0692,5.1907,5.8766,5.8911,5.2488,4.8531,4.4991,4.0271,3.2853,2.2876,1.7218,2.0156,2.4671,2.7351,2.8488,2.8749,2.8599,2.8346,2.8191,2.824,2.8509,5.0656,5.052,5.0407,5.0625,5.1563,5.3129,5.4796,5.5997,5.5445,5.3717,5.2594,5.2877,5.2681,4.7864,4.975,4.7771,4.9939,5.4862,5.574,5.2065,4.8951,4.5524,4.005,3.0247,1.4867,0.6612,1.4378,2.1851,2.5302,2.6462,2.6505,2.6081,2.5624,2.542,2.559,2.6108,5.0794,5.0851,5.0998,5.136,5.2023,5.2905,5.3753,5.4167,5.3683,5.2643,5.1865,5.1417,5.0383,4.8937,4.9164,4.7387,5.3447,5.2365,5.2309,5.117,4.9701,4.7119,4.1589,3.2135,1.9088,1.202,1.6685,2.1745,2.3995,2.443,2.3844,2.2839,2.1995,2.1738,2.2175,2.3147,5.0861,5.1001,5.1212,5.1535,5.1975,5.2458,5.283,5.2894,5.2534,5.1956,5.1664,5.0489,5.0468,5.0204,5.0247,5.1072,5.3176,5.2351,5.2012,5.1508,5.1959,5.0205,4.3974,3.5775,2.729,2.2065,2.1356,2.2169,2.2575,2.1997,2.0407,1.8358,1.6848,1.6635,1.7701,1.9524,5.0852,5.1012,5.1215,5.1469,5.1756,5.2024,5.2189,5.2172,5.1961,5.1687,5.1585,5.1112,5.1225,5.1425,5.1226,5.1618,5.2287,5.311,5.3605,5.2497,5.2452,5.0786,4.4653,3.7006,2.9288,2.3311,2.0398,2.0019,2.0105,1.8907,1.5849,1.1846,0.9172,0.9402,1.1918,1.5273,5.0782,5.0936,5.1111,5.1305,5.1498,5.1659,5.1747,5.1735,5.1635,5.1505,5.1393,5.1319,5.1538,5.1736,5.2303,5.2867,5.3236,5.5501,5.8107,5.4528,5.1651,4.8738,4.3434,3.5508,2.5383,1.5345,1.1611,1.4428,1.6821,1.5606,1.022,0.2418,-0.2255,-0.0391,0.5095,1.0838,5.067,5.0809,5.0955,5.1104,5.1242,5.1352,5.1415,5.1423,5.139,5.1345,5.1324,5.1382,5.1622,5.2287,5.4405,5.5339,5.4042,5.5675,5.7513,5.6368,5.2817,4.8361,4.2474,3.3387,1.8928,-0.0477,-0.4986,0.7875,1.4566,1.3411,0.4929,-0.8814,-1.6178,-1.0719,-0.0983,0.7346,5.0532,5.0652,5.0774,5.0892,5.0998,5.1082,5.1137,5.1164,5.1172,5.1182,5.1227,5.136,5.169,5.249,5.4146,5.4752,5.3962,5.5083,5.8641,6.0279,5.4326,4.904,4.3121,3.3861,1.8773,-0.2916,-0.7744,0.9977,1.5931,1.3773,0.3765,-1.3188,-2.194,-1.4427,-0.2915,0.6263,5.0375,5.048,5.0582,5.0678,5.0763,5.0833,5.0884,5.0921,5.0952,5.0992,5.1069,5.1223,5.1522,5.2054,5.275,5.31,5.3232,5.4195,5.6342,5.6804,5.3659,5.0746,4.6773,3.8448,2.6896,1.9003,2.3535,2.3138,2.0138,1.6379,0.8473,-0.3978,-1.1248,-0.7352,0.0755,0.8094,5.0208,5.0298,5.0383,5.0463,5.0533,5.0592,5.0639,5.0679,5.0717,5.0767,5.0846,5.0977,5.1189,5.1491,5.1818,5.2058,5.2299,5.2803,5.3471,5.3568,5.3613,5.5957,5.5726,4.5974,3.4351,2.9019,3.2241,2.8273,2.1557,1.8387,1.4295,0.7763,0.3003,0.3412,0.7212,1.1763,5.0034,5.011,5.0181,5.0247,5.0304,5.0353,5.0394,5.0429,5.0465,5.0508,5.0569,5.0659,5.0786,5.0942,5.1098,5.1227,5.1359,5.1556,5.1814,5.2299,5.4429,6.0672,6.2828,5.1236,3.8762,3.1567,2.8778,2.3809,1.7475,1.7692,1.7486,1.4907,1.2348,1.181,1.3287,1.5785,4.9854,4.9918,4.9977,5.0029,5.0075,5.0113,5.0144,5.017,5.0194,5.0221,5.0255,5.03,5.0355,5.0413,5.0459,5.0482,5.0494,5.0526,5.0659,5.1207,5.3031,5.6467,5.6641,4.9292,4.0111,3.3129,2.7969,2.1985,1.6885,1.7737,1.9135,1.8707,1.7697,1.7326,1.7958,1.9342]},{"header":{"la1":42.85,"la2":41.18,"lo1":11.55,"lo2":14.05,"nx":36,"ny":24,"dx":0.07143,"dy":0.07261,"parameterCategory":2,"parameterNumber":3,"parameterNumberName":"northward_wind","parameterUnit":"m.s-1"},"data":[0.6089,0.6232,0.6375,0.6518,0.6656,0.6777,0.6866,0.69,0.6863,0.6755,0.6593,0.6403,0.6207,0.602,0.5843,0.5677,0.5518,0.5364,0.5215,0.5073,0.4939,0.4818,0.4709,0.4609,0.4508,0.44,0.4281,0.415,0.4007,0.3857,0.3701,0.3542,0.3384,0.3229,0.308,0.2938,0.6237,0.6408,0.6584,0.6767,0.6957,0.7143,0.7297,0.7375,0.7339,0.7182,0.6942,0.6672,0.6412,0.6178,0.5969,0.5777,0.5595,0.5418,0.5247,0.5082,0.4927,0.4794,0.4687,0.4598,0.451,0.4409,0.429,0.4153,0.4,0.3836,0.3665,0.3491,0.3317,0.3148,0.2985,0.2832,0.6395,0.6599,0.6812,0.7042,0.7301,0.759,0.787,0.8049,0.8025,0.7778,0.7393,0.6988,0.6634,0.6344,0.61,0.5881,0.5671,0.5466,0.5265,0.5068,0.4877,0.4718,0.4617,0.4559,0.45,0.4415,0.4299,0.4155,0.399,0.381,0.3621,0.3428,0.3236,0.305,0.2873,0.2707,0.6568,0.6811,0.7061,0.7335,0.7676,0.8124,0.8651,0.9074,0.9106,0.8661,0.798,0.7343,0.6859,0.651,0.6237,0.5993,0.575,0.5505,0.5269,0.5032,0.4772,0.4547,0.4465,0.4482,0.4481,0.4422,0.431,0.4158,0.3978,0.3778,0.3566,0.3351,0.3137,0.2931,0.2737,0.2558,0.6762,0.7058,0.7348,0.7647,0.8044,0.8699,0.97,1.0743,1.0976,1.0033,0.8711,0.7691,0.7057,0.6669,0.639,0.6127,0.5837,0.5525,0.5244,0.4994,0.4636,0.4234,0.4206,0.4385,0.447,0.4439,0.4329,0.4164,0.3963,0.3738,0.3499,0.3255,0.3015,0.2786,0.2572,0.2378,0.6984,0.7375,0.7732,0.8014,0.8354,0.9147,1.0879,1.3403,1.4306,1.2013,0.9412,0.7902,0.7176,0.6819,0.658,0.6317,0.5959,0.551,0.5122,0.4964,0.4638,0.404,0.4066,0.4379,0.4507,0.4482,0.4361,0.4176,0.3948,0.3689,0.3415,0.3136,0.2864,0.2607,0.2371,0.2161,0.7226,0.7803,0.835,0.8614,0.8629,0.9158,1.1305,1.5764,1.7971,1.3358,0.9446,0.7773,0.7181,0.6983,0.6853,0.6624,0.6204,0.5563,0.4909,0.4888,0.4855,0.4516,0.4437,0.4565,0.4618,0.4562,0.4417,0.4202,0.3935,0.3632,0.3311,0.2987,0.2675,0.2385,0.2124,0.1897,0.7415,0.8295,0.9375,0.9887,0.9116,0.8632,0.982,1.2959,1.4428,1.0924,0.8165,0.7235,0.7121,0.7228,0.7281,0.713,0.6693,0.6,0.5318,0.5125,0.498,0.4861,0.4821,0.4813,0.4783,0.4688,0.4512,0.4256,0.3933,0.3567,0.3181,0.2798,0.2435,0.2105,0.1816,0.1573,0.7387,0.848,1.031,1.175,0.9619,0.7778,0.7438,0.7774,0.7488,0.6424,0.6101,0.6532,0.7149,0.7652,0.7935,0.7891,0.7425,0.6738,0.6046,0.5411,0.4732,0.4786,0.4996,0.5031,0.4995,0.489,0.4683,0.4365,0.3956,0.3495,0.3017,0.2553,0.2125,0.1747,0.1428,0.1171,0.7013,0.7831,0.9044,0.9771,0.7961,0.6513,0.5471,0.4282,0.2417,0.1828,0.3913,0.6011,0.7473,0.8343,0.8708,0.8759,0.8189,0.7522,0.68,0.5921,0.5088,0.5029,0.5214,0.529,0.5318,0.5252,0.5012,0.4584,0.4026,0.3412,0.28,0.2228,0.1718,0.1284,0.0935,0.0668,0.6424,0.6748,0.672,0.5769,0.567,0.5323,0.418,0.2527,-0.1623,-0.3802,0.2255,0.6034,0.835,0.9662,0.9413,0.9017,0.8748,0.8413,0.7844,0.6888,0.6024,0.563,0.5565,0.5689,0.5915,0.599,0.5674,0.5001,0.4159,0.33,0.2496,0.178,0.1169,0.0675,0.0298,0.0036,0.5848,0.5938,0.5791,0.543,0.5273,0.4566,0.3512,0.2696,0.0581,-0.0885,0.3191,0.6652,0.9699,1.286,1.1766,0.9945,0.9515,0.9985,0.9692,0.8026,0.6691,0.601,0.5883,0.6304,0.7131,0.759,0.699,0.5706,0.4333,0.3099,0.2038,0.1144,0.0416,-0.0142,-0.0532,-0.0768,0.5357,0.5371,0.5286,0.5099,0.4721,0.3994,0.3244,0.2979,0.2769,0.2746,0.4542,0.7147,0.9482,1.4061,1.2836,1.0607,1.0337,1.2723,1.2581,0.8774,0.681,0.5978,0.5994,0.7106,0.9454,1.0879,0.9234,0.6588,0.4377,0.2673,0.1318,0.022,-0.0638,-0.1253,-0.1629,-0.1796,0.4936,0.4898,0.4785,0.4564,0.4185,0.3668,0.3201,0.2986,0.2904,0.3029,0.4196,0.738,0.8629,0.8885,0.9947,1.2312,1.1091,1.0804,1.0481,0.7823,0.6133,0.545,0.5673,0.7464,1.1834,1.4707,1.115,0.6855,0.39,0.1816,0.0189,-0.1129,-0.2134,-0.2788,-0.3094,-0.3115,0.4571,0.4494,0.4352,0.4125,0.3807,0.3433,0.3086,0.2802,0.2417,0.1739,0.1337,0.2538,0.399,0.1435,0.8166,1.2654,0.9517,0.851,0.7228,0.5825,0.4904,0.4579,0.4798,0.6283,0.9836,1.218,0.9234,0.5339,0.2504,0.0354,-0.1492,-0.3091,-0.4292,-0.4949,-0.5071,-0.4803,0.4258,0.4155,0.3998,0.378,0.3501,0.3175,0.2808,0.2331,0.1467,-0.0465,-0.4196,-0.3505,-0.0789,0.2369,0.5255,0.7724,0.797,0.6223,0.4517,0.3903,0.4277,0.4088,0.3716,0.4104,0.5222,0.5749,0.4365,0.2237,0.0275,-0.1683,-0.383,-0.5945,-0.7484,-0.8055,-0.7744,-0.6925,0.3988,0.387,0.3708,0.3496,0.3231,0.2908,0.2498,0.1904,0.0891,-0.1019,-0.3813,-0.2881,-0.2931,-0.2984,0.1398,0.331,0.3597,0.1925,0.0336,0.158,0.3959,0.3608,0.2525,0.1905,0.1254,0.028,-0.0701,-0.1356,-0.2225,-0.4003,-0.6871,-1.0146,-1.2351,-1.2558,-1.1271,-0.946,0.3757,0.363,0.3464,0.3256,0.2998,0.2676,0.2261,0.169,0.0868,-0.0237,-0.1235,-0.1691,-0.3369,-0.3862,-0.2555,-0.2397,-0.1055,-0.3068,-0.62,-0.2286,0.0511,0.1251,0.0799,-0.0279,-0.2422,-0.5407,-0.6439,-0.4948,-0.4277,-0.6055,-1.0498,-1.6291,-1.9728,-1.8763,-1.5493,-1.2133,0.3557,0.3425,0.3259,0.3055,0.2805,0.2497,0.2112,0.1622,0.1011,0.0318,-0.0344,-0.1005,-0.1962,-0.3472,-0.8894,-1.1443,-0.4671,-0.4209,-0.576,-0.4791,-0.2548,-0.1115,-0.0993,-0.2119,-0.5623,-1.2588,-1.4218,-0.7676,-0.4877,-0.6987,-1.3801,-2.3743,-2.8892,-2.5401,-1.9282,-1.4237,0.3384,0.325,0.3086,0.2889,0.2651,0.2365,0.2021,0.1609,0.1131,0.0604,0.0042,-0.0624,-0.1625,-0.3679,-0.8159,-0.9601,-0.5232,-0.4314,-0.6775,-0.8031,-0.4503,-0.2831,-0.2471,-0.2953,-0.5593,-1.3166,-1.5016,-0.4855,-0.2694,-0.5867,-1.414,-2.6619,-3.2746,-2.7779,-2.0437,-1.4835,0.3234,0.31,0.2941,0.2752,0.2529,0.2267,0.1961,0.1608,0.1208,0.0763,0.0258,-0.0368,-0.126,-0.2643,-0.4344,-0.4831,-0.3949,-0.3951,-0.5398,-0.5958,-0.4759,-0.4512,-0.4359,-0.3306,-0.2105,0.0437,0.8434,0.6891,0.1823,-0.2789,-0.9999,-1.9871,-2.5368,-2.2997,-1.7966,-1.3596,0.3104,0.2972,0.2818,0.2638,0.243,0.2191,0.1917,0.1607,0.126,0.087,0.0422,-0.0119,-0.0801,-0.163,-0.2415,-0.2799,-0.2863,-0.3168,-0.3845,-0.4444,-0.542,-0.7843,-0.847,-0.4902,-0.0121,0.7486,1.7769,1.2194,0.432,0.055,-0.45,-1.0916,-1.5286,-1.5664,-1.3677,-1.1208,0.299,0.2862,0.2714,0.2545,0.2351,0.2131,0.1884,0.1608,0.13,0.0956,0.0567,0.012,-0.0393,-0.0942,-0.1444,-0.1817,-0.2117,-0.2519,-0.3131,-0.4124,-0.6325,-1.0613,-1.191,-0.6596,-0.0688,0.5032,0.9007,0.6642,0.395,0.281,-0.074,-0.5174,-0.8556,-0.9934,-0.9685,-0.8649,0.2892,0.2768,0.2626,0.2466,0.2286,0.2084,0.186,0.1611,0.1336,0.1033,0.0697,0.0326,-0.0075,-0.0488,-0.088,-0.1237,-0.1595,-0.2037,-0.2674,-0.3727,-0.5626,-0.8234,-0.8712,-0.5434,-0.1271,0.2228,0.415,0.4012,0.3813,0.3112,0.0596,-0.2438,-0.4907,-0.6324,-0.6735,-0.6476]}]