docs/data/wind_grid.json
[{"header":{"la1":42.85,"la2":41.18,"lo1":11.55,"lo2":14.05,"nx":36,"ny":24,"dx":0.07143,"dy":0.07261,"parameterCategory":2,"parameterNumber":2,"parameterNumberName":"eastward_wind","parameterUnit":"m.s-1"},"data":[-0.0087,-0.0174,-0.0283,-0.0411,-0.0546,-0.0675,-0.0777,-0.0829,-0.0817,-0.0736,-0.0595,-0.0411,-0.0199,0.0025,0.0252,0.0472,0.067,0.0832,0.0938,0.0976,0.0945,0.0855,0.0726,0.0577,0.0424,0.0276,0.0142,0.0023,-0.008,-0.0166,-0.0238,-0.0296,-0.0343,-0.038,-0.0409,-0.0433,-0.0003,-0.0108,-0.0249,-0.0423,-0.0621,-0.082,-0.0988,-0.1087,-0.1085,-0.0976,-0.0778,-0.0523,-0.024,0.0055,0.0351,0.0642,0.0913,0.114,0.1289,0.1333,0.1271,0.1124,0.093,0.072,0.0515,0.0327,0.0162,0.0022,-0.0095,-0.0189,-0.0265,-0.0325,-0.037,-0.0406,-0.0432,-0.0452,0.0121,-0.0001,-0.0178,-0.0413,-0.0699,-0.1009,-0.1293,-0.1479,-0.1499,-0.1337,-0.104,-0.0677,-0.0295,0.0088,0.0471,0.0855,0.1233,0.1567,0.1791,0.1842,0.1716,0.1469,0.117,0.0871,0.0599,0.0362,0.0164,0.0002,-0.0127,-0.0229,-0.0306,-0.0364,-0.0407,-0.0438,-0.0459,-0.0474,0.03,0.017,-0.0042,-0.035,-0.0757,-0.1241,-0.1734,-0.2097,-0.2164,-0.1891,-0.1409,-0.0873,-0.0358,0.0131,0.0612,0.1113,0.1646,0.2167,0.2537,0.2595,0.2334,0.19,0.1436,0.1015,0.066,0.0369,0.0137,-0.0045,-0.0185,-0.0289,-0.0364,-0.0417,-0.0453,-0.0476,-0.049,-0.0499,0.0556,0.0437,0.0203,-0.018,-0.074,-0.1481,-0.2344,-0.3089,-0.3274,-0.2739,-0.1888,-0.1086,-0.0407,0.0193,0.0772,0.1397,0.2139,0.2996,0.3682,0.3737,0.3169,0.2394,0.1689,0.1119,0.0674,0.033,0.0067,-0.013,-0.0273,-0.0374,-0.0441,-0.0484,-0.0508,-0.052,-0.0525,-0.0524,0.0912,0.0842,0.0621,0.0184,-0.0533,-0.1592,-0.3027,-0.4567,-0.5063,-0.3893,-0.2378,-0.1243,-0.0405,0.0294,0.0952,0.1665,0.2612,0.3978,0.5321,0.5328,0.4116,0.2827,0.1843,0.1131,0.0609,0.0223,-0.0061,-0.0263,-0.04,-0.0488,-0.0539,-0.0564,-0.0572,-0.0569,-0.056,-0.0548,0.139,0.1435,0.1303,0.0874,0.004,-0.1287,-0.3243,-0.5766,-0.6784,-0.4672,-0.2547,-0.124,-0.0321,0.0465,0.1192,0.1904,0.2844,0.4512,0.6586,0.6497,0.4592,0.2921,0.1783,0.0998,0.0435,0.0027,-0.0262,-0.0456,-0.0574,-0.0637,-0.066,-0.0659,-0.0642,-0.0619,-0.0593,-0.0568,0.1995,0.2267,0.2368,0.2073,0.1187,-0.0289,-0.2242,-0.445,-0.5285,-0.3731,-0.2161,-0.1084,-0.0175,0.0748,0.1642,0.2296,0.2832,0.3875,0.5359,0.5347,0.3882,0.2482,0.1451,0.0695,0.0131,-0.0279,-0.0557,-0.0723,-0.0802,-0.0821,-0.0802,-0.0763,-0.0714,-0.0665,-0.0619,-0.058,0.2689,0.3346,0.3954,0.407,0.314,0.1336,-0.0553,-0.2025,-0.2658,-0.2407,-0.1758,-0.0987,-0.0088,0.1139,0.2668,0.3437,0.3121,0.3032,0.3348,0.3287,0.2608,0.1739,0.0932,0.0242,-0.0316,-0.0722,-0.0971,-0.1082,-0.1093,-0.1042,-0.0961,-0.087,-0.0781,-0.07,-0.0632,-0.0577,0.3345,0.4526,0.6054,0.7248,0.6263,0.3297,0.0815,-0.0841,-0.2145,-0.2574,-0.1913,-0.114,-0.028,0.1288,0.4635,0.6295,0.3883,0.2711,0.2394,0.2143,0.1686,0.1058,0.0358,-0.0333,-0.0932,-0.1353,-0.1551,-0.1561,-0.1453,-0.1295,-0.1127,-0.0968,-0.083,-0.0714,-0.0622,-0.0552,0.3735,0.533,0.7837,1.0801,0.9975,0.4873,0.1691,-0.015,-0.3094,-0.4395,-0.2355,-0.1487,-0.0929,0.0128,0.3715,0.6234,0.3504,0.2492,0.2157,0.1765,0.1223,0.0558,-0.021,-0.1039,-0.18,-0.2283,-0.238,-0.2189,-0.188,-0.1562,-0.1278,-0.1039,-0.0845,-0.0693,-0.0579,-0.0497,0.3662,0.5193,0.7551,1.0249,0.9304,0.4581,0.2229,0.1562,-0.0731,-0.2777,-0.2092,-0.1992,-0.1819,-0.1836,-0.0818,0.1483,0.2249,0.2646,0.2576,0.1868,0.1039,0.0192,-0.0768,-0.1915,-0.3082,-0.3732,-0.3575,-0.2975,-0.2335,-0.18,-0.1379,-0.1053,-0.0803,-0.0618,-0.0487,-0.0401,0.3165,0.4224,0.5515,0.6391,0.5422,0.3335,0.2606,0.2163,0.2817,-0.0342,-0.2034,-0.3332,-0.2937,-0.2536,-0.2175,0.0529,0.238,0.3592,0.3515,0.208,0.089,-0.0121,-0.1274,-0.29,-0.4908,-0.5927,-0.5133,-0.379,-0.2707,-0.1936,-0.1382,-0.0974,-0.0675,-0.0465,-0.0328,-0.025,0.248,0.3062,0.3574,0.3683,0.3135,0.2438,0.2529,0.3793,0.2747,-0.0427,-0.2556,-0.5298,-0.5529,0.116,-0.025,0.229,0.4677,0.3883,0.3122,0.174,0.0542,-0.0407,-0.1565,-0.3507,-0.6438,-0.7945,-0.6273,-0.4201,-0.2796,-0.1876,-0.1232,-0.0763,-0.0427,-0.0207,-0.0082,-0.0031,0.1807,0.2084,0.2246,0.218,0.1881,0.1573,0.1496,0.1397,0.0259,-0.1786,-0.3272,-0.3584,-0.2216,-0.0893,0.0483,0.676,1.3706,0.6151,0.2566,0.0944,0.0035,-0.0578,-0.1514,-0.3146,-0.5526,-0.6806,-0.5511,-0.3742,-0.2463,-0.1566,-0.0893,-0.0379,-0.0018,0.0193,0.0276,0.0268,0.1231,0.1339,0.1354,0.1239,0.1009,0.0724,0.0389,-0.0199,-0.1386,-0.331,-0.5775,-0.415,-0.2989,-0.1358,0.0262,0.5496,1.0337,0.4827,0.131,0.0013,-0.0172,-0.0445,-0.1325,-0.2408,-0.3546,-0.4109,-0.3633,-0.2707,-0.1821,-0.1045,-0.0357,0.0218,0.0612,0.0784,0.0772,0.0655,0.0759,0.0775,0.072,0.0578,0.0349,0.0036,-0.0397,-0.1056,-0.208,-0.3596,-0.5387,-0.4203,-0.2621,-0.2014,-0.1162,0.0574,0.175,0.041,-0.097,-0.1048,-0.0306,-0.0586,-0.1454,-0.2076,-0.2464,-0.2546,-0.228,-0.1766,-0.1126,-0.0414,0.0357,0.1086,0.1548,0.1623,0.1421,0.1118,0.0378,0.0342,0.0249,0.009,-0.0142,-0.0456,-0.0876,-0.1439,-0.2166,-0.2976,-0.3494,-0.3183,-0.2478,-0.239,-0.3335,-0.3523,-0.2292,-0.2379,-0.2872,-0.2664,-0.2064,-0.1873,-0.2082,-0.2176,-0.2111,-0.2009,-0.1764,-0.12,-0.0522,0.0233,0.1203,0.2271,0.2873,0.2721,0.2175,0.16,0.0069,0.0003,-0.0108,-0.0273,-0.0497,-0.0786,-0.1149,-0.1588,-0.2079,-0.2537,-0.2818,-0.2862,-0.293,-0.3805,-0.7295,-0.8718,-0.4764,-0.358,-0.3838,-0.5074,-0.4207,-0.341,-0.3001,-0.252,-0.204,-0.2232,-0.2235,-0.087,0.0102,0.0831,0.1989,0.3577,0.4381,0.3827,0.2828,0.1974,-0.018,-0.0263,-0.0382,-0.0544,-0.0752,-0.1007,-0.1309,-0.165,-0.2003,-0.2327,-0.2585,-0.2818,-0.3247,-0.4426,-0.7004,-0.7793,-0.5377,-0.4904,-0.7343,-0.8618,-0.602,-0.4965,-0.4318,-0.3144,-0.1803,-0.193,-0.2036,0.0582,0.1133,0.1299,0.2271,0.4067,0.4977,0.4212,0.3029,0.2082,-0.0383,-0.0474,-0.0594,-0.0748,-0.0936,-0.1158,-0.141,-0.1684,-0.1964,-0.2234,-0.2494,-0.2793,-0.3253,-0.4039,-0.5027,-0.5334,-0.4921,-0.5187,-0.6567,-0.721,-0.6783,-0.7253,-0.7013,-0.468,-0.138,0.1992,0.6153,0.5112,0.2427,0.1404,0.1808,0.308,0.3861,0.3465,0.2628,0.1873,-0.0549,-0.0642,-0.0759,-0.0902,-0.1072,-0.1266,-0.1481,-0.171,-0.1947,-0.2187,-0.2438,-0.273,-0.3107,-0.3589,-0.4067,-0.4349,-0.4518,-0.495,-0.5735,-0.6653,-0.8461,-1.2032,-1.287,-0.7968,-0.1948,0.4247,1.0259,0.6999,0.1884,0.0566,0.087,0.1678,0.2275,0.228,0.191,0.1457,-0.0684,-0.0777,-0.0889,-0.1022,-0.1174,-0.1346,-0.1533,-0.1732,-0.1939,-0.2156,-0.2388,-0.2648,-0.295,-0.3288,-0.3622,-0.3921,-0.4249,-0.4749,-0.5555,-0.6985,-1.0114,-1.5734,-1.7352,-1.0645,-0.3542,0.1784,0.459,0.226,-0.1293,-0.106,-0.0113,0.0636,0.1132,0.1302,0.1211,0.0995,-0.0796,-0.0886,-0.0992,-0.1115,-0.1253,-0.1406,-0.1572,-0.1748,-0.1934,-0.213,-0.2339,-0.2568,-0.282,-0.3093,-0.3378,-0.3683,-0.4055,-0.4583,-0.5415,-0.6855,-0.9424,-1.2811,-1.342,-0.9318,-0.4324,-0.0699,0.0817,-0.0184,-0.1767,-0.1433,-0.0579,0.0041,0.0439,0.0635,0.0662,0.0582]},{"header":{"la1":42.85,"la2":41.18,"lo1":11.55,"lo2":14.05,"nx":36,"ny":24,"dx":0.07143,"dy":0.07261,"parameterCategory":2,"parameterNumber":3,"parameterNumberName":"northward_wind","parameterUnit":"m.s-1"},"data":[0.1063,0.0914,0.0752,0.0581,0.0409,0.0249,0.0122,0.0047,0.0039,0.01,0.0212,0.0355,0.0508,0.0659,0.0801,0.0933,0.1057,0.117,0.1273,0.1365,0.1449,0.1526,0.1601,0.1674,0.1748,0.1825,0.1903,0.1985,0.2069,0.2156,0.2245,0.2335,0.2425,0.2513,0.26,0.2683,0.1002,0.0828,0.0631,0.0413,0.018,-0.005,-0.0244,-0.0364,-0.0377,-0.028,-0.0104,0.0106,0.0315,0.0509,0.0683,0.0841,0.0987,0.1119,0.1235,0.1334,0.1418,0.1494,0.1565,0.1637,0.171,0.1787,0.1867,0.1952,0.2041,0.2135,0.2231,0.2328,0.2426,0.2523,0.2616,0.2707,0.0955,0.0754,0.0519,0.0242,-0.0075,-0.0415,-0.073,-0.0939,-0.0966,-0.0798,-0.0507,-0.0187,0.0105,0.0351,0.0561,0.0749,0.0925,0.1085,0.122,0.1325,0.1404,0.147,0.1534,0.1599,0.1669,0.1744,0.1825,0.1914,0.2008,0.2109,0.2214,0.2321,0.2429,0.2535,0.2637,0.2735,0.0926,0.0703,0.043,0.0088,-0.0339,-0.0849,-0.1385,-0.1788,-0.1856,-0.1539,-0.1021,-0.0516,-0.0115,0.0188,0.0431,0.0652,0.0872,0.1081,0.125,0.1357,0.1417,0.146,0.1506,0.156,0.1622,0.1693,0.1774,0.1866,0.1967,0.2077,0.2193,0.2312,0.2432,0.255,0.2663,0.2769,0.0921,0.0684,0.0384,-0.0015,-0.0563,-0.1313,-0.2245,-0.3093,-0.329,-0.2625,-0.1646,-0.0847,-0.0319,0.0022,0.028,0.0533,0.0822,0.1129,0.1369,0.1469,0.1472,0.1464,0.1479,0.1514,0.1565,0.1629,0.1708,0.1803,0.1913,0.2035,0.2166,0.2302,0.2437,0.2569,0.2695,0.2812,0.0942,0.0703,0.0397,-0.0024,-0.0658,-0.1658,-0.3184,-0.4986,-0.5574,-0.4076,-0.2247,-0.1087,-0.0475,-0.0151,0.0077,0.0345,0.0734,0.123,0.1637,0.1697,0.1564,0.1471,0.1445,0.1456,0.1489,0.1542,0.1617,0.1716,0.1839,0.1979,0.2132,0.2289,0.2445,0.2595,0.2736,0.2865,0.0981,0.0751,0.0469,0.0085,-0.052,-0.1594,-0.3545,-0.6504,-0.7783,-0.5028,-0.2396,-0.1097,-0.0557,-0.0361,-0.0248,-0.0008,0.0489,0.1235,0.1901,0.1901,0.1606,0.1444,0.1386,0.1372,0.1381,0.1416,0.1485,0.1592,0.1735,0.1904,0.2087,0.2275,0.2458,0.263,0.2788,0.293,0.1027,0.0802,0.0554,0.0267,-0.0153,-0.0949,-0.2484,-0.4822,-0.5778,-0.3662,-0.1742,-0.0853,-0.0592,-0.067,-0.0824,-0.0699,-0.0099,0.0791,0.153,0.1639,0.1461,0.1348,0.1289,0.1245,0.1216,0.1222,0.1284,0.1409,0.1587,0.1801,0.2031,0.226,0.2479,0.2679,0.2857,0.3014,0.1066,0.0813,0.0553,0.035,0.0221,-0.0041,-0.07,-0.1608,-0.1975,-0.1491,-0.0863,-0.054,-0.0631,-0.113,-0.1901,-0.2075,-0.1106,0.0051,0.0823,0.115,0.1225,0.1213,0.1152,0.1053,0.0954,0.091,0.0967,0.1131,0.1376,0.1665,0.1964,0.2252,0.2515,0.2748,0.295,0.3121,0.1105,0.077,0.0356,0.0031,0.0188,0.0658,0.0752,0.028,-0.0562,-0.0899,-0.0473,-0.0319,-0.0661,-0.1565,-0.3637,-0.4664,-0.2215,-0.0412,0.0496,0.0923,0.1093,0.11,0.0977,0.0755,0.0516,0.0384,0.045,0.0706,0.108,0.1494,0.1896,0.2261,0.2579,0.2849,0.3074,0.3257,0.1191,0.0765,0.0091,-0.0727,-0.047,0.1137,0.2092,0.1681,-0.1029,-0.2377,-0.0437,-0.0154,-0.0671,-0.1503,-0.3395,-0.4726,-0.1952,-0.0156,0.0657,0.0994,0.1105,0.1033,0.0756,0.0283,-0.0246,-0.0544,-0.0411,0.0068,0.0688,0.1301,0.1846,0.2308,0.2689,0.2997,0.3241,0.3433,0.1385,0.0984,0.0327,-0.0487,-0.0077,0.2097,0.3835,0.4334,0.1939,-0.0389,0.0352,0.0004,-0.0829,-0.171,-0.1806,-0.1542,-0.0467,0.075,0.1211,0.1251,0.1213,0.1005,0.0486,-0.0449,-0.1601,-0.2226,-0.1827,-0.0824,0.0235,0.1136,0.1858,0.2425,0.2867,0.3208,0.3465,0.3655,0.1689,0.1448,0.1149,0.1018,0.172,0.3415,0.5298,0.5175,0.6569,0.3061,0.1311,-0.0214,-0.0985,-0.2049,-0.1824,-0.0548,0.0394,0.1697,0.1805,0.1497,0.1339,0.101,0.0233,-0.1393,-0.3802,-0.5079,-0.3861,-0.1818,-0.0129,0.11,0.1993,0.2654,0.3145,0.3504,0.3759,0.3935,0.2037,0.1969,0.1968,0.2197,0.2881,0.4071,0.5671,0.7881,0.6956,0.3991,0.207,-0.0876,-0.1816,-0.0763,-0.0161,0.0017,0.0179,0.1253,0.1646,0.1592,0.1384,0.1013,0.0188,-0.1923,-0.5776,-0.7896,-0.5419,-0.2281,-0.0112,0.1322,0.232,0.3037,0.3551,0.3905,0.4137,0.4278,0.2361,0.2402,0.2534,0.2831,0.3362,0.4115,0.4975,0.5576,0.518,0.4369,0.3933,0.3026,0.199,0.2729,0.1316,-0.0333,-0.2343,0.0399,0.1672,0.1667,0.103,0.0757,0.0439,-0.1154,-0.4333,-0.6178,-0.4195,-0.1478,0.0499,0.1875,0.2874,0.3603,0.4111,0.4431,0.4608,0.4687,0.2631,0.2724,0.289,0.3158,0.3539,0.3996,0.4433,0.4696,0.4776,0.5176,0.6421,0.7171,0.579,0.3967,0.292,0.0829,-0.0902,0.1453,0.2737,0.18,-0.0687,-0.0301,0.0769,0.0303,-0.1112,-0.1966,-0.1273,0.0136,0.151,0.268,0.3634,0.4361,0.4844,0.5095,0.5175,0.5156,0.2845,0.2956,0.3119,0.3342,0.3621,0.3928,0.4222,0.4482,0.4804,0.5457,0.6442,0.6752,0.8698,0.9547,0.5418,0.3643,0.3298,0.4683,0.5627,0.3424,-0.0742,-0.0124,0.152,0.1594,0.0936,0.0421,0.0577,0.1377,0.2472,0.357,0.4543,0.5306,0.5759,0.5892,0.5817,0.566,0.3015,0.3128,0.3277,0.3465,0.3684,0.3923,0.4171,0.444,0.4787,0.5278,0.5864,0.6722,0.9321,0.9848,0.6611,0.565,0.5777,0.8081,1.0318,0.7204,0.4051,0.3026,0.3095,0.2712,0.169,0.0469,0.0308,0.1598,0.3157,0.4453,0.5529,0.6383,0.6808,0.6757,0.6468,0.6148,0.3152,0.3262,0.3397,0.3559,0.3744,0.3948,0.4171,0.4424,0.4732,0.5115,0.5588,0.6241,0.7056,0.7092,0.6747,0.6828,0.6793,0.866,1.0247,0.9905,0.7645,0.5821,0.4862,0.3787,0.1681,-0.1867,-0.26,0.1149,0.3903,0.5406,0.6462,0.7344,0.7727,0.7472,0.699,0.6543,0.3265,0.337,0.3494,0.3638,0.3802,0.3983,0.4184,0.4413,0.4678,0.4988,0.5349,0.5758,0.6131,0.6344,0.6615,0.6772,0.708,0.8738,1.2055,1.3428,0.9791,0.7754,0.6661,0.5295,0.2811,-0.1823,-0.2847,0.3046,0.5636,0.6642,0.7208,0.7736,0.8001,0.773,0.7247,0.6789,0.3361,0.346,0.3576,0.3707,0.3855,0.4019,0.4201,0.4404,0.4633,0.4889,0.5171,0.5466,0.5748,0.6008,0.628,0.6566,0.7158,0.8537,1.0645,1.1337,1.003,0.9531,0.9105,0.7663,0.6021,0.5891,0.935,0.9233,0.8467,0.8354,0.8074,0.7865,0.782,0.7638,0.7291,0.6906,0.3444,0.3538,0.3646,0.3768,0.3903,0.4053,0.4218,0.44,0.46,0.4819,0.5053,0.5299,0.5549,0.5808,0.6095,0.6463,0.7054,0.7982,0.9044,0.9746,1.0567,1.2555,1.3095,1.0557,0.8755,1.0059,1.3583,1.2112,1.1103,1.0641,0.9471,0.8482,0.7957,0.7634,0.731,0.697,0.3516,0.3606,0.3708,0.3822,0.3947,0.4085,0.4236,0.4401,0.4581,0.4774,0.4981,0.52,0.5434,0.569,0.5988,0.6368,0.6891,0.7584,0.8407,0.9443,1.1384,1.4828,1.5819,1.2348,1.0008,1.0223,1.1451,1.2221,1.3998,1.317,1.0949,0.9306,0.8353,0.7792,0.7382,0.7028,0.358,0.3667,0.3763,0.387,0.3988,0.4116,0.4256,0.4407,0.4571,0.4747,0.4937,0.5141,0.5364,0.5615,0.591,0.6275,0.6741,0.7334,0.8093,0.9173,1.09,1.3087,1.3599,1.1732,1.0176,1.0018,1.0804,1.2423,1.4351,1.3562,1.1418,0.9723,0.8636,0.7944,0.7458,0.7075]}]