docs/data/wind_grid.json
[{"header":{"la1":42.85,"la2":41.18,"lo1":11.55,"lo2":14.05,"nx":36,"ny":24,"dx":0.07143,"dy":0.07261,"parameterCategory":2,"parameterNumber":2,"parameterNumberName":"eastward_wind","parameterUnit":"m.s-1"},"data":[-0.6138,-0.6231,-0.6326,-0.6421,-0.651,-0.6581,-0.6619,-0.6603,-0.6524,-0.6387,-0.6213,-0.6034,-0.5881,-0.5775,-0.5726,-0.5728,-0.5767,-0.5817,-0.585,-0.584,-0.5777,-0.5665,-0.552,-0.5358,-0.5194,-0.5036,-0.489,-0.4758,-0.4641,-0.4539,-0.445,-0.4374,-0.4308,-0.4252,-0.4203,-0.4162,-0.6261,-0.6377,-0.6501,-0.6634,-0.6771,-0.6897,-0.6986,-0.6999,-0.6906,-0.6709,-0.6448,-0.6183,-0.5965,-0.5827,-0.5781,-0.582,-0.5922,-0.6044,-0.6133,-0.6144,-0.6062,-0.5903,-0.57,-0.5482,-0.527,-0.5075,-0.4901,-0.475,-0.4619,-0.4508,-0.4414,-0.4334,-0.4267,-0.421,-0.4162,-0.4122,-0.6389,-0.6528,-0.6686,-0.6866,-0.7073,-0.7293,-0.7485,-0.757,-0.747,-0.7173,-0.676,-0.6349,-0.603,-0.5846,-0.5808,-0.591,-0.612,-0.6372,-0.6563,-0.6604,-0.6474,-0.6223,-0.5921,-0.562,-0.5345,-0.5104,-0.4899,-0.4727,-0.4583,-0.4464,-0.4365,-0.4284,-0.4217,-0.4161,-0.4115,-0.4076,-0.6518,-0.6682,-0.6873,-0.7107,-0.7405,-0.7775,-0.817,-0.8439,-0.8363,-0.7877,-0.7178,-0.6521,-0.6049,-0.5801,-0.578,-0.598,-0.6374,-0.6866,-0.7255,-0.7334,-0.7079,-0.6642,-0.6177,-0.5758,-0.5404,-0.5112,-0.4875,-0.4683,-0.4528,-0.4403,-0.4303,-0.4222,-0.4157,-0.4104,-0.4061,-0.4026,-0.6651,-0.6836,-0.7053,-0.7332,-0.7727,-0.8306,-0.908,-0.9801,-0.986,-0.8973,-0.7708,-0.6653,-0.5974,-0.5652,-0.5654,-0.5987,-0.6666,-0.7607,-0.8408,-0.8514,-0.7936,-0.7144,-0.6432,-0.5865,-0.5425,-0.5083,-0.4818,-0.4611,-0.4449,-0.4324,-0.4226,-0.4149,-0.4088,-0.404,-0.4002,-0.3971,-0.6789,-0.6994,-0.7224,-0.7517,-0.7967,-0.8748,-1.0082,-1.1801,-1.2323,-1.0509,-0.8204,-0.6623,-0.5736,-0.5346,-0.5369,-0.5835,-0.687,-0.8549,-1.0191,-1.0246,-0.8946,-0.7598,-0.6599,-0.5892,-0.538,-0.5001,-0.4717,-0.4503,-0.4343,-0.4222,-0.4131,-0.4062,-0.4009,-0.3968,-0.3936,-0.3911,-0.6944,-0.7174,-0.7408,-0.7668,-0.8057,-0.8836,-1.051,-1.341,-1.4758,-1.151,-0.8142,-0.6242,-0.5265,-0.4841,-0.4859,-0.5386,-0.6654,-0.8993,-1.1644,-1.1561,-0.9463,-0.771,-0.6559,-0.5788,-0.5244,-0.4849,-0.4562,-0.4354,-0.4204,-0.4097,-0.4019,-0.3963,-0.3921,-0.389,-0.3866,-0.3848,-0.7126,-0.7411,-0.7672,-0.7875,-0.8062,-0.8473,-0.9563,-1.1623,-1.2455,-0.9712,-0.6998,-0.5433,-0.4563,-0.4129,-0.408,-0.4544,-0.5758,-0.7859,-1.0113,-1.0237,-0.8705,-0.7284,-0.6266,-0.5537,-0.5005,-0.4619,-0.4345,-0.4158,-0.4032,-0.3948,-0.3892,-0.3854,-0.3826,-0.3806,-0.3792,-0.3781,-0.7334,-0.7736,-0.8124,-0.8349,-0.8274,-0.8074,-0.8072,-0.8202,-0.7746,-0.6493,-0.5326,-0.4421,-0.3724,-0.3257,-0.3016,-0.3295,-0.4525,-0.6233,-0.7621,-0.7985,-0.7438,-0.6608,-0.5822,-0.5171,-0.4667,-0.4303,-0.406,-0.3911,-0.3825,-0.3778,-0.3752,-0.3737,-0.3727,-0.372,-0.3715,-0.3713,-0.753,-0.8119,-0.8824,-0.9367,-0.909,-0.8137,-0.7274,-0.6289,-0.4807,-0.3924,-0.3915,-0.3496,-0.2836,-0.2325,-0.1821,-0.1647,-0.3589,-0.5697,-0.6929,-0.7189,-0.6786,-0.6093,-0.5364,-0.4726,-0.4228,-0.3888,-0.3694,-0.361,-0.3587,-0.3593,-0.3606,-0.3618,-0.3627,-0.3634,-0.3639,-0.3644,-0.7623,-0.8376,-0.9469,-1.0682,-1.0384,-0.8526,-0.732,-0.6047,-0.2966,-0.1544,-0.3084,-0.2788,-0.1824,-0.1145,-0.1322,-0.1506,-0.4043,-0.7029,-0.8387,-0.7954,-0.6877,-0.5812,-0.4914,-0.4195,-0.3661,-0.3342,-0.3231,-0.3254,-0.3329,-0.3405,-0.3464,-0.3506,-0.3532,-0.355,-0.3563,-0.3575,-0.7522,-0.8254,-0.9308,-1.0449,-1.0115,-0.8488,-0.8029,-0.8015,-0.5323,-0.3053,-0.3235,-0.233,-0.0707,0.131,0.0196,-0.2516,-0.6349,-1.1836,-1.3117,-1.003,-0.7289,-0.5525,-0.4371,-0.3539,-0.2925,-0.2617,-0.2652,-0.2859,-0.3073,-0.3235,-0.3342,-0.3408,-0.3446,-0.347,-0.3488,-0.3504,-0.7233,-0.7771,-0.8402,-0.8853,-0.8598,-0.8124,-0.8643,-0.9953,-0.85,-0.5395,-0.3552,-0.2098,-0.0787,0.2169,0.1071,-0.3093,-0.8756,-2.0242,-2.0432,-1.17,-0.7076,-0.4815,-0.3616,-0.279,-0.2049,-0.1701,-0.1997,-0.249,-0.2874,-0.3117,-0.3258,-0.3332,-0.337,-0.3392,-0.341,-0.3431,-0.685,-0.7183,-0.7493,-0.7652,-0.7598,-0.7638,-0.8193,-0.9034,-0.8126,-0.5556,-0.3683,-0.1888,-0.1363,-0.1886,-0.1887,-0.4696,-0.8688,-1.4867,-1.5465,-0.9276,-0.5151,-0.3262,-0.258,-0.2143,-0.1423,-0.0989,-0.1561,-0.231,-0.2809,-0.3087,-0.3225,-0.3281,-0.3298,-0.3307,-0.3322,-0.3348,-0.6461,-0.6653,-0.6806,-0.688,-0.6895,-0.6964,-0.715,-0.7167,-0.6372,-0.5079,-0.4232,-0.3591,-0.2931,-0.2959,-0.3415,-0.7215,-1.0975,-0.8917,-0.7614,-0.4444,-0.1312,-0.0525,-0.1182,-0.1674,-0.1551,-0.1328,-0.1819,-0.2494,-0.2943,-0.3168,-0.3244,-0.3239,-0.321,-0.3196,-0.321,-0.3247,-0.6103,-0.6209,-0.6282,-0.6308,-0.6299,-0.6275,-0.6203,-0.5942,-0.5393,-0.4867,-0.4914,-0.5579,-0.4651,-0.3571,-0.399,-0.657,-0.9063,-0.615,-0.3495,-0.0299,0.393,0.3134,0.0319,-0.1249,-0.1903,-0.2192,-0.2589,-0.3014,-0.3273,-0.3349,-0.329,-0.3167,-0.3059,-0.302,-0.3049,-0.3118,-0.5787,-0.5837,-0.586,-0.5846,-0.5796,-0.5704,-0.5542,-0.5276,-0.494,-0.4737,-0.4861,-0.4907,-0.4678,-0.4472,-0.3672,-0.3843,-0.3862,-0.2043,-0.0068,0.146,0.4756,0.3772,0.0767,-0.1148,-0.2327,-0.3094,-0.3565,-0.3765,-0.3759,-0.3598,-0.3312,-0.2984,-0.2759,-0.2719,-0.2814,-0.2956,-0.5509,-0.5522,-0.551,-0.5466,-0.5387,-0.5265,-0.5092,-0.487,-0.4641,-0.4487,-0.4423,-0.4324,-0.4394,-0.4152,-0.2182,-0.116,-0.087,0.1424,0.3502,0.2303,0.2288,0.1746,0.0195,-0.1496,-0.308,-0.4362,-0.4881,-0.4722,-0.4359,-0.3881,-0.3248,-0.2572,-0.219,-0.2242,-0.2507,-0.2778,-0.5266,-0.5252,-0.5216,-0.5152,-0.5056,-0.4926,-0.4761,-0.4568,-0.4372,-0.4194,-0.4019,-0.3788,-0.3401,-0.2223,0.1037,0.2273,0.0704,0.2066,0.3534,0.372,0.251,0.123,-0.0153,-0.1883,-0.3976,-0.5957,-0.6401,-0.5701,-0.5004,-0.4211,-0.3137,-0.1933,-0.1376,-0.1683,-0.2219,-0.2644,-0.5052,-0.502,-0.4967,-0.489,-0.4787,-0.4655,-0.4496,-0.4316,-0.4121,-0.3911,-0.366,-0.33,-0.2668,-0.1356,0.0933,0.1739,0.1015,0.2198,0.5297,0.6583,0.3459,0.1577,0.0129,-0.1791,-0.4255,-0.6398,-0.6805,-0.6405,-0.5676,-0.4686,-0.3305,-0.1691,-0.1008,-0.1489,-0.2161,-0.2642,-0.4865,-0.4819,-0.4755,-0.467,-0.4562,-0.4431,-0.4276,-0.4098,-0.3897,-0.3664,-0.3373,-0.2969,-0.2358,-0.1439,-0.0361,0.0275,0.0694,0.1886,0.3886,0.4543,0.3195,0.2395,0.1476,-0.077,-0.3797,-0.6436,-0.8244,-0.7747,-0.6469,-0.5391,-0.4063,-0.2573,-0.1824,-0.2012,-0.2455,-0.2811,-0.47,-0.4645,-0.4574,-0.4484,-0.4373,-0.4242,-0.4089,-0.3912,-0.3708,-0.3467,-0.3168,-0.2781,-0.2271,-0.1635,-0.096,-0.0366,0.0259,0.114,0.2131,0.2701,0.3203,0.4718,0.4931,0.1461,-0.2897,-0.6769,-0.9622,-0.8507,-0.7059,-0.6278,-0.5122,-0.3867,-0.3071,-0.2862,-0.2947,-0.3091,-0.4555,-0.4494,-0.4418,-0.4324,-0.4213,-0.4083,-0.3932,-0.3757,-0.3555,-0.3317,-0.3032,-0.2683,-0.2261,-0.1775,-0.1257,-0.0729,-0.0154,0.0513,0.1235,0.2059,0.3634,0.6753,0.7701,0.323,-0.1742,-0.5377,-0.733,-0.7448,-0.7681,-0.7243,-0.5986,-0.4791,-0.3976,-0.3561,-0.3409,-0.3379,-0.4428,-0.4362,-0.4283,-0.4188,-0.4077,-0.3949,-0.3801,-0.3631,-0.3435,-0.3209,-0.2944,-0.2635,-0.2279,-0.1881,-0.1453,-0.0999,-0.0506,0.0042,0.0676,0.1531,0.2952,0.4887,0.5156,0.2309,-0.129,-0.4084,-0.5817,-0.6896,-0.7744,-0.7354,-0.6213,-0.5176,-0.4439,-0.3983,-0.3733,-0.3607]},{"header":{"la1":42.85,"la2":41.18,"lo1":11.55,"lo2":14.05,"nx":36,"ny":24,"dx":0.07143,"dy":0.07261,"parameterCategory":2,"parameterNumber":3,"parameterNumberName":"northward_wind","parameterUnit":"m.s-1"},"data":[-0.6401,-0.6367,-0.6324,-0.6272,-0.6211,-0.6144,-0.6081,-0.6029,-0.5992,-0.5967,-0.5939,-0.589,-0.5806,-0.5679,-0.551,-0.5307,-0.5089,-0.488,-0.4709,-0.4595,-0.4545,-0.4552,-0.4597,-0.4664,-0.4741,-0.482,-0.4897,-0.4971,-0.5041,-0.5108,-0.5173,-0.5235,-0.5294,-0.5351,-0.5405,-0.5456,-0.6413,-0.6374,-0.6324,-0.6258,-0.6176,-0.6083,-0.5993,-0.5925,-0.5895,-0.5899,-0.591,-0.5892,-0.582,-0.5679,-0.5471,-0.5205,-0.4907,-0.4616,-0.4384,-0.4249,-0.4218,-0.4269,-0.4367,-0.4483,-0.46,-0.471,-0.481,-0.4901,-0.4986,-0.5064,-0.5139,-0.5209,-0.5277,-0.5341,-0.5401,-0.5458,-0.642,-0.6378,-0.6319,-0.6237,-0.6123,-0.5981,-0.5832,-0.5723,-0.5698,-0.576,-0.5851,-0.5898,-0.5856,-0.5705,-0.5446,-0.509,-0.4665,-0.4237,-0.3902,-0.374,-0.3761,-0.3903,-0.4093,-0.4283,-0.4453,-0.4599,-0.4725,-0.4835,-0.4934,-0.5024,-0.5109,-0.5189,-0.5265,-0.5336,-0.5404,-0.5466,-0.6421,-0.6376,-0.6311,-0.6212,-0.6057,-0.583,-0.5556,-0.5334,-0.53,-0.5484,-0.5744,-0.5918,-0.5932,-0.5776,-0.5457,-0.4975,-0.4352,-0.3676,-0.3146,-0.296,-0.3115,-0.3442,-0.3784,-0.4078,-0.4312,-0.4497,-0.4648,-0.4776,-0.4888,-0.499,-0.5085,-0.5175,-0.5259,-0.5339,-0.5414,-0.5483,-0.6408,-0.6361,-0.6298,-0.6193,-0.5998,-0.5649,-0.5124,-0.4597,-0.4487,-0.4957,-0.5583,-0.5979,-0.6077,-0.5921,-0.5538,-0.4905,-0.3985,-0.2852,-0.1917,-0.1729,-0.2226,-0.2905,-0.3476,-0.3894,-0.4193,-0.4413,-0.4585,-0.4727,-0.485,-0.4963,-0.5068,-0.5168,-0.5262,-0.5351,-0.5434,-0.551,-0.637,-0.6318,-0.6264,-0.6182,-0.599,-0.553,-0.4607,-0.3346,-0.2929,-0.4106,-0.5454,-0.6157,-0.6331,-0.6171,-0.5741,-0.4976,-0.3704,-0.1825,-0.0048,0.0048,-0.12,-0.2424,-0.325,-0.3773,-0.4116,-0.4356,-0.4539,-0.4689,-0.4822,-0.4944,-0.506,-0.517,-0.5276,-0.5375,-0.5466,-0.5549,-0.6287,-0.6212,-0.6164,-0.6143,-0.6065,-0.5673,-0.4498,-0.2257,-0.1204,-0.3575,-0.5726,-0.658,-0.6727,-0.6541,-0.6112,-0.5325,-0.3869,-0.1342,0.1466,0.139,-0.0681,-0.2282,-0.3211,-0.3752,-0.4093,-0.433,-0.4511,-0.4664,-0.4802,-0.4933,-0.506,-0.5184,-0.5302,-0.5413,-0.5515,-0.5605,-0.6138,-0.5985,-0.5886,-0.5931,-0.6119,-0.6175,-0.5546,-0.3888,-0.315,-0.5228,-0.6863,-0.7316,-0.7244,-0.7008,-0.6666,-0.6027,-0.4744,-0.255,-0.0157,0.0013,-0.145,-0.2659,-0.3387,-0.3827,-0.4116,-0.4327,-0.4497,-0.4647,-0.479,-0.4931,-0.5072,-0.5211,-0.5345,-0.547,-0.5584,-0.5683,-0.5921,-0.5583,-0.525,-0.5199,-0.5759,-0.6694,-0.7314,-0.7466,-0.7863,-0.8597,-0.8664,-0.8222,-0.7774,-0.75,-0.7396,-0.7065,-0.5962,-0.4377,-0.2959,-0.2466,-0.2788,-0.3272,-0.3659,-0.3943,-0.4159,-0.4335,-0.4489,-0.4635,-0.4782,-0.4936,-0.5095,-0.5255,-0.541,-0.5553,-0.568,-0.5788,-0.5693,-0.5047,-0.4129,-0.3399,-0.4266,-0.6721,-0.8872,-1.045,-1.2078,-1.2477,-1.0667,-0.9016,-0.8175,-0.7901,-0.8245,-0.8477,-0.6916,-0.5362,-0.4324,-0.3785,-0.3643,-0.3713,-0.386,-0.4027,-0.419,-0.4341,-0.4482,-0.4623,-0.4778,-0.4949,-0.5134,-0.5322,-0.5505,-0.5671,-0.5813,-0.5929,-0.5593,-0.4681,-0.3038,-0.0872,-0.1645,-0.6545,-1.0297,-1.2514,-1.5501,-1.6971,-1.2154,-0.9336,-0.8377,-0.8204,-0.8332,-0.8541,-0.6797,-0.5324,-0.4522,-0.4107,-0.3901,-0.3848,-0.3908,-0.4042,-0.4203,-0.4351,-0.4479,-0.4612,-0.4775,-0.4971,-0.5193,-0.5423,-0.5644,-0.5839,-0.5999,-0.6121,-0.5757,-0.4914,-0.3384,-0.139,-0.2428,-0.7855,-1.2168,-1.4198,-1.4727,-1.4894,-1.1319,-0.8959,-0.8432,-0.9103,-0.8448,-0.709,-0.5648,-0.451,-0.4096,-0.3912,-0.3762,-0.3711,-0.3796,-0.3996,-0.4234,-0.4406,-0.4501,-0.4604,-0.4771,-0.5005,-0.5284,-0.5575,-0.5848,-0.608,-0.6258,-0.6379,-0.6158,-0.5693,-0.5056,-0.4761,-0.6313,-0.9894,-1.3543,-1.5952,-1.4713,-1.2137,-0.9716,-0.8345,-0.7956,-0.939,-0.858,-0.5917,-0.4165,-0.377,-0.3749,-0.3534,-0.3353,-0.3319,-0.3516,-0.3914,-0.4368,-0.46,-0.4579,-0.4595,-0.4763,-0.5057,-0.5424,-0.5807,-0.6156,-0.6433,-0.6623,-0.673,-0.6621,-0.6525,-0.6545,-0.7013,-0.8361,-1.053,-1.2907,-1.4676,-1.3718,-1.0711,-0.8622,-0.8204,-0.7861,-0.3693,-0.5384,-0.3022,-0.0764,-0.242,-0.3119,-0.2896,-0.2552,-0.2522,-0.2978,-0.3727,-0.4551,-0.4888,-0.4652,-0.4548,-0.4739,-0.5139,-0.5648,-0.6174,-0.6629,-0.6958,-0.7143,-0.7204,-0.6998,-0.7108,-0.7373,-0.7933,-0.8879,-1.0109,-1.1288,-1.1817,-1.0899,-0.9029,-0.7644,-0.69,-0.526,-0.2256,-0.3555,0.2271,0.946,0.1441,-0.1807,-0.1845,-0.0789,-0.0845,-0.2017,-0.3215,-0.4195,-0.4612,-0.4425,-0.4368,-0.4676,-0.5268,-0.6014,-0.6767,-0.7377,-0.775,-0.7883,-0.784,-0.7236,-0.7419,-0.7715,-0.8165,-0.8761,-0.9395,-0.9846,-0.9798,-0.9041,-0.7863,-0.7026,-0.6309,-0.6014,-0.4933,-0.3842,0.1209,0.6113,0.0623,-0.2132,-0.0868,0.2946,0.2067,-0.0872,-0.2513,-0.3328,-0.3666,-0.3728,-0.3939,-0.4531,-0.5468,-0.6616,-0.7747,-0.8582,-0.8958,-0.893,-0.8668,-0.7352,-0.7536,-0.7785,-0.8101,-0.8451,-0.8752,-0.8876,-0.8692,-0.817,-0.7489,-0.7025,-0.6833,-0.7796,-0.8227,-0.5721,-0.3511,-0.2353,-0.3922,-0.4988,-0.2168,0.3332,0.2295,-0.079,-0.2138,-0.2477,-0.2425,-0.2518,-0.3125,-0.4237,-0.5754,-0.7579,-0.9373,-1.0541,-1.0775,-1.0347,-0.968,-0.738,-0.7536,-0.7724,-0.7932,-0.8128,-0.8259,-0.8262,-0.8091,-0.7768,-0.7406,-0.7171,-0.7272,-0.8324,-0.8557,-0.7236,-0.66,-0.5965,-0.774,-1.0103,-0.5976,-0.222,-0.1301,-0.1902,-0.2113,-0.1529,-0.048,-0.0355,-0.1764,-0.3774,-0.6118,-0.8983,-1.1937,-1.3577,-1.3297,-1.2055,-1.0756,-0.7352,-0.7475,-0.7608,-0.7739,-0.7845,-0.7895,-0.786,-0.7729,-0.7529,-0.7325,-0.7205,-0.7267,-0.7543,-0.7787,-0.8871,-0.9434,-0.7473,-0.7963,-0.8973,-0.6868,-0.4913,-0.3524,-0.2875,-0.2162,-0.0503,0.2462,0.3069,-0.0249,-0.3399,-0.6472,-1.0485,-1.5097,-1.7278,-1.5948,-1.3577,-1.1603,-0.7293,-0.7384,-0.7475,-0.7555,-0.7609,-0.7621,-0.7577,-0.748,-0.7348,-0.722,-0.714,-0.7151,-0.7279,-0.7645,-0.8649,-0.8934,-0.755,-0.7076,-0.7021,-0.6976,-0.566,-0.4273,-0.3344,-0.2397,-0.0601,0.283,0.359,-0.0727,-0.3689,-0.6616,-1.0887,-1.6328,-1.8791,-1.6884,-1.4042,-1.1846,-0.7217,-0.7283,-0.7343,-0.739,-0.7415,-0.7407,-0.7364,-0.7288,-0.7193,-0.7101,-0.7036,-0.7022,-0.7087,-0.7278,-0.7564,-0.7515,-0.7,-0.662,-0.6542,-0.6339,-0.5284,-0.4087,-0.335,-0.2816,-0.2054,-0.1629,-0.3107,-0.3578,-0.4577,-0.6506,-0.9604,-1.3704,-1.5932,-1.5032,-1.3074,-1.1356,-0.7136,-0.7182,-0.722,-0.7245,-0.7251,-0.7234,-0.7193,-0.713,-0.7054,-0.6978,-0.6917,-0.6881,-0.6883,-0.692,-0.6935,-0.681,-0.6525,-0.6219,-0.5929,-0.5427,-0.4404,-0.3153,-0.2723,-0.2971,-0.313,-0.376,-0.4926,-0.4795,-0.5512,-0.6462,-0.8029,-1.0352,-1.2026,-1.2169,-1.1384,-1.0407,-0.7054,-0.7084,-0.7106,-0.7117,-0.7112,-0.7089,-0.7049,-0.6993,-0.6927,-0.6859,-0.6794,-0.674,-0.6695,-0.665,-0.6571,-0.6419,-0.6183,-0.5882,-0.5488,-0.4862,-0.3799,-0.2437,-0.2109,-0.2916,-0.3555,-0.4131,-0.4722,-0.5519,-0.6637,-0.6683,-0.7169,-0.8365,-0.9475,-0.9939,-0.9811,-0.9389,-0.6974,-0.6993,-0.7003,-0.7004,-0.6991,-0.6965,-0.6925,-0.6873,-0.6812,-0.6745,-0.6677,-0.6608,-0.6536,-0.6451,-0.6335,-0.6171,-0.5946,-0.565,-0.5251,-0.4676,-0.3861,-0.2993,-0.2764,-0.3268,-0.3851,-0.4387,-0.5015,-0.5957,-0.678,-0.6718,-0.6837,-0.7436,-0.8114,-0.8542,-0.865,-0.8526]}]