docs/data/wind_grid.json
[{"header":{"la1":42.85,"la2":41.18,"lo1":11.55,"lo2":14.05,"nx":36,"ny":24,"dx":0.07143,"dy":0.07261,"parameterCategory":2,"parameterNumber":2,"parameterNumberName":"eastward_wind","parameterUnit":"m.s-1"},"data":[2.2471,2.2489,2.2496,2.249,2.2468,2.2427,2.2358,2.2252,2.2098,2.1894,2.1648,2.137,2.1071,2.0756,2.0419,2.0051,1.9638,1.9161,1.8614,1.8016,1.743,1.6961,1.6707,1.6689,1.6853,1.7112,1.7392,1.7653,1.7879,1.8066,1.8219,1.8345,1.8448,1.8533,1.8606,1.8669,2.2619,2.2654,2.2677,2.2688,2.2686,2.2668,2.2624,2.2531,2.237,2.2133,2.1836,2.1504,2.1158,2.0804,2.0437,2.0037,1.9577,1.9018,1.8321,1.748,1.659,1.5869,1.5545,1.5658,1.6049,1.6527,1.6977,1.7355,1.7656,1.7891,1.8074,1.8218,1.8333,1.8427,1.8506,1.8574,2.2785,2.2842,2.2884,2.2914,2.2937,2.2958,2.2964,2.2913,2.2752,2.2461,2.2078,2.166,2.1249,2.0855,2.0465,2.0051,1.957,1.895,1.8086,1.6875,1.5398,1.4139,1.3722,1.4183,1.5038,1.5882,1.6565,1.7078,1.7455,1.7733,1.794,1.8098,1.8222,1.8322,1.8405,1.8476,2.2972,2.3058,2.3124,2.3172,2.322,2.3298,2.3408,2.3469,2.3335,2.294,2.239,2.1831,2.1331,2.0893,2.0494,2.0096,1.9646,1.9047,1.8088,1.6388,1.3747,1.1204,1.0724,1.2147,1.3903,1.5276,1.6225,1.6863,1.7298,1.7602,1.7822,1.7986,1.8114,1.8216,1.8301,1.8375,2.3186,2.3319,2.3418,2.3475,2.3528,2.367,2.3978,2.4334,2.4312,2.3671,2.2774,2.1982,2.1369,2.0893,2.0503,2.0158,1.9818,1.9415,1.8675,1.6657,1.2,0.6388,0.6254,0.9946,1.3022,1.4919,1.6053,1.675,1.7199,1.7503,1.7719,1.788,1.8005,1.8107,1.8192,1.8267,2.3431,2.3647,2.3814,2.387,2.3858,2.4,2.46,2.5662,2.6014,2.4718,2.3135,2.2033,2.1313,2.0812,2.0449,2.019,2.003,2.0035,2.0168,1.8755,1.2578,0.3479,0.3952,0.95,1.31,1.5041,1.6119,1.6754,1.7154,1.7426,1.7622,1.7772,1.7891,1.7989,1.8074,1.8149,2.3692,2.4065,2.4407,2.4495,2.4264,2.4164,2.4862,2.6816,2.7866,2.5425,2.3121,2.1856,2.1112,2.0604,2.026,2.0097,2.0133,2.0496,2.1565,2.1143,1.6483,1.0814,0.9716,1.2235,1.436,1.5635,1.6378,1.683,1.713,1.7347,1.7515,1.765,1.7762,1.7858,1.7941,1.8017,2.391,2.4518,2.5292,2.5638,2.4896,2.4122,2.4252,2.5487,2.6083,2.413,2.2367,2.1403,2.0762,2.0218,1.9801,1.9705,1.9974,2.0408,2.088,2.0475,1.9199,1.7626,1.5885,1.5566,1.5947,1.6354,1.6654,1.6878,1.7065,1.7229,1.7375,1.7502,1.7611,1.7705,1.7788,1.7866,2.3959,2.4719,2.6049,2.7125,2.5461,2.3867,2.3229,2.3007,2.2532,2.1689,2.1169,2.0824,2.0342,1.9634,1.8782,1.8589,1.947,2.0291,2.0569,2.048,2.0886,2.0433,1.8626,1.7496,1.6994,1.6779,1.6716,1.6761,1.688,1.7029,1.7179,1.7313,1.7426,1.7523,1.7609,1.769,2.3757,2.4296,2.5135,2.5646,2.4296,2.3236,2.2392,2.131,1.9663,1.8951,1.9906,2.0364,1.9999,1.9025,1.6907,1.5813,1.8768,2.0608,2.113,2.0949,2.0806,2.0428,1.9284,1.8126,1.7215,1.6606,1.6329,1.6334,1.65,1.6714,1.6913,1.7076,1.7203,1.7305,1.7394,1.7481,2.3415,2.3571,2.3432,2.2545,2.2532,2.263,2.2026,2.0703,1.6955,1.5017,1.9037,2.0314,1.9784,1.8691,1.7017,1.5794,1.9557,2.1965,2.2622,2.202,2.1142,2.0315,1.9224,1.7853,1.6472,1.5505,1.522,1.5456,1.5879,1.6278,1.6582,1.6792,1.6935,1.7041,1.7134,1.7228,2.3114,2.3099,2.285,2.2371,2.2373,2.2455,2.2256,2.1924,1.9516,1.7647,2.0184,2.1089,1.9652,1.7029,1.7827,1.9671,2.2141,2.5296,2.5934,2.3872,2.1999,2.0507,1.889,1.6776,1.4368,1.2845,1.3005,1.4041,1.5055,1.5773,1.6217,1.6472,1.6618,1.6717,1.6808,1.6913,2.2913,2.2879,2.2756,2.2599,2.2535,2.2512,2.2594,2.2963,2.2375,2.1509,2.2258,2.3492,2.1716,1.6197,1.7603,2.1395,2.4104,3.0839,3.1046,2.5461,2.2562,2.0578,1.8387,1.5037,1.0355,0.7684,0.9501,1.2329,1.4253,1.5328,1.5873,1.6123,1.6232,1.6302,1.6388,1.6512,2.2788,2.2768,2.2713,2.2647,2.2601,2.2593,2.2663,2.2807,2.2709,2.2751,2.3611,2.6573,2.692,1.9598,2.1297,2.3078,2.4412,2.77,2.8188,2.4773,2.2269,2.0393,1.809,1.3823,0.6408,0.2137,0.6621,1.135,1.3907,1.5105,1.559,1.5721,1.5722,1.5733,1.5819,1.5988,2.2712,2.2707,2.2687,2.2665,2.2655,2.2673,2.273,2.2824,2.3014,2.3513,2.4186,2.4621,2.3788,2.3644,2.295,2.3693,2.8427,2.5925,2.4814,2.3021,2.1127,1.993,1.8338,1.483,0.8855,0.5316,0.8509,1.2275,1.4324,1.5166,1.5329,1.517,1.4965,1.4894,1.5016,1.5291,2.2664,2.2674,2.268,2.2689,2.2714,2.2769,2.287,2.3059,2.3446,2.423,2.5437,2.484,2.4389,2.3823,2.3838,2.5221,2.7403,2.5222,2.3499,2.1537,1.9066,1.9054,1.8822,1.6915,1.4085,1.2365,1.3042,1.4434,1.5259,1.537,1.4936,1.4259,1.372,1.3587,1.386,1.437,2.2635,2.2658,2.2683,2.2717,2.2771,2.2858,2.3002,2.3245,2.3665,2.4378,2.5289,2.4977,2.5402,2.5697,2.4529,2.4567,2.4597,2.3654,2.2519,2.1185,1.8767,1.9012,1.9337,1.8452,1.7223,1.6451,1.6331,1.6408,1.622,1.5494,1.4177,1.2617,1.1569,1.1521,1.2234,1.3217,2.2615,2.2648,2.2688,2.274,2.2813,2.2919,2.3078,2.3314,2.3656,2.4094,2.4486,2.4751,2.5612,2.5844,2.5041,2.4814,2.3994,2.2496,2.1339,2.1736,2.0901,2.0358,2.0044,1.9421,1.8725,1.8279,1.8065,1.7763,1.7017,1.5475,1.2889,0.9781,0.7972,0.8474,1.0187,1.1957,2.2598,2.2639,2.2688,2.275,2.2833,2.2945,2.3098,2.3301,2.3559,2.3849,2.4131,2.442,2.4785,2.5081,2.6027,2.6494,2.4372,2.2753,2.211,2.2918,2.2238,2.1373,2.0713,2.0075,1.9389,1.8668,1.8487,1.8632,1.7784,1.5555,1.1445,0.5999,0.3242,0.5076,0.8296,1.0955,2.258,2.2626,2.2681,2.2747,2.2832,2.294,2.3076,2.3245,2.3443,2.3657,2.3876,2.4106,2.437,2.4786,2.5711,2.5944,2.4418,2.3516,2.4234,2.4828,2.3075,2.1926,2.1209,2.0621,1.9985,1.8951,1.8706,1.975,1.8802,1.6189,1.1331,0.4498,0.1204,0.3848,0.7746,1.0718,2.256,2.2608,2.2664,2.2731,2.2812,2.291,2.3029,2.3167,2.3322,2.3487,2.3657,2.3835,2.4037,2.4303,2.4598,2.4528,2.3961,2.3572,2.3815,2.3859,2.2896,2.2061,2.1565,2.117,2.0992,2.1548,2.3401,2.2527,2.0089,1.7433,1.3447,0.8113,0.5157,0.6422,0.9109,1.1443,2.2535,2.2583,2.2638,2.2702,2.2777,2.2864,2.2964,2.3077,2.3199,2.3326,2.3455,2.3584,2.3714,2.3838,2.3902,2.3798,2.3532,2.3293,2.3173,2.2937,2.2423,2.2013,2.1852,2.159,2.1677,2.3072,2.5704,2.3768,2.0404,1.8536,1.6086,1.2821,1.0548,1.0371,1.1448,1.2779,2.2506,2.2553,2.2605,2.2664,2.2731,2.2806,2.289,2.2981,2.3076,2.3172,2.3265,2.3351,2.3424,2.3469,2.3457,2.3358,2.3182,2.2982,2.2774,2.2501,2.2168,2.1999,2.2,2.175,2.1718,2.2327,2.2891,2.1274,1.9264,1.8939,1.7725,1.576,1.413,1.3467,1.3636,1.4211,2.2473,2.2517,2.2565,2.2618,2.2676,2.274,2.2809,2.2881,2.2954,2.3024,2.3088,2.3141,2.3175,2.3179,2.3138,2.3043,2.2898,2.272,2.2513,2.2278,2.2052,2.1933,2.1868,2.1669,2.1509,2.1484,2.1186,2.0065,1.9084,1.8994,1.8357,1.7192,1.6098,1.5446,1.5277,1.5442]},{"header":{"la1":42.85,"la2":41.18,"lo1":11.55,"lo2":14.05,"nx":36,"ny":24,"dx":0.07143,"dy":0.07261,"parameterCategory":2,"parameterNumber":3,"parameterNumberName":"northward_wind","parameterUnit":"m.s-1"},"data":[1.389,1.3658,1.3364,1.3008,1.2607,1.2192,1.1806,1.1499,1.1301,1.1211,1.1196,1.1206,1.1197,1.1144,1.104,1.0891,1.0712,1.0524,1.0351,1.021,1.0121,1.0095,1.0142,1.026,1.0436,1.0653,1.089,1.1134,1.1372,1.1597,1.1807,1.1999,1.2173,1.233,1.2471,1.2598,1.4102,1.3849,1.3503,1.3056,1.2522,1.1943,1.1394,1.097,1.0742,1.0711,1.0806,1.0928,1.0999,1.0984,1.0879,1.07,1.0471,1.0227,0.9999,0.9816,0.9698,0.9661,0.9723,0.9883,1.012,1.0404,1.0706,1.1005,1.1289,1.1551,1.1788,1.2001,1.219,1.2358,1.2508,1.264,1.4396,1.4136,1.3741,1.3181,1.2454,1.1608,1.0764,1.0113,0.9832,0.9937,1.0262,1.0593,1.0799,1.0841,1.0733,1.0509,1.0209,0.9884,0.9587,0.9355,0.9204,0.9151,0.923,0.945,0.9774,1.0148,1.053,1.0896,1.1231,1.1531,1.1796,1.2028,1.2231,1.2408,1.2562,1.2698,1.4797,1.4565,1.4144,1.3462,1.247,1.1189,0.9784,0.8643,0.8242,0.8675,0.9494,1.0211,1.0625,1.074,1.0619,1.0328,0.9925,0.9483,0.9095,0.8826,0.8664,0.8594,0.8685,0.8984,0.9421,0.9907,1.0384,1.0823,1.1212,1.1549,1.1839,1.2087,1.2299,1.2481,1.2638,1.2774,1.5331,1.5194,1.4816,1.4042,1.2726,1.0784,0.8318,0.6009,0.5273,0.6568,0.8477,0.9854,1.0538,1.0713,1.0554,1.017,0.9625,0.9004,0.8486,0.8226,0.8158,0.8147,0.8223,0.8563,0.911,0.9717,1.0296,1.081,1.125,1.1619,1.1927,1.2184,1.2399,1.2582,1.2737,1.287,1.6004,1.6077,1.589,1.5147,1.3523,1.0749,0.6555,0.1538,-0.0259,0.3384,0.7471,0.9728,1.0632,1.0792,1.055,1.0057,0.9351,0.8474,0.7732,0.7532,0.7654,0.8026,0.8054,0.8277,0.8894,0.9622,1.0304,1.0888,1.1368,1.1757,1.2071,1.2326,1.2537,1.2712,1.2861,1.2987,1.6772,1.7216,1.75,1.706,1.5236,1.1775,0.6067,-0.2551,-0.6436,0.1168,0.7504,1.017,1.0988,1.0973,1.0578,0.9989,0.9195,0.8126,0.7213,0.708,0.6569,0.6933,0.741,0.7925,0.8767,0.9663,1.0451,1.109,1.159,1.1977,1.2279,1.2518,1.2713,1.2874,1.301,1.3126,1.7496,1.8428,1.9583,1.9945,1.7867,1.4068,0.9008,0.2279,-0.0561,0.5063,0.9616,1.1318,1.1578,1.1175,1.051,0.9854,0.9163,0.8181,0.716,0.5965,0.3099,0.3142,0.5481,0.7338,0.8763,0.9907,1.0796,1.1459,1.1942,1.2294,1.2557,1.2762,1.2928,1.3067,1.3185,1.3286,1.7953,1.9191,2.1166,2.2692,1.9994,1.631,1.3197,1.0778,1.0356,1.1852,1.2814,1.2815,1.2254,1.1269,1.0016,0.9244,0.9011,0.8326,0.686,0.3435,-0.337,-0.1986,0.3735,0.7107,0.9125,1.0488,1.1424,1.2045,1.2448,1.2715,1.2905,1.3053,1.3178,1.3287,1.3383,1.3467,1.802,1.9069,2.0445,2.1214,1.9568,1.7439,1.592,1.5685,1.694,1.7489,1.579,1.4184,1.2918,1.1365,0.8672,0.7297,0.86,0.842,0.713,0.4175,-0.0548,0.0227,0.4741,0.802,1.0165,1.1585,1.2449,1.2906,1.3125,1.3235,1.331,1.3381,1.3455,1.3531,1.3603,1.3667,1.7825,1.856,1.9269,1.9697,1.94,1.795,1.7202,1.7799,2.1004,2.2823,1.7838,1.509,1.3575,1.2149,0.9304,0.7334,0.87,0.8219,0.7379,0.6411,0.5228,0.5568,0.763,0.9996,1.2029,1.3414,1.4026,1.4098,1.3965,1.3826,1.3745,1.3725,1.3748,1.3792,1.3842,1.3888,1.7533,1.8091,1.8727,1.9406,1.9131,1.7939,1.7614,1.7969,1.9446,2.0544,1.7547,1.5551,1.4154,1.3054,1.2127,1.0408,0.8874,0.6479,0.5794,0.7032,0.7835,0.8689,1.0219,1.2421,1.4844,1.6379,1.6386,1.5629,1.4895,1.4414,1.4159,1.4058,1.4043,1.4068,1.4103,1.4132,1.7206,1.7602,1.8005,1.8266,1.805,1.7629,1.7676,1.795,1.7921,1.7742,1.6914,1.6438,1.5437,1.3278,1.2765,1.0646,0.8292,0.1825,0.1593,0.6754,0.8957,1.0311,1.2017,1.4844,1.8832,2.1105,1.9595,1.7255,1.5697,1.4868,1.4487,1.4352,1.4337,1.4365,1.4394,1.4409,1.6885,1.7142,1.7357,1.7453,1.7392,1.7339,1.7497,1.7746,1.7625,1.7236,1.7021,1.7687,1.7868,1.6661,1.2618,0.846,0.8054,0.5464,0.4922,0.8132,0.9977,1.1212,1.2943,1.6325,2.2303,2.5788,2.2063,1.8114,1.5995,1.5034,1.4674,1.4604,1.4647,1.4707,1.4738,1.4731,1.6604,1.6773,1.6904,1.6974,1.6999,1.7047,1.7163,1.7267,1.724,1.7257,1.7482,1.7684,1.7651,1.9586,1.2718,0.7715,0.6331,0.8482,0.9407,1.0318,1.0705,1.1329,1.2884,1.5725,2.0378,2.3166,2.0433,1.721,1.5496,1.4837,1.4729,1.4859,1.5034,1.5149,1.5172,1.5122,1.6373,1.6494,1.659,1.6659,1.6713,1.6777,1.6862,1.6956,1.711,1.7572,1.8528,1.9422,1.8326,1.677,1.3772,1.0214,0.8168,1.0724,1.2382,1.1877,0.9482,1.0116,1.2286,1.4134,1.6039,1.7026,1.6151,1.4891,1.432,1.4373,1.4762,1.5244,1.562,1.5783,1.575,1.5602,1.6187,1.6281,1.6361,1.6427,1.6488,1.6556,1.6641,1.6765,1.7006,1.7532,1.8335,1.8353,1.7824,1.7283,1.5116,1.3432,1.3266,1.5585,1.7505,1.4682,0.9529,1.0248,1.2319,1.2975,1.2844,1.2214,1.1709,1.1963,1.2803,1.3862,1.4973,1.5976,1.6607,1.6738,1.652,1.6175,1.6036,1.6114,1.6182,1.6245,1.6306,1.6374,1.6461,1.6586,1.6789,1.7093,1.7372,1.7385,1.747,1.7301,1.6087,1.5719,1.6676,2.1779,2.7215,2.0377,1.5294,1.3608,1.3238,1.2229,0.9966,0.6913,0.6085,0.8447,1.1267,1.356,1.5562,1.7297,1.8215,1.8087,1.7452,1.6788,1.5911,1.5977,1.6038,1.6096,1.6154,1.6219,1.6298,1.6401,1.6537,1.6691,1.6803,1.6821,1.6783,1.6619,1.6657,1.6841,1.7861,2.221,2.5686,2.323,1.9288,1.6198,1.419,1.1772,0.7182,-0.0426,-0.2121,0.5062,1.041,1.3689,1.6442,1.9043,2.0228,1.9529,1.83,1.7292,1.5804,1.5862,1.5917,1.597,1.6024,1.6082,1.6148,1.6227,1.6315,1.6399,1.6455,1.647,1.6458,1.6484,1.6704,1.6938,1.8028,2.0917,2.5355,2.7073,2.135,1.7462,1.4988,1.2225,0.7355,-0.1367,-0.3354,0.6448,1.1482,1.4356,1.6976,1.9787,2.1045,2.0063,1.8615,1.7502,1.5713,1.5764,1.5813,1.5861,1.5909,1.596,1.6015,1.6074,1.6135,1.619,1.6232,1.6263,1.6304,1.6408,1.6631,1.7037,1.8013,1.9987,2.281,2.3463,2.0293,1.7582,1.5835,1.3771,1.1068,0.9702,1.3484,1.3935,1.4306,1.5571,1.7006,1.8738,1.9697,1.9227,1.8243,1.7367,1.5632,1.5678,1.5722,1.5765,1.5809,1.5853,1.5899,1.5946,1.5993,1.6038,1.608,1.6128,1.62,1.6332,1.6566,1.697,1.7679,1.8739,1.9765,1.9746,1.8484,1.7475,1.6985,1.5521,1.408,1.5068,1.8518,1.7297,1.7108,1.7406,1.7376,1.7766,1.8167,1.8061,1.7585,1.7035,1.5561,1.5602,1.5642,1.5681,1.572,1.5759,1.5798,1.5838,1.5879,1.5921,1.5966,1.6024,1.6109,1.6244,1.6455,1.6776,1.723,1.7758,1.8132,1.8051,1.7623,1.7619,1.7736,1.6484,1.5403,1.5742,1.691,1.8041,2.019,1.958,1.8151,1.7548,1.7416,1.7287,1.7023,1.6684,1.5497,1.5534,1.557,1.5606,1.5641,1.5676,1.5711,1.5747,1.5784,1.5825,1.5872,1.5933,1.6018,1.614,1.6312,1.6543,1.6823,1.7098,1.7266,1.7252,1.7162,1.7237,1.7164,1.6463,1.5867,1.6001,1.6858,1.8606,2.0578,1.994,1.8405,1.7499,1.7091,1.6859,1.6639,1.6396]}]