docs/data/wind_grid.json
[{"header":{"la1":42.22,"la2":41.45,"lo1":11.9,"lo2":12.97,"nx":16,"ny":12,"dx":0.07133,"dy":0.07,"parameterCategory":2,"parameterNumber":2,"parameterNumberName":"eastward_wind","parameterUnit":"m.s-1"},"data":[-0.0117,0.0729,0.215,0.3839,0.4288,0.265,0.0522,-0.104,-0.2143,-0.3155,-0.439,-0.5917,-0.7424,-0.8403,-0.862,-0.8268,-0.0553,0.0295,0.2395,0.6248,0.802,0.4289,0.0701,-0.1187,-0.2248,-0.3199,-0.4728,-0.7092,-0.963,-1.1015,-1.0814,-0.9775,-0.1427,-0.1258,0.0241,0.5603,0.8936,0.3836,0.0066,-0.158,-0.2441,-0.3061,-0.4907,-0.8785,-1.3603,-1.5515,-1.3874,-1.1438,-0.2453,-0.3622,-0.5241,-0.2895,0.1656,0.0739,-0.1079,-0.1901,-0.2816,-0.2811,-0.486,-1.0622,-1.9979,-2.216,-1.699,-1.2605,-0.2993,-0.4821,-0.8013,-0.7218,-0.1918,-0.0858,-0.2179,-0.2737,-0.064,-0.1859,-0.4589,-1.0161,-2.1232,-2.3782,-1.7007,-1.2198,-0.2757,-0.3924,-0.5202,-0.4154,-0.1269,-0.0338,-0.1483,-0.1804,0.1131,-0.1148,-0.4654,-0.7822,-1.1869,-1.4873,-1.2696,-0.9981,-0.2115,-0.2454,-0.2397,-0.1251,0.0729,0.2262,0.0585,-0.0473,-0.0839,-0.1515,-0.5099,-0.7981,-0.7613,-0.8182,-0.7814,-0.6987,-0.1495,-0.1392,-0.091,0.0218,0.2216,0.5809,0.2065,0.0079,0.0363,-0.0993,-0.3499,-0.5393,-0.4782,-0.3702,-0.3603,-0.4031,-0.106,-0.0797,-0.0268,0.0634,0.1952,0.3243,0.2209,0.189,0.268,0.017,-0.1759,-0.2385,-0.0676,0.1358,0.0281,-0.1525,-0.0807,-0.0525,-0.0085,0.052,0.1191,0.1591,0.1441,0.1543,0.1582,0.0301,-0.082,-0.0636,0.1843,0.4028,0.2263,-0.0097,-0.0689,-0.0442,-0.0114,0.027,0.0629,0.0832,0.0846,0.0805,0.0583,-0.0003,-0.0483,-0.0143,0.1379,0.2552,0.1678,0.0088,-0.0657,-0.0459,-0.0224,0.0023,0.0233,0.0352,0.0364,0.0278,0.007,-0.0244,-0.0452,-0.0258,0.0372,0.0825,0.0501,-0.0314]},{"header":{"la1":42.22,"la2":41.45,"lo1":11.9,"lo2":12.97,"nx":16,"ny":12,"dx":0.07133,"dy":0.07,"parameterCategory":2,"parameterNumber":3,"parameterNumberName":"northward_wind","parameterUnit":"m.s-1"},"data":[-0.6795,-0.795,-0.9302,-1.0642,-1.0421,-0.7258,-0.3244,-0.036,0.1262,0.2047,0.2322,0.225,0.199,0.1752,0.1662,0.1693,-0.7687,-0.9221,-1.1159,-1.4197,-1.557,-0.9681,-0.3087,0.0583,0.2198,0.2795,0.287,0.2462,0.1761,0.1286,0.1264,0.1463,-0.8495,-1.0474,-1.2367,-1.4879,-1.6858,-0.9,-0.1419,0.2049,0.3129,0.3459,0.3481,0.254,0.083,0.002,0.0479,0.1126,-0.9074,-1.2055,-1.5233,-1.4366,-1.0393,-0.4088,0.1333,0.3516,0.3133,0.3797,0.4354,0.2741,-0.1347,-0.2423,-0.0464,0.0883,-0.8831,-1.2494,-1.7757,-1.658,-0.699,-0.0231,0.3475,0.4493,0.6319,0.5876,0.6152,0.4866,-0.1423,-0.3006,-0.0278,0.1092,-0.7309,-0.9754,-1.2157,-0.9815,-0.2701,0.2259,0.4475,0.5692,0.872,0.7774,0.9303,1.191,0.6261,0.1905,0.1536,0.1681,-0.5082,-0.583,-0.5595,-0.2938,0.1303,0.4285,0.6073,0.7059,0.8983,0.811,1.1642,1.7847,1.0876,0.4873,0.2578,0.1862,-0.3004,-0.2789,-0.1733,0.0467,0.3219,0.5009,0.6416,0.6904,0.6479,0.7061,0.9041,1.0945,0.7268,0.2804,0.115,0.1006,-0.1429,-0.0867,0.0223,0.1834,0.3576,0.48,0.5504,0.545,0.5106,0.5837,0.6259,0.522,0.0768,-0.3204,-0.2318,-0.0605,-0.034,0.0277,0.1198,0.2348,0.3503,0.4399,0.4954,0.5145,0.5148,0.5144,0.4562,0.2192,-0.3243,-0.6976,-0.4562,-0.1741,0.0386,0.0955,0.1693,0.2536,0.3358,0.4033,0.4498,0.4739,0.4761,0.449,0.358,0.1365,-0.2301,-0.4629,-0.355,-0.1608,0.0865,0.1358,0.1947,0.2583,0.3194,0.3708,0.4074,0.4262,0.4237,0.3907,0.3087,0.157,-0.0407,-0.1714,-0.1603,-0.0755]}]