docs/data/wind_grid.json
{"header": {"la1":42.1,"la2":41.55,"lo1":12.1,"lo2":12.95,"nx":50,"ny":50,"dx":0.01735,"dy":0.01122,"parameterCategory":2,"parameterNumber":3,"parameterNumberName":"northward_wind","parameterUnit":"m.s-1"}, "data":
[rows 0 to 45 of 50, columns 0 to 49 of 50]
3.5183,3.5209,3.5241,3.528,3.5324,3.5375,3.5434,3.5499,3.5571,3.565,3.5735,3.5827,3.5925,3.6027,3.6134,3.6244,3.6358,3.6475,3.6595,3.6719,3.6847,3.6982,3.7126,3.7279,3.7444,3.7621,3.7813,3.8018,3.8236,3.8465,3.8702,3.8943,3.9185,3.9423,3.9652,3.9865,4.0058,4.0227,4.0366,4.0474,4.055,4.0596,4.0614,4.0607,4.058,4.0537,4.0482,4.0418,4.0348,4.0274
3.5125,3.5151,3.5182,3.5219,3.5263,3.5314,3.5373,3.5439,3.5513,3.5594,3.5682,3.5776,3.5877,3.5983,3.6093,3.6207,3.6324,3.6443,3.6565,3.6691,3.6821,3.6957,3.7102,3.7257,3.7425,3.7607,3.7805,3.8018,3.8245,3.8485,3.8735,3.899,3.9246,3.9498,3.9741,3.9967,4.0171,4.0348,4.0493,4.0604,4.068,4.0722,4.0734,4.072,4.0685,4.0633,4.0569,4.0497,4.042,4.0339
3.5066,3.5089,3.5119,3.5156,3.5199,3.525,3.5309,3.5376,3.5452,3.5535,3.5626,3.5723,3.5828,3.5937,3.6051,3.6169,3.6289,3.6412,3.6536,3.6663,3.6794,3.6931,3.7077,3.7233,3.7404,3.759,3.7794,3.8015,3.8253,3.8505,3.8768,3.9037,3.9308,3.9575,3.9831,4.0071,4.0287,4.0473,4.0624,4.0738,4.0812,4.085,4.0856,4.0833,4.0789,4.0728,4.0655,4.0575,4.0489,4.0401
3.5004,3.5026,3.5054,3.509,3.5132,3.5183,3.5243,3.5311,3.5387,3.5473,3.5566,3.5668,3.5776,3.589,3.6009,3.6131,3.6255,3.638,3.6507,3.6636,3.6768,3.6905,3.7051,3.7208,3.7381,3.7571,3.7781,3.801,3.8259,3.8523,3.8799,3.9083,3.9369,3.9651,3.9923,4.0176,4.0404,4.06,4.0757,4.0873,4.0946,4.0979,4.0977,4.0946,4.0892,4.0821,4.0739,4.0649,4.0556,4.0461
3.494,3.496,3.4987,3.5021,3.5062,3.5113,3.5172,3.5241,3.532,3.5407,3.5504,3.561,3.5722,3.5841,3.5965,3.6092,3.6221,3.635,3.6479,3.6609,3.6742,3.6879,3.7024,3.7182,3.7356,3.755,3.7765,3.8003,3.8262,3.8539,3.883,3.9129,3.9431,3.9728,4.0014,4.0282,4.0522,4.0727,4.0891,4.1009,4.108,4.1107,4.1097,4.1056,4.0991,4.091,4.0819,4.0721,4.0619,4.0518
3.4874,3.4892,3.4916,3.4949,3.4989,3.5039,3.5098,3.5168,3.5248,3.5338,3.5439,3.5548,3.5666,3.5791,3.592,3.6053,3.6186,3.632,3.6453,3.6584,3.6717,3.6853,3.6997,3.7154,3.7329,3.7526,3.7747,3.7994,3.8264,3.8555,3.886,3.9175,3.9492,3.9804,4.0105,4.0386,4.0638,4.0853,4.1023,4.1143,4.1211,4.1233,4.1213,4.1162,4.1087,4.0996,4.0894,4.0788,4.0679,4.057
3.4806,3.4821,3.4843,3.4873,3.4912,3.4961,3.502,3.509,3.5172,3.5265,3.5369,3.5483,3.5607,3.5737,3.5874,3.6013,3.6153,3.6292,3.6428,3.6561,3.6694,3.6828,3.697,3.7126,3.73,3.75,3.7727,3.7982,3.8265,3.8569,3.889,3.922,3.9553,3.988,4.0194,4.0488,4.0751,4.0975,4.1151,4.1272,4.1338,4.1353,4.1324,4.1262,4.1176,4.1075,4.0964,4.0849,4.0733,4.0618
3.4735,3.4747,3.4766,3.4794,3.4831,3.4879,3.4938,3.5008,3.5091,3.5187,3.5295,3.5414,3.5544,3.5682,3.5826,3.5973,3.612,3.6265,3.6405,3.6541,3.6673,3.6806,3.6944,3.7096,3.727,3.7471,3.7704,3.7969,3.8264,3.8583,3.892,3.9266,3.9613,3.9953,4.028,4.0585,4.0858,4.109,4.1271,4.1393,4.1456,4.1464,4.1426,4.1354,4.1257,4.1146,4.1027,4.0904,4.0782,4.0661
3.4662,3.467,3.4687,3.4712,3.4747,3.4792,3.485,3.4921,3.5005,3.5104,3.5216,3.534,3.5477,3.5623,3.5776,3.5932,3.6088,3.624,3.6386,3.6524,3.6656,3.6786,3.692,3.7067,3.7238,3.744,3.7678,3.7953,3.8262,3.8597,3.8951,3.9313,3.9674,4.0026,4.0362,4.0675,4.0956,4.1195,4.138,4.1503,4.1562,4.1563,4.1516,4.1434,4.1329,4.1209,4.1082,4.0952,4.0824,4.0699
3.4586,3.4591,3.4604,3.4625,3.4658,3.4701,3.4758,3.4828,3.4914,3.5014,3.513,3.5261,3.5405,3.556,3.5723,3.589,3.6057,3.6218,3.6371,3.6512,3.6644,3.6769,3.6897,3.7039,3.7206,3.7408,3.7651,3.7936,3.826,3.8613,3.8984,3.9362,3.9736,4.0097,4.044,4.0757,4.1043,4.1285,4.1473,4.1595,4.1652,4.1647,4.1592,4.1502,4.1388,4.1261,4.1127,4.0993,4.086,4.073
3.4508,3.4509,3.4517,3.4535,3.4564,3.4605,3.466,3.4729,3.4815,3.4918,3.5039,3.5176,3.5328,3.5493,3.5668,3.5847,3.6026,3.6198,3.6359,3.6506,3.6638,3.6759,3.6879,3.7012,3.7173,3.7374,3.7622,3.7919,3.8259,3.8631,3.9022,3.9416,3.9801,4.0169,4.0513,4.0831,4.1115,4.1358,4.1545,4.1668,4.1721,4.1711,4.165,4.1554,4.1434,4.1301,4.1163,4.1024,4.0888,4.0755
3.4427,3.4423,3.4427,3.4441,3.4465,3.4503,3.4555,3.4624,3.471,3.4815,3.4939,3.5083,3.5244,3.542,3.5607,3.5801,3.5994,3.6181,3.6353,3.6506,3.6639,3.6755,3.6865,3.6987,3.714,3.7338,3.7592,3.7902,3.8261,3.8655,3.9066,3.9477,3.9873,4.0244,4.0585,4.0896,4.1174,4.1411,4.1595,4.1715,4.1766,4.1753,4.1689,4.1588,4.1465,4.1329,4.1188,4.1046,4.0908,4.0773
3.4344,3.4335,3.4334,3.4342,3.4362,3.4395,3.4444,3.4511,3.4597,3.4703,3.4831,3.4981,3.5151,3.5339,3.5541,3.5751,3.5962,3.6165,3.6352,3.6515,3.665,3.676,3.6859,3.6966,3.7108,3.7302,3.7562,3.7886,3.8266,3.8685,3.912,3.9549,3.9955,4.0326,4.0659,4.0956,4.1219,4.1443,4.162,4.1736,4.1785,4.1771,4.1706,4.1604,4.148,4.1343,4.1202,4.106,4.092,4.0785
3.4259,3.4244,3.4237,3.4239,3.4253,3.4282,3.4327,3.439,3.4475,3.4582,3.4713,3.4869,3.5049,3.525,3.5468,3.5696,3.5927,3.615,3.6355,3.6531,3.6671,3.6777,3.6861,3.695,3.7077,3.7266,3.7531,3.7872,3.8277,3.8725,3.9188,3.9638,4.0053,4.0422,4.0741,4.1016,4.1255,4.1459,4.1622,4.1731,4.1778,4.1764,4.1701,4.1602,4.148,4.1345,4.1205,4.1064,4.0925,4.079
3.4172,3.415,3.4136,3.4132,3.414,3.4162,3.4201,3.4261,3.4343,3.445,3.4584,3.4746,3.4935,3.515,3.5384,3.5633,3.5887,3.6133,3.636,3.6555,3.6705,3.6806,3.6873,3.694,3.7049,3.7231,3.7502,3.7862,3.8296,3.8778,3.9273,3.9748,4.0175,4.0539,4.0839,4.1085,4.1291,4.1465,4.1607,4.1704,4.1748,4.1737,4.1678,4.1584,4.1466,4.1335,4.1198,4.1059,4.0922,4.0789
3.4083,3.4054,3.4032,3.4021,3.4021,3.4036,3.4068,3.4123,3.4201,3.4307,3.4443,3.461,3.4808,3.5036,3.5289,3.5559,3.5838,3.6111,3.6365,3.6584,3.6751,3.6851,3.6898,3.6937,3.7023,3.7196,3.7475,3.7857,3.8325,3.8847,3.9382,3.9887,4.0328,4.0687,4.0965,4.1175,4.1338,4.1473,4.1584,4.1665,4.1703,4.1693,4.1639,4.1552,4.1441,4.1315,4.1182,4.1047,4.0913,4.0781
3.3992,3.3955,3.3925,3.3905,3.3896,3.3903,3.3928,3.3975,3.4048,3.4151,3.4287,3.4458,3.4665,3.4906,3.5177,3.5471,3.5777,3.608,3.6364,3.6614,3.6805,3.6912,3.6936,3.6939,3.6999,3.7163,3.745,3.7858,3.8366,3.8937,3.9518,4.006,4.052,4.0877,4.113,4.1298,4.1411,4.1496,4.1569,4.1624,4.1651,4.164,4.1591,4.151,4.1406,4.1286,4.1159,4.1028,4.0897,4.0768
3.39,3.3854,3.3816,3.3785,3.3767,3.3763,3.3778,3.3817,3.3884,3.3982,3.4117,3.429,3.4504,3.4757,3.5046,3.5364,3.5698,3.6032,3.6349,3.6633,3.686,3.6983,3.6983,3.6944,3.6974,3.713,3.7429,3.7868,3.8423,3.9049,3.9688,4.0276,4.0761,4.1118,4.1345,4.1468,4.1523,4.1551,4.1574,4.1596,4.1604,4.1587,4.1539,4.1463,4.1365,4.1252,4.113,4.1003,4.0876,4.075
3.3806,3.3752,3.3703,3.3662,3.3632,3.3617,3.3621,3.3649,3.3707,3.3799,3.393,3.4104,3.4323,3.4587,3.4893,3.5235,3.5597,3.5961,3.6308,3.6625,3.6894,3.7048,3.7025,3.694,3.6943,3.7096,3.7412,3.7886,3.8495,3.9188,3.9894,4.0538,4.1057,4.1417,4.162,4.1694,4.1686,4.1647,4.1612,4.159,4.1572,4.1541,4.1489,4.1415,4.1321,4.1213,4.1096,4.0974,4.085,4.0728
3.3713,3.3648,3.3589,3.3536,3.3493,3.3465,3.3456,3.3471,3.3518,3.3601,3.3727,3.3899,3.412,3.4393,3.4714,3.5078,3.5469,3.5862,3.6233,3.657,3.687,3.7064,3.7027,3.6906,3.6898,3.7059,3.7399,3.7915,3.8584,3.9352,4.0138,4.0848,4.1409,4.1778,4.1956,4.1979,4.1903,4.1792,4.169,4.1615,4.156,4.1509,4.1447,4.137,4.1277,4.1172,4.1059,4.0941,4.0821,4.0702
3.3619,3.3544,3.3473,3.3407,3.3351,3.3307,3.3283,3.3283,3.3316,3.3388,3.3506,3.3674,3.3895,3.4172,3.4506,3.489,3.5309,3.5731,3.612,3.6454,3.6743,3.695,3.6923,3.6815,3.6832,3.7018,3.7389,3.7953,3.8689,3.9541,4.0416,4.1204,4.1814,4.2194,4.2347,4.2315,4.2167,4.1979,4.1805,4.1671,4.1572,4.1492,4.1414,4.1329,4.1235,4.1131,4.102,4.0905,4.0789,4.0672
3.3526,3.344,3.3357,3.3277,3.3205,3.3145,3.3102,3.3085,3.3101,3.316,3.3267,3.3429,3.3648,3.3926,3.4266,3.4666,3.5113,3.5567,3.5975,3.6291,3.6509,3.6646,3.6669,3.666,3.6742,3.6971,3.7383,3.7999,3.8807,3.9749,4.072,4.1592,4.2255,4.2649,4.2774,4.2684,4.2463,4.2195,4.1948,4.1751,4.1604,4.149,4.1392,4.1295,4.1195,4.109,4.098,4.0867,4.0754,4.064
3.3434,3.3337,3.324,3.3146,3.3057,3.2978,3.2916,3.2878,3.2875,3.2917,3.3012,3.3165,3.3379,3.3654,3.3994,3.4405,3.4878,3.5371,3.581,3.612,3.6262,3.6287,3.6356,3.6476,3.6642,3.6923,3.7381,3.8052,3.8933,3.9965,4.1033,4.1991,4.2707,4.3111,4.3206,4.3058,4.2763,4.2421,4.2103,4.1845,4.165,4.15,4.1377,4.1267,4.1159,4.105,4.094,4.0828,4.0716,4.0605
3.3344,3.3236,3.3126,3.3015,3.2908,3.2809,3.2724,3.2663,3.2637,3.2659,3.274,3.2885,3.3093,3.336,3.3693,3.4104,3.4598,3.5137,3.5631,3.5976,3.6107,3.6089,3.6153,3.6327,3.6551,3.6881,3.7385,3.8109,3.9057,4.0172,4.133,4.2366,4.3129,4.3539,4.3603,4.3399,4.3039,4.2631,4.2252,4.194,4.17,4.1516,4.1368,4.1241,4.1124,4.1011,4.0899,4.0788,4.0678,4.0568
3.3257,3.3137,3.3013,3.2887,3.2761,3.2639,3.253,3.2442,3.2389,3.2388,3.2453,3.259,3.2794,3.3052,3.3368,3.3765,3.427,3.4859,3.543,3.585,3.6039,3.6049,3.6086,3.6242,3.6487,3.6851,3.7396,3.8166,3.917,4.0352,4.1581,4.2677,4.3476,4.3886,4.3922,4.3673,4.3262,4.2804,4.2378,4.2024,4.1746,4.1531,4.136,4.1217,4.109,4.0972,4.0858,4.0746,4.0637,4.0529
3.3175,3.3043,3.2905,3.2762,3.2616,3.2471,3.2334,3.2216,3.2133,3.2104,3.2151,3.2283,3.2489,3.2741,3.3031,3.3396,3.3894,3.4525,3.5183,3.5704,3.5981,3.6048,3.6079,3.6206,3.6451,3.6838,3.7413,3.8219,3.9261,4.0485,4.1757,4.2888,4.3704,4.4111,4.4126,4.3849,4.3409,4.2922,4.2468,4.2084,4.1778,4.1539,4.1349,4.1192,4.1056,4.0932,4.0815,4.0703,4.0594,4.0489
3.3096,3.2954,3.2802,3.2643,3.2477,3.2307,3.2141,3.1989,3.187,3.1808,3.1834,3.1966,3.2186,3.2441,3.2701,3.3013,3.3478,3.4134,3.4873,3.5499,3.5872,3.6011,3.6068,3.6191,3.6438,3.684,3.7436,3.8261,3.932,4.0556,4.1836,4.2972,4.3786,4.4187,4.4195,4.3912,4.3468,4.2975,4.2511,4.2114,4.1791,4.1535,4.1331,4.1163,4.1018,4.0889,4.077,4.0658,4.055,4.0445
3.3024,3.2871,3.2706,3.2531,3.2345,3.2151,3.1954,3.1766,3.1604,3.1502,3.1501,3.1635,3.1888,3.2169,3.2401,3.2643,3.3048,3.3703,3.4504,3.5221,3.569,3.5913,3.6027,3.6174,3.6434,3.6849,3.7458,3.8288,3.9341,4.0559,4.1812,4.2921,4.3716,4.4112,4.4127,4.3861,4.3436,4.296,4.2505,4.2108,4.1781,4.1517,4.1303,4.1127,4.0977,4.0844,4.0723,4.061,4.0503,4.04
3.2958,3.2795,3.2619,3.2429,3.2224,3.2006,3.1779,3.1552,3.1343,3.119,3.115,3.1286,3.1597,3.194,3.216,3.2321,3.2647,3.3275,3.4105,3.4891,3.5447,3.5761,3.5949,3.6142,3.6428,3.6859,3.7473,3.8295,3.9321,4.0493,4.1691,4.2748,4.3511,4.3901,4.3937,4.3706,4.3321,4.288,4.245,4.2067,4.1745,4.148,4.1263,4.1083,4.0929,4.0795,4.0673,4.056,4.0454,4.0353
3.29,3.2729,3.2542,3.2338,3.2116,3.1876,3.162,3.1355,3.1097,3.0884,3.0788,3.0913,3.1302,3.176,3.1998,3.2081,3.2324,3.2904,3.3729,3.4549,3.5173,3.5574,3.5842,3.6093,3.6414,3.6863,3.7478,3.828,3.9262,4.0369,4.149,4.2478,4.32,4.3586,4.365,4.3468,4.3136,4.2743,4.235,4.1992,4.1684,4.1425,4.121,4.103,4.0876,4.0741,4.0619,4.0507,4.0403,4.0304
3.285,3.2672,3.2476,3.2261,3.2025,3.1767,3.1485,3.1185,3.0879,3.0602,3.0434,3.0521,3.0992,3.1618,3.1917,3.1946,3.2117,3.2638,3.3423,3.4239,3.4903,3.5375,3.5718,3.6029,3.6389,3.6855,3.7467,3.8241,3.9169,4.0199,4.1233,4.2144,4.2821,4.3202,4.3297,4.3169,4.2898,4.256,4.2212,4.1886,4.1599,4.1352,4.1144,4.0967,4.0815,4.0681,4.0561,4.0451,4.0348,4.0252
3.2809,3.2625,3.2423,3.22,3.1953,3.168,3.1379,3.1052,3.0706,3.0372,3.0127,3.0152,3.0674,3.1485,3.1887,3.1906,3.2034,3.2493,3.3212,3.3991,3.4666,3.5185,3.559,3.5955,3.6352,3.6834,3.7439,3.8181,3.905,3.9998,4.0941,4.1775,4.2404,4.278,4.2906,4.2831,4.2622,4.2343,4.2043,4.1754,4.1492,4.1263,4.1065,4.0895,4.0747,4.0616,4.0499,4.0392,4.0292,4.0197
3.2777,3.259,3.2383,3.2155,3.1901,3.162,3.1308,3.0964,3.0594,3.0223,2.9926,2.9892,3.0414,3.1339,3.1853,3.1922,3.2046,3.2452,3.3095,3.3815,3.4475,3.5019,3.5468,3.5877,3.6305,3.6801,3.7395,3.8103,3.8912,3.9779,4.0635,4.1393,4.1978,4.2346,4.2499,4.2474,4.2324,4.2102,4.1851,4.1601,4.1368,4.1158,4.0974,4.0813,4.0672,4.0546,4.0433,4.0329,4.0232,4.0141
3.2755,3.2566,3.2358,3.2127,3.1872,3.1588,3.1273,3.0926,3.0553,3.0177,2.9873,2.9823,3.0309,3.1209,3.1789,3.1952,3.211,3.2481,3.3051,3.3705,3.4334,3.4884,3.5359,3.58,3.6252,3.6756,3.7338,3.801,3.876,3.9552,4.0328,4.1017,4.1558,4.1917,4.2092,4.2111,4.2014,4.1846,4.1643,4.1432,4.1229,4.1041,4.0873,4.0724,4.059,4.0471,4.0362,4.0262,4.0169,4.0082
3.2743,3.2554,3.2346,3.2117,3.1864,3.1584,3.1275,3.0938,3.0581,3.0232,2.9964,2.9943,3.0378,3.115,3.1725,3.1979,3.2192,3.2546,3.3056,3.3648,3.4239,3.478,3.5268,3.5729,3.6196,3.6702,3.727,3.7907,3.8602,3.9325,4.0028,4.0655,4.1157,4.1506,4.1698,4.1753,4.1704,4.1584,4.1426,4.1252,4.1078,4.0914,4.0763,4.0626,4.0503,4.0391,4.0288,4.0193,4.0104,4.0021
3.274,3.2553,3.2348,3.2123,3.1876,3.1606,3.1311,3.0995,3.067,3.0368,3.016,3.018,3.0556,3.1177,3.17,3.2013,3.2276,3.2626,3.3092,3.363,3.4181,3.4706,3.5195,3.5665,3.6139,3.6643,3.7194,3.7797,3.8442,3.9103,3.9742,4.0315,4.0781,4.1119,4.1323,4.1408,4.1398,4.1321,4.1203,4.1065,4.092,4.0779,4.0646,4.0523,4.041,4.0306,4.021,4.0121,4.0037,3.9958
3.2746,3.2563,3.2363,3.2146,3.1909,3.1652,3.1377,3.1089,3.0805,3.0557,3.041,3.0462,3.0778,3.127,3.1726,3.2063,3.2361,3.2712,3.3146,3.364,3.4154,3.4657,3.514,3.561,3.6085,3.6582,3.7114,3.7684,3.8283,3.889,3.9474,3.9998,4.0433,4.0759,4.0971,4.108,4.1103,4.1062,4.098,4.0874,4.0757,4.0639,4.0524,4.0415,4.0313,4.0218,4.0129,4.0046,3.9967,3.9893
3.2761,3.2583,3.2391,3.2182,3.1958,3.1718,3.1467,3.1211,3.097,3.0774,3.0678,3.0746,3.101,3.1403,3.1798,3.2135,3.245,3.2801,3.321,3.3668,3.4149,3.463,3.51,3.5565,3.6034,3.652,3.7032,3.7571,3.8129,3.8688,3.9223,3.9706,4.0112,4.0426,4.0643,4.077,4.082,4.0811,4.076,4.0683,4.0592,4.0495,4.0397,4.0302,4.0212,4.0126,4.0045,3.9968,3.9895,3.9826
3.2785,3.2613,3.2429,3.2232,3.2022,3.1801,3.1575,3.1352,3.1151,3.1,3.0941,3.1016,3.1238,3.1559,3.1903,3.2228,3.2546,3.2892,3.3281,3.371,3.4161,3.4619,3.5074,3.5528,3.5987,3.6459,3.695,3.746,3.7981,3.8498,3.8991,3.9438,3.9819,4.0121,4.034,4.048,4.0552,4.0568,4.0545,4.0494,4.0426,4.0349,4.0268,4.0187,4.0109,4.0032,3.9959,3.9889,3.9822,3.9757
3.2815,3.2652,3.2477,3.2292,3.2098,3.1897,3.1696,3.1505,3.134,3.1225,3.1193,3.1269,3.1457,3.1727,3.203,3.2336,3.2649,3.2986,3.3357,3.3761,3.4186,3.4622,3.506,3.55,3.5946,3.6402,3.6872,3.7353,3.784,3.832,3.8777,3.9192,3.955,3.9841,4.006,4.021,4.0299,4.0337,4.0337,4.0308,4.0261,4.0203,4.0138,4.0071,4.0003,3.9937,3.9872,3.9808,3.9747,3.9688
3.2853,3.2697,3.2533,3.2361,3.2183,3.2002,3.1825,3.1663,3.1528,3.1443,3.143,3.1504,3.1668,3.19,3.217,3.2457,3.2758,3.3083,3.3437,3.3819,3.4221,3.4635,3.5055,3.5479,3.591,3.6348,3.6796,3.7252,3.7708,3.8155,3.858,3.8967,3.9305,3.9585,3.9802,3.9959,4.0061,4.0117,4.0136,4.0128,4.0099,4.0058,4.0008,3.9954,3.9897,3.984,3.9783,3.9727,3.9671,3.9617
3.2896,3.275,3.2596,3.2437,3.2275,3.2113,3.1959,3.1822,3.1714,3.1651,3.1651,3.1724,3.1869,3.2073,3.2316,3.2584,3.2872,3.3183,3.3521,3.3882,3.4262,3.4656,3.5057,3.5465,3.5878,3.6299,3.6726,3.7156,3.7585,3.8003,3.8399,3.8762,3.9081,3.935,3.9565,3.9726,3.9839,3.9909,3.9945,3.9953,3.9941,3.9915,3.9879,3.9836,3.979,3.9742,3.9693,3.9644,3.9595,3.9546
3.2945,3.2807,3.2665,3.2519,3.2372,3.2229,3.2095,3.198,3.1894,3.1849,3.1859,3.1929,3.2061,3.2244,3.2466,3.2715,3.2989,3.3285,3.3606,3.3948,3.4309,3.4683,3.5066,3.5456,3.5852,3.6254,3.666,3.7067,3.747,3.7862,3.8233,3.8575,3.8877,3.9136,3.9347,3.9511,3.9631,3.9713,3.9762,3.9785,3.9787,3.9775,3.9751,3.972,3.9684,3.9645,3.9603,3.9561,3.9518,3.9474
3.2998,3.2869,3.2737,3.2604,3.2472,3.2346,3.2231,3.2135,3.2067,3.2036,3.2053,3.2123,3.2244,3.2411,3.2615,3.2848,3.3106,3.3388,3.3693,3.4017,3.4359,3.4715,3.508,3.5452,3.5831,3.6214,3.6599,3.6985,3.7365,3.7733,3.8082,3.8403,3.8691,3.8939,3.9146,3.9312,3.9438,3.9528,3.9589,3.9624,3.9639,3.9638,3.9626,3.9605,3.9579,3.9548,3.9514,3.9478,3.944,3.9402
3.3054,3.2935,3.2814,3.2693,3.2575,3.2464,3.2365,3.2285,3.2232,3.2214,3.2237,3.2305,3.2418,3.2572,3.2761,3.298,3.3224,3.3491,3.378,3.4088,3.4412,3.475,3.5097,3.5452,3.5813,3.6178,3.6544,3.6909,3.7267,3.7614,3.7943,3.8247,3.852,3.8759,3.8962,3.9127,3.9257,3.9355,3.9424,3.947,3.9495,3.9506,3.9504,3.9493,3.9475,3.9451,3.9424,3.9395,3.9363,3.933
3.3114,3.3003,3.2892,3.2783,3.2678,3.2581,3.2497,3.2431,3.2391,3.2382,3.2409,3.2476,3.2583,3.2727,3.2904,3.311,3.334,3.3593,3.3867,3.4159,3.4467,3.4787,3.5118,3.5456,3.58,3.6146,3.6494,3.6839,3.7178,3.7505,3.7815,3.8103,3.8364,3.8595,3.8792,3.8956,3.9089,3.9192,3.9269,3.9323,3.9358,3.9378,3.9385,3.9382,3.9372,3.9356,3.9336,3.9312,3.9286,3.9258
