docs/data/wind_grid.json
[{"header":{"la1":42.85,"la2":41.18,"lo1":11.55,"lo2":14.05,"nx":36,"ny":24,"dx":0.07143,"dy":0.07261,"parameterCategory":2,"parameterNumber":2,"parameterNumberName":"eastward_wind","parameterUnit":"m.s-1"},"data":[3.2537,3.248,3.2394,3.228,3.2139,3.1975,3.1794,3.1599,3.1392,3.1173,3.094,3.0695,3.0438,3.0171,2.9889,2.9586,2.9252,2.8875,2.8447,2.7982,2.7527,2.7158,2.6948,2.6912,2.7009,2.7172,2.7348,2.7508,2.7641,2.7745,2.7826,2.7888,2.7936,2.7974,2.8005,2.8031,3.2733,3.2683,3.2598,3.2473,3.2313,3.2124,3.1918,3.1701,3.1474,3.1235,3.098,3.071,3.043,3.0141,2.9841,2.9518,2.9155,2.8722,2.8189,2.7549,2.6869,2.6314,2.6054,2.6115,2.6378,2.6701,2.6999,2.724,2.7423,2.7558,2.7657,2.773,2.7785,2.7828,2.7862,2.7892,3.2964,3.2931,3.2849,3.2711,3.2521,3.2294,3.2052,3.1808,3.1562,3.1302,3.102,3.0721,3.0413,3.0103,2.979,2.9462,2.9091,2.8624,2.7976,2.7067,2.5954,2.5,2.4671,2.4992,2.5597,2.6185,2.6648,2.6981,2.7214,2.7375,2.7487,2.7567,2.7627,2.7673,2.771,2.7743,3.324,3.3239,3.317,3.3016,3.2779,3.2489,3.2189,3.1912,3.1652,3.1374,3.106,3.072,3.0377,3.0043,2.9725,2.9415,2.9081,2.8649,2.7948,2.6685,2.4706,2.2792,2.2419,2.3457,2.4726,2.5697,2.6343,2.6758,2.7024,2.7198,2.7316,2.7398,2.7458,2.7506,2.7545,2.758,3.357,3.3632,3.3604,3.3436,3.3121,3.2716,3.2313,3.1991,3.1741,3.1457,3.1094,3.0695,3.0301,2.9937,2.962,2.9356,2.9129,2.888,2.8375,2.6886,2.3398,1.9187,1.9077,2.1807,2.4046,2.5386,2.615,2.6593,2.6859,2.7026,2.7138,2.7216,2.7275,2.7322,2.7363,2.74,3.3958,3.4142,3.422,3.4064,3.3621,3.3004,3.2408,3.2013,3.1833,3.1553,3.1102,3.0619,3.0159,2.9745,2.942,2.9224,2.9179,2.9312,2.9524,2.849,2.3846,1.7011,1.736,2.1467,2.407,2.5412,2.6108,2.6486,2.6706,2.6845,2.6941,2.7013,2.7069,2.7116,2.7158,2.7199,3.4377,3.4782,3.5127,3.5081,3.4414,3.3426,3.252,3.1983,3.1916,3.1593,3.1014,3.0454,2.9916,2.9408,2.9022,2.8889,2.9068,2.9603,3.0637,3.033,2.682,2.2547,2.1682,2.3487,2.4944,2.5748,2.6164,2.6388,2.6526,2.6627,2.6708,2.6775,2.6832,2.6881,2.6926,2.697,3.474,3.5457,3.6383,3.6763,3.562,3.4006,3.2772,3.203,3.1762,3.1288,3.0709,3.0175,2.956,2.8844,2.8219,2.8084,2.8566,2.9319,3.0001,2.9824,2.9035,2.7846,2.6363,2.593,2.6005,2.6103,2.6152,2.6194,2.6254,2.6331,2.6413,2.6488,2.6552,2.6607,2.6657,2.6708,3.4888,3.5788,3.7395,3.8715,3.6612,3.4414,3.3055,3.1974,3.1043,3.0371,3.0115,2.9828,2.9154,2.8013,2.6566,2.6158,2.7481,2.8846,2.9559,2.9895,3.0702,3.0267,2.8474,2.7263,2.6556,2.6105,2.5847,2.5764,2.5809,2.5916,2.6035,2.6139,2.6221,2.6286,2.6344,2.6402,3.4728,3.5343,3.6311,3.6908,3.5325,3.427,3.3353,3.1768,2.9221,2.8039,2.9144,2.9559,2.888,2.7233,2.3618,2.1747,2.6063,2.8751,2.9813,3.0145,3.0441,3.0096,2.8818,2.7463,2.6282,2.5412,2.4974,2.4928,2.5106,2.5348,2.5564,2.5724,2.5833,2.5909,2.5974,2.6043,3.441,3.4548,3.4242,3.2852,3.3003,3.4151,3.4336,3.2654,2.6139,2.2819,2.8317,2.966,2.8851,2.7278,2.4025,2.1665,2.674,2.9795,3.0915,3.0807,3.0327,2.9638,2.8436,2.6733,2.4884,2.3539,2.3149,2.3496,2.4095,2.4633,2.5014,2.5248,2.5381,2.5463,2.5531,2.5611,3.4165,3.4117,3.3677,3.2777,3.3096,3.4886,3.6703,3.747,3.1852,2.7251,3.0006,3.0467,2.8888,2.6553,2.6616,2.7209,2.9392,3.2746,3.3743,3.2301,3.096,2.9674,2.7859,2.5079,2.1687,1.9502,1.9784,2.1345,2.2837,2.3852,2.4436,2.4727,2.4856,2.4922,2.4986,2.5082,3.4061,3.406,3.3941,3.3866,3.4433,3.6038,3.8717,4.185,3.9049,3.3992,3.2546,3.2182,3.041,2.6048,2.6708,2.8137,3.0413,3.7889,3.8353,3.3764,3.1694,2.9982,2.7362,2.2666,1.5771,1.1793,1.4552,1.8813,2.1666,2.3197,2.3907,2.4167,2.4224,2.4236,2.4289,2.4414,3.4043,3.4129,3.4234,3.4486,3.5123,3.6362,3.8257,4.0166,3.8856,3.5556,3.4103,3.3976,3.3627,3.009,2.8619,2.6014,2.828,3.4006,3.5654,3.3606,3.2286,3.0705,2.761,2.1205,0.9935,0.3429,1.0268,1.7441,2.1234,2.2908,2.3479,2.3523,2.3394,2.3306,2.3355,2.3549,3.4047,3.4189,3.4384,3.47,3.5228,3.601,3.6926,3.7454,3.6868,3.6004,3.5801,3.5285,3.3958,3.4674,2.9756,2.5515,2.9254,3.1116,3.2964,3.3444,3.3464,3.2362,2.924,2.3299,1.3879,0.8372,1.3311,1.9055,2.2027,2.3073,2.3079,2.2633,2.2166,2.1948,2.2052,2.2411,3.4041,3.4205,3.4415,3.4703,3.509,3.5555,3.5992,3.6222,3.6287,3.6897,3.8841,3.8575,3.6836,3.4512,3.2218,3.0296,3.0446,3.1969,3.3518,3.4513,3.5978,3.5001,3.151,2.7215,2.2456,1.975,2.0812,2.2808,2.3718,2.3468,2.2446,2.1154,2.0166,1.9858,2.02,2.0925,3.4019,3.4182,3.438,3.4622,3.4909,3.5218,3.5509,3.5771,3.6153,3.7065,3.8616,3.8189,3.8796,3.9051,3.5481,3.3938,3.3642,3.483,3.6046,3.5759,3.6496,3.5592,3.2722,3.0083,2.8147,2.7352,2.7247,2.6776,2.5595,2.3708,2.1176,1.8505,1.6761,1.6607,1.7633,1.9083,3.398,3.4135,3.4314,3.4518,3.4747,3.499,3.5243,3.5529,3.5928,3.6521,3.7137,3.7615,3.9291,3.9844,3.91,3.9045,3.7317,3.8436,4.1063,3.7367,3.5537,3.4461,3.2947,3.1746,3.1758,3.3043,3.3095,3.0556,2.7238,2.3557,1.8971,1.4002,1.1186,1.1901,1.4444,1.7083,3.393,3.4074,3.4235,3.4413,3.4609,3.482,3.5053,3.5326,3.5668,3.609,3.6562,3.7163,3.813,3.977,4.5586,4.8257,4.045,3.8752,3.9506,3.6935,3.5375,3.4077,3.2992,3.2613,3.4234,3.8982,4.0003,3.3708,2.8178,2.3119,1.6382,0.8137,0.4033,0.6744,1.1518,1.5478,3.3872,3.4005,3.415,3.431,3.4484,3.4675,3.4889,3.5136,3.5432,3.5785,3.6216,3.6809,3.779,3.9912,4.4649,4.6071,4.0492,3.7629,3.6368,3.5955,3.5096,3.3749,3.2762,3.2533,3.417,3.9637,4.0949,3.2558,2.7503,2.2822,1.5635,0.5776,0.1016,0.4872,1.0601,1.5013,3.3807,3.393,3.4063,3.4207,3.4364,3.4538,3.4731,3.4953,3.5213,3.5523,3.5911,3.6443,3.7261,3.8588,4.0215,4.0354,3.8489,3.6794,3.593,3.5464,3.4359,3.3013,3.2127,3.1662,3.1485,3.0612,2.6243,2.593,2.5489,2.2888,1.7872,1.0693,0.6631,0.8514,1.2475,1.596,3.3738,3.385,3.3972,3.4103,3.4245,3.4401,3.4574,3.477,3.4996,3.5262,3.5588,3.6005,3.6555,3.7219,3.7749,3.7655,3.6876,3.5948,3.5196,3.4414,3.3203,3.1869,3.1318,3.0889,2.9499,2.6069,2.1308,2.2995,2.3894,2.2972,2.0634,1.683,1.4041,1.4015,1.5725,1.779,3.3664,3.3767,3.3877,3.3995,3.4123,3.4262,3.4414,3.4583,3.4774,3.4992,3.5245,3.5541,3.5871,3.6183,3.6344,3.6201,3.5743,3.5117,3.4416,3.3552,3.2381,3.1213,3.0981,3.0628,2.9061,2.6511,2.4272,2.3617,2.2611,2.2683,2.2175,2.045,1.8795,1.824,1.8739,1.9761,3.3586,3.3679,3.3779,3.3885,3.3998,3.4119,3.425,3.4392,3.4547,3.4717,3.4902,3.5095,3.5279,3.5411,3.5425,3.5262,3.4913,3.4416,3.3796,3.3032,3.2137,3.1366,3.1006,3.0415,2.9073,2.7268,2.5524,2.386,2.2476,2.2712,2.2893,2.2249,2.1397,2.0926,2.0997,2.1463]},{"header":{"la1":42.85,"la2":41.18,"lo1":11.55,"lo2":14.05,"nx":36,"ny":24,"dx":0.07143,"dy":0.07261,"parameterCategory":2,"parameterNumber":3,"parameterNumberName":"northward_wind","parameterUnit":"m.s-1"},"data":[-0.0538,-0.0585,-0.0666,-0.0782,-0.0935,-0.1121,-0.1336,-0.1579,-0.1853,-0.2159,-0.2503,-0.2885,-0.3305,-0.3759,-0.4242,-0.475,-0.5269,-0.5785,-0.6276,-0.6714,-0.7059,-0.7257,-0.7261,-0.7066,-0.6715,-0.627,-0.5786,-0.53,-0.4829,-0.4384,-0.3966,-0.3576,-0.3214,-0.2879,-0.2569,-0.2285,-0.0307,-0.0336,-0.0408,-0.0528,-0.0695,-0.0901,-0.1138,-0.1402,-0.1695,-0.2026,-0.2405,-0.2833,-0.3309,-0.3832,-0.4398,-0.5003,-0.5636,-0.628,-0.691,-0.7501,-0.8002,-0.8311,-0.8314,-0.7995,-0.7455,-0.6821,-0.6178,-0.5569,-0.5005,-0.4487,-0.4013,-0.3579,-0.318,-0.2816,-0.2482,-0.2178,-0.0031,-0.0031,-0.0088,-0.0213,-0.0404,-0.0644,-0.0914,-0.12,-0.1508,-0.186,-0.2272,-0.275,-0.3289,-0.3886,-0.4544,-0.5264,-0.6039,-0.6843,-0.7646,-0.8442,-0.9213,-0.9762,-0.977,-0.9196,-0.832,-0.7401,-0.6553,-0.5801,-0.5138,-0.4548,-0.4019,-0.3541,-0.3108,-0.2715,-0.2358,-0.2037,0.03,0.0351,0.0323,0.0191,-0.0044,-0.0348,-0.0675,-0.099,-0.1302,-0.166,-0.2104,-0.2635,-0.3241,-0.3916,-0.467,-0.552,-0.6474,-0.7489,-0.8485,-0.9495,-1.072,-1.1856,-1.1867,-1.0706,-0.9238,-0.7929,-0.6851,-0.5959,-0.5204,-0.455,-0.3971,-0.3454,-0.2988,-0.2569,-0.2192,-0.1855,0.0697,0.084,0.0876,0.0741,0.0425,-0.0006,-0.0449,-0.0818,-0.1107,-0.1437,-0.1903,-0.2493,-0.3168,-0.3916,-0.4758,-0.5742,-0.6923,-0.8261,-0.9493,-1.0511,-1.2252,-1.4759,-1.4649,-1.2233,-0.9946,-0.8254,-0.6991,-0.5999,-0.5179,-0.4477,-0.3859,-0.3308,-0.2814,-0.2372,-0.1976,-0.1625,0.1161,0.1477,0.1667,0.1558,0.1092,0.0416,-0.0265,-0.078,-0.1012,-0.1226,-0.1692,-0.2339,-0.3079,-0.3886,-0.4787,-0.5867,-0.7288,-0.917,-1.0992,-1.1478,-1.2656,-1.6345,-1.6007,-1.2621,-0.9994,-0.8207,-0.6909,-0.5894,-0.505,-0.4321,-0.3676,-0.3098,-0.2579,-0.2115,-0.1703,-0.1341,0.1655,0.2283,0.285,0.2893,0.2129,0.1006,-0.0037,-0.0864,-0.1097,-0.1079,-0.15,-0.2188,-0.2986,-0.3841,-0.4758,-0.5828,-0.7313,-0.9641,-1.2562,-1.2476,-1.1465,-1.2902,-1.2984,-1.1111,-0.9244,-0.7774,-0.6611,-0.565,-0.4821,-0.4084,-0.3418,-0.2816,-0.2274,-0.179,-0.1364,-0.0995,0.2053,0.3129,0.4549,0.5183,0.369,0.1776,0.0485,-0.0429,-0.0797,-0.0848,-0.129,-0.2027,-0.2892,-0.3812,-0.474,-0.568,-0.6876,-0.8694,-1.0759,-1.0789,-0.9779,-0.979,-0.989,-0.9245,-0.8203,-0.7146,-0.6184,-0.5315,-0.4516,-0.3775,-0.3089,-0.2459,-0.1891,-0.1387,-0.0949,-0.0576,0.2112,0.3449,0.5948,0.804,0.4909,0.2217,0.1161,0.0539,0.0083,-0.0329,-0.0954,-0.1803,-0.2766,-0.3825,-0.4918,-0.5711,-0.6416,-0.7472,-0.8513,-0.8888,-0.8873,-0.8835,-0.8583,-0.8061,-0.7338,-0.6546,-0.5749,-0.4956,-0.4173,-0.3411,-0.2688,-0.202,-0.1419,-0.0892,-0.0444,-0.0071,0.1682,0.2507,0.3938,0.4862,0.2368,0.1678,0.1825,0.1614,0.0915,0.0263,-0.0491,-0.1494,-0.2521,-0.3734,-0.5523,-0.6397,-0.6325,-0.7003,-0.771,-0.8186,-0.8551,-0.8443,-0.7912,-0.7334,-0.6741,-0.6115,-0.5423,-0.4654,-0.3833,-0.3005,-0.2212,-0.1483,-0.0837,-0.0285,0.0172,0.0536,0.1017,0.0967,-0.0043,-0.3314,-0.2771,0.0978,0.3129,0.34,0.1253,0.0222,-0.0055,-0.1144,-0.2038,-0.2943,-0.5006,-0.6363,-0.644,-0.7382,-0.7952,-0.7986,-0.7899,-0.7685,-0.7279,-0.6844,-0.6451,-0.6006,-0.5363,-0.4504,-0.3533,-0.2556,-0.1641,-0.0821,-0.0116,0.0465,0.0923,0.1266,0.0529,0.016,-0.1093,-0.3371,-0.253,0.1974,0.5935,0.8,0.4459,0.1368,0.0333,-0.0753,-0.1346,-0.1164,-0.2605,-0.5166,-0.7114,-0.9233,-0.974,-0.8623,-0.7784,-0.7272,-0.6885,-0.6671,-0.6683,-0.6562,-0.5823,-0.4601,-0.3271,-0.2027,-0.0926,0.0016,0.0793,0.1401,0.1848,0.2149,0.0329,0.012,-0.0336,-0.0642,0.0568,0.3796,0.8291,1.2679,0.9432,0.3389,0.0579,0.0187,-0.0426,-0.0551,-0.2005,-0.6062,-0.8532,-1.2937,-1.3056,-0.9493,-0.7957,-0.7211,-0.6776,-0.6852,-0.7774,-0.8391,-0.7061,-0.4895,-0.293,-0.1311,0.002,0.1107,0.1962,0.2586,0.2994,0.3217,0.0276,0.0285,0.0343,0.0727,0.1888,0.4082,0.7186,1.0129,0.8103,0.2593,-0.0013,0.1663,0.2167,-0.2291,-0.5195,-0.9215,-1.0113,-1.1335,-1.1273,-0.9202,-0.8192,-0.7533,-0.687,-0.7002,-0.9097,-1.0845,-0.8246,-0.4796,-0.2184,-0.0225,0.1325,0.2561,0.3492,0.4107,0.4427,0.4511,0.023,0.035,0.0573,0.1028,0.1854,0.3076,0.4436,0.4995,0.32,-0.0066,-0.2106,-0.2219,-0.3079,-0.592,-0.6813,-1.0435,-1.684,-1.1306,-0.9169,-0.8771,-0.9582,-0.9078,-0.7265,-0.6434,-0.7755,-0.9044,-0.6654,-0.3301,-0.0656,0.1407,0.3115,0.4513,0.5525,0.6086,0.623,0.6071,0.0138,0.0275,0.0486,0.0813,0.1268,0.1769,0.2051,0.1615,0.0014,-0.2527,-0.5231,-0.4696,-0.4441,-0.5063,-0.6653,-1.0405,-1.4314,-0.9786,-0.7374,-0.9058,-1.507,-1.3286,-0.7876,-0.5181,-0.4502,-0.4183,-0.2636,-0.0435,0.1656,0.3601,0.5468,0.7127,0.8272,0.8696,0.849,0.7918,-0.0,0.0105,0.0243,0.0414,0.0587,0.0669,0.0488,-0.0177,-0.1459,-0.3275,-0.5101,-0.4768,-0.4768,-0.5078,-0.5899,-0.7186,-0.7315,-0.4928,-0.318,-0.6527,-1.5594,-1.327,-0.6669,-0.3151,-0.1232,0.0167,0.1497,0.2833,0.4327,0.6161,0.838,1.0616,1.204,1.2139,1.1254,1.0003,-0.0162,-0.0104,-0.0044,0.0003,0.0,-0.012,-0.0449,-0.1069,-0.1987,-0.3058,-0.3915,-0.4317,-0.4791,-0.5102,-0.5834,-0.6035,-0.4131,0.0108,0.3056,0.0393,-0.4102,-0.5057,-0.2722,-0.0209,0.2047,0.3949,0.5044,0.5751,0.6862,0.8753,1.1687,1.5143,1.7122,1.6449,1.4338,1.2116,-0.0325,-0.0311,-0.0312,-0.0346,-0.0443,-0.0642,-0.0986,-0.1499,-0.2154,-0.2854,-0.3468,-0.397,-0.4485,-0.5284,-0.7706,-0.8669,-0.3412,0.2155,0.5626,0.9178,0.4876,0.1662,0.1497,0.2877,0.4901,0.6577,0.7056,0.7852,0.9057,1.1031,1.4745,1.9989,2.2736,2.0684,1.6996,1.38,-0.0473,-0.0492,-0.0535,-0.0615,-0.0752,-0.0968,-0.1281,-0.1692,-0.2175,-0.2681,-0.3159,-0.3608,-0.4115,-0.4997,-0.6926,-0.7208,-0.2248,0.4775,1.7427,2.3076,1.0983,0.5826,0.4829,0.55,0.6959,0.7623,0.7742,1.0175,1.1342,1.2834,1.6246,2.19,2.489,2.2212,1.7995,1.4528,-0.0597,-0.0638,-0.0704,-0.0805,-0.0952,-0.1156,-0.1423,-0.1747,-0.2111,-0.2484,-0.2842,-0.3179,-0.3527,-0.3947,-0.4291,-0.3455,-0.0291,0.5172,1.2797,1.5382,1.0532,0.8047,0.7681,0.7829,0.9111,1.1726,1.5666,1.5213,1.4152,1.4501,1.6122,1.9371,2.1425,1.996,1.698,1.4182,-0.0694,-0.0747,-0.0823,-0.0927,-0.1067,-0.1246,-0.1465,-0.1716,-0.1985,-0.2251,-0.2494,-0.2695,-0.2836,-0.2857,-0.2552,-0.1485,0.0721,0.3987,0.7414,0.9041,0.9173,1.0521,1.1161,0.9977,1.0757,1.4626,1.9543,1.7891,1.7113,1.69,1.6305,1.6758,1.7368,1.6736,1.509,1.32,-0.0763,-0.082,-0.0896,-0.0995,-0.1119,-0.1268,-0.1441,-0.1628,-0.1818,-0.1993,-0.2132,-0.2209,-0.2185,-0.1986,-0.1477,-0.048,0.1113,0.3173,0.5272,0.7037,0.912,1.2495,1.3477,1.115,1.1133,1.3666,1.6376,1.8154,2.1507,2.0277,1.7298,1.5748,1.513,1.4452,1.3387,1.21,-0.0806,-0.0863,-0.0933,-0.102,-0.1124,-0.1243,-0.1372,-0.1505,-0.1628,-0.1727,-0.178,-0.176,-0.1628,-0.1327,-0.078,0.009,0.1307,0.2798,0.4425,0.6172,0.833,1.0765,1.1525,1.0598,1.0764,1.2462,1.4886,1.8347,2.2056,2.0731,1.7396,1.5163,1.3917,1.3019,1.2109,1.1121]}]