docs/data/wind_grid.json
[{"header":{"la1":42.85,"la2":41.18,"lo1":11.55,"lo2":14.05,"nx":36,"ny":24,"dx":0.07143,"dy":0.07261,"parameterCategory":2,"parameterNumber":2,"parameterNumberName":"eastward_wind","parameterUnit":"m.s-1"},"data":[3.8366,3.8423,3.8489,3.8562,3.8636,3.8704,3.8757,3.8784,3.8776,3.8725,3.8622,3.8461,3.8237,3.7943,3.7576,3.713,3.6608,3.6014,3.5364,3.4693,3.4065,3.3573,3.3297,3.3248,3.3372,3.3585,3.382,3.404,3.4229,3.4386,3.4515,3.462,3.4707,3.4781,3.4845,3.4903,3.8337,3.8406,3.8489,3.8584,3.8687,3.8789,3.8876,3.8934,3.895,3.8914,3.8817,3.8653,3.8415,3.8092,3.7677,3.716,3.6537,3.5807,3.4973,3.4059,3.3156,3.245,3.2128,3.221,3.2546,3.2964,3.3358,3.3686,3.3947,3.415,3.4309,3.4434,3.4537,3.4622,3.4696,3.4761,3.8283,3.8361,3.8462,3.8584,3.8723,3.8868,3.9002,3.9102,3.9149,3.9133,3.9045,3.8881,3.8632,3.8284,3.7822,3.723,3.6497,3.5614,3.4557,3.329,3.1885,3.0738,3.0361,3.077,3.153,3.2281,3.2887,3.3342,3.3674,3.3919,3.4103,3.4246,3.4361,3.4457,3.4539,3.4612,3.8196,3.8281,3.8399,3.855,3.8732,3.8936,3.9135,3.9292,3.9378,3.9381,3.9305,3.9146,3.8893,3.8528,3.8025,3.7358,3.6509,3.5475,3.4213,3.251,3.0168,2.798,2.7587,2.8847,3.0403,3.1624,3.2469,3.3038,3.3426,3.3699,3.39,3.4054,3.4178,3.4283,3.4374,3.4455,3.8069,3.816,3.8292,3.8469,3.8699,3.8979,3.9273,3.951,3.9633,3.965,3.9589,3.9446,3.9202,3.8834,3.8306,3.7571,3.6596,3.5418,3.4097,3.2167,2.835,2.3717,2.3635,2.6814,2.9498,3.1175,3.2184,3.2808,3.3212,3.349,3.3694,3.3854,3.3985,3.4097,3.4197,3.4286,3.7896,3.7997,3.815,3.8342,3.86,3.8967,3.9399,3.9745,3.988,3.9901,3.9883,3.9778,3.956,3.9211,3.8688,3.7913,3.6801,3.5408,3.4201,3.2916,2.8427,2.1232,2.164,2.6296,2.9406,3.1121,3.2084,3.2654,3.302,3.3277,3.3475,3.3637,3.3775,3.3896,3.4005,3.4104,3.767,3.781,3.8038,3.824,3.8429,3.8839,3.9445,3.9903,3.9979,4.0091,4.0207,4.0159,3.9971,3.9661,3.9188,3.8447,3.7263,3.557,3.4152,3.3839,3.1037,2.6834,2.6142,2.836,3.0273,3.1438,3.2112,3.2524,3.2808,3.3031,3.3221,3.3389,3.3539,3.3673,3.3794,3.3905,3.7357,3.7594,3.8151,3.852,3.8264,3.8503,3.9322,3.9953,4.0157,4.0495,4.0696,4.0628,4.0433,4.016,3.978,3.9187,3.8151,3.6507,3.4828,3.385,3.209,3.0908,3.043,3.0767,3.1363,3.1807,3.209,3.2301,3.2502,3.2706,3.2907,3.3097,3.3269,3.3422,3.356,3.3687,3.6863,3.7106,3.8366,3.9741,3.7949,3.7751,3.9092,4.0331,4.1166,4.1619,4.1523,4.12,4.0923,4.0658,4.0332,3.9959,3.9293,3.8035,3.6292,3.3927,3.0732,3.0981,3.194,3.2078,3.198,3.1835,3.1761,3.1822,3.2003,3.2249,3.2508,3.2748,3.2959,3.3141,3.3301,3.3445,3.6125,3.5746,3.6001,3.6387,3.435,3.6071,3.8899,4.119,4.3255,4.3956,4.2742,4.1785,4.1412,4.1151,4.0554,4.0209,4.0276,3.9661,3.8176,3.55,3.2294,3.2133,3.2878,3.2598,3.1837,3.1132,3.08,3.0877,3.1208,3.1621,3.2012,3.2342,3.261,3.2828,3.3012,3.3176,3.5402,3.395,3.0885,2.4386,2.5705,3.4058,3.9032,4.1961,4.6046,4.7978,4.3812,4.212,4.1892,4.1944,4.1145,4.046,4.1276,4.1643,4.0876,3.8674,3.6214,3.4836,3.3884,3.2379,3.0502,2.9081,2.8724,2.9227,3.0045,3.0822,3.1438,3.1894,3.2228,3.2482,3.269,3.2875,3.518,3.3411,2.9962,2.4733,2.6423,3.4888,3.9882,4.1816,4.3967,4.5532,4.3032,4.1956,4.2252,4.3163,4.3255,4.2274,4.2923,4.5181,4.5224,4.2038,3.9056,3.6723,3.4303,3.0983,2.6999,2.4444,2.4802,2.6701,2.8574,2.9945,3.0854,3.144,3.1826,3.2103,3.2327,3.2532,3.5576,3.4339,3.2609,3.1315,3.3108,3.7431,4.0711,4.1923,4.1967,4.2181,4.1691,4.149,4.1856,4.4308,4.4685,4.2817,4.3938,5.13,5.1465,4.4434,4.0694,3.7846,3.425,2.8409,2.0132,1.54,1.8632,2.3682,2.7175,2.9216,3.0367,3.1017,3.1405,3.1673,3.1902,3.2129,3.6287,3.5684,3.5165,3.5268,3.6595,3.8747,4.0601,4.1552,4.15,4.1097,4.0827,4.1255,4.1214,3.8052,4.1784,4.3119,4.2848,4.6507,4.7637,4.3953,4.1448,3.8941,3.4744,2.6747,1.3239,0.5563,1.355,2.1976,2.6608,2.8928,3.0073,3.0634,3.0933,3.115,3.1376,3.1639,3.7003,3.6802,3.6785,3.716,3.803,3.9171,4.0161,4.069,4.0645,4.0216,3.9807,3.9765,3.9418,3.8192,4.0944,4.2926,3.7775,4.1352,4.2967,4.2948,4.2786,4.1153,3.6798,2.9189,1.7798,1.1282,1.6951,2.3656,2.7411,2.9197,2.9952,3.0213,3.0311,3.0443,3.0684,3.1023,3.7585,3.7583,3.7727,3.8086,3.865,3.9295,3.9827,4.0084,3.9972,3.944,3.855,3.8201,3.8683,3.9229,4.0203,4.0082,3.835,4.0399,4.1799,4.342,4.6732,4.5148,3.9614,3.3625,2.7497,2.4048,2.5116,2.7535,2.9121,2.9772,2.9808,2.9556,2.9343,2.9395,2.9733,3.0244,3.8018,3.8098,3.8276,3.8566,3.8943,3.9333,3.9637,3.9765,3.9647,3.9226,3.8605,3.8564,3.8201,3.814,3.9835,4.0392,4.0421,4.0863,4.1492,4.32,4.7361,4.5782,4.0726,3.649,3.3291,3.1638,3.125,3.1111,3.0789,3.0212,2.9338,2.8338,2.7704,2.7788,2.8436,2.9296,3.8325,3.8433,3.8602,3.883,3.9093,3.9348,3.9541,3.9622,3.9562,3.9365,3.9135,3.8951,3.8281,3.8352,4.0535,4.1419,4.1173,4.1067,4.1026,4.1783,4.2958,4.2431,4.0092,3.7603,3.6063,3.592,3.5528,3.3731,3.1855,3.0218,2.8329,2.6219,2.5022,2.5477,2.684,2.8277,3.854,3.8652,3.8801,3.8981,3.9176,3.9358,3.9497,3.9571,3.957,3.9511,3.9443,3.9408,3.9483,4.0338,4.2994,4.4016,4.1914,4.1227,4.1178,4.1495,4.1484,4.0905,3.9531,3.7884,3.7315,3.9581,4.0061,3.5283,3.1927,2.9774,2.7053,2.3459,2.1597,2.2955,2.5384,2.7468,3.8688,3.8795,3.8924,3.9071,3.9223,3.9364,3.9479,3.9557,3.9599,3.9622,3.9663,3.9782,4.0122,4.1031,4.2818,4.3392,4.1964,4.1397,4.1706,4.1925,4.1376,4.0764,3.9617,3.7851,3.6715,3.9458,4.024,3.2723,3.0272,2.9129,2.6596,2.2354,2.0157,2.2044,2.4936,2.7244,3.8789,3.8887,3.9,3.9123,3.9248,3.9365,3.9468,3.9552,3.9622,3.9692,3.9791,3.9967,4.0299,4.0868,4.1558,4.1785,4.1467,4.1301,4.1496,4.1629,4.1628,4.1812,4.1053,3.8316,3.4356,2.9345,2.1054,2.2809,2.7446,2.8845,2.7617,2.4664,2.2857,2.3845,2.5894,2.7748,3.8856,3.8945,3.9045,3.915,3.9257,3.936,3.9455,3.9542,3.9625,3.9716,3.9834,4.0006,4.0257,4.0584,4.0899,4.105,4.1045,4.1073,4.125,4.1627,4.273,4.5153,4.5517,4.0637,3.3528,2.3735,1.2307,1.8554,2.7757,2.9996,2.939,2.7748,2.6521,2.6614,2.7572,2.8722,3.8897,3.8979,3.9067,3.916,3.9253,3.9345,3.9433,3.9519,3.9606,3.9701,3.9815,3.996,4.014,4.0341,4.0524,4.0645,4.0723,4.084,4.1114,4.1824,4.3816,4.8054,4.9381,4.2936,3.5044,2.7541,2.2843,2.6833,3.2717,3.2435,3.1069,2.987,2.903,2.8825,2.9171,2.9791,3.892,3.8994,3.9073,3.9155,3.9238,3.9321,3.9402,3.9483,3.9566,3.9655,3.9755,3.9871,4.0001,4.0135,4.0256,4.0355,4.045,4.0595,4.0902,4.1611,4.3181,4.5577,4.5845,4.1741,3.6239,3.1591,2.9433,3.1041,3.3487,3.304,3.1907,3.1072,3.0524,3.0312,3.042,3.0747]},{"header":{"la1":42.85,"la2":41.18,"lo1":11.55,"lo2":14.05,"nx":36,"ny":24,"dx":0.07143,"dy":0.07261,"parameterCategory":2,"parameterNumber":3,"parameterNumberName":"northward_wind","parameterUnit":"m.s-1"},"data":[0.2872,0.3049,0.3232,0.3416,0.3592,0.3739,0.3823,0.3807,0.3657,0.3367,0.2957,0.2461,0.1908,0.1315,0.0682,0.0003,-0.0731,-0.1523,-0.2362,-0.3211,-0.3984,-0.4557,-0.4817,-0.4744,-0.4412,-0.3937,-0.3417,-0.2911,-0.2449,-0.204,-0.1685,-0.1378,-0.1113,-0.0886,-0.0691,-0.0522,0.3045,0.3266,0.3504,0.376,0.4029,0.4289,0.4488,0.4552,0.4412,0.4051,0.3517,0.2883,0.2206,0.1505,0.0771,-0.0017,-0.0884,-0.185,-0.293,-0.4102,-0.5248,-0.6111,-0.6432,-0.617,-0.5525,-0.4738,-0.3965,-0.3274,-0.2682,-0.2184,-0.1767,-0.1417,-0.1124,-0.0876,-0.0666,-0.0488,0.3219,0.3488,0.3788,0.4128,0.4522,0.4961,0.5374,0.5611,0.5506,0.5013,0.4255,0.3401,0.2555,0.1731,0.0896,0.0001,-0.1001,-0.2152,-0.3516,-0.5163,-0.6995,-0.847,-0.8872,-0.8155,-0.6902,-0.5616,-0.4501,-0.3591,-0.2861,-0.2275,-0.1802,-0.1416,-0.1098,-0.0835,-0.0615,-0.0431,0.3391,0.3715,0.4075,0.4499,0.5045,0.5759,0.6581,0.7215,0.7216,0.6437,0.5227,0.4003,0.2932,0.1984,0.1064,0.0077,-0.1047,-0.2357,-0.3967,-0.6209,-0.9338,-1.2253,-1.27,-1.0817,-0.8433,-0.6436,-0.4925,-0.3798,-0.2945,-0.2289,-0.1774,-0.1362,-0.103,-0.0758,-0.0534,-0.0349,0.3566,0.3955,0.4372,0.4852,0.5526,0.6607,0.8193,0.98,1.0133,0.8624,0.6443,0.4617,0.3284,0.2246,0.1286,0.024,-0.0988,-0.2395,-0.4006,-0.6584,-1.18,-1.8076,-1.8143,-1.364,-0.9642,-0.6924,-0.5096,-0.3821,-0.2896,-0.2203,-0.1669,-0.125,-0.0914,-0.0642,-0.042,-0.0238,0.3749,0.4246,0.4741,0.5209,0.5857,0.7235,1.0001,1.3875,1.5242,1.1735,0.7634,0.5038,0.3523,0.2497,0.1582,0.0536,-0.0783,-0.2288,-0.3489,-0.5267,-1.1688,-2.1463,-2.089,-1.436,-0.9673,-0.677,-0.4892,-0.3608,-0.2689,-0.2006,-0.1483,-0.1074,-0.0748,-0.0485,-0.0272,-0.0099,0.3929,0.464,0.5362,0.5789,0.6026,0.7154,1.0668,1.7467,2.0769,1.387,0.7837,0.4953,0.3576,0.2738,0.1981,0.1034,-0.0318,-0.2038,-0.3038,-0.3561,-0.8318,-1.4113,-1.487,-1.1486,-0.8248,-0.5925,-0.4308,-0.3163,-0.2328,-0.17,-0.1217,-0.0836,-0.0532,-0.0287,-0.009,0.0069,0.4017,0.5095,0.6514,0.7238,0.6367,0.6184,0.846,1.3378,1.5607,1.0454,0.6144,0.4272,0.3488,0.3008,0.2492,0.1761,0.0565,-0.122,-0.29,-0.4504,-0.8014,-0.9619,-0.9448,-0.8082,-0.6284,-0.4697,-0.3467,-0.2543,-0.1844,-0.1305,-0.088,-0.0542,-0.0269,-0.005,0.0126,0.0266,0.3797,0.5114,0.7622,0.9728,0.6718,0.4665,0.4958,0.6026,0.5947,0.4429,0.3507,0.3384,0.3469,0.3385,0.3013,0.253,0.1739,0.021,-0.2056,-0.5811,-1.1682,-1.0934,-0.7751,-0.5906,-0.4534,-0.3412,-0.2522,-0.1829,-0.1283,-0.0845,-0.049,-0.02,0.0036,0.0226,0.0376,0.0493,0.3103,0.389,0.5354,0.6313,0.3536,0.2438,0.2161,0.147,-0.0205,-0.083,0.1035,0.278,0.38,0.4035,0.3185,0.2593,0.2792,0.1905,-0.016,-0.4003,-0.9011,-0.8792,-0.5906,-0.4109,-0.2995,-0.2194,-0.1581,-0.1095,-0.0692,-0.0351,-0.0062,0.0181,0.0379,0.0537,0.0659,0.0749,0.2174,0.2024,0.093,-0.2375,-0.206,0.0249,0.0429,-0.0679,-0.4385,-0.6402,-0.065,0.283,0.4757,0.5571,0.422,0.2964,0.3991,0.3942,0.2688,0.004,-0.2794,-0.372,-0.3077,-0.2249,-0.1591,-0.1097,-0.0721,-0.0404,-0.0113,0.0155,0.0393,0.0595,0.076,0.0886,0.0976,0.1035,0.1437,0.0905,-0.0463,-0.266,-0.2307,-0.0465,-0.03,-0.0811,-0.2528,-0.37,0.0276,0.3592,0.6161,0.8494,0.794,0.6086,0.6018,0.7031,0.6539,0.362,0.1013,-0.04,-0.081,-0.0718,-0.0468,-0.0236,-0.0036,0.0185,0.0428,0.0664,0.0874,0.1048,0.1182,0.1276,0.1332,0.1354,0.1019,0.0575,-0.0152,-0.085,-0.0771,-0.0366,-0.0484,-0.0728,-0.0744,-0.0332,0.1738,0.456,0.6524,1.0106,0.9916,0.77,0.7752,1.143,1.1248,0.5751,0.2737,0.1199,0.0476,0.0213,0.0155,0.0171,0.0342,0.0635,0.0935,0.119,0.1394,0.1549,0.1657,0.1718,0.1734,0.1712,0.0801,0.051,0.0155,-0.0127,-0.0214,-0.0257,-0.0432,-0.0615,-0.0535,0.0028,0.1593,0.5398,0.6752,0.5811,0.7321,0.9986,0.8922,0.9019,0.8647,0.5159,0.2905,0.1732,0.1075,0.0674,0.028,0.0024,0.0447,0.1046,0.149,0.1787,0.1987,0.2124,0.2205,0.2227,0.2193,0.2113,0.0662,0.0466,0.0252,0.0065,-0.0078,-0.0218,-0.0383,-0.0541,-0.0712,-0.1055,-0.1142,0.0344,0.1984,0.0409,0.5918,1.0516,0.8615,0.6602,0.4872,0.3258,0.2348,0.1844,0.1369,0.1055,0.069,0.0437,0.101,0.1772,0.2261,0.2528,0.2689,0.2798,0.2853,0.283,0.2727,0.2566,0.0549,0.0398,0.0235,0.0072,-0.0089,-0.0266,-0.0482,-0.0798,-0.1444,-0.3099,-0.6617,-0.5359,-0.2792,0.0281,0.2997,0.5793,0.6645,0.4041,0.1845,0.1446,0.2616,0.2311,0.1529,0.1491,0.1727,0.2036,0.2614,0.3154,0.3396,0.3462,0.3515,0.3599,0.3643,0.3565,0.3357,0.3074,0.0443,0.0312,0.0167,0.001,-0.0164,-0.0373,-0.0654,-0.1097,-0.1927,-0.3627,-0.6258,-0.5156,-0.5418,-0.5646,-0.1179,0.0773,0.0975,-0.1272,-0.3282,-0.1304,0.2401,0.2054,0.1297,0.1918,0.3192,0.4534,0.5343,0.5341,0.4913,0.4531,0.4421,0.4545,0.4645,0.4488,0.4098,0.3625,0.0343,0.0221,0.0082,-0.0076,-0.0261,-0.049,-0.0798,-0.1248,-0.1935,-0.2905,-0.3803,-0.4244,-0.6072,-0.6664,-0.5551,-0.5582,-0.4474,-0.7599,-1.1887,-0.6439,-0.2202,-0.0486,0.054,0.2426,0.5417,0.8749,0.9911,0.8431,0.6632,0.5535,0.5274,0.5648,0.5953,0.5634,0.4914,0.4163,0.0249,0.013,-0.0007,-0.0166,-0.0355,-0.0588,-0.0889,-0.1287,-0.1806,-0.2419,-0.3033,-0.3709,-0.4761,-0.6501,-1.2562,-1.5389,-0.8469,-0.8912,-1.1306,-1.0,-0.6214,-0.2939,-0.0406,0.2842,0.8037,1.5002,1.659,1.1675,0.798,0.6134,0.5842,0.6777,0.7457,0.6796,0.5605,0.4557,0.0164,0.0046,-0.0089,-0.0247,-0.0434,-0.0661,-0.094,-0.1285,-0.1702,-0.2183,-0.2729,-0.3427,-0.4534,-0.684,-1.1796,-1.3433,-0.9064,-0.8878,-1.3126,-1.5195,-0.883,-0.4686,-0.1661,0.2289,0.8364,1.6257,1.7959,1.2117,0.8115,0.596,0.5744,0.7151,0.8085,0.7192,0.5782,0.4635,0.0087,-0.0028,-0.0162,-0.0317,-0.0498,-0.0713,-0.0969,-0.1274,-0.1633,-0.2052,-0.2555,-0.3218,-0.4201,-0.5751,-0.7672,-0.8315,-0.7621,-0.8174,-1.0657,-1.1383,-0.8374,-0.6188,-0.4133,-0.0001,0.5833,1.0997,1.2756,1.0857,0.6887,0.4574,0.454,0.5862,0.6744,0.6255,0.5242,0.4328,0.0021,-0.0093,-0.0223,-0.0373,-0.0546,-0.0748,-0.0983,-0.1257,-0.1576,-0.195,-0.2401,-0.2971,-0.3715,-0.4642,-0.5543,-0.604,-0.6247,-0.6786,-0.7675,-0.7982,-0.7951,-0.947,-0.9504,-0.4024,0.2915,0.8954,1.347,1.0078,0.3057,0.1101,0.2131,0.365,0.4607,0.4696,0.4285,0.3758,-0.0037,-0.0147,-0.0273,-0.0417,-0.0581,-0.0769,-0.0985,-0.1233,-0.1518,-0.1849,-0.2238,-0.2703,-0.325,-0.385,-0.4408,-0.4833,-0.5179,-0.5601,-0.6114,-0.673,-0.8325,-1.2383,-1.3736,-0.705,0.0203,0.5301,0.7304,0.2571,-0.5032,-0.3904,-0.0571,0.164,0.2842,0.3309,0.332,0.312,-0.0084,-0.0191,-0.0312,-0.0449,-0.0603,-0.0777,-0.0975,-0.1199,-0.1453,-0.1742,-0.2072,-0.2445,-0.2857,-0.3285,-0.3689,-0.4043,-0.437,-0.4725,-0.517,-0.589,-0.7394,-0.9796,-1.0084,-0.6052,-0.1222,0.1956,0.2304,-0.1462,-0.6168,-0.4886,-0.168,0.0492,0.1714,0.2321,0.2543,0.2544]}]