docs/data/wind_grid.json
[{"header":{"la1":42.85,"la2":41.18,"lo1":11.55,"lo2":14.05,"nx":36,"ny":24,"dx":0.07143,"dy":0.07261,"parameterCategory":2,"parameterNumber":2,"parameterNumberName":"eastward_wind","parameterUnit":"m.s-1"},"data":[0.4219,0.4119,0.3999,0.3856,0.3693,0.3516,0.3335,0.316,0.2996,0.2836,0.2661,0.2449,0.2186,0.1864,0.1494,0.11,0.0722,0.0416,0.0238,0.0217,0.0336,0.0539,0.0766,0.0984,0.1185,0.1377,0.1563,0.1743,0.1915,0.2076,0.2224,0.236,0.2483,0.2595,0.2695,0.2785,0.4271,0.4169,0.4037,0.3873,0.3675,0.3453,0.3227,0.3022,0.2852,0.2709,0.2557,0.2354,0.2068,0.1688,0.122,0.0693,0.0167,-0.0265,-0.049,-0.0443,-0.0164,0.0214,0.0558,0.0824,0.1042,0.1244,0.1445,0.1643,0.1834,0.2011,0.2174,0.232,0.2451,0.2568,0.2672,0.2766,0.4339,0.4239,0.4099,0.3907,0.3658,0.336,0.3048,0.2779,0.2603,0.251,0.2427,0.2265,0.1971,0.1525,0.093,0.0211,-0.0559,-0.1222,-0.1543,-0.1339,-0.0692,0.0045,0.0545,0.0798,0.0964,0.1141,0.1344,0.1557,0.1765,0.1959,0.2135,0.229,0.2428,0.2549,0.2656,0.2751,0.4427,0.434,0.42,0.3981,0.3659,0.3233,0.2749,0.233,0.2132,0.2167,0.225,0.2193,0.1914,0.1399,0.065,-0.0335,-0.1508,-0.2647,-0.3232,-0.2704,-0.1159,0.0398,0.1027,0.1009,0.0965,0.1064,0.1258,0.1486,0.1713,0.1923,0.2109,0.2272,0.2414,0.2537,0.2645,0.274,0.4538,0.4486,0.4372,0.4138,0.3727,0.3101,0.2274,0.147,0.1181,0.1546,0.2017,0.2165,0.1924,0.134,0.0426,-0.088,-0.2675,-0.4824,-0.63,-0.5273,-0.1589,0.1953,0.2348,0.1413,0.097,0.0978,0.1178,0.1431,0.168,0.1904,0.21,0.2267,0.2411,0.2533,0.264,0.2733,0.4669,0.4694,0.4661,0.4454,0.3959,0.308,0.1685,-0.0064,-0.0709,0.0542,0.1811,0.2249,0.2031,0.1365,0.0313,-0.1261,-0.3776,-0.7769,-1.2069,-1.0837,-0.3355,0.321,0.3162,0.1367,0.0779,0.0837,0.11,0.1396,0.1671,0.1908,0.2108,0.2276,0.2417,0.2536,0.2638,0.2728,0.4798,0.4967,0.5142,0.5062,0.4482,0.3398,0.1538,-0.1502,-0.2923,-0.0143,0.1994,0.2561,0.2251,0.1444,0.0291,-0.1311,-0.4045,-0.9489,-1.7999,-1.7086,-0.6995,-0.1027,0.0471,0.0231,0.0315,0.0656,0.1044,0.1396,0.1692,0.1935,0.2134,0.2297,0.243,0.2542,0.2638,0.2722,0.4858,0.5238,0.5898,0.6208,0.5325,0.408,0.2612,0.0355,-0.0658,0.1475,0.2994,0.317,0.2557,0.1451,0.0097,-0.1261,-0.3133,-0.6965,-1.2356,-1.1828,-0.7702,-0.5273,-0.2676,-0.1087,-0.0131,0.0547,0.1056,0.1446,0.1749,0.1987,0.2176,0.2326,0.2448,0.2549,0.2635,0.2712,0.4724,0.5192,0.6532,0.7843,0.5877,0.4518,0.4148,0.3804,0.3887,0.447,0.4551,0.3987,0.2921,0.1232,-0.1004,-0.227,-0.232,-0.345,-0.5506,-0.6886,-0.9289,-0.8254,-0.4156,-0.1602,-0.0202,0.0629,0.117,0.1551,0.1836,0.2056,0.2226,0.2359,0.2465,0.2551,0.2625,0.2692,0.4329,0.4339,0.485,0.5294,0.3536,0.4034,0.5277,0.6241,0.7181,0.7389,0.6196,0.4847,0.3439,0.1125,-0.396,-0.6681,-0.2535,-0.1288,-0.2101,-0.4119,-0.7141,-0.6502,-0.3269,-0.1047,0.02,0.0912,0.1361,0.1684,0.1935,0.2129,0.2277,0.2387,0.2471,0.2539,0.2599,0.2657,0.3883,0.3115,0.1294,-0.2833,-0.2025,0.3203,0.6406,0.803,0.9539,1.0309,0.7443,0.5518,0.4202,0.2518,-0.2563,-0.6448,-0.1158,0.0502,0.0289,-0.0786,-0.2076,-0.2095,-0.0926,0.0183,0.0858,0.1238,0.1519,0.1781,0.2011,0.2189,0.2314,0.2398,0.2456,0.2502,0.2546,0.2596,0.3746,0.2732,0.0636,-0.2633,-0.1522,0.4176,0.827,1.0351,0.9659,0.9333,0.7379,0.5845,0.4823,0.4074,0.3773,0.2053,0.2089,0.1988,0.1762,0.1521,0.1127,0.0995,0.1192,0.1367,0.1323,0.1262,0.144,0.1758,0.2039,0.2225,0.2329,0.238,0.2404,0.2424,0.2453,0.2497,0.4014,0.3318,0.2309,0.1577,0.2884,0.6141,0.9504,1.4393,0.9167,0.8207,0.7076,0.6058,0.5318,0.5114,0.6083,0.4999,0.4011,0.1785,0.164,0.2731,0.3052,0.3028,0.2754,0.2115,0.1084,0.0471,0.092,0.1598,0.2033,0.2242,0.2313,0.2313,0.2292,0.2281,0.2298,0.2344,0.4495,0.4197,0.3963,0.4154,0.5205,0.6936,0.8499,0.8259,0.812,0.806,0.7386,0.6274,0.5691,0.3679,0.5838,0.7434,0.5509,0.313,0.2874,0.4046,0.4816,0.4863,0.4151,0.268,0.0385,-0.0856,0.0348,0.1531,0.2081,0.2257,0.2249,0.2167,0.2081,0.2036,0.205,0.2117,0.499,0.4948,0.504,0.5412,0.6145,0.7093,0.7884,0.8211,0.8391,0.8805,0.9032,0.795,0.6187,0.4951,0.611,0.7555,-0.0163,0.3369,0.4696,0.6033,0.7369,0.7284,0.5851,0.3834,0.1407,0.0137,0.0989,0.1895,0.2251,0.2261,0.2099,0.1883,0.1706,0.1631,0.1667,0.179,0.5407,0.5493,0.5691,0.6049,0.6571,0.7171,0.772,0.819,0.8838,1.0364,1.3687,1.0385,0.8519,0.6595,0.6265,0.4516,0.1284,0.4234,0.6236,0.8292,1.1309,1.0495,0.7669,0.5384,0.3544,0.2519,0.2417,0.2527,0.2455,0.2186,0.1786,0.1361,0.1057,0.0974,0.1097,0.1342,0.5731,0.5871,0.6092,0.6407,0.6808,0.7257,0.7724,0.825,0.9043,1.0594,1.3096,1.0892,0.8575,0.7944,0.7632,0.6967,0.6288,0.6841,0.7786,0.9371,1.205,1.1215,0.8541,0.6442,0.4897,0.3931,0.3396,0.2985,0.2527,0.1949,0.1218,0.0451,-0.0041,-0.0054,0.0295,0.0774,0.5974,0.6134,0.635,0.6626,0.6957,0.7328,0.7737,0.8215,0.8834,0.9617,1.013,0.955,0.8591,0.8602,1.0418,1.1124,0.9559,0.844,0.7501,0.9926,1.0852,1.0237,0.8681,0.6904,0.5377,0.4426,0.3843,0.314,0.238,0.1527,0.036,-0.1001,-0.1786,-0.1525,-0.0703,0.0154,0.6156,0.6319,0.6522,0.6768,0.7052,0.7369,0.7719,0.8109,0.8541,0.8959,0.9203,0.9212,0.9379,1.0851,1.6462,1.8865,1.2726,1.0539,1.0625,1.4968,1.3287,1.1054,0.9153,0.7162,0.532,0.4577,0.4374,0.2994,0.1928,0.1,-0.0564,-0.2792,-0.3962,-0.3116,-0.1613,-0.0343,0.6291,0.645,0.664,0.686,0.7109,0.7383,0.7681,0.8,0.8329,0.864,0.8913,0.9227,0.9913,1.18,1.5959,1.7318,1.3735,1.3843,2.0889,2.4666,1.6546,1.2535,1.0186,0.7654,0.5029,0.4185,0.4114,0.1482,0.0887,0.0535,-0.0898,-0.3499,-0.4866,-0.3689,-0.1895,-0.0478,0.6391,0.6544,0.6719,0.6919,0.714,0.738,0.7638,0.791,0.8191,0.8478,0.8791,0.9212,0.9925,1.1174,1.2776,1.3377,1.3041,1.4263,1.8134,1.9558,1.6141,1.4091,1.2466,0.911,0.4704,0.0317,-0.4557,-0.3415,-0.0557,0.039,-0.029,-0.2076,-0.3187,-0.257,-0.13,-0.0162,0.6465,0.6609,0.6772,0.6954,0.7152,0.7367,0.7596,0.7838,0.8092,0.8367,0.8685,0.9096,0.9669,1.0429,1.1213,1.1737,1.2172,1.3144,1.462,1.537,1.5659,1.766,1.7913,1.2403,0.5382,-0.2055,-0.9206,-0.5584,-0.0276,0.1046,0.0755,-0.0187,-0.0916,-0.0848,-0.0255,0.0448,0.6517,0.6654,0.6805,0.6972,0.7152,0.7346,0.7552,0.7772,0.8007,0.8266,0.8563,0.8924,0.9366,0.988,1.04,1.0875,1.1386,1.2086,1.2957,1.3971,1.6094,2.0888,2.2437,1.516,0.7158,0.0834,-0.2711,-0.0701,0.2408,0.2317,0.1708,0.1102,0.0639,0.0531,0.0747,0.1121,0.6554,0.6682,0.6823,0.6976,0.7141,0.7318,0.7506,0.7707,0.7923,0.816,0.8427,0.8734,0.9085,0.9471,0.9871,1.0279,1.0731,1.1282,1.199,1.3042,1.4989,1.7888,1.8281,1.3735,0.8067,0.3696,0.1498,0.1816,0.2829,0.2661,0.2222,0.1856,0.1581,0.1471,0.1538,0.1727]},{"header":{"la1":42.85,"la2":41.18,"lo1":11.55,"lo2":14.05,"nx":36,"ny":24,"dx":0.07143,"dy":0.07261,"parameterCategory":2,"parameterNumber":3,"parameterNumberName":"northward_wind","parameterUnit":"m.s-1"},"data":[0.0638,0.079,0.0952,0.1123,0.1295,0.1453,0.1571,0.1618,0.1572,0.1433,0.1222,0.0975,0.0724,0.0491,0.0286,0.0116,-0.0012,-0.0091,-0.0111,-0.0077,-0.0008,0.006,0.0091,0.0068,-0.0004,-0.0112,-0.0242,-0.0382,-0.0527,-0.0671,-0.0812,-0.0949,-0.108,-0.1204,-0.1321,-0.143,0.0725,0.0907,0.111,0.1335,0.158,0.1826,0.2033,0.2141,0.2096,0.189,0.1571,0.1209,0.0859,0.0548,0.0284,0.0065,-0.0102,-0.02,-0.0205,-0.011,0.0053,0.0209,0.0286,0.026,0.0154,0.0004,-0.0164,-0.0337,-0.0508,-0.0675,-0.0835,-0.0987,-0.1131,-0.1267,-0.1393,-0.1509,0.0808,0.1025,0.1272,0.1562,0.1906,0.2298,0.2678,0.2922,0.2895,0.2567,0.2049,0.1496,0.1001,0.059,0.0253,-0.0031,-0.0262,-0.0409,-0.0407,-0.0207,0.0146,0.048,0.0621,0.055,0.0363,0.014,-0.0083,-0.0297,-0.05,-0.0691,-0.0871,-0.104,-0.1198,-0.1345,-0.148,-0.1604,0.089,0.1143,0.1434,0.1788,0.2254,0.2874,0.3594,0.4164,0.4213,0.3624,0.2708,0.1827,0.1129,0.0603,0.0187,-0.0177,-0.0517,-0.0793,-0.0842,-0.0468,0.0296,0.1018,0.1217,0.0973,0.0613,0.0278,-0.0015,-0.0274,-0.051,-0.0726,-0.0927,-0.1113,-0.1285,-0.1443,-0.1588,-0.1718,0.0972,0.1271,0.1601,0.1995,0.2566,0.3494,0.4865,0.626,0.6574,0.5334,0.3564,0.2145,0.1198,0.0565,0.0087,-0.036,-0.0874,-0.1464,-0.1807,-0.1212,0.0442,0.203,0.2145,0.1451,0.0833,0.0377,0.0019,-0.0282,-0.0548,-0.0787,-0.1007,-0.1209,-0.1395,-0.1565,-0.1719,-0.1856,0.1062,0.144,0.1826,0.2203,0.2748,0.3932,0.6321,0.9682,1.0875,0.7867,0.4397,0.2278,0.1128,0.0446,-0.005,-0.0539,-0.1241,-0.2443,-0.3849,-0.3199,-0.002,0.2686,0.2637,0.1617,0.089,0.0386,-0.0006,-0.0334,-0.0622,-0.0881,-0.1118,-0.1335,-0.1534,-0.1715,-0.1877,-0.202,0.1153,0.17,0.2265,0.26,0.2793,0.3758,0.6804,1.2755,1.5658,0.96,0.437,0.1952,0.085,0.022,-0.0251,-0.0688,-0.137,-0.3011,-0.6087,-0.562,-0.1,0.1392,0.1758,0.129,0.0755,0.0295,-0.0098,-0.0438,-0.0739,-0.1013,-0.1264,-0.1496,-0.1708,-0.19,-0.207,-0.2218,0.1177,0.2022,0.3167,0.3751,0.2998,0.2813,0.4746,0.9047,1.1009,0.6387,0.262,0.1074,0.0406,-0.0123,-0.0662,-0.0993,-0.1206,-0.2041,-0.366,-0.2747,0.062,0.1633,0.1422,0.102,0.0568,0.0135,-0.0252,-0.0596,-0.0904,-0.1188,-0.1451,-0.1696,-0.1922,-0.2125,-0.2304,-0.2455,0.0956,0.1998,0.4065,0.5833,0.3252,0.1405,0.1491,0.2206,0.1906,0.0474,-0.0131,-0.0001,0.0034,-0.0526,-0.1719,-0.2208,-0.1338,-0.0752,-0.0554,0.0804,0.3547,0.3214,0.1756,0.0937,0.0377,-0.008,-0.0471,-0.0811,-0.1119,-0.1407,-0.1682,-0.1943,-0.2185,-0.2401,-0.2587,-0.274,0.0353,0.0944,0.213,0.2919,0.0505,-0.0587,-0.115,-0.2342,-0.4738,-0.5562,-0.2978,-0.0756,0.0132,-0.0556,-0.4086,-0.6128,-0.2008,0.0138,0.0889,0.1663,0.2919,0.2737,0.1585,0.0719,0.0097,-0.0383,-0.0764,-0.1086,-0.1381,-0.1672,-0.1962,-0.2244,-0.2506,-0.2739,-0.2933,-0.3086,-0.0434,-0.0642,-0.1645,-0.4503,-0.4265,-0.2493,-0.2719,-0.4483,-1.0093,-1.3083,-0.5058,-0.0695,0.1044,0.1018,-0.2741,-0.5881,-0.0735,0.1582,0.2142,0.2053,0.1959,0.1653,0.0996,0.028,-0.0341,-0.0815,-0.115,-0.1418,-0.1686,-0.198,-0.2294,-0.2609,-0.2904,-0.3159,-0.3362,-0.3508,-0.104,-0.1577,-0.2824,-0.4748,-0.4492,-0.313,-0.3156,-0.3663,-0.6964,-0.9025,-0.3563,0.0344,0.2416,0.3466,0.3131,0.1969,0.2842,0.4126,0.4175,0.2949,0.1908,0.1152,0.0444,-0.0285,-0.0963,-0.1422,-0.1634,-0.1788,-0.2014,-0.2325,-0.2687,-0.3061,-0.3405,-0.3691,-0.39,-0.403,-0.1355,-0.1815,-0.2519,-0.3195,-0.3238,-0.3111,-0.3325,-0.1442,-0.4842,-0.386,-0.1195,0.1568,0.3273,0.4662,0.5343,0.5497,0.5681,0.6961,0.6749,0.3717,0.1877,0.0761,-0.0073,-0.0899,-0.176,-0.2224,-0.2166,-0.2139,-0.2337,-0.2705,-0.3163,-0.3635,-0.4058,-0.4383,-0.459,-0.4684,-0.1481,-0.1802,-0.2185,-0.252,-0.2736,-0.3031,-0.3698,-0.5285,-0.4816,-0.2708,-0.0532,0.2158,0.3423,0.718,0.6432,0.9774,0.8407,0.6557,0.5574,0.3112,0.1199,0.0081,-0.0632,-0.139,-0.2383,-0.2875,-0.252,-0.238,-0.2635,-0.3138,-0.3765,-0.4402,-0.4944,-0.5315,-0.5496,-0.5511,-0.1525,-0.1751,-0.2,-0.2241,-0.2481,-0.2788,-0.3221,-0.3604,-0.3334,-0.2685,-0.1986,-0.0119,0.277,0.4894,0.6497,1.0784,0.9999,0.6408,0.3691,0.1397,-0.0444,-0.1136,-0.1286,-0.1618,-0.2233,-0.2602,-0.2438,-0.2473,-0.2917,-0.3664,-0.4576,-0.5485,-0.6206,-0.6616,-0.6707,-0.6561,-0.1538,-0.1707,-0.189,-0.2078,-0.2275,-0.2493,-0.2715,-0.2868,-0.3001,-0.3817,-0.662,-0.3309,-0.109,0.1909,0.3819,0.6504,0.7849,0.4568,0.1614,-0.0734,-0.2999,-0.2796,-0.1984,-0.1773,-0.1864,-0.1992,-0.2082,-0.2421,-0.3182,-0.4327,-0.5718,-0.7093,-0.8092,-0.8487,-0.8339,-0.7876,-0.1541,-0.1672,-0.1813,-0.196,-0.2111,-0.2265,-0.2418,-0.2591,-0.2948,-0.4018,-0.6164,-0.4191,-0.3818,-0.3962,-0.0196,0.1617,0.2053,0.0431,-0.1396,-0.2278,-0.3535,-0.3238,-0.2383,-0.1886,-0.1511,-0.1233,-0.1322,-0.2041,-0.3344,-0.514,-0.7346,-0.9567,-1.1007,-1.12,-1.0485,-0.9443,-0.154,-0.1646,-0.1758,-0.1874,-0.1993,-0.2115,-0.2246,-0.242,-0.272,-0.3228,-0.3657,-0.3549,-0.4599,-0.5006,-0.4303,-0.4264,-0.265,-0.331,-0.4712,-0.3868,-0.3472,-0.3126,-0.26,-0.1893,-0.0823,0.0466,0.0612,-0.1005,-0.3311,-0.6055,-0.9539,-1.3297,-1.5422,-1.491,-1.304,-1.1098,-0.154,-0.1627,-0.172,-0.1815,-0.1913,-0.2017,-0.2133,-0.2281,-0.2485,-0.2738,-0.2969,-0.3233,-0.3874,-0.5327,-1.0825,-1.3358,-0.6354,-0.4768,-0.5439,-0.6312,-0.5027,-0.3863,-0.3043,-0.1981,0.0096,0.3699,0.4451,0.0391,-0.333,-0.6935,-1.1825,-1.7814,-2.0796,-1.8817,-1.5329,-1.2425,-0.1542,-0.1617,-0.1695,-0.1777,-0.1863,-0.1954,-0.2058,-0.2184,-0.234,-0.253,-0.2767,-0.3144,-0.3924,-0.5843,-1.0195,-1.1577,-0.7128,-0.5961,-0.8837,-1.0436,-0.6649,-0.4774,-0.3794,-0.26,-0.032,0.4034,0.5017,-0.0554,-0.4151,-0.757,-1.267,-1.9623,-2.2993,-2.0234,-1.6105,-1.2896,-0.1549,-0.1614,-0.1683,-0.1756,-0.1833,-0.1917,-0.2013,-0.2127,-0.2267,-0.2446,-0.2696,-0.3094,-0.3797,-0.5028,-0.6602,-0.7008,-0.6054,-0.5981,-0.7512,-0.8094,-0.6491,-0.5572,-0.5024,-0.3954,-0.2575,-0.201,-0.4156,-0.471,-0.585,-0.8049,-1.1497,-1.6335,-1.9088,-1.7726,-1.4878,-1.2344,-0.1558,-0.1617,-0.168,-0.1747,-0.1819,-0.1899,-0.199,-0.2099,-0.2233,-0.2407,-0.2648,-0.2999,-0.3516,-0.4205,-0.4874,-0.5163,-0.5136,-0.5337,-0.5884,-0.6173,-0.6236,-0.6967,-0.715,-0.5667,-0.4511,-0.5055,-0.6825,-0.6663,-0.7962,-0.9034,-1.0254,-1.2452,-1.413,-1.4012,-1.2714,-1.1171,-0.1571,-0.1626,-0.1685,-0.1748,-0.1817,-0.1894,-0.1982,-0.2087,-0.2216,-0.2381,-0.2597,-0.2884,-0.3252,-0.3674,-0.4064,-0.4332,-0.452,-0.4771,-0.5128,-0.5563,-0.64,-0.8125,-0.8662,-0.6737,-0.5484,-0.5652,-0.6552,-0.831,-1.1184,-1.0747,-0.9977,-1.0407,-1.1119,-1.1256,-1.0745,-0.9905,-0.1587,-0.1639,-0.1694,-0.1755,-0.1822,-0.1896,-0.1983,-0.2084,-0.2207,-0.2358,-0.2547,-0.2779,-0.3053,-0.3349,-0.3634,-0.3882,-0.4115,-0.4383,-0.473,-0.5228,-0.6056,-0.7174,-0.7447,-0.6484,-0.5792,-0.5987,-0.7024,-0.9243,-1.1604,-1.1012,-0.9783,-0.9431,-0.9531,-0.9552,-0.9298,-0.8821]}]