docs/data/wind_grid.json
[{"header":{"la1":42.85,"la2":41.18,"lo1":11.55,"lo2":14.05,"nx":36,"ny":24,"dx":0.07143,"dy":0.07261,"parameterCategory":2,"parameterNumber":2,"parameterNumberName":"eastward_wind","parameterUnit":"m.s-1"},"data":[1.2324,1.2278,1.2214,1.2129,1.202,1.1881,1.1705,1.1482,1.12,1.0841,1.0391,0.9839,0.9178,0.841,0.7552,0.6638,0.5729,0.4917,0.4298,0.3945,0.3871,0.4032,0.4352,0.4752,0.5171,0.5571,0.5934,0.6252,0.6525,0.6756,0.6951,0.7115,0.7253,0.7371,0.7472,0.756,1.2494,1.2459,1.2407,1.2333,1.2234,1.2105,1.1939,1.1726,1.1447,1.1078,1.0593,0.9973,0.9205,0.828,0.7206,0.6012,0.4782,0.366,0.2825,0.2416,0.2451,0.2829,0.3398,0.4028,0.4634,0.5176,0.5641,0.603,0.6352,0.6616,0.6832,0.701,0.7157,0.728,0.7385,0.7475,1.2675,1.2653,1.2613,1.2551,1.2462,1.2343,1.2191,1.1995,1.1734,1.1369,1.086,1.0174,0.9291,0.8187,0.6842,0.5265,0.3541,0.1902,0.07,0.0231,0.0512,0.1296,0.2275,0.3241,0.4092,0.4802,0.5378,0.584,0.6207,0.6499,0.6732,0.6919,0.707,0.7195,0.73,0.739,1.2864,1.2858,1.2833,1.2782,1.2701,1.2586,1.2439,1.2263,1.2038,1.1705,1.1191,1.0451,0.9456,0.8165,0.6511,0.4428,0.1947,-0.0599,-0.2482,-0.2995,-0.2155,-0.0608,0.1028,0.2454,0.36,0.4491,0.5175,0.5699,0.6102,0.6412,0.6654,0.6842,0.6993,0.7114,0.7216,0.7303,1.3062,1.3075,1.3067,1.303,1.2951,1.2823,1.265,1.2466,1.2295,1.2048,1.1573,1.0799,0.9712,0.826,0.6309,0.364,0.0071,-0.4078,-0.7314,-0.7781,-0.5681,-0.2765,-0.0181,0.1797,0.3243,0.4293,0.506,0.5625,0.6045,0.636,0.6598,0.678,0.6922,0.7036,0.713,0.7212,1.3268,1.3304,1.332,1.3301,1.3227,1.3067,1.2802,1.2497,1.2356,1.2315,1.1972,1.1204,1.006,0.8514,0.6376,0.3224,-0.1566,-0.8159,-1.3947,-1.4103,-0.9543,-0.4629,-0.0995,0.1463,0.3121,0.4259,0.5058,0.5629,0.6041,0.6342,0.6563,0.6729,0.6855,0.6955,0.7039,0.7112,1.3479,1.3545,1.3594,1.361,1.3561,1.339,1.3004,1.2404,1.2159,1.2509,1.241,1.1659,1.0479,0.8928,0.6814,0.3604,-0.1722,-1.0189,-1.8743,-1.8452,-1.1396,-0.507,-0.0946,0.164,0.3306,0.4417,0.5179,0.5712,0.6088,0.6354,0.6545,0.6682,0.6785,0.6866,0.6935,0.6998,1.3691,1.3792,1.3885,1.3959,1.3984,1.3904,1.3604,1.3016,1.2751,1.3211,1.3095,1.2203,1.0922,0.9416,0.7543,0.4836,0.0428,-0.6572,-1.3833,-1.4022,-0.8463,-0.3288,0.016,0.2359,0.3792,0.4752,0.5409,0.5861,0.6173,0.6386,0.6531,0.6631,0.6702,0.6759,0.681,0.6862,1.3896,1.4035,1.4181,1.4329,1.4472,1.4595,1.4681,1.4762,1.5002,1.51,1.4296,1.2841,1.1278,0.9794,0.8258,0.6309,0.3487,-0.0384,-0.4069,-0.4868,-0.2811,-0.019,0.1915,0.3422,0.4474,0.5205,0.5709,0.6051,0.6277,0.6421,0.6508,0.656,0.6593,0.6621,0.6653,0.6694,1.4085,1.4261,1.4456,1.4678,1.4937,1.5263,1.5745,1.6637,1.8117,1.8377,1.604,1.3402,1.133,0.9798,0.8605,0.7314,0.5609,0.3627,0.1941,0.1235,0.1636,0.2613,0.3651,0.453,0.5204,0.5693,0.603,0.6248,0.6375,0.6437,0.6457,0.6452,0.6441,0.6436,0.6448,0.6481,1.425,1.4455,1.4689,1.4962,1.529,1.5702,1.629,1.7533,2.1166,2.2938,1.7512,1.3504,1.0852,0.9121,0.8347,0.7632,0.6369,0.4933,0.4033,0.3799,0.4002,0.4452,0.498,0.5467,0.586,0.6144,0.6325,0.6417,0.6439,0.6411,0.6352,0.6283,0.6221,0.6183,0.6177,0.6206,1.4384,1.4608,1.4864,1.516,1.55,1.5876,1.6239,1.6648,1.8801,2.0331,1.6584,1.3197,1.0098,0.7396,0.7472,0.7514,0.6065,0.3903,0.3353,0.4222,0.4978,0.5486,0.5869,0.6168,0.6384,0.6512,0.6556,0.6528,0.6441,0.6315,0.6168,0.6023,0.5905,0.5831,0.5813,0.5851,1.4484,1.4717,1.4981,1.5278,1.5599,1.591,1.6094,1.5997,1.6369,1.6796,1.5495,1.3804,1.1152,0.6796,0.7119,0.7425,0.5341,0.1235,0.1162,0.4002,0.5438,0.608,0.6433,0.6653,0.6765,0.6775,0.6698,0.6553,0.6355,0.612,0.587,0.5635,0.545,0.5343,0.5325,0.539,1.4551,1.4786,1.5048,1.5335,1.5635,1.5912,1.6087,1.6107,1.6295,1.661,1.6105,1.5282,1.4293,0.7116,0.8791,0.7015,0.4454,0.2807,0.2822,0.4853,0.5935,0.6406,0.6738,0.6957,0.7014,0.6923,0.6729,0.6467,0.6153,0.5796,0.5418,0.5065,0.4798,0.4661,0.4667,0.4794,1.4588,1.482,1.5076,1.5354,1.5646,1.5932,1.619,1.6464,1.7051,1.8249,1.9099,1.7663,1.4567,1.4618,1.0522,0.4438,-0.1293,0.3579,0.5462,0.6115,0.5997,0.6153,0.6741,0.7121,0.7151,0.6939,0.6613,0.6238,0.5813,0.5316,0.4764,0.424,0.386,0.3707,0.3786,0.4036,1.4598,1.4824,1.5073,1.5346,1.5643,1.5971,1.6363,1.6964,1.8211,2.1123,2.6679,2.288,1.9094,1.4637,1.1809,0.6101,0.1534,0.5419,0.7363,0.6721,0.4344,0.4858,0.6581,0.7272,0.7194,0.6769,0.6283,0.5828,0.5323,0.4667,0.3856,0.3051,0.2505,0.2375,0.2623,0.3098,1.4583,1.4801,1.5042,1.5311,1.5615,1.5978,1.6461,1.7224,1.8639,2.1458,2.5684,2.2486,1.8141,1.6443,1.3802,1.0907,0.9031,0.9416,0.9811,0.8228,0.4308,0.5036,0.7124,0.7618,0.7098,0.6253,0.5601,0.5193,0.4712,0.3878,0.2649,0.1352,0.0556,0.0557,0.1159,0.2013,1.4547,1.4755,1.4985,1.5243,1.5541,1.5904,1.6382,1.707,1.8101,1.9477,2.0354,1.9178,1.7304,1.6603,1.548,1.4486,1.2735,1.1689,1.1154,1.1502,0.961,0.8688,0.8768,0.8158,0.6694,0.5095,0.4368,0.4335,0.4073,0.306,0.1181,-0.0953,-0.208,-0.1706,-0.0475,0.0916,1.4491,1.4686,1.49,1.5141,1.5416,1.5744,1.6149,1.666,1.7272,1.7846,1.8014,1.7516,1.6784,1.6437,1.7579,1.8208,1.5105,1.3592,1.3672,1.6933,1.4728,1.2255,1.0661,0.8783,0.6063,0.3335,0.2732,0.3484,0.3563,0.243,-0.0198,-0.341,-0.4836,-0.3828,-0.1835,0.0086,1.4419,1.4598,1.4793,1.5009,1.525,1.5524,1.5838,1.6185,1.6531,1.6781,1.6804,1.6571,1.6276,1.6338,1.7364,1.7664,1.6026,1.6525,2.2198,2.5061,1.849,1.4828,1.2601,0.9875,0.6231,0.2968,0.2367,0.3096,0.3271,0.2239,-0.0621,-0.4305,-0.5834,-0.4533,-0.2249,-0.0149,1.4333,1.4494,1.4668,1.4855,1.5059,1.5278,1.551,1.5741,1.594,1.606,1.6057,1.5944,1.5828,1.5882,1.6152,1.6169,1.6016,1.7131,2.0236,2.1318,1.8581,1.6916,1.5482,1.2151,0.7623,0.3981,0.2163,0.2452,0.3095,0.2533,0.0328,-0.2592,-0.3991,-0.3202,-0.1441,0.0329,1.4236,1.4379,1.4531,1.469,1.4857,1.5029,1.5198,1.5353,1.5474,1.5538,1.5533,1.5476,1.5419,1.5422,1.5481,1.5536,1.574,1.648,1.7648,1.8257,1.8619,2.0494,2.0754,1.5934,0.9583,0.4258,0.1209,0.2003,0.3211,0.3134,0.1826,0.0023,-0.1051,-0.0868,0.0115,0.1317,1.4132,1.4258,1.4388,1.4522,1.4657,1.4789,1.4914,1.502,1.5097,1.5135,1.5132,1.51,1.5065,1.5054,1.508,1.5162,1.5385,1.5849,1.6518,1.739,1.93,2.3234,2.4401,1.8691,1.1722,0.6422,0.3659,0.3491,0.4013,0.3958,0.321,0.2172,0.1437,0.1339,0.1779,0.2487,1.4023,1.4133,1.4243,1.4354,1.4463,1.4566,1.4658,1.4733,1.4784,1.4808,1.4806,1.4786,1.4763,1.4754,1.4777,1.4859,1.5043,1.5378,1.5912,1.6818,1.8544,2.098,2.1326,1.7678,1.2748,0.8748,0.6372,0.547,0.5225,0.4939,0.4405,0.3755,0.3251,0.3075,0.3231,0.361]},{"header":{"la1":42.85,"la2":41.18,"lo1":11.55,"lo2":14.05,"nx":36,"ny":24,"dx":0.07143,"dy":0.07261,"parameterCategory":2,"parameterNumber":3,"parameterNumberName":"northward_wind","parameterUnit":"m.s-1"},"data":[0.1267,0.1545,0.1862,0.2208,0.2563,0.289,0.3136,0.3245,0.318,0.2938,0.2561,0.2106,0.1626,0.1156,0.0712,0.03,-0.0071,-0.0382,-0.0612,-0.0745,-0.0783,-0.0743,-0.0657,-0.0551,-0.0448,-0.0359,-0.0291,-0.0246,-0.0222,-0.0216,-0.0226,-0.0248,-0.0279,-0.0317,-0.0358,-0.0401,0.1307,0.1644,0.2046,0.2512,0.3022,0.3528,0.3943,0.4161,0.4096,0.3741,0.3176,0.252,0.1864,0.1249,0.0682,0.0154,-0.033,-0.0744,-0.1042,-0.1189,-0.1184,-0.1067,-0.0894,-0.071,-0.0546,-0.0414,-0.0319,-0.0258,-0.0226,-0.0219,-0.0232,-0.0259,-0.0296,-0.0341,-0.0389,-0.0438,0.1306,0.1702,0.2202,0.282,0.3552,0.4347,0.5073,0.5518,0.5475,0.4912,0.4014,0.3032,0.2125,0.1332,0.0622,-0.0051,-0.0701,-0.1284,-0.1701,-0.186,-0.1764,-0.1501,-0.1183,-0.0884,-0.0639,-0.0456,-0.0331,-0.0255,-0.0219,-0.0215,-0.0233,-0.0269,-0.0316,-0.037,-0.0426,-0.0483,0.1244,0.1689,0.2286,0.3079,0.4108,0.5358,0.6663,0.7608,0.7658,0.6678,0.514,0.362,0.2375,0.1387,0.0534,-0.0308,-0.1204,-0.2089,-0.2734,-0.2902,-0.2601,-0.2063,-0.151,-0.105,-0.0706,-0.0469,-0.0317,-0.0232,-0.0198,-0.0201,-0.0231,-0.0279,-0.0339,-0.0405,-0.0473,-0.0539,0.1099,0.1569,0.2235,0.319,0.4558,0.6454,0.8801,1.0887,1.1261,0.9353,0.6538,0.417,0.253,0.1387,0.044,-0.0567,-0.1811,-0.3245,-0.437,-0.4519,-0.3756,-0.2716,-0.1816,-0.116,-0.0716,-0.0433,-0.0267,-0.0183,-0.016,-0.0178,-0.0225,-0.0292,-0.0369,-0.045,-0.0532,-0.0609,0.0857,0.1307,0.1979,0.3012,0.464,0.7228,1.1125,1.5602,1.6964,1.2949,0.7806,0.4376,0.2453,0.1304,0.0388,-0.0701,-0.2327,-0.463,-0.6699,-0.6743,-0.5061,-0.3266,-0.1971,-0.114,-0.0629,-0.033,-0.017,-0.0104,-0.0103,-0.0147,-0.022,-0.031,-0.041,-0.0511,-0.0608,-0.0698,0.0515,0.0889,0.1472,0.2417,0.4017,0.6846,1.1873,1.9252,2.2357,1.5129,0.7628,0.3759,0.2016,0.1135,0.0439,-0.0532,-0.2283,-0.5283,-0.8437,-0.8323,-0.5653,-0.3283,-0.1788,-0.0914,-0.0415,-0.0146,-0.0023,0.0005,-0.0032,-0.0112,-0.0219,-0.0341,-0.0469,-0.0593,-0.0709,-0.0811,0.0092,0.0337,0.0732,0.1395,0.2555,0.4677,0.8586,1.4535,1.6828,1.0429,0.463,0.2128,0.1266,0.0941,0.0634,0.0014,-0.132,-0.378,-0.6508,-0.6562,-0.4386,-0.241,-0.1167,-0.0455,-0.0069,0.0115,0.017,0.0138,0.0049,-0.008,-0.0231,-0.0393,-0.0554,-0.0706,-0.0843,-0.0959,-0.0376,-0.0292,-0.0145,0.0117,0.058,0.1389,0.2662,0.3947,0.3401,0.1056,-0.0087,0.0059,0.0515,0.086,0.0976,0.0792,0.0159,-0.1046,-0.2374,-0.2662,-0.1862,-0.0909,-0.0227,0.0176,0.0375,0.0433,0.0394,0.0285,0.0128,-0.006,-0.0267,-0.0477,-0.0679,-0.0863,-0.1022,-0.1151,-0.084,-0.0917,-0.1016,-0.1146,-0.1331,-0.1634,-0.2258,-0.3824,-0.6919,-0.797,-0.4652,-0.1547,0.0192,0.1053,0.1447,0.1597,0.1552,0.1269,0.0813,0.0484,0.0468,0.0628,0.0788,0.087,0.0863,0.0778,0.0629,0.0431,0.0195,-0.0066,-0.0339,-0.0608,-0.086,-0.108,-0.1262,-0.1402,-0.1254,-0.1464,-0.1756,-0.2173,-0.2781,-0.3668,-0.4965,-0.7298,-1.3652,-1.6796,-0.759,-0.1897,0.0579,0.1566,0.1965,0.2307,0.274,0.3129,0.3103,0.2658,0.2202,0.1904,0.1708,0.1535,0.1343,0.1118,0.0858,0.0563,0.0237,-0.0111,-0.0466,-0.0809,-0.112,-0.1382,-0.1587,-0.1731,-0.1587,-0.1885,-0.2294,-0.2865,-0.3665,-0.4745,-0.6018,-0.7167,-1.0197,-1.231,-0.5699,-0.0759,0.1467,0.2058,0.2292,0.2877,0.3883,0.5172,0.5326,0.4329,0.3457,0.2895,0.249,0.2134,0.1788,0.1435,0.1066,0.0669,0.024,-0.0213,-0.0672,-0.1109,-0.1494,-0.1803,-0.2025,-0.2162,-0.1822,-0.216,-0.2611,-0.3219,-0.4037,-0.5098,-0.6301,-0.71,-0.692,-0.5891,-0.2534,0.0924,0.2544,0.2311,0.2553,0.3545,0.4992,0.7325,0.7322,0.5395,0.4302,0.3686,0.3178,0.2678,0.2191,0.172,0.1247,0.0746,0.02,-0.0386,-0.0985,-0.1551,-0.2032,-0.2393,-0.2621,-0.2726,-0.1961,-0.2299,-0.2733,-0.3292,-0.4003,-0.4877,-0.5834,-0.6562,-0.6087,-0.4159,-0.1498,0.1914,0.3486,0.9242,0.4372,0.491,0.6449,0.6842,0.6637,0.5519,0.4936,0.451,0.3894,0.3197,0.2551,0.1974,0.1412,0.0806,0.0118,-0.065,-0.145,-0.2202,-0.2814,-0.3227,-0.3431,-0.3463,-0.2018,-0.2328,-0.2709,-0.3171,-0.3716,-0.4318,-0.4878,-0.5132,-0.4713,-0.3912,-0.3049,-0.0991,0.209,0.3095,0.4067,0.7407,1.1622,0.7461,0.5849,0.5649,0.6117,0.5871,0.4774,0.3682,0.2852,0.2207,0.1598,0.0892,0.0019,-0.1015,-0.2129,-0.3169,-0.3966,-0.4416,-0.4534,-0.4411,-0.2011,-0.228,-0.2594,-0.2951,-0.3338,-0.3717,-0.4013,-0.4134,-0.4186,-0.4963,-0.7699,-0.4887,-0.2371,0.0869,0.2365,0.6151,0.9526,0.6636,0.5395,0.626,0.8729,0.8035,0.5605,0.3975,0.3051,0.2476,0.1908,0.1102,-0.0039,-0.1489,-0.3115,-0.4629,-0.5687,-0.6116,-0.6011,-0.5596,-0.1961,-0.2185,-0.2435,-0.2703,-0.2974,-0.3222,-0.342,-0.3588,-0.3934,-0.504,-0.7201,-0.5241,-0.4045,-0.3774,-0.0324,0.2222,0.4034,0.4493,0.4812,0.5907,0.9002,0.8132,0.5401,0.3816,0.317,0.2968,0.2588,0.1619,0.0042,-0.2063,-0.453,-0.6839,-0.8254,-0.8488,-0.7897,-0.6982,-0.1885,-0.2068,-0.2263,-0.2463,-0.2658,-0.2834,-0.2991,-0.3165,-0.3459,-0.3969,-0.4347,-0.3941,-0.4241,-0.4214,-0.2369,-0.122,0.1319,0.4064,0.5653,0.4576,0.5162,0.5093,0.3971,0.3237,0.3394,0.4115,0.4091,0.2641,0.0325,-0.269,-0.6421,-1.0001,-1.1829,-1.149,-1.0025,-0.8396,-0.1795,-0.1942,-0.2094,-0.2245,-0.2388,-0.2517,-0.2638,-0.2768,-0.2933,-0.3112,-0.3178,-0.3088,-0.3101,-0.3236,-0.4929,-0.5765,-0.0897,0.2873,0.4195,0.2486,0.2522,0.258,0.2302,0.2434,0.3725,0.6148,0.6611,0.3826,0.0601,-0.3227,-0.8343,-1.3498,-1.5628,-1.433,-1.1811,-0.9482,-0.17,-0.1817,-0.1935,-0.2049,-0.2155,-0.2249,-0.2334,-0.2415,-0.2491,-0.2546,-0.2546,-0.2509,-0.2549,-0.2981,-0.452,-0.4841,-0.1514,0.0901,0.0698,0.017,0.0827,0.0612,0.044,0.1133,0.3079,0.6271,0.6919,0.3275,0.0331,-0.3404,-0.8963,-1.4796,-1.701,-1.5282,-1.2377,-0.9825,-0.1605,-0.1698,-0.1789,-0.1875,-0.1952,-0.2018,-0.2073,-0.2116,-0.2144,-0.215,-0.2128,-0.2101,-0.2136,-0.2346,-0.269,-0.2385,-0.1055,0.01,0.0324,0.012,-0.0579,-0.2009,-0.2506,-0.117,0.0891,0.2009,0.0786,0.0484,-0.0406,-0.3133,-0.7635,-1.238,-1.45,-1.355,-1.1389,-0.929,-0.1513,-0.1587,-0.1657,-0.1721,-0.1776,-0.182,-0.1852,-0.187,-0.1872,-0.1856,-0.1822,-0.1786,-0.1769,-0.178,-0.1732,-0.1419,-0.084,-0.0368,-0.0349,-0.1013,-0.3046,-0.6507,-0.7485,-0.4417,-0.1313,-0.0258,-0.0889,-0.0626,-0.0927,-0.2737,-0.5729,-0.8855,-1.0623,-1.0586,-0.9502,-0.8159,-0.1427,-0.1485,-0.1538,-0.1585,-0.1623,-0.1651,-0.1667,-0.167,-0.1657,-0.1629,-0.1588,-0.1539,-0.1486,-0.142,-0.1303,-0.1097,-0.0858,-0.077,-0.1093,-0.2242,-0.5032,-0.9509,-1.0682,-0.6583,-0.2799,-0.1082,-0.0759,-0.0794,-0.1253,-0.2475,-0.4327,-0.6256,-0.7561,-0.7927,-0.7566,-0.6859,-0.1347,-0.1392,-0.1432,-0.1466,-0.1492,-0.1508,-0.1513,-0.1506,-0.1486,-0.1453,-0.1408,-0.1354,-0.1291,-0.1214,-0.1118,-0.1012,-0.0954,-0.107,-0.1554,-0.2708,-0.488,-0.7587,-0.8211,-0.5881,-0.3268,-0.1745,-0.1176,-0.1149,-0.1526,-0.2332,-0.347,-0.4663,-0.5572,-0.6004,-0.5986,-0.5676]}]