docs/data/wind_grid.json
[{"header":{"la1":42.85,"la2":41.18,"lo1":11.55,"lo2":14.05,"nx":36,"ny":24,"dx":0.07143,"dy":0.07261,"parameterCategory":2,"parameterNumber":2,"parameterNumberName":"eastward_wind","parameterUnit":"m.s-1"},"data":[2.5075,2.4934,2.4775,2.4604,2.4431,2.4275,2.4159,2.4109,2.4145,2.4274,2.4486,2.4766,2.509,2.5431,2.5745,2.5971,2.6062,2.6013,2.5866,2.5674,2.5474,2.5283,2.5107,2.4943,2.4788,2.464,2.4497,2.4357,2.422,2.4086,2.3956,2.3829,2.3708,2.3594,2.3487,2.3389,2.5098,2.4928,2.4727,2.4499,2.4256,2.4021,2.3832,2.3735,2.3768,2.3944,2.4244,2.464,2.5106,2.5614,2.6106,2.6466,2.6582,2.6449,2.6176,2.5873,2.5594,2.5352,2.5142,2.4955,2.4783,2.4621,2.4465,2.4312,2.4163,2.4016,2.3874,2.3736,2.3604,2.348,2.3365,2.326,2.5144,2.4944,2.4695,2.4396,2.4053,2.3693,2.3375,2.3183,2.32,2.3449,2.3882,2.4438,2.5088,2.5831,2.6613,2.7219,2.7359,2.7035,2.6532,2.6066,2.5692,2.5398,2.5158,2.4952,2.4766,2.459,2.4421,2.4256,2.4093,2.3933,2.3777,2.3626,2.3482,2.3347,2.3223,2.3111,2.5226,2.4999,2.4701,2.4316,2.384,2.329,2.274,2.2352,2.232,2.2702,2.3358,2.4129,2.4982,2.5989,2.7176,2.8202,2.8359,2.767,2.6835,2.6189,2.5735,2.5406,2.5149,2.4931,2.4734,2.4547,2.4366,2.4187,2.4009,2.3834,2.3662,2.3496,2.3339,2.3192,2.3058,2.2938,2.5356,2.5113,2.4774,2.4306,2.3673,2.2853,2.1903,2.1095,2.0931,2.1601,2.2664,2.3716,2.473,2.5888,2.7363,2.8789,2.8962,2.7934,2.6877,2.6159,2.5693,2.5366,2.511,2.489,2.4687,2.4491,2.4297,2.4103,2.3909,2.3717,2.3527,2.3344,2.317,2.3008,2.2863,2.2735,2.5547,2.5309,2.4954,2.443,2.3658,2.2536,2.1002,1.9368,1.8868,2.0181,2.1937,2.3287,2.4345,2.5405,2.6684,2.7918,2.8136,2.7355,2.6524,2.5951,2.5568,2.5285,2.5049,2.4834,2.4627,2.4422,2.4215,2.4005,2.3792,2.3578,2.3367,2.3162,2.2969,2.2791,2.2633,2.2497,2.5805,2.5602,2.5278,2.4762,2.3946,2.2653,2.0652,1.8072,1.7063,1.9246,2.1574,2.3003,2.394,2.4732,2.5554,2.6289,2.6554,2.6326,2.5967,2.5662,2.5413,2.5191,2.498,2.477,2.4558,2.4342,2.4119,2.389,2.3654,2.3414,2.3176,2.2945,2.2728,2.253,2.2358,2.2213,2.613,2.5998,2.5761,2.5347,2.4642,2.3476,2.1658,1.9396,1.8534,2.0112,2.179,2.2894,2.3591,2.4101,2.459,2.5064,2.5396,2.553,2.5526,2.5441,2.53,2.5121,2.4919,2.4705,2.4482,2.4251,2.4009,2.3756,2.3492,2.3221,2.2949,2.2684,2.2437,2.2215,2.2026,2.1874,2.6507,2.6482,2.6389,2.6172,2.5731,2.4918,2.3606,2.2003,2.0921,2.0932,2.1825,2.2758,2.3251,2.3492,2.3795,2.4252,2.475,2.5149,2.5369,2.5401,2.5291,2.51,2.4875,2.4639,2.4398,2.4148,2.3885,2.3603,2.3304,2.2991,2.2675,2.2366,2.2081,2.1829,2.1622,2.1464,2.6912,2.7018,2.7115,2.7175,2.7126,2.6798,2.5809,2.3514,1.9859,1.8449,2.0804,2.2538,2.2837,2.2661,2.2852,2.355,2.4441,2.5199,2.5602,2.5628,2.5421,2.5133,2.4841,2.4565,2.43,2.4032,2.3745,2.343,2.3086,2.2718,2.2341,2.1974,2.1637,2.1349,2.1123,2.0962,2.7306,2.7551,2.7858,2.8245,2.8714,2.9161,2.9022,2.6094,1.5952,1.1269,1.9711,2.2768,2.2284,2.1077,2.1288,2.2745,2.4468,2.5897,2.6474,2.6219,2.5681,2.518,2.478,2.446,2.4179,2.3899,2.3591,2.3237,2.2835,2.2392,2.1931,2.1481,2.1076,2.0741,2.0495,2.0342,2.7651,2.8016,2.8509,2.9205,3.022,3.1727,3.3775,3.4521,2.5307,1.7976,2.2753,2.4305,2.1825,1.7712,1.8748,2.1972,2.5048,2.7953,2.8561,2.7197,2.5938,2.5125,2.4622,2.4289,2.4024,2.3753,2.3431,2.3033,2.2551,2.2001,2.1417,2.0848,2.0347,1.9955,1.9695,1.9565,2.7911,2.8354,2.8964,2.9845,3.1186,3.3342,3.6846,4.0959,3.6867,2.8933,2.7245,2.8127,2.4962,1.6618,1.7834,2.2183,2.5827,3.1337,3.1472,2.7849,2.5791,2.4765,2.4271,2.4021,2.3836,2.3612,2.3289,2.2835,2.2241,2.1531,2.0761,2.0013,1.9376,1.8914,1.8655,1.8584,2.8066,2.8533,2.9165,3.0052,3.1343,3.3264,3.5961,3.8591,3.6489,3.1081,2.9367,3.2476,3.2614,2.0988,2.2427,2.3449,2.4949,2.8578,2.9225,2.6621,2.4741,2.3864,2.3643,2.3652,2.3646,2.3519,2.3211,2.2682,2.1922,2.0966,1.9903,1.8876,1.8039,1.7502,1.7285,1.7339,2.8117,2.856,2.9133,2.9885,3.0875,3.2127,3.3456,3.4056,3.2647,3.0472,2.972,2.9864,2.8775,3.0545,2.5516,2.3706,2.2414,2.4676,2.5506,2.4281,2.2609,2.2208,2.2737,2.3255,2.3538,2.3562,2.3285,2.265,2.1636,2.0287,1.8746,1.7267,1.6138,1.5539,1.5461,1.5764,2.8079,2.8467,2.894,2.9509,3.0168,3.0849,3.135,3.1313,3.0617,3.0041,3.0489,3.0504,2.9438,2.8087,2.6407,2.437,2.309,2.4051,2.4053,2.2365,1.9459,1.9959,2.1872,2.3035,2.3658,2.3895,2.3672,2.2875,2.1462,1.9481,1.7144,1.491,1.3353,1.2776,1.3049,1.3821,2.7979,2.83,2.8667,2.9071,2.9484,2.9838,3.0023,2.9943,2.9697,2.9699,3.0231,2.9778,2.8507,2.7805,2.6868,2.5702,2.4796,2.4262,2.3655,2.2196,1.9086,1.9747,2.1892,2.3252,2.4186,2.4765,2.4651,2.3571,2.1526,1.8561,1.4904,1.1392,0.9238,0.8951,0.9992,1.1565,2.7839,2.8096,2.8372,2.8653,2.8912,2.9106,2.9191,2.9155,2.9074,2.9071,2.9074,2.8696,2.8041,2.776,2.7358,2.6826,2.5569,2.4035,2.3157,2.3265,2.2203,2.1984,2.2796,2.3865,2.5198,2.652,2.6629,2.4927,2.1921,1.7608,1.1952,0.638,0.3525,0.4124,0.6555,0.9274,2.7679,2.7881,2.8086,2.8282,2.8449,2.8565,2.8613,2.8596,2.8545,2.8482,2.8362,2.811,2.7814,2.7683,2.8299,2.8606,2.6372,2.4487,2.3824,2.4476,2.3897,2.336,2.3502,2.4389,2.6297,2.9063,2.9565,2.6485,2.2429,1.689,0.8984,0.0835,-0.2557,-0.0445,0.3675,0.7528,2.7513,2.7669,2.7822,2.796,2.8071,2.8143,2.8169,2.815,2.8098,2.8013,2.7882,2.7702,2.7531,2.7543,2.808,2.8159,2.6532,2.5301,2.5593,2.5987,2.4598,2.3638,2.3467,2.4242,2.6202,2.9353,2.9983,2.6233,2.2489,1.6884,0.8117,-0.1214,-0.4777,-0.1971,0.2783,0.7002,2.7347,2.7468,2.7581,2.7679,2.7753,2.7796,2.7805,2.778,2.7722,2.7632,2.7509,2.7361,2.7225,2.7167,2.7186,2.6918,2.6126,2.5422,2.5328,2.5205,2.4055,2.2764,2.2373,2.3193,2.4658,2.5569,2.4537,2.4003,2.2204,1.7714,1.0428,0.2744,-0.069,0.0875,0.4441,0.7929,2.7185,2.7279,2.7362,2.7431,2.7479,2.7502,2.7497,2.7464,2.7401,2.731,2.7193,2.7055,2.691,2.6768,2.6589,2.6259,2.5743,2.5208,2.4762,2.4092,2.2607,2.0511,1.9931,2.1513,2.3189,2.3701,2.3204,2.3209,2.2005,1.8737,1.3742,0.8601,0.5709,0.5788,0.7603,0.9857,2.7031,2.7102,2.7163,2.721,2.7238,2.7246,2.723,2.7189,2.7122,2.703,2.6914,2.6775,2.6615,2.6429,2.619,2.586,2.5426,2.4916,2.4292,2.3307,2.1489,1.8924,1.8284,2.0384,2.2286,2.3089,2.3147,2.2836,2.1717,1.9444,1.6261,1.3025,1.0858,1.0264,1.0883,1.2085,2.6885,2.6938,2.6981,2.7011,2.7024,2.702,2.6994,2.6947,2.6876,2.6783,2.6665,2.6523,2.6354,2.615,2.5897,2.5574,2.5171,2.467,2.4012,2.3045,2.1595,1.998,1.9587,2.0738,2.1978,2.2614,2.2704,2.235,2.1445,1.99,1.7879,1.5827,1.4285,1.3563,1.3602,1.4138]},{"header":{"la1":42.85,"la2":41.18,"lo1":11.55,"lo2":14.05,"nx":36,"ny":24,"dx":0.07143,"dy":0.07261,"parameterCategory":2,"parameterNumber":3,"parameterNumberName":"northward_wind","parameterUnit":"m.s-1"},"data":[0.5687,0.5419,0.5125,0.4813,0.4498,0.4206,0.3968,0.382,0.3779,0.3837,0.3958,0.409,0.419,0.4241,0.4255,0.4281,0.4373,0.4559,0.4824,0.5134,0.5459,0.578,0.609,0.6387,0.6672,0.6944,0.7204,0.7451,0.7687,0.791,0.812,0.8318,0.8501,0.8671,0.8827,0.8969,0.5625,0.531,0.4952,0.4555,0.4133,0.3721,0.3373,0.3158,0.3121,0.3254,0.3486,0.3722,0.3879,0.3922,0.3871,0.3819,0.3885,0.4122,0.448,0.4883,0.5282,0.5659,0.6011,0.6342,0.6654,0.695,0.7231,0.7498,0.7751,0.799,0.8214,0.8423,0.8617,0.8794,0.8957,0.9103,0.5593,0.523,0.4799,0.4294,0.372,0.3116,0.257,0.2215,0.2174,0.245,0.2896,0.3321,0.3582,0.3616,0.3445,0.3234,0.3253,0.3597,0.4113,0.4644,0.5127,0.556,0.5952,0.6314,0.6653,0.6973,0.7277,0.7564,0.7835,0.809,0.8328,0.8549,0.8753,0.8939,0.9107,0.9257,0.5606,0.5201,0.4696,0.4065,0.3289,0.2386,0.1468,0.0803,0.0719,0.1276,0.2138,0.2897,0.3336,0.3381,0.3045,0.2572,0.2526,0.307,0.3804,0.4467,0.5022,0.5498,0.5921,0.631,0.6674,0.7017,0.7343,0.765,0.7941,0.8213,0.8466,0.87,0.8914,0.9108,0.9281,0.9435,0.5681,0.5249,0.4685,0.3933,0.2924,0.1595,0.0012,-0.1367,-0.1638,-0.0477,0.1197,0.2495,0.3186,0.3302,0.2885,0.2208,0.2119,0.2837,0.37,0.4412,0.4987,0.5478,0.5919,0.6329,0.6716,0.7083,0.7432,0.7761,0.8072,0.8362,0.8631,0.8878,0.9103,0.9304,0.9483,0.9638,0.583,0.5399,0.4815,0.3994,0.2795,0.1008,-0.1561,-0.4435,-0.5312,-0.2826,0.0292,0.2263,0.3184,0.3412,0.3145,0.2655,0.2599,0.3164,0.3866,0.4481,0.501,0.5489,0.5939,0.6368,0.6779,0.7172,0.7546,0.79,0.8232,0.8542,0.8828,0.9089,0.9324,0.9533,0.9716,0.9872,0.6058,0.5665,0.5123,0.4334,0.3123,0.1149,-0.2142,-0.679,-0.8719,-0.431,0.0193,0.2461,0.3373,0.3622,0.3547,0.3377,0.3389,0.3683,0.4114,0.4574,0.5038,0.5504,0.5967,0.6422,0.6863,0.7286,0.7689,0.8069,0.8426,0.8757,0.9061,0.9338,0.9584,0.98,0.9986,1.0141,0.6358,0.604,0.5604,0.4973,0.4001,0.2412,-0.025,-0.4026,-0.5472,-0.1772,0.1643,0.319,0.3699,0.3774,0.372,0.3679,0.3729,0.3902,0.4186,0.456,0.5003,0.5488,0.5989,0.6487,0.6968,0.7429,0.7865,0.8275,0.8659,0.9014,0.9339,0.9631,0.989,1.0113,1.03,1.0451,0.6709,0.6492,0.6208,0.5816,0.5249,0.4399,0.3183,0.1905,0.1734,0.2874,0.3814,0.4097,0.3947,0.3679,0.3517,0.3502,0.3574,0.3713,0.396,0.4347,0.4853,0.542,0.5999,0.6563,0.71,0.7605,0.808,0.8524,0.8938,0.9319,0.9667,0.9978,1.025,1.0479,1.0666,1.081,0.7082,0.6974,0.6851,0.6711,0.6546,0.6343,0.6092,0.5875,0.5915,0.5933,0.5474,0.4738,0.3835,0.3085,0.2821,0.292,0.3045,0.3126,0.3356,0.3863,0.4558,0.5299,0.6008,0.6664,0.7267,0.7824,0.8342,0.8823,0.927,0.9682,1.0057,1.039,1.0676,1.0912,1.1095,1.1227,0.7449,0.7438,0.7456,0.7525,0.7673,0.7915,0.8164,0.8052,0.7297,0.701,0.6384,0.5003,0.3148,0.1568,0.1416,0.2026,0.224,0.2003,0.2142,0.3007,0.4131,0.5168,0.6052,0.6813,0.7487,0.8098,0.866,0.918,0.9664,1.0112,1.052,1.088,1.1185,1.1426,1.1602,1.1715,0.7785,0.7849,0.7969,0.818,0.8532,0.9084,0.9834,1.0269,0.8821,0.7578,0.6928,0.5322,0.2203,-0.1606,-0.0814,0.1175,0.1292,-0.0247,-0.0302,0.1751,0.3718,0.5136,0.6186,0.7037,0.7774,0.8437,0.9043,0.9604,1.0129,1.062,1.1071,1.1469,1.1798,1.2045,1.2206,1.2288,0.8078,0.819,0.8367,0.8645,0.9076,0.9742,1.0727,1.1754,1.0857,0.897,0.7806,0.6847,0.3944,-0.2614,-0.1558,0.1288,0.0688,-0.3646,-0.3588,0.0916,0.3739,0.5352,0.6453,0.7349,0.8139,0.885,0.9499,1.0101,1.0672,1.1218,1.173,1.2183,1.2548,1.2801,1.2936,1.2966,0.8322,0.8459,0.8655,0.8936,0.9335,0.9892,1.0604,1.124,1.0821,0.9672,0.8984,0.889,0.822,0.1852,0.2795,0.2304,0.0884,-0.119,-0.1083,0.2297,0.4534,0.579,0.6789,0.7724,0.858,0.9345,1.0032,1.0671,1.1293,1.1914,1.252,1.3064,1.3485,1.3742,1.3828,1.3772,0.8524,0.8667,0.8858,0.9109,0.943,0.9817,1.0218,1.0471,1.0421,1.0461,1.0813,1.0778,0.9362,1.1384,0.613,0.1592,-0.256,0.1356,0.335,0.4759,0.5311,0.5878,0.6979,0.8124,0.9108,0.9933,1.0643,1.1304,1.1981,1.2711,1.3473,1.4173,1.4689,1.4939,1.4929,1.4728,0.8689,0.883,0.9006,0.9223,0.9479,0.9761,1.0042,1.0304,1.0667,1.1506,1.2841,1.5613,1.3643,1.0818,0.8246,0.3598,0.0082,0.4209,0.6886,0.6546,0.4161,0.4773,0.7011,0.864,0.9777,1.0626,1.1312,1.1959,1.2695,1.3597,1.4631,1.5614,1.6284,1.6491,1.6289,1.5843,0.8828,0.8963,0.9125,0.9316,0.9536,0.9779,1.0052,1.0394,1.0928,1.1838,1.2889,1.3983,1.6015,1.6558,1.1249,0.8333,0.7706,1.0396,1.2491,0.954,0.4276,0.5077,0.7838,0.9542,1.0637,1.1394,1.1961,1.2547,1.3357,1.4528,1.6036,1.7529,1.8437,1.849,1.7914,1.7077,0.8947,0.9075,0.9227,0.9402,0.9603,0.9834,1.011,1.0468,1.0969,1.1648,1.2426,1.3519,1.6338,1.6751,1.2511,1.1111,1.1829,1.6554,2.09,1.5287,1.0486,0.9199,0.9919,1.0829,1.1573,1.2054,1.2387,1.2925,1.387,1.5419,1.7666,2.001,2.1222,2.0877,1.9662,1.8288,0.905,0.9173,0.9316,0.948,0.9669,0.9889,1.0153,1.0482,1.0898,1.1405,1.1996,1.2737,1.3541,1.3232,1.1995,1.181,1.3012,1.7025,1.9881,1.8142,1.4945,1.2658,1.1988,1.2077,1.2309,1.2251,1.2272,1.3072,1.4242,1.6119,1.9178,2.2579,2.4042,2.305,2.1088,1.9202,0.914,0.9259,0.9394,0.9549,0.9727,0.9932,1.0173,1.0459,1.0796,1.118,1.1598,1.2017,1.2295,1.2208,1.1942,1.1996,1.3248,1.6109,2.0009,2.1383,1.7136,1.4471,1.3443,1.3106,1.2952,1.2452,1.2349,1.3661,1.4698,1.6445,1.9703,2.3514,2.5042,2.3771,2.155,1.9512,0.922,0.9334,0.9463,0.9609,0.9774,0.9963,1.0178,1.0424,1.0699,1.0996,1.1301,1.1581,1.1786,1.1898,1.2016,1.2376,1.3431,1.5463,1.8087,1.8785,1.6666,1.5176,1.4572,1.4088,1.3885,1.4274,1.5466,1.5402,1.5291,1.6373,1.8875,2.1866,2.326,2.2511,2.0826,1.9128,0.9291,0.94,0.9523,0.966,0.9814,0.9986,1.0177,1.0389,1.062,1.0862,1.1105,1.1336,1.1545,1.175,1.2017,1.2477,1.3301,1.4517,1.5721,1.6104,1.5754,1.5864,1.5908,1.5079,1.4652,1.5405,1.6686,1.6192,1.5598,1.6094,1.7599,1.9437,2.0502,2.0345,1.9418,1.8273,0.9354,0.9459,0.9575,0.9704,0.9846,1.0003,1.0176,1.0362,1.0561,1.0769,1.0981,1.1194,1.1412,1.1654,1.1964,1.2405,1.3027,1.3789,1.4498,1.4972,1.5468,1.6452,1.6751,1.564,1.4932,1.5199,1.5745,1.5675,1.5454,1.5729,1.6554,1.758,1.8283,1.8374,1.7952,1.7272,0.9411,0.9511,0.9621,0.9742,0.9875,1.0019,1.0176,1.0344,1.0522,1.0708,1.0902,1.1105,1.1324,1.1575,1.1881,1.2272,1.2757,1.3306,1.3854,1.4388,1.5041,1.5814,1.5997,1.5358,1.4832,1.4812,1.5005,1.5075,1.5099,1.5312,1.5776,1.6344,1.6774,1.6904,1.6726,1.6339]}]