docs/data/wind_grid.json
{"header": {"la1":42.1,"la2":41.55,"lo1":12.1,"lo2":12.95,"nx":50,"ny":50,"dx":0.01735,"dy":0.01122,"parameterCategory":2,"parameterNumber":2,"parameterNumberName":"eastward_wind","parameterUnit":"m.s-1"}, "data":
[rows 0 to 39 of 50, columns 0 to 49 of 50]
-0.9419,-0.941,-0.9403,-0.9398,-0.9395,-0.9394,-0.9396,-0.94,-0.9407,-0.9417,-0.943,-0.9446,-0.9467,-0.9494,-0.9528,-0.9571,-0.9625,-0.9694,-0.9781,-0.989,-1.0027,-1.0194,-1.0397,-1.064,-1.0926,-1.1256,-1.1634,-1.2057,-1.2527,-1.3039,-1.359,-1.4174,-1.4783,-1.5403,-1.6022,-1.6622,-1.7182,-1.7684,-1.8109,-1.8445,-1.8685,-1.883,-1.8887,-1.8866,-1.8782,-1.8649,-1.8479,-1.8285,-1.8077,-1.7861
-0.9373,-0.9362,-0.9353,-0.9346,-0.9341,-0.9338,-0.9338,-0.9339,-0.9343,-0.935,-0.9359,-0.9372,-0.9388,-0.9409,-0.9437,-0.9473,-0.952,-0.9582,-0.9661,-0.9764,-0.9896,-1.006,-1.0263,-1.0508,-1.08,-1.1141,-1.1533,-1.1976,-1.247,-1.3011,-1.3595,-1.4217,-1.4868,-1.5535,-1.6203,-1.6852,-1.7459,-1.8002,-1.8458,-1.8813,-1.9059,-1.9198,-1.9238,-1.9193,-1.908,-1.8916,-1.8717,-1.8495,-1.826,-1.8021
-0.9326,-0.9314,-0.9303,-0.9294,-0.9287,-0.9282,-0.9279,-0.9278,-0.9279,-0.9283,-0.9288,-0.9297,-0.9308,-0.9324,-0.9345,-0.9373,-0.9412,-0.9465,-0.9537,-0.9632,-0.9757,-0.9917,-1.0118,-1.0366,-1.0664,-1.1016,-1.1423,-1.1885,-1.2403,-1.2973,-1.3592,-1.4254,-1.4949,-1.5666,-1.6387,-1.709,-1.7748,-1.8336,-1.8826,-1.9201,-1.9453,-1.9582,-1.9602,-1.9529,-1.9384,-1.9187,-1.8954,-1.8701,-1.8439,-1.8175
-0.928,-0.9265,-0.9253,-0.9242,-0.9233,-0.9225,-0.922,-0.9217,-0.9216,-0.9216,-0.9218,-0.9222,-0.9228,-0.9238,-0.9252,-0.9272,-0.9302,-0.9345,-0.9407,-0.9493,-0.9609,-0.9764,-0.9963,-1.0212,-1.0516,-1.0878,-1.1301,-1.1784,-1.2327,-1.2927,-1.3581,-1.4283,-1.5025,-1.5793,-1.657,-1.7331,-1.8047,-1.8684,-1.9212,-1.9608,-1.9864,-1.9982,-1.9978,-1.9872,-1.9691,-1.9456,-1.9188,-1.8903,-1.8612,-1.8323
-0.9233,-0.9217,-0.9202,-0.9189,-0.9178,-0.9169,-0.9162,-0.9156,-0.9152,-0.9149,-0.9148,-0.9147,-0.9149,-0.9152,-0.9158,-0.917,-0.9189,-0.9222,-0.9272,-0.9347,-0.9454,-0.9601,-0.9797,-1.0046,-1.0356,-1.0729,-1.1168,-1.1672,-1.224,-1.2871,-1.3561,-1.4303,-1.5092,-1.5914,-1.675,-1.7573,-1.835,-1.9042,-1.9611,-2.0031,-2.029,-2.0393,-2.036,-2.0218,-1.9996,-1.9721,-1.9415,-1.9096,-1.8775,-1.8461
-0.9186,-0.9168,-0.9151,-0.9136,-0.9123,-0.9112,-0.9103,-0.9095,-0.9089,-0.9083,-0.9078,-0.9074,-0.907,-0.9066,-0.9065,-0.9067,-0.9075,-0.9095,-0.9132,-0.9194,-0.929,-0.9428,-0.9619,-0.9869,-1.0184,-1.0568,-1.1023,-1.1549,-1.2143,-1.2805,-1.353,-1.4313,-1.5148,-1.6024,-1.6921,-1.781,-1.8654,-1.9405,-2.002,-2.0464,-2.0726,-2.0811,-2.0745,-2.0561,-2.0294,-1.9976,-1.9631,-1.9277,-1.8927,-1.8588
-0.9139,-0.9119,-0.91,-0.9084,-0.9069,-0.9056,-0.9044,-0.9035,-0.9026,-0.9018,-0.9009,-0.9001,-0.8992,-0.8982,-0.8972,-0.8963,-0.896,-0.8965,-0.8987,-0.9034,-0.9116,-0.9244,-0.9429,-0.9678,-0.9999,-1.0395,-1.0867,-1.1415,-1.2037,-1.2729,-1.3488,-1.4311,-1.5191,-1.6119,-1.7077,-1.8035,-1.8949,-1.9765,-2.0429,-2.0901,-2.1163,-2.1227,-2.1123,-2.0893,-2.058,-2.0216,-1.9831,-1.9443,-1.9064,-1.8701
-0.9092,-0.907,-0.9049,-0.9031,-0.9014,-0.8999,-0.8986,-0.8974,-0.8963,-0.8953,-0.8942,-0.893,-0.8915,-0.8899,-0.888,-0.8861,-0.8844,-0.8834,-0.8839,-0.8868,-0.8934,-0.9049,-0.9226,-0.9475,-0.9802,-1.021,-1.0701,-1.1272,-1.1921,-1.2643,-1.3435,-1.4295,-1.5217,-1.6195,-1.7213,-1.8239,-1.9227,-2.0112,-2.0829,-2.1329,-2.1591,-2.163,-2.1486,-2.1207,-2.0844,-2.0436,-2.0011,-1.9589,-1.9183,-1.8798
-0.9045,-0.9021,-0.8998,-0.8978,-0.8959,-0.8942,-0.8928,-0.8914,-0.8902,-0.8889,-0.8876,-0.886,-0.8841,-0.8818,-0.8791,-0.876,-0.8729,-0.8701,-0.8686,-0.8695,-0.8742,-0.8842,-0.901,-0.9258,-0.9592,-1.0015,-1.0526,-1.1121,-1.1797,-1.2549,-1.3372,-1.4264,-1.5224,-1.6246,-1.7319,-1.8412,-1.9473,-2.0431,-2.1205,-2.1735,-2.1996,-2.2008,-2.182,-2.1492,-2.1079,-2.0626,-2.0164,-1.9711,-1.928,-1.8875
-0.8998,-0.8971,-0.8947,-0.8924,-0.8904,-0.8886,-0.8869,-0.8855,-0.8841,-0.8827,-0.8811,-0.8793,-0.877,-0.8741,-0.8705,-0.8662,-0.8615,-0.8569,-0.8531,-0.8516,-0.854,-0.8623,-0.8781,-0.9028,-0.937,-0.9809,-1.0342,-1.0964,-1.1668,-1.2449,-1.33,-1.422,-1.5209,-1.6268,-1.7386,-1.854,-1.9673,-2.0704,-2.1537,-2.2098,-2.236,-2.2344,-2.2112,-2.1735,-2.1275,-2.0781,-2.0285,-1.9805,-1.9352,-1.8931
-0.8951,-0.8922,-0.8895,-0.8871,-0.8849,-0.8829,-0.8811,-0.8795,-0.878,-0.8765,-0.8748,-0.8728,-0.8701,-0.8667,-0.8623,-0.8569,-0.8505,-0.8437,-0.8374,-0.8331,-0.8329,-0.839,-0.8537,-0.8784,-0.9137,-0.9596,-1.0154,-1.0804,-1.1537,-1.2345,-1.3222,-1.4163,-1.5173,-1.6255,-1.7408,-1.8611,-1.9809,-2.091,-2.1803,-2.2397,-2.2659,-2.2618,-2.2345,-2.1923,-2.1421,-2.0892,-2.0368,-1.9866,-1.9397,-1.8964
-0.8903,-0.8872,-0.8843,-0.8817,-0.8793,-0.8772,-0.8753,-0.8736,-0.872,-0.8705,-0.8687,-0.8665,-0.8637,-0.8598,-0.8546,-0.848,-0.84,-0.8309,-0.8217,-0.8142,-0.8108,-0.8145,-0.8279,-0.8528,-0.8895,-0.9377,-0.9963,-1.0644,-1.1408,-1.2243,-1.314,-1.4096,-1.5115,-1.6207,-1.7378,-1.8614,-1.9863,-2.1026,-2.1976,-2.2604,-2.2869,-2.2807,-2.2501,-2.2042,-2.1508,-2.0953,-2.0408,-1.9892,-1.9413,-1.8972
-0.8856,-0.8822,-0.8791,-0.8763,-0.8737,-0.8714,-0.8694,-0.8677,-0.8661,-0.8645,-0.8628,-0.8606,-0.8576,-0.8534,-0.8476,-0.84,-0.8303,-0.8187,-0.8063,-0.795,-0.7877,-0.7885,-0.8006,-0.826,-0.8647,-0.9157,-0.9776,-1.049,-1.1285,-1.2146,-1.3061,-1.4024,-1.504,-1.6123,-1.729,-1.8537,-1.9819,-2.103,-2.2029,-2.2691,-2.2965,-2.2891,-2.2562,-2.208,-2.1527,-2.0956,-2.0402,-1.9879,-1.9396,-1.8953
-0.8808,-0.8772,-0.8739,-0.8708,-0.868,-0.8656,-0.8635,-0.8617,-0.8602,-0.8587,-0.857,-0.8549,-0.852,-0.8476,-0.8414,-0.8328,-0.8215,-0.8075,-0.7915,-0.7757,-0.7639,-0.7611,-0.7719,-0.7984,-0.8398,-0.8942,-0.9596,-1.0346,-1.1174,-1.206,-1.2989,-1.3951,-1.4951,-1.6008,-1.7147,-1.8378,-1.9665,-2.0904,-2.1941,-2.2633,-2.2922,-2.285,-2.2516,-2.2028,-2.1471,-2.09,-2.0347,-1.9827,-1.9347,-1.8908
-0.876,-0.8722,-0.8686,-0.8653,-0.8623,-0.8597,-0.8575,-0.8557,-0.8542,-0.8529,-0.8514,-0.8496,-0.8468,-0.8425,-0.836,-0.8268,-0.814,-0.7976,-0.7778,-0.7569,-0.7394,-0.7323,-0.7419,-0.7703,-0.8154,-0.8739,-0.9433,-1.022,-1.108,-1.1992,-1.2933,-1.3887,-1.4859,-1.587,-1.6956,-1.814,-1.94,-2.0639,-2.1695,-2.2413,-2.2726,-2.2672,-2.2354,-2.1881,-2.1338,-2.0781,-2.0242,-1.9734,-1.9266,-1.8836
-0.8712,-0.8671,-0.8632,-0.8596,-0.8564,-0.8537,-0.8514,-0.8495,-0.8481,-0.847,-0.8459,-0.8444,-0.842,-0.838,-0.8317,-0.822,-0.8082,-0.7895,-0.766,-0.7393,-0.7149,-0.7024,-0.7111,-0.7428,-0.7928,-0.8559,-0.9293,-1.0117,-1.1011,-1.1948,-1.2899,-1.384,-1.4773,-1.5721,-1.6728,-1.7833,-1.9032,-2.0238,-2.1292,-2.2029,-2.2373,-2.2355,-2.2075,-2.1638,-2.113,-2.0603,-2.0089,-1.9603,-1.9153,-1.8739
-0.8665,-0.862,-0.8578,-0.8539,-0.8505,-0.8475,-0.8451,-0.8432,-0.842,-0.8411,-0.8404,-0.8395,-0.8377,-0.8343,-0.8283,-0.8187,-0.8044,-0.7841,-0.757,-0.7242,-0.6914,-0.6721,-0.6805,-0.7175,-0.7736,-0.8415,-0.9186,-1.0044,-1.0971,-1.1934,-1.2895,-1.3821,-1.4706,-1.5576,-1.6482,-1.748,-1.8584,-1.9724,-2.075,-2.1497,-2.1877,-2.1912,-2.1689,-2.1309,-2.0852,-2.0369,-1.9892,-1.9437,-1.9012,-1.8618
-0.8617,-0.8569,-0.8524,-0.8482,-0.8444,-0.8411,-0.8386,-0.8367,-0.8356,-0.835,-0.8349,-0.8347,-0.8337,-0.8312,-0.826,-0.817,-0.8028,-0.7817,-0.7523,-0.7138,-0.6713,-0.6433,-0.6523,-0.6971,-0.7602,-0.8322,-0.9121,-1.0007,-1.0964,-1.1955,-1.2927,-1.3838,-1.4671,-1.5453,-1.6242,-1.711,-1.8089,-1.9132,-2.0106,-2.0849,-2.1267,-2.1365,-2.1216,-2.0908,-2.0515,-2.0087,-1.9656,-1.9239,-1.8844,-1.8476
-0.8569,-0.8518,-0.8469,-0.8423,-0.8381,-0.8346,-0.8318,-0.8299,-0.8289,-0.8287,-0.8292,-0.8298,-0.8299,-0.8286,-0.8246,-0.8168,-0.8036,-0.7831,-0.7531,-0.7111,-0.6593,-0.6207,-0.6317,-0.6864,-0.7554,-0.8293,-0.9104,-1.0009,-1.0994,-1.2014,-1.3002,-1.3899,-1.468,-1.5369,-1.6032,-1.6753,-1.7587,-1.8511,-1.941,-2.0135,-2.0584,-2.0748,-2.0679,-2.0452,-2.0132,-1.9767,-1.9389,-1.9014,-1.8655,-1.8315
-0.8522,-0.8466,-0.8413,-0.8363,-0.8317,-0.8278,-0.8247,-0.8227,-0.8217,-0.822,-0.8231,-0.8248,-0.8263,-0.8264,-0.8241,-0.818,-0.8066,-0.7883,-0.7606,-0.7197,-0.6635,-0.6153,-0.6291,-0.6918,-0.7617,-0.8336,-0.9136,-1.0049,-1.1061,-1.2112,-1.3121,-1.401,-1.4743,-1.5339,-1.5872,-1.6442,-1.7121,-1.7909,-1.8716,-1.9406,-1.9876,-2.0099,-2.0109,-1.9964,-1.972,-1.9421,-1.9098,-1.877,-1.8447,-1.8138
-0.8475,-0.8415,-0.8357,-0.8302,-0.8251,-0.8207,-0.8173,-0.815,-0.8141,-0.8147,-0.8166,-0.8195,-0.8225,-0.8245,-0.8243,-0.8204,-0.8117,-0.7969,-0.7747,-0.7419,-0.6941,-0.6472,-0.661,-0.7188,-0.7795,-0.8445,-0.9213,-1.0126,-1.116,-1.2246,-1.3281,-1.417,-1.4861,-1.537,-1.5779,-1.6199,-1.6722,-1.737,-1.8072,-1.8711,-1.9186,-1.9455,-1.9534,-1.9464,-1.9293,-1.906,-1.8792,-1.851,-1.8227,-1.795
-0.8429,-0.8364,-0.8301,-0.824,-0.8183,-0.8134,-0.8094,-0.8067,-0.8058,-0.8067,-0.8094,-0.8137,-0.8186,-0.8227,-0.8249,-0.8236,-0.818,-0.8077,-0.7931,-0.7747,-0.7521,-0.7299,-0.7347,-0.7647,-0.8056,-0.8602,-0.9324,-1.0231,-1.1286,-1.2408,-1.3475,-1.4372,-1.503,-1.5462,-1.5755,-1.6036,-1.6412,-1.692,-1.7513,-1.8087,-1.8547,-1.8844,-1.8977,-1.8972,-1.8867,-1.8693,-1.8479,-1.8243,-1.7998,-1.7752
-0.8383,-0.8314,-0.8244,-0.8177,-0.8114,-0.8057,-0.8011,-0.7979,-0.7966,-0.7977,-0.8014,-0.8072,-0.8142,-0.8209,-0.8257,-0.8272,-0.8249,-0.8193,-0.8126,-0.8096,-0.8164,-0.8281,-0.8199,-0.8143,-0.8338,-0.8779,-0.9457,-1.0355,-1.143,-1.2587,-1.3689,-1.4599,-1.5234,-1.56,-1.5794,-1.5953,-1.6195,-1.6572,-1.7053,-1.7552,-1.7982,-1.8287,-1.8456,-1.8502,-1.8452,-1.8332,-1.8166,-1.7972,-1.7764,-1.755
-0.8339,-0.8264,-0.8189,-0.8114,-0.8043,-0.7978,-0.7923,-0.7883,-0.7865,-0.7877,-0.7921,-0.7996,-0.8092,-0.8189,-0.8267,-0.8311,-0.8318,-0.8302,-0.8297,-0.8372,-0.8601,-0.8853,-0.8726,-0.8512,-0.8581,-0.8953,-0.9598,-1.049,-1.158,-1.2766,-1.39,-1.4826,-1.5446,-1.5762,-1.5875,-1.5931,-1.6059,-1.6318,-1.6692,-1.7111,-1.7497,-1.7794,-1.7982,-1.8064,-1.8057,-1.7982,-1.7859,-1.7704,-1.7529,-1.7344
-0.8297,-0.8216,-0.8134,-0.8052,-0.7972,-0.7896,-0.783,-0.7779,-0.7753,-0.7762,-0.7813,-0.7908,-0.8035,-0.8169,-0.828,-0.8352,-0.8384,-0.8396,-0.8427,-0.8543,-0.8781,-0.8991,-0.8895,-0.8714,-0.8766,-0.9113,-0.974,-1.0627,-1.1724,-1.2928,-1.4084,-1.5023,-1.5633,-1.5914,-1.5968,-1.5947,-1.5982,-1.6141,-1.6417,-1.6756,-1.709,-1.7367,-1.7559,-1.7663,-1.7687,-1.7648,-1.7561,-1.744,-1.7296,-1.7139
-0.8256,-0.817,-0.8081,-0.7991,-0.79,-0.7813,-0.7733,-0.7669,-0.7629,-0.763,-0.7685,-0.7802,-0.7969,-0.8148,-0.83,-0.8398,-0.8447,-0.8473,-0.8518,-0.8629,-0.8813,-0.8948,-0.89,-0.8813,-0.8906,-0.9258,-0.9879,-1.0758,-1.185,-1.3055,-1.4216,-1.5157,-1.5762,-1.6023,-1.6042,-1.597,-1.5938,-1.6016,-1.6209,-1.6473,-1.6753,-1.7,-1.7185,-1.73,-1.7346,-1.7335,-1.7277,-1.7185,-1.7069,-1.6936
-0.8218,-0.8126,-0.803,-0.7931,-0.783,-0.773,-0.7634,-0.7551,-0.7493,-0.7479,-0.7533,-0.7673,-0.789,-0.8132,-0.8333,-0.8456,-0.8511,-0.8537,-0.8579,-0.8669,-0.8796,-0.8883,-0.8879,-0.8878,-0.9025,-0.9394,-1.0013,-1.0878,-1.195,-1.3135,-1.4278,-1.5208,-1.5806,-1.6061,-1.607,-1.5974,-1.5901,-1.5921,-1.6045,-1.6245,-1.6472,-1.6686,-1.6857,-1.6974,-1.7034,-1.7042,-1.7008,-1.694,-1.6847,-1.6737
-0.8184,-0.8086,-0.7983,-0.7875,-0.7763,-0.7648,-0.7534,-0.7429,-0.7345,-0.7307,-0.735,-0.7511,-0.7792,-0.8121,-0.8388,-0.8533,-0.8582,-0.8595,-0.8623,-0.8691,-0.8781,-0.8848,-0.8881,-0.8945,-0.9138,-0.9526,-1.0139,-1.0981,-1.2018,-1.3161,-1.4265,-1.5168,-1.5757,-1.6018,-1.6035,-1.594,-1.585,-1.5833,-1.5907,-1.6053,-1.6234,-1.6415,-1.6569,-1.6682,-1.6748,-1.677,-1.6754,-1.6706,-1.6634,-1.6543
-0.8152,-0.8049,-0.794,-0.7824,-0.77,-0.7571,-0.7437,-0.7306,-0.719,-0.7116,-0.7132,-0.7305,-0.7665,-0.8118,-0.8472,-0.8635,-0.8662,-0.8648,-0.8659,-0.871,-0.8782,-0.8848,-0.8912,-0.9024,-0.9252,-0.9652,-1.0255,-1.1066,-1.2053,-1.3134,-1.418,-1.5044,-1.562,-1.5894,-1.5936,-1.5861,-1.5774,-1.574,-1.578,-1.5885,-1.6028,-1.6178,-1.6314,-1.6419,-1.6487,-1.6519,-1.6516,-1.6484,-1.6428,-1.6355
-0.8125,-0.8018,-0.7902,-0.7778,-0.7644,-0.75,-0.7347,-0.7188,-0.7035,-0.6913,-0.6881,-0.7044,-0.7492,-0.8114,-0.8585,-0.8757,-0.8745,-0.8696,-0.8687,-0.8728,-0.8797,-0.8872,-0.8964,-0.9111,-0.9365,-0.9772,-1.0358,-1.1129,-1.2056,-1.3064,-1.4039,-1.4853,-1.5413,-1.5702,-1.5778,-1.5736,-1.5667,-1.5631,-1.5653,-1.573,-1.5842,-1.5967,-1.6085,-1.6181,-1.6249,-1.6285,-1.6293,-1.6273,-1.6232,-1.6173
-0.8103,-0.7991,-0.7871,-0.7739,-0.7596,-0.744,-0.7268,-0.7083,-0.6891,-0.6714,-0.6614,-0.6733,-0.7256,-0.8086,-0.8699,-0.887,-0.8813,-0.8732,-0.8708,-0.8745,-0.8818,-0.8909,-0.9026,-0.92,-0.9473,-0.988,-1.0446,-1.1172,-1.2033,-1.2961,-1.3859,-1.4617,-1.5158,-1.5462,-1.5575,-1.5572,-1.5531,-1.5505,-1.5521,-1.558,-1.567,-1.5774,-1.5876,-1.5964,-1.6029,-1.6069,-1.6083,-1.6074,-1.6045,-1.5998
-0.8085,-0.797,-0.7846,-0.7709,-0.7559,-0.7392,-0.7206,-0.6999,-0.6773,-0.6544,-0.637,-0.6415,-0.6969,-0.7996,-0.8748,-0.8925,-0.8842,-0.8746,-0.8719,-0.8759,-0.8841,-0.8949,-0.9089,-0.9285,-0.9571,-0.9975,-1.0516,-1.1196,-1.1989,-1.2837,-1.3657,-1.4359,-1.4877,-1.5194,-1.5341,-1.5378,-1.537,-1.5362,-1.5379,-1.543,-1.5505,-1.5594,-1.5684,-1.5763,-1.5826,-1.5867,-1.5887,-1.5886,-1.5866,-1.583
-0.8073,-0.7956,-0.7829,-0.7689,-0.7534,-0.736,-0.7164,-0.6943,-0.6695,-0.6432,-0.6205,-0.6183,-0.6713,-0.7826,-0.8666,-0.8879,-0.8815,-0.8735,-0.8719,-0.877,-0.8864,-0.8988,-0.9148,-0.9362,-0.9657,-1.0054,-1.0571,-1.1204,-1.193,-1.2701,-1.3447,-1.4093,-1.4588,-1.4912,-1.509,-1.5165,-1.519,-1.5203,-1.523,-1.5278,-1.5345,-1.5424,-1.5504,-1.5577,-1.5636,-1.5678,-1.5702,-1.5707,-1.5695,-1.5669
-0.8066,-0.7949,-0.782,-0.7679,-0.7521,-0.7345,-0.7146,-0.6921,-0.6667,-0.6397,-0.616,-0.612,-0.6602,-0.7635,-0.8466,-0.8739,-0.8739,-0.8701,-0.8711,-0.8777,-0.8885,-0.9025,-0.9202,-0.943,-0.973,-1.0119,-1.061,-1.1198,-1.1862,-1.2562,-1.3239,-1.3834,-1.4303,-1.4632,-1.4833,-1.4942,-1.4997,-1.5033,-1.5072,-1.5123,-1.5187,-1.5259,-1.5333,-1.5401,-1.5457,-1.55,-1.5527,-1.5537,-1.5532,-1.5514
-0.8065,-0.7948,-0.782,-0.7679,-0.7522,-0.7348,-0.7152,-0.6933,-0.669,-0.644,-0.6236,-0.6227,-0.6656,-0.7507,-0.824,-0.8561,-0.8637,-0.8655,-0.8698,-0.8783,-0.8905,-0.906,-0.9251,-0.9489,-0.9791,-1.0171,-1.0636,-1.1181,-1.1789,-1.2424,-1.3039,-1.3587,-1.4032,-1.436,-1.4579,-1.4715,-1.4798,-1.4857,-1.4909,-1.4966,-1.5031,-1.51,-1.5169,-1.5234,-1.5289,-1.5332,-1.5361,-1.5376,-1.5377,-1.5365
-0.807,-0.7954,-0.7828,-0.7689,-0.7537,-0.7368,-0.7181,-0.6976,-0.6757,-0.6545,-0.6396,-0.6431,-0.6803,-0.7463,-0.8066,-0.8399,-0.8537,-0.8608,-0.8684,-0.8789,-0.8926,-0.9093,-0.9295,-0.9541,-0.9842,-1.0211,-1.0651,-1.1157,-1.1714,-1.2291,-1.2852,-1.3357,-1.3778,-1.4102,-1.4334,-1.4491,-1.4598,-1.4677,-1.4743,-1.4808,-1.4875,-1.4944,-1.5011,-1.5074,-1.5128,-1.5172,-1.5203,-1.5222,-1.5228,-1.5222
-0.808,-0.7967,-0.7843,-0.7709,-0.7563,-0.7403,-0.7229,-0.7045,-0.6857,-0.669,-0.6596,-0.6664,-0.6977,-0.7481,-0.7963,-0.828,-0.8456,-0.8569,-0.8674,-0.8798,-0.8947,-0.9125,-0.9335,-0.9585,-0.9884,-1.0241,-1.0657,-1.1128,-1.1639,-1.2166,-1.2678,-1.3145,-1.3543,-1.3861,-1.41,-1.4274,-1.44,-1.4497,-1.4577,-1.465,-1.4722,-1.4792,-1.4859,-1.4921,-1.4975,-1.5019,-1.5053,-1.5075,-1.5085,-1.5085
-0.8096,-0.7986,-0.7867,-0.7738,-0.76,-0.7451,-0.7294,-0.7132,-0.6977,-0.6853,-0.6802,-0.6887,-0.7147,-0.7534,-0.7919,-0.8209,-0.8402,-0.8542,-0.8671,-0.8811,-0.8971,-0.9157,-0.9372,-0.9624,-0.9919,-1.0263,-1.0657,-1.1096,-1.1567,-1.2049,-1.2519,-1.2952,-1.3328,-1.3638,-1.3881,-1.4067,-1.4208,-1.4319,-1.4412,-1.4494,-1.457,-1.4642,-1.4711,-1.4773,-1.4827,-1.4873,-1.4909,-1.4934,-1.4948,-1.4953
-0.8117,-0.801,-0.7896,-0.7775,-0.7646,-0.751,-0.737,-0.7232,-0.7107,-0.7018,-0.6999,-0.7088,-0.7303,-0.7606,-0.7918,-0.8177,-0.8373,-0.8531,-0.8676,-0.8828,-0.8997,-0.9189,-0.9408,-0.9659,-0.9949,-1.028,-1.0653,-1.1062,-1.1497,-1.1941,-1.2374,-1.2777,-1.3132,-1.3432,-1.3676,-1.387,-1.4023,-1.4146,-1.4249,-1.4339,-1.4421,-1.4497,-1.4567,-1.463,-1.4686,-1.4733,-1.4771,-1.4799,-1.4817,-1.4826
-0.8142,-0.804,-0.7932,-0.7819,-0.77,-0.7577,-0.7454,-0.7338,-0.724,-0.7179,-0.718,-0.7267,-0.7446,-0.7689,-0.7947,-0.8177,-0.8369,-0.8534,-0.869,-0.8851,-0.9026,-0.9222,-0.9442,-0.9691,-0.9974,-1.0292,-1.0645,-1.1028,-1.1432,-1.1842,-1.2243,-1.2618,-1.2954,-1.3244,-1.3487,-1.3685,-1.3846,-1.3979,-1.4091,-1.4188,-1.4276,-1.4355,-1.4427,-1.4492,-1.4549,-1.4598,-1.4638,-1.4669,-1.4691,-1.4703
