docs/data/wind_grid.json
[{"header":{"la1":42.85,"la2":41.18,"lo1":11.55,"lo2":14.05,"nx":36,"ny":24,"dx":0.07143,"dy":0.07261,"parameterCategory":2,"parameterNumber":2,"parameterNumberName":"eastward_wind","parameterUnit":"m.s-1"},"data":[3.3975,3.397,3.3938,3.3878,3.3787,3.3661,3.3494,3.3275,3.2995,3.2658,3.2281,3.189,3.1514,3.1171,3.0874,3.0622,3.0408,3.022,3.0045,2.9877,2.9723,2.9609,2.9557,2.9572,2.9635,2.9716,2.9794,2.9855,2.9897,2.992,2.9926,2.9921,2.9907,2.9887,2.9864,2.9841,3.4243,3.4261,3.4248,3.4203,3.4127,3.4017,3.3864,3.3643,3.333,3.292,3.2443,3.1948,3.1479,3.1067,3.0726,3.0453,3.0232,3.0039,2.9844,2.9631,2.9409,2.9236,2.9177,2.9242,2.9381,2.9533,2.9661,2.9754,2.9812,2.9841,2.9849,2.9841,2.9823,2.9799,2.9771,2.9743,3.4552,3.4602,3.4614,3.4588,3.4532,3.4457,3.435,3.4163,3.3825,3.3311,3.2676,3.2019,3.1419,3.0918,3.0528,3.0243,3.0033,2.9854,2.965,2.9364,2.8998,2.868,2.8602,2.8785,2.9075,2.9341,2.9537,2.9664,2.9735,2.9767,2.9772,2.9758,2.9733,2.9701,2.9667,2.9635,3.491,3.5007,3.5054,3.5046,3.5009,3.4986,3.4993,3.4933,3.461,3.3922,3.3011,3.2096,3.1308,3.0692,3.0253,2.9973,2.9809,2.969,2.9511,2.9136,2.8462,2.7762,2.7667,2.8163,2.8745,2.9176,2.9445,2.9597,2.9672,2.9698,2.9693,2.9668,2.9633,2.9592,2.955,2.9511,3.5326,3.5499,3.5598,3.5602,3.5554,3.5585,3.5818,3.6131,3.5954,3.4911,3.3463,3.2137,3.1096,3.034,2.9849,2.9605,2.955,2.9575,2.9519,2.9119,2.7918,2.625,2.6245,2.7498,2.8517,2.9105,2.9413,2.9563,2.9623,2.9631,2.9608,2.9568,2.9518,2.9465,2.9414,2.9367,3.5804,3.6109,3.6313,3.6323,3.6177,3.6164,3.672,3.7936,3.8295,3.6372,3.3906,3.2028,3.0702,2.9781,2.9228,2.9054,2.9209,2.9521,2.9736,2.9553,2.8129,2.5328,2.5509,2.7441,2.8632,2.9204,2.9461,2.9561,2.9582,2.9558,2.9511,2.945,2.9383,2.9316,2.9253,2.9199,3.6322,3.6854,3.7304,3.7376,3.6957,3.6591,3.7182,3.9478,4.0807,3.7383,3.3839,3.1582,3.0038,2.8909,2.8217,2.8122,2.8626,2.942,2.9944,2.9986,2.9668,2.8153,2.7757,2.8582,2.9186,2.9465,2.9562,2.9568,2.9528,2.9465,2.9388,2.9304,2.9217,2.9134,2.906,2.8997,3.6795,3.7645,3.8621,3.9024,3.8054,3.6856,3.6648,3.7885,3.8487,3.5655,3.275,3.0734,2.9096,2.7604,2.6472,2.6345,2.7421,2.8925,2.9954,3.0725,3.2327,3.213,3.075,3.009,2.9868,2.9747,2.9638,2.9534,2.9432,2.9331,2.9226,2.9118,2.9011,2.8911,2.8823,2.8753,3.7067,3.813,3.9674,4.0789,3.9034,3.6986,3.5779,3.508,3.411,3.2566,3.115,2.9745,2.8049,2.5847,2.3265,2.26,2.5128,2.795,3.0001,3.2358,3.6151,3.5442,3.2544,3.1023,3.0284,2.9859,2.9584,2.9396,2.9256,2.9133,2.9009,2.888,2.8751,2.8632,2.853,2.8454,3.7041,3.7972,3.9109,3.9726,3.855,3.6909,3.5327,3.3493,3.0942,2.952,2.9694,2.8993,2.7261,2.427,1.792,1.4631,2.2217,2.7154,2.9834,3.2192,3.4829,3.4549,3.2536,3.113,3.0235,2.9645,2.9286,2.9087,2.8966,2.8855,2.8725,2.8576,2.8421,2.8278,2.8162,2.8082,3.6804,3.7518,3.8241,3.8811,3.8533,3.7024,3.5687,3.3627,2.8004,2.5247,2.8805,2.8721,2.6917,2.4339,1.864,1.4436,2.2953,2.7809,3.0106,3.1439,3.2414,3.2477,3.1681,3.0645,2.9658,2.8938,2.8606,2.854,2.854,2.849,2.8367,2.8191,2.8,2.7826,2.7693,2.7615,3.6469,3.7054,3.7755,3.8536,3.8272,3.7153,3.7151,3.7305,3.2514,2.8531,2.9826,2.9095,2.6689,2.3719,2.3616,2.4121,2.6857,3.0323,3.174,3.1738,3.1832,3.1706,3.1059,2.9865,2.8391,2.7397,2.7341,2.7718,2.8003,2.8061,2.7934,2.7705,2.7451,2.7232,2.7084,2.7019,3.6079,3.651,3.6968,3.7299,3.7181,3.7151,3.8459,4.0871,3.8378,3.3551,3.1489,3.0423,2.816,2.3108,2.4078,2.6385,2.8652,3.3999,3.4489,3.2532,3.2155,3.1824,3.089,2.8955,2.6104,2.4449,2.538,2.6753,2.7472,2.7617,2.7423,2.7076,2.6714,2.6432,2.6275,2.6248,3.5677,3.596,3.6214,3.6374,3.6456,3.6808,3.79,3.9358,3.8013,3.4498,3.2531,3.2009,3.1512,2.7364,2.6894,2.5504,2.7716,3.1936,3.3265,3.2878,3.2961,3.2642,3.135,2.8551,2.384,2.1218,2.3776,2.6206,2.7163,2.7211,2.6799,2.6217,2.5675,2.531,2.5173,2.5241,3.5307,3.5488,3.5639,3.5751,3.5869,3.612,3.6544,3.6721,3.5824,3.4467,3.3749,3.2988,3.1509,3.172,2.8392,2.5415,3.0983,3.1144,3.2567,3.3763,3.4788,3.449,3.2689,2.9711,2.5518,2.3168,2.4923,2.6715,2.7213,2.682,2.5952,2.4951,2.4127,2.3682,2.3647,2.3921,3.4989,3.5107,3.5202,3.5275,3.5346,3.5435,3.5491,3.5347,3.4955,3.4891,3.6014,3.5541,3.41,3.2188,3.0821,3.029,3.1669,3.2375,3.3856,3.5649,3.8272,3.7416,3.4451,3.172,2.9192,2.7727,2.7767,2.7969,2.7487,2.6312,2.4671,2.2961,2.1706,2.125,2.1524,2.2224,3.4723,3.4801,3.4861,3.4902,3.4927,3.4931,3.4889,3.4779,3.4699,3.4995,3.5888,3.5427,3.5747,3.5951,3.3762,3.3207,3.3559,3.4965,3.6438,3.707,3.8959,3.8063,3.5326,3.3194,3.1709,3.0891,3.0329,2.9367,2.7779,2.5535,2.2676,1.9732,1.7818,1.7609,1.8657,2.0155,3.4504,3.4557,3.4595,3.4615,3.4618,3.4602,3.4563,3.4521,3.4543,3.4721,3.4984,3.5221,3.6303,3.6799,3.7149,3.773,3.6849,3.8312,4.0447,3.852,3.7692,3.6869,3.541,3.4026,3.3346,3.3525,3.3088,3.094,2.802,2.4472,1.9815,1.4679,1.1757,1.2513,1.5176,1.794,3.4324,3.4362,3.4388,3.4401,3.4401,3.4392,3.4379,3.4384,3.4441,3.4581,3.4813,3.5217,3.6005,3.7669,4.3224,4.5698,3.9771,3.9216,4.0385,4.0203,3.858,3.7041,3.5703,3.456,3.4481,3.6758,3.7183,3.2419,2.7922,2.3342,1.6751,0.8428,0.4243,0.7059,1.2025,1.6163,3.4176,3.4207,3.4229,3.4242,3.4249,3.4254,3.4268,3.4306,3.4392,3.4551,3.4823,3.5302,3.6221,3.8277,4.261,4.4024,4.02,3.9492,4.2012,4.3304,3.9856,3.7864,3.6467,3.4958,3.4252,3.6869,3.7569,3.0724,2.6639,2.254,1.5691,0.5927,0.1135,0.5082,1.0997,1.5591,3.4055,3.4082,3.4104,3.4121,3.4138,3.416,3.4195,3.4258,3.4367,3.4548,3.484,3.5322,3.6136,3.7481,3.9149,3.9693,3.8994,3.9122,4.0619,4.1182,3.9889,3.9361,3.8495,3.5906,3.2659,2.9304,2.3901,2.3926,2.4204,2.2132,1.7584,1.0725,0.6772,0.8739,1.2843,1.6485,3.3953,3.398,3.4004,3.4027,3.4054,3.4088,3.414,3.422,3.4343,3.453,3.4811,3.5229,3.5834,3.662,3.7392,3.7802,3.7921,3.8266,3.895,3.953,4.0537,4.3244,4.3763,3.8635,3.2221,2.5248,1.8519,2.0734,2.2138,2.1556,1.9841,1.6573,1.408,1.4221,1.608,1.8289,3.3866,3.3894,3.3921,3.395,3.3984,3.4028,3.409,3.4178,3.4305,3.4484,3.4734,3.5072,3.5505,3.6002,3.6473,3.6832,3.7123,3.7505,3.8086,3.9079,4.1509,4.6635,4.8238,4.107,3.3255,2.6957,2.2923,2.1699,1.9902,2.0352,2.0854,1.989,1.8683,1.8391,1.9075,2.0246,3.379,3.3819,3.3849,3.3882,3.3921,3.3972,3.4039,3.4129,3.4251,3.4413,3.4626,3.4894,3.5212,3.5558,3.5896,3.6204,3.6509,3.6888,3.7461,3.8495,4.0554,4.3591,4.4031,3.9459,3.3634,2.8758,2.5169,2.2141,1.965,2.0267,2.1461,2.1589,2.122,2.1052,2.1328,2.1949]},{"header":{"la1":42.85,"la2":41.18,"lo1":11.55,"lo2":14.05,"nx":36,"ny":24,"dx":0.07143,"dy":0.07261,"parameterCategory":2,"parameterNumber":3,"parameterNumberName":"northward_wind","parameterUnit":"m.s-1"},"data":[0.5827,0.5874,0.5917,0.595,0.597,0.5967,0.5933,0.5855,0.5724,0.5531,0.5278,0.4966,0.4602,0.4192,0.3742,0.326,0.2756,0.2244,0.1742,0.1275,0.0879,0.0604,0.0489,0.0538,0.0716,0.0972,0.1263,0.156,0.1848,0.2121,0.2376,0.2612,0.2829,0.303,0.3214,0.3383,0.5927,0.5993,0.6057,0.6117,0.6166,0.6196,0.6192,0.6138,0.6014,0.5811,0.5527,0.5171,0.4752,0.4277,0.3752,0.3182,0.2576,0.1951,0.1321,0.071,0.0167,-0.0215,-0.034,-0.0202,0.0116,0.0515,0.0925,0.1315,0.1674,0.2001,0.2297,0.2565,0.2809,0.303,0.3231,0.3413,0.602,0.6107,0.6196,0.6287,0.6374,0.645,0.6496,0.6483,0.6378,0.6161,0.5838,0.5427,0.4945,0.4399,0.3789,0.3118,0.2392,0.1631,0.0848,0.0041,-0.0758,-0.1356,-0.1495,-0.1163,-0.059,0.0025,0.0591,0.109,0.1526,0.1907,0.2244,0.2544,0.2813,0.3054,0.327,0.3465,0.6102,0.6211,0.6327,0.6451,0.6584,0.6723,0.6848,0.691,0.6842,0.6604,0.6221,0.5739,0.5185,0.4565,0.3869,0.3083,0.2214,0.1297,0.036,-0.0672,-0.1916,-0.3017,-0.3154,-0.2369,-0.1348,-0.0439,0.0306,0.0914,0.1422,0.1853,0.2227,0.2555,0.2846,0.3105,0.3336,0.3541,0.6167,0.6298,0.6441,0.6596,0.6776,0.6995,0.7241,0.744,0.7442,0.7156,0.6672,0.6099,0.5474,0.4789,0.4013,0.3109,0.2065,0.0951,-0.0092,-0.1211,-0.3092,-0.5323,-0.5319,-0.3593,-0.1969,-0.0767,0.0126,0.082,0.1381,0.1851,0.2254,0.2606,0.2916,0.319,0.3432,0.3646,0.6206,0.6365,0.6539,0.6716,0.6925,0.7224,0.7628,0.8052,0.8175,0.7778,0.7151,0.6487,0.5807,0.5084,0.4261,0.3258,0.2009,0.0595,-0.0539,-0.1283,-0.3338,-0.6582,-0.6371,-0.4002,-0.2136,-0.0841,0.0103,0.0831,0.1419,0.191,0.2332,0.2701,0.3025,0.3312,0.3564,0.3784,0.6207,0.6414,0.6651,0.684,0.7011,0.7347,0.7885,0.8479,0.8692,0.8236,0.758,0.6888,0.6186,0.5469,0.4666,0.3632,0.222,0.0456,-0.0921,-0.1135,-0.2632,-0.4432,-0.4527,-0.319,-0.1781,-0.0646,0.0243,0.0952,0.1537,0.2033,0.2465,0.2845,0.3181,0.3477,0.3736,0.396,0.6139,0.6424,0.6863,0.7139,0.7054,0.7322,0.7965,0.8495,0.8647,0.8519,0.8047,0.7343,0.6622,0.5962,0.5289,0.4352,0.2888,0.1007,-0.058,-0.1625,-0.3672,-0.4194,-0.3389,-0.233,-0.1246,-0.029,0.0504,0.1165,0.1727,0.2218,0.2653,0.3042,0.3386,0.369,0.3954,0.4179,0.5936,0.6233,0.7063,0.7867,0.6944,0.7086,0.8125,0.9019,0.9548,0.9588,0.89,0.7925,0.7113,0.6559,0.6231,0.56,0.3958,0.1879,-0.0147,-0.2817,-0.7005,-0.6332,-0.3503,-0.1842,-0.0733,0.0131,0.084,0.1444,0.1977,0.2458,0.2896,0.3293,0.3648,0.3959,0.4226,0.4449,0.5558,0.5504,0.5753,0.6013,0.502,0.6411,0.856,1.0349,1.1996,1.2291,1.0349,0.8583,0.7629,0.7199,0.7513,0.7763,0.5039,0.2421,0.0293,-0.2231,-0.5343,-0.5052,-0.278,-0.1211,-0.0176,0.0593,0.1216,0.1761,0.2267,0.2745,0.3194,0.3606,0.3975,0.4294,0.4561,0.4778,0.516,0.451,0.29,-0.0762,0.0111,0.5626,0.9479,1.1907,1.5186,1.6845,1.1721,0.902,0.8204,0.7999,0.7801,0.7873,0.4696,0.1956,0.0269,-0.0965,-0.2067,-0.2173,-0.1334,-0.0371,0.0436,0.1071,0.1594,0.2085,0.2579,0.3074,0.3551,0.3991,0.4381,0.471,0.4975,0.5179,0.5015,0.4207,0.2413,-0.0511,0.0672,0.668,1.1278,1.3596,1.4244,1.4506,1.0953,0.9026,0.8927,1.0142,0.8573,0.56,0.2724,-0.0203,-0.1267,-0.0965,-0.091,-0.0792,-0.0335,0.0338,0.1001,0.1503,0.1914,0.2374,0.29,0.3449,0.3982,0.447,0.489,0.5231,0.5488,0.5667,0.5178,0.469,0.3933,0.3448,0.4986,0.8724,1.276,1.5646,1.419,1.1494,0.9543,0.9289,0.9284,1.1014,0.9023,0.3668,0.0617,-0.39,-0.4167,-0.1657,-0.0899,-0.0529,0.0012,0.0754,0.1442,0.1795,0.2088,0.2602,0.3239,0.3897,0.4521,0.5078,0.554,0.5891,0.6127,0.6263,0.5471,0.5345,0.5307,0.5711,0.7047,0.9318,1.197,1.4076,1.2975,0.9781,0.8302,1.0268,1.0837,0.637,0.4285,0.003,-0.1244,-0.2748,-0.2948,-0.1772,-0.1441,-0.1083,-0.0229,0.0856,0.1686,0.1844,0.2129,0.2846,0.367,0.4475,0.5222,0.5873,0.6389,0.6742,0.6933,0.6991,0.5719,0.5798,0.6023,0.6544,0.748,0.8752,1.0027,1.0607,0.952,0.7341,0.5969,0.6261,0.5884,0.4051,0.2221,-0.1312,-0.878,-0.3456,-0.1924,-0.2172,-0.3364,-0.3044,-0.1163,0.0623,0.1687,0.1975,0.2458,0.3349,0.4317,0.5264,0.6159,0.6941,0.7527,0.7861,0.7956,0.7877,0.5853,0.6002,0.6259,0.667,0.7236,0.785,0.8267,0.8102,0.7018,0.5049,0.2545,0.3722,0.4126,0.3727,0.1818,-0.228,-0.6625,-0.2849,-0.1363,-0.3363,-0.8823,-0.7297,-0.2479,0.0366,0.1835,0.2589,0.3306,0.4216,0.5233,0.6309,0.7405,0.8397,0.9089,0.9356,0.9254,0.8936,0.5878,0.6023,0.6228,0.6495,0.6789,0.702,0.7035,0.6651,0.574,0.4289,0.2644,0.3288,0.3502,0.3165,0.1793,-0.0074,-0.095,0.0106,0.0741,-0.2234,-0.9532,-0.7653,-0.224,0.0785,0.2458,0.3483,0.4315,0.5235,0.6319,0.7581,0.9011,1.0397,1.1272,1.1355,1.0856,1.0142,0.5826,0.5938,0.6073,0.6218,0.6337,0.6367,0.6224,0.5834,0.5178,0.4359,0.3695,0.3442,0.3196,0.2763,0.0768,-0.0371,0.0543,0.2743,0.4512,0.1912,-0.1469,-0.1941,0.0023,0.2002,0.3443,0.4268,0.4936,0.6063,0.7433,0.8983,1.0931,1.3058,1.4253,1.3876,1.2657,1.1373,0.5729,0.58,0.5873,0.593,0.5945,0.5877,0.5684,0.5341,0.486,0.4313,0.3798,0.3314,0.2673,0.1235,-0.2825,-0.4443,0.0104,0.3278,0.4876,0.5172,0.3111,0.1834,0.2208,0.3381,0.4409,0.4129,0.4137,0.6613,0.8676,1.0407,1.2803,1.5936,1.7551,1.6359,1.4216,1.2361,0.561,0.5645,0.567,0.5669,0.5624,0.5511,0.5309,0.501,0.4626,0.4184,0.3705,0.3144,0.2318,0.0731,-0.2275,-0.3124,0.0434,0.3676,0.7758,0.9458,0.537,0.3491,0.3444,0.4469,0.5607,0.4674,0.4381,0.8878,1.0692,1.1826,1.384,1.7089,1.8808,1.7259,1.4813,1.2798,0.5486,0.5492,0.5483,0.5445,0.5368,0.5236,0.504,0.4775,0.4448,0.4067,0.3628,0.3097,0.2383,0.1377,0.0284,0.0223,0.1679,0.377,0.621,0.6898,0.4888,0.3425,0.3414,0.4924,0.7494,1.0861,1.605,1.542,1.3642,1.3387,1.4049,1.5732,1.6844,1.5984,1.4249,1.2615,0.5366,0.5352,0.5319,0.526,0.5166,0.503,0.4844,0.4609,0.4325,0.3995,0.3616,0.3176,0.2661,0.2106,0.17,0.1781,0.2464,0.3491,0.4415,0.4492,0.3368,0.1667,0.1406,0.4084,0.8409,1.4571,2.129,1.8638,1.613,1.5381,1.4555,1.4458,1.4626,1.4183,1.319,1.2066,0.5257,0.5228,0.518,0.5109,0.501,0.4876,0.4705,0.4496,0.425,0.397,0.3659,0.3319,0.2966,0.2651,0.2473,0.2545,0.2886,0.3355,0.3686,0.3508,0.2398,0.0126,-0.0562,0.3004,0.7832,1.2823,1.6439,1.7211,1.8818,1.7838,1.5484,1.41,1.3467,1.2933,1.2239,1.1447,0.5161,0.5121,0.5066,0.499,0.489,0.4763,0.4608,0.4425,0.4215,0.3983,0.3733,0.3477,0.3235,0.3042,0.2948,0.2992,0.3165,0.3385,0.3503,0.3316,0.2593,0.141,0.134,0.3766,0.7352,1.0929,1.3866,1.6557,1.9126,1.8139,1.5606,1.3837,1.2825,1.2139,1.1517,1.0888]}]