docs/data/wind_grid.json
[{"header":{"la1":42.22,"la2":41.45,"lo1":11.9,"lo2":12.97,"nx":16,"ny":12,"dx":0.07133,"dy":0.07,"parameterCategory":2,"parameterNumber":2,"parameterNumberName":"eastward_wind","parameterUnit":"m.s-1"},"data":[-0.4452,-0.353,-0.2024,-0.0252,0.0289,-0.1154,-0.2926,-0.4064,-0.4842,-0.5764,-0.7089,-0.8717,-1.0265,-1.1265,-1.1537,-1.1272,-0.4933,-0.4,-0.1805,0.2139,0.3954,0.0435,-0.2606,-0.376,-0.4209,-0.5154,-0.7069,-0.9679,-1.2235,-1.3607,-1.3496,-1.2611,-0.586,-0.5595,-0.3997,0.1468,0.4851,-0.0014,-0.3046,-0.3481,-0.2779,-0.3798,-0.6905,-1.1217,-1.5855,-1.766,-1.6237,-1.4092,-0.6952,-0.7987,-0.9465,-0.7106,-0.2518,-0.3075,-0.3992,-0.3586,-0.0502,-0.2418,-0.6999,-1.3078,-2.1645,-2.3605,-1.9023,-1.5125,-0.7602,-0.9254,-1.2173,-1.1429,-0.6423,-0.4933,-0.4538,-0.4294,-0.4166,-0.4685,-0.7756,-1.3066,-2.283,-2.5056,-1.9044,-1.4737,-0.7562,-0.8628,-0.979,-0.8965,-0.6648,-0.5648,-0.5161,-0.5,-0.5282,-0.6135,-0.8746,-1.1573,-1.4843,-1.724,-1.5174,-1.2669,-0.7184,-0.759,-0.7722,-0.7126,-0.6226,-0.5838,-0.6492,-0.6544,-0.664,-0.6874,-0.9499,-1.202,-1.125,-1.1186,-1.0563,-0.9742,-0.6825,-0.6925,-0.6829,-0.6468,-0.5972,-0.5272,-0.6626,-0.7175,-0.6737,-0.7033,-0.8329,-0.9455,-0.818,-0.6352,-0.603,-0.6587,-0.6586,-0.6589,-0.6489,-0.6289,-0.6046,-0.5874,-0.6327,-0.6801,-0.6893,-0.6848,-0.6994,-0.6265,-0.2982,0.0219,-0.1202,-0.3657,-0.6446,-0.6429,-0.6365,-0.6268,-0.6187,-0.6206,-0.6406,-0.6658,-0.6735,-0.658,-0.6064,-0.4164,0.0542,0.4058,0.1445,-0.1944,-0.6368,-0.6354,-0.6319,-0.6278,-0.6259,-0.6295,-0.639,-0.6486,-0.6479,-0.6248,-0.5522,-0.3685,-0.0446,0.1685,0.0416,-0.1912,-0.6325,-0.6316,-0.6299,-0.6283,-0.6281,-0.6302,-0.6337,-0.6348,-0.6269,-0.5993,-0.5338,-0.4084,-0.2385,-0.1291,-0.1615,-0.275]},{"header":{"la1":42.22,"la2":41.45,"lo1":11.9,"lo2":12.97,"nx":16,"ny":12,"dx":0.07133,"dy":0.07,"parameterCategory":2,"parameterNumber":3,"parameterNumberName":"northward_wind","parameterUnit":"m.s-1"},"data":[-1.1935,-1.2513,-1.3125,-1.369,-1.3522,-1.1955,-0.9959,-0.8477,-0.7522,-0.6793,-0.6135,-0.5596,-0.5244,-0.5051,-0.4948,-0.4897,-1.2542,-1.3333,-1.4189,-1.5427,-1.598,-1.321,-1.0069,-0.8337,-0.7521,-0.6802,-0.5927,-0.5239,-0.4921,-0.4817,-0.4746,-0.4696,-1.3148,-1.4269,-1.5166,-1.591,-1.659,-1.3004,-0.9504,-0.8079,-0.8044,-0.726,-0.5666,-0.4736,-0.4715,-0.4834,-0.4674,-0.4532,-1.3635,-1.5473,-1.7447,-1.6709,-1.4052,-1.0937,-0.8573,-0.7711,-0.9559,-0.7851,-0.4843,-0.3826,-0.5053,-0.5504,-0.474,-0.4363,-1.36,-1.5891,-1.9178,-1.846,-1.2779,-0.9329,-0.8397,-0.8251,-0.4642,-0.4654,-0.2462,-0.1224,-0.4644,-0.5636,-0.4398,-0.4061,-1.2759,-1.4314,-1.5836,-1.4539,-1.0598,-0.8089,-0.746,-0.6424,-0.1465,-0.2161,0.1902,0.7007,0.1688,-0.239,-0.3252,-0.3679,-1.1476,-1.2031,-1.203,-1.0689,-0.8612,-0.7322,-0.6032,-0.4548,-0.1837,-0.1626,0.5344,1.4667,0.6228,-0.0257,-0.2714,-0.3683,-1.0261,-1.0263,-0.982,-0.8823,-0.7757,-0.7734,-0.6217,-0.5144,-0.4315,-0.2581,0.1699,0.5542,0.201,-0.2352,-0.4052,-0.4466,-0.9319,-0.9117,-0.8652,-0.797,-0.7343,-0.7033,-0.6292,-0.571,-0.5851,-0.4036,-0.1895,-0.1276,-0.4286,-0.7306,-0.679,-0.576,-0.8636,-0.8385,-0.7985,-0.7487,-0.7,-0.6559,-0.605,-0.5668,-0.5433,-0.4557,-0.3718,-0.4329,-0.7581,-1.0044,-0.8458,-0.6676,-0.8143,-0.7896,-0.756,-0.7165,-0.6756,-0.635,-0.5944,-0.558,-0.5233,-0.4802,-0.459,-0.5297,-0.7226,-0.8594,-0.792,-0.6743,-0.7782,-0.7554,-0.7267,-0.694,-0.6594,-0.6246,-0.5904,-0.5583,-0.5287,-0.5042,-0.5014,-0.5453,-0.6332,-0.6983,-0.688,-0.6376]}]