docs/data/wind_grid.json
[{"header":{"la1":42.85,"la2":41.18,"lo1":11.55,"lo2":14.05,"nx":36,"ny":24,"dx":0.07143,"dy":0.07261,"parameterCategory":2,"parameterNumber":2,"parameterNumberName":"eastward_wind","parameterUnit":"m.s-1"},"data":[0.1153,0.1083,0.1003,0.0914,0.0822,0.0735,0.0667,0.0633,0.0644,0.07,0.0793,0.0906,0.1023,0.1129,0.1212,0.126,0.1262,0.1203,0.1075,0.0882,0.0657,0.0451,0.0313,0.0259,0.0276,0.0335,0.0413,0.0495,0.0574,0.0648,0.0717,0.0781,0.0842,0.0899,0.0952,0.1003,0.1158,0.1075,0.0976,0.0859,0.0729,0.0597,0.0485,0.0421,0.0429,0.0513,0.0656,0.0827,0.0999,0.1155,0.1281,0.1365,0.139,0.133,0.1154,0.0856,0.0485,0.0149,-0.0046,-0.0077,0.0004,0.013,0.0262,0.0382,0.0488,0.0581,0.0665,0.074,0.081,0.0875,0.0935,0.0992,0.1176,0.1082,0.0962,0.0811,0.0627,0.0422,0.0227,0.0099,0.0095,0.0228,0.0457,0.072,0.0973,0.1196,0.1381,0.1521,0.1597,0.1564,0.1343,0.0872,0.0213,-0.0385,-0.0654,-0.0584,-0.0354,-0.0109,0.01,0.0268,0.0404,0.0517,0.0614,0.0701,0.0781,0.0854,0.0921,0.0984,0.1212,0.111,0.0972,0.0785,0.0531,0.021,-0.0141,-0.0411,-0.0452,-0.022,0.0172,0.0584,0.0949,0.1257,0.1515,0.1735,0.1913,0.1989,0.1784,0.1053,-0.0206,-0.1393,-0.1716,-0.1312,-0.0775,-0.0351,-0.0051,0.0165,0.0327,0.0457,0.0568,0.0666,0.0754,0.0836,0.0911,0.098,0.127,0.1167,0.1022,0.0806,0.0477,-0.001,-0.065,-0.1257,-0.1409,-0.0936,-0.0211,0.0435,0.0944,0.1348,0.1687,0.2004,0.235,0.2724,0.2805,0.1805,-0.0652,-0.3194,-0.3353,-0.2126,-0.1135,-0.0531,-0.016,0.0084,0.0262,0.0404,0.0525,0.0633,0.0732,0.0823,0.0906,0.0982,0.135,0.1255,0.1118,0.0904,0.0529,-0.0139,-0.1235,-0.2603,-0.3082,-0.1971,-0.0617,0.0332,0.0986,0.1486,0.1902,0.2298,0.2829,0.3774,0.4935,0.4015,-0.0117,-0.4329,-0.4212,-0.2364,-0.1205,-0.0576,-0.0209,0.0031,0.0208,0.0355,0.0485,0.0604,0.0714,0.0815,0.0907,0.0991,0.1451,0.1363,0.124,0.1073,0.0745,0.0009,-0.145,-0.3789,-0.4853,-0.2712,-0.0756,0.036,0.1102,0.1702,0.2207,0.2618,0.3139,0.4444,0.7174,0.6648,0.1497,-0.1822,-0.2409,-0.1635,-0.0939,-0.0495,-0.0212,-0.001,0.0155,0.0304,0.0444,0.0576,0.07,0.0814,0.0917,0.1009,0.1572,0.1473,0.131,0.1184,0.1064,0.0508,-0.0722,-0.2551,-0.333,-0.1834,-0.0407,0.0518,0.1271,0.2038,0.2764,0.3166,0.3286,0.3803,0.501,0.3932,0.0359,-0.0956,-0.1094,-0.0902,-0.0626,-0.04,-0.0225,-0.0071,0.0082,0.0239,0.0397,0.0549,0.0692,0.0822,0.0937,0.1038,0.1733,0.1631,0.1307,0.0989,0.1337,0.1159,0.0389,-0.05,-0.0913,-0.0624,-0.0029,0.0621,0.1373,0.2492,0.4006,0.4646,0.3835,0.3092,0.2519,0.0708,-0.2442,-0.2168,-0.1012,-0.0622,-0.0485,-0.041,-0.0325,-0.0201,-0.0038,0.0148,0.034,0.0524,0.0693,0.0843,0.0973,0.1083,0.1956,0.1987,0.1871,0.1755,0.2243,0.1935,0.1265,0.0482,-0.0416,-0.072,-0.0119,0.0498,0.1164,0.2657,0.6493,0.8566,0.4917,0.2956,0.189,0.0398,-0.1569,-0.1576,-0.0776,-0.0523,-0.0557,-0.0626,-0.0602,-0.0459,-0.0234,0.0022,0.0275,0.0506,0.071,0.0884,0.103,0.1149,0.2188,0.2458,0.3052,0.4343,0.4131,0.2759,0.2056,0.1208,-0.1212,-0.2404,-0.045,0.0208,0.0414,0.1244,0.5344,0.8478,0.4372,0.272,0.1972,0.111,0.0177,-0.0247,-0.034,-0.0573,-0.0947,-0.1219,-0.1195,-0.0914,-0.0526,-0.0136,0.0212,0.0509,0.0756,0.0957,0.1117,0.1242,0.2325,0.2679,0.3356,0.4346,0.413,0.3102,0.3029,0.3158,0.0965,-0.0836,-0.0057,-0.0075,-0.0623,-0.1582,-0.0139,0.2146,0.2444,0.2543,0.2401,0.1694,0.0957,0.037,-0.0193,-0.0971,-0.1942,-0.254,-0.2316,-0.1621,-0.0897,-0.0294,0.0183,0.0557,0.0849,0.1075,0.1245,0.1371,0.2338,0.2613,0.2994,0.3327,0.3256,0.313,0.3731,0.4865,0.3731,0.1489,0.0433,-0.0434,-0.1048,-0.244,-0.1544,0.0632,0.1653,0.3302,0.3354,0.2027,0.1208,0.0532,-0.031,-0.1735,-0.3871,-0.5104,-0.4089,-0.2472,-0.1232,-0.0374,0.0235,0.0682,0.1014,0.1257,0.1429,0.1544,0.228,0.2455,0.2644,0.278,0.2833,0.299,0.3504,0.4196,0.3569,0.1869,0.0645,-0.0907,-0.1414,-0.091,-0.0126,0.0845,0.1213,0.2312,0.2592,0.1799,0.111,0.0487,-0.0408,-0.2286,-0.5791,-0.7883,-0.5555,-0.2934,-0.1294,-0.0271,0.0424,0.0922,0.1281,0.1527,0.1684,0.1773,0.2205,0.2314,0.2418,0.2502,0.2578,0.2705,0.2907,0.2987,0.2548,0.1819,0.1252,0.0501,-0.0198,-0.0949,0.0401,0.0947,0.1004,0.1484,0.1715,0.1326,0.0669,0.0264,-0.0288,-0.1787,-0.4581,-0.6278,-0.4561,-0.2377,-0.0904,0.0079,0.0786,0.1312,0.1683,0.1914,0.203,0.2067,0.2137,0.2207,0.2273,0.2329,0.2379,0.2432,0.2461,0.2385,0.2161,0.2023,0.2425,0.1348,0.1113,0.0813,0.11,0.1249,0.1236,0.1603,0.1671,0.096,-0.0424,-0.0313,-0.008,-0.0769,-0.2007,-0.274,-0.2221,-0.1173,-0.0196,0.0627,0.1321,0.1881,0.2265,0.2453,0.2485,0.243,0.2083,0.2131,0.2174,0.2209,0.2236,0.2249,0.2233,0.2171,0.2094,0.2139,0.2436,0.2065,0.2945,0.3556,0.2513,0.2352,0.2251,0.2366,0.2348,0.1325,-0.0543,-0.0302,0.0237,0.0009,-0.0511,-0.084,-0.0707,-0.0189,0.0507,0.1253,0.2002,0.2669,0.3092,0.3188,0.3059,0.2851,0.2042,0.2076,0.2107,0.2131,0.2146,0.215,0.2138,0.2116,0.2108,0.2157,0.2268,0.2541,0.363,0.414,0.4529,0.4886,0.3757,0.3376,0.3789,0.2505,0.1257,0.0837,0.0784,0.0531,0.0047,-0.048,-0.0502,0.0176,0.1026,0.1865,0.2784,0.3711,0.4228,0.4125,0.371,0.3284,0.2012,0.2039,0.2063,0.2083,0.2097,0.2106,0.2111,0.2122,0.2157,0.224,0.2412,0.2773,0.3454,0.4714,0.8626,1.0323,0.5484,0.3691,0.3529,0.2856,0.2175,0.1638,0.1309,0.0924,0.0109,-0.1492,-0.1825,0.0111,0.151,0.2439,0.3521,0.4837,0.5496,0.5054,0.4276,0.3631,0.1992,0.2016,0.2037,0.2056,0.2074,0.2092,0.2115,0.2152,0.2218,0.2336,0.2546,0.2924,0.3615,0.5075,0.8107,0.901,0.5596,0.3675,0.3025,0.2923,0.2497,0.203,0.1716,0.1393,0.0647,-0.1401,-0.1887,0.1276,0.2432,0.2978,0.3881,0.5278,0.5987,0.5389,0.4484,0.3777,0.198,0.2001,0.2023,0.2044,0.2067,0.2094,0.2131,0.2184,0.2269,0.2403,0.2619,0.2967,0.3534,0.4437,0.5508,0.5644,0.4537,0.3497,0.2989,0.2798,0.2482,0.217,0.2009,0.1965,0.209,0.2922,0.5564,0.5088,0.3759,0.3413,0.3778,0.4641,0.5175,0.4873,0.4252,0.3695,0.1972,0.1993,0.2016,0.204,0.2067,0.2101,0.2146,0.2209,0.23,0.2433,0.2627,0.2907,0.3293,0.3765,0.4155,0.4162,0.3749,0.3247,0.2885,0.2629,0.2359,0.2127,0.2079,0.229,0.306,0.5265,0.861,0.6738,0.4134,0.3482,0.3523,0.388,0.4174,0.4119,0.3824,0.3478,0.1968,0.199,0.2013,0.2039,0.207,0.2108,0.2157,0.2222,0.2311,0.2431,0.2591,0.2798,0.3045,0.3294,0.3461,0.3451,0.3263,0.2997,0.2743,0.2513,0.2274,0.2038,0.1985,0.232,0.3127,0.4522,0.5657,0.46,0.319,0.3171,0.3292,0.344,0.357,0.357,0.3438,0.324,0.1966,0.1988,0.2012,0.204,0.2072,0.2112,0.2161,0.2224,0.2305,0.2407,0.2533,0.2681,0.2839,0.2979,0.3062,0.3052,0.2952,0.2796,0.2625,0.2455,0.2288,0.2148,0.2143,0.2408,0.295,0.3631,0.3984,0.3558,0.3032,0.3073,0.3163,0.3214,0.3249,0.3236,0.3159,0.3038]},{"header":{"la1":42.85,"la2":41.18,"lo1":11.55,"lo2":14.05,"nx":36,"ny":24,"dx":0.07143,"dy":0.07261,"parameterCategory":2,"parameterNumber":3,"parameterNumberName":"northward_wind","parameterUnit":"m.s-1"},"data":[-0.5571,-0.5588,-0.5606,-0.5623,-0.5638,-0.5649,-0.5651,-0.5636,-0.5597,-0.5531,-0.5434,-0.5307,-0.515,-0.496,-0.4739,-0.4493,-0.4236,-0.3986,-0.3769,-0.3602,-0.3491,-0.3434,-0.3424,-0.3448,-0.3492,-0.3542,-0.3585,-0.3616,-0.3632,-0.3633,-0.3621,-0.3599,-0.3569,-0.3532,-0.3493,-0.3452,-0.561,-0.5631,-0.5655,-0.5681,-0.571,-0.5738,-0.5758,-0.5759,-0.5728,-0.5659,-0.5551,-0.5407,-0.5226,-0.5004,-0.4736,-0.4426,-0.4091,-0.3765,-0.349,-0.3295,-0.3186,-0.315,-0.3174,-0.3243,-0.3335,-0.3425,-0.35,-0.3551,-0.358,-0.3587,-0.3576,-0.3552,-0.3518,-0.3477,-0.3433,-0.3387,-0.5646,-0.5672,-0.5701,-0.5737,-0.5783,-0.5836,-0.5889,-0.5919,-0.5901,-0.5825,-0.5698,-0.5531,-0.5325,-0.5068,-0.4745,-0.4349,-0.3898,-0.3448,-0.3085,-0.2871,-0.2791,-0.2795,-0.2869,-0.3004,-0.3165,-0.331,-0.3422,-0.3496,-0.3536,-0.3547,-0.3535,-0.3506,-0.3466,-0.3418,-0.3367,-0.3316,-0.568,-0.5709,-0.5743,-0.5787,-0.5851,-0.5942,-0.6053,-0.6142,-0.6149,-0.6049,-0.588,-0.568,-0.5452,-0.5166,-0.4784,-0.4275,-0.3642,-0.297,-0.2454,-0.2262,-0.2311,-0.2393,-0.2518,-0.2745,-0.3,-0.3213,-0.3365,-0.3459,-0.3506,-0.3516,-0.3498,-0.3461,-0.3411,-0.3354,-0.3294,-0.3235,-0.5713,-0.5744,-0.5779,-0.5826,-0.5904,-0.6044,-0.6259,-0.6484,-0.6544,-0.6365,-0.6094,-0.5845,-0.5606,-0.5313,-0.4888,-0.4249,-0.3336,-0.222,-0.1332,-0.1279,-0.1802,-0.2062,-0.2181,-0.252,-0.2884,-0.316,-0.3343,-0.3448,-0.3495,-0.3497,-0.3467,-0.3416,-0.3352,-0.3282,-0.3211,-0.3143,-0.5748,-0.5782,-0.5815,-0.5852,-0.5925,-0.6104,-0.6481,-0.7016,-0.7215,-0.6784,-0.6298,-0.5999,-0.5786,-0.5532,-0.5112,-0.4373,-0.3113,-0.1172,0.0837,0.0648,-0.1224,-0.1974,-0.2052,-0.2458,-0.2878,-0.3181,-0.3371,-0.3472,-0.3506,-0.349,-0.344,-0.3369,-0.3285,-0.3198,-0.3113,-0.3035,-0.5786,-0.583,-0.5865,-0.5883,-0.5908,-0.6055,-0.6535,-0.7486,-0.7944,-0.7061,-0.637,-0.6102,-0.5987,-0.5845,-0.5522,-0.4805,-0.3357,-0.0644,0.32,0.2884,-0.0664,-0.194,-0.2266,-0.2639,-0.3012,-0.3288,-0.3458,-0.3536,-0.3542,-0.3497,-0.3416,-0.3316,-0.3207,-0.3098,-0.2996,-0.2906,-0.5829,-0.5891,-0.5944,-0.5956,-0.5897,-0.5875,-0.6153,-0.687,-0.7225,-0.6607,-0.6199,-0.6143,-0.6209,-0.6265,-0.6173,-0.5659,-0.438,-0.2092,0.0619,0.0436,-0.1488,-0.2171,-0.2567,-0.2928,-0.3245,-0.3476,-0.3607,-0.3645,-0.3607,-0.3515,-0.3391,-0.3251,-0.3109,-0.2974,-0.2853,-0.2749,-0.5872,-0.5959,-0.6022,-0.6035,-0.5941,-0.5644,-0.5484,-0.5625,-0.5771,-0.5778,-0.59,-0.6153,-0.644,-0.6768,-0.7129,-0.6998,-0.585,-0.4179,-0.2697,-0.2189,-0.2088,-0.2232,-0.2799,-0.3238,-0.3547,-0.3744,-0.3829,-0.3807,-0.3702,-0.3543,-0.3357,-0.3165,-0.2981,-0.2815,-0.2672,-0.2556,-0.5908,-0.6041,-0.6166,-0.6211,-0.6138,-0.5396,-0.4659,-0.4476,-0.4761,-0.5119,-0.5612,-0.6167,-0.6622,-0.7169,-0.8395,-0.9022,-0.7147,-0.5508,-0.4284,-0.3332,-0.2569,-0.2645,-0.3202,-0.3639,-0.3947,-0.4128,-0.4156,-0.4043,-0.3833,-0.3575,-0.3304,-0.3044,-0.2809,-0.2607,-0.2443,-0.2317,-0.5916,-0.6125,-0.6563,-0.7484,-0.7144,-0.5053,-0.3331,-0.2917,-0.427,-0.4917,-0.5417,-0.6245,-0.669,-0.7028,-0.825,-0.9145,-0.7347,-0.5974,-0.5023,-0.4296,-0.3746,-0.3612,-0.3827,-0.4169,-0.4519,-0.4726,-0.4672,-0.4393,-0.4006,-0.3598,-0.3211,-0.2866,-0.257,-0.233,-0.2146,-0.2015,-0.5864,-0.606,-0.6509,-0.7307,-0.6779,-0.3994,-0.097,0.0763,-0.1957,-0.4315,-0.5486,-0.6485,-0.668,-0.614,-0.6807,-0.747,-0.6902,-0.5597,-0.4907,-0.471,-0.4407,-0.4236,-0.4351,-0.4781,-0.5411,-0.5783,-0.5531,-0.4893,-0.42,-0.3577,-0.3043,-0.2596,-0.2234,-0.1956,-0.1759,-0.1635,-0.5756,-0.5829,-0.5938,-0.5902,-0.4994,-0.2662,0.0886,0.4734,0.165,-0.3334,-0.597,-0.6751,-0.6955,-0.6,-0.6751,-0.7747,-0.7111,-0.415,-0.3826,-0.4696,-0.455,-0.4393,-0.4596,-0.5403,-0.685,-0.7704,-0.6855,-0.5475,-0.4327,-0.3443,-0.2745,-0.2188,-0.1757,-0.1448,-0.1252,-0.1154,-0.5652,-0.561,-0.5484,-0.5119,-0.4233,-0.2579,-0.0167,0.2066,0.0316,-0.4514,-0.7191,-0.6693,-0.653,-1.0465,-0.8739,-0.8916,-0.8502,-0.6029,-0.485,-0.4742,-0.4261,-0.4056,-0.4423,-0.5679,-0.8231,-0.9807,-0.7949,-0.5728,-0.4189,-0.3092,-0.2246,-0.1579,-0.1081,-0.0755,-0.0588,-0.0548,-0.5603,-0.5516,-0.5337,-0.4992,-0.4393,-0.3514,-0.2548,-0.2274,-0.4078,-0.7417,-0.9856,-1.0353,-1.0362,-1.1724,-0.9692,-0.9335,-1.1421,-0.8161,-0.5779,-0.4267,-0.3167,-0.3021,-0.3705,-0.5034,-0.7218,-0.8523,-0.7071,-0.5108,-0.361,-0.2444,-0.1478,-0.0692,-0.0125,0.0193,0.0283,0.0207,-0.562,-0.5546,-0.5417,-0.5214,-0.494,-0.4673,-0.4639,-0.5301,-0.7159,-1.0238,-1.3756,-1.5027,-1.3584,-1.1857,-1.0406,-0.9874,-1.0435,-0.7508,-0.4734,-0.2791,-0.0938,-0.1322,-0.271,-0.3883,-0.5012,-0.5564,-0.5001,-0.3874,-0.2678,-0.1511,-0.0397,0.057,0.1233,0.1494,0.1411,0.1126,-0.5684,-0.5653,-0.5605,-0.555,-0.5527,-0.5625,-0.6011,-0.692,-0.8566,-1.1009,-1.3588,-1.4134,-1.6863,-1.7896,-1.1689,-0.9134,-0.7313,-0.4079,-0.1255,-0.1086,-0.0433,-0.0882,-0.213,-0.3005,-0.3625,-0.3892,-0.3615,-0.2814,-0.1689,-0.039,0.1019,0.2341,0.3167,0.3262,0.2824,0.2186,-0.577,-0.5786,-0.5812,-0.587,-0.5999,-0.627,-0.678,-0.7634,-0.8886,-1.0436,-1.1895,-1.3328,-1.7156,-1.7646,-1.1214,-0.8239,-0.5271,0.0948,0.6367,0.1466,-0.0574,-0.1247,-0.1883,-0.2469,-0.3103,-0.3771,-0.3681,-0.2431,-0.0841,0.0814,0.2729,0.4729,0.5839,0.5515,0.4427,0.3276,-0.5855,-0.591,-0.599,-0.6116,-0.6319,-0.6643,-0.7139,-0.7842,-0.8744,-0.9757,-1.0747,-1.1737,-1.2643,-1.1694,-0.88,-0.7911,-0.4955,0.0767,0.437,0.1927,0.0116,-0.0935,-0.1491,-0.1988,-0.3056,-0.5457,-0.5934,-0.255,0.0091,0.2048,0.4416,0.7336,0.8814,0.7745,0.5822,0.4156,-0.5925,-0.6006,-0.6117,-0.6274,-0.6499,-0.6815,-0.7243,-0.7788,-0.8425,-0.9091,-0.9699,-1.0144,-1.0176,-0.9382,-0.8179,-0.7472,-0.4913,-0.1159,0.1896,0.2646,0.0595,-0.0505,-0.0898,-0.119,-0.2113,-0.5268,-0.602,-0.0488,0.1928,0.3341,0.5364,0.8385,0.9951,0.8555,0.6356,0.4544,-0.5971,-0.6066,-0.619,-0.6353,-0.6569,-0.6847,-0.7193,-0.76,-0.8039,-0.8461,-0.8794,-0.8942,-0.8778,-0.8226,-0.7427,-0.636,-0.4486,-0.1982,0.0367,0.1073,0.0244,-0.0087,-0.0063,-0.0014,0.0386,0.1972,0.6431,0.6052,0.4804,0.4841,0.5578,0.7159,0.8178,0.7409,0.585,0.4378,-0.5992,-0.6091,-0.6214,-0.6368,-0.6559,-0.6789,-0.7057,-0.7349,-0.7641,-0.7891,-0.8047,-0.8046,-0.7825,-0.7354,-0.6642,-0.5641,-0.4261,-0.2646,-0.1229,-0.0459,-0.0017,0.0768,0.1119,0.1013,0.2193,0.6013,1.1369,0.9187,0.7328,0.6803,0.6101,0.6033,0.6193,0.5797,0.4901,0.3885,-0.5988,-0.6083,-0.6197,-0.6333,-0.6493,-0.6676,-0.6874,-0.7076,-0.7258,-0.7391,-0.7436,-0.7353,-0.7105,-0.667,-0.6039,-0.5195,-0.415,-0.3005,-0.1933,-0.1001,0.0074,0.1496,0.1869,0.1438,0.2489,0.5131,0.7646,0.8396,1.0078,0.9184,0.702,0.5755,0.5175,0.4686,0.4054,0.3329,-0.5963,-0.605,-0.615,-0.6265,-0.6393,-0.6531,-0.6671,-0.6802,-0.6905,-0.6957,-0.6931,-0.6801,-0.6543,-0.6141,-0.5587,-0.4884,-0.4054,-0.315,-0.2232,-0.1286,-0.0209,0.0875,0.1275,0.1334,0.2223,0.395,0.5872,0.8085,1.0402,0.9498,0.7181,0.556,0.4626,0.3989,0.3412,0.2827]}]