docs/data/wind_grid.json
[{"header":{"la1":42.85,"la2":41.18,"lo1":11.55,"lo2":14.05,"nx":36,"ny":24,"dx":0.07143,"dy":0.07261,"parameterCategory":2,"parameterNumber":2,"parameterNumberName":"eastward_wind","parameterUnit":"m.s-1"},"data":[1.0284,1.0322,1.0381,1.0455,1.0535,1.0608,1.0651,1.0641,1.0557,1.0387,1.0126,0.9776,0.9343,0.8833,0.8263,0.766,0.7078,0.6588,0.6265,0.6153,0.6237,0.6462,0.6763,0.7097,0.7435,0.7758,0.8053,0.8315,0.8542,0.8737,0.8903,0.9045,0.9166,0.9271,0.9362,0.9442,1.0198,1.0247,1.0329,1.0442,1.0578,1.0716,1.0824,1.0865,1.0803,1.0619,1.0312,0.9889,0.9358,0.872,0.7982,0.7169,0.6351,0.5652,0.5221,0.5148,0.539,0.5804,0.6267,0.6725,0.7164,0.7567,0.7923,0.8227,0.8482,0.8695,0.8872,0.902,0.9145,0.9252,0.9344,0.9424,1.0071,1.0125,1.0229,1.0391,1.0603,1.0842,1.1062,1.1193,1.117,1.0963,1.0586,1.0068,0.9419,0.8629,0.7678,0.6568,0.537,0.4294,0.3669,0.3732,0.4354,0.5131,0.5807,0.6392,0.6932,0.7418,0.7832,0.8173,0.845,0.8674,0.8857,0.9007,0.9132,0.9239,0.933,0.9409,0.9887,0.9932,1.0052,1.0267,1.0583,1.0979,1.139,1.1692,1.1739,1.1474,1.0972,1.0321,0.9538,0.8584,0.7387,0.5874,0.4051,0.2214,0.1128,0.1561,0.3181,0.4703,0.5556,0.6172,0.6784,0.7342,0.7803,0.8167,0.8452,0.8677,0.8858,0.9005,0.9127,0.923,0.9318,0.9395,0.9634,0.9642,0.9753,1.0013,1.0459,1.1088,1.1836,1.249,1.2672,1.2234,1.1475,1.0635,0.9714,0.8612,0.718,0.5195,0.24,-0.1074,-0.3617,-0.2414,0.1948,0.5104,0.5728,0.613,0.6778,0.7382,0.7858,0.8217,0.8491,0.8704,0.8873,0.9011,0.9125,0.9222,0.9305,0.9379,0.9301,0.9229,0.9278,0.9545,1.0125,1.106,1.234,1.3728,1.4209,1.3256,1.2012,1.0953,0.9925,0.8726,0.7148,0.4802,0.088,-0.5678,-1.3033,-1.1079,-0.0293,0.5712,0.5955,0.6298,0.6993,0.7578,0.8008,0.8322,0.856,0.8746,0.8896,0.902,0.9124,0.9213,0.929,0.9359,0.8902,0.8691,0.8587,0.8767,0.9445,1.0684,1.2489,1.4806,1.5762,1.3984,1.2326,1.1198,1.0138,0.8885,0.7288,0.4997,0.079,-0.8226,-2.3324,-2.1445,-0.2678,0.4834,0.6255,0.6951,0.7519,0.7935,0.8235,0.846,0.8639,0.8788,0.8914,0.9023,0.9116,0.9196,0.9267,0.9331,0.8479,0.8094,0.7764,0.772,0.8411,0.986,1.173,1.3732,1.452,1.3394,1.2281,1.139,1.0358,0.8959,0.7254,0.5459,0.2755,-0.3206,-1.2018,-0.8636,0.528,0.9237,0.8649,0.83,0.8284,0.8366,0.8469,0.8579,0.8694,0.8808,0.8915,0.901,0.9094,0.9167,0.9232,0.9291,0.8096,0.7567,0.717,0.7069,0.7456,0.8879,1.0627,1.2028,1.2707,1.2677,1.23,1.1707,1.0697,0.8814,0.603,0.4456,0.4584,0.3474,0.2263,0.6858,1.7148,1.6064,1.1456,0.9623,0.8957,0.8688,0.8594,0.8604,0.8678,0.8778,0.888,0.8973,0.9051,0.9119,0.9178,0.9235,0.779,0.7064,0.648,0.6269,0.6111,0.7837,0.9856,1.1374,1.2582,1.3057,1.272,1.2294,1.148,0.9007,0.2233,-0.1497,0.4629,0.7214,0.8099,1.0618,1.5201,1.4896,1.1897,1.0126,0.919,0.8677,0.8455,0.8441,0.854,0.8675,0.8801,0.8903,0.8981,0.9044,0.91,0.9154,0.7626,0.6559,0.4786,0.1622,0.2348,0.6751,0.937,1.0984,1.3453,1.455,1.325,1.3071,1.302,1.1714,0.4586,-0.1048,0.6873,1.0093,1.0981,1.1507,1.2304,1.2238,1.1138,0.9874,0.8787,0.8074,0.7852,0.7985,0.8245,0.8491,0.8675,0.8798,0.8878,0.8936,0.8986,0.904,0.7748,0.6617,0.4683,0.1937,0.2806,0.7026,0.9012,0.9495,1.1629,1.3379,1.3235,1.3801,1.4737,1.576,1.4884,1.1584,1.2047,1.341,1.3642,1.2844,1.2248,1.1644,1.0644,0.9171,0.7491,0.6427,0.6502,0.7164,0.7809,0.8255,0.852,0.8662,0.8735,0.878,0.8824,0.888,0.8186,0.7377,0.6331,0.5549,0.6366,0.8199,0.8818,0.8054,0.923,1.1714,1.3187,1.4305,1.5341,1.8104,1.8858,1.571,1.5104,1.6139,1.6044,1.4011,1.2839,1.186,1.0475,0.8155,0.4893,0.3034,0.4242,0.612,0.7372,0.8047,0.8368,0.8495,0.8534,0.8553,0.8589,0.8655,0.8785,0.8345,0.7955,0.7889,0.84,0.91,0.9236,0.8787,0.9588,1.1758,1.3308,1.4545,1.4973,1.5233,1.6569,1.788,1.677,1.5829,1.5475,1.4282,1.3354,1.2374,1.0722,0.7567,0.2256,-0.0747,0.2341,0.5545,0.7227,0.7974,0.824,0.8275,0.8234,0.8209,0.8243,0.8338,0.9382,0.919,0.9095,0.9198,0.9517,0.988,1.0091,1.0306,1.1125,1.2412,1.3298,1.3715,1.4222,1.4118,1.6021,1.8234,1.573,1.5438,1.4835,1.4325,1.4014,1.3307,1.1614,0.8615,0.4096,0.1509,0.3713,0.6266,0.759,0.8075,0.8105,0.7933,0.7746,0.7664,0.7724,0.7893,0.9902,0.9848,0.9877,1.0022,1.0272,1.0574,1.0898,1.1347,1.2067,1.2965,1.3739,1.2471,1.2978,1.3943,1.4982,1.5739,1.5363,1.5019,1.455,1.4538,1.5282,1.4727,1.2784,1.0484,0.8039,0.6634,0.7008,0.7864,0.8298,0.8246,0.7848,0.7313,0.6898,0.6779,0.6948,0.7285,1.0331,1.0353,1.0438,1.0598,1.083,1.1119,1.147,1.1916,1.2476,1.309,1.3609,1.3006,1.1922,1.1695,1.4018,1.4933,1.4916,1.4386,1.3959,1.4397,1.5492,1.501,1.3367,1.179,1.0501,0.9786,0.956,0.9384,0.9006,0.8321,0.7299,0.6156,0.5397,0.5349,0.5834,0.6507,1.068,1.0743,1.0855,1.1022,1.1242,1.1515,1.1838,1.2214,1.2619,1.2979,1.3142,1.2884,1.1797,1.1798,1.4447,1.5441,1.4865,1.3546,1.2322,1.3869,1.4541,1.4301,1.3456,1.2473,1.1772,1.1581,1.1345,1.056,0.9536,0.8226,0.6342,0.4144,0.2869,0.322,0.4417,0.5649,1.0961,1.1047,1.1172,1.1338,1.1546,1.1793,1.2076,1.2384,1.269,1.2949,1.3102,1.3125,1.3169,1.4103,1.7049,1.8161,1.5591,1.4041,1.3487,1.509,1.4917,1.437,1.3681,1.2888,1.2409,1.2909,1.3,1.1328,0.9797,0.8083,0.5257,0.1473,-0.0458,0.0837,0.3105,0.4969,1.1189,1.1287,1.1415,1.1576,1.1769,1.1991,1.2237,1.2496,1.2751,1.2984,1.3188,1.3408,1.3821,1.4844,1.6831,1.7454,1.5788,1.5198,1.6704,1.7639,1.5797,1.4936,1.4251,1.3291,1.2449,1.2929,1.3102,1.0718,0.9609,0.8218,0.513,0.0423,-0.1894,-0.0021,0.2736,0.4827,1.1373,1.1475,1.1603,1.1756,1.1933,1.2133,1.2349,1.2576,1.2804,1.303,1.3263,1.3547,1.3971,1.4638,1.5422,1.5683,1.5366,1.5392,1.6189,1.6562,1.6053,1.6016,1.5646,1.4134,1.2106,1.0017,0.722,0.7825,0.9269,0.9004,0.6717,0.3032,0.0931,0.183,0.3731,0.537,1.1521,1.1625,1.1748,1.1892,1.2055,1.2235,1.2429,1.2632,1.2841,1.3057,1.329,1.3563,1.3905,1.4317,1.4705,1.4913,1.4979,1.5153,1.5531,1.5942,1.6737,1.8552,1.8946,1.5995,1.2368,0.8457,0.4408,0.6736,1.0444,1.086,0.9138,0.6623,0.4889,0.471,0.5442,0.6355,1.164,1.1743,1.1861,1.1996,1.2145,1.2309,1.2483,1.2667,1.2858,1.3059,1.3275,1.3514,1.3781,1.4063,1.4321,1.4517,1.468,1.4901,1.5262,1.5926,1.7507,2.0662,2.1627,1.7558,1.3325,1.0098,0.8428,1.058,1.4096,1.3439,1.1224,0.912,0.7643,0.7025,0.7064,0.7416,1.1736,1.1835,1.1947,1.2073,1.2211,1.2359,1.2518,1.2684,1.2858,1.304,1.3232,1.3436,1.3651,1.3867,1.4069,1.4253,1.4438,1.4676,1.505,1.5731,1.7043,1.8911,1.9234,1.6773,1.3834,1.1755,1.1122,1.2576,1.4624,1.3952,1.2062,1.0397,0.9207,0.8533,0.8293,0.8332]},{"header":{"la1":42.85,"la2":41.18,"lo1":11.55,"lo2":14.05,"nx":36,"ny":24,"dx":0.07143,"dy":0.07261,"parameterCategory":2,"parameterNumber":3,"parameterNumberName":"northward_wind","parameterUnit":"m.s-1"},"data":[0.6805,0.6908,0.6999,0.7075,0.7131,0.7156,0.7129,0.7027,0.6829,0.6532,0.6151,0.571,0.5237,0.4748,0.4258,0.3785,0.3357,0.3013,0.2792,0.2713,0.2753,0.2856,0.2965,0.3045,0.3092,0.3115,0.3123,0.3125,0.3125,0.3124,0.3124,0.3124,0.3126,0.3129,0.3133,0.3138,0.7038,0.7175,0.7303,0.7422,0.7531,0.7618,0.7654,0.7591,0.7385,0.7023,0.6537,0.5977,0.5385,0.4782,0.4172,0.3567,0.3004,0.255,0.2292,0.2276,0.246,0.2718,0.2926,0.304,0.3082,0.3089,0.3083,0.3076,0.307,0.3066,0.3064,0.3065,0.3069,0.3073,0.3079,0.3087,0.7293,0.7472,0.7643,0.7812,0.7991,0.8179,0.834,0.8378,0.8182,0.7715,0.7054,0.6316,0.557,0.483,0.4074,0.3289,0.251,0.1854,0.1516,0.1641,0.2148,0.272,0.3067,0.3163,0.314,0.3093,0.3054,0.3028,0.3012,0.3004,0.3001,0.3002,0.3007,0.3014,0.3023,0.3033,0.7575,0.7805,0.8024,0.8243,0.8501,0.8844,0.925,0.9538,0.9405,0.8734,0.7746,0.6725,0.5786,0.4902,0.3989,0.2969,0.1832,0.0753,0.0182,0.0594,0.1875,0.3145,0.3615,0.3491,0.3269,0.3115,0.3025,0.2974,0.2947,0.2934,0.293,0.2933,0.294,0.295,0.2963,0.2976,0.7891,0.8194,0.8468,0.8718,0.9028,0.9564,1.0433,1.1348,1.1442,1.0282,0.862,0.716,0.6007,0.5011,0.3972,0.2686,0.0988,-0.1016,-0.2397,-0.1528,0.1604,0.4487,0.4793,0.3966,0.3398,0.3115,0.2976,0.2904,0.2867,0.2851,0.2849,0.2855,0.2866,0.2881,0.2898,0.2916,0.8247,0.8672,0.9038,0.9284,0.9529,1.0174,1.1735,1.411,1.4924,1.2459,0.9488,0.7475,0.6178,0.5177,0.4121,0.2643,0.0262,-0.3498,-0.7526,-0.6391,0.0262,0.551,0.5485,0.4074,0.3356,0.3037,0.2883,0.2803,0.2764,0.275,0.2753,0.2766,0.2784,0.2806,0.283,0.2853,0.8626,0.9275,0.9875,1.013,1.004,1.0386,1.2298,1.6497,1.8617,1.3963,0.9688,0.7448,0.6243,0.5421,0.4548,0.3141,0.0452,-0.4847,-1.3039,-1.2097,-0.2143,0.2882,0.3865,0.3457,0.3086,0.2865,0.2734,0.2661,0.2628,0.2624,0.2638,0.2663,0.2694,0.2725,0.2757,0.2787,0.8942,0.9935,1.1125,1.1676,1.0794,1.0116,1.1084,1.3953,1.5283,1.178,0.8623,0.7003,0.6205,0.5774,0.5341,0.436,0.2138,-0.201,-0.7252,-0.6032,0.0055,0.2222,0.2783,0.2875,0.2769,0.2631,0.2523,0.2462,0.2447,0.2464,0.2501,0.2547,0.2594,0.2639,0.268,0.2718,0.9013,1.0244,1.2208,1.3708,1.1499,0.9526,0.912,0.9496,0.9325,0.8134,0.703,0.6379,0.6126,0.6242,0.6609,0.6337,0.4548,0.1971,-0.004,0.0772,0.3596,0.3479,0.2859,0.2667,0.2503,0.2338,0.2222,0.2181,0.2203,0.2264,0.234,0.2417,0.2487,0.2549,0.2602,0.2649,0.8706,0.9676,1.1022,1.1806,1.0032,0.8501,0.756,0.6923,0.6169,0.5716,0.5784,0.5831,0.6008,0.6636,0.843,0.9378,0.6565,0.4281,0.2933,0.2715,0.3396,0.3367,0.2888,0.2509,0.2164,0.1888,0.1755,0.1769,0.1877,0.2018,0.2157,0.2278,0.2378,0.2458,0.2524,0.2579,0.8154,0.8661,0.8895,0.8351,0.8188,0.7491,0.6466,0.5688,0.4709,0.4262,0.5053,0.543,0.581,0.6457,0.8244,0.9553,0.6862,0.5088,0.4074,0.3535,0.3317,0.3119,0.2728,0.216,0.1526,0.1068,0.0967,0.1155,0.145,0.1734,0.1965,0.2142,0.2273,0.2373,0.245,0.2512,0.7574,0.7849,0.7981,0.7977,0.7748,0.671,0.5684,0.517,0.4795,0.4516,0.4805,0.5091,0.5598,0.6158,0.6614,0.6941,0.6204,0.4905,0.4226,0.3948,0.3596,0.3159,0.2508,0.1498,0.0254,-0.0535,-0.0379,0.0287,0.0949,0.1448,0.1792,0.2025,0.2185,0.2298,0.2381,0.2448,0.704,0.7193,0.7275,0.7223,0.6808,0.598,0.5257,0.5006,0.4917,0.4608,0.4471,0.4563,0.5086,0.627,0.6635,0.7233,0.6519,0.3852,0.3552,0.4069,0.3807,0.3246,0.2282,0.0543,-0.2027,-0.3508,-0.2418,-0.0711,0.05,0.1239,0.1681,0.1951,0.2122,0.2237,0.2321,0.2387,0.6556,0.6608,0.658,0.6411,0.6028,0.5502,0.5081,0.4931,0.4714,0.4119,0.3784,0.3979,0.4191,0.4923,0.6925,1.0503,0.8406,0.5133,0.4253,0.4287,0.3989,0.3411,0.2281,-0.0067,-0.4254,-0.6695,-0.4075,-0.1248,0.036,0.1212,0.1674,0.1934,0.209,0.2192,0.2267,0.2329,0.6134,0.6112,0.6017,0.5817,0.5506,0.5136,0.48,0.4494,0.3955,0.299,0.2211,0.2535,0.3208,0.2237,0.6716,1.1083,0.5106,0.554,0.4874,0.4474,0.4223,0.378,0.2725,0.0625,-0.2809,-0.4837,-0.2926,-0.0622,0.0723,0.142,0.1779,0.1971,0.2081,0.2155,0.2214,0.2269,0.5778,0.5713,0.5586,0.5387,0.5117,0.4793,0.4424,0.3935,0.309,0.1448,-0.1356,0.0122,0.1492,0.311,0.5057,0.6111,0.4799,0.4996,0.4638,0.4453,0.4637,0.4368,0.3367,0.1964,0.032,-0.0598,-0.0096,0.0831,0.1463,0.1793,0.1951,0.2028,0.2074,0.2113,0.2156,0.2205,0.5485,0.5395,0.5257,0.5063,0.4812,0.4502,0.411,0.3562,0.2688,0.1174,-0.0942,0.0156,0.0651,0.0813,0.3592,0.4764,0.4778,0.4262,0.3798,0.4157,0.4694,0.4482,0.3701,0.292,0.2352,0.2186,0.2293,0.2343,0.2278,0.218,0.2101,0.2057,0.2044,0.2056,0.2088,0.2135,0.5245,0.5144,0.5003,0.4818,0.4584,0.4294,0.3926,0.3441,0.2784,0.1959,0.1314,0.1308,0.0733,0.0837,0.3343,0.4308,0.4251,0.3079,0.16,0.3631,0.4337,0.4173,0.3737,0.3439,0.3617,0.4238,0.4398,0.3722,0.296,0.2437,0.2144,0.2018,0.1984,0.1987,0.2014,0.206,0.505,0.4946,0.4809,0.4636,0.4424,0.4166,0.3854,0.3478,0.3042,0.2604,0.2305,0.2213,0.2243,0.2884,0.4409,0.4881,0.4331,0.3587,0.3191,0.5442,0.4965,0.4131,0.361,0.3601,0.4475,0.6362,0.6788,0.4846,0.3311,0.2445,0.2041,0.1943,0.1948,0.1939,0.1947,0.1987,0.4892,0.4789,0.4661,0.4504,0.4318,0.41,0.3849,0.3572,0.3286,0.3036,0.2882,0.2871,0.306,0.3589,0.4429,0.4718,0.4517,0.4993,0.7834,0.9375,0.5812,0.3809,0.3006,0.3186,0.439,0.6678,0.7196,0.4699,0.3017,0.207,0.1767,0.1872,0.1962,0.191,0.188,0.1912,0.4763,0.4666,0.4549,0.441,0.425,0.407,0.3874,0.3671,0.3479,0.3327,0.3248,0.3273,0.3432,0.3737,0.41,0.4317,0.4484,0.5101,0.6581,0.6927,0.4525,0.2135,0.1215,0.1887,0.3212,0.4272,0.4152,0.3431,0.1951,0.1038,0.1081,0.1514,0.176,0.1769,0.1769,0.1821,0.4659,0.4569,0.4463,0.4341,0.4206,0.4058,0.3905,0.3755,0.3621,0.3522,0.3476,0.35,0.3602,0.3768,0.3952,0.4102,0.4253,0.4498,0.4706,0.4085,0.1794,-0.1616,-0.2643,-0.0325,0.186,0.3075,0.3806,0.2601,-0.0516,-0.1271,-0.0344,0.0649,0.1217,0.1459,0.159,0.1707,0.4573,0.449,0.4396,0.429,0.4176,0.4055,0.3934,0.3819,0.372,0.3648,0.3614,0.3624,0.3677,0.376,0.3848,0.3913,0.3939,0.388,0.3541,0.2443,-0.0161,-0.4363,-0.5516,-0.1954,0.0766,0.1898,0.1848,-0.097,-0.5569,-0.4644,-0.2049,-0.0323,0.0617,0.1108,0.1391,0.159,0.4502,0.4426,0.4342,0.4251,0.4153,0.4053,0.3954,0.3863,0.3784,0.3726,0.3693,0.3686,0.3702,0.3729,0.3748,0.3735,0.3653,0.3433,0.2919,0.184,-0.0117,-0.2578,-0.3208,-0.1367,0.0331,0.0879,0.0066,-0.2873,-0.626,-0.5237,-0.2636,-0.0817,0.0246,0.0861,0.1241,0.15]}]