docs/data/wind_grid.json
[{"header":{"la1":42.85,"la2":41.18,"lo1":11.55,"lo2":14.05,"nx":36,"ny":24,"dx":0.07143,"dy":0.07261,"parameterCategory":2,"parameterNumber":2,"parameterNumberName":"eastward_wind","parameterUnit":"m.s-1"},"data":[2.2809,2.2439,2.1977,2.1428,2.0819,2.0202,1.9649,1.9237,1.9021,1.9002,1.9134,1.9338,1.9541,1.9683,1.9721,1.9615,1.9317,1.878,1.797,1.6926,1.5803,1.4862,1.4347,1.4337,1.4725,1.5327,1.5989,1.662,1.7182,1.7666,1.8079,1.8431,1.8731,1.8991,1.9217,1.9416,2.3096,2.2686,2.2136,2.1437,2.0614,1.9737,1.8927,1.8333,1.8071,1.8151,1.8475,1.8896,1.9294,1.9593,1.9752,1.973,1.9462,1.8843,1.7753,1.6166,1.4313,1.2742,1.2011,1.224,1.3095,1.4165,1.5192,1.6077,1.6807,1.7399,1.7882,1.828,1.8612,1.8893,1.9135,1.9346,2.3512,2.3085,2.2449,2.1564,2.0431,1.9132,1.7862,1.6916,1.6563,1.6847,1.7535,1.8323,1.9011,1.9526,1.9856,1.9988,1.9847,1.9244,1.7859,1.5408,1.2122,0.9221,0.819,0.9141,1.0996,1.286,1.4398,1.5585,1.6489,1.7182,1.7725,1.816,1.8516,1.8814,1.9067,1.9287,2.4102,2.3714,2.303,2.194,2.038,1.8401,1.6271,1.4576,1.4025,1.4774,1.6201,1.7613,1.8711,1.9489,2.0028,2.0398,2.057,2.0285,1.8845,1.5177,0.8963,0.2931,0.167,0.4743,0.8592,1.1628,1.376,1.5235,1.6278,1.7042,1.7621,1.8077,1.8446,1.8752,1.9013,1.9238,2.4911,2.4674,2.4052,2.2802,2.0712,1.7698,1.3969,1.055,0.9479,1.1427,1.4422,1.6847,1.8452,1.9484,2.0224,2.0897,2.1649,2.2354,2.1875,1.7219,0.5598,-0.7867,-0.8328,-0.01,0.6718,1.0934,1.3496,1.5122,1.6215,1.6992,1.7575,1.8031,1.8401,1.8709,1.897,1.9197,2.5955,2.6066,2.5757,2.4536,2.1908,1.7559,1.1248,0.3955,0.1367,0.6539,1.257,1.6302,1.834,1.9505,2.0343,2.1277,2.2776,2.5424,2.8468,2.4847,0.7734,-1.4544,-1.354,-0.1063,0.6956,1.1303,1.3774,1.5293,1.6304,1.7027,1.7578,1.8015,1.8375,1.8678,1.8937,1.9162,2.7166,2.7911,2.8412,2.7676,2.4603,1.9003,1.0351,-0.1954,-0.7342,0.3053,1.2042,1.6416,1.8472,1.9512,2.0238,2.1211,2.3133,2.7386,3.5063,3.3589,1.7522,0.2506,-0.0429,0.5099,0.9824,1.2739,1.4521,1.5677,1.6492,1.7109,1.7604,1.8013,1.8358,1.8652,1.8907,1.913,2.8304,2.9911,3.1997,3.2674,2.8921,2.2332,1.4206,0.4337,0.027,0.7519,1.3986,1.7286,1.8801,1.9405,1.9723,2.0428,2.2145,2.5436,2.9823,2.8352,2.2215,1.7593,1.3348,1.2523,1.3432,1.4511,1.5389,1.6086,1.6668,1.7174,1.7617,1.8002,1.8336,1.8624,1.8874,1.9094,2.8965,3.1106,3.4794,3.7775,3.2492,2.5501,1.9595,1.4646,1.2536,1.3918,1.6418,1.8329,1.9142,1.9052,1.8479,1.8626,2.0384,2.265,2.4271,2.4123,2.4496,2.3408,1.9222,1.6761,1.5904,1.5767,1.5938,1.6273,1.6698,1.7148,1.7579,1.7964,1.8298,1.8585,1.8832,1.905,2.8921,3.0601,3.302,3.4427,3.0913,2.6822,2.3017,1.93,1.5409,1.4239,1.7005,1.9088,1.9409,1.8532,1.6208,1.5008,1.872,2.1416,2.2695,2.3135,2.373,2.2965,2.0371,1.8174,1.6756,1.599,1.5784,1.6003,1.6455,1.6975,1.7465,1.7888,1.8238,1.8528,1.8774,1.899,2.845,2.9354,2.9902,2.9298,2.897,2.7537,2.5638,2.2195,1.1932,0.6785,1.6557,2.0028,1.9604,1.8014,1.6134,1.4851,1.9082,2.1896,2.2989,2.2931,2.2485,2.1556,1.9877,1.786,1.5979,1.4765,1.4539,1.5062,1.5865,1.6644,1.7285,1.778,1.8156,1.845,1.8692,1.8904,2.7944,2.8476,2.881,2.8886,2.8734,2.8402,2.9205,2.9675,2.1089,1.4275,2.008,2.2214,1.9779,1.4988,1.6189,1.8658,2.1242,2.4412,2.5276,2.381,2.2362,2.0926,1.9015,1.6325,1.3206,1.1278,1.1677,1.3329,1.4982,1.6233,1.7092,1.7666,1.8056,1.8339,1.857,1.8778,2.7534,2.791,2.8211,2.8395,2.8524,2.9299,3.1934,3.5873,3.2084,2.564,2.5255,2.6885,2.3862,1.3674,1.5577,1.9719,2.234,2.9115,2.9461,2.482,2.2387,2.0493,1.8057,1.391,0.7769,0.4224,0.6922,1.1137,1.4134,1.5939,1.6982,1.7577,1.7931,1.8173,1.8381,1.8588,2.7222,2.7513,2.7778,2.8035,2.8446,2.9447,3.1459,3.3764,3.2168,2.8561,2.8257,3.2073,3.2822,2.5591,2.1349,1.8739,2.0824,2.5715,2.6818,2.4007,2.1669,1.9813,1.7411,1.2242,0.2385,-0.3519,0.2953,0.9986,1.3981,1.603,1.704,1.7512,1.7738,1.7895,1.8073,1.8296,2.699,2.7238,2.749,2.7786,2.8227,2.8953,2.9931,3.0568,3.0011,2.9391,2.9832,3.0346,3.0112,3.3377,2.3741,1.8477,2.2671,2.3399,2.3881,2.2157,1.941,1.8222,1.7322,1.3612,0.5893,0.1074,0.589,1.17,1.5047,1.664,1.7255,1.7381,1.7355,1.7388,1.7559,1.7849,2.6818,2.7039,2.7279,2.7563,2.793,2.8398,2.8887,2.9216,2.9451,3.0393,3.2713,3.1759,3.0777,2.9463,2.6006,2.3418,2.3582,2.408,2.3818,2.0403,1.367,1.4647,1.7429,1.6619,1.3613,1.1689,1.3094,1.5502,1.7045,1.7593,1.7439,1.6951,1.6528,1.6443,1.6711,1.7188,2.6684,2.6887,2.7109,2.7363,2.7662,2.8002,2.8357,2.8731,2.9298,3.0495,3.2353,3.1664,3.2135,3.2329,2.8479,2.6493,2.5901,2.6444,2.6399,2.1958,1.3011,1.457,1.8618,1.9425,1.8976,1.8777,1.9124,1.9396,1.9234,1.8526,1.7271,1.5799,1.4808,1.4749,1.5395,1.6289,2.6574,2.6761,2.6965,2.7192,2.7448,2.7733,2.8053,2.8439,2.8977,2.9731,3.0443,3.0841,3.2363,3.2698,3.086,3.0201,2.8878,2.9848,3.1935,2.7479,2.2311,2.076,2.1517,2.2068,2.2617,2.3532,2.3754,2.2698,2.1162,1.9198,1.6473,1.3384,1.1604,1.2045,1.3629,1.5257,2.648,2.6653,2.6841,2.7046,2.7275,2.753,2.7822,2.8169,2.8597,2.9089,2.957,3.0063,3.0743,3.1529,3.4643,3.6198,3.1354,3.0833,3.1982,3.131,2.7942,2.5325,2.44,2.4336,2.5141,2.71,2.753,2.5143,2.2637,1.9708,1.5337,0.9864,0.7138,0.8889,1.1944,1.4432,2.6395,2.6556,2.6729,2.6917,2.7124,2.7355,2.7615,2.7912,2.8252,2.8623,2.901,2.9446,3.0046,3.1237,3.4025,3.4893,3.1747,3.127,3.4437,3.6132,3.0906,2.7884,2.6593,2.6021,2.6279,2.7833,2.8218,2.5853,2.3556,2.0495,1.5395,0.8452,0.5159,0.7745,1.15,1.4309,2.6316,2.6465,2.6625,2.6798,2.6986,2.7192,2.7421,2.7675,2.7953,2.8254,2.858,2.8959,2.9474,3.0275,3.1281,3.1477,3.0771,3.0946,3.2679,3.3195,3.0898,2.9501,2.8742,2.7569,2.6697,2.6521,2.6189,2.5627,2.4216,2.1849,1.7729,1.2179,0.9125,1.033,1.2909,1.5104,2.6241,2.6379,2.6526,2.6684,2.6854,2.7038,2.7239,2.7455,2.7689,2.7939,2.8211,2.8522,2.8898,2.9348,2.9754,2.9884,2.9825,3.0032,3.0563,3.074,3.0727,3.187,3.2138,2.9591,2.7289,2.6215,2.5968,2.5684,2.4866,2.3552,2.0809,1.7168,1.4658,1.4343,1.5296,1.6494,2.6167,2.6294,2.643,2.6574,2.6727,2.6891,2.7066,2.7252,2.7449,2.7658,2.7881,2.8123,2.8386,2.8654,2.8873,2.8996,2.9074,2.9235,2.9509,2.9913,3.1039,3.3787,3.468,3.103,2.787,2.6353,2.5826,2.5577,2.573,2.5122,2.3019,2.0435,1.8434,1.7545,1.7548,1.7978,2.6093,2.6211,2.6335,2.6466,2.6603,2.6749,2.6901,2.7062,2.7229,2.7402,2.7582,2.7769,2.7957,2.8134,2.8281,2.8391,2.8491,2.8636,2.8884,2.9372,3.0442,3.2118,3.2424,3.0233,2.7878,2.6449,2.5759,2.5565,2.5845,2.5403,2.3863,2.2044,2.0536,1.9613,1.9247,1.9253]},{"header":{"la1":42.85,"la2":41.18,"lo1":11.55,"lo2":14.05,"nx":36,"ny":24,"dx":0.07143,"dy":0.07261,"parameterCategory":2,"parameterNumber":3,"parameterNumberName":"northward_wind","parameterUnit":"m.s-1"},"data":[0.8981,0.8718,0.8378,0.7962,0.7488,0.6992,0.6524,0.6137,0.5864,0.5702,0.5612,0.5534,0.5413,0.5211,0.4906,0.4492,0.3976,0.3377,0.2728,0.2079,0.1515,0.1151,0.1087,0.1342,0.1846,0.2489,0.3174,0.384,0.4457,0.5013,0.5507,0.5943,0.6326,0.6662,0.6958,0.7217,0.928,0.9,0.8605,0.8086,0.7462,0.6781,0.613,0.5613,0.5305,0.5205,0.5233,0.5278,0.5247,0.5083,0.476,0.4274,0.3633,0.2859,0.198,0.1043,0.0161,-0.0444,-0.054,-0.0087,0.0734,0.1695,0.2642,0.3504,0.4261,0.4916,0.5479,0.5962,0.6378,0.6737,0.7048,0.7317,0.9687,0.941,0.8964,0.8318,0.7473,0.649,0.5511,0.4745,0.4376,0.442,0.4695,0.4973,0.5098,0.5004,0.4673,0.4102,0.3307,0.2315,0.1147,-0.0205,-0.1661,-0.2779,-0.2925,-0.203,-0.0615,0.0843,0.214,0.3232,0.4138,0.4889,0.5514,0.6038,0.648,0.6856,0.7176,0.7451,1.0238,1.001,0.9546,0.8759,0.7604,0.6126,0.4528,0.3233,0.2735,0.3121,0.3921,0.4623,0.4999,0.5013,0.468,0.4011,0.3023,0.1766,0.0294,-0.1549,-0.4041,-0.6383,-0.6565,-0.4586,-0.2089,0.0071,0.1771,0.3093,0.4132,0.4961,0.5633,0.6184,0.6641,0.7025,0.7348,0.7622,1.0968,1.0883,1.0489,0.9593,0.8043,0.5799,0.3036,0.0503,-0.0344,0.0934,0.2872,0.4295,0.5012,0.5158,0.4833,0.4055,0.2815,0.1201,-0.052,-0.2563,-0.6527,-1.1722,-1.1633,-0.7256,-0.3222,-0.0348,0.1683,0.3167,0.4289,0.516,0.5851,0.641,0.6869,0.7248,0.7566,0.7832,1.1888,1.2114,1.1995,1.1132,0.9157,0.5897,0.1223,-0.4143,-0.6062,-0.2375,0.1804,0.4185,0.5233,0.5495,0.5195,0.4331,0.2791,0.0582,-0.1544,-0.2778,-0.6806,-1.4756,-1.4163,-0.7897,-0.3175,-0.0093,0.2009,0.3517,0.4641,0.5503,0.6181,0.6724,0.7166,0.753,0.7832,0.8083,1.2939,1.3723,1.4303,1.3829,1.1448,0.7174,0.0731,-0.839,-1.2395,-0.471,0.1739,0.4617,0.5741,0.6056,0.5837,0.4994,0.3265,0.041,-0.274,-0.2894,-0.4105,-0.8091,-0.8469,-0.5032,-0.1648,0.0905,0.2774,0.4155,0.5196,0.5995,0.6623,0.7125,0.7533,0.7869,0.8146,0.8376,1.3909,1.5459,1.7427,1.8125,1.504,0.9851,0.379,-0.3511,-0.6526,-0.0982,0.3652,0.5678,0.6477,0.6808,0.6837,0.6221,0.4563,0.1869,-0.0934,-0.1711,-0.2382,-0.3071,-0.2929,-0.1497,0.0506,0.237,0.3879,0.5043,0.5934,0.6624,0.7169,0.7608,0.7968,0.8264,0.8509,0.871,1.4433,1.6464,1.9883,2.2602,1.7989,1.23,0.804,0.486,0.3899,0.5155,0.6366,0.692,0.7174,0.7603,0.839,0.8357,0.6502,0.4021,0.1709,-0.0478,-0.3368,-0.2898,-0.0786,0.0934,0.2559,0.4018,0.5209,0.6125,0.6823,0.7367,0.7803,0.8162,0.8461,0.8711,0.8917,0.9084,1.4293,1.5896,1.8167,1.9488,1.6354,1.3091,1.0683,0.9346,0.9053,0.9016,0.8428,0.7826,0.7449,0.7942,1.0785,1.2431,0.8388,0.5466,0.3417,0.1127,-0.1652,-0.1309,0.1054,0.2995,0.4552,0.5798,0.6718,0.7363,0.7828,0.8194,0.8502,0.8772,0.9006,0.9206,0.937,0.9499,1.3742,1.4611,1.512,1.4488,1.4224,1.3196,1.2162,1.1576,1.0946,1.0809,0.961,0.829,0.701,0.6568,0.9711,1.2381,0.8018,0.5617,0.436,0.3325,0.2343,0.2449,0.3713,0.5274,0.6727,0.7819,0.844,0.8735,0.8908,0.9067,0.924,0.9421,0.9594,0.9745,0.9867,0.9955,1.3141,1.3653,1.3971,1.4042,1.3862,1.3287,1.3469,1.3956,1.2426,1.112,1.0155,0.8817,0.6258,0.2836,0.4197,0.6271,0.572,0.4396,0.3995,0.4436,0.4739,0.5219,0.6198,0.7634,0.922,1.0273,1.044,1.0198,0.9994,0.9934,0.9985,1.0095,1.0221,1.0334,1.0414,1.0458,1.2613,1.2959,1.3225,1.3347,1.3251,1.3322,1.4352,1.5981,1.4606,1.2045,1.0929,1.099,0.849,0.1605,0.261,0.4302,0.4143,0.2236,0.2286,0.4798,0.6164,0.7098,0.8157,0.9795,1.2038,1.332,1.2628,1.1579,1.0969,1.0734,1.0712,1.0791,1.0898,1.0984,1.1025,1.1018,1.2164,1.2397,1.2574,1.2673,1.2747,1.3064,1.3922,1.4979,1.4176,1.2129,1.1555,1.4155,1.4624,0.8636,0.5177,0.228,0.2837,0.3279,0.3773,0.6001,0.7723,0.8771,0.967,1.1276,1.4141,1.5783,1.4129,1.2479,1.169,1.1422,1.1418,1.1529,1.1654,1.1729,1.1726,1.165,1.1791,1.195,1.2073,1.2168,1.2283,1.2519,1.2891,1.3082,1.2514,1.1636,1.1409,1.1833,1.1151,1.1463,0.6025,0.1647,0.1171,0.4055,0.615,0.8251,1.0147,1.0794,1.0916,1.176,1.3622,1.4776,1.3785,1.2667,1.2136,1.2018,1.214,1.2363,1.2557,1.263,1.2558,1.2376,1.1487,1.1598,1.1687,1.1762,1.1843,1.1946,1.2027,1.1944,1.1613,1.1278,1.1192,1.2347,1.1615,1.0125,0.7523,0.4499,0.2946,0.5803,0.8491,1.0878,1.362,1.3231,1.2006,1.1941,1.2561,1.3043,1.2913,1.2605,1.2476,1.2602,1.2953,1.3399,1.373,1.3788,1.358,1.3215,1.124,1.1318,1.138,1.1429,1.1468,1.1492,1.1473,1.1373,1.1214,1.1122,1.1168,1.1602,1.2314,1.2309,0.9399,0.7723,0.7641,0.9775,1.2027,1.2782,1.4319,1.3822,1.2574,1.2227,1.2396,1.2648,1.2755,1.2764,1.2862,1.3229,1.3938,1.4808,1.5384,1.535,1.484,1.4159,1.1038,1.1093,1.1135,1.1162,1.1175,1.1167,1.1129,1.1061,1.0993,1.0984,1.1079,1.1371,1.2387,1.2456,1.0507,0.9934,1.0616,1.4082,1.7328,1.4899,1.3887,1.3357,1.2795,1.2569,1.2723,1.3043,1.319,1.3148,1.3264,1.3848,1.511,1.6787,1.7779,1.7406,1.6285,1.5115,1.0874,1.0913,1.094,1.0954,1.0954,1.0939,1.0906,1.0865,1.0834,1.0839,1.0904,1.1056,1.1264,1.1109,1.08,1.0852,1.1751,1.482,1.7206,1.7202,1.5321,1.3861,1.3146,1.2929,1.3162,1.371,1.3854,1.3539,1.3543,1.4272,1.6202,1.9123,2.0669,1.9547,1.7552,1.5858,1.074,1.0768,1.0786,1.0794,1.0791,1.0776,1.0754,1.0729,1.0714,1.072,1.0755,1.0815,1.0864,1.0854,1.0881,1.1035,1.2152,1.4825,1.9487,2.1422,1.6793,1.4422,1.351,1.3231,1.3408,1.3899,1.402,1.3721,1.3591,1.4233,1.6403,2.002,2.1866,2.031,1.7952,1.6095,1.0631,1.0652,1.0666,1.0671,1.0669,1.0659,1.0646,1.0633,1.0628,1.0637,1.0663,1.0707,1.0765,1.0853,1.1024,1.1419,1.2443,1.4467,1.7377,1.8269,1.6002,1.4429,1.3804,1.3489,1.3506,1.3885,1.4359,1.3993,1.332,1.3545,1.5213,1.7996,1.9604,1.8826,1.719,1.5728,1.0543,1.056,1.0572,1.0577,1.0578,1.0574,1.0569,1.0567,1.0571,1.0588,1.0621,1.0676,1.0763,1.0905,1.1153,1.1601,1.2401,1.3599,1.4837,1.5224,1.4694,1.4401,1.4312,1.38,1.3559,1.3973,1.4864,1.3973,1.2204,1.2086,1.338,1.5236,1.6498,1.6545,1.5848,1.4986,1.0471,1.0487,1.0499,1.0506,1.051,1.0512,1.0515,1.0522,1.0536,1.0563,1.0607,1.0677,1.0785,1.0953,1.1214,1.1616,1.2197,1.2914,1.357,1.3929,1.4115,1.4607,1.4791,1.3998,1.346,1.3453,1.3451,1.1979,0.9675,1.0186,1.1828,1.335,1.438,1.4746,1.4591,1.418,1.0414,1.0429,1.0441,1.0451,1.0459,1.0467,1.0477,1.0492,1.0516,1.0552,1.0607,1.0688,1.0807,1.0978,1.1221,1.1555,1.1981,1.2462,1.2917,1.3292,1.3667,1.4121,1.4211,1.3698,1.3199,1.2882,1.2346,1.0916,0.9321,0.9826,1.1222,1.2401,1.3199,1.3594,1.3651,1.3488]}]