docs/data/wind_grid.json
[{"header":{"la1":42.85,"la2":41.18,"lo1":11.55,"lo2":14.05,"nx":36,"ny":24,"dx":0.07143,"dy":0.07261,"parameterCategory":2,"parameterNumber":2,"parameterNumberName":"eastward_wind","parameterUnit":"m.s-1"},"data":[-0.093,-0.1053,-0.1187,-0.1328,-0.147,-0.1599,-0.17,-0.1755,-0.1754,-0.1704,-0.1629,-0.156,-0.1526,-0.1545,-0.1623,-0.175,-0.1906,-0.2058,-0.2173,-0.2223,-0.22,-0.2111,-0.1977,-0.1818,-0.1652,-0.1492,-0.1342,-0.1206,-0.1086,-0.0979,-0.0886,-0.0805,-0.0734,-0.0672,-0.0617,-0.0569,-0.0979,-0.1125,-0.1291,-0.1475,-0.167,-0.186,-0.2016,-0.2101,-0.2089,-0.1988,-0.1838,-0.1698,-0.1619,-0.1628,-0.1733,-0.1923,-0.2165,-0.2408,-0.2589,-0.2662,-0.2612,-0.2464,-0.2259,-0.2033,-0.1811,-0.1605,-0.1422,-0.1262,-0.1124,-0.1005,-0.0903,-0.0816,-0.0742,-0.0677,-0.0622,-0.0573,-0.1021,-0.1191,-0.1394,-0.1633,-0.1906,-0.2196,-0.2456,-0.2612,-0.2594,-0.24,-0.2113,-0.1848,-0.1692,-0.1682,-0.1828,-0.2113,-0.2496,-0.2893,-0.3188,-0.3287,-0.3175,-0.2916,-0.2594,-0.227,-0.1973,-0.1713,-0.1493,-0.1307,-0.1151,-0.1021,-0.0912,-0.0821,-0.0744,-0.0679,-0.0623,-0.0574,-0.1048,-0.1242,-0.1483,-0.1786,-0.2163,-0.2612,-0.3074,-0.3401,-0.34,-0.3028,-0.2479,-0.1997,-0.1719,-0.168,-0.1881,-0.2307,-0.2914,-0.3583,-0.4086,-0.421,-0.395,-0.348,-0.2972,-0.2511,-0.2123,-0.1804,-0.1545,-0.1335,-0.1164,-0.1025,-0.0912,-0.0819,-0.0741,-0.0676,-0.0621,-0.0573,-0.1054,-0.1265,-0.1538,-0.1901,-0.2398,-0.3072,-0.3901,-0.4635,-0.474,-0.3998,-0.2936,-0.2099,-0.1655,-0.1583,-0.1853,-0.2462,-0.3405,-0.4549,-0.5448,-0.5573,-0.4972,-0.4123,-0.3345,-0.2721,-0.2236,-0.1861,-0.1569,-0.134,-0.1159,-0.1016,-0.0901,-0.0808,-0.0732,-0.067,-0.0617,-0.0571,-0.1036,-0.1253,-0.1539,-0.1936,-0.2524,-0.3433,-0.4803,-0.6395,-0.6865,-0.5326,-0.3339,-0.2037,-0.1431,-0.1344,-0.1689,-0.2486,-0.3829,-0.569,-0.7306,-0.7353,-0.6087,-0.4693,-0.3618,-0.2844,-0.2284,-0.1869,-0.1556,-0.1317,-0.1133,-0.099,-0.0878,-0.079,-0.0719,-0.066,-0.0611,-0.0569,-0.0993,-0.1202,-0.1475,-0.1856,-0.2436,-0.3413,-0.5146,-0.7749,-0.8868,-0.6137,-0.3192,-0.1616,-0.098,-0.0926,-0.1339,-0.2254,-0.3846,-0.6276,-0.8636,-0.8559,-0.6648,-0.4883,-0.3661,-0.2829,-0.2242,-0.1815,-0.1498,-0.1262,-0.1084,-0.0949,-0.0845,-0.0765,-0.0702,-0.065,-0.0606,-0.0568,-0.093,-0.1122,-0.1361,-0.1674,-0.212,-0.2838,-0.4116,-0.6107,-0.6853,-0.4366,-0.1947,-0.0739,-0.0289,-0.0327,-0.0797,-0.1735,-0.3238,-0.5359,-0.7366,-0.743,-0.596,-0.4505,-0.3432,-0.2664,-0.2106,-0.1698,-0.1397,-0.1176,-0.1014,-0.0894,-0.0805,-0.0737,-0.0684,-0.0641,-0.0603,-0.057,-0.0856,-0.103,-0.1233,-0.1467,-0.1733,-0.2034,-0.2363,-0.2567,-0.2065,-0.0868,-0.0022,0.0396,0.056,0.043,-0.01,-0.1083,-0.2448,-0.396,-0.5126,-0.5352,-0.4734,-0.3857,-0.3049,-0.2395,-0.1895,-0.1524,-0.1255,-0.1063,-0.0927,-0.083,-0.0761,-0.0709,-0.067,-0.0636,-0.0606,-0.0578,-0.0779,-0.0944,-0.1131,-0.1328,-0.1505,-0.1572,-0.1319,-0.0338,0.1548,0.2505,0.1818,0.1447,0.1457,0.1348,0.0748,-0.0475,-0.2121,-0.3672,-0.4558,-0.4622,-0.4118,-0.3388,-0.2673,-0.208,-0.1629,-0.1305,-0.1081,-0.0929,-0.0829,-0.0764,-0.072,-0.0688,-0.0664,-0.0642,-0.0619,-0.0595,-0.07,-0.0869,-0.1069,-0.13,-0.1546,-0.1742,-0.1628,-0.0293,0.4101,0.6117,0.2997,0.2149,0.2354,0.2536,0.187,0.0054,-0.2631,-0.5257,-0.6274,-0.5561,-0.4312,-0.319,-0.2333,-0.1724,-0.1313,-0.1046,-0.0882,-0.0786,-0.0732,-0.0705,-0.0691,-0.0682,-0.0674,-0.0662,-0.0646,-0.0625,-0.0614,-0.0792,-0.1022,-0.1329,-0.1756,-0.2369,-0.3185,-0.3445,0.0429,0.3652,0.2461,0.2459,0.3167,0.4134,0.3324,0.0481,-0.4269,-1.0168,-1.128,-0.7856,-0.4841,-0.2981,-0.1895,-0.1274,-0.093,-0.0751,-0.0671,-0.0646,-0.0651,-0.0667,-0.0686,-0.0701,-0.0708,-0.0705,-0.0693,-0.0671,-0.051,-0.0691,-0.094,-0.1302,-0.1868,-0.281,-0.438,-0.5957,-0.4515,-0.0208,0.1733,0.2647,0.3323,0.4609,0.3888,0.0337,-0.6112,-1.8223,-1.8414,-0.956,-0.4629,-0.226,-0.1147,-0.0655,-0.0469,-0.0433,-0.0469,-0.0534,-0.0605,-0.0669,-0.072,-0.0756,-0.0775,-0.0778,-0.0765,-0.0738,-0.0379,-0.0547,-0.0782,-0.113,-0.167,-0.2536,-0.3861,-0.5373,-0.407,-0.0318,0.1887,0.2853,0.3116,0.3824,0.2607,-0.0805,-0.5502,-1.2438,-1.3236,-0.6857,-0.2558,-0.0592,0.0056,0.015,0.0042,-0.0132,-0.0318,-0.0485,-0.0623,-0.0729,-0.0807,-0.0859,-0.0886,-0.0887,-0.0867,-0.0829,-0.0221,-0.0358,-0.0544,-0.0808,-0.1183,-0.1694,-0.2261,-0.2402,-0.1121,0.1133,0.2608,0.2979,0.3285,0.3963,0.1975,-0.3322,-0.7874,-0.5794,-0.4737,-0.1738,0.122,0.2078,0.163,0.1029,0.0509,0.0073,-0.0279,-0.0544,-0.0736,-0.087,-0.0963,-0.1022,-0.1048,-0.1041,-0.1004,-0.0946,-0.0043,-0.0135,-0.0254,-0.0405,-0.0581,-0.0742,-0.0752,-0.0322,0.0832,0.2555,0.4296,0.3219,0.309,0.3016,0.1695,-0.2301,-0.5678,-0.2781,-0.0427,0.2236,0.5512,0.5036,0.3064,0.1715,0.0772,0.0067,-0.0436,-0.0767,-0.0975,-0.1106,-0.1193,-0.1248,-0.1267,-0.1242,-0.1177,-0.1086,0.0146,0.0099,0.0049,0.0001,-0.002,0.0037,0.0267,0.08,0.171,0.2932,0.4127,0.3536,0.3104,0.3033,0.2586,0.1338,0.0361,0.133,0.2663,0.3856,0.6155,0.5555,0.3518,0.1933,0.0674,-0.0278,-0.0874,-0.1196,-0.1359,-0.1437,-0.1485,-0.1525,-0.1535,-0.1484,-0.1377,-0.124,0.0332,0.0327,0.0333,0.0361,0.0436,0.0594,0.0887,0.1358,0.1998,0.2697,0.3184,0.3241,0.3209,0.3391,0.4668,0.5113,0.3902,0.4084,0.4775,0.4634,0.4808,0.4425,0.3253,0.1745,0.0179,-0.1016,-0.158,-0.1813,-0.1889,-0.1848,-0.1798,-0.1809,-0.1818,-0.1738,-0.1578,-0.1389,0.0506,0.0534,0.0581,0.0658,0.0781,0.0975,0.126,0.1645,0.2103,0.2563,0.2937,0.323,0.3648,0.4897,0.8957,1.0545,0.6311,0.5125,0.5478,0.6426,0.5573,0.4493,0.3255,0.1537,-0.0486,-0.1828,-0.2123,-0.2515,-0.2602,-0.2334,-0.2071,-0.201,-0.2032,-0.1938,-0.1734,-0.1499,0.0663,0.0715,0.0789,0.0892,0.1037,0.1235,0.1494,0.1812,0.2171,0.254,0.2907,0.333,0.4022,0.5559,0.8591,0.9498,0.6793,0.6131,0.8336,0.9477,0.6824,0.5263,0.3901,0.1783,-0.0873,-0.2285,-0.2484,-0.3882,-0.3736,-0.2938,-0.2297,-0.2078,-0.2089,-0.2002,-0.1789,-0.1541,0.08,0.0869,0.0958,0.1074,0.1225,0.1415,0.1648,0.1921,0.2225,0.2552,0.2913,0.3362,0.4019,0.5045,0.6259,0.6621,0.6074,0.6184,0.7438,0.794,0.7017,0.6671,0.5851,0.3099,-0.0915,-0.4799,-0.8522,-0.7816,-0.5396,-0.3622,-0.2558,-0.2125,-0.2031,-0.193,-0.1736,-0.1504,0.0918,0.0996,0.1094,0.1214,0.1363,0.1542,0.1753,0.1993,0.2261,0.2557,0.2893,0.3297,0.3811,0.4434,0.502,0.5318,0.5405,0.5698,0.629,0.6824,0.7736,0.9915,1.0286,0.6019,-0.0075,-0.6547,-1.1692,-0.9833,-0.6256,-0.4002,-0.2761,-0.2181,-0.1948,-0.1793,-0.161,-0.1406,0.1016,0.11,0.1201,0.1321,0.1464,0.1631,0.1823,0.2038,0.2278,0.2543,0.284,0.3181,0.357,0.3987,0.4367,0.4654,0.4899,0.5238,0.5764,0.665,0.8666,1.2437,1.3513,0.8354,0.1708,-0.4108,-0.7616,-0.7326,-0.5374,-0.3727,-0.269,-0.2121,-0.1821,-0.1626,-0.1448,-0.127,0.1098,0.1184,0.1285,0.1402,0.1538,0.1692,0.1867,0.2061,0.2275,0.2509,0.2767,0.305,0.3355,0.3666,0.3962,0.4231,0.4508,0.4862,0.5398,0.633,0.8057,1.0381,1.0728,0.7408,0.2752,-0.1291,-0.3766,-0.4351,-0.3786,-0.2977,-0.2326,-0.1893,-0.1619,-0.1426,-0.1264,-0.1112]},{"header":{"la1":42.85,"la2":41.18,"lo1":11.55,"lo2":14.05,"nx":36,"ny":24,"dx":0.07143,"dy":0.07261,"parameterCategory":2,"parameterNumber":3,"parameterNumberName":"northward_wind","parameterUnit":"m.s-1"},"data":[-0.4086,-0.3902,-0.3688,-0.3448,-0.3193,-0.2945,-0.2732,-0.2585,-0.2523,-0.254,-0.2604,-0.2674,-0.271,-0.269,-0.2609,-0.2474,-0.2309,-0.2147,-0.2021,-0.196,-0.1973,-0.205,-0.2174,-0.2323,-0.2481,-0.2639,-0.279,-0.2934,-0.307,-0.3198,-0.3319,-0.3433,-0.354,-0.3641,-0.3735,-0.3823,-0.4126,-0.3912,-0.3649,-0.3339,-0.2993,-0.2638,-0.2325,-0.2116,-0.2055,-0.2139,-0.2307,-0.2476,-0.258,-0.2585,-0.2484,-0.2292,-0.2044,-0.1793,-0.1603,-0.1521,-0.156,-0.1696,-0.1889,-0.2103,-0.2315,-0.2515,-0.2699,-0.2868,-0.3024,-0.3168,-0.3303,-0.3429,-0.3547,-0.3657,-0.376,-0.3854,-0.4197,-0.3951,-0.3634,-0.3234,-0.2754,-0.2225,-0.1727,-0.1386,-0.1319,-0.1532,-0.1898,-0.2246,-0.2464,-0.2507,-0.2377,-0.2095,-0.171,-0.1306,-0.1002,-0.0895,-0.0998,-0.1246,-0.1554,-0.1863,-0.2145,-0.2395,-0.2615,-0.2811,-0.2987,-0.3148,-0.3297,-0.3435,-0.3565,-0.3684,-0.3795,-0.3897,-0.4311,-0.4041,-0.3669,-0.3165,-0.2505,-0.1698,-0.0847,-0.0208,-0.0097,-0.0578,-0.1336,-0.2001,-0.2393,-0.2488,-0.2313,-0.1897,-0.1289,-0.0613,-0.01,0.0031,-0.0226,-0.0689,-0.1182,-0.1621,-0.1988,-0.2292,-0.2547,-0.2767,-0.2962,-0.3139,-0.3302,-0.3454,-0.3594,-0.3725,-0.3844,-0.3953,-0.448,-0.4203,-0.3795,-0.3195,-0.2326,-0.1116,0.038,0.1715,0.2004,0.0931,-0.0621,-0.1807,-0.2427,-0.2571,-0.2332,-0.174,-0.0801,0.036,0.1283,0.1412,0.0797,-0.0057,-0.0819,-0.1414,-0.1866,-0.2217,-0.2501,-0.2742,-0.2953,-0.3145,-0.3322,-0.3486,-0.3639,-0.3781,-0.391,-0.4026,-0.4716,-0.4462,-0.4059,-0.3416,-0.2384,-0.0734,0.1741,0.4564,0.5438,0.3029,0.0018,-0.184,-0.2653,-0.2801,-0.2485,-0.1718,-0.0388,0.1513,0.32,0.3247,0.1919,0.0491,-0.0568,-0.1296,-0.1806,-0.2185,-0.2485,-0.2737,-0.2961,-0.3166,-0.3357,-0.3536,-0.3703,-0.3856,-0.3995,-0.4119,-0.5019,-0.4826,-0.4493,-0.3916,-0.2902,-0.1086,0.2132,0.6805,0.8754,0.4306,-0.0206,-0.2385,-0.3147,-0.3197,-0.2803,-0.1952,-0.0414,0.2078,0.4599,0.4515,0.2457,0.0626,-0.0563,-0.1318,-0.1826,-0.2199,-0.2497,-0.2754,-0.2986,-0.3204,-0.341,-0.3605,-0.3788,-0.3956,-0.4106,-0.4238,-0.5377,-0.5285,-0.5092,-0.4712,-0.3987,-0.2608,-0.0051,0.3796,0.5287,0.1352,-0.2152,-0.3561,-0.3875,-0.3709,-0.3252,-0.2464,-0.1137,0.0968,0.3141,0.3209,0.1597,0.012,-0.0854,-0.1482,-0.1919,-0.2252,-0.2532,-0.2786,-0.3025,-0.3257,-0.3483,-0.3698,-0.3901,-0.4085,-0.4249,-0.4389,-0.5764,-0.5799,-0.5794,-0.5707,-0.5461,-0.4934,-0.402,-0.3015,-0.315,-0.4471,-0.5135,-0.5012,-0.4638,-0.4217,-0.3725,-0.3073,-0.2163,-0.0956,0.0191,0.048,-0.0062,-0.0756,-0.1309,-0.1721,-0.2044,-0.2319,-0.2575,-0.2824,-0.3074,-0.3326,-0.3577,-0.3821,-0.4049,-0.4255,-0.4433,-0.4581,-0.6144,-0.6311,-0.6505,-0.6727,-0.6973,-0.7237,-0.7549,-0.8156,-0.9422,-0.9753,-0.7917,-0.6171,-0.5168,-0.4599,-0.4118,-0.3562,-0.2943,-0.2313,-0.1751,-0.1418,-0.1381,-0.1521,-0.172,-0.1931,-0.2146,-0.2369,-0.2605,-0.2857,-0.3127,-0.3411,-0.3699,-0.3981,-0.4244,-0.4477,-0.4671,-0.4825,-0.6479,-0.6762,-0.7128,-0.7613,-0.8257,-0.9086,-1.0036,-1.1013,-1.3095,-1.4208,-0.9649,-0.6572,-0.5311,-0.4892,-0.4456,-0.3845,-0.3335,-0.3035,-0.2758,-0.2396,-0.2099,-0.1955,-0.1945,-0.2029,-0.2177,-0.237,-0.2603,-0.2874,-0.3179,-0.3512,-0.3856,-0.4194,-0.4505,-0.4772,-0.4984,-0.514,-0.6738,-0.7102,-0.7587,-0.8249,-0.9166,-1.0408,-1.1893,-1.2905,-1.2878,-1.2544,-0.8877,-0.6071,-0.5149,-0.5597,-0.4872,-0.3865,-0.3387,-0.3601,-0.355,-0.2913,-0.2353,-0.2036,-0.1929,-0.1969,-0.2102,-0.23,-0.2553,-0.2861,-0.3225,-0.3633,-0.4063,-0.4484,-0.4862,-0.5171,-0.5399,-0.5547,-0.6902,-0.7303,-0.7837,-0.8567,-0.9587,-1.1022,-1.291,-1.4112,-1.3702,-1.0393,-0.7278,-0.5183,-0.4406,-0.5458,-0.4574,-0.3268,-0.2939,-0.4479,-0.4499,-0.3046,-0.216,-0.1733,-0.1631,-0.1724,-0.1907,-0.2143,-0.2436,-0.2804,-0.3257,-0.3783,-0.4344,-0.4888,-0.5361,-0.5722,-0.5958,-0.6077,-0.6968,-0.7362,-0.7876,-0.8557,-0.948,-1.0734,-1.236,-1.4079,-1.2904,-0.9127,-0.6288,-0.4754,-0.3963,0.098,-0.214,-0.1471,-0.069,-0.2815,-0.3385,-0.2274,-0.1306,-0.0887,-0.0991,-0.1292,-0.1596,-0.1888,-0.2227,-0.2676,-0.3263,-0.3971,-0.4738,-0.5474,-0.6082,-0.65,-0.6718,-0.6769,-0.6946,-0.7299,-0.7739,-0.8291,-0.8977,-0.9794,-1.0621,-1.0945,-0.9771,-0.7583,-0.5946,-0.4656,-0.2329,0.0808,-0.1162,0.1535,0.5567,0.0612,-0.1369,-0.0781,0.0645,0.0858,0.0025,-0.0737,-0.1201,-0.1512,-0.187,-0.2418,-0.321,-0.4209,-0.5311,-0.635,-0.7152,-0.7617,-0.7757,-0.7664,-0.6856,-0.7149,-0.7494,-0.789,-0.8321,-0.8731,-0.8964,-0.8738,-0.7854,-0.6779,-0.6555,-0.522,-0.4436,-0.2834,-0.2313,0.0611,0.3568,0.0332,-0.1044,0.0597,0.4238,0.3551,0.1051,-0.0278,-0.0762,-0.093,-0.1225,-0.1912,-0.3037,-0.4513,-0.6167,-0.7702,-0.8778,-0.9232,-0.9161,-0.8787,-0.6724,-0.6953,-0.7203,-0.7462,-0.77,-0.7859,-0.7843,-0.7551,-0.7007,-0.6518,-0.6504,-0.5965,-0.7108,-0.7765,-0.4748,-0.2879,-0.1794,-0.2275,-0.2448,-0.0114,0.4601,0.3714,0.0968,-0.0183,-0.0222,0.0121,0.0021,-0.0948,-0.2656,-0.4895,-0.7451,-0.9804,-1.1245,-1.1512,-1.0968,-1.011,-0.657,-0.6741,-0.6913,-0.7071,-0.7189,-0.7227,-0.7142,-0.6913,-0.6593,-0.632,-0.6197,-0.6365,-0.7867,-0.8239,-0.6514,-0.5761,-0.4429,-0.4153,-0.4644,-0.2815,-0.0299,0.0316,-0.0328,-0.0384,0.0642,0.2174,0.2413,0.0665,-0.2047,-0.5351,-0.9242,-1.2882,-1.4729,-1.4425,-1.3022,-1.1467,-0.6411,-0.6534,-0.6648,-0.674,-0.6791,-0.678,-0.6691,-0.6529,-0.6333,-0.6171,-0.6116,-0.6281,-0.6727,-0.7092,-0.8472,-0.9152,-0.6051,-0.4684,-0.461,-0.411,-0.301,-0.2139,-0.1682,-0.0727,0.1655,0.5341,0.6059,0.2398,-0.1543,-0.5784,-1.1116,-1.6333,-1.8465,-1.72,-1.4754,-1.251,-0.6257,-0.6344,-0.6418,-0.6469,-0.6485,-0.6457,-0.638,-0.6266,-0.6138,-0.6038,-0.6009,-0.6096,-0.6331,-0.6854,-0.8158,-0.8478,-0.6307,-0.4969,-0.4841,-0.4955,-0.4182,-0.3592,-0.2985,-0.1609,0.1217,0.5628,0.6525,0.1738,-0.1852,-0.5952,-1.1724,-1.7621,-1.983,-1.8131,-1.5301,-1.2838,-0.6115,-0.6175,-0.6221,-0.6247,-0.6245,-0.6213,-0.6151,-0.6067,-0.5978,-0.5909,-0.5884,-0.5928,-0.607,-0.6362,-0.6742,-0.6625,-0.5786,-0.506,-0.4843,-0.4826,-0.4821,-0.5098,-0.4882,-0.34,-0.118,0.0078,-0.1584,-0.1938,-0.2851,-0.5745,-1.0401,-1.5213,-1.7345,-1.6428,-1.4332,-1.2314,-0.5985,-0.6026,-0.6054,-0.6064,-0.6054,-0.6023,-0.5971,-0.5906,-0.5839,-0.5784,-0.5756,-0.5766,-0.5822,-0.5915,-0.5963,-0.5805,-0.5433,-0.509,-0.497,-0.5148,-0.5948,-0.7577,-0.7958,-0.5779,-0.3384,-0.2761,-0.3814,-0.3412,-0.357,-0.5431,-0.8522,-1.1713,-1.3515,-1.3517,-1.2489,-1.1214,-0.5869,-0.5896,-0.5911,-0.5913,-0.5898,-0.5868,-0.5824,-0.5771,-0.5717,-0.5668,-0.5633,-0.5616,-0.5616,-0.5614,-0.5572,-0.5448,-0.5266,-0.5131,-0.518,-0.5619,-0.6913,-0.9247,-0.9891,-0.7296,-0.4701,-0.3546,-0.3467,-0.3525,-0.3971,-0.5241,-0.7165,-0.9155,-1.0506,-1.0915,-1.0604,-0.9955,-0.5765,-0.5782,-0.5789,-0.5785,-0.5768,-0.574,-0.5701,-0.5656,-0.5608,-0.5562,-0.5522,-0.5488,-0.5458,-0.5421,-0.5362,-0.5276,-0.5188,-0.5164,-0.5304,-0.5774,-0.6792,-0.8169,-0.8446,-0.6949,-0.52,-0.4156,-0.3804,-0.3867,-0.4297,-0.5163,-0.6365,-0.7614,-0.8572,-0.9048,-0.9077,-0.8817]}]