docs/data/wind_grid.json
{"header": {"la1":42.1,"la2":41.55,"lo1":12.1,"lo2":12.95,"nx":50,"ny":50,"dx":0.01735,"dy":0.01122,"parameterCategory":2,"parameterNumber":2,"parameterNumberName":"eastward_wind","parameterUnit":"m.s-1"}, "data":
[rows 0 to 39 of 50, columns 0 to 49 of 50]
-0.5583,-0.5576,-0.5573,-0.5572,-0.5574,-0.5581,-0.5591,-0.5605,-0.5624,-0.5647,-0.5676,-0.571,-0.5751,-0.58,-0.5858,-0.5927,-0.601,-0.611,-0.6231,-0.6377,-0.6553,-0.6765,-0.7018,-0.7317,-0.7667,-0.8071,-0.8532,-0.9052,-0.963,-1.0264,-1.095,-1.1682,-1.2448,-1.3235,-1.4023,-1.479,-1.551,-1.6156,-1.6706,-1.714,-1.745,-1.7636,-1.7707,-1.7677,-1.7564,-1.7386,-1.7161,-1.6905,-1.6629,-1.6344
-0.5524,-0.5515,-0.5509,-0.5505,-0.5505,-0.5509,-0.5517,-0.5528,-0.5543,-0.5564,-0.5588,-0.5619,-0.5655,-0.5698,-0.5751,-0.5813,-0.5889,-0.5982,-0.6096,-0.6235,-0.6406,-0.6614,-0.6866,-0.7168,-0.7524,-0.7939,-0.8416,-0.8957,-0.9563,-1.0231,-1.0958,-1.1736,-1.2556,-1.3402,-1.4254,-1.5086,-1.5867,-1.6568,-1.7158,-1.7618,-1.7937,-1.8115,-1.8164,-1.8103,-1.7952,-1.7735,-1.7471,-1.7177,-1.6867,-1.6551
-0.5464,-0.5453,-0.5444,-0.5438,-0.5436,-0.5437,-0.5442,-0.545,-0.5463,-0.548,-0.5501,-0.5527,-0.5558,-0.5596,-0.5642,-0.5698,-0.5766,-0.585,-0.5955,-0.6087,-0.6251,-0.6454,-0.6704,-0.7007,-0.7368,-0.7794,-0.8287,-0.885,-0.9484,-1.0187,-1.0955,-1.1782,-1.2658,-1.3568,-1.4488,-1.539,-1.624,-1.7,-1.7636,-1.8124,-1.845,-1.8617,-1.864,-1.8542,-1.8349,-1.8087,-1.778,-1.7445,-1.7099,-1.6751
-0.5404,-0.539,-0.5379,-0.5371,-0.5366,-0.5365,-0.5367,-0.5372,-0.5382,-0.5395,-0.5413,-0.5435,-0.5461,-0.5493,-0.5533,-0.558,-0.564,-0.5715,-0.5811,-0.5933,-0.6088,-0.6285,-0.6531,-0.6834,-0.7201,-0.7637,-0.8146,-0.8731,-0.9393,-1.013,-1.0941,-1.1818,-1.2752,-1.3728,-1.4721,-1.57,-1.6624,-1.745,-1.8137,-1.8654,-1.8987,-1.914,-1.9132,-1.8991,-1.875,-1.8439,-1.8084,-1.7707,-1.7323,-1.6941
-0.5344,-0.5328,-0.5314,-0.5303,-0.5296,-0.5292,-0.5291,-0.5294,-0.5301,-0.5311,-0.5325,-0.5342,-0.5364,-0.539,-0.5422,-0.5462,-0.5512,-0.5577,-0.5661,-0.5772,-0.5918,-0.6107,-0.6348,-0.665,-0.7021,-0.7466,-0.7991,-0.8598,-0.9289,-1.0061,-1.0914,-1.1841,-1.2834,-1.3878,-1.4948,-1.6009,-1.7016,-1.7915,-1.8658,-1.9207,-1.9545,-1.9679,-1.9633,-1.9444,-1.9149,-1.8785,-1.838,-1.7958,-1.7535,-1.712
-0.5284,-0.5265,-0.5248,-0.5235,-0.5225,-0.5218,-0.5215,-0.5215,-0.5219,-0.5226,-0.5237,-0.525,-0.5267,-0.5287,-0.5312,-0.5343,-0.5383,-0.5436,-0.5508,-0.5606,-0.574,-0.5919,-0.6154,-0.6454,-0.6828,-0.7283,-0.7824,-0.8453,-0.9171,-0.9979,-1.0873,-1.1849,-1.2901,-1.4014,-1.5164,-1.6312,-1.7407,-1.8387,-1.9191,-1.9774,-2.0116,-2.0227,-2.0138,-1.9893,-1.954,-1.9119,-1.8662,-1.8194,-1.7731,-1.7284
-0.5223,-0.5201,-0.5182,-0.5167,-0.5154,-0.5145,-0.5139,-0.5137,-0.5138,-0.5142,-0.5149,-0.5159,-0.5171,-0.5185,-0.5202,-0.5224,-0.5253,-0.5293,-0.5351,-0.5435,-0.5555,-0.5722,-0.5948,-0.6246,-0.6623,-0.7087,-0.7644,-0.8295,-0.9041,-0.9882,-1.0816,-1.184,-1.2949,-1.4129,-1.5359,-1.6598,-1.7788,-1.8855,-1.9726,-2.0346,-2.0691,-2.0774,-2.0635,-2.0331,-1.9914,-1.9433,-1.8923,-1.841,-1.7908,-1.7429
-0.5162,-0.5138,-0.5116,-0.5098,-0.5082,-0.5071,-0.5062,-0.5058,-0.5056,-0.5058,-0.5062,-0.5068,-0.5075,-0.5084,-0.5094,-0.5106,-0.5123,-0.515,-0.5192,-0.5259,-0.5363,-0.5516,-0.5733,-0.6026,-0.6405,-0.6879,-0.7452,-0.8125,-0.8899,-0.9773,-1.0744,-1.1812,-1.2973,-1.4218,-1.5526,-1.6856,-1.8145,-1.9306,-2.025,-2.0909,-2.1255,-2.1306,-2.1113,-2.0744,-2.0262,-1.972,-1.9157,-1.8599,-1.8061,-1.7553
-0.5101,-0.5074,-0.505,-0.5028,-0.501,-0.4996,-0.4986,-0.4978,-0.4975,-0.4974,-0.4975,-0.4978,-0.4981,-0.4984,-0.4987,-0.499,-0.4995,-0.5006,-0.5031,-0.5079,-0.5164,-0.5301,-0.5507,-0.5794,-0.6176,-0.666,-0.725,-0.7946,-0.8747,-0.9652,-1.0657,-1.1764,-1.297,-1.4271,-1.5652,-1.7072,-1.8461,-1.972,-2.0742,-2.1443,-2.179,-2.1806,-2.1555,-2.1119,-2.0571,-1.997,-1.9356,-1.8757,-1.8186,-1.7651
-0.504,-0.501,-0.4983,-0.4959,-0.4938,-0.4921,-0.4908,-0.4899,-0.4893,-0.489,-0.4889,-0.4889,-0.4889,-0.4887,-0.4883,-0.4876,-0.4868,-0.4864,-0.4869,-0.4896,-0.496,-0.5078,-0.527,-0.5552,-0.5937,-0.6432,-0.7039,-0.7759,-0.8587,-0.9521,-1.0557,-1.1694,-1.2936,-1.4284,-1.5727,-1.7229,-1.8716,-2.0075,-2.1179,-2.1924,-2.2271,-2.225,-2.1942,-2.1439,-2.0828,-2.0172,-1.9513,-1.8877,-1.8278,-1.7722
-0.4979,-0.4946,-0.4916,-0.4889,-0.4865,-0.4846,-0.4831,-0.482,-0.4812,-0.4807,-0.4805,-0.4802,-0.4799,-0.4793,-0.4782,-0.4766,-0.4745,-0.4724,-0.4708,-0.4712,-0.4751,-0.4848,-0.5025,-0.5301,-0.5689,-0.6196,-0.6823,-0.7567,-0.8423,-0.9384,-1.0444,-1.1605,-1.2871,-1.425,-1.5739,-1.7309,-1.8885,-2.0342,-2.1528,-2.232,-2.2669,-2.2614,-2.225,-2.1687,-2.102,-2.0316,-1.9619,-1.8955,-1.8334,-1.7761
-0.4917,-0.4881,-0.4848,-0.4818,-0.4792,-0.477,-0.4753,-0.474,-0.473,-0.4724,-0.472,-0.4717,-0.4711,-0.4701,-0.4685,-0.466,-0.4627,-0.4588,-0.455,-0.4527,-0.4539,-0.4611,-0.4772,-0.5042,-0.5435,-0.5956,-0.6605,-0.7376,-0.8259,-0.9245,-1.0325,-1.1499,-1.2774,-1.4164,-1.5678,-1.7296,-1.8945,-2.049,-2.1755,-2.2594,-2.2949,-2.2866,-2.2456,-2.1844,-2.1133,-2.0393,-1.9669,-1.8985,-1.835,-1.7767
-0.4856,-0.4817,-0.478,-0.4747,-0.4718,-0.4694,-0.4674,-0.4659,-0.4648,-0.4642,-0.4637,-0.4633,-0.4626,-0.4614,-0.4593,-0.4561,-0.4516,-0.4459,-0.4397,-0.4344,-0.4325,-0.437,-0.4513,-0.4778,-0.5179,-0.5717,-0.639,-0.7188,-0.81,-0.9109,-1.0204,-1.138,-1.2648,-1.4027,-1.5538,-1.7175,-1.8872,-2.0487,-2.1823,-2.2709,-2.3076,-2.2977,-2.2538,-2.1893,-2.1155,-2.0395,-1.9657,-1.8964,-1.8323,-1.7738
-0.4795,-0.4752,-0.4712,-0.4676,-0.4644,-0.4616,-0.4594,-0.4578,-0.4566,-0.4559,-0.4554,-0.455,-0.4544,-0.4531,-0.4507,-0.4469,-0.4413,-0.4339,-0.4252,-0.4167,-0.4111,-0.4125,-0.4249,-0.4512,-0.4925,-0.5484,-0.6184,-0.7012,-0.7952,-0.8983,-1.0088,-1.1257,-1.25,-1.3843,-1.532,-1.694,-1.8651,-2.0309,-2.17,-2.263,-2.3019,-2.2922,-2.2474,-2.1822,-2.1077,-2.0315,-1.9579,-1.8889,-1.8254,-1.7673
-0.4733,-0.4687,-0.4643,-0.4604,-0.4568,-0.4538,-0.4514,-0.4495,-0.4483,-0.4475,-0.4472,-0.4469,-0.4464,-0.4451,-0.4427,-0.4384,-0.432,-0.423,-0.4118,-0.3999,-0.3903,-0.3881,-0.3987,-0.4252,-0.468,-0.5264,-0.5992,-0.6851,-0.7821,-0.8874,-0.9985,-1.1137,-1.2338,-1.362,-1.5029,-1.6592,-1.8275,-1.994,-2.1363,-2.2333,-2.2754,-2.2682,-2.2255,-2.1621,-2.0896,-2.0153,-1.9435,-1.8761,-1.8141,-1.7573
-0.4672,-0.4622,-0.4575,-0.4531,-0.4492,-0.4458,-0.4431,-0.4411,-0.4398,-0.4391,-0.4389,-0.4388,-0.4386,-0.4376,-0.4353,-0.4309,-0.4239,-0.4136,-0.4001,-0.3845,-0.3704,-0.3642,-0.3731,-0.4004,-0.4455,-0.5066,-0.5823,-0.6714,-0.7714,-0.879,-0.9904,-1.1032,-1.2177,-1.3374,-1.4681,-1.6145,-1.7754,-1.9384,-2.0811,-2.1811,-2.2277,-2.2254,-2.1878,-2.1293,-2.0612,-1.991,-1.9226,-1.8582,-1.7986,-1.7439
-0.4611,-0.4557,-0.4505,-0.4457,-0.4415,-0.4378,-0.4348,-0.4326,-0.4312,-0.4305,-0.4305,-0.4308,-0.4309,-0.4304,-0.4285,-0.4243,-0.4171,-0.4059,-0.3905,-0.3715,-0.3525,-0.3417,-0.3492,-0.3783,-0.4263,-0.49,-0.5685,-0.6606,-0.7637,-0.8736,-0.9853,-1.0953,-1.2031,-1.3123,-1.4299,-1.5626,-1.7116,-1.8667,-2.0065,-2.1084,-2.1602,-2.1652,-2.1355,-2.0846,-2.0235,-1.9591,-1.8957,-1.8354,-1.7792,-1.7274
-0.4551,-0.4492,-0.4436,-0.4383,-0.4336,-0.4295,-0.4262,-0.4238,-0.4223,-0.4217,-0.4219,-0.4227,-0.4234,-0.4236,-0.4223,-0.4187,-0.4117,-0.4003,-0.3838,-0.3619,-0.3379,-0.3221,-0.3287,-0.3609,-0.4118,-0.4777,-0.5583,-0.6531,-0.7595,-0.872,-0.9843,-1.0912,-1.1916,-1.2889,-1.3912,-1.5071,-1.6403,-1.7835,-1.9173,-2.0194,-2.0769,-2.0907,-2.071,-2.03,-1.9776,-1.9208,-1.8636,-1.8084,-1.7564,-1.7079
-0.4491,-0.4427,-0.4366,-0.4309,-0.4257,-0.4211,-0.4174,-0.4147,-0.4131,-0.4126,-0.4131,-0.4144,-0.4159,-0.4169,-0.4166,-0.4139,-0.4077,-0.3969,-0.3803,-0.3571,-0.329,-0.3081,-0.3149,-0.3507,-0.4037,-0.4704,-0.5522,-0.6494,-0.759,-0.8745,-0.9878,-1.092,-1.1847,-1.2694,-1.355,-1.4521,-1.567,-1.6952,-1.82,-1.9205,-1.9831,-2.0063,-1.9978,-1.9679,-1.9255,-1.8773,-1.8272,-1.7779,-1.7306,-1.6859
-0.4431,-0.4363,-0.4297,-0.4234,-0.4176,-0.4125,-0.4083,-0.4053,-0.4035,-0.4031,-0.404,-0.4058,-0.4082,-0.4103,-0.4112,-0.4098,-0.405,-0.3955,-0.3804,-0.3583,-0.3293,-0.3049,-0.3125,-0.3507,-0.4031,-0.4684,-0.5503,-0.6494,-0.7623,-0.8812,-0.9962,-1.0983,-1.1838,-1.2559,-1.3245,-1.402,-1.4971,-1.6084,-1.7221,-1.819,-1.8852,-1.9171,-1.9197,-1.9012,-1.8693,-1.8301,-1.7876,-1.7446,-1.7024,-1.6619
-0.4373,-0.4299,-0.4227,-0.4158,-0.4094,-0.4037,-0.399,-0.3955,-0.3935,-0.3931,-0.3943,-0.3969,-0.4003,-0.4036,-0.406,-0.4062,-0.4032,-0.3959,-0.3835,-0.3656,-0.3415,-0.3196,-0.3273,-0.362,-0.4091,-0.4711,-0.5521,-0.6529,-0.7692,-0.8921,-1.0095,-1.1104,-1.1894,-1.2496,-1.3017,-1.3601,-1.4355,-1.5292,-1.6301,-1.7214,-1.7892,-1.8281,-1.8406,-1.8327,-1.811,-1.7808,-1.746,-1.7093,-1.6724,-1.6363
-0.4316,-0.4237,-0.4159,-0.4083,-0.4012,-0.3948,-0.3893,-0.3853,-0.3829,-0.3825,-0.3841,-0.3875,-0.392,-0.3968,-0.4008,-0.4029,-0.402,-0.3973,-0.3886,-0.3767,-0.3634,-0.3528,-0.3577,-0.3806,-0.4192,-0.477,-0.557,-0.6593,-0.7791,-0.9063,-1.0269,-1.1276,-1.2012,-1.2508,-1.288,-1.3286,-1.3855,-1.4618,-1.5492,-1.633,-1.6998,-1.7434,-1.7638,-1.7652,-1.7526,-1.7308,-1.7033,-1.6729,-1.6412,-1.6095
-0.426,-0.4175,-0.4091,-0.4008,-0.3929,-0.3856,-0.3794,-0.3746,-0.3717,-0.3711,-0.3731,-0.3774,-0.3833,-0.3897,-0.3955,-0.3995,-0.401,-0.3991,-0.394,-0.388,-0.3848,-0.3859,-0.3869,-0.3981,-0.4297,-0.4845,-0.5641,-0.668,-0.7912,-0.9227,-1.0469,-1.1482,-1.2179,-1.2586,-1.2829,-1.308,-1.3482,-1.4081,-1.4817,-1.5565,-1.6203,-1.6658,-1.6918,-1.7005,-1.6957,-1.6814,-1.6606,-1.6361,-1.6094,-1.582
-0.4207,-0.4116,-0.4024,-0.3933,-0.3846,-0.3764,-0.3691,-0.3634,-0.3598,-0.3589,-0.3612,-0.3665,-0.374,-0.3823,-0.39,-0.3961,-0.3998,-0.4006,-0.3987,-0.3963,-0.3971,-0.4005,-0.4005,-0.409,-0.4386,-0.4927,-0.5727,-0.6782,-0.8043,-0.9397,-1.0673,-1.1697,-1.2367,-1.2705,-1.2845,-1.2969,-1.3227,-1.3679,-1.4282,-1.4931,-1.5518,-1.597,-1.6261,-1.6401,-1.6416,-1.6335,-1.6187,-1.5995,-1.5776,-1.5542
-0.4155,-0.4058,-0.396,-0.386,-0.3763,-0.367,-0.3586,-0.3517,-0.3471,-0.3457,-0.3482,-0.3547,-0.3642,-0.3748,-0.3845,-0.3924,-0.3982,-0.4015,-0.4022,-0.4016,-0.4019,-0.4026,-0.4037,-0.4152,-0.4466,-0.5017,-0.5825,-0.6893,-0.8173,-0.9552,-1.0852,-1.1887,-1.2541,-1.2833,-1.2899,-1.2926,-1.3068,-1.3392,-1.387,-1.4418,-1.4942,-1.5371,-1.5674,-1.5848,-1.5909,-1.5879,-1.5782,-1.5637,-1.546,-1.5264
-0.4107,-0.4004,-0.3898,-0.379,-0.3682,-0.3577,-0.3479,-0.3396,-0.3337,-0.3314,-0.3339,-0.3418,-0.3538,-0.3673,-0.3794,-0.3889,-0.3962,-0.4016,-0.4046,-0.4053,-0.4045,-0.4035,-0.4064,-0.4216,-0.4555,-0.512,-0.5935,-0.7005,-0.8288,-0.9673,-1.098,-1.2017,-1.2663,-1.293,-1.2953,-1.2917,-1.2972,-1.319,-1.3558,-1.401,-1.4464,-1.4858,-1.5156,-1.5348,-1.5441,-1.5451,-1.5395,-1.5291,-1.5151,-1.4989
-0.4062,-0.3953,-0.3839,-0.3722,-0.3604,-0.3486,-0.3372,-0.3271,-0.3194,-0.3157,-0.3179,-0.3273,-0.3428,-0.3603,-0.3752,-0.3859,-0.394,-0.4009,-0.4061,-0.4085,-0.4082,-0.4078,-0.4129,-0.4307,-0.4666,-0.5239,-0.6053,-0.7113,-0.8379,-0.9745,-1.1036,-1.2063,-1.2704,-1.2966,-1.2976,-1.2907,-1.2906,-1.3044,-1.332,-1.3684,-1.407,-1.4421,-1.4703,-1.4901,-1.5014,-1.5052,-1.5029,-1.4958,-1.4852,-1.472
-0.4021,-0.3906,-0.3785,-0.3659,-0.353,-0.3398,-0.3267,-0.3146,-0.3045,-0.2986,-0.2998,-0.3107,-0.3309,-0.3542,-0.3728,-0.3842,-0.392,-0.3995,-0.4067,-0.4115,-0.4134,-0.4153,-0.423,-0.4429,-0.4799,-0.5373,-0.6175,-0.721,-0.8439,-0.976,-1.1012,-1.2014,-1.265,-1.2923,-1.2943,-1.2872,-1.2841,-1.2924,-1.3128,-1.3417,-1.374,-1.4048,-1.4307,-1.4501,-1.4624,-1.4683,-1.4685,-1.4642,-1.4563,-1.4459
-0.3984,-0.3863,-0.3736,-0.3602,-0.3462,-0.3316,-0.3167,-0.3022,-0.2893,-0.2803,-0.2793,-0.2912,-0.3174,-0.3493,-0.3731,-0.3846,-0.3907,-0.3978,-0.4066,-0.4142,-0.4193,-0.4245,-0.4352,-0.457,-0.4947,-0.5515,-0.6296,-0.7291,-0.8465,-0.9721,-1.0911,-1.1875,-1.2505,-1.2797,-1.2848,-1.2795,-1.276,-1.281,-1.2961,-1.319,-1.3458,-1.3725,-1.3959,-1.4143,-1.427,-1.4342,-1.4363,-1.4342,-1.4287,-1.4205
-0.3952,-0.3827,-0.3694,-0.3552,-0.3401,-0.3242,-0.3076,-0.2906,-0.2745,-0.2615,-0.2567,-0.2681,-0.3012,-0.3454,-0.3764,-0.3874,-0.3906,-0.3962,-0.4059,-0.4162,-0.425,-0.434,-0.4478,-0.4717,-0.5098,-0.5655,-0.6408,-0.7354,-0.8458,-0.9634,-1.075,-1.1664,-1.2283,-1.26,-1.2692,-1.2674,-1.2651,-1.2688,-1.2804,-1.2989,-1.3211,-1.3441,-1.365,-1.3822,-1.3948,-1.4028,-1.4063,-1.4059,-1.4024,-1.3962
-0.3926,-0.3796,-0.3658,-0.351,-0.3351,-0.318,-0.2997,-0.2805,-0.261,-0.2435,-0.2334,-0.2416,-0.2811,-0.3409,-0.3812,-0.3913,-0.3911,-0.395,-0.4051,-0.4176,-0.4299,-0.4427,-0.4598,-0.4857,-0.5243,-0.5787,-0.6506,-0.7397,-0.8425,-0.9512,-1.0545,-1.1404,-1.2009,-1.235,-1.2485,-1.251,-1.2512,-1.255,-1.2648,-1.28,-1.2988,-1.3186,-1.3372,-1.3531,-1.3654,-1.3737,-1.3782,-1.3793,-1.3773,-1.3728
-0.3905,-0.3773,-0.3631,-0.3477,-0.3311,-0.3131,-0.2935,-0.2724,-0.2502,-0.2285,-0.2124,-0.2153,-0.2579,-0.333,-0.3834,-0.3936,-0.3914,-0.3942,-0.4046,-0.4189,-0.4341,-0.4504,-0.4706,-0.4984,-0.5375,-0.5905,-0.6589,-0.7422,-0.837,-0.9367,-1.0316,-1.1118,-1.1705,-1.2065,-1.2243,-1.2312,-1.2346,-1.2395,-1.2485,-1.2618,-1.278,-1.2953,-1.3119,-1.3266,-1.3384,-1.3468,-1.352,-1.3541,-1.3534,-1.3504
-0.3891,-0.3756,-0.3612,-0.3455,-0.3285,-0.3099,-0.2895,-0.2672,-0.2431,-0.2186,-0.1984,-0.1963,-0.2378,-0.3204,-0.3782,-0.3914,-0.3904,-0.3938,-0.4047,-0.4203,-0.4379,-0.4571,-0.48,-0.5096,-0.549,-0.6005,-0.6653,-0.7429,-0.8301,-0.921,-1.0078,-1.0824,-1.139,-1.1764,-1.1979,-1.209,-1.2157,-1.2224,-1.2316,-1.2437,-1.2581,-1.2735,-1.2886,-1.3021,-1.3133,-1.3218,-1.3275,-1.3304,-1.3308,-1.329
-0.3882,-0.3747,-0.3602,-0.3444,-0.3272,-0.3084,-0.2877,-0.2651,-0.2406,-0.2155,-0.1946,-0.1911,-0.2293,-0.3071,-0.3659,-0.3845,-0.3879,-0.3935,-0.4054,-0.4222,-0.4416,-0.4631,-0.4882,-0.5192,-0.5588,-0.6088,-0.6702,-0.7422,-0.8221,-0.905,-0.9843,-1.0534,-1.1078,-1.1461,-1.1706,-1.1854,-1.1953,-1.204,-1.2138,-1.2255,-1.2388,-1.2529,-1.2667,-1.2793,-1.29,-1.2985,-1.3044,-1.308,-1.3092,-1.3085
-0.3881,-0.3746,-0.3601,-0.3444,-0.3273,-0.3087,-0.2884,-0.2663,-0.2428,-0.2194,-0.2011,-0.2,-0.2341,-0.2991,-0.3525,-0.3758,-0.3847,-0.3935,-0.4069,-0.4247,-0.4454,-0.4686,-0.4954,-0.5275,-0.567,-0.6155,-0.6735,-0.7404,-0.8137,-0.8892,-0.9617,-1.0258,-1.0778,-1.1165,-1.1432,-1.1612,-1.174,-1.1847,-1.1955,-1.2073,-1.2199,-1.2331,-1.246,-1.2578,-1.2682,-1.2765,-1.2827,-1.2868,-1.2888,-1.2889
-0.3885,-0.3752,-0.3609,-0.3455,-0.3288,-0.3107,-0.2912,-0.2705,-0.249,-0.2289,-0.215,-0.2173,-0.2468,-0.2978,-0.343,-0.3684,-0.382,-0.3941,-0.4091,-0.4278,-0.4495,-0.474,-0.5019,-0.5347,-0.5739,-0.6208,-0.6756,-0.7378,-0.8051,-0.8741,-0.9405,-1.0001,-1.0497,-1.0882,-1.1165,-1.1369,-1.1522,-1.1649,-1.1768,-1.1889,-1.2014,-1.214,-1.2262,-1.2376,-1.2475,-1.2558,-1.2622,-1.2667,-1.2693,-1.2701
-0.3896,-0.3766,-0.3626,-0.3476,-0.3315,-0.3143,-0.2961,-0.2771,-0.2584,-0.2421,-0.2327,-0.2374,-0.2622,-0.3016,-0.3388,-0.3641,-0.3808,-0.3955,-0.4121,-0.4316,-0.4541,-0.4793,-0.508,-0.541,-0.5797,-0.6249,-0.6768,-0.7346,-0.7966,-0.8599,-0.9209,-0.9763,-1.0235,-1.0616,-1.0909,-1.1132,-1.1305,-1.145,-1.158,-1.1706,-1.1831,-1.1954,-1.2073,-1.2182,-1.228,-1.2362,-1.2427,-1.2475,-1.2507,-1.2522
-0.3913,-0.3786,-0.365,-0.3507,-0.3354,-0.3193,-0.3025,-0.2857,-0.2698,-0.2571,-0.2513,-0.2573,-0.2779,-0.3086,-0.3392,-0.3631,-0.3814,-0.398,-0.4158,-0.4361,-0.459,-0.4847,-0.5137,-0.5467,-0.5847,-0.6282,-0.6772,-0.7312,-0.7884,-0.8466,-0.9029,-0.9545,-0.9995,-1.0368,-1.0667,-1.0903,-1.1092,-1.1251,-1.1393,-1.1525,-1.1652,-1.1774,-1.189,-1.1997,-1.2093,-1.2175,-1.2242,-1.2293,-1.2329,-1.235
-0.3936,-0.3813,-0.3683,-0.3546,-0.3402,-0.3253,-0.3102,-0.2955,-0.2823,-0.2727,-0.2695,-0.2759,-0.293,-0.3174,-0.3429,-0.3651,-0.3839,-0.4016,-0.4203,-0.441,-0.4642,-0.4901,-0.5192,-0.5519,-0.589,-0.6308,-0.6772,-0.7276,-0.7807,-0.8344,-0.8865,-0.9348,-0.9775,-1.0139,-1.0439,-1.0685,-1.0886,-1.1057,-1.1208,-1.1346,-1.1476,-1.1599,-1.1714,-1.182,-1.1915,-1.1997,-1.2066,-1.212,-1.2159,-1.2185
-0.3963,-0.3845,-0.3721,-0.3592,-0.3459,-0.3323,-0.3188,-0.3061,-0.2954,-0.2882,-0.2867,-0.293,-0.3073,-0.3273,-0.3489,-0.3693,-0.3881,-0.4063,-0.4255,-0.4465,-0.4698,-0.4957,-0.5245,-0.5568,-0.5928,-0.6329,-0.6768,-0.724,-0.7734,-0.8232,-0.8716,-0.9169,-0.9575,-0.9928,-1.0227,-1.0478,-1.0688,-1.0868,-1.1027,-1.1171,-1.1304,-1.1428,-1.1544,-1.165,-1.1744,-1.1827,-1.1897,-1.1954,-1.1997,-1.2027
