docs/data/wind_grid.json
{"header": {"la1":42.1,"la2":41.55,"lo1":12.1,"lo2":12.95,"nx":50,"ny":50,"dx":0.01735,"dy":0.01122,"parameterCategory":2,"parameterNumber":3,"parameterNumberName":"northward_wind","parameterUnit":"m.s-1"}, "data":
[rows 0 to 45 of 50, columns 0 to 49 of 50]
3.4568,3.455,3.4528,3.4502,3.4472,3.4437,3.4399,3.4355,3.4308,3.4255,3.4198,3.4137,3.4073,3.4004,3.3932,3.3857,3.3778,3.3696,3.361,3.3518,3.3419,3.3311,3.319,3.3053,3.2895,3.271,3.2495,3.2242,3.1948,3.1609,3.1221,3.0786,3.0307,2.9792,2.9254,2.8712,2.8188,2.7707,2.7292,2.6961,2.6725,2.6588,2.6544,2.6583,2.669,2.685,2.7048,2.7271,2.7508,2.7751
3.4607,3.4589,3.4568,3.4543,3.4513,3.4479,3.444,3.4396,3.4348,3.4295,3.4237,3.4174,3.4108,3.4038,3.3965,3.3888,3.3809,3.3727,3.3641,3.3551,3.3454,3.3349,3.3232,3.3097,3.2942,3.2759,3.2543,3.2287,3.1985,3.1633,3.1226,3.0764,3.025,2.9692,2.9105,2.8509,2.7932,2.7401,2.6946,2.6589,2.6342,2.6208,2.618,2.6244,2.6382,2.6576,2.6807,2.7063,2.7329,2.7599
3.4647,3.463,3.461,3.4585,3.4556,3.4522,3.4483,3.4439,3.439,3.4335,3.4276,3.4212,3.4144,3.4072,3.3997,3.3919,3.3839,3.3757,3.3671,3.3583,3.3489,3.3387,3.3273,3.3143,3.2991,3.2811,3.2596,3.2338,3.203,3.1666,3.1241,3.0752,3.0202,2.9598,2.8957,2.8301,2.7663,2.7077,2.6577,2.619,2.5932,2.5803,2.5796,2.589,2.6064,2.6296,2.6566,2.6856,2.7154,2.7452
3.4687,3.4672,3.4652,3.4629,3.46,3.4566,3.4527,3.4483,3.4433,3.4378,3.4317,3.4251,3.4181,3.4107,3.4029,3.395,3.3868,3.3785,3.37,3.3613,3.3521,3.3423,3.3314,3.319,3.3043,3.2868,3.2655,3.2397,3.2085,3.1711,3.1268,3.0752,3.0165,2.9513,2.8813,2.8091,2.7385,2.6736,2.6185,2.5766,2.5496,2.5377,2.5394,2.5524,2.574,2.6015,2.6326,2.6654,2.6986,2.7312
3.4729,3.4715,3.4697,3.4674,3.4646,3.4613,3.4574,3.4529,3.4478,3.4421,3.4359,3.4291,3.4218,3.4141,3.4061,3.3979,3.3896,3.3811,3.3726,3.364,3.3552,3.3458,3.3354,3.3236,3.3096,3.2927,3.2719,3.2463,3.2149,3.1767,3.1308,3.0768,3.0143,2.944,2.8677,2.7883,2.71,2.638,2.5772,2.5318,2.5037,2.493,2.4978,2.5151,2.5414,2.5737,2.6092,2.646,2.6826,2.7182
3.4773,3.476,3.4743,3.4721,3.4694,3.4661,3.4622,3.4577,3.4525,3.4467,3.4402,3.4332,3.4256,3.4176,3.4093,3.4008,3.3921,3.3835,3.375,3.3664,3.3579,3.3489,3.3392,3.3282,3.315,3.2989,3.2788,3.2537,3.2223,3.1836,3.1365,3.0801,3.0139,2.9386,2.8556,2.7683,2.6816,2.6015,2.5344,2.485,2.456,2.447,2.4554,2.4775,2.5091,2.5466,2.5868,2.6278,2.6679,2.7064
3.4817,3.4806,3.479,3.477,3.4743,3.4711,3.4672,3.4627,3.4574,3.4514,3.4447,3.4374,3.4295,3.4211,3.4124,3.4035,3.3945,3.3856,3.3769,3.3685,3.3602,3.3517,3.3427,3.3326,3.3204,3.3053,3.2861,3.2617,3.2307,3.1919,3.1439,3.0855,3.016,2.9355,2.8457,2.75,2.6539,2.565,2.4907,2.437,2.4071,2.4002,2.413,2.4405,2.478,2.5209,2.5661,2.6112,2.6549,2.6962
3.4863,3.4853,3.4839,3.482,3.4795,3.4763,3.4725,3.4679,3.4625,3.4564,3.4495,3.4418,3.4336,3.4247,3.4155,3.4061,3.3967,3.3874,3.3785,3.37,3.3619,3.354,3.3458,3.3366,3.3256,3.3117,3.2937,3.2704,3.2402,3.2016,3.1532,3.0933,3.0209,2.9357,2.839,2.7344,2.6283,2.5295,2.4472,2.389,2.3582,2.3539,2.3716,2.4052,2.4488,2.4974,2.5476,2.5969,2.6439,2.6879
3.491,3.4903,3.489,3.4873,3.4849,3.4818,3.478,3.4734,3.4679,3.4616,3.4545,3.4465,3.4378,3.4284,3.4187,3.4087,3.3987,3.3889,3.3796,3.371,3.3631,3.3556,3.3482,3.3402,3.3305,3.3181,3.3016,3.2796,3.2506,3.2129,3.1646,3.1039,3.0293,2.9398,2.8365,2.7229,2.6062,2.4967,2.4057,2.3425,2.311,2.3097,2.3327,2.3727,2.4227,2.4771,2.5321,2.5853,2.6354,2.6818
3.4958,3.4953,3.4943,3.4927,3.4905,3.4876,3.4838,3.4792,3.4737,3.4672,3.4597,3.4514,3.4422,3.4323,3.4219,3.4111,3.4004,3.39,3.3802,3.3713,3.3634,3.3564,3.3499,3.3431,3.335,3.3243,3.3095,3.2893,3.2619,3.2256,3.1783,3.1176,3.0416,2.9488,2.8396,2.7173,2.5897,2.4689,2.3685,2.2998,2.2676,2.2695,2.2983,2.3448,2.401,2.4608,2.5203,2.577,2.6298,2.6782
3.5008,3.5005,3.4998,3.4984,3.4964,3.4936,3.4899,3.4853,3.4797,3.4731,3.4654,3.4566,3.4469,3.4363,3.4251,3.4136,3.402,3.3907,3.3802,3.3708,3.3628,3.3563,3.3507,3.3453,3.3389,3.3301,3.3174,3.2993,3.2741,3.2398,3.1942,3.1347,3.0586,2.9637,2.8497,2.7194,2.5812,2.4488,2.3385,2.264,2.231,2.2362,2.2704,2.3231,2.3851,2.4497,2.513,2.5726,2.6274,2.6774
3.5059,3.5059,3.5054,3.5043,3.5025,3.4999,3.4964,3.4918,3.4862,3.4794,3.4714,3.4622,3.4519,3.4407,3.4286,3.4161,3.4034,3.3911,3.3796,3.3695,3.3612,3.355,3.3503,3.3465,3.342,3.3354,3.3251,3.3096,3.287,3.2555,3.2126,3.1554,3.0807,2.9854,2.8682,2.7314,2.5834,2.4397,2.3194,2.2389,2.2046,2.2126,2.2517,2.3096,2.3763,2.4448,2.5109,2.5725,2.6288,2.6796
3.5111,3.5115,3.5113,3.5105,3.5089,3.5066,3.5032,3.4988,3.4931,3.4862,3.4779,3.4683,3.4574,3.4454,3.4324,3.4187,3.4048,3.3912,3.3784,3.3673,3.3585,3.3523,3.3487,3.3465,3.3442,3.3401,3.3325,3.3198,3.3005,3.2725,3.2333,3.1798,3.1082,3.0146,2.8965,2.7553,2.5993,2.4452,2.3153,2.2284,2.1924,2.202,2.2446,2.3063,2.3761,2.447,2.5146,2.5772,2.634,2.685
3.5165,3.5172,3.5173,3.5169,3.5156,3.5135,3.5104,3.5061,3.5005,3.4935,3.485,3.475,3.4635,3.4506,3.4365,3.4216,3.4063,3.3911,3.3768,3.3642,3.3544,3.3482,3.3456,3.3453,3.3455,3.3442,3.3395,3.3301,3.3145,3.2907,3.2564,3.208,3.1414,3.0518,2.9357,2.793,2.6315,2.4691,2.3303,2.2371,2.1982,2.2077,2.2515,2.3147,2.3856,2.4569,2.5246,2.5869,2.6433,2.6938
3.522,3.523,3.5236,3.5235,3.5227,3.5209,3.5181,3.514,3.5085,3.5014,3.4927,3.4823,3.4701,3.4564,3.4412,3.425,3.4081,3.3911,3.3749,3.3604,3.3491,3.3425,3.3409,3.3429,3.3459,3.3475,3.3461,3.3403,3.3288,3.3101,3.2817,3.24,3.1804,3.0975,2.9863,2.8456,2.6821,2.514,2.3681,2.2684,2.2251,2.2321,2.2743,2.3359,2.4053,2.475,2.5411,2.6018,2.6567,2.7058
3.5276,3.529,3.53,3.5304,3.53,3.5286,3.5262,3.5224,3.517,3.51,3.5011,3.4903,3.4776,3.463,3.4467,3.429,3.4105,3.3915,3.3731,3.3562,3.3427,3.3352,3.3346,3.3393,3.3455,3.3504,3.3523,3.3504,3.3436,3.3306,3.3091,3.2756,3.2251,3.1514,3.0484,2.9134,2.7518,2.5815,2.4304,2.3245,2.2751,2.2765,2.3135,2.3705,2.4355,2.5014,2.5641,2.6218,2.6742,2.7211
3.5332,3.5352,3.5366,3.5375,3.5376,3.5368,3.5347,3.5313,3.5262,3.5193,3.5103,3.4992,3.4859,3.4705,3.4531,3.434,3.4137,3.3927,3.3719,3.3521,3.3357,3.3265,3.3271,3.335,3.3449,3.3532,3.3585,3.3604,3.3586,3.3521,3.3386,3.3148,3.2752,3.2131,3.1212,2.9955,2.8398,2.671,2.5171,2.4051,2.3477,2.3404,2.3688,2.4178,2.4757,2.5355,2.5931,2.6466,2.6954,2.7395
3.539,3.5414,3.5434,3.5449,3.5456,3.5453,3.5438,3.5408,3.5361,3.5294,3.5204,3.5091,3.4953,3.4791,3.4606,3.4401,3.4181,3.3952,3.372,3.3492,3.329,3.3172,3.3191,3.3311,3.3448,3.3562,3.3647,3.3706,3.3741,3.3745,3.3701,3.3572,3.3301,3.2816,3.2033,3.0897,2.9432,2.7791,2.6247,2.5071,2.4403,2.4216,2.4383,2.4763,2.5248,2.5765,2.6275,2.6757,2.7201,2.7606
3.5448,3.5478,3.5504,3.5525,3.5538,3.5542,3.5534,3.551,3.5467,3.5403,3.5314,3.52,3.5058,3.4889,3.4694,3.4476,3.4241,3.3994,3.3744,3.349,3.3248,3.3093,3.3127,3.3292,3.3464,3.3603,3.3714,3.381,3.3899,3.3979,3.4032,3.4023,3.3891,3.3554,3.2922,3.1926,3.0574,2.9005,2.7473,2.6248,2.5478,2.5159,2.5187,2.5438,2.581,2.6233,2.6665,2.7084,2.7477,2.7841
3.5507,3.5542,3.5575,3.5603,3.5624,3.5635,3.5634,3.5618,3.5581,3.5521,3.5435,3.532,3.5175,3.5001,3.4797,3.4568,3.4318,3.4058,3.3797,3.3534,3.3266,3.3073,3.3121,3.3321,3.3508,3.3657,3.3788,3.3918,3.4062,3.422,3.4377,3.4496,3.4509,3.4326,3.3847,3.2994,3.1764,3.0277,2.8772,2.7506,2.6637,2.6182,2.6062,2.6173,2.6422,2.6742,2.709,2.744,2.7777,2.8096
3.5565,3.5607,3.5647,3.5682,3.5711,3.5732,3.574,3.5732,3.5703,3.5649,3.5565,3.5451,3.5305,3.5126,3.4916,3.4677,3.4415,3.4144,3.3881,3.3632,3.3386,3.3192,3.3235,3.3421,3.3587,3.3729,3.3869,3.403,3.4227,3.4465,3.473,3.4979,3.5137,3.5104,3.4769,3.4049,3.2932,3.1529,3.006,2.8768,2.7812,2.7229,2.6966,2.6939,2.7063,2.7278,2.7538,2.7815,2.8095,2.8366
3.5624,3.5672,3.5719,3.5763,3.5801,3.5832,3.5851,3.5853,3.5833,3.5786,3.5707,3.5594,3.5447,3.5266,3.5052,3.4805,3.4532,3.425,3.3989,3.3772,3.3605,3.3491,3.3497,3.3588,3.3694,3.3812,3.3956,3.4144,3.4392,3.471,3.5081,3.5457,3.5752,3.5853,3.5643,3.5033,3.4013,3.2689,3.1263,2.9961,2.8939,2.8249,2.786,2.7704,2.7711,2.7823,2.7997,2.8203,2.8423,2.8646
3.5681,3.5736,3.5791,3.5844,3.5893,3.5935,3.5966,3.598,3.5971,3.5932,3.5859,3.5748,3.56,3.5418,3.5202,3.4952,3.4669,3.4375,3.4109,3.3917,3.3833,3.3828,3.3792,3.3768,3.3808,3.3901,3.4047,3.4258,3.4554,3.4946,3.5416,3.5908,3.6323,3.6535,3.6419,3.5892,3.4951,3.3699,3.2324,3.1033,2.9973,2.9203,2.871,2.8444,2.8346,2.8364,2.8456,2.8594,2.8757,2.8932
3.5737,3.58,3.5863,3.5925,3.5985,3.604,3.6084,3.6113,3.6117,3.6089,3.6022,3.5912,3.5763,3.558,3.5366,3.5116,3.4827,3.4516,3.4231,3.4035,3.3974,3.4003,3.3965,3.3902,3.3909,3.3988,3.4137,3.437,3.4708,3.5163,3.5717,3.6305,3.6814,3.7106,3.7053,3.6584,3.5705,3.4523,3.3211,3.1952,3.0882,3.0063,2.9494,2.914,2.8953,2.8888,2.8906,2.898,2.9089,2.9219
3.5792,3.5861,3.5933,3.6005,3.6077,3.6145,3.6206,3.6251,3.6271,3.6257,3.6197,3.6087,3.5932,3.5747,3.5537,3.5295,3.5005,3.4677,3.436,3.4129,3.4033,3.4036,3.4018,3.398,3.3991,3.407,3.4225,3.4476,3.4846,3.535,3.5966,3.6621,3.7191,3.7528,3.7512,3.7081,3.6259,3.515,3.3913,3.2707,3.1654,3.0814,3.0196,2.9777,2.952,2.9385,2.9339,2.9357,2.9416,2.9503
3.5844,3.5921,3.6001,3.6084,3.6168,3.6251,3.6328,3.6393,3.6433,3.6435,3.6384,3.6271,3.6106,3.5912,3.5708,3.5481,3.5202,3.4861,3.4507,3.4226,3.4076,3.4039,3.4034,3.4031,3.406,3.4147,3.431,3.4573,3.4964,3.5496,3.6146,3.6834,3.7428,3.7781,3.778,3.738,3.6614,3.5586,3.4436,3.3301,3.2288,3.1453,3.0811,3.0349,3.0039,2.9849,2.975,2.9717,2.9732,2.978
3.5894,3.5977,3.6066,3.6159,3.6256,3.6355,3.6451,3.6537,3.6601,3.6624,3.6585,3.6467,3.628,3.6067,3.5866,3.5664,3.5408,3.5066,3.4682,3.4352,3.4151,3.4076,3.4067,3.4084,3.4129,3.4224,3.4392,3.466,3.5058,3.5596,3.6249,3.6934,3.7519,3.7863,3.7866,3.7495,3.6792,3.5853,3.4799,3.3749,3.2793,3.1983,3.1339,3.0853,3.0507,3.0275,3.0133,3.0059,3.0035,3.0049
3.594,3.603,3.6126,3.623,3.6339,3.6454,3.657,3.6681,3.6773,3.6824,3.6802,3.6678,3.6456,3.6204,3.5996,3.5825,3.5609,3.5283,3.4883,3.4516,3.4272,3.4161,3.4136,3.4153,3.4204,3.4302,3.447,3.4735,3.5125,3.5648,3.6276,3.6927,3.7475,3.7794,3.7795,3.7458,3.6824,3.598,3.5029,3.4072,3.3184,3.2415,3.1784,3.1291,3.0923,3.0661,3.0486,3.0378,3.0323,3.0306
3.5982,3.6078,3.6182,3.6295,3.6417,3.6547,3.6683,3.6821,3.6945,3.7032,3.7038,3.691,3.6637,3.6314,3.6083,3.5947,3.5783,3.5491,3.5093,3.4707,3.4431,3.4286,3.4235,3.424,3.4287,3.4381,3.4543,3.4798,3.5167,3.5657,3.6237,3.683,3.7325,3.7608,3.7607,3.7307,3.6746,3.5999,3.5153,3.4291,3.3479,3.2759,3.2154,3.1666,3.1289,3.1008,3.0809,3.0675,3.0592,3.055
3.6019,3.6121,3.6231,3.6353,3.6486,3.663,3.6787,3.695,3.711,3.7241,3.7289,3.7172,3.6833,3.64,3.6119,3.6017,3.5911,3.5662,3.5288,3.4901,3.4606,3.4432,3.4355,3.4341,3.4376,3.4461,3.4611,3.4847,3.5186,3.563,3.6148,3.6671,3.7102,3.7346,3.7343,3.7081,3.6593,3.5941,3.5196,3.4428,3.3693,3.3029,3.2457,3.1985,3.1608,3.1317,3.1101,3.0947,3.0844,3.078
3.6052,3.6158,3.6274,3.6402,3.6545,3.6702,3.6875,3.7063,3.7258,3.7436,3.7542,3.7458,3.7058,3.6475,3.6115,3.6037,3.5983,3.5783,3.5445,3.5077,3.4778,3.4583,3.4481,3.4447,3.4466,3.4538,3.4673,3.4885,3.5187,3.5578,3.6027,3.6475,3.6841,3.7046,3.7041,3.6815,3.6396,3.5832,3.5182,3.4504,3.3844,3.3237,3.2704,3.2252,3.1883,3.159,3.1364,3.1196,3.1076,3.0996
3.6079,3.6188,3.6309,3.6443,3.6592,3.6759,3.6945,3.7152,3.7376,3.7598,3.7763,3.7735,3.7304,3.6569,3.611,3.6034,3.6012,3.5852,3.5558,3.5221,3.493,3.4725,3.4605,3.4553,3.4555,3.4611,3.4727,3.4912,3.5175,3.551,3.589,3.6265,3.6568,3.6736,3.6728,3.6536,3.6178,3.5693,3.5129,3.4534,3.3946,3.3395,3.2902,3.2476,3.212,3.1829,3.1599,3.1422,3.1291,3.1196
3.6101,3.6212,3.6336,3.6473,3.6626,3.6799,3.6994,3.7212,3.7453,3.7702,3.791,3.7932,3.7512,3.6698,3.6158,3.6046,3.602,3.5884,3.563,3.533,3.5057,3.4852,3.472,3.4652,3.4639,3.4678,3.4773,3.493,3.5153,3.5434,3.575,3.6057,3.6303,3.6437,3.6426,3.626,3.5955,3.554,3.5053,3.4532,3.401,3.3513,3.3061,3.2663,3.2322,3.2039,3.1809,3.1627,3.1487,3.1382
3.6117,3.6229,3.6354,3.6492,3.6647,3.6822,3.7018,3.7239,3.7483,3.7736,3.7949,3.7984,3.7599,3.6828,3.6265,3.6091,3.6028,3.5897,3.5675,3.5408,3.5158,3.4958,3.4821,3.4741,3.4715,3.4738,3.4812,3.4942,3.5126,3.5357,3.5613,3.5861,3.6056,3.616,3.6144,3.6001,3.5741,3.5385,3.4964,3.4508,3.4046,3.36,3.3187,3.2817,3.2495,3.2222,3.1995,3.1812,3.1666,3.1554
3.6127,3.6239,3.6363,3.6501,3.6655,3.6827,3.7019,3.7233,3.7465,3.7699,3.7883,3.7895,3.7552,3.6906,3.6385,3.6155,3.6043,3.5904,3.5701,3.5464,3.5236,3.5046,3.4907,3.482,3.4782,3.479,3.4845,3.4947,3.5096,3.5282,3.5487,3.5682,3.5834,3.591,3.589,3.5765,3.5541,3.5235,3.487,3.4472,3.4063,3.3663,3.3287,3.2945,3.2642,3.2381,3.216,3.1977,3.183,3.1712
3.6131,3.6242,3.6364,3.6499,3.6649,3.6815,3.6998,3.7197,3.7406,3.7605,3.7744,3.7722,3.7426,3.6918,3.6471,3.6215,3.6062,3.5908,3.5718,3.5504,3.5295,3.5116,3.498,3.4888,3.4839,3.4834,3.4871,3.4949,3.5066,3.5212,3.5372,3.5523,3.5637,3.5691,3.5665,3.5553,3.5359,3.5094,3.4777,3.4428,3.4065,3.3707,3.3366,3.305,3.2767,3.2519,3.2306,3.2126,3.1978,3.1858
3.613,3.6239,3.6358,3.6488,3.6631,3.6788,3.6958,3.7137,3.7318,3.7477,3.757,3.7522,3.7274,3.6881,3.6511,3.6255,3.6076,3.5911,3.5728,3.5531,3.534,3.5172,3.5039,3.4944,3.4889,3.4871,3.4891,3.4948,3.5036,3.5148,3.527,3.5383,3.5466,3.55,3.5469,3.5367,3.5196,3.4965,3.4688,3.4381,3.4059,3.3738,3.3428,3.3138,3.2875,3.264,3.2435,3.226,3.2113,3.1991
3.6123,3.6229,3.6344,3.6468,3.6603,3.6749,3.6903,3.7061,3.7211,3.7333,3.7388,3.7327,3.7122,3.6816,3.6511,3.627,3.6081,3.591,3.5732,3.5549,3.5373,3.5215,3.5086,3.4991,3.4929,3.4902,3.4907,3.4944,3.5007,3.509,3.518,3.5262,3.5319,3.5335,3.5299,3.5204,3.5052,3.4849,3.4605,3.4333,3.4047,3.3758,3.3477,3.3211,3.2966,3.2745,3.255,3.238,3.2235,3.2113
3.6112,3.6214,3.6323,3.6441,3.6567,3.67,3.6837,3.6973,3.7096,3.7186,3.7214,3.7149,3.6979,3.6736,3.6483,3.6263,3.6076,3.5903,3.5732,3.556,3.5396,3.5248,3.5124,3.5028,3.4962,3.4926,3.4919,3.4939,3.498,3.5038,3.5101,3.5157,3.5192,3.5194,3.5153,3.5063,3.4926,3.4745,3.4529,3.4288,3.4032,3.3772,3.3516,3.3272,3.3045,3.2837,3.2651,3.2488,3.2346,3.2225
3.6097,3.6194,3.6297,3.6407,3.6523,3.6643,3.6764,3.6879,3.6977,3.7043,3.7053,3.6989,3.6847,3.665,3.6438,3.6239,3.606,3.5892,3.5727,3.5565,3.5411,3.5272,3.5152,3.5057,3.4988,3.4945,3.4927,3.4932,3.4956,3.4992,3.5032,3.5067,3.5084,3.5074,3.5028,3.4942,3.4817,3.4654,3.4461,3.4246,3.4016,3.3781,3.3548,3.3324,3.3112,3.2918,3.2741,3.2584,3.2447,3.2328
3.6077,3.6169,3.6266,3.6368,3.6474,3.6582,3.6687,3.6783,3.6861,3.6907,3.6906,3.6846,3.6726,3.6563,3.6382,3.6203,3.6035,3.5874,3.5717,3.5565,3.542,3.5288,3.5174,3.508,3.5008,3.496,3.4932,3.4925,3.4933,3.4951,3.4973,3.4989,3.4992,3.4971,3.4921,3.4839,3.4722,3.4575,3.4401,3.4207,3.4,3.3786,3.3574,3.3367,3.3171,3.2989,3.2822,3.2672,3.2538,3.2422
3.6054,3.6141,3.6232,3.6326,3.6421,3.6517,3.6608,3.6688,3.6749,3.6781,3.6773,3.6717,3.6614,3.6476,3.6319,3.616,3.6003,3.5851,3.5703,3.5559,3.5423,3.5298,3.5188,3.5096,3.5023,3.497,3.4935,3.4916,3.4911,3.4915,3.4921,3.4923,3.4913,3.4883,3.483,3.475,3.4641,3.4506,3.4348,3.4172,3.3984,3.379,3.3595,3.3405,3.3222,3.3051,3.2894,3.275,3.2622,3.2508
3.6028,3.611,3.6194,3.628,3.6366,3.645,3.6528,3.6595,3.6643,3.6664,3.6651,3.6599,3.651,3.6391,3.6254,3.6111,3.5967,3.5825,3.5685,3.555,3.5421,3.5303,3.5197,3.5107,3.5033,3.4976,3.4935,3.4908,3.4892,3.4883,3.4876,3.4866,3.4845,3.4809,3.4753,3.4674,3.4571,3.4446,3.4301,3.4141,3.397,3.3792,3.3613,3.3437,3.3268,3.3107,3.2958,3.2821,3.2698,3.2587
3.6,3.6076,3.6154,3.6232,3.6309,3.6383,3.645,3.6505,3.6543,3.6556,3.654,3.6492,3.6413,3.6309,3.6188,3.6059,3.5927,3.5794,3.5664,3.5537,3.5415,3.5303,3.5201,3.5113,3.5039,3.4979,3.4932,3.4898,3.4873,3.4854,3.4837,3.4816,3.4787,3.4745,3.4687,3.4609,3.4511,3.4395,3.4261,3.4114,3.3957,3.3794,3.3629,3.3466,3.3308,3.3157,3.3016,3.2886,3.2767,3.266
3.597,3.604,3.6112,3.6183,3.6252,3.6317,3.6374,3.6419,3.6448,3.6456,3.6438,3.6393,3.6323,3.623,3.6123,3.6006,3.5885,3.5762,3.5639,3.552,3.5406,3.5299,3.5202,3.5115,3.5041,3.4979,3.4928,3.4888,3.4856,3.4828,3.4802,3.4773,3.4737,3.4691,3.463,3.4554,3.446,3.4351,3.4227,3.409,3.3945,3.3795,3.3642,3.3491,3.3343,3.3202,3.3069,3.2944,3.2831,3.2727
3.5938,3.6003,3.6069,3.6133,3.6195,3.6251,3.63,3.6337,3.6359,3.6363,3.6344,3.6302,3.6238,3.6156,3.6059,3.5953,3.5841,3.5727,3.5613,3.5501,3.5393,3.5292,3.5198,3.5114,3.504,3.4976,3.4923,3.4878,3.4839,3.4805,3.4772,3.4736,3.4695,3.4644,3.4582,3.4506,3.4416,3.4313,3.4197,3.407,3.3936,3.3796,3.3654,3.3513,3.3375,3.3242,3.3116,3.2998,3.2889,3.2789
