docs/data/wind_grid.json
[{"header":{"la1":42.85,"la2":41.18,"lo1":11.55,"lo2":14.05,"nx":36,"ny":24,"dx":0.07143,"dy":0.07261,"parameterCategory":2,"parameterNumber":2,"parameterNumberName":"eastward_wind","parameterUnit":"m.s-1"},"data":[-0.6802,-0.6877,-0.6935,-0.6974,-0.6993,-0.6989,-0.6953,-0.6875,-0.6745,-0.657,-0.637,-0.6174,-0.6007,-0.5884,-0.5808,-0.5766,-0.5736,-0.5689,-0.5597,-0.5449,-0.5263,-0.5085,-0.4961,-0.4909,-0.4911,-0.4939,-0.4967,-0.4984,-0.4987,-0.4978,-0.496,-0.4935,-0.4907,-0.4877,-0.4847,-0.4817,-0.7031,-0.7132,-0.7212,-0.7272,-0.7315,-0.7338,-0.7329,-0.726,-0.7106,-0.6867,-0.6581,-0.6303,-0.6076,-0.5926,-0.5852,-0.5839,-0.5848,-0.5828,-0.5721,-0.5492,-0.5173,-0.4869,-0.4694,-0.4674,-0.4749,-0.4845,-0.4922,-0.4967,-0.4984,-0.4979,-0.4961,-0.4935,-0.4904,-0.4872,-0.4839,-0.4808,-0.7299,-0.7435,-0.7545,-0.763,-0.7703,-0.7776,-0.7834,-0.7815,-0.7643,-0.7301,-0.6865,-0.6448,-0.6128,-0.5939,-0.5879,-0.592,-0.6012,-0.6064,-0.5955,-0.5582,-0.4978,-0.4398,-0.4149,-0.4256,-0.4506,-0.4731,-0.488,-0.4959,-0.4988,-0.4986,-0.4966,-0.4936,-0.4901,-0.4865,-0.483,-0.4796,-0.7618,-0.7807,-0.7953,-0.806,-0.8163,-0.8314,-0.8522,-0.8663,-0.851,-0.7975,-0.7253,-0.6597,-0.6137,-0.5898,-0.5862,-0.5998,-0.6246,-0.6475,-0.6441,-0.5843,-0.461,-0.335,-0.3041,-0.3573,-0.4206,-0.4635,-0.4868,-0.4975,-0.5008,-0.5001,-0.4974,-0.4937,-0.4897,-0.4856,-0.4818,-0.4781,-0.8002,-0.8275,-0.8479,-0.8594,-0.8689,-0.8924,-0.9433,-1.003,-1.0029,-0.9067,-0.7758,-0.6707,-0.6056,-0.5759,-0.5761,-0.6034,-0.6546,-0.717,-0.7479,-0.6673,-0.4189,-0.1242,-0.1108,-0.2764,-0.4005,-0.4641,-0.4923,-0.5027,-0.5045,-0.5023,-0.4983,-0.4936,-0.4889,-0.4844,-0.4801,-0.4763,-0.846,-0.8887,-0.9209,-0.9319,-0.9288,-0.9495,-1.0451,-1.2168,-1.2748,-1.0694,-0.8243,-0.6659,-0.5814,-0.5468,-0.551,-0.5936,-0.6802,-0.8139,-0.9461,-0.8836,-0.4991,0.016,-0.0054,-0.2748,-0.4239,-0.4853,-0.507,-0.5118,-0.5096,-0.5047,-0.4989,-0.4931,-0.4877,-0.4826,-0.478,-0.4739,-0.897,-0.968,-1.0304,-1.0466,-1.006,-0.9835,-1.091,-1.404,-1.5726,-1.1818,-0.8162,-0.6259,-0.5343,-0.4974,-0.5028,-0.5555,-0.6709,-0.8725,-1.135,-1.1119,-0.7862,-0.4337,-0.3419,-0.4406,-0.505,-0.5268,-0.5286,-0.5228,-0.5148,-0.5065,-0.4988,-0.4918,-0.4856,-0.4801,-0.4753,-0.4711,-0.9429,-1.0559,-1.1888,-1.2461,-1.1245,-0.9899,-1.0011,-1.1956,-1.291,-0.9805,-0.695,-0.5429,-0.4642,-0.4257,-0.4221,-0.4727,-0.5992,-0.7979,-1.0053,-1.061,-1.1157,-1.016,-0.7793,-0.6552,-0.6019,-0.5711,-0.5488,-0.5314,-0.5176,-0.5064,-0.4971,-0.4893,-0.4826,-0.4768,-0.4718,-0.4675,-0.9623,-1.1049,-1.3222,-1.4837,-1.2343,-0.97,-0.8519,-0.8211,-0.7621,-0.6296,-0.5165,-0.4392,-0.3826,-0.336,-0.295,-0.3216,-0.4784,-0.6842,-0.8804,-1.1287,-1.5882,-1.4774,-1.0304,-0.7822,-0.6611,-0.5963,-0.5579,-0.5331,-0.516,-0.5033,-0.4934,-0.4852,-0.4783,-0.4724,-0.4674,-0.4631,-0.9403,-1.0612,-1.2182,-1.3062,-1.1221,-0.9049,-0.7323,-0.5902,-0.4281,-0.3406,-0.3585,-0.3454,-0.3051,-0.2491,-0.1172,-0.0502,-0.3583,-0.6339,-0.8368,-1.0695,-1.3934,-1.3325,-1.0076,-0.7861,-0.6615,-0.591,-0.55,-0.5251,-0.5087,-0.4968,-0.4875,-0.4796,-0.4728,-0.467,-0.462,-0.4579,-0.8889,-0.971,-1.0449,-1.0766,-1.0395,-0.845,-0.6619,-0.5011,-0.2056,-0.0661,-0.2562,-0.2768,-0.2345,-0.1878,-0.1047,-0.0383,-0.4075,-0.7325,-0.9031,-0.967,-1.0198,-0.9817,-0.8434,-0.7086,-0.6143,-0.5571,-0.5255,-0.5079,-0.4964,-0.4875,-0.4797,-0.4725,-0.466,-0.4603,-0.4555,-0.4516,-0.8268,-0.8868,-0.9545,-1.0303,-0.9848,-0.7755,-0.6435,-0.5919,-0.3786,-0.2033,-0.2574,-0.2312,-0.1638,-0.0726,-0.1359,-0.3217,-0.647,-1.1425,-1.2823,-1.0482,-0.8866,-0.7889,-0.697,-0.6102,-0.5424,-0.5034,-0.4891,-0.4849,-0.4816,-0.477,-0.471,-0.4645,-0.458,-0.4522,-0.4475,-0.444,-0.7608,-0.7997,-0.8385,-0.8574,-0.8,-0.6879,-0.6471,-0.7081,-0.6048,-0.384,-0.2654,-0.1875,-0.138,-0.01,-0.0944,-0.4215,-0.8197,-1.994,-2.0447,-1.1761,-0.8189,-0.6659,-0.5825,-0.5206,-0.4678,-0.4422,-0.45,-0.4627,-0.4682,-0.4673,-0.4625,-0.4556,-0.4484,-0.4421,-0.4375,-0.4345,-0.6956,-0.7142,-0.7246,-0.7136,-0.6703,-0.6182,-0.6077,-0.6439,-0.5694,-0.3674,-0.2295,-0.1399,-0.1222,-0.1886,-0.2973,-0.51,-0.7336,-1.3705,-1.503,-0.9707,-0.6544,-0.5185,-0.4726,-0.4515,-0.4221,-0.4035,-0.4258,-0.4497,-0.4605,-0.4609,-0.4548,-0.4456,-0.4362,-0.4289,-0.4244,-0.4225,-0.6364,-0.6408,-0.6362,-0.6177,-0.5854,-0.5509,-0.5278,-0.501,-0.4121,-0.2649,-0.153,-0.1198,-0.1183,-0.0208,-0.3515,-0.5665,-1.235,-0.9181,-0.8081,-0.5787,-0.3541,-0.2964,-0.3453,-0.3937,-0.4129,-0.4132,-0.4307,-0.4524,-0.462,-0.4592,-0.4477,-0.4326,-0.4189,-0.4099,-0.4063,-0.407,-0.5857,-0.5816,-0.5701,-0.5495,-0.5206,-0.4868,-0.4483,-0.3926,-0.2976,-0.1538,0.0186,-0.0155,-0.0747,-0.1524,-0.333,-0.6705,-1.0342,-0.6974,-0.4548,-0.2361,0.0494,-0.0107,-0.2138,-0.3352,-0.4003,-0.4328,-0.4564,-0.4734,-0.4758,-0.4632,-0.4395,-0.4123,-0.3907,-0.3804,-0.3806,-0.3866,-0.5435,-0.5345,-0.5196,-0.4979,-0.4694,-0.4342,-0.3901,-0.3301,-0.2452,-0.1287,-0.0016,-0.0359,-0.0598,-0.0738,-0.2196,-0.3646,-0.4253,-0.2546,-0.0615,-0.0215,0.1268,0.0538,-0.157,-0.3037,-0.4045,-0.4725,-0.5103,-0.5195,-0.5057,-0.4733,-0.426,-0.3755,-0.3411,-0.3331,-0.344,-0.3612,-0.5087,-0.497,-0.4804,-0.4582,-0.4302,-0.3957,-0.3531,-0.3,-0.2351,-0.164,-0.1091,-0.0914,-0.0592,-0.0466,-0.0457,-0.0419,-0.0698,0.1917,0.5086,0.1946,0.0519,-0.035,-0.1662,-0.3103,-0.4512,-0.567,-0.6143,-0.5979,-0.5542,-0.4897,-0.4021,-0.3082,-0.2545,-0.2614,-0.2973,-0.3332,-0.4803,-0.4671,-0.4498,-0.4279,-0.4012,-0.3691,-0.3312,-0.2872,-0.2388,-0.1909,-0.1513,-0.1202,-0.0831,-0.007,0.2661,0.3915,0.1304,0.2554,0.4374,0.3294,0.1438,-0.0173,-0.1612,-0.3272,-0.5249,-0.7085,-0.7506,-0.6936,-0.6181,-0.5159,-0.3743,-0.2127,-0.1357,-0.1793,-0.2537,-0.3111,-0.457,-0.4432,-0.426,-0.405,-0.3802,-0.3513,-0.3184,-0.2821,-0.2439,-0.2063,-0.1712,-0.1352,-0.0851,0.0182,0.2368,0.3126,0.1581,0.2124,0.4525,0.5557,0.2432,0.0391,-0.1159,-0.3106,-0.5564,-0.7584,-0.7965,-0.7897,-0.6972,-0.5614,-0.3831,-0.1748,-0.0831,-0.1496,-0.2417,-0.3064,-0.4381,-0.4242,-0.4075,-0.3879,-0.3651,-0.3394,-0.3109,-0.2802,-0.2484,-0.2164,-0.1838,-0.1476,-0.0994,-0.0268,0.0631,0.1023,0.0974,0.1619,0.3131,0.359,0.2169,0.123,0.0203,-0.2118,-0.5308,-0.8393,-1.1038,-1.0142,-0.7902,-0.6232,-0.4574,-0.28,-0.1891,-0.2159,-0.2758,-0.3239,-0.4228,-0.4092,-0.3933,-0.375,-0.3544,-0.3314,-0.3066,-0.2801,-0.2527,-0.2245,-0.1949,-0.1621,-0.1228,-0.0756,-0.028,0.0058,0.0339,0.0835,0.149,0.1833,0.2146,0.35,0.3654,0.0087,-0.4513,-0.9186,-1.3372,-1.1245,-0.7994,-0.6653,-0.5464,-0.419,-0.3358,-0.3173,-0.3329,-0.3547,-0.4104,-0.3974,-0.3824,-0.3655,-0.3468,-0.3263,-0.3044,-0.2812,-0.2571,-0.2322,-0.2059,-0.1776,-0.1463,-0.1126,-0.0795,-0.0497,-0.0194,0.0181,0.0628,0.1203,0.2535,0.5549,0.652,0.1897,-0.3235,-0.726,-0.9492,-0.8482,-0.7055,-0.6776,-0.6005,-0.5045,-0.4317,-0.3949,-0.3843,-0.3862,-0.4005,-0.3881,-0.3741,-0.3586,-0.3416,-0.3232,-0.3037,-0.2833,-0.262,-0.2399,-0.217,-0.1928,-0.1674,-0.1411,-0.115,-0.0894,-0.0627,-0.0317,0.0077,0.0694,0.1886,0.3682,0.3914,0.1031,-0.259,-0.5408,-0.691,-0.7052,-0.6894,-0.6722,-0.6103,-0.537,-0.4777,-0.4395,-0.4192,-0.4106]},{"header":{"la1":42.85,"la2":41.18,"lo1":11.55,"lo2":14.05,"nx":36,"ny":24,"dx":0.07143,"dy":0.07261,"parameterCategory":2,"parameterNumber":3,"parameterNumberName":"northward_wind","parameterUnit":"m.s-1"},"data":[-0.7075,-0.7037,-0.6981,-0.6908,-0.6817,-0.6715,-0.6608,-0.6506,-0.6414,-0.6328,-0.6237,-0.6128,-0.5991,-0.582,-0.562,-0.54,-0.5179,-0.4981,-0.4827,-0.4732,-0.4694,-0.4695,-0.4716,-0.4743,-0.4775,-0.4816,-0.4867,-0.4929,-0.5001,-0.5079,-0.5162,-0.5247,-0.5333,-0.5418,-0.5501,-0.558,-0.7164,-0.7127,-0.7066,-0.6979,-0.6866,-0.6733,-0.6596,-0.6473,-0.6379,-0.631,-0.6244,-0.6153,-0.6018,-0.5829,-0.5591,-0.5315,-0.503,-0.4774,-0.4589,-0.4503,-0.4509,-0.4562,-0.4617,-0.4654,-0.4685,-0.4724,-0.4779,-0.4849,-0.4932,-0.5023,-0.5119,-0.5217,-0.5315,-0.541,-0.5503,-0.5591,-0.7267,-0.7233,-0.7169,-0.7065,-0.6917,-0.6732,-0.6533,-0.6364,-0.6266,-0.6238,-0.6231,-0.6187,-0.6069,-0.5865,-0.5579,-0.5226,-0.484,-0.4488,-0.4254,-0.4204,-0.4321,-0.4493,-0.4597,-0.4618,-0.4617,-0.4638,-0.469,-0.4769,-0.4865,-0.497,-0.5081,-0.5193,-0.5304,-0.5412,-0.5514,-0.5611,-0.7384,-0.7361,-0.7298,-0.7177,-0.6981,-0.6705,-0.638,-0.6098,-0.5983,-0.6054,-0.6183,-0.6237,-0.616,-0.5947,-0.5605,-0.5145,-0.4601,-0.4069,-0.3732,-0.3768,-0.4168,-0.4627,-0.4779,-0.4679,-0.4575,-0.4552,-0.4598,-0.4687,-0.4799,-0.4922,-0.505,-0.5178,-0.5304,-0.5424,-0.5538,-0.5645,-0.7517,-0.7517,-0.7469,-0.7341,-0.7088,-0.6672,-0.6091,-0.5511,-0.532,-0.5646,-0.6087,-0.6325,-0.6318,-0.6106,-0.5709,-0.5116,-0.4325,-0.3437,-0.2812,-0.2983,-0.4042,-0.523,-0.532,-0.4821,-0.4519,-0.4445,-0.4495,-0.4603,-0.4737,-0.4882,-0.5029,-0.5175,-0.5317,-0.5452,-0.5578,-0.5694,-0.7661,-0.7702,-0.7697,-0.7589,-0.7298,-0.6719,-0.5708,-0.4376,-0.3888,-0.4916,-0.6008,-0.651,-0.6579,-0.638,-0.595,-0.5231,-0.4123,-0.2592,-0.1142,-0.1361,-0.344,-0.5716,-0.5655,-0.4732,-0.4338,-0.4285,-0.4374,-0.4518,-0.4682,-0.4852,-0.5022,-0.5189,-0.5348,-0.5498,-0.5637,-0.5764,-0.7803,-0.7908,-0.7993,-0.7955,-0.7671,-0.7022,-0.5672,-0.3276,-0.213,-0.4422,-0.6248,-0.6895,-0.6978,-0.6808,-0.6414,-0.5652,-0.4303,-0.2134,0.0515,0.0357,-0.1957,-0.376,-0.4268,-0.4024,-0.3962,-0.407,-0.4245,-0.4441,-0.4641,-0.484,-0.5034,-0.5222,-0.5402,-0.5569,-0.5722,-0.5858,-0.7909,-0.8093,-0.8341,-0.8453,-0.8162,-0.7629,-0.6654,-0.4866,-0.4046,-0.5866,-0.7195,-0.7534,-0.7504,-0.741,-0.7219,-0.658,-0.5169,-0.305,-0.0909,-0.0477,-0.0367,-0.0928,-0.2275,-0.3078,-0.353,-0.3858,-0.4136,-0.4386,-0.4622,-0.485,-0.507,-0.5283,-0.5484,-0.567,-0.5837,-0.5984,-0.7936,-0.8146,-0.8583,-0.8973,-0.8462,-0.8209,-0.8151,-0.7979,-0.8153,-0.8677,-0.8676,-0.8309,-0.8052,-0.815,-0.8603,-0.839,-0.6636,-0.4468,-0.2576,-0.0676,0.2314,0.1654,-0.1014,-0.2493,-0.3261,-0.3735,-0.4081,-0.4369,-0.4634,-0.4888,-0.5137,-0.5377,-0.5604,-0.5811,-0.5994,-0.6149,-0.7865,-0.7932,-0.8105,-0.8242,-0.7868,-0.8479,-0.9464,-1.0445,-1.1661,-1.1926,-1.0344,-0.8982,-0.8438,-0.8766,-1.0814,-1.1999,-0.8188,-0.5367,-0.348,-0.1455,0.0977,0.0693,-0.1223,-0.2504,-0.3256,-0.3743,-0.4099,-0.4397,-0.4678,-0.4958,-0.5239,-0.5514,-0.5772,-0.6004,-0.6203,-0.6366,-0.7767,-0.7604,-0.7048,-0.5645,-0.6046,-0.8602,-1.0723,-1.2279,-1.4677,-1.5954,-1.1637,-0.9262,-0.8557,-0.8758,-1.0499,-1.2036,-0.7756,-0.5299,-0.3987,-0.2791,-0.1716,-0.1546,-0.2165,-0.2877,-0.3452,-0.3874,-0.4189,-0.4465,-0.4752,-0.5061,-0.5385,-0.5706,-0.6006,-0.6268,-0.6484,-0.6649,-0.7755,-0.754,-0.6921,-0.5792,-0.639,-0.9477,-1.2355,-1.4034,-1.4228,-1.4154,-1.0997,-0.8998,-0.8592,-0.9236,-0.8595,-0.705,-0.5371,-0.4606,-0.4217,-0.3435,-0.2781,-0.256,-0.2774,-0.3237,-0.3742,-0.4112,-0.4338,-0.4558,-0.4846,-0.5198,-0.5586,-0.5975,-0.6331,-0.6631,-0.6861,-0.7021,-0.7848,-0.7773,-0.7597,-0.7548,-0.8475,-1.0728,-1.3575,-1.5915,-1.4576,-1.1949,-0.9755,-0.8576,-0.8333,-0.9722,-0.8342,-0.3867,-0.2782,-0.4837,-0.4972,-0.3456,-0.2786,-0.2611,-0.2857,-0.3429,-0.4122,-0.4506,-0.4538,-0.4648,-0.4948,-0.5377,-0.5867,-0.6357,-0.6793,-0.7137,-0.7374,-0.7509,-0.7971,-0.8049,-0.8189,-0.8564,-0.9457,-1.0986,-1.2939,-1.4608,-1.365,-1.0822,-0.8979,-0.8507,-0.8363,-0.6864,-0.3868,0.184,0.1348,-0.2133,-0.3395,-0.2585,-0.1955,-0.187,-0.242,-0.3367,-0.4468,-0.4939,-0.4685,-0.4693,-0.5052,-0.5615,-0.627,-0.6916,-0.7466,-0.7858,-0.8078,-0.8152,-0.8053,-0.8212,-0.8459,-0.8876,-0.9544,-1.0453,-1.1407,-1.187,-1.1075,-0.9547,-0.8504,-0.7867,-0.6744,-0.5088,-0.2046,0.3613,0.8786,0.1857,-0.1126,-0.106,0.021,0.0115,-0.1356,-0.286,-0.4096,-0.4633,-0.4518,-0.464,-0.516,-0.595,-0.6869,-0.7765,-0.8479,-0.8909,-0.9056,-0.8994,-0.8068,-0.8243,-0.8484,-0.8818,-0.9249,-0.972,-1.0074,-1.0053,-0.9512,-0.8834,-0.8787,-0.8088,-0.7398,-0.581,-0.304,0.1858,0.6015,0.1325,-0.1045,0.0401,0.5177,0.3934,0.0023,-0.2142,-0.3248,-0.3754,-0.398,-0.441,-0.5243,-0.6414,-0.7777,-0.9091,-1.005,-1.0467,-1.0407,-1.0073,-0.8022,-0.8179,-0.8373,-0.8605,-0.8857,-0.9075,-0.9171,-0.9055,-0.8746,-0.8497,-0.8638,-0.8238,-0.8771,-0.8833,-0.5089,-0.2327,-0.116,-0.2472,-0.3432,-0.0653,0.5819,0.4315,0.009,-0.1868,-0.2532,-0.2659,-0.2931,-0.3798,-0.5213,-0.7027,-0.9139,-1.1202,-1.254,-1.2773,-1.2216,-1.1381,-0.7934,-0.8059,-0.82,-0.8348,-0.8483,-0.8572,-0.8571,-0.8458,-0.827,-0.8113,-0.8033,-0.8036,-0.8999,-0.8984,-0.6279,-0.4967,-0.4374,-0.5969,-0.817,-0.4489,-0.0946,-0.0287,-0.1447,-0.2122,-0.1741,-0.0627,-0.0589,-0.2492,-0.502,-0.7775,-1.1042,-1.4447,-1.6362,-1.5961,-1.4392,-1.2775,-0.7823,-0.7916,-0.801,-0.8097,-0.8161,-0.8183,-0.8145,-0.8043,-0.79,-0.7756,-0.7636,-0.7574,-0.7586,-0.716,-0.6644,-0.665,-0.5691,-0.642,-0.7427,-0.5943,-0.4243,-0.3202,-0.2989,-0.2599,-0.083,0.309,0.3922,-0.0884,-0.5012,-0.8581,-1.3073,-1.8409,-2.1038,-1.9337,-1.6353,-1.3899,-0.7703,-0.7766,-0.7824,-0.7869,-0.7891,-0.7878,-0.7822,-0.7725,-0.7597,-0.7454,-0.7305,-0.715,-0.6949,-0.6657,-0.6558,-0.6511,-0.5957,-0.6032,-0.6563,-0.6769,-0.55,-0.4646,-0.421,-0.3488,-0.1443,0.3395,0.4521,-0.2226,-0.6083,-0.9289,-1.3862,-2.0,-2.2953,-2.0563,-1.7017,-1.4295,-0.7582,-0.7622,-0.7653,-0.767,-0.7665,-0.7632,-0.7567,-0.7472,-0.735,-0.7208,-0.7048,-0.6868,-0.6659,-0.6438,-0.6273,-0.6108,-0.5908,-0.5924,-0.62,-0.6251,-0.5815,-0.5624,-0.5468,-0.4919,-0.4145,-0.4277,-0.7644,-0.7905,-0.8215,-0.9901,-1.2883,-1.7134,-1.9554,-1.8391,-1.5959,-1.3819,-0.7466,-0.7488,-0.75,-0.7497,-0.7476,-0.7431,-0.7362,-0.7268,-0.7151,-0.7015,-0.686,-0.6687,-0.65,-0.6312,-0.6143,-0.5992,-0.5878,-0.586,-0.5933,-0.6003,-0.62,-0.6808,-0.7001,-0.6341,-0.6272,-0.8211,-1.1639,-1.0487,-1.0193,-1.0764,-1.1796,-1.3746,-1.5244,-1.5178,-1.4097,-1.2814,-0.7358,-0.7366,-0.7364,-0.7349,-0.7317,-0.7267,-0.7196,-0.7105,-0.6995,-0.6867,-0.6725,-0.657,-0.6407,-0.6247,-0.61,-0.5976,-0.5893,-0.5873,-0.593,-0.6106,-0.6599,-0.7578,-0.787,-0.7084,-0.7078,-0.8294,-0.9783,-1.072,-1.2355,-1.2005,-1.1484,-1.1948,-1.2628,-1.2798,-1.2406,-1.1733,-0.726,-0.7258,-0.7246,-0.7222,-0.7184,-0.7131,-0.7061,-0.6974,-0.6872,-0.6756,-0.6628,-0.6492,-0.6353,-0.6219,-0.6097,-0.5999,-0.5938,-0.5931,-0.6,-0.6197,-0.6609,-0.7182,-0.7364,-0.7124,-0.7296,-0.8105,-0.9291,-1.0954,-1.2619,-1.2177,-1.1285,-1.1093,-1.1256,-1.1335,-1.1171,-1.0814]}]