docs/data/wind_grid.json
[{"header":{"la1":42.85,"la2":41.18,"lo1":11.55,"lo2":14.05,"nx":36,"ny":24,"dx":0.07143,"dy":0.07261,"parameterCategory":2,"parameterNumber":2,"parameterNumberName":"eastward_wind","parameterUnit":"m.s-1"},"data":[-0.6418,-0.6439,-0.6439,-0.6418,-0.6378,-0.6322,-0.6252,-0.6169,-0.6074,-0.5972,-0.5877,-0.5803,-0.5765,-0.5769,-0.5812,-0.5882,-0.5956,-0.6001,-0.5988,-0.5902,-0.5757,-0.5594,-0.5456,-0.5359,-0.5296,-0.5244,-0.5191,-0.5129,-0.5058,-0.4983,-0.4905,-0.4829,-0.4756,-0.4688,-0.4625,-0.4567,-0.6612,-0.6646,-0.6652,-0.663,-0.6584,-0.6521,-0.6443,-0.6347,-0.6226,-0.6086,-0.5947,-0.5838,-0.5781,-0.5791,-0.5866,-0.599,-0.6127,-0.6224,-0.6217,-0.6069,-0.5808,-0.553,-0.5335,-0.5248,-0.5224,-0.521,-0.5178,-0.5123,-0.5051,-0.497,-0.4886,-0.4803,-0.4724,-0.4652,-0.4585,-0.4525,-0.6848,-0.6904,-0.692,-0.6895,-0.684,-0.677,-0.6693,-0.6595,-0.6449,-0.625,-0.6035,-0.5861,-0.5771,-0.5784,-0.5904,-0.6113,-0.6364,-0.6565,-0.6585,-0.6318,-0.58,-0.5269,-0.4995,-0.4992,-0.5089,-0.5157,-0.5162,-0.5116,-0.5041,-0.4951,-0.4858,-0.4768,-0.4683,-0.4606,-0.4537,-0.4476,-0.7138,-0.7231,-0.7266,-0.7235,-0.7158,-0.7078,-0.7024,-0.6965,-0.6808,-0.6508,-0.6153,-0.5864,-0.5713,-0.5724,-0.59,-0.6236,-0.6685,-0.7113,-0.7248,-0.6776,-0.5668,-0.4524,-0.4185,-0.4518,-0.4902,-0.5107,-0.5156,-0.5114,-0.5027,-0.4924,-0.4819,-0.4721,-0.463,-0.455,-0.4479,-0.4417,-0.7496,-0.7657,-0.7732,-0.769,-0.7559,-0.7441,-0.745,-0.7551,-0.7448,-0.6945,-0.6306,-0.5822,-0.5578,-0.5573,-0.581,-0.6311,-0.7082,-0.7995,-0.8547,-0.7849,-0.5493,-0.2824,-0.2652,-0.392,-0.4779,-0.5121,-0.5183,-0.5118,-0.5006,-0.4883,-0.4765,-0.4658,-0.4563,-0.448,-0.4409,-0.4347,-0.7929,-0.8219,-0.8394,-0.8347,-0.8085,-0.783,-0.7916,-0.8459,-0.8628,-0.7626,-0.6433,-0.5676,-0.5322,-0.5283,-0.5557,-0.6223,-0.7411,-0.9206,-1.0994,-1.0382,-0.6404,-0.1641,-0.1793,-0.3939,-0.4976,-0.5268,-0.525,-0.5122,-0.4968,-0.482,-0.4688,-0.4574,-0.4477,-0.4395,-0.4325,-0.4266,-0.8419,-0.8941,-0.9366,-0.9389,-0.8854,-0.8204,-0.8158,-0.9249,-0.9966,-0.8082,-0.6265,-0.5324,-0.4902,-0.4804,-0.5041,-0.5779,-0.7282,-0.9911,-1.3395,-1.3097,-0.9143,-0.5616,-0.4659,-0.5305,-0.5597,-0.5528,-0.5323,-0.5097,-0.4892,-0.4721,-0.458,-0.4465,-0.437,-0.4292,-0.4226,-0.4172,-0.8883,-0.9734,-1.069,-1.1062,-1.0018,-0.8578,-0.7879,-0.8308,-0.8595,-0.6961,-0.5476,-0.4716,-0.432,-0.4103,-0.4134,-0.4767,-0.6341,-0.8843,-1.1499,-1.1952,-1.1906,-1.0779,-0.8428,-0.7049,-0.6283,-0.5738,-0.5316,-0.4992,-0.475,-0.457,-0.4432,-0.4325,-0.424,-0.417,-0.4112,-0.4065,-0.9164,-1.0253,-1.176,-1.2809,-1.109,-0.8852,-0.7355,-0.6486,-0.5694,-0.4771,-0.4241,-0.3965,-0.3667,-0.321,-0.2605,-0.2834,-0.4768,-0.7257,-0.9486,-1.1864,-1.6081,-1.4999,-1.0594,-0.7987,-0.6558,-0.5686,-0.512,-0.4752,-0.4513,-0.4353,-0.424,-0.4154,-0.4085,-0.4028,-0.3982,-0.3944,-0.9157,-1.0181,-1.1375,-1.1999,-1.0907,-0.8883,-0.693,-0.5134,-0.3055,-0.2109,-0.2869,-0.3282,-0.3118,-0.2408,-0.027,0.0868,-0.3192,-0.6531,-0.8775,-1.1071,-1.4159,-1.3508,-1.0162,-0.7716,-0.6182,-0.522,-0.4645,-0.4329,-0.4162,-0.4068,-0.4005,-0.3954,-0.3909,-0.3869,-0.3836,-0.3809,-0.8916,-0.9824,-1.0935,-1.2287,-1.1797,-0.9006,-0.6857,-0.4814,-0.0385,0.1766,-0.182,-0.2881,-0.2762,-0.2219,-0.0448,0.0962,-0.3831,-0.7615,-0.9474,-1.0048,-1.0435,-0.9895,-0.8263,-0.6536,-0.5158,-0.4254,-0.382,-0.3696,-0.37,-0.3726,-0.3739,-0.3734,-0.3717,-0.3695,-0.3674,-0.366,-0.8505,-0.9302,-1.0434,-1.1899,-1.1326,-0.8635,-0.7315,-0.6881,-0.3502,-0.0783,-0.2414,-0.2836,-0.2461,-0.1755,-0.2143,-0.346,-0.6807,-1.2147,-1.3627,-1.0992,-0.9077,-0.78,-0.6469,-0.498,-0.3547,-0.2667,-0.2577,-0.2872,-0.3171,-0.3366,-0.3468,-0.3508,-0.3513,-0.3505,-0.3496,-0.3494,-0.7954,-0.8509,-0.9149,-0.9577,-0.9001,-0.7847,-0.7775,-0.8953,-0.7391,-0.4343,-0.3268,-0.2903,-0.2495,-0.1431,-0.218,-0.4752,-0.8734,-2.1389,-2.1925,-1.2401,-0.8343,-0.6394,-0.4988,-0.3378,-0.1397,-0.0302,-0.0962,-0.1998,-0.2685,-0.3052,-0.3224,-0.3288,-0.3301,-0.3297,-0.3296,-0.3307,-0.7348,-0.7649,-0.7888,-0.7894,-0.7536,-0.7141,-0.7321,-0.8016,-0.7064,-0.4604,-0.3277,-0.2876,-0.2768,-0.2153,-0.3612,-0.5262,-0.755,-1.4528,-1.601,-1.0146,-0.6506,-0.4722,-0.3662,-0.2205,0.035,0.1852,0.024,-0.1478,-0.2415,-0.2857,-0.3034,-0.3079,-0.3071,-0.3058,-0.3063,-0.3092,-0.6776,-0.6903,-0.6946,-0.6848,-0.6614,-0.6386,-0.6307,-0.6141,-0.5188,-0.3641,-0.2619,-0.2491,-0.2485,-0.2071,-0.4111,-0.5682,-1.1818,-0.9318,-0.843,-0.5832,-0.3068,-0.2199,-0.2341,-0.1849,-0.026,0.0803,-0.0333,-0.1701,-0.2476,-0.2812,-0.2897,-0.2859,-0.2793,-0.2758,-0.2776,-0.2836,-0.6278,-0.6302,-0.6257,-0.6123,-0.5912,-0.566,-0.5358,-0.4855,-0.3925,-0.2533,-0.0855,-0.188,-0.2224,-0.2671,-0.4003,-0.6832,-1.0059,-0.7122,-0.4813,-0.207,0.1932,0.1223,-0.106,-0.1814,-0.1621,-0.1408,-0.1824,-0.2427,-0.2793,-0.2882,-0.2771,-0.257,-0.2402,-0.2346,-0.2404,-0.2528,-0.586,-0.5825,-0.5734,-0.5578,-0.5357,-0.5071,-0.469,-0.4144,-0.3349,-0.2257,-0.1047,-0.1616,-0.1756,-0.1733,-0.2913,-0.4102,-0.4651,-0.3178,-0.1355,-0.0208,0.281,0.1878,-0.0664,-0.1909,-0.2453,-0.278,-0.3064,-0.3239,-0.3227,-0.2998,-0.2581,-0.2103,-0.1782,-0.1744,-0.1916,-0.2165,-0.5514,-0.5443,-0.5326,-0.5157,-0.4931,-0.4639,-0.4266,-0.3787,-0.3196,-0.2549,-0.2067,-0.1931,-0.1586,-0.1392,-0.1094,-0.0932,-0.1403,0.0619,0.3253,0.0902,0.0456,0.0012,-0.1142,-0.2234,-0.3137,-0.3823,-0.4121,-0.4058,-0.3729,-0.3124,-0.2256,-0.1317,-0.0787,-0.0896,-0.133,-0.1782,-0.5227,-0.5136,-0.5006,-0.4832,-0.4611,-0.4337,-0.4004,-0.361,-0.3173,-0.2739,-0.2378,-0.2075,-0.1663,-0.0755,0.2373,0.377,0.0569,0.109,0.2403,0.1206,0.0215,-0.0587,-0.1479,-0.2578,-0.3801,-0.4705,-0.4907,-0.4876,-0.4327,-0.3291,-0.1864,-0.027,0.0487,0.0022,-0.0796,-0.1471,-0.4989,-0.4887,-0.4753,-0.4582,-0.4374,-0.4125,-0.3835,-0.3511,-0.3165,-0.2819,-0.2485,-0.2118,-0.1568,-0.0406,0.2037,0.2844,0.0784,0.0534,0.1438,0.1795,0.0475,-0.0464,-0.1344,-0.264,-0.4266,-0.5174,-0.5307,-0.6084,-0.512,-0.3544,-0.1764,0.0166,0.1022,0.036,-0.0611,-0.1357,-0.4793,-0.4686,-0.4552,-0.4389,-0.4196,-0.3973,-0.3721,-0.3446,-0.3156,-0.2856,-0.254,-0.2169,-0.1656,-0.087,0.0087,0.0415,0.006,0.0118,0.0738,0.095,0.0434,0.0204,-0.0348,-0.2048,-0.4578,-0.7472,-1.0865,-0.9429,-0.5879,-0.3573,-0.2035,-0.0636,0.0079,-0.0229,-0.0889,-0.1474,-0.463,-0.4522,-0.4393,-0.424,-0.4063,-0.3862,-0.3641,-0.3402,-0.3149,-0.2883,-0.2595,-0.2264,-0.1859,-0.1373,-0.0908,-0.0651,-0.0562,-0.0376,-0.0043,0.0253,0.0802,0.2189,0.2422,-0.0382,-0.4225,-0.8978,-1.4327,-1.0738,-0.4396,-0.2338,-0.1885,-0.1409,-0.1036,-0.1067,-0.1368,-0.1726,-0.4495,-0.4389,-0.4265,-0.4123,-0.3961,-0.3781,-0.3584,-0.3374,-0.315,-0.2913,-0.2658,-0.2378,-0.2065,-0.1735,-0.143,-0.1196,-0.1006,-0.078,-0.0459,0.0072,0.1331,0.3929,0.4737,0.108,-0.3053,-0.6591,-0.8439,-0.4792,0.0694,0.0226,-0.1123,-0.1561,-0.1595,-0.1635,-0.1781,-0.1989,-0.4383,-0.4281,-0.4163,-0.4031,-0.3882,-0.372,-0.3544,-0.3357,-0.3158,-0.2949,-0.2727,-0.249,-0.2242,-0.199,-0.1753,-0.1539,-0.1333,-0.1093,-0.0758,-0.0189,0.0889,0.2435,0.2675,0.0469,-0.2255,-0.4197,-0.4399,-0.1732,0.143,0.0747,-0.0799,-0.1556,-0.1827,-0.1949,-0.2065,-0.2204]},{"header":{"la1":42.85,"la2":41.18,"lo1":11.55,"lo2":14.05,"nx":36,"ny":24,"dx":0.07143,"dy":0.07261,"parameterCategory":2,"parameterNumber":3,"parameterNumberName":"northward_wind","parameterUnit":"m.s-1"},"data":[-0.6948,-0.6907,-0.6845,-0.6759,-0.6653,-0.653,-0.6398,-0.6267,-0.6139,-0.601,-0.5869,-0.57,-0.5492,-0.5237,-0.4935,-0.4592,-0.422,-0.3836,-0.3462,-0.312,-0.2838,-0.265,-0.2578,-0.2623,-0.2758,-0.2946,-0.3155,-0.3367,-0.357,-0.376,-0.3937,-0.4102,-0.4253,-0.4394,-0.4523,-0.4643,-0.7072,-0.7035,-0.697,-0.6872,-0.6742,-0.6588,-0.6424,-0.6272,-0.6142,-0.6029,-0.591,-0.5757,-0.5547,-0.5269,-0.4923,-0.4514,-0.4057,-0.3577,-0.3102,-0.2658,-0.2279,-0.2026,-0.1957,-0.2073,-0.2314,-0.2606,-0.2902,-0.3179,-0.3431,-0.3659,-0.3865,-0.4051,-0.4221,-0.4377,-0.4518,-0.4648,-0.7216,-0.7187,-0.712,-0.7005,-0.6839,-0.6629,-0.6403,-0.6205,-0.6072,-0.5999,-0.5938,-0.5827,-0.5631,-0.5336,-0.494,-0.4449,-0.3882,-0.3276,-0.2672,-0.2092,-0.1555,-0.117,-0.1106,-0.1369,-0.1797,-0.2245,-0.2653,-0.3006,-0.3311,-0.3576,-0.3809,-0.4017,-0.4205,-0.4374,-0.4528,-0.4667,-0.7382,-0.7371,-0.7309,-0.7176,-0.6956,-0.665,-0.6295,-0.5984,-0.5836,-0.5862,-0.5933,-0.5917,-0.5761,-0.5457,-0.5008,-0.4417,-0.3699,-0.2916,-0.2159,-0.1438,-0.0648,0.0045,0.0094,-0.0497,-0.1248,-0.1908,-0.244,-0.2868,-0.322,-0.3518,-0.3776,-0.4003,-0.4207,-0.4389,-0.4554,-0.4702,-0.7573,-0.7596,-0.7558,-0.7416,-0.713,-0.667,-0.6051,-0.5444,-0.5226,-0.5507,-0.5884,-0.6046,-0.5957,-0.5657,-0.5161,-0.4455,-0.3529,-0.2463,-0.1504,-0.0771,0.028,0.1674,0.1632,0.0375,-0.0807,-0.1673,-0.2304,-0.2786,-0.3172,-0.3494,-0.377,-0.4014,-0.4231,-0.4426,-0.46,-0.4757,-0.7785,-0.7873,-0.7897,-0.7777,-0.7429,-0.6775,-0.5706,-0.435,-0.385,-0.4833,-0.585,-0.6269,-0.6254,-0.5969,-0.5452,-0.4645,-0.3459,-0.1902,-0.048,-0.0076,0.0611,0.254,0.2371,0.065,-0.0704,-0.1625,-0.228,-0.2777,-0.3174,-0.3507,-0.3795,-0.4051,-0.428,-0.4486,-0.467,-0.4833,-0.8001,-0.8196,-0.8358,-0.8326,-0.794,-0.715,-0.5701,-0.327,-0.2126,-0.4376,-0.6126,-0.6686,-0.6681,-0.6423,-0.595,-0.5123,-0.3744,-0.1664,0.0601,0.0612,0.0238,0.1003,0.0993,0.0009,-0.099,-0.177,-0.2366,-0.2835,-0.3223,-0.3556,-0.3851,-0.4117,-0.4357,-0.4573,-0.4766,-0.4936,-0.8172,-0.8507,-0.8944,-0.9135,-0.864,-0.7843,-0.6717,-0.4874,-0.4042,-0.5839,-0.7106,-0.7355,-0.7225,-0.703,-0.6752,-0.6063,-0.4653,-0.26,-0.0608,-0.0092,0.0278,0.038,-0.0071,-0.072,-0.1412,-0.2019,-0.2522,-0.2943,-0.3308,-0.3636,-0.3936,-0.4213,-0.4465,-0.4693,-0.4895,-0.5071,-0.8221,-0.8624,-0.9382,-1.0024,-0.9118,-0.8462,-0.823,-0.8021,-0.8216,-0.8738,-0.8656,-0.8168,-0.7786,-0.7748,-0.8055,-0.7784,-0.6103,-0.4019,-0.2212,-0.0551,0.1649,0.1281,-0.0249,-0.1163,-0.1787,-0.2282,-0.2699,-0.3069,-0.3412,-0.3738,-0.4048,-0.434,-0.4609,-0.485,-0.5062,-0.5243,-0.8111,-0.8326,-0.8713,-0.8976,-0.8301,-0.8643,-0.9494,-1.0516,-1.1936,-1.2274,-1.0465,-0.8887,-0.8185,-0.8336,-1.0057,-1.1076,-0.7593,-0.4963,-0.3186,-0.1378,0.0602,0.0474,-0.0777,-0.16,-0.2121,-0.2512,-0.2853,-0.3182,-0.3516,-0.3853,-0.4186,-0.4503,-0.4796,-0.5056,-0.5279,-0.5463,-0.7936,-0.7842,-0.7313,-0.5813,-0.6185,-0.8619,-1.0602,-1.2255,-1.5301,-1.6923,-1.19,-0.9191,-0.8324,-0.8375,-0.9802,-1.112,-0.7248,-0.5011,-0.3786,-0.2639,-0.1614,-0.134,-0.1672,-0.2071,-0.2392,-0.266,-0.2934,-0.3249,-0.3603,-0.3978,-0.4354,-0.4714,-0.5041,-0.5326,-0.556,-0.5743,-0.7843,-0.7658,-0.7045,-0.5902,-0.6456,-0.9333,-1.1948,-1.3512,-1.4267,-1.4647,-1.1112,-0.8906,-0.8376,-0.8915,-0.8153,-0.6649,-0.5117,-0.455,-0.4216,-0.335,-0.2612,-0.2258,-0.2238,-0.2365,-0.25,-0.264,-0.2879,-0.3237,-0.3664,-0.4117,-0.4567,-0.4992,-0.537,-0.5684,-0.5927,-0.6101,-0.7867,-0.7803,-0.7624,-0.7549,-0.8384,-1.042,-1.2941,-1.4941,-1.3884,-1.1754,-0.9674,-0.8483,-0.8186,-0.9279,-0.7818,-0.365,-0.2679,-0.5104,-0.5261,-0.3492,-0.2704,-0.2378,-0.2333,-0.2394,-0.2376,-0.2358,-0.2645,-0.3155,-0.3722,-0.4296,-0.4856,-0.5375,-0.5821,-0.617,-0.6415,-0.6564,-0.7934,-0.8009,-0.8131,-0.846,-0.9258,-1.0625,-1.2353,-1.3812,-1.2988,-1.0508,-0.884,-0.8432,-0.8322,-0.69,-0.3823,0.19,0.1474,-0.2185,-0.3551,-0.269,-0.2054,-0.1843,-0.2029,-0.2254,-0.2175,-0.1986,-0.2406,-0.3114,-0.3839,-0.4563,-0.5272,-0.5924,-0.6462,-0.6847,-0.7071,-0.7161,-0.7972,-0.8121,-0.8344,-0.8716,-0.9312,-1.0123,-1.0968,-1.1371,-1.0646,-0.9231,-0.8272,-0.7842,-0.7209,-0.6853,-0.2255,0.3689,0.9501,0.2087,-0.1175,-0.1346,-0.0334,-0.0332,-0.1301,-0.204,-0.2232,-0.2187,-0.2568,-0.3262,-0.4074,-0.4964,-0.5883,-0.6735,-0.7402,-0.7809,-0.7962,-0.793,-0.7956,-0.8119,-0.8337,-0.8636,-0.902,-0.9438,-0.9745,-0.9706,-0.9172,-0.8424,-0.8042,-0.7999,-0.7601,-0.6374,-0.3244,0.2063,0.6561,0.1502,-0.1208,-0.0258,0.3624,0.2653,-0.0354,-0.1805,-0.2314,-0.2508,-0.2834,-0.3461,-0.4378,-0.5518,-0.6777,-0.7963,-0.8823,-0.9206,-0.9172,-0.89,-0.7888,-0.8034,-0.821,-0.8418,-0.8642,-0.8833,-0.8907,-0.8779,-0.8451,-0.8101,-0.7988,-0.801,-0.9115,-0.9354,-0.5286,-0.2319,-0.11,-0.2611,-0.3833,-0.1403,0.4108,0.2914,-0.0419,-0.1841,-0.2224,-0.2262,-0.2523,-0.3323,-0.4593,-0.6204,-0.8061,-0.9857,-1.102,-1.1231,-1.0766,-1.0062,-0.7787,-0.7903,-0.8031,-0.8164,-0.8283,-0.8358,-0.8347,-0.823,-0.8035,-0.786,-0.7803,-0.8019,-0.9394,-0.9468,-0.645,-0.5029,-0.4489,-0.646,-0.9093,-0.5036,-0.161,-0.091,-0.175,-0.2201,-0.1837,-0.0949,-0.0942,-0.2501,-0.4621,-0.6982,-0.9786,-1.2692,-1.4322,-1.3986,-1.266,-1.129,-0.7667,-0.7753,-0.7839,-0.7917,-0.7974,-0.799,-0.795,-0.7852,-0.7718,-0.7595,-0.7532,-0.7589,-0.7737,-0.7323,-0.6692,-0.6665,-0.579,-0.6778,-0.7962,-0.597,-0.4319,-0.3332,-0.306,-0.267,-0.1215,0.1894,0.2544,-0.1302,-0.4727,-0.778,-1.1598,-1.6089,-1.8293,-1.6865,-1.4354,-1.2282,-0.754,-0.76,-0.7654,-0.7695,-0.7713,-0.77,-0.7648,-0.7559,-0.7447,-0.7333,-0.7231,-0.7139,-0.6993,-0.671,-0.6581,-0.6523,-0.5981,-0.601,-0.6078,-0.6019,-0.5212,-0.4493,-0.4068,-0.3418,-0.1721,0.2142,0.3034,-0.2338,-0.5665,-0.8509,-1.2375,-1.7458,-1.9899,-1.7913,-1.4949,-1.2658,-0.7415,-0.7453,-0.7483,-0.7498,-0.7494,-0.7464,-0.7405,-0.7321,-0.7216,-0.7099,-0.6972,-0.6828,-0.6648,-0.6439,-0.6269,-0.6092,-0.5861,-0.5773,-0.5811,-0.5757,-0.5439,-0.525,-0.5072,-0.4576,-0.3849,-0.3738,-0.6064,-0.6579,-0.7549,-0.932,-1.1795,-1.519,-1.7126,-1.6148,-1.4113,-1.2306,-0.7295,-0.7317,-0.7329,-0.7327,-0.7308,-0.7268,-0.7206,-0.7123,-0.7022,-0.6905,-0.6772,-0.6622,-0.6452,-0.6272,-0.6099,-0.5931,-0.5778,-0.5686,-0.5654,-0.5639,-0.5734,-0.6134,-0.6253,-0.5725,-0.5568,-0.675,-0.881,-0.8629,-0.9967,-1.0831,-1.1386,-1.2667,-1.3718,-1.3577,-1.2629,-1.1518,-0.7184,-0.7193,-0.7192,-0.7179,-0.7151,-0.7105,-0.7042,-0.696,-0.6863,-0.675,-0.6622,-0.6481,-0.6328,-0.6171,-0.6017,-0.5875,-0.5756,-0.5679,-0.5658,-0.5729,-0.6032,-0.6695,-0.6898,-0.6338,-0.6335,-0.7207,-0.8433,-1.0454,-1.3739,-1.3119,-1.1741,-1.1514,-1.175,-1.1721,-1.1297,-1.067,-0.7082,-0.7081,-0.7072,-0.7051,-0.7017,-0.6968,-0.6905,-0.6826,-0.6734,-0.6628,-0.6511,-0.6383,-0.6248,-0.6112,-0.5982,-0.5864,-0.5771,-0.5715,-0.5716,-0.5811,-0.6064,-0.6441,-0.6567,-0.6439,-0.6664,-0.7464,-0.8885,-1.1495,-1.4235,-1.3488,-1.1792,-1.0981,-1.0743,-1.0596,-1.0331,-0.9947]}]