docs/data/wind_grid.json
[{"header":{"la1":42.85,"la2":41.18,"lo1":11.55,"lo2":14.05,"nx":36,"ny":24,"dx":0.07143,"dy":0.07261,"parameterCategory":2,"parameterNumber":2,"parameterNumberName":"eastward_wind","parameterUnit":"m.s-1"},"data":[4.4078,4.4081,4.4062,4.4016,4.3942,4.3833,4.3683,4.348,4.3215,4.2887,4.2504,4.2082,4.1639,4.1189,4.0739,4.0286,3.9823,3.9336,3.8819,3.8283,3.7774,3.7374,3.7157,3.7138,3.7267,3.7471,3.7689,3.7886,3.8047,3.8171,3.8262,3.8325,3.8367,3.8393,3.8407,3.8415,4.4318,4.4342,4.4342,4.4315,4.4259,4.4169,4.4036,4.3839,4.3556,4.318,4.2725,4.2221,4.17,4.1182,4.0676,4.0176,3.9665,3.911,3.8476,3.7753,3.7009,3.6415,3.6153,3.6249,3.6572,3.6962,3.7322,3.7616,3.7838,3.7998,3.8109,3.8183,3.8229,3.8255,3.8269,3.8275,4.4581,4.4633,4.4658,4.4652,4.462,4.4563,4.4471,4.4306,4.4016,4.3573,4.3009,4.2386,4.1759,4.1159,4.0596,4.0061,3.9524,3.8923,3.8167,3.7161,3.5959,3.4944,3.4617,3.5006,3.5715,3.6409,3.6963,3.7368,3.7651,3.7842,3.7967,3.8044,3.8089,3.8113,3.8123,3.8125,4.487,4.4961,4.5016,4.5033,4.5024,4.5014,4.5009,4.494,4.4672,4.4125,4.3377,4.2571,4.1798,4.1098,4.048,3.9933,3.9417,3.8848,3.8037,3.6664,3.4549,3.2511,3.2141,3.3317,3.4765,3.5896,3.667,3.7177,3.7504,3.7711,3.7837,3.7909,3.7947,3.7962,3.7965,3.7962,4.5189,4.5335,4.5433,4.5467,4.5465,4.5503,4.5655,4.5837,4.5682,4.4926,4.3834,4.2745,4.1781,4.096,4.0287,3.9759,3.9347,3.8971,3.8374,3.6782,3.3084,2.8588,2.8494,3.151,3.4035,3.5597,3.6524,3.7078,3.7411,3.7608,3.7719,3.7775,3.7797,3.7799,3.779,3.7779,4.5534,4.577,4.5944,4.5993,4.5942,4.5969,4.6331,4.7072,4.7271,4.6009,4.4292,4.2834,4.1648,4.0681,3.994,3.9461,3.9249,3.9295,3.9466,3.8382,3.3509,2.6237,2.6626,3.1142,3.4097,3.5701,3.6586,3.7086,3.737,3.7527,3.7605,3.7634,3.7633,3.7615,3.7592,3.757,4.5888,4.6274,4.6614,4.6709,4.6496,4.6328,4.6721,4.8068,4.8838,4.6768,4.4443,4.2725,4.1342,4.017,3.9287,3.8857,3.8932,3.9484,4.0572,4.0258,3.6629,3.2154,3.1299,3.3374,3.514,3.6212,3.6826,3.7172,3.7359,3.7451,3.7481,3.7472,3.7441,3.7401,3.736,3.7326,4.6188,4.6781,4.7482,4.7797,4.7211,4.6571,4.6555,4.7277,4.7594,4.5956,4.4039,4.2407,4.086,3.9316,3.8009,3.7534,3.8058,3.9007,3.985,3.9714,3.8949,3.777,3.6346,3.6115,3.6479,3.6858,3.7115,3.7263,3.7333,3.7349,3.7325,3.7274,3.7209,3.7141,3.7081,3.7036,4.6325,4.7041,4.8165,4.9024,4.7784,4.6684,4.6285,4.6099,4.5659,4.4729,4.3527,4.2089,4.0345,3.8085,3.5401,3.4448,3.626,3.8151,3.917,3.9713,4.0694,4.0279,3.8636,3.7744,3.7427,3.7326,3.7288,3.7265,3.7237,3.7188,3.7115,3.7021,3.6918,3.6819,3.6738,3.6682,4.6237,4.6776,4.75,4.7923,4.702,4.6564,4.6357,4.587,4.4917,4.4125,4.3357,4.2003,4.0126,3.7095,3.0691,2.7354,3.39,3.7614,3.9075,3.9762,4.036,4.0131,3.9165,3.8357,3.7794,3.7418,3.7199,3.7089,3.702,3.6939,3.6828,3.6691,3.6545,3.6412,3.6309,3.6246,4.6022,4.6272,4.6244,4.5529,4.5648,4.6529,4.7066,4.669,4.4458,4.3389,4.3481,4.217,4.0421,3.8053,3.1871,2.7305,3.4699,3.826,3.9537,3.9908,3.9953,3.9708,3.9124,3.835,3.7563,3.6974,3.6705,3.6657,3.6651,3.6587,3.6449,3.6261,3.6062,3.5888,3.5763,3.57,4.5821,4.596,4.5869,4.547,4.5712,4.7069,4.8736,4.9704,4.6952,4.4549,4.3905,4.2546,4.0864,3.9413,3.8383,3.6939,3.8156,4.0053,4.0738,4.05,4.0178,3.9736,3.9012,3.7903,3.6575,3.5681,3.5619,3.5932,3.6147,3.6144,3.5969,3.5704,3.5427,3.5198,3.5054,3.5006,4.5674,4.5826,4.5913,4.601,4.6505,4.7837,5.0144,5.272,5.0632,4.662,4.4503,4.3479,4.1968,3.9656,3.9616,3.8864,3.9479,4.2074,4.2292,4.1132,4.0555,3.9934,3.8918,3.7119,3.4541,3.3046,3.386,3.5043,3.5612,3.5648,3.5373,3.4967,3.4566,3.4267,3.4115,3.4112,4.5553,4.5735,4.5933,4.6226,4.6796,4.7872,4.9545,5.1227,5.0029,4.6774,4.4934,4.4716,4.434,3.9704,3.9549,3.6886,3.8556,4.1175,4.1799,4.135,4.0853,4.0192,3.9026,3.6629,3.2481,3.015,3.2408,3.45,3.5236,3.5135,3.4613,3.3949,3.3354,3.2969,3.2844,3.2951,4.5431,4.5621,4.5847,4.6155,4.6618,4.729,4.8071,4.8459,4.7657,4.6313,4.5573,4.493,4.3626,4.3842,4.0115,3.6525,4.1353,4.1231,4.1747,4.1591,4.0927,4.0376,3.9494,3.7402,3.3903,3.1858,3.3372,3.4848,3.5121,3.4565,3.3564,3.2456,3.1564,3.1101,3.1098,3.1441,4.5297,4.5475,4.5681,4.5933,4.6247,4.6601,4.6883,4.6882,4.6531,4.6382,4.7276,4.6687,4.5459,4.3757,4.2139,4.1134,4.2055,4.25,4.2991,4.207,3.9924,4.0001,4.0095,3.887,3.7011,3.578,3.5752,3.578,3.5131,3.38,3.2003,3.0149,2.8803,2.8341,2.869,2.9511,4.5154,4.5309,4.5478,4.5666,4.5865,4.6046,4.6151,4.6134,4.6075,4.6311,4.7092,4.6556,4.6516,4.6511,4.4511,4.3768,4.3975,4.5326,4.6295,4.3938,3.9968,4.0256,4.0834,4.0132,3.9149,3.8446,3.784,3.6788,3.5095,3.2709,2.9652,2.6484,2.443,2.4251,2.5462,2.7175,4.5007,4.5137,4.5272,4.5408,4.5538,4.5643,4.5703,4.5721,4.5757,4.5902,4.6089,4.6156,4.6822,4.7104,4.7098,4.7416,4.6999,4.9544,5.2941,4.809,4.4199,4.2674,4.1989,4.1145,4.06,4.0717,4.0196,3.7974,3.4983,3.131,2.6379,2.0849,1.7692,1.8572,2.1569,2.4686,4.4862,4.497,4.5077,4.5181,4.5273,4.5348,4.5401,4.5442,4.55,4.5601,4.5741,4.5967,4.6457,4.7573,5.1567,5.339,4.9306,5.0148,5.2054,5.0384,4.7357,4.4848,4.3187,4.1882,4.1578,4.3746,4.4132,3.9095,3.4511,2.9873,2.2942,1.3958,0.9395,1.2524,1.8058,2.2696,4.4723,4.4813,4.4901,4.4984,4.5057,4.5121,4.5175,4.523,4.5302,4.5409,4.5576,4.5874,4.6481,4.7926,5.1093,5.2156,4.9533,4.9598,5.223,5.3457,4.9209,4.6336,4.435,4.2335,4.1107,4.3639,4.4347,3.6698,3.2738,2.8859,2.1756,1.1216,0.5972,1.0337,1.6914,2.2055,4.4591,4.4668,4.4742,4.4812,4.4876,4.4935,4.4992,4.5056,4.5139,4.5258,4.5444,4.5754,4.6302,4.7251,4.8469,4.8898,4.8505,4.8917,5.0525,5.098,4.9088,4.7871,4.6481,4.3281,3.9108,3.4448,2.7188,2.7887,2.9794,2.8486,2.3901,1.6505,1.2192,1.439,1.897,2.3054,4.4466,4.4534,4.4598,4.4659,4.4717,4.4774,4.4834,4.4902,4.499,4.5112,4.5291,4.5562,4.5966,4.6511,4.7062,4.7372,4.7512,4.7882,4.8503,4.8842,4.9349,5.1525,5.178,4.6139,3.8527,2.9371,1.9853,2.3877,2.8301,2.8562,2.6715,2.3072,2.0316,2.0492,2.2584,2.5077,4.4348,4.4408,4.4465,4.452,4.4574,4.4628,4.4687,4.4756,4.4842,4.4956,4.5112,4.5327,4.5607,4.5936,4.6253,4.6497,4.6706,4.6992,4.7406,4.81,5.007,5.4762,5.6288,4.8758,3.9924,3.2191,2.723,2.7663,2.83,2.8547,2.8363,2.6958,2.5514,2.5172,2.5946,2.7278,4.4236,4.4289,4.434,4.4389,4.4439,4.449,4.4546,4.4611,4.469,4.4789,4.4917,4.5079,4.5272,4.5484,4.5689,4.5872,4.6052,4.6282,4.665,4.7394,4.9085,5.1796,5.2073,4.7192,4.0732,3.5177,3.1482,2.9563,2.8378,2.8721,2.926,2.8989,2.8419,2.8184,2.8491,2.9203]},{"header":{"la1":42.85,"la2":41.18,"lo1":11.55,"lo2":14.05,"nx":36,"ny":24,"dx":0.07143,"dy":0.07261,"parameterCategory":2,"parameterNumber":3,"parameterNumberName":"northward_wind","parameterUnit":"m.s-1"},"data":[0.4662,0.4719,0.4777,0.4836,0.489,0.4934,0.4959,0.4954,0.4911,0.4822,0.469,0.4518,0.4308,0.406,0.3774,0.3447,0.3075,0.2659,0.2205,0.1736,0.1301,0.0976,0.0828,0.0872,0.1071,0.1363,0.1695,0.2034,0.236,0.2667,0.2951,0.3213,0.3453,0.3673,0.3873,0.4054,0.4703,0.4775,0.4853,0.4933,0.5015,0.5091,0.5149,0.517,0.5137,0.5042,0.489,0.4691,0.4451,0.4171,0.3846,0.3469,0.3031,0.2523,0.1935,0.1277,0.0623,0.0122,-0.0073,0.0063,0.0427,0.0888,0.1362,0.1809,0.2216,0.2583,0.2913,0.321,0.3478,0.3719,0.3936,0.4131,0.4741,0.4831,0.4929,0.5035,0.5151,0.5274,0.5386,0.5453,0.5439,0.5329,0.5142,0.4905,0.4631,0.4319,0.3957,0.3533,0.3032,0.2433,0.1691,0.0757,-0.0303,-0.1164,-0.1422,-0.1051,-0.0365,0.0367,0.1032,0.1607,0.2103,0.2532,0.2907,0.3238,0.3532,0.3794,0.4027,0.4233,0.4775,0.4885,0.5005,0.5137,0.5293,0.5481,0.5687,0.5846,0.5867,0.5717,0.5457,0.5161,0.485,0.4511,0.4119,0.3655,0.3107,0.2454,0.1597,0.0305,-0.1532,-0.3223,-0.3522,-0.2533,-0.1245,-0.0129,0.0758,0.1465,0.2044,0.2529,0.2944,0.3306,0.3623,0.3903,0.4149,0.4366,0.4803,0.4941,0.5087,0.5239,0.5426,0.5695,0.6062,0.6422,0.6519,0.625,0.5833,0.5446,0.5103,0.4755,0.4349,0.3854,0.3278,0.2661,0.1899,0.0361,-0.2805,-0.6401,-0.6483,-0.41,-0.1959,-0.0454,0.0617,0.1424,0.2063,0.2589,0.3035,0.3421,0.3757,0.4052,0.4309,0.4533,0.4827,0.5014,0.5203,0.5362,0.5534,0.5858,0.6463,0.7254,0.754,0.6932,0.6211,0.5728,0.5389,0.5069,0.4676,0.4155,0.3541,0.3052,0.2888,0.1724,-0.262,-0.8255,-0.7974,-0.4553,-0.206,-0.0445,0.0676,0.1514,0.2177,0.2724,0.3188,0.359,0.3941,0.4247,0.4512,0.4741,0.4835,0.5122,0.5436,0.5611,0.5636,0.5867,0.663,0.7953,0.855,0.7406,0.6434,0.5966,0.5713,0.5491,0.5163,0.4622,0.389,0.337,0.3956,0.3488,-0.0762,-0.4447,-0.4935,-0.3182,-0.1425,-0.0079,0.0941,0.1739,0.239,0.2937,0.3409,0.382,0.418,0.4494,0.4765,0.4995,0.478,0.524,0.5934,0.6309,0.5846,0.5656,0.6241,0.7287,0.7741,0.7008,0.6409,0.6172,0.6109,0.6081,0.5934,0.5418,0.4438,0.3414,0.2994,0.1699,-0.1616,-0.2822,-0.2544,-0.1655,-0.0545,0.0484,0.1353,0.2077,0.2693,0.3227,0.3698,0.4115,0.4482,0.4801,0.5074,0.5302,0.4549,0.5099,0.6424,0.7649,0.5958,0.5136,0.5589,0.6216,0.6511,0.6454,0.6368,0.6423,0.6615,0.6896,0.7212,0.6912,0.5404,0.3612,0.1933,-0.0745,-0.4965,-0.4435,-0.2141,-0.0788,0.0228,0.1097,0.1847,0.2496,0.307,0.3588,0.4057,0.448,0.4854,0.5178,0.545,0.5671,0.4063,0.4206,0.4803,0.5272,0.3623,0.3992,0.5078,0.5841,0.6263,0.6415,0.6476,0.6762,0.7259,0.7863,0.9088,0.9702,0.6578,0.3856,0.1803,-0.0594,-0.3503,-0.3305,-0.1384,-0.0027,0.0944,0.1726,0.2386,0.2968,0.3505,0.4012,0.4487,0.4922,0.5308,0.5636,0.5905,0.6113,0.3498,0.2934,0.1445,-0.2091,-0.1452,0.2706,0.4986,0.5979,0.6532,0.6732,0.6625,0.7179,0.8174,0.9041,0.9514,0.9887,0.6245,0.3262,0.1502,0.0314,-0.0705,-0.0828,-0.0088,0.0833,0.168,0.2383,0.2955,0.347,0.3983,0.4497,0.4996,0.5457,0.5861,0.6196,0.6457,0.6644,0.3177,0.2376,0.0661,-0.2031,-0.1201,0.302,0.5589,0.6589,0.6572,0.6559,0.6677,0.7617,0.9419,1.2017,1.059,0.7366,0.4259,0.0954,-0.028,0.0049,0.0129,0.0267,0.0771,0.157,0.2425,0.3076,0.3523,0.3969,0.4489,0.5049,0.5602,0.611,0.6544,0.6887,0.7132,0.7284,0.3181,0.2616,0.1782,0.1138,0.2018,0.4236,0.6217,0.7391,0.6877,0.6215,0.6573,0.8178,0.9572,1.3464,1.1609,0.591,0.254,-0.3127,-0.3531,-0.0823,-0.0099,0.0292,0.0993,0.2058,0.3178,0.3775,0.4006,0.4424,0.5031,0.5696,0.6344,0.6926,0.7404,0.7753,0.7967,0.8059,0.3354,0.3079,0.2833,0.2883,0.3547,0.4707,0.5917,0.6785,0.6397,0.541,0.5732,0.9065,1.0144,0.7,0.6221,0.3992,0.1884,-0.1289,-0.2061,-0.1082,-0.0979,-0.0616,0.0546,0.2191,0.3728,0.42,0.4283,0.4872,0.568,0.6509,0.7291,0.7979,0.8516,0.8862,0.9013,0.9001,0.3538,0.3436,0.3415,0.3578,0.3989,0.4567,0.5109,0.531,0.4733,0.3508,0.2793,0.3937,0.4643,0.2608,0.3825,0.3093,-0.5458,-0.142,-0.094,-0.1914,-0.3683,-0.3303,-0.0785,0.1801,0.3605,0.4204,0.4675,0.5591,0.6604,0.7591,0.8535,0.9372,0.9993,1.0313,1.0338,1.0146,0.3667,0.3637,0.3668,0.3788,0.3995,0.4216,0.4312,0.406,0.3136,0.1043,-0.2744,-0.0639,0.1177,0.2575,0.2337,-0.0155,-0.4072,-0.1366,-0.0941,-0.3934,-1.0765,-0.8821,-0.2592,0.1368,0.3644,0.4868,0.585,0.6897,0.7938,0.9017,1.0167,1.1256,1.2016,1.2256,1.2023,1.1515,0.3735,0.3724,0.3743,0.3794,0.3855,0.3868,0.3729,0.3287,0.2314,0.0427,-0.2316,-0.0789,0.0227,0.0292,0.1166,0.0533,-0.0124,0.0199,0.0021,-0.3335,-1.1763,-0.9376,-0.2387,0.1949,0.4743,0.6647,0.7918,0.8791,0.9631,1.0741,1.2232,1.3831,1.4861,1.4875,1.4119,1.308,0.376,0.3742,0.3734,0.3727,0.3697,0.36,0.3372,0.2931,0.22,0.1197,0.0385,0.0406,0.012,-0.0068,-0.0034,-0.0317,0.0427,0.1331,0.1763,0.0418,-0.2564,-0.2593,0.0398,0.3747,0.6913,0.9528,1.0772,1.103,1.1446,1.2558,1.4638,1.7274,1.8811,1.8235,1.65,1.4679,0.3758,0.3728,0.3694,0.3647,0.3567,0.3425,0.3186,0.2818,0.2319,0.1758,0.1305,0.1019,0.0662,-0.0049,-0.2557,-0.3675,-0.0091,0.1885,0.2689,0.3757,0.2333,0.1754,0.3104,0.5787,0.9348,1.2767,1.361,1.3082,1.3118,1.4143,1.6871,2.1069,2.3315,2.1616,1.8572,1.5945,0.3745,0.3703,0.3651,0.358,0.3477,0.3324,0.3106,0.2813,0.2456,0.2078,0.1725,0.1387,0.093,-0.0009,-0.206,-0.2626,0.0244,0.2805,0.6393,0.7977,0.4696,0.372,0.4651,0.7089,1.0708,1.3835,1.4458,1.4903,1.47,1.5223,1.7804,2.255,2.509,2.283,1.9301,1.6433,0.3729,0.3679,0.3616,0.3534,0.3425,0.3278,0.3088,0.2852,0.2582,0.2294,0.2002,0.169,0.1288,0.0695,0.0016,0.0098,0.1366,0.3149,0.527,0.5966,0.4662,0.4066,0.48,0.7236,1.1204,1.5613,1.9754,1.8703,1.6338,1.5795,1.7128,2.0148,2.2042,2.0822,1.8326,1.6019,0.3717,0.3662,0.3594,0.351,0.3403,0.327,0.3107,0.2916,0.2702,0.2476,0.2241,0.1993,0.1717,0.1427,0.1253,0.1454,0.2135,0.3101,0.4012,0.4314,0.3827,0.2926,0.3024,0.6017,1.0972,1.7281,2.3409,2.0603,1.6961,1.6044,1.6169,1.7264,1.8194,1.7841,1.6554,1.5052,0.3712,0.3655,0.3587,0.3505,0.3406,0.3288,0.315,0.2994,0.2825,0.2648,0.2469,0.2291,0.2124,0.2001,0.1994,0.219,0.261,0.3155,0.3629,0.378,0.3289,0.1772,0.1253,0.4745,0.9791,1.4847,1.8131,1.7501,1.6737,1.6347,1.5691,1.5629,1.5798,1.5592,1.4909,1.3976,0.3713,0.3658,0.3593,0.3516,0.3428,0.3325,0.321,0.3084,0.2951,0.2817,0.2686,0.2569,0.2479,0.2441,0.2493,0.2667,0.2961,0.3318,0.3636,0.377,0.3517,0.2819,0.2924,0.5327,0.8938,1.2403,1.4761,1.5886,1.6654,1.6256,1.5277,1.4694,1.4421,1.4124,1.3647,1.3015]}]