docs/data/wind_grid.json
[{"header":{"la1":42.85,"la2":41.18,"lo1":11.55,"lo2":14.05,"nx":36,"ny":24,"dx":0.07143,"dy":0.07261,"parameterCategory":2,"parameterNumber":2,"parameterNumberName":"eastward_wind","parameterUnit":"m.s-1"},"data":[5.2228,5.2322,5.2408,5.2482,5.2534,5.2548,5.2503,5.2371,5.2128,5.1765,5.1289,5.0716,5.0069,4.9367,4.8636,4.7911,4.7252,4.6734,4.6432,4.6371,4.6498,4.6688,4.681,4.6796,4.6653,4.6425,4.6158,4.5882,4.5616,4.5368,4.5144,4.4944,4.4769,4.4617,4.4487,4.4378,5.2428,5.2555,5.2683,5.2807,5.2921,5.3006,5.3031,5.2947,5.2708,5.2296,5.1726,5.1032,5.0247,4.9389,4.8476,4.7542,4.6668,4.5988,4.5663,4.5779,4.6238,4.6762,4.7069,4.7059,4.6814,4.6461,4.6084,4.5724,4.5397,4.5107,4.4854,4.4635,4.4449,4.4292,4.4161,4.4054,5.2623,5.2788,5.2961,5.3145,5.3341,5.3536,5.3687,5.3706,5.3494,5.3008,5.2295,5.1434,5.0478,4.9434,4.8292,4.7061,4.5828,4.4825,4.4415,4.4878,4.606,4.7284,4.7855,4.769,4.7155,4.6551,4.5999,4.5525,4.5124,4.4787,4.4505,4.427,4.4076,4.3918,4.3789,4.3688,5.2807,5.3012,5.3234,5.348,5.3775,5.4133,5.4514,5.4757,5.4621,5.3997,5.3032,5.1929,5.0769,4.9527,4.8124,4.6488,4.4646,4.2935,4.217,4.3262,4.6102,4.8926,4.9744,4.8873,4.7653,4.6632,4.5848,4.5241,4.4763,4.4382,4.4078,4.3834,4.364,4.3485,4.3365,4.3274,5.2975,5.3226,5.3494,5.3791,5.4178,5.4749,5.5536,5.6289,5.6356,5.54,5.3941,5.2483,5.1109,4.9699,4.806,4.5947,4.3141,3.9849,3.7694,3.9646,4.6193,5.2765,5.3245,5.0379,4.8039,4.6536,4.553,4.481,4.4272,4.3863,4.355,4.331,4.3125,4.2985,4.288,4.2806,5.3121,5.3437,5.3762,5.4077,5.4483,5.524,5.6625,5.8473,5.9083,5.7245,5.4869,5.2989,5.1459,4.9982,4.8235,4.5752,4.1783,3.5506,2.8776,3.0985,4.3738,5.5457,5.5206,5.0604,4.7713,4.6031,4.4934,4.416,4.3598,4.319,4.2894,4.2678,4.252,4.2406,4.2326,4.2275,5.323,5.3663,5.4122,5.4434,5.4663,5.5364,5.7149,6.0283,6.1761,5.8543,5.5345,5.3287,5.177,5.0383,4.8767,4.6337,4.1889,3.3076,1.9325,2.0931,3.8229,4.8234,5.0147,4.8249,4.6393,4.5008,4.3976,4.322,4.2687,4.2325,4.2084,4.1922,4.1812,4.1739,4.1694,4.1675,5.324,5.3866,5.474,5.5229,5.485,5.5022,5.6419,5.8731,5.9691,5.7442,5.5068,5.3355,5.2024,5.0855,4.9609,4.7789,4.4322,3.7646,2.8882,3.059,3.9802,4.3626,4.5401,4.5481,4.4617,4.3541,4.2596,4.1906,4.147,4.1223,4.1094,4.1027,4.0991,4.0975,4.0975,4.0996,5.3023,5.3737,5.5312,5.6724,5.4899,5.4306,5.5296,5.643,5.679,5.6073,5.4768,5.3397,5.2242,5.1301,5.0492,4.9546,4.756,4.4128,4.0775,4.0933,4.2963,4.3233,4.3856,4.3719,4.2778,4.1599,4.0638,4.0073,3.9854,3.9839,3.9908,3.9987,4.0053,4.0107,4.016,4.0227,5.2492,5.2719,5.3433,5.3983,5.2188,5.2991,5.4717,5.5991,5.6811,5.6701,5.5145,5.3534,5.243,5.1654,5.1021,5.075,4.9844,4.8219,4.6333,4.4752,4.3723,4.3652,4.3483,4.2294,4.045,3.8714,3.7693,3.7465,3.7727,3.8147,3.8531,3.8813,3.9,3.9128,3.9236,3.9352,5.1865,5.1259,4.9513,4.5269,4.612,5.1611,5.4985,5.6697,5.8369,5.9217,5.5779,5.3563,5.2568,5.2083,5.1398,5.1018,5.1097,5.1025,5.0129,4.818,4.6199,4.4791,4.3031,4.011,3.6509,3.3742,3.294,3.371,3.5014,3.6185,3.7018,3.7536,3.7838,3.8025,3.8177,3.8344,5.1525,5.0651,4.8647,4.5394,4.6525,5.2308,5.6439,5.8474,5.8081,5.7765,5.5097,5.3252,5.2623,5.2923,5.2299,5.1707,5.2428,5.4672,5.4736,5.164,4.8593,4.5757,4.202,3.625,2.9047,2.4376,2.5059,2.8536,3.1859,3.4144,3.5492,3.6206,3.6561,3.6761,3.6938,3.7161,5.1569,5.0997,5.0093,4.9429,5.0764,5.4092,5.7627,6.17,5.7909,5.5816,5.3956,5.2933,5.2391,5.302,5.229,5.1311,5.2958,6.0589,6.0815,5.4169,5.0216,4.6488,4.0845,3.0768,1.5886,0.728,1.3323,2.2666,2.8974,3.2437,3.4132,3.4854,3.5119,3.5252,3.5433,3.5732,5.1805,5.16,5.1443,5.1683,5.2773,5.4627,5.6586,5.7354,5.6622,5.4667,5.3151,5.3068,5.2758,4.7908,5.0222,4.8831,5.1034,5.6406,5.7574,5.4083,5.1188,4.7634,4.1018,2.7332,0.3093,-1.0937,0.3846,1.9409,2.7746,3.1574,3.3059,3.341,3.3352,3.3318,3.3509,3.3951,5.2043,5.2058,5.2187,5.2572,5.3311,5.4296,5.5191,5.5487,5.4771,5.3405,5.2324,5.1708,5.0595,4.8968,4.9837,4.8507,5.3887,5.363,5.4262,5.37,5.2688,5.017,4.3908,3.1491,1.1411,-0.037,1.0204,2.2577,2.9153,3.1726,3.2136,3.1577,3.0898,3.0627,3.0927,3.1682,5.2202,5.2309,5.2504,5.283,5.3287,5.3779,5.4114,5.4054,5.3465,5.2533,5.1822,5.0577,5.0704,5.0625,5.1013,5.1987,5.3928,5.3962,5.4509,5.4719,5.5659,5.405,4.8066,3.9484,2.9405,2.3554,2.5748,3.0102,3.239,3.2393,3.0849,2.8713,2.7066,2.6625,2.736,2.879,5.2277,5.2407,5.2588,5.2826,5.3097,5.3332,5.3427,5.3282,5.2865,5.2282,5.1831,5.1389,5.1519,5.1777,5.2214,5.3027,5.4116,5.5785,5.709,5.6317,5.6344,5.5061,5.0529,4.5345,4.0916,3.8692,3.8248,3.7605,3.5836,3.2755,2.8418,2.3753,2.0716,2.054,2.2511,2.5265,5.2288,5.2412,5.2561,5.2728,5.2889,5.3003,5.3017,5.2895,5.2641,5.2323,5.2059,5.1941,5.2002,5.2283,5.3804,5.4964,5.5901,5.9404,6.2931,5.9069,5.6417,5.443,5.166,4.8843,4.7594,4.8515,4.811,4.403,3.8616,3.2332,2.4287,1.5483,1.0499,1.1867,1.6566,2.1474,5.2258,5.2367,5.2485,5.2604,5.2708,5.2771,5.2771,5.2699,5.2568,5.2425,5.2341,5.2401,5.2719,5.3778,5.6845,5.8131,5.7132,5.985,6.2397,6.1571,5.8446,5.5416,5.2884,5.1028,5.1718,5.7162,5.8271,4.8957,4.0086,3.1334,1.9444,0.4847,-0.2434,0.2467,1.1144,1.8426,5.2202,5.2296,5.2392,5.2483,5.2557,5.2605,5.2615,5.2591,5.2549,5.2524,5.2572,5.2775,5.329,5.4486,5.6716,5.7593,5.7283,5.9396,6.4153,6.6195,6.046,5.6834,5.4375,5.2271,5.2276,5.8167,5.9662,4.7474,3.8946,3.044,1.7764,0.0532,-0.7831,-0.0956,0.9379,1.7459,5.2132,5.2214,5.2295,5.2369,5.2432,5.2477,5.2505,5.252,5.2538,5.2589,5.2716,5.2981,5.3482,5.4322,5.5384,5.6112,5.6822,5.8634,6.1671,6.2614,6.0173,5.8762,5.7217,5.369,4.9873,4.6469,3.9912,3.8397,3.5229,2.949,2.0858,0.8818,0.1961,0.5407,1.2607,1.9039,5.2054,5.2127,5.2197,5.2263,5.2321,5.237,5.2413,5.2456,5.2513,5.2606,5.2766,5.3031,5.3445,5.4018,5.4679,5.5335,5.6129,5.7326,5.8717,5.9526,6.049,6.3706,6.4244,5.7265,4.8864,4.0537,3.3529,3.3782,2.9482,2.6487,2.3792,1.8586,1.4514,1.4895,1.8239,2.2202,5.1971,5.2037,5.2101,5.2161,5.2218,5.2271,5.2324,5.2384,5.2461,5.2572,5.2736,5.2975,5.3306,5.3726,5.4212,5.4754,5.5403,5.6218,5.7175,5.8457,6.1466,6.813,7.0258,6.0416,4.9697,4.1289,3.5474,2.894,1.9126,2.0735,2.4025,2.3703,2.2243,2.2051,2.3435,2.5629,5.1885,5.1945,5.2004,5.2061,5.2116,5.2172,5.223,5.2298,5.2383,5.2495,5.2648,5.2852,5.3115,5.3435,5.3806,5.4229,5.4726,5.5333,5.6131,5.7436,6.0031,6.3973,6.4468,5.8007,4.9625,4.2207,3.5366,2.6352,1.7769,1.9894,2.4515,2.6305,2.6474,2.6613,2.7355,2.8622]},{"header":{"la1":42.85,"la2":41.18,"lo1":11.55,"lo2":14.05,"nx":36,"ny":24,"dx":0.07143,"dy":0.07261,"parameterCategory":2,"parameterNumber":3,"parameterNumberName":"northward_wind","parameterUnit":"m.s-1"},"data":[0.5776,0.5862,0.5935,0.5994,0.6036,0.6056,0.6046,0.599,0.5878,0.5705,0.5482,0.5223,0.4939,0.4639,0.4323,0.3994,0.3659,0.3327,0.3015,0.2739,0.2514,0.2354,0.2264,0.2239,0.226,0.2308,0.2365,0.2417,0.246,0.2488,0.2502,0.2503,0.2491,0.2471,0.2443,0.2412,0.5976,0.6088,0.6185,0.6268,0.6337,0.6392,0.6418,0.6386,0.6269,0.6059,0.5775,0.5451,0.5109,0.4753,0.4382,0.399,0.3582,0.3175,0.2791,0.2453,0.2181,0.1997,0.1917,0.1933,0.201,0.2113,0.2216,0.2305,0.2372,0.2417,0.244,0.2444,0.2433,0.2409,0.2378,0.2341,0.6205,0.6351,0.6477,0.6586,0.6689,0.6798,0.6896,0.6927,0.6815,0.6539,0.615,0.5726,0.5306,0.4891,0.4458,0.3991,0.349,0.2981,0.2504,0.2088,0.175,0.1528,0.1468,0.1555,0.1721,0.1903,0.2066,0.2198,0.2293,0.2355,0.2385,0.239,0.2375,0.2346,0.2307,0.2263,0.6473,0.6668,0.683,0.6961,0.7093,0.7279,0.7524,0.7714,0.7642,0.7228,0.6631,0.6043,0.5528,0.5055,0.4566,0.4013,0.3387,0.2731,0.2133,0.1641,0.1227,0.0933,0.0904,0.1116,0.1413,0.1696,0.193,0.2108,0.2231,0.2306,0.234,0.2341,0.2318,0.2279,0.2229,0.2175,0.6793,0.7069,0.7285,0.7423,0.7545,0.7808,0.8335,0.8945,0.9023,0.8265,0.7217,0.6366,0.5754,0.5254,0.4732,0.4091,0.329,0.2399,0.163,0.1125,0.0693,0.0299,0.0317,0.0695,0.1136,0.1523,0.1829,0.2051,0.2196,0.2278,0.2308,0.2299,0.2261,0.2206,0.2141,0.2073,0.7175,0.7604,0.7938,0.8066,0.8056,0.8281,0.922,1.0851,1.1433,0.9725,0.7773,0.6598,0.5955,0.5503,0.5007,0.4301,0.3281,0.1986,0.0881,0.052,0.0276,0.0032,0.0066,0.044,0.0949,0.1419,0.1786,0.2042,0.22,0.2278,0.2293,0.2263,0.2201,0.2122,0.2036,0.195,0.7599,0.8318,0.8974,0.9155,0.8739,0.8513,0.9566,1.2518,1.4072,1.0699,0.782,0.6586,0.6113,0.5839,0.5463,0.4768,0.3571,0.1816,0.02,0.0054,-0.0447,-0.0501,-0.0211,0.0234,0.0847,0.1406,0.1825,0.2101,0.2254,0.2311,0.2295,0.223,0.2133,0.202,0.1906,0.1798,0.7954,0.912,1.0579,1.1231,0.9873,0.8439,0.8576,1.05,1.1473,0.8861,0.6867,0.628,0.627,0.6327,0.6187,0.5622,0.4406,0.2528,0.0686,-0.0634,-0.3357,-0.3508,-0.1612,-0.0176,0.0817,0.1515,0.1976,0.2247,0.2369,0.2381,0.2313,0.2194,0.2046,0.1888,0.1737,0.1603,0.8002,0.9471,1.1977,1.3973,1.0907,0.7974,0.6865,0.6635,0.6156,0.5296,0.5242,0.5857,0.6553,0.7044,0.7242,0.6928,0.5723,0.3829,0.1447,-0.2466,-0.9303,-0.8069,-0.304,-0.0369,0.1017,0.1818,0.2279,0.2503,0.2557,0.249,0.2341,0.2143,0.1924,0.1707,0.1511,0.1347,0.7575,0.8666,1.0306,1.1291,0.881,0.6764,0.5291,0.3796,0.173,0.1105,0.3329,0.5582,0.7141,0.8035,0.8439,0.8489,0.7069,0.5193,0.2821,-0.1099,-0.6407,-0.5916,-0.2108,0.0308,0.1643,0.2398,0.2778,0.2893,0.2824,0.2632,0.2363,0.2055,0.174,0.1448,0.1198,0.1004,0.6858,0.728,0.7234,0.5946,0.5832,0.5506,0.4235,0.2381,-0.2301,-0.4726,0.1776,0.581,0.8297,0.9694,0.9339,0.8844,0.7761,0.6364,0.4706,0.2308,-0.0171,-0.0733,0.0392,0.1692,0.269,0.3302,0.352,0.3436,0.3168,0.2792,0.2354,0.1894,0.1453,0.1065,0.0756,0.0536,0.6165,0.6273,0.6057,0.5531,0.5381,0.4773,0.3855,0.3162,0.0443,-0.1437,0.2919,0.6606,0.9911,1.3364,1.2233,0.9624,0.827,0.7467,0.6565,0.4748,0.3035,0.2233,0.2395,0.3137,0.4041,0.4604,0.456,0.4134,0.3566,0.2934,0.2267,0.1603,0.0995,0.0491,0.0121,-0.011,0.5597,0.5613,0.5498,0.5272,0.4899,0.426,0.3766,0.4248,0.3113,0.2729,0.4482,0.7179,0.972,1.5072,1.3889,1.0183,0.8871,0.8567,0.8232,0.5862,0.4184,0.34,0.3454,0.4281,0.5641,0.6418,0.5873,0.4898,0.3946,0.2997,0.2028,0.1087,0.0257,-0.0384,-0.0801,-0.1004,0.5128,0.5091,0.4968,0.4739,0.4373,0.3915,0.3551,0.3278,0.3108,0.3098,0.4202,0.7396,0.8662,0.8935,0.9798,1.1265,0.9904,0.8221,0.7372,0.5452,0.3953,0.337,0.3683,0.4873,0.69,0.7999,0.6865,0.5453,0.4196,0.29,0.1529,0.0191,-0.0943,-0.1738,-0.2154,-0.2245,0.4736,0.4658,0.4512,0.4285,0.3976,0.3626,0.3303,0.3002,0.2549,0.1792,0.135,0.2544,0.3991,0.1429,0.7733,1.1511,0.9146,0.7519,0.5717,0.3901,0.2381,0.2207,0.3175,0.4694,0.6489,0.7373,0.6741,0.5658,0.43,0.2583,0.0607,-0.1348,-0.292,-0.3857,-0.4144,-0.3951,0.4408,0.4304,0.4145,0.3926,0.3649,0.3327,0.2958,0.2458,0.1551,-0.0429,-0.419,-0.3504,-0.0795,0.2312,0.5012,0.7321,0.77,0.5796,0.3735,0.1783,-0.0647,0.0001,0.2317,0.4317,0.593,0.6815,0.6889,0.615,0.4512,0.2048,-0.0975,-0.3996,-0.6237,-0.7208,-0.7046,-0.6234,0.4134,0.4015,0.385,0.3636,0.3368,0.3041,0.2621,0.2009,0.0967,-0.0975,-0.3797,-0.2865,-0.2916,-0.2974,0.1405,0.3308,0.3681,0.2283,0.0706,0.0244,-0.1246,-0.0445,0.2141,0.4587,0.6868,0.8615,0.9112,0.7919,0.525,0.1346,-0.3569,-0.8561,-1.1857,-1.2454,-1.1112,-0.9098,0.3906,0.3777,0.361,0.3399,0.3137,0.281,0.2386,0.1802,0.0964,-0.0158,-0.1168,-0.1621,-0.3305,-0.3761,-0.2179,-0.1832,-0.0328,-0.1513,-0.3747,-0.1347,-0.0205,0.0801,0.2775,0.5678,0.9573,1.363,1.4653,1.1588,0.6744,0.0585,-0.7435,-1.6086,-2.1014,-2.0065,-1.6187,-1.2225,0.3716,0.3583,0.3416,0.321,0.2958,0.2647,0.2257,0.1762,0.1146,0.045,-0.0204,-0.0839,-0.1733,-0.304,-0.7862,-1.0157,-0.3524,-0.2378,-0.3309,-0.2455,-0.0813,0.095,0.3208,0.6875,1.3083,2.1739,2.3613,1.6121,0.8508,0.0124,-1.1625,-2.5819,-3.2797,-2.8434,-2.085,-1.4732,0.3557,0.3424,0.3261,0.3064,0.2826,0.2541,0.2198,0.1789,0.1317,0.0803,0.0267,-0.0345,-0.1235,-0.3051,-0.7106,-0.8367,-0.3921,-0.2378,-0.3594,-0.4326,-0.1682,0.0429,0.2795,0.6831,1.3728,2.3392,2.5479,1.6971,0.9427,0.0686,-1.2449,-2.9696,-3.7799,-3.1464,-2.2281,-1.543,0.3426,0.3295,0.3138,0.2952,0.2733,0.2476,0.2178,0.1836,0.1453,0.1034,0.0572,0.0016,-0.0758,-0.1958,-0.343,-0.3716,-0.2551,-0.1989,-0.2628,-0.2839,-0.1674,-0.0812,0.0748,0.4761,1.0875,1.648,1.8023,1.5529,0.9552,0.2358,-0.7874,-2.1088,-2.8331,-2.5414,-1.9192,-1.3882,0.3318,0.3191,0.3042,0.2869,0.2669,0.244,0.218,0.1889,0.1567,0.1214,0.082,0.0358,-0.0211,-0.0888,-0.1488,-0.1651,-0.1411,-0.1286,-0.1476,-0.1674,-0.2215,-0.4112,-0.4256,0.0914,0.7753,1.3918,1.8488,1.5159,0.8195,0.374,-0.2191,-1.0123,-1.5675,-1.6245,-1.3875,-1.0943,0.3229,0.3108,0.2968,0.2808,0.2627,0.2423,0.2195,0.1945,0.1671,0.1372,0.1045,0.0681,0.0279,-0.0129,-0.0455,-0.0606,-0.062,-0.0662,-0.086,-0.1389,-0.3046,-0.6939,-0.8199,-0.199,0.4981,1.0176,1.2534,0.9245,0.4718,0.4008,0.1181,-0.3538,-0.7514,-0.9223,-0.8993,-0.7827,0.3157,0.3042,0.2912,0.2765,0.2601,0.2419,0.222,0.2003,0.1768,0.1517,0.1249,0.0965,0.0674,0.04,0.018,0.0037,-0.0055,-0.0171,-0.0421,-0.1022,-0.2418,-0.463,-0.489,-0.1163,0.346,0.6784,0.7826,0.6103,0.4206,0.3955,0.2333,-0.0532,-0.3232,-0.49,-0.5445,-0.5217]}]