docs/data/wind_grid.json
[{"header":{"la1":42.85,"la2":41.18,"lo1":11.55,"lo2":14.05,"nx":36,"ny":24,"dx":0.07143,"dy":0.07261,"parameterCategory":2,"parameterNumber":2,"parameterNumberName":"eastward_wind","parameterUnit":"m.s-1"},"data":[-0.6056,-0.6078,-0.6075,-0.6047,-0.5997,-0.593,-0.5846,-0.5748,-0.5635,-0.5515,-0.5403,-0.5317,-0.527,-0.527,-0.5312,-0.5381,-0.5451,-0.5491,-0.5469,-0.5371,-0.5214,-0.5043,-0.4902,-0.4812,-0.4762,-0.4728,-0.4694,-0.4652,-0.4602,-0.4545,-0.4484,-0.4423,-0.4364,-0.4307,-0.4254,-0.4205,-0.629,-0.6327,-0.633,-0.6299,-0.6242,-0.6166,-0.6074,-0.5961,-0.5818,-0.5653,-0.5489,-0.536,-0.5293,-0.53,-0.5376,-0.55,-0.5635,-0.5724,-0.5702,-0.5535,-0.5251,-0.4956,-0.4755,-0.4678,-0.4675,-0.4686,-0.4681,-0.4652,-0.4604,-0.4544,-0.448,-0.4414,-0.435,-0.4289,-0.4233,-0.4182,-0.6575,-0.6637,-0.6651,-0.6617,-0.6547,-0.6464,-0.6375,-0.6262,-0.609,-0.5853,-0.5598,-0.5394,-0.529,-0.5303,-0.5428,-0.5641,-0.589,-0.6082,-0.6081,-0.578,-0.522,-0.4653,-0.437,-0.4386,-0.4517,-0.4623,-0.4665,-0.4653,-0.4607,-0.4542,-0.4471,-0.4399,-0.433,-0.4266,-0.4207,-0.4154,-0.6927,-0.7033,-0.7068,-0.7025,-0.6929,-0.6834,-0.678,-0.6722,-0.6538,-0.6173,-0.5744,-0.5406,-0.5238,-0.5254,-0.5445,-0.5791,-0.6241,-0.6658,-0.6765,-0.624,-0.505,-0.3831,-0.3479,-0.3857,-0.4303,-0.4566,-0.4664,-0.4663,-0.4611,-0.4537,-0.4457,-0.4377,-0.4303,-0.4235,-0.4174,-0.412,-0.7364,-0.7551,-0.7633,-0.7573,-0.7409,-0.7272,-0.7309,-0.747,-0.7357,-0.6723,-0.5932,-0.5362,-0.5102,-0.5119,-0.5387,-0.5908,-0.6681,-0.7585,-0.8112,-0.7341,-0.4831,-0.1999,-0.1822,-0.3198,-0.416,-0.4581,-0.4705,-0.4691,-0.4618,-0.4527,-0.4433,-0.4346,-0.4266,-0.4195,-0.4133,-0.4078,-0.7896,-0.8238,-0.8438,-0.8369,-0.804,-0.7736,-0.7894,-0.8662,-0.8912,-0.7594,-0.6074,-0.5184,-0.4833,-0.4854,-0.519,-0.5887,-0.7073,-0.8856,-1.0647,-0.9971,-0.5762,-0.0735,-0.0899,-0.3201,-0.4365,-0.4749,-0.4803,-0.4731,-0.462,-0.4504,-0.4397,-0.4301,-0.4218,-0.4145,-0.4083,-0.4029,-0.8502,-0.9123,-0.9623,-0.9634,-0.8965,-0.8166,-0.8169,-0.972,-1.0722,-0.8158,-0.5804,-0.4733,-0.4384,-0.4424,-0.4782,-0.5568,-0.7037,-0.9615,-1.3129,-1.28,-0.8584,-0.487,-0.3896,-0.4635,-0.5033,-0.5057,-0.4928,-0.4761,-0.46,-0.4459,-0.434,-0.4239,-0.4155,-0.4083,-0.4023,-0.3971,-0.9083,-1.0101,-1.1231,-1.1659,-1.038,-0.8581,-0.7699,-0.8339,-0.8761,-0.6505,-0.4636,-0.3925,-0.3762,-0.3827,-0.4103,-0.4818,-0.6277,-0.8611,-1.1182,-1.1529,-1.124,-1.0046,-0.7752,-0.646,-0.5795,-0.5345,-0.5002,-0.4737,-0.4534,-0.4378,-0.4256,-0.4157,-0.4076,-0.4008,-0.3952,-0.3904,-0.9453,-1.0761,-1.2529,-1.3738,-1.1707,-0.8899,-0.686,-0.5553,-0.4313,-0.3048,-0.2691,-0.2881,-0.3068,-0.3122,-0.3076,-0.3502,-0.5068,-0.7163,-0.9141,-1.1266,-1.5127,-1.4096,-0.9918,-0.7469,-0.6171,-0.541,-0.4929,-0.4613,-0.4401,-0.4252,-0.4141,-0.4053,-0.3981,-0.392,-0.387,-0.3827,-0.9488,-1.0751,-1.2188,-1.2927,-1.1676,-0.9005,-0.62,-0.3294,0.0373,0.1869,-0.0252,-0.1889,-0.2472,-0.2479,-0.1681,-0.1237,-0.398,-0.6571,-0.8473,-1.0508,-1.3334,-1.2708,-0.9568,-0.7313,-0.5953,-0.5131,-0.4642,-0.4357,-0.4188,-0.4078,-0.3996,-0.3929,-0.3871,-0.382,-0.3776,-0.374,-0.924,-1.042,-1.1937,-1.3942,-1.3263,-0.9318,-0.6184,-0.273,0.5592,0.9739,0.1747,-0.1401,-0.2074,-0.2051,-0.1578,-0.1146,-0.4478,-0.7608,-0.9205,-0.9605,-0.9871,-0.9335,-0.7838,-0.6329,-0.5197,-0.4482,-0.4116,-0.3964,-0.3903,-0.3868,-0.3832,-0.3792,-0.3749,-0.3707,-0.3671,-0.3643,-0.8761,-0.9824,-1.1388,-1.3457,-1.2668,-0.8942,-0.7124,-0.6399,-0.0323,0.4482,0.0218,-0.1701,-0.1822,-0.1213,-0.1708,-0.3536,-0.6808,-1.2,-1.3384,-1.0612,-0.8615,-0.7369,-0.621,-0.5057,-0.4059,-0.3468,-0.3355,-0.3464,-0.3582,-0.3648,-0.3665,-0.365,-0.3618,-0.3583,-0.3553,-0.3532,-0.8081,-0.8824,-0.9699,-1.0297,-0.9529,-0.7997,-0.8025,-0.9872,-0.742,-0.2878,-0.2039,-0.2312,-0.2082,-0.0595,-0.1191,-0.4394,-0.8494,-2.1291,-2.1809,-1.2023,-0.7866,-0.5981,-0.484,-0.3804,-0.2695,-0.2107,-0.2437,-0.2957,-0.3295,-0.3462,-0.3518,-0.3511,-0.3478,-0.3441,-0.3414,-0.3402,-0.7317,-0.7721,-0.805,-0.8074,-0.7618,-0.7137,-0.7472,-0.8519,-0.7198,-0.396,-0.2595,-0.2676,-0.2794,-0.2812,-0.3277,-0.5132,-0.7336,-1.4265,-1.5704,-0.9631,-0.5909,-0.4217,-0.35,-0.2838,-0.1696,-0.0998,-0.1792,-0.2665,-0.3146,-0.3356,-0.3407,-0.3376,-0.3317,-0.3267,-0.3243,-0.3245,-0.6593,-0.6767,-0.6838,-0.6726,-0.6445,-0.619,-0.6151,-0.6009,-0.4859,-0.3082,-0.2039,-0.194,-0.1989,-0.1173,-0.373,-0.5607,-1.1616,-0.8856,-0.7783,-0.5057,-0.2255,-0.1491,-0.1983,-0.2242,-0.1848,-0.1471,-0.2059,-0.2792,-0.321,-0.3358,-0.3333,-0.3223,-0.3104,-0.3029,-0.3015,-0.3047,-0.5964,-0.6005,-0.596,-0.5806,-0.5561,-0.5278,-0.4952,-0.44,-0.3386,-0.2002,-0.0597,-0.0997,-0.1304,-0.1773,-0.3217,-0.6251,-0.9594,-0.6334,-0.3795,-0.101,0.2919,0.2149,-0.0423,-0.1746,-0.2251,-0.2474,-0.2863,-0.3279,-0.3489,-0.3466,-0.3267,-0.2992,-0.2764,-0.2666,-0.2693,-0.2791,-0.5436,-0.5401,-0.5298,-0.5117,-0.4861,-0.4536,-0.4112,-0.3514,-0.2682,-0.1649,-0.0663,-0.082,-0.0304,-0.0015,-0.1383,-0.2626,-0.3273,-0.1716,0.0203,0.1199,0.3869,0.2918,0.0195,-0.1512,-0.26,-0.3344,-0.3821,-0.4021,-0.3962,-0.3659,-0.3145,-0.256,-0.2157,-0.2079,-0.2237,-0.2473,-0.4997,-0.4916,-0.478,-0.4581,-0.4317,-0.3982,-0.3558,-0.3026,-0.2388,-0.1716,-0.1168,-0.0734,0.0167,0.0687,0.1869,0.2476,0.1184,0.2707,0.5231,0.2894,0.2138,0.1428,-0.0033,-0.1654,-0.3243,-0.4559,-0.5134,-0.5042,-0.4633,-0.3929,-0.2894,-0.1742,-0.1076,-0.1177,-0.165,-0.2125,-0.4633,-0.4524,-0.437,-0.4163,-0.39,-0.3577,-0.3187,-0.273,-0.222,-0.1695,-0.1176,-0.0576,0.033,0.2278,0.8576,1.1308,0.457,0.3727,0.4901,0.4294,0.2805,0.1437,0.0021,-0.1819,-0.4093,-0.612,-0.6594,-0.6202,-0.5498,-0.4335,-0.2596,-0.055,0.0435,-0.0132,-0.11,-0.1851,-0.433,-0.4205,-0.4041,-0.3834,-0.358,-0.3278,-0.2925,-0.2525,-0.2085,-0.1611,-0.108,-0.0391,0.0726,0.3075,0.7899,0.9442,0.5041,0.3852,0.5677,0.6649,0.3923,0.2292,0.0835,-0.1441,-0.4451,-0.6727,-0.7142,-0.7562,-0.6647,-0.5031,-0.2777,-0.0081,0.1114,0.0245,-0.0958,-0.1806,-0.4077,-0.3944,-0.3777,-0.3575,-0.3334,-0.3053,-0.2733,-0.2373,-0.1976,-0.1531,-0.1009,-0.0329,0.0671,0.2215,0.4068,0.4623,0.3701,0.3506,0.4592,0.5055,0.4241,0.4139,0.3323,0.0224,-0.413,-0.829,-1.2,-1.0903,-0.81,-0.6023,-0.3857,-0.1498,-0.0288,-0.0637,-0.1421,-0.205,-0.3866,-0.373,-0.3565,-0.337,-0.3142,-0.2882,-0.2589,-0.2262,-0.1898,-0.1487,-0.1005,-0.041,0.035,0.1271,0.2134,0.2551,0.2585,0.2795,0.3371,0.4038,0.5453,0.8734,0.9411,0.3846,-0.2967,-0.9553,-1.5304,-1.2565,-0.8603,-0.6923,-0.523,-0.3431,-0.2273,-0.2004,-0.2195,-0.2474,-0.369,-0.3554,-0.3393,-0.3207,-0.2994,-0.2753,-0.2484,-0.2185,-0.1854,-0.1483,-0.1058,-0.0566,0.0,0.0603,0.1146,0.1532,0.1814,0.218,0.2798,0.3972,0.6831,1.2595,1.4364,0.6793,-0.1117,-0.6992,-1.0227,-0.9316,-0.8073,-0.757,-0.6185,-0.4686,-0.361,-0.3068,-0.2899,-0.2907,-0.3544,-0.341,-0.3255,-0.3078,-0.2879,-0.2656,-0.241,-0.2138,-0.1839,-0.1509,-0.1143,-0.0739,-0.0303,0.014,0.0551,0.0909,0.1253,0.1682,0.2352,0.3581,0.5964,0.9371,0.9939,0.5323,-0.0294,-0.4548,-0.6928,-0.7646,-0.7956,-0.7581,-0.6395,-0.5181,-0.4264,-0.3688,-0.3382,-0.3245]},{"header":{"la1":42.85,"la2":41.18,"lo1":11.55,"lo2":14.05,"nx":36,"ny":24,"dx":0.07143,"dy":0.07261,"parameterCategory":2,"parameterNumber":3,"parameterNumberName":"northward_wind","parameterUnit":"m.s-1"},"data":[-0.5799,-0.5629,-0.5423,-0.5182,-0.4917,-0.465,-0.4414,-0.4247,-0.4175,-0.4196,-0.4277,-0.4369,-0.4431,-0.4435,-0.4373,-0.4249,-0.4077,-0.3877,-0.3671,-0.3482,-0.3331,-0.3238,-0.3218,-0.3271,-0.3382,-0.3529,-0.3692,-0.3859,-0.4023,-0.4182,-0.4333,-0.4476,-0.461,-0.4737,-0.4856,-0.4966,-0.5867,-0.5673,-0.5425,-0.5116,-0.4754,-0.4365,-0.4008,-0.3759,-0.3681,-0.3775,-0.3976,-0.419,-0.4341,-0.4393,-0.4336,-0.4184,-0.3959,-0.3692,-0.3418,-0.3164,-0.2956,-0.2828,-0.2812,-0.291,-0.3086,-0.3297,-0.3516,-0.3728,-0.3927,-0.4113,-0.4286,-0.4447,-0.4597,-0.4737,-0.4866,-0.4986,-0.5968,-0.5755,-0.5463,-0.5071,-0.4568,-0.3978,-0.3389,-0.2962,-0.2858,-0.31,-0.3537,-0.3969,-0.4267,-0.4388,-0.4338,-0.4142,-0.3838,-0.3476,-0.3109,-0.2771,-0.2478,-0.2283,-0.2275,-0.2459,-0.2746,-0.3054,-0.3344,-0.3606,-0.3843,-0.4057,-0.4252,-0.4432,-0.4597,-0.475,-0.489,-0.5019,-0.6112,-0.5893,-0.5569,-0.5089,-0.44,-0.3482,-0.2437,-0.1593,-0.1398,-0.1966,-0.2893,-0.3718,-0.4241,-0.4454,-0.4405,-0.4142,-0.3717,-0.3209,-0.2721,-0.2302,-0.1893,-0.1548,-0.1553,-0.1919,-0.239,-0.2824,-0.3194,-0.3507,-0.3779,-0.4019,-0.4236,-0.4433,-0.4613,-0.4778,-0.4929,-0.5067,-0.6304,-0.6104,-0.578,-0.5243,-0.4353,-0.2955,-0.1032,0.0856,0.1363,-0.0027,-0.2016,-0.3507,-0.4329,-0.4638,-0.4575,-0.4216,-0.3609,-0.2852,-0.2177,-0.1763,-0.1296,-0.0632,-0.0678,-0.1391,-0.21,-0.2656,-0.3091,-0.3445,-0.3744,-0.4006,-0.4241,-0.4454,-0.4648,-0.4826,-0.4988,-0.5134,-0.654,-0.6389,-0.6124,-0.5617,-0.4615,-0.2698,0.0641,0.5012,0.6569,0.2956,-0.1156,-0.3541,-0.4634,-0.4997,-0.4902,-0.4433,-0.3584,-0.2391,-0.1275,-0.1063,-0.0988,-0.0174,-0.027,-0.12,-0.2001,-0.2598,-0.3057,-0.3428,-0.3743,-0.4021,-0.427,-0.4498,-0.4706,-0.4897,-0.5069,-0.5223,-0.6799,-0.6719,-0.6571,-0.6232,-0.5356,-0.3286,0.1128,0.8811,1.2449,0.5022,-0.1321,-0.4156,-0.5251,-0.557,-0.5447,-0.4906,-0.385,-0.2189,-0.0329,-0.0347,-0.0962,-0.0793,-0.0892,-0.1478,-0.2115,-0.2653,-0.3091,-0.3458,-0.3777,-0.4064,-0.4326,-0.4568,-0.4791,-0.4994,-0.5177,-0.5338,-0.7051,-0.7023,-0.6975,-0.6874,-0.6393,-0.4905,-0.1569,0.4169,0.6711,0.1069,-0.3575,-0.5487,-0.6148,-0.6346,-0.6284,-0.5781,-0.4635,-0.2953,-0.1324,-0.0915,-0.0639,-0.067,-0.1201,-0.1766,-0.2303,-0.2773,-0.3175,-0.3524,-0.384,-0.4133,-0.4409,-0.4667,-0.4906,-0.5124,-0.5318,-0.5486,-0.7283,-0.7262,-0.7163,-0.707,-0.7106,-0.6716,-0.565,-0.4294,-0.4325,-0.5979,-0.6976,-0.7139,-0.7112,-0.7228,-0.7557,-0.7338,-0.5883,-0.4111,-0.2605,-0.1206,0.0719,0.037,-0.1077,-0.1932,-0.2488,-0.2917,-0.3281,-0.361,-0.3923,-0.4226,-0.4519,-0.4799,-0.5059,-0.5294,-0.55,-0.5674,-0.7514,-0.7524,-0.7441,-0.7376,-0.7727,-0.8223,-0.8846,-0.9825,-1.1651,-1.2272,-1.022,-0.8541,-0.7857,-0.7957,-0.9398,-1.0258,-0.7167,-0.4861,-0.3352,-0.1841,-0.0168,-0.0299,-0.1431,-0.2196,-0.2689,-0.3061,-0.3384,-0.3696,-0.4013,-0.4337,-0.4659,-0.497,-0.5258,-0.5515,-0.5734,-0.5913,-0.7748,-0.7836,-0.7916,-0.7988,-0.8187,-0.9426,-1.1238,-1.3093,-1.6629,-1.8557,-1.2453,-0.9249,-0.8269,-0.8243,-0.9267,-1.0299,-0.6807,-0.4818,-0.3782,-0.2832,-0.1996,-0.1799,-0.213,-0.2537,-0.2882,-0.3171,-0.345,-0.3757,-0.4099,-0.4465,-0.4836,-0.5194,-0.5521,-0.5805,-0.6037,-0.6216,-0.796,-0.8113,-0.8228,-0.8183,-0.8576,-1.0667,-1.3518,-1.5527,-1.5953,-1.6031,-1.1755,-0.9117,-0.8529,-0.9309,-0.8156,-0.6286,-0.4757,-0.4349,-0.4127,-0.336,-0.2739,-0.2479,-0.2536,-0.2752,-0.2986,-0.3191,-0.3436,-0.377,-0.4175,-0.4616,-0.5064,-0.5492,-0.5874,-0.6192,-0.6435,-0.6605,-0.8132,-0.8349,-0.8586,-0.8907,-0.9782,-1.187,-1.5031,-1.7889,-1.6223,-1.296,-1.0203,-0.8795,-0.8377,-0.9694,-0.7773,-0.3114,-0.2192,-0.4999,-0.5205,-0.3408,-0.2673,-0.2432,-0.2516,-0.2762,-0.297,-0.3074,-0.3308,-0.3734,-0.4254,-0.4813,-0.5375,-0.5904,-0.6361,-0.6717,-0.6962,-0.7106,-0.8245,-0.8515,-0.8866,-0.94,-1.0353,-1.198,-1.423,-1.626,-1.505,-1.1499,-0.9227,-0.8946,-0.8806,-0.5997,-0.3036,0.3298,0.2348,-0.193,-0.3413,-0.2515,-0.1853,-0.1706,-0.2079,-0.2603,-0.2913,-0.2915,-0.3169,-0.3724,-0.4387,-0.5099,-0.5821,-0.6495,-0.7054,-0.7449,-0.7673,-0.7753,-0.8288,-0.8572,-0.8944,-0.9463,-1.0212,-1.1224,-1.2318,-1.2843,-1.1811,-0.9837,-0.8463,-0.7671,-0.6313,-0.4165,-0.1138,0.5194,0.9186,0.222,-0.0978,-0.1005,0.0239,0.0186,-0.1128,-0.2264,-0.2845,-0.2984,-0.326,-0.3845,-0.4621,-0.5521,-0.6475,-0.7369,-0.8072,-0.8494,-0.8642,-0.8589,-0.826,-0.8522,-0.8846,-0.9252,-0.9745,-1.0272,-1.0656,-1.0579,-0.9837,-0.8851,-0.8552,-0.7208,-0.6779,-0.5377,-0.2561,0.2382,0.6271,0.1487,-0.1041,0.0339,0.5108,0.3889,0.0088,-0.1867,-0.2682,-0.3022,-0.3365,-0.3981,-0.4914,-0.6103,-0.7434,-0.8699,-0.9617,-1.0016,-0.9961,-0.9645,-0.8177,-0.8396,-0.8649,-0.8931,-0.9222,-0.9462,-0.9546,-0.9359,-0.8906,-0.846,-0.843,-0.7884,-0.8872,-0.9237,-0.5254,-0.2464,-0.1297,-0.2721,-0.3786,-0.0896,0.5716,0.4218,0.0018,-0.1878,-0.2495,-0.2634,-0.294,-0.3786,-0.5124,-0.6831,-0.8818,-1.0759,-1.2016,-1.2233,-1.1704,-1.0912,-0.8059,-0.8231,-0.8414,-0.8597,-0.8757,-0.8852,-0.8832,-0.8668,-0.8397,-0.8144,-0.8005,-0.8089,-0.9444,-0.9665,-0.7453,-0.6414,-0.5288,-0.6707,-0.9092,-0.5007,-0.1227,-0.0509,-0.1671,-0.2383,-0.2129,-0.1235,-0.1242,-0.2905,-0.515,-0.7658,-1.0682,-1.3857,-1.5645,-1.5262,-1.3781,-1.2253,-0.7923,-0.8052,-0.8179,-0.8292,-0.8374,-0.84,-0.8351,-0.8223,-0.8046,-0.7878,-0.7783,-0.7853,-0.8165,-0.8408,-0.9981,-1.0873,-0.7487,-0.7307,-0.8203,-0.6417,-0.4638,-0.3586,-0.3398,-0.3083,-0.157,0.1783,0.249,-0.1651,-0.5269,-0.8491,-1.2631,-1.7591,-2.0041,-1.8445,-1.5643,-1.3332,-0.7784,-0.7877,-0.7962,-0.8028,-0.8065,-0.806,-0.8004,-0.7903,-0.7776,-0.7654,-0.7575,-0.7583,-0.772,-0.8186,-0.9655,-1.008,-0.7822,-0.6904,-0.6919,-0.6968,-0.594,-0.5226,-0.4854,-0.4151,-0.226,0.2,0.2984,-0.2861,-0.6271,-0.9186,-1.3399,-1.9087,-2.1831,-1.9601,-1.6281,-1.3723,-0.7649,-0.7714,-0.7769,-0.7805,-0.7816,-0.7796,-0.7742,-0.7659,-0.7559,-0.7462,-0.7391,-0.7372,-0.7446,-0.7692,-0.8084,-0.8008,-0.727,-0.6754,-0.6694,-0.6675,-0.6485,-0.6616,-0.6568,-0.582,-0.4799,-0.4683,-0.7475,-0.7758,-0.818,-0.9778,-1.2525,-1.6442,-1.8675,-1.7585,-1.5308,-1.3296,-0.7522,-0.7567,-0.7601,-0.7618,-0.7614,-0.7586,-0.7535,-0.7464,-0.7381,-0.7299,-0.7232,-0.7194,-0.7203,-0.7263,-0.7308,-0.7185,-0.6895,-0.6662,-0.6615,-0.6757,-0.7353,-0.8689,-0.9089,-0.7725,-0.6912,-0.814,-1.0844,-1.0001,-1.0058,-1.0656,-1.1577,-1.3336,-1.4695,-1.4612,-1.3588,-1.2374,-0.7407,-0.7436,-0.7455,-0.7459,-0.7447,-0.7416,-0.7368,-0.7306,-0.7235,-0.7162,-0.7096,-0.7045,-0.7013,-0.6991,-0.6949,-0.6852,-0.672,-0.6641,-0.671,-0.7077,-0.8129,-1.0142,-1.0735,-0.8864,-0.7866,-0.8416,-0.9533,-1.0538,-1.2296,-1.1942,-1.1359,-1.1714,-1.2296,-1.2421,-1.2031,-1.1383,-0.7302,-0.7321,-0.7329,-0.7325,-0.7308,-0.7277,-0.7232,-0.7176,-0.7113,-0.7047,-0.6984,-0.6927,-0.6877,-0.6829,-0.6773,-0.6707,-0.6652,-0.6657,-0.68,-0.7204,-0.8054,-0.9234,-0.9546,-0.8668,-0.8121,-0.8428,-0.934,-1.0919,-1.2577,-1.213,-1.1206,-1.095,-1.1046,-1.1081,-1.0898,-1.0541]}]