docs/data/wind_grid.json
[{"header":{"la1":42.85,"la2":41.18,"lo1":11.55,"lo2":14.05,"nx":36,"ny":24,"dx":0.07143,"dy":0.07261,"parameterCategory":2,"parameterNumber":2,"parameterNumberName":"eastward_wind","parameterUnit":"m.s-1"},"data":[-0.6428,-0.6513,-0.6601,-0.669,-0.6776,-0.6852,-0.6905,-0.6921,-0.6892,-0.6824,-0.6739,-0.6663,-0.6623,-0.6635,-0.6704,-0.6821,-0.6965,-0.7104,-0.7202,-0.723,-0.7178,-0.7055,-0.6884,-0.669,-0.6493,-0.6304,-0.6132,-0.5978,-0.5842,-0.5724,-0.5622,-0.5533,-0.5457,-0.5391,-0.5334,-0.5284,-0.653,-0.6632,-0.6741,-0.6859,-0.6983,-0.7103,-0.7197,-0.7235,-0.7193,-0.7077,-0.6924,-0.6786,-0.6708,-0.6716,-0.6816,-0.7,-0.7236,-0.7473,-0.7645,-0.7696,-0.7611,-0.7419,-0.7166,-0.6895,-0.6634,-0.6397,-0.6189,-0.601,-0.5857,-0.5727,-0.5617,-0.5524,-0.5445,-0.5377,-0.532,-0.527,-0.6639,-0.6759,-0.6893,-0.7047,-0.7225,-0.742,-0.7599,-0.7696,-0.7646,-0.7444,-0.7166,-0.6917,-0.6772,-0.6768,-0.6913,-0.7197,-0.7585,-0.7995,-0.8298,-0.838,-0.8221,-0.7896,-0.7506,-0.7121,-0.6776,-0.6481,-0.6233,-0.6028,-0.5859,-0.5719,-0.5603,-0.5506,-0.5426,-0.5358,-0.5301,-0.5253,-0.6756,-0.6895,-0.7053,-0.7245,-0.7494,-0.7811,-0.816,-0.8411,-0.8377,-0.8009,-0.7488,-0.7042,-0.6791,-0.6765,-0.6968,-0.7397,-0.8031,-0.8756,-0.9315,-0.9435,-0.9093,-0.8507,-0.7892,-0.7348,-0.69,-0.654,-0.6254,-0.6026,-0.5844,-0.5697,-0.5578,-0.548,-0.5401,-0.5334,-0.5279,-0.5233,-0.6884,-0.7041,-0.7217,-0.7439,-0.7759,-0.8247,-0.8919,-0.9562,-0.9637,-0.8907,-0.7895,-0.7122,-0.6724,-0.6671,-0.6938,-0.7549,-0.8551,-0.986,-1.0957,-1.1097,-1.0302,-0.9224,-0.8272,-0.7533,-0.6977,-0.6559,-0.6242,-0.5998,-0.5809,-0.566,-0.5541,-0.5446,-0.5369,-0.5306,-0.5254,-0.5211,-0.7033,-0.721,-0.7394,-0.7616,-0.7962,-0.8605,-0.9764,-1.1295,-1.1772,-1.0195,-0.8262,-0.7053,-0.6512,-0.6445,-0.677,-0.7547,-0.8978,-1.1226,-1.3431,-1.3493,-1.1707,-0.9866,-0.8528,-0.7611,-0.6974,-0.652,-0.6188,-0.594,-0.5752,-0.5607,-0.5493,-0.5404,-0.5332,-0.5274,-0.5227,-0.5187,-0.7216,-0.7429,-0.7621,-0.78,-0.8058,-0.8657,-1.0097,-1.2712,-1.3941,-1.1021,-0.812,-0.6665,-0.6105,-0.6067,-0.6427,-0.7254,-0.8892,-1.1902,-1.5414,-1.5295,-1.2419,-1.0027,-0.8498,-0.7519,-0.6865,-0.6412,-0.6089,-0.5852,-0.5676,-0.5541,-0.5437,-0.5355,-0.5291,-0.524,-0.5198,-0.5164,-0.7449,-0.7743,-0.7988,-0.8116,-0.8142,-0.8322,-0.9163,-1.1005,-1.1776,-0.9266,-0.6963,-0.588,-0.551,-0.5567,-0.5947,-0.6675,-0.8047,-1.0516,-1.3366,-1.3486,-1.1364,-0.9437,-0.8123,-0.7246,-0.6651,-0.624,-0.5951,-0.5741,-0.5585,-0.5466,-0.5374,-0.5304,-0.5249,-0.5206,-0.5171,-0.5143,-0.7727,-0.8192,-0.8639,-0.8841,-0.8562,-0.8009,-0.7672,-0.7581,-0.7044,-0.5924,-0.5185,-0.4872,-0.48,-0.5012,-0.5496,-0.6078,-0.7031,-0.8549,-0.9998,-1.0331,-0.9548,-0.8476,-0.7549,-0.6854,-0.6365,-0.6029,-0.5794,-0.5621,-0.5491,-0.539,-0.5312,-0.5253,-0.5209,-0.5175,-0.5148,-0.5126,-0.7995,-0.873,-0.9649,-1.0361,-0.9843,-0.8218,-0.6748,-0.5338,-0.3478,-0.2623,-0.343,-0.3918,-0.4015,-0.4363,-0.5352,-0.589,-0.6516,-0.7831,-0.8789,-0.8943,-0.8451,-0.7696,-0.6977,-0.6427,-0.6057,-0.5818,-0.565,-0.5517,-0.5407,-0.532,-0.5255,-0.5208,-0.5175,-0.5151,-0.5132,-0.5116,-0.8127,-0.9094,-1.0582,-1.2324,-1.1829,-0.8712,-0.65,-0.4639,-0.0737,0.1125,-0.2248,-0.3275,-0.3066,-0.3049,-0.4641,-0.5762,-0.6734,-0.8846,-0.9876,-0.9334,-0.8231,-0.7213,-0.6467,-0.6015,-0.579,-0.5677,-0.5574,-0.5459,-0.5351,-0.5267,-0.5209,-0.5173,-0.5151,-0.5136,-0.5125,-0.5115,-0.8001,-0.8931,-1.0349,-1.197,-1.1375,-0.8358,-0.6635,-0.5881,-0.3383,-0.1186,-0.2871,-0.3171,-0.2051,-0.0207,-0.2003,-0.4756,-0.8141,-1.3152,-1.4258,-1.1131,-0.8402,-0.6761,-0.5918,-0.5628,-0.5665,-0.5736,-0.5654,-0.5483,-0.533,-0.5231,-0.5177,-0.5151,-0.5141,-0.5137,-0.5133,-0.5127,-0.7629,-0.8277,-0.9057,-0.9574,-0.8933,-0.7538,-0.6926,-0.6168,-0.7124,-0.4737,-0.4038,-0.3835,-0.2487,0.0171,-0.1565,-0.466,-1.002,-2.123,-2.1382,-1.2595,-0.7959,-0.5869,-0.5147,-0.5272,-0.5856,-0.6207,-0.5962,-0.5579,-0.5329,-0.5206,-0.5158,-0.5148,-0.5152,-0.5158,-0.5161,-0.5157,-0.7148,-0.7507,-0.7815,-0.7865,-0.7494,-0.7022,-0.7081,-0.811,-0.7437,-0.5476,-0.4636,-0.4866,-0.4459,0.1033,-0.2377,-0.5738,-0.9818,-1.582,-1.6299,-0.993,-0.5743,-0.4037,-0.3939,-0.4806,-0.6219,-0.6897,-0.6267,-0.5613,-0.5295,-0.5179,-0.5157,-0.5171,-0.5192,-0.5208,-0.5213,-0.5207,-0.6678,-0.6852,-0.6952,-0.6908,-0.6722,-0.6544,-0.6551,-0.6612,-0.6135,-0.5398,-0.5083,-0.4843,-0.3518,-0.2919,-0.3564,-0.8319,-1.2768,-0.9857,-0.8077,-0.4682,-0.1502,-0.0887,-0.2104,-0.3797,-0.5547,-0.6349,-0.5898,-0.5404,-0.5197,-0.5158,-0.5186,-0.5233,-0.5272,-0.5293,-0.5295,-0.5281,-0.6269,-0.6343,-0.6361,-0.6303,-0.6186,-0.6062,-0.596,-0.5809,-0.5543,-0.5421,-0.5778,-0.6422,-0.5422,-0.4045,-0.4421,-0.7402,-1.0357,-0.6555,-0.3283,-0.0027,0.4028,0.3142,-0.0076,-0.244,-0.4082,-0.493,-0.5099,-0.5082,-0.5108,-0.5182,-0.5273,-0.5353,-0.5404,-0.5421,-0.541,-0.5379,-0.5925,-0.5945,-0.5926,-0.5862,-0.5762,-0.5644,-0.5515,-0.5369,-0.525,-0.533,-0.569,-0.5807,-0.6262,-0.6333,-0.4108,-0.3742,-0.3536,-0.1019,0.148,0.2462,0.4967,0.3952,0.077,-0.1593,-0.3213,-0.4209,-0.4721,-0.4976,-0.5149,-0.5304,-0.5439,-0.5538,-0.5587,-0.5587,-0.5551,-0.5496,-0.5635,-0.5624,-0.5583,-0.5512,-0.5415,-0.5299,-0.5172,-0.5047,-0.4965,-0.4983,-0.5077,-0.5188,-0.6027,-0.5747,-0.144,0.0672,0.0881,0.4049,0.7156,0.461,0.3486,0.2456,0.0598,-0.1404,-0.3171,-0.4444,-0.5022,-0.521,-0.5375,-0.5549,-0.5683,-0.576,-0.5783,-0.5759,-0.5698,-0.5617,-0.5387,-0.5355,-0.53,-0.5222,-0.5123,-0.5006,-0.4879,-0.4751,-0.4639,-0.455,-0.4445,-0.4257,-0.3785,-0.159,0.4858,0.7277,0.3574,0.4989,0.706,0.6947,0.4729,0.258,0.0672,-0.1387,-0.3574,-0.5358,-0.5773,-0.5632,-0.5759,-0.5927,-0.5975,-0.5923,-0.5889,-0.5873,-0.5818,-0.5728,-0.5172,-0.5126,-0.506,-0.4974,-0.487,-0.4748,-0.4612,-0.4464,-0.4303,-0.411,-0.3832,-0.3338,-0.2291,0.0148,0.4595,0.61,0.4,0.5084,0.9344,1.1172,0.6342,0.3349,0.131,-0.0978,-0.3581,-0.5608,-0.5987,-0.6036,-0.635,-0.6545,-0.6378,-0.6019,-0.5881,-0.5924,-0.5911,-0.5825,-0.4984,-0.4926,-0.4851,-0.4758,-0.4647,-0.4517,-0.4368,-0.4195,-0.3989,-0.3723,-0.334,-0.2732,-0.1709,-0.0065,0.1897,0.2896,0.3148,0.4515,0.723,0.8077,0.5827,0.4346,0.3038,0.0371,-0.2892,-0.528,-0.6414,-0.6742,-0.7437,-0.777,-0.7258,-0.6489,-0.6122,-0.6077,-0.6031,-0.5922,-0.4818,-0.4751,-0.4669,-0.4569,-0.4451,-0.4312,-0.415,-0.3958,-0.3721,-0.3417,-0.3002,-0.2415,-0.1587,-0.0518,0.0595,0.1462,0.2216,0.3289,0.4541,0.5141,0.5438,0.701,0.7197,0.3039,-0.185,-0.5359,-0.6861,-0.7497,-0.9942,-1.0364,-0.8973,-0.7566,-0.677,-0.642,-0.6213,-0.603,-0.4671,-0.4598,-0.4509,-0.4403,-0.4279,-0.4134,-0.3963,-0.3758,-0.3509,-0.3196,-0.2794,-0.2273,-0.1618,-0.0853,-0.0063,0.0681,0.1417,0.2234,0.3088,0.3989,0.5729,0.94,1.0541,0.509,-0.0803,-0.4776,-0.708,-1.0353,-1.5311,-1.4176,-1.0964,-0.8718,-0.7464,-0.6798,-0.6406,-0.6129,-0.4542,-0.4463,-0.4369,-0.4259,-0.4131,-0.3982,-0.3807,-0.3599,-0.335,-0.3047,-0.2676,-0.2226,-0.1695,-0.1103,-0.0484,0.0137,0.0769,0.1436,0.2175,0.3143,0.4782,0.7085,0.7385,0.3828,-0.0683,-0.436,-0.7536,-1.1846,-1.6025,-1.4789,-1.1564,-0.9231,-0.784,-0.7028,-0.6526,-0.6184]},{"header":{"la1":42.85,"la2":41.18,"lo1":11.55,"lo2":14.05,"nx":36,"ny":24,"dx":0.07143,"dy":0.07261,"parameterCategory":2,"parameterNumber":3,"parameterNumberName":"northward_wind","parameterUnit":"m.s-1"},"data":[-0.3461,-0.3475,-0.3473,-0.3451,-0.3408,-0.3344,-0.3259,-0.3154,-0.3027,-0.2878,-0.2706,-0.2513,-0.2304,-0.2085,-0.1862,-0.1642,-0.1434,-0.1248,-0.1095,-0.0981,-0.0906,-0.0864,-0.0847,-0.0846,-0.0855,-0.0871,-0.0893,-0.0918,-0.0946,-0.0978,-0.1012,-0.1047,-0.1084,-0.1122,-0.1159,-0.1196,-0.363,-0.3657,-0.3662,-0.3643,-0.3599,-0.3531,-0.3439,-0.3326,-0.319,-0.3028,-0.2837,-0.2618,-0.2376,-0.212,-0.1856,-0.1591,-0.1336,-0.1108,-0.0926,-0.0802,-0.0735,-0.0713,-0.0719,-0.0739,-0.0767,-0.0797,-0.083,-0.0865,-0.0902,-0.0942,-0.0983,-0.1026,-0.107,-0.1114,-0.1158,-0.12,-0.3821,-0.3862,-0.3877,-0.3862,-0.3814,-0.3736,-0.3631,-0.3507,-0.3364,-0.3195,-0.2988,-0.2742,-0.2464,-0.2164,-0.185,-0.1527,-0.1206,-0.0913,-0.0684,-0.0551,-0.0509,-0.0527,-0.0572,-0.0624,-0.0674,-0.0722,-0.0768,-0.0813,-0.086,-0.0908,-0.0958,-0.1009,-0.1061,-0.1112,-0.1162,-0.121,-0.4035,-0.4096,-0.4125,-0.4114,-0.4057,-0.3955,-0.382,-0.3673,-0.3529,-0.337,-0.316,-0.2888,-0.2569,-0.2223,-0.1854,-0.1459,-0.104,-0.0633,-0.0321,-0.0183,-0.0203,-0.0302,-0.0411,-0.0506,-0.0584,-0.0649,-0.0708,-0.0764,-0.0821,-0.0878,-0.0937,-0.0997,-0.1058,-0.1117,-0.1175,-0.1229,-0.4277,-0.4368,-0.4419,-0.4413,-0.434,-0.4191,-0.3979,-0.3759,-0.3615,-0.352,-0.3349,-0.306,-0.2697,-0.2304,-0.1885,-0.1411,-0.0852,-0.0238,0.0247,0.0375,0.0201,-0.0048,-0.0251,-0.0397,-0.0502,-0.0584,-0.0654,-0.072,-0.0786,-0.0853,-0.0922,-0.0992,-0.1062,-0.1131,-0.1198,-0.1259,-0.4552,-0.4687,-0.4774,-0.4785,-0.4694,-0.4473,-0.4096,-0.3647,-0.346,-0.359,-0.3562,-0.3265,-0.2848,-0.2415,-0.1971,-0.144,-0.0716,0.0241,0.109,0.1158,0.0654,0.0179,-0.0126,-0.0313,-0.0437,-0.0529,-0.0608,-0.0683,-0.0757,-0.0834,-0.0914,-0.0996,-0.1078,-0.1157,-0.1233,-0.1303,-0.486,-0.5065,-0.5214,-0.5266,-0.518,-0.4904,-0.4333,-0.3437,-0.3054,-0.3677,-0.388,-0.3525,-0.3016,-0.2562,-0.2156,-0.1645,-0.0825,0.0455,0.1765,0.1739,0.0886,0.0263,-0.0077,-0.0269,-0.0393,-0.0489,-0.0572,-0.0653,-0.0736,-0.0824,-0.0916,-0.1011,-0.1106,-0.1199,-0.1286,-0.1364,-0.5198,-0.5509,-0.5767,-0.5902,-0.5862,-0.563,-0.5132,-0.428,-0.3891,-0.4526,-0.4536,-0.3874,-0.3173,-0.2738,-0.2513,-0.2155,-0.1363,-0.0144,0.1038,0.1153,0.0582,0.0139,-0.0111,-0.0261,-0.037,-0.0462,-0.0547,-0.0633,-0.0724,-0.0823,-0.0929,-0.104,-0.1153,-0.1261,-0.1361,-0.1449,-0.5541,-0.6007,-0.6452,-0.674,-0.6758,-0.6628,-0.6532,-0.6529,-0.6762,-0.6802,-0.5775,-0.4286,-0.3221,-0.2906,-0.3232,-0.3254,-0.2283,-0.1102,-0.0236,0.0097,0.0051,-0.0072,-0.0176,-0.0269,-0.036,-0.045,-0.0537,-0.0626,-0.0723,-0.0833,-0.0956,-0.1088,-0.1222,-0.1351,-0.1466,-0.1564,-0.5836,-0.6494,-0.7232,-0.7802,-0.7809,-0.7637,-0.7983,-0.9032,-1.0907,-1.1114,-0.7738,-0.4557,-0.2952,-0.2848,-0.457,-0.5575,-0.3246,-0.1668,-0.09,-0.0493,-0.0287,-0.0206,-0.0207,-0.0268,-0.0363,-0.0463,-0.0552,-0.0637,-0.0734,-0.0855,-0.1,-0.1161,-0.1325,-0.1479,-0.1612,-0.172,-0.5993,-0.6802,-0.7833,-0.88,-0.8717,-0.8359,-0.9133,-1.0825,-1.5511,-1.8032,-0.9422,-0.4119,-0.2154,-0.2018,-0.3923,-0.5507,-0.2876,-0.1664,-0.12,-0.0768,-0.0406,-0.0206,-0.0168,-0.0254,-0.0404,-0.0538,-0.0619,-0.0676,-0.0759,-0.089,-0.1066,-0.1269,-0.1474,-0.1662,-0.1817,-0.1933,-0.5933,-0.6736,-0.7746,-0.867,-0.8645,-0.8716,-1.0191,-1.1736,-1.3047,-1.3865,-0.7164,-0.2446,-0.1048,-0.1565,-0.1008,-0.1411,-0.1327,-0.1877,-0.1948,-0.1053,-0.0364,-0.0054,-0.0039,-0.0245,-0.0555,-0.0766,-0.0788,-0.0752,-0.079,-0.0934,-0.1161,-0.1428,-0.1695,-0.1927,-0.2105,-0.2222,-0.5659,-0.6313,-0.7043,-0.764,-0.7936,-0.8713,-1.0772,-1.3827,-1.104,-0.7778,-0.3348,0.0099,0.0724,-0.0785,0.0583,0.0669,-0.0027,-0.3586,-0.3703,-0.1173,-0.004,0.0323,0.022,-0.0252,-0.0933,-0.1298,-0.1103,-0.0842,-0.0803,-0.098,-0.1297,-0.1671,-0.2029,-0.2318,-0.2514,-0.2619,-0.5249,-0.5727,-0.6218,-0.6657,-0.7108,-0.7945,-0.9401,-1.0529,-0.9136,-0.4762,-0.0738,0.2113,0.2823,0.3599,0.2378,0.3239,0.3583,-0.0473,-0.1637,-0.009,0.0845,0.1082,0.0718,-0.0126,-0.1347,-0.1949,-0.1363,-0.0816,-0.0739,-0.1022,-0.1507,-0.2056,-0.2549,-0.2907,-0.3104,-0.316,-0.4781,-0.5108,-0.5432,-0.5738,-0.6072,-0.653,-0.7039,-0.696,-0.5072,-0.1569,0.1363,0.2911,0.3791,0.5714,0.3982,0.7579,1.2905,0.5281,0.1732,0.1621,0.2518,0.2514,0.159,0.0459,-0.0788,-0.1418,-0.091,-0.0443,-0.053,-0.1065,-0.1855,-0.2695,-0.3388,-0.3812,-0.3957,-0.3894,-0.4302,-0.4506,-0.469,-0.4841,-0.4953,-0.499,-0.4784,-0.3932,-0.1978,0.0928,0.3517,0.5219,0.4691,0.4333,0.4223,0.6968,1.0245,0.5092,0.209,0.2662,0.541,0.4761,0.2591,0.1328,0.0593,0.0285,0.0415,0.0407,-0.0124,-0.1143,-0.2461,-0.3787,-0.4773,-0.5215,-0.5176,-0.486,-0.3842,-0.3943,-0.4008,-0.4016,-0.3932,-0.3691,-0.3158,-0.2137,-0.049,0.1636,0.344,0.4158,0.5158,0.5473,0.3734,0.3584,0.3377,0.1069,-0.0524,0.1563,0.5691,0.4947,0.2761,0.1948,0.1983,0.2341,0.2432,0.1811,0.0517,-0.1298,-0.3497,-0.5661,-0.7071,-0.7358,-0.6847,-0.6049,-0.3416,-0.3438,-0.341,-0.3311,-0.3105,-0.2736,-0.213,-0.1213,0.0012,0.1377,0.2524,0.3412,0.4917,0.505,0.2289,0.1035,0.0301,-0.2865,-0.5935,-0.169,0.1542,0.2306,0.2013,0.2288,0.3546,0.531,0.5674,0.3917,0.1378,-0.1553,-0.5085,-0.8694,-1.0692,-1.0365,-0.8878,-0.7323,-0.3037,-0.2999,-0.2908,-0.2745,-0.2481,-0.2083,-0.1518,-0.0772,0.0117,0.1037,0.1842,0.2487,0.2886,0.2138,-0.0554,-0.1524,-0.0841,-0.2804,-0.4376,-0.1915,-0.0398,0.0549,0.1185,0.2408,0.5156,0.9541,1.0461,0.6182,0.2114,-0.1819,-0.6831,-1.2493,-1.5151,-1.355,-1.0697,-0.8328,-0.2708,-0.263,-0.2502,-0.2307,-0.203,-0.1653,-0.1166,-0.0577,0.0074,0.0716,0.1261,0.1617,0.1608,0.0876,-0.0671,-0.1241,-0.0898,-0.1429,-0.136,-0.1084,-0.0931,-0.049,0.021,0.1831,0.5061,1.0173,1.1274,0.5948,0.2026,-0.1864,-0.7271,-1.3979,-1.6985,-1.4676,-1.1249,-0.8611,-0.243,-0.2328,-0.2181,-0.1979,-0.1713,-0.1376,-0.097,-0.0509,-0.0026,0.0428,0.0792,0.099,0.0927,0.0524,-0.0087,-0.0473,-0.0671,-0.098,-0.115,-0.1189,-0.145,-0.1899,-0.163,0.0148,0.2863,0.49,0.4205,0.3275,0.1181,-0.1677,-0.5687,-1.0774,-1.351,-1.2431,-1.0076,-0.8013,-0.2198,-0.2084,-0.1932,-0.1737,-0.1494,-0.1202,-0.0868,-0.0507,-0.0144,0.0184,0.0434,0.0561,0.0522,0.0315,0.0009,-0.0284,-0.0557,-0.0854,-0.1155,-0.1589,-0.2688,-0.4719,-0.517,-0.2405,0.071,0.2474,0.2884,0.2145,-0.019,-0.1809,-0.3833,-0.6711,-0.8774,-0.8968,-0.8034,-0.6866,-0.2008,-0.1891,-0.1742,-0.156,-0.1344,-0.1095,-0.0822,-0.0537,-0.026,-0.0018,0.0162,0.0253,0.0238,0.012,-0.0072,-0.0301,-0.056,-0.0869,-0.1291,-0.2057,-0.3771,-0.6808,-0.7677,-0.4173,-0.0794,0.1017,0.1421,-0.0125,-0.2437,-0.2464,-0.2926,-0.4351,-0.5704,-0.6281,-0.6139,-0.5641,-0.1854,-0.1739,-0.1598,-0.1433,-0.1243,-0.1033,-0.0808,-0.0581,-0.0367,-0.0183,-0.0048,0.0022,0.0018,-0.0058,-0.0195,-0.038,-0.0616,-0.0925,-0.1381,-0.2156,-0.3531,-0.5327,-0.5674,-0.3674,-0.1452,-0.0206,-0.0144,-0.1387,-0.2742,-0.2602,-0.2608,-0.3279,-0.4088,-0.4611,-0.4748,-0.4606]}]