docs/data/wind_grid.json
[{"header":{"la1":42.85,"la2":41.18,"lo1":11.55,"lo2":14.05,"nx":36,"ny":24,"dx":0.07143,"dy":0.07261,"parameterCategory":2,"parameterNumber":2,"parameterNumberName":"eastward_wind","parameterUnit":"m.s-1"},"data":[-0.7924,-0.801,-0.8097,-0.8182,-0.8259,-0.8315,-0.8331,-0.8284,-0.8161,-0.7966,-0.7721,-0.7463,-0.7224,-0.703,-0.6892,-0.681,-0.6773,-0.6763,-0.6761,-0.6747,-0.6712,-0.6656,-0.6582,-0.6499,-0.6413,-0.6328,-0.6246,-0.6169,-0.6097,-0.6031,-0.5971,-0.5916,-0.5865,-0.582,-0.5778,-0.5741,-0.8073,-0.8183,-0.8301,-0.8428,-0.8558,-0.8676,-0.875,-0.8735,-0.8595,-0.8328,-0.7978,-0.7611,-0.7285,-0.7035,-0.6875,-0.6801,-0.6796,-0.6829,-0.6865,-0.6872,-0.6836,-0.6762,-0.6664,-0.6556,-0.6449,-0.6345,-0.625,-0.6162,-0.6083,-0.601,-0.5945,-0.5887,-0.5833,-0.5786,-0.5743,-0.5705,-0.8231,-0.8368,-0.8522,-0.87,-0.8907,-0.9131,-0.9323,-0.9393,-0.9245,-0.886,-0.8329,-0.7784,-0.7325,-0.6999,-0.6816,-0.6767,-0.6824,-0.6938,-0.7042,-0.7077,-0.7027,-0.6913,-0.6771,-0.6624,-0.6486,-0.6361,-0.6249,-0.615,-0.6062,-0.5984,-0.5914,-0.5852,-0.5796,-0.5747,-0.5703,-0.5663,-0.8398,-0.8563,-0.8752,-0.8987,-0.9294,-0.9687,-1.0116,-1.0402,-1.0285,-0.968,-0.881,-0.797,-0.7317,-0.6893,-0.6689,-0.669,-0.686,-0.7127,-0.7358,-0.7429,-0.7323,-0.7121,-0.6901,-0.6697,-0.6521,-0.637,-0.6241,-0.6129,-0.6033,-0.5949,-0.5876,-0.5811,-0.5753,-0.5702,-0.5657,-0.5617,-0.8579,-0.8769,-0.8986,-0.9265,-0.9675,-1.0303,-1.1173,-1.1995,-1.2044,-1.0968,-0.943,-0.8114,-0.7206,-0.6669,-0.6451,-0.6532,-0.6894,-0.7449,-0.7934,-0.8031,-0.7761,-0.738,-0.7037,-0.6761,-0.6542,-0.6365,-0.6219,-0.6097,-0.5994,-0.5906,-0.5829,-0.5762,-0.5703,-0.565,-0.5605,-0.5565,-0.8781,-0.8998,-0.9229,-0.9515,-0.997,-1.0816,-1.2338,-1.4348,-1.4958,-1.2785,-1.0012,-0.8074,-0.6909,-0.6266,-0.6034,-0.6212,-0.6845,-0.7896,-0.8887,-0.8952,-0.8292,-0.7625,-0.7139,-0.6794,-0.6537,-0.6338,-0.6179,-0.605,-0.5942,-0.5851,-0.5773,-0.5705,-0.5645,-0.5592,-0.5546,-0.5506,-0.9021,-0.9283,-0.9526,-0.9763,-1.0116,-1.0921,-1.2823,-1.625,-1.7861,-1.3965,-0.9927,-0.7623,-0.6345,-0.5621,-0.5337,-0.5579,-0.6475,-0.8066,-0.9699,-0.9666,-0.8575,-0.7707,-0.715,-0.6771,-0.6494,-0.6283,-0.6117,-0.5985,-0.5876,-0.5786,-0.5707,-0.5639,-0.5578,-0.5525,-0.5479,-0.5439,-0.9318,-0.9679,-0.9987,-1.0159,-1.0225,-1.0513,-1.1659,-1.4072,-1.5068,-1.1763,-0.854,-0.6681,-0.5528,-0.4701,-0.4204,-0.4389,-0.5488,-0.7227,-0.8799,-0.8954,-0.8214,-0.7542,-0.7053,-0.6689,-0.6409,-0.6194,-0.6029,-0.59,-0.5795,-0.5708,-0.5632,-0.5564,-0.5503,-0.5449,-0.5403,-0.5364,-0.9666,-1.0235,-1.0785,-1.1043,-1.0728,-1.011,-0.9795,-0.98,-0.9209,-0.7742,-0.6493,-0.5548,-0.4632,-0.3557,-0.234,-0.2175,-0.3893,-0.598,-0.7375,-0.7839,-0.768,-0.7305,-0.691,-0.6562,-0.6283,-0.607,-0.5913,-0.5794,-0.57,-0.5619,-0.5547,-0.548,-0.5418,-0.5363,-0.5316,-0.5277,-1.0,-1.0893,-1.2018,-1.2892,-1.2272,-1.0336,-0.8657,-0.7163,-0.526,-0.4281,-0.4698,-0.4623,-0.3919,-0.2571,0.0405,0.1861,-0.2289,-0.5637,-0.729,-0.7769,-0.7618,-0.7219,-0.6782,-0.6403,-0.6112,-0.5906,-0.5767,-0.567,-0.5593,-0.5523,-0.5454,-0.5386,-0.5322,-0.5264,-0.5216,-0.5178,-1.0165,-1.1338,-1.3154,-1.5287,-1.4683,-1.0899,-0.8314,-0.6358,-0.2594,-0.0849,-0.36,-0.4116,-0.3486,-0.2427,0.0108,0.1925,-0.32,-0.7349,-0.9095,-0.8914,-0.8089,-0.7284,-0.6651,-0.6191,-0.5881,-0.5693,-0.5591,-0.5532,-0.5481,-0.5423,-0.5356,-0.5283,-0.5212,-0.5149,-0.5098,-0.5061,-1.0015,-1.1138,-1.2863,-1.4848,-1.4113,-1.0404,-0.8397,-0.7721,-0.5021,-0.2839,-0.4042,-0.4038,-0.3133,-0.1917,-0.2153,-0.3322,-0.7022,-1.2492,-1.3839,-1.1134,-0.8753,-0.7281,-0.6408,-0.5887,-0.558,-0.5433,-0.5395,-0.5393,-0.5375,-0.5327,-0.5254,-0.5168,-0.5084,-0.5011,-0.4956,-0.4922,-0.9569,-1.0339,-1.1273,-1.1885,-1.1059,-0.9271,-0.8527,-0.9045,-0.8008,-0.578,-0.4826,-0.4202,-0.3384,-0.1562,-0.2247,-0.5244,-1.0225,-2.0453,-2.062,-1.287,-0.878,-0.6839,-0.5928,-0.5493,-0.5254,-0.5163,-0.5212,-0.528,-0.5292,-0.5242,-0.5148,-0.5034,-0.4925,-0.4836,-0.4778,-0.475,-0.8995,-0.9405,-0.9748,-0.9763,-0.923,-0.8501,-0.8251,-0.8519,-0.7892,-0.6222,-0.5124,-0.4317,-0.3991,-0.3224,-0.4211,-0.7264,-1.1174,-1.612,-1.6427,-1.0913,-0.7219,-0.5571,-0.5111,-0.5079,-0.5058,-0.501,-0.511,-0.5229,-0.525,-0.5173,-0.5031,-0.4865,-0.4713,-0.4604,-0.4546,-0.4536,-0.8446,-0.8626,-0.8706,-0.8593,-0.8273,-0.7905,-0.7674,-0.7477,-0.687,-0.5952,-0.5346,-0.502,-0.4508,-0.4054,-0.5513,-1.066,-1.5628,-1.1945,-0.9894,-0.6768,-0.3843,-0.3144,-0.3863,-0.4599,-0.4976,-0.5051,-0.5164,-0.5284,-0.5273,-0.5124,-0.4886,-0.4626,-0.4409,-0.4277,-0.4236,-0.4263,-0.7982,-0.8041,-0.802,-0.7892,-0.7666,-0.7401,-0.7132,-0.6797,-0.6293,-0.5693,-0.5205,-0.5807,-0.5677,-0.545,-0.648,-1.0079,-1.3305,-0.9507,-0.6302,-0.3053,0.0994,0.0238,-0.2469,-0.407,-0.4872,-0.5227,-0.543,-0.5509,-0.5392,-0.5093,-0.468,-0.4256,-0.3939,-0.3798,-0.3813,-0.392,-0.7609,-0.7607,-0.7548,-0.7423,-0.724,-0.7016,-0.6759,-0.6452,-0.6085,-0.5691,-0.5348,-0.5798,-0.7125,-0.7748,-0.6883,-0.743,-0.7447,-0.5204,-0.2906,-0.1419,0.1753,0.0805,-0.2082,-0.3921,-0.506,-0.5763,-0.608,-0.6015,-0.5652,-0.5075,-0.4355,-0.3646,-0.3186,-0.309,-0.3252,-0.351,-0.7312,-0.728,-0.7207,-0.709,-0.6933,-0.6744,-0.6528,-0.6293,-0.6055,-0.5868,-0.5847,-0.626,-0.7516,-0.7838,-0.6794,-0.6351,-0.5046,-0.1529,0.1239,-0.0592,-0.0781,-0.127,-0.2713,-0.4273,-0.5751,-0.6972,-0.7368,-0.689,-0.6067,-0.5062,-0.3863,-0.2671,-0.202,-0.2116,-0.2583,-0.3078,-0.7075,-0.7028,-0.6951,-0.6844,-0.6709,-0.6553,-0.6382,-0.6211,-0.6062,-0.5977,-0.6018,-0.6257,-0.6633,-0.6713,-0.6737,-0.6772,-0.4701,-0.1344,0.0654,0.008,-0.0993,-0.2016,-0.3189,-0.471,-0.6668,-0.875,-0.9191,-0.7914,-0.6526,-0.5065,-0.3309,-0.1451,-0.0602,-0.1099,-0.1989,-0.2734,-0.6882,-0.6829,-0.6754,-0.6657,-0.6542,-0.6413,-0.6278,-0.6151,-0.6048,-0.5992,-0.6008,-0.6096,-0.62,-0.6258,-0.6458,-0.6362,-0.4553,-0.1967,0.0783,0.1681,-0.054,-0.1973,-0.314,-0.4731,-0.6931,-0.9195,-0.9639,-0.8415,-0.6831,-0.5108,-0.3131,-0.0962,-0.0027,-0.0735,-0.1792,-0.2615,-0.6724,-0.6669,-0.6598,-0.6511,-0.6411,-0.6303,-0.6193,-0.609,-0.6006,-0.595,-0.5927,-0.5925,-0.5916,-0.5871,-0.5764,-0.5319,-0.4135,-0.236,-0.0441,0.0131,-0.0888,-0.1569,-0.231,-0.4003,-0.6409,-0.8689,-1.0242,-0.9247,-0.6849,-0.499,-0.3454,-0.1877,-0.1062,-0.1393,-0.2117,-0.2765,-0.6592,-0.6537,-0.647,-0.6391,-0.6303,-0.621,-0.6115,-0.6026,-0.5946,-0.588,-0.5824,-0.5766,-0.5683,-0.5545,-0.5293,-0.4807,-0.3981,-0.2899,-0.1883,-0.1367,-0.1064,-0.0153,-0.0059,-0.242,-0.5552,-0.8694,-1.1565,-0.9507,-0.5473,-0.4016,-0.3514,-0.2866,-0.237,-0.2368,-0.2686,-0.3074,-0.648,-0.6426,-0.6363,-0.6291,-0.6211,-0.6127,-0.6042,-0.5958,-0.5877,-0.58,-0.5719,-0.5625,-0.5499,-0.5314,-0.5029,-0.4598,-0.3998,-0.3285,-0.2585,-0.192,-0.0864,0.1137,0.1743,-0.1162,-0.4463,-0.6974,-0.8073,-0.5604,-0.1867,-0.2189,-0.3066,-0.3225,-0.3104,-0.307,-0.3193,-0.34,-0.6384,-0.6332,-0.6271,-0.6204,-0.6131,-0.6053,-0.5973,-0.5891,-0.5808,-0.5721,-0.5625,-0.551,-0.5363,-0.5164,-0.4892,-0.4527,-0.4067,-0.354,-0.2971,-0.2304,-0.1324,-0.0055,0.0129,-0.1653,-0.3843,-0.5315,-0.5437,-0.3552,-0.136,-0.1827,-0.2872,-0.3334,-0.3445,-0.3479,-0.3552,-0.3673]},{"header":{"la1":42.85,"la2":41.18,"lo1":11.55,"lo2":14.05,"nx":36,"ny":24,"dx":0.07143,"dy":0.07261,"parameterCategory":2,"parameterNumber":3,"parameterNumberName":"northward_wind","parameterUnit":"m.s-1"},"data":[-0.8497,-0.8456,-0.8401,-0.8332,-0.825,-0.8162,-0.8076,-0.8003,-0.7949,-0.791,-0.7872,-0.7818,-0.7732,-0.7608,-0.7444,-0.7249,-0.7039,-0.6836,-0.6665,-0.6544,-0.6479,-0.6463,-0.6483,-0.6525,-0.6578,-0.6636,-0.6696,-0.6757,-0.6818,-0.6879,-0.694,-0.7,-0.7059,-0.7117,-0.7173,-0.7227,-0.8551,-0.8506,-0.8441,-0.8353,-0.8245,-0.8122,-0.8003,-0.7909,-0.7859,-0.7847,-0.7848,-0.7826,-0.7755,-0.7622,-0.7425,-0.7174,-0.6893,-0.6618,-0.6391,-0.6249,-0.6196,-0.6215,-0.6277,-0.6358,-0.6444,-0.6528,-0.6608,-0.6685,-0.676,-0.6832,-0.6903,-0.6973,-0.7041,-0.7106,-0.717,-0.723,-0.8611,-0.8562,-0.8487,-0.8376,-0.8227,-0.8044,-0.7856,-0.7713,-0.7664,-0.771,-0.7792,-0.7838,-0.78,-0.7662,-0.7423,-0.7094,-0.6701,-0.6303,-0.5985,-0.5817,-0.5804,-0.5897,-0.6033,-0.6174,-0.6303,-0.6418,-0.6521,-0.6615,-0.6704,-0.6788,-0.687,-0.695,-0.7027,-0.7102,-0.7173,-0.724,-0.8679,-0.8629,-0.8545,-0.841,-0.8205,-0.7921,-0.7591,-0.7323,-0.7259,-0.7429,-0.7684,-0.786,-0.7885,-0.7751,-0.7462,-0.7022,-0.6452,-0.5835,-0.5347,-0.5155,-0.5254,-0.5497,-0.5758,-0.5982,-0.6164,-0.6313,-0.6439,-0.655,-0.6653,-0.675,-0.6843,-0.6934,-0.7022,-0.7105,-0.7185,-0.7259,-0.8752,-0.8708,-0.8624,-0.8473,-0.8207,-0.7772,-0.7162,-0.6567,-0.6423,-0.6886,-0.7515,-0.7922,-0.804,-0.7916,-0.7576,-0.7002,-0.6165,-0.5146,-0.4307,-0.4114,-0.4499,-0.5034,-0.548,-0.5805,-0.6041,-0.622,-0.6366,-0.6493,-0.6609,-0.6718,-0.6824,-0.6926,-0.7025,-0.7119,-0.7208,-0.729,-0.8826,-0.8793,-0.8725,-0.8586,-0.8293,-0.7702,-0.664,-0.527,-0.4813,-0.6008,-0.7377,-0.8099,-0.8305,-0.8192,-0.7822,-0.7129,-0.5969,-0.4281,-0.2719,-0.2614,-0.3632,-0.4614,-0.5265,-0.5675,-0.5948,-0.6148,-0.6308,-0.6446,-0.6574,-0.6696,-0.6814,-0.6929,-0.704,-0.7146,-0.7245,-0.7335,-0.8888,-0.8866,-0.8827,-0.8746,-0.8528,-0.7939,-0.6552,-0.4134,-0.3031,-0.5456,-0.7641,-0.8519,-0.8714,-0.8605,-0.8267,-0.7556,-0.6192,-0.389,-0.1427,-0.1484,-0.3186,-0.4468,-0.5195,-0.562,-0.5896,-0.6099,-0.6266,-0.6412,-0.655,-0.6684,-0.6815,-0.6945,-0.7071,-0.719,-0.73,-0.7399,-0.8922,-0.889,-0.8865,-0.8872,-0.8871,-0.8632,-0.771,-0.5839,-0.5031,-0.713,-0.8774,-0.9245,-0.9242,-0.9148,-0.8979,-0.8426,-0.7127,-0.4998,-0.282,-0.263,-0.3792,-0.4729,-0.5286,-0.5634,-0.5879,-0.6073,-0.624,-0.6392,-0.6539,-0.6684,-0.6831,-0.6977,-0.712,-0.7255,-0.7378,-0.7486,-0.8916,-0.882,-0.8716,-0.8737,-0.904,-0.948,-0.9661,-0.9555,-0.9838,-1.0524,-1.056,-1.0116,-0.9755,-0.9748,-1.0089,-0.9942,-0.8546,-0.6696,-0.5207,-0.4648,-0.4817,-0.5146,-0.5432,-0.567,-0.588,-0.6067,-0.6234,-0.6389,-0.6542,-0.6699,-0.6864,-0.7031,-0.7195,-0.7349,-0.7486,-0.7604,-0.8886,-0.8655,-0.8273,-0.7963,-0.8501,-0.9972,-1.1369,-1.2584,-1.4066,-1.4407,-1.2535,-1.0835,-1.0042,-1.0157,-1.1686,-1.2535,-0.9834,-0.7582,-0.6272,-0.5611,-0.5376,-0.5375,-0.5493,-0.5678,-0.5889,-0.6089,-0.6259,-0.6409,-0.6562,-0.6731,-0.6917,-0.7112,-0.7304,-0.7481,-0.7636,-0.7763,-0.8895,-0.8539,-0.7774,-0.6654,-0.7127,-1.0175,-1.2786,-1.4593,-1.7465,-1.8926,-1.3997,-1.1039,-0.9956,-0.9917,-1.1366,-1.2557,-0.9455,-0.7259,-0.6177,-0.5644,-0.5375,-0.5302,-0.5404,-0.5642,-0.5935,-0.6184,-0.6347,-0.6466,-0.6602,-0.678,-0.6995,-0.7229,-0.746,-0.7668,-0.7842,-0.7975,-0.9009,-0.8696,-0.7994,-0.6961,-0.7633,-1.1198,-1.4419,-1.613,-1.6638,-1.68,-1.3104,-1.056,-0.9665,-0.967,-0.9524,-0.8996,-0.7452,-0.6001,-0.5451,-0.5193,-0.4983,-0.4941,-0.5149,-0.5592,-0.6119,-0.6471,-0.6562,-0.6572,-0.6657,-0.6844,-0.7107,-0.7401,-0.7687,-0.7934,-0.8127,-0.826,-0.9215,-0.9108,-0.8909,-0.8894,-1.0009,-1.2599,-1.557,-1.7756,-1.6546,-1.3958,-1.1443,-0.9906,-0.9376,-0.9686,-0.92,-0.7235,-0.5472,-0.5016,-0.4972,-0.4591,-0.4267,-0.4244,-0.4679,-0.5553,-0.6607,-0.7145,-0.6956,-0.6703,-0.6701,-0.6919,-0.7265,-0.7655,-0.8021,-0.8318,-0.8524,-0.8644,-0.9421,-0.951,-0.9679,-1.0131,-1.1172,-1.2872,-1.4894,-1.6516,-1.5539,-1.25,-1.0346,-0.9638,-0.947,-0.8099,-0.7466,-0.426,-0.1567,-0.3402,-0.4119,-0.3591,-0.2942,-0.2917,-0.3793,-0.5319,-0.7154,-0.7958,-0.7284,-0.6716,-0.6679,-0.6999,-0.75,-0.8047,-0.853,-0.8882,-0.9085,-0.9158,-0.9552,-0.9738,-1.0028,-1.0512,-1.1268,-1.2258,-1.3246,-1.3667,-1.2696,-1.0798,-0.9429,-0.8776,-0.8084,-0.7042,-0.5996,0.1704,1.0032,0.1126,-0.2281,-0.183,-0.0059,-0.0185,-0.219,-0.4414,-0.6431,-0.7328,-0.6815,-0.6386,-0.6533,-0.7099,-0.7876,-0.8675,-0.9325,-0.9728,-0.9878,-0.9843,-0.9586,-0.9788,-1.0063,-1.0439,-1.091,-1.1401,-1.1727,-1.1588,-1.0777,-0.9616,-0.8936,-0.8169,-0.7864,-0.712,-0.5366,0.0765,0.6371,0.0424,-0.229,0.002,0.5844,0.4442,-0.0289,-0.3155,-0.4751,-0.5452,-0.5502,-0.5636,-0.6241,-0.7258,-0.85,-0.971,-1.0599,-1.1004,-1.0988,-1.0728,-0.954,-0.9715,-0.9929,-1.0178,-1.0436,-1.0633,-1.0659,-1.0391,-0.9811,-0.914,-0.8803,-0.8274,-0.7473,-0.7019,-0.5954,-0.3822,-0.2624,-0.4332,-0.5319,-0.1397,0.6503,0.4852,-0.0102,-0.2525,-0.3368,-0.3487,-0.3662,-0.4439,-0.5788,-0.7528,-0.9521,-1.1424,-1.2648,-1.2904,-1.2477,-1.1801,-0.9439,-0.9573,-0.9721,-0.9868,-0.9987,-1.0032,-0.9945,-0.9688,-0.9283,-0.884,-0.8448,-0.7955,-0.7305,-0.7018,-0.6551,-0.6026,-0.5996,-0.8401,-1.1102,-0.6273,-0.153,-0.0556,-0.1858,-0.2607,-0.2115,-0.0809,-0.0683,-0.2623,-0.5208,-0.7944,-1.1036,-1.4102,-1.5781,-1.5506,-1.4254,-1.2939,-0.9309,-0.9403,-0.9494,-0.9568,-0.9604,-0.9575,-0.9453,-0.9228,-0.8919,-0.8571,-0.8204,-0.7796,-0.7382,-0.7061,-0.6939,-0.6969,-0.6947,-0.8549,-0.9891,-0.7631,-0.541,-0.3966,-0.3537,-0.2946,-0.0884,0.3243,0.4097,-0.0685,-0.4901,-0.848,-1.2697,-1.7354,-1.9532,-1.8205,-1.5831,-1.3842,-0.9168,-0.9227,-0.9275,-0.93,-0.9289,-0.9224,-0.9095,-0.8898,-0.8645,-0.8354,-0.8039,-0.7707,-0.7382,-0.711,-0.6993,-0.6982,-0.7041,-0.7561,-0.7938,-0.7974,-0.6642,-0.543,-0.4685,-0.3685,-0.1321,0.3636,0.4747,-0.1777,-0.5744,-0.9018,-1.3317,-1.8636,-2.1041,-1.9163,-1.6342,-1.4137,-0.9027,-0.9058,-0.9075,-0.9069,-0.9031,-0.8951,-0.8823,-0.8649,-0.8433,-0.8187,-0.7921,-0.7646,-0.7381,-0.7158,-0.7017,-0.6963,-0.7007,-0.7206,-0.7469,-0.7422,-0.6718,-0.6094,-0.5642,-0.4924,-0.3875,-0.3588,-0.638,-0.686,-0.7677,-0.9581,-1.2443,-1.6225,-1.83,-1.7395,-1.5445,-1.3707,-0.8892,-0.8903,-0.8898,-0.8873,-0.8819,-0.8733,-0.8612,-0.8456,-0.8269,-0.8059,-0.7834,-0.7605,-0.7386,-0.7198,-0.7061,-0.6982,-0.6965,-0.7,-0.7027,-0.6908,-0.6654,-0.6587,-0.6532,-0.607,-0.5887,-0.7221,-0.973,-0.9147,-0.9731,-1.0551,-1.1556,-1.3336,-1.4699,-1.4713,-1.3864,-1.2831,-0.8768,-0.8763,-0.8744,-0.8706,-0.8645,-0.8559,-0.8445,-0.8304,-0.8141,-0.7961,-0.7769,-0.7576,-0.7392,-0.7229,-0.7098,-0.7004,-0.6943,-0.6903,-0.6851,-0.6762,-0.6704,-0.6844,-0.6912,-0.6624,-0.6722,-0.763,-0.8821,-1.0158,-1.2304,-1.197,-1.1409,-1.1819,-1.2466,-1.2682,-1.241,-1.1889,-0.8654,-0.8639,-0.861,-0.8565,-0.8501,-0.8416,-0.8311,-0.8185,-0.8041,-0.7885,-0.772,-0.7555,-0.7396,-0.7253,-0.713,-0.703,-0.695,-0.6882,-0.6817,-0.6756,-0.6736,-0.6792,-0.6815,-0.6804,-0.7077,-0.7801,-0.8945,-1.0798,-1.2629,-1.2193,-1.1306,-1.1118,-1.1298,-1.1424,-1.1341,-1.1087]}]