docs/data/wind_grid.json
[{"header":{"la1":42.85,"la2":41.18,"lo1":11.55,"lo2":14.05,"nx":36,"ny":24,"dx":0.07143,"dy":0.07261,"parameterCategory":2,"parameterNumber":2,"parameterNumberName":"eastward_wind","parameterUnit":"m.s-1"},"data":[2.3263,2.337,2.3505,2.3665,2.384,2.401,2.4149,2.4227,2.4225,2.4139,2.3988,2.3799,2.36,2.3411,2.3241,2.3086,2.2935,2.2768,2.2566,2.2328,2.2081,2.188,2.1778,2.1793,2.1897,2.2047,2.2204,2.2349,2.2474,2.2579,2.2666,2.2739,2.28,2.2853,2.2898,2.2939,2.3179,2.3304,2.3474,2.369,2.3942,2.4204,2.4433,2.4574,2.4584,2.4457,2.4227,2.395,2.3674,2.343,2.3229,2.3063,2.291,2.2729,2.2476,2.2126,2.172,2.138,2.1235,2.1313,2.1533,2.1796,2.2039,2.2241,2.2402,2.2528,2.2628,2.2709,2.2776,2.2833,2.2881,2.2924,2.3052,2.3188,2.3394,2.3679,2.4042,2.4453,2.4843,2.5109,2.5148,2.4941,2.4567,2.414,2.3746,2.3426,2.3192,2.3032,2.2907,2.2746,2.2447,2.1918,2.1192,2.0543,2.0333,2.0594,2.1062,2.1516,2.1879,2.2148,2.2344,2.2489,2.2599,2.2686,2.2756,2.2815,2.2866,2.2911,2.2864,2.2996,2.3227,2.3589,2.4103,2.4751,2.5444,2.5975,2.6085,2.5706,2.5047,2.4366,2.3794,2.3372,2.3104,2.2974,2.2935,2.2881,2.2605,2.1827,2.0431,1.9029,1.8764,1.9558,2.0525,2.1264,2.1762,2.209,2.2311,2.2466,2.2579,2.2668,2.2739,2.28,2.2852,2.2898,2.2599,2.2696,2.2922,2.3347,2.4042,2.5046,2.6296,2.7438,2.7743,2.6938,2.569,2.459,2.3773,2.3219,2.2911,2.2844,2.2986,2.3217,2.3202,2.225,1.9622,1.6379,1.6297,1.8411,2.0132,2.1155,2.1742,2.2091,2.231,2.2459,2.2568,2.2654,2.2724,2.2785,2.2838,2.2886,2.2251,2.226,2.2412,2.2839,2.3704,2.5151,2.7292,2.9793,3.0658,2.8732,2.6367,2.4708,2.3612,2.2896,2.2523,2.2534,2.2961,2.3754,2.4535,2.3879,2.0189,1.4721,1.5,1.8271,2.0297,2.1322,2.1855,2.2154,2.2337,2.2464,2.2561,2.264,2.2709,2.2769,2.2824,2.2873,2.1833,2.1688,2.1654,2.1951,2.29,2.4712,2.7649,3.188,3.3741,3.0027,2.6577,2.4559,2.3246,2.2312,2.1774,2.1825,2.2587,2.4036,2.5833,2.5649,2.2949,1.9499,1.8706,2.0092,2.1175,2.1762,2.2073,2.2252,2.2372,2.2466,2.2547,2.2621,2.2688,2.2751,2.2808,2.286,2.1396,2.106,2.0741,2.0723,2.1639,2.3595,2.6367,2.977,3.1144,2.8544,2.5939,2.4135,2.2689,2.1368,2.0344,2.0272,2.1446,2.3298,2.4964,2.5463,2.6029,2.517,2.3226,2.2409,2.2256,2.2258,2.2285,2.2323,2.2376,2.2442,2.2514,2.2589,2.266,2.2727,2.2789,2.2845,2.1009,2.0529,2.0083,1.9882,2.0524,2.2339,2.4555,2.6451,2.723,2.6619,2.5274,2.3741,2.2122,2.0066,1.7513,1.6786,1.9229,2.2013,2.4072,2.626,2.9998,2.9134,2.5653,2.3788,2.2944,2.2539,2.2348,2.2286,2.2305,2.2368,2.2451,2.2538,2.2622,2.2698,2.2767,2.2828,2.0707,2.0076,1.9528,1.9315,1.9372,2.1232,2.3459,2.5295,2.6909,2.7217,2.5509,2.3645,2.1905,1.9109,1.2466,0.8914,1.6472,2.1154,2.3608,2.5835,2.8521,2.8113,2.5699,2.4013,2.3004,2.2415,2.2129,2.206,2.2117,2.2228,2.2352,2.2469,2.2573,2.2664,2.2743,2.2811,2.0531,1.9636,1.8132,1.5432,1.6107,2.021,2.2945,2.4979,2.885,3.0773,2.6172,2.3647,2.2247,2.0428,1.3989,0.8931,1.7448,2.1826,2.3739,2.4853,2.5718,2.5645,2.4645,2.3458,2.2422,2.1734,2.149,2.1573,2.1789,2.2019,2.2221,2.2386,2.252,2.2629,2.272,2.2795,2.059,1.9655,1.8037,1.5705,1.6509,2.0459,2.2769,2.3793,2.6078,2.7967,2.5094,2.3358,2.2632,2.2178,2.2417,2.0312,2.1692,2.4195,2.516,2.4916,2.48,2.4514,2.3756,2.2531,2.1109,2.0201,2.0244,2.0786,2.1343,2.1772,2.2081,2.2305,2.2471,2.2599,2.27,2.2783,2.0902,2.0244,1.9394,1.8779,1.9578,2.1431,2.262,2.3917,2.2517,2.3911,2.355,2.2945,2.274,2.4204,2.6015,2.335,2.3775,2.7362,2.7622,2.5445,2.4747,2.4226,2.3264,2.1454,1.8837,1.7338,1.8306,1.9831,2.09,2.1558,2.1971,2.2245,2.2437,2.2579,2.2688,2.2775,2.1334,2.0979,2.0675,2.0661,2.1171,2.1926,2.226,2.1562,2.192,2.2838,2.2819,2.2739,2.2535,2.003,2.3249,2.4216,2.3661,2.5307,2.6187,2.533,2.4935,2.4425,2.3272,2.084,1.6662,1.4301,1.6719,1.9261,2.0689,2.1468,2.1927,2.2224,2.2427,2.2575,2.2686,2.2775,2.1752,2.1589,2.151,2.1601,2.188,2.2203,2.2351,2.2315,2.2434,2.2532,2.2355,2.2138,2.1703,2.0964,2.2749,2.4081,1.8945,2.2729,2.4665,2.5327,2.5527,2.5148,2.3916,2.1577,1.803,1.6017,1.7681,1.9669,2.0854,2.1535,2.196,2.2246,2.2446,2.259,2.2697,2.2782,2.2103,2.2035,2.2032,2.2115,2.227,2.2431,2.2529,2.256,2.2535,2.2341,2.1967,2.134,2.1555,2.1851,2.2554,2.2054,2.0137,2.3146,2.529,2.6159,2.6626,2.626,2.4864,2.2973,2.0906,1.9688,1.9883,2.059,2.1209,2.168,2.2038,2.2306,2.2497,2.2628,2.2723,2.2799,2.2382,2.236,2.2378,2.2442,2.2535,2.2626,2.2684,2.2689,2.2605,2.2368,2.2029,2.1792,2.124,2.1164,2.3013,2.3752,2.43,2.6267,2.8012,2.7591,2.696,2.6641,2.547,2.3915,2.2413,2.1397,2.1031,2.1118,2.1414,2.1774,2.212,2.24,2.2586,2.2693,2.2763,2.2823,2.2605,2.2604,2.2629,2.2678,2.274,2.2799,2.2836,2.2833,2.2766,2.2623,2.2447,2.2253,2.1513,2.1726,2.4991,2.6662,2.7181,3.0153,3.3211,3.0165,2.8134,2.704,2.5854,2.4311,2.2654,2.1328,2.0797,2.0922,2.1294,2.1745,2.2192,2.2547,2.2733,2.279,2.2816,2.2852,2.2788,2.2798,2.2825,2.2867,2.2916,2.2964,2.2999,2.3012,2.2998,2.2966,2.2954,2.3015,2.3311,2.4907,2.9715,3.164,2.9112,3.0842,3.2901,3.2424,3.0137,2.8091,2.6422,2.4513,2.2217,2.0117,1.9637,2.0226,2.0904,2.1607,2.2257,2.2747,2.2927,2.2897,2.2867,2.2881,2.2941,2.2959,2.2989,2.3029,2.3076,2.3125,2.3171,2.3214,2.3258,2.3325,2.3462,2.377,2.4497,2.6255,2.9561,3.0763,2.9449,3.0731,3.4583,3.6264,3.1843,2.9227,2.7381,2.5056,2.2109,1.9654,1.9189,1.9389,2.0352,2.1412,2.2254,2.2834,2.3009,2.294,2.2893,2.2905,2.3074,2.3098,2.3131,2.3174,2.3225,2.3281,2.3344,2.3417,2.3511,2.365,2.3881,2.4286,2.5006,2.6194,2.7652,2.8483,2.8891,3.0235,3.268,3.3485,3.1676,3.0662,2.9514,2.6627,2.2709,1.9063,1.6114,1.7192,1.9791,2.1361,2.22,2.2691,2.2881,2.2893,2.2895,2.2927,2.3191,2.322,2.3258,2.3306,2.3363,2.3429,2.3508,2.3606,2.3734,2.3915,2.4183,2.4586,2.5177,2.5963,2.6815,2.7545,2.8262,2.9274,3.0452,3.116,3.189,3.411,3.4489,2.9761,2.395,1.8404,1.3562,1.6218,2.0583,2.1994,2.2385,2.263,2.2783,2.2858,2.2908,2.2958,2.3295,2.3329,2.3373,2.3425,2.3489,2.3564,2.3656,2.3771,2.3919,2.4117,2.4387,2.4752,2.5228,2.5803,2.6427,2.7054,2.7723,2.85,2.937,3.0433,3.2611,3.7119,3.8532,3.2263,2.5671,2.0838,1.8376,2.0329,2.3366,2.3252,2.2827,2.2766,2.2825,2.2893,2.2953,2.3008,2.3389,2.3427,2.3475,2.3533,2.3602,2.3685,2.3785,2.3909,2.4065,2.4265,2.452,2.4842,2.5235,2.569,2.6188,2.6718,2.7291,2.7937,2.8712,2.9816,3.1743,3.447,3.4903,3.1087,2.6485,2.3151,2.1716,2.2479,2.3782,2.3558,2.3096,2.2941,2.2938,2.2978,2.3027,2.3076]},{"header":{"la1":42.85,"la2":41.18,"lo1":11.55,"lo2":14.05,"nx":36,"ny":24,"dx":0.07143,"dy":0.07261,"parameterCategory":2,"parameterNumber":3,"parameterNumberName":"northward_wind","parameterUnit":"m.s-1"},"data":[0.6074,0.621,0.6339,0.646,0.6571,0.6668,0.6742,0.678,0.6772,0.6721,0.6638,0.6544,0.6452,0.6364,0.627,0.6147,0.5957,0.5653,0.5199,0.4596,0.3917,0.3296,0.2857,0.2643,0.2607,0.2666,0.2753,0.283,0.2882,0.2907,0.2909,0.2892,0.2862,0.2823,0.2779,0.2732,0.6241,0.6405,0.6561,0.6709,0.6853,0.6989,0.7104,0.717,0.7163,0.7082,0.6955,0.6822,0.6713,0.6634,0.6574,0.6499,0.635,0.6038,0.5462,0.4582,0.3513,0.2544,0.1964,0.183,0.1982,0.223,0.246,0.2631,0.2741,0.2799,0.2818,0.281,0.2783,0.2745,0.2701,0.2653,0.6432,0.6632,0.6821,0.6999,0.7181,0.7376,0.7569,0.77,0.77,0.7556,0.7335,0.7128,0.6987,0.6924,0.6922,0.6946,0.6919,0.6684,0.6,0.4663,0.2812,0.1123,0.0355,0.0534,0.1126,0.1714,0.2154,0.2442,0.2612,0.2701,0.2733,0.273,0.2704,0.2665,0.2618,0.2568,0.6656,0.691,0.7139,0.7343,0.7558,0.7837,0.8184,0.8477,0.8511,0.8226,0.7802,0.745,0.7255,0.7214,0.7302,0.7495,0.7733,0.7808,0.7193,0.5173,0.1665,-0.1699,-0.26,-0.141,0.0101,0.1209,0.1899,0.23,0.2518,0.2623,0.266,0.2655,0.2624,0.258,0.2528,0.2475,0.6929,0.7273,0.7563,0.7776,0.7982,0.8346,0.8988,0.9706,0.9877,0.9232,0.8356,0.775,0.7486,0.7483,0.7683,0.8102,0.8806,0.9707,0.989,0.7207,0.0409,-0.6929,-0.7349,-0.3626,-0.072,0.0918,0.1789,0.2245,0.2473,0.2573,0.2599,0.2582,0.2542,0.2488,0.243,0.2372,0.726,0.778,0.8212,0.8416,0.8471,0.8793,0.9873,1.163,1.2276,1.0658,0.8874,0.7939,0.7643,0.7713,0.8028,0.8648,0.9908,1.238,1.5374,1.3056,0.2054,-1.028,-0.9874,-0.4076,-0.0617,0.1072,0.1897,0.2299,0.2482,0.2548,0.2547,0.251,0.2453,0.2388,0.232,0.2256,0.7624,0.8493,0.9329,0.9603,0.9164,0.8978,1.0204,1.3323,1.4905,1.1622,0.8913,0.7879,0.7709,0.7933,0.8353,0.9008,1.0421,1.4049,2.0977,1.9797,0.7512,-0.1701,-0.3582,-0.1253,0.064,0.1676,0.2196,0.2438,0.2529,0.2536,0.2496,0.2431,0.2353,0.2273,0.2195,0.2123,0.7878,0.9307,1.1209,1.2106,1.041,0.8788,0.9129,1.13,1.2369,0.9906,0.8027,0.7525,0.7728,0.8244,0.8838,0.9342,1.01,1.227,1.5956,1.4373,0.825,0.496,0.2681,0.2034,0.2185,0.2416,0.2554,0.2599,0.258,0.2519,0.2434,0.2336,0.2235,0.2137,0.2047,0.1969,0.7711,0.9496,1.2906,1.5782,1.1484,0.7983,0.7245,0.7526,0.7455,0.6795,0.6616,0.704,0.7792,0.8779,0.9912,1.0367,0.9916,0.9912,1.0202,0.8911,0.7181,0.6722,0.5022,0.3772,0.3204,0.2961,0.2825,0.2714,0.2599,0.2476,0.2346,0.2215,0.2088,0.1972,0.1871,0.1787,0.6899,0.7994,0.9994,1.1292,0.7566,0.5888,0.542,0.4969,0.4106,0.3883,0.5182,0.6641,0.7954,0.9424,1.1958,1.3233,1.044,0.8821,0.8085,0.7393,0.6919,0.6462,0.529,0.4244,0.3581,0.3189,0.2936,0.2741,0.2566,0.2394,0.2223,0.2058,0.1905,0.177,0.1657,0.1569,0.576,0.5639,0.4324,0.0177,0.0568,0.3527,0.4093,0.3618,0.177,0.0751,0.4127,0.6554,0.8311,0.9774,1.1851,1.3319,0.9981,0.8013,0.7053,0.6492,0.6067,0.5543,0.4786,0.4051,0.3508,0.3151,0.29,0.2687,0.2479,0.2268,0.2057,0.1855,0.1672,0.1516,0.1393,0.1305,0.4854,0.4236,0.2563,-0.0178,0.0301,0.2847,0.3509,0.3385,0.2558,0.2124,0.4536,0.6855,0.8985,1.1146,1.0692,0.9885,0.8506,0.6918,0.6127,0.5697,0.5185,0.4642,0.4084,0.358,0.3212,0.2981,0.2799,0.2593,0.2357,0.2102,0.1842,0.1594,0.1373,0.1194,0.1064,0.0982,0.4347,0.3836,0.2971,0.2145,0.2346,0.3098,0.3321,0.3729,0.2994,0.3643,0.5176,0.7255,0.888,1.1688,1.0781,0.9478,0.8129,0.5705,0.5342,0.5036,0.4315,0.3723,0.3317,0.3054,0.2928,0.2881,0.2749,0.2508,0.2214,0.1894,0.1565,0.1251,0.0981,0.0776,0.0645,0.0582,0.4091,0.3775,0.3385,0.3105,0.311,0.3228,0.3163,0.2776,0.2905,0.3558,0.4758,0.767,0.8766,0.8653,0.9223,1.1668,0.9367,0.6219,0.5179,0.4162,0.31,0.2529,0.243,0.2566,0.2832,0.299,0.2771,0.2422,0.2043,0.1631,0.12,0.0791,0.0452,0.0219,0.0102,0.0083,0.3931,0.3735,0.3527,0.337,0.329,0.3233,0.3122,0.2964,0.2817,0.2521,0.2382,0.352,0.4843,0.3319,0.7932,1.1963,0.544,0.5515,0.409,0.2449,0.0948,0.0673,0.1289,0.1973,0.2555,0.2806,0.2613,0.2264,0.1826,0.1295,0.0709,0.0147,-0.0293,-0.0547,-0.0615,-0.0543,0.3796,0.3658,0.3514,0.3384,0.3268,0.3144,0.2975,0.2705,0.2151,0.0766,-0.2109,-0.1261,0.084,0.3266,0.5101,0.6008,0.4534,0.3697,0.1993,0.0067,-0.2429,-0.1859,0.0047,0.1269,0.2023,0.238,0.2391,0.2128,0.161,0.0883,0.0031,-0.0792,-0.1388,-0.1632,-0.1565,-0.1317,0.3666,0.3552,0.3429,0.3301,0.3162,0.2995,0.2761,0.2383,0.168,0.0277,-0.1848,-0.1026,-0.1144,-0.1322,0.1621,0.247,0.2103,0.0352,-0.1442,-0.1793,-0.3116,-0.2457,-0.0545,0.0831,0.1842,0.2514,0.2701,0.2329,0.1525,0.0416,-0.0909,-0.2212,-0.3051,-0.3181,-0.2798,-0.2229,0.3536,0.3431,0.3313,0.318,0.3025,0.2831,0.2566,0.2178,0.1592,0.078,0.003,-0.035,-0.1705,-0.226,-0.2205,-0.2707,-0.1807,-0.3943,-0.6936,-0.3904,-0.2535,-0.1759,-0.0605,0.0755,0.2302,0.3788,0.4173,0.3166,0.1662,-0.0073,-0.216,-0.4325,-0.5534,-0.5268,-0.4249,-0.3185,0.3409,0.3306,0.3187,0.3049,0.2884,0.2679,0.2414,0.2063,0.1609,0.1073,0.0528,-0.0083,-0.1044,-0.2841,-0.8815,-1.1506,-0.5071,-0.4796,-0.6299,-0.5274,-0.3567,-0.2164,-0.0925,0.0689,0.3146,0.6429,0.7138,0.4389,0.1839,-0.054,-0.3475,-0.6862,-0.8512,-0.7439,-0.5542,-0.3958,0.3286,0.3183,0.3062,0.2921,0.2752,0.2547,0.2294,0.198,0.16,0.1157,0.0643,-0.003,-0.1122,-0.3397,-0.8131,-0.9678,-0.5495,-0.4602,-0.6504,-0.7438,-0.4687,-0.3063,-0.1831,0.002,0.2947,0.688,0.7719,0.4242,0.1546,-0.0943,-0.4038,-0.789,-0.9713,-0.8231,-0.6005,-0.4262,0.317,0.3065,0.2943,0.2801,0.2633,0.2432,0.2192,0.1905,0.1564,0.1161,0.0667,0.0008,-0.0972,-0.2496,-0.4346,-0.4951,-0.4164,-0.4136,-0.532,-0.578,-0.4836,-0.4567,-0.3965,-0.1787,0.1209,0.3562,0.3915,0.2897,0.0602,-0.1536,-0.3657,-0.6231,-0.7664,-0.6932,-0.54,-0.402,0.3062,0.2956,0.2833,0.2691,0.2526,0.2332,0.2104,0.1837,0.1522,0.1149,0.0694,0.0115,-0.0638,-0.1565,-0.2455,-0.2932,-0.3059,-0.3366,-0.3985,-0.4565,-0.5588,-0.8031,-0.8602,-0.4828,-0.0745,0.205,0.3764,0.214,-0.1701,-0.3162,-0.3611,-0.4482,-0.5202,-0.5063,-0.4324,-0.3457,0.2962,0.2855,0.2733,0.2593,0.2432,0.2245,0.2029,0.1778,0.1487,0.1146,0.0742,0.0258,-0.0312,-0.0934,-0.1514,-0.1957,-0.2309,-0.2734,-0.3347,-0.4345,-0.657,-1.0899,-1.221,-0.7074,-0.2388,0.0212,0.0911,-0.1917,-0.6475,-0.5853,-0.429,-0.3827,-0.3854,-0.3749,-0.3374,-0.2852,0.287,0.2764,0.2643,0.2506,0.2349,0.217,0.1966,0.1732,0.1464,0.1156,0.0802,0.0398,-0.0051,-0.052,-0.0973,-0.1386,-0.1789,-0.2262,-0.292,-0.3995,-0.5922,-0.8562,-0.91,-0.6172,-0.3054,-0.1385,-0.1527,-0.4081,-0.7134,-0.6344,-0.4521,-0.3571,-0.3201,-0.2975,-0.2694,-0.234]}]