docs/data/wind_grid.json
[{"header":{"la1":42.85,"la2":41.18,"lo1":11.55,"lo2":14.05,"nx":36,"ny":24,"dx":0.07143,"dy":0.07261,"parameterCategory":2,"parameterNumber":2,"parameterNumberName":"eastward_wind","parameterUnit":"m.s-1"},"data":[3.1586,3.201,3.2483,3.2993,3.3513,3.3995,3.4375,3.4588,3.4587,3.437,3.3984,3.3498,3.2978,3.2469,3.1991,3.1553,3.115,3.0778,3.0428,3.009,2.9753,2.9411,2.9058,2.8697,2.8335,2.7977,2.7633,2.7307,2.7004,2.6727,2.6477,2.6252,2.6053,2.5878,2.5725,2.5591,3.1649,3.215,3.2736,3.3402,3.412,3.4828,3.5423,3.578,3.5798,3.547,3.4888,3.4189,3.3484,3.2835,3.2259,3.175,3.1298,3.0892,3.052,3.0167,2.9816,2.945,2.9065,2.8665,2.826,2.7861,2.7479,2.7122,2.6795,2.6501,2.6239,2.6008,2.5806,2.5631,2.5481,2.5352,3.1639,3.2216,3.2928,3.3789,3.4786,3.5851,3.6826,3.7463,3.753,3.699,3.6051,3.5001,3.4029,3.3202,3.2514,3.1931,3.1425,3.0981,3.059,3.0233,2.9874,2.9488,2.9064,2.8615,2.8156,2.7706,2.728,2.6889,2.6537,2.6226,2.5955,2.5721,2.552,2.535,2.5205,2.5084,3.152,3.2158,3.2994,3.408,3.5449,3.7068,3.8735,3.9969,4.0168,3.9184,3.7554,3.5918,3.4575,3.3546,3.2748,3.2093,3.1524,3.1028,3.0617,3.0273,2.9929,2.9525,2.9054,2.8539,2.8011,2.7498,2.702,2.6591,2.6214,2.5891,2.5616,2.5385,2.519,2.5028,2.4894,2.4784,3.1255,3.1914,3.2839,3.414,3.5946,3.8357,4.1261,4.3837,4.4427,4.2417,3.9397,3.6835,3.5041,3.3831,3.2964,3.2257,3.1605,3.1008,3.0552,3.0261,2.9974,2.9562,2.9026,2.8422,2.7803,2.7212,2.6674,2.6206,2.5809,2.5481,2.5211,2.4991,2.4811,2.4664,2.4545,2.445,3.0808,3.1414,3.2341,3.3769,3.5956,3.926,4.4028,4.9446,5.119,4.6745,4.1192,3.7467,3.5301,3.4029,3.319,3.2483,3.1727,3.0914,3.0315,3.0148,3.0005,2.9588,2.8959,2.8234,2.7498,2.6811,2.6207,2.5703,2.5297,2.4978,2.4728,2.4532,2.4376,2.4251,2.4154,2.4079,3.0157,3.0599,3.1377,3.2741,3.5053,3.8862,4.5092,5.3936,5.7675,4.9613,4.1673,3.7401,3.5251,3.415,3.3502,3.2895,3.2061,3.0948,3.0039,3.001,3.0037,2.9581,2.8816,2.7929,2.7043,2.6238,2.5565,2.5039,2.4647,2.4363,2.4155,2.4,2.3881,2.3789,2.3718,2.3668,2.9312,2.9441,2.9846,3.0872,3.2961,3.6507,4.1957,4.9136,5.1949,4.5786,3.9845,3.6564,3.4941,3.4276,3.4047,3.3695,3.2858,3.1625,3.0551,3.0302,3.0146,2.9515,2.8546,2.7441,2.6354,2.5406,2.4669,2.4153,2.382,2.3614,2.3483,2.3394,2.3326,2.3274,2.3236,2.3215,2.8343,2.7986,2.77,2.8011,2.9716,3.2902,3.6771,4.0293,4.1553,3.9971,3.7506,3.5535,3.4552,3.4518,3.5107,3.5232,3.4193,3.2868,3.1787,3.1075,3.0393,2.9401,2.8112,2.6681,2.5305,2.4171,2.3392,2.2957,2.2769,2.2714,2.271,2.2714,2.2712,2.2706,2.2705,2.2715,2.741,2.6457,2.5095,2.4019,2.5378,2.9269,3.2957,3.5929,3.8569,3.9145,3.6806,3.479,3.4156,3.4756,3.6881,3.7984,3.5666,3.4109,3.3099,3.2042,3.0786,2.9264,2.7473,2.5521,2.3673,2.2276,2.1527,2.1335,2.1453,2.1663,2.1849,2.1974,2.2045,2.2085,2.2118,2.2161,2.6752,2.537,2.3002,2.003,2.0951,2.6658,3.0603,3.3825,4.0808,4.4121,3.7125,3.4038,3.3699,3.4556,3.6651,3.8098,3.5957,3.5431,3.4948,3.3411,3.1359,2.9108,2.6579,2.3759,2.1054,1.924,1.8731,1.9151,1.9869,2.0504,2.0941,2.1197,2.1331,2.1406,2.1466,2.154,2.654,2.5233,2.3082,2.051,2.1491,2.6363,2.8873,2.9821,3.4956,3.9087,3.4686,3.2784,3.3309,3.488,3.5467,3.5116,3.5844,3.8765,3.9074,3.5528,3.202,2.8893,2.5433,2.1181,1.6745,1.4175,1.4532,1.6364,1.8138,1.9357,2.0062,2.0414,2.0571,2.0649,2.0722,2.083,2.67,2.5842,2.4749,2.4013,2.4997,2.707,2.7808,2.7796,2.7993,3.1117,3.1291,3.1593,3.2306,3.5947,3.6269,3.3707,3.6057,4.5561,4.5624,3.7181,3.223,2.861,2.4333,1.8024,1.015,0.6109,0.8897,1.3437,1.6651,1.8445,1.9306,1.9641,1.9734,1.9768,1.9841,1.9992,2.6992,2.6548,2.6155,2.6107,2.6645,2.7345,2.7416,2.6564,2.7107,2.8375,2.8868,3.143,3.1974,2.6197,3.0284,3.1282,3.3317,3.9722,4.0682,3.5216,3.1593,2.8605,2.4147,1.6241,0.4418,-0.1553,0.4726,1.1954,1.6089,1.8018,1.8727,1.8833,1.8731,1.8662,1.8738,1.897,2.7237,2.7023,2.6891,2.6934,2.7153,2.7362,2.734,2.7119,2.6897,2.6184,2.5255,2.562,2.5603,2.2298,2.6985,2.9449,3.0263,3.1871,3.2831,3.2056,3.1543,2.9896,2.5655,1.8427,0.833,0.2976,0.7742,1.3642,1.6901,1.8144,1.8242,1.7821,1.7355,1.7146,1.7281,1.769,2.7377,2.7259,2.7192,2.7193,2.7231,2.722,2.7062,2.6666,2.5778,2.3777,2.0513,1.9243,2.1403,2.3706,2.5718,2.8102,2.9357,2.886,2.8865,3.0707,3.4701,3.3257,2.7933,2.2428,1.7055,1.4209,1.5367,1.7573,1.869,1.8564,1.7572,1.625,1.5229,1.4918,1.5296,1.6083,2.7424,2.7336,2.7268,2.7212,2.714,2.6994,2.6696,2.6126,2.5055,2.3139,2.0714,2.0621,2.0025,1.988,2.3861,2.5826,2.6266,2.493,2.4141,2.8064,3.4948,3.3438,2.8437,2.4905,2.2709,2.193,2.1962,2.1686,2.0683,1.8879,1.631,1.3542,1.1731,1.1565,1.263,1.4154,2.7407,2.7322,2.7234,2.7134,2.6993,2.6772,2.6411,2.5833,2.4949,2.3764,2.2651,2.1906,2.0062,1.9822,2.3027,2.4089,2.379,2.0207,1.6294,2.248,2.7544,2.8434,2.6926,2.5752,2.5976,2.7433,2.7664,2.5478,2.2465,1.8882,1.418,0.9043,0.6156,0.6845,0.9406,1.2116,2.7352,2.726,2.7155,2.7024,2.6848,2.6598,2.624,2.574,2.5085,2.4332,2.3617,2.298,2.2385,2.2567,2.3142,2.3129,2.2978,2.0276,1.814,2.1213,2.3664,2.4999,2.523,2.5748,2.8086,3.2867,3.3884,2.8558,2.3679,1.8772,1.1783,0.328,-0.083,0.1799,0.6526,1.0535,2.7278,2.7178,2.706,2.6914,2.6725,2.6477,2.6152,2.5741,2.5253,2.4729,2.423,2.3805,2.3521,2.3451,2.332,2.3218,2.3028,2.1924,2.1195,2.116,2.2264,2.3031,2.3526,2.4775,2.7789,3.3489,3.4756,2.7941,2.3696,1.916,1.1477,0.106,-0.375,0.0029,0.5711,1.0162,2.7196,2.7091,2.6967,2.6815,2.6628,2.6395,2.6111,2.5774,2.5397,2.5007,2.4638,2.4321,2.4079,2.3898,2.3716,2.3539,2.3208,2.2523,2.1802,2.1563,2.1491,2.0833,2.0832,2.2494,2.4837,2.5867,2.3117,2.308,2.3075,2.0606,1.4775,0.6525,0.2016,0.3823,0.7774,1.1274,2.7113,2.7006,2.688,2.673,2.6551,2.6339,2.6091,2.5811,2.5508,2.52,2.4905,2.464,2.4409,2.4201,2.3992,2.3745,2.3379,2.2837,2.2207,2.146,1.982,1.6757,1.5935,1.9243,2.2184,2.2147,1.947,2.1357,2.4085,2.3374,1.9464,1.4002,1.0241,0.9817,1.136,1.334,2.7034,2.6926,2.6802,2.6657,2.649,2.6297,2.6079,2.5841,2.5588,2.5331,2.5081,2.4844,2.462,2.44,2.4165,2.388,2.3497,2.2969,2.2229,2.0974,1.8314,1.3754,1.2471,1.7093,2.0867,2.2034,2.2088,2.437,2.7915,2.6844,2.31,1.8997,1.5946,1.4652,1.4762,1.5564,2.6959,2.6853,2.6732,2.6594,2.6438,2.6263,2.607,2.5861,2.5642,2.5419,2.5196,2.4977,2.4758,2.4531,2.428,2.3976,2.3582,2.3043,2.2254,2.0962,1.8762,1.5969,1.5357,1.8004,2.0756,2.2325,2.3539,2.5884,2.8455,2.7474,2.4455,2.1428,1.9103,1.7762,1.7318,1.7471]},{"header":{"la1":42.85,"la2":41.18,"lo1":11.55,"lo2":14.05,"nx":36,"ny":24,"dx":0.07143,"dy":0.07261,"parameterCategory":2,"parameterNumber":3,"parameterNumberName":"northward_wind","parameterUnit":"m.s-1"},"data":[2.0224,2.019,2.0163,2.014,2.012,2.0103,2.0085,2.0065,2.0033,1.997,1.9841,1.9607,1.9227,1.8672,1.7931,1.7033,1.6055,1.5126,1.44,1.3999,1.3961,1.4232,1.4708,1.528,1.5867,1.6423,1.6927,1.7373,1.7766,1.8112,1.842,1.8695,1.8943,1.9166,1.9368,1.9552,2.0121,2.0083,2.0054,2.0031,2.0012,1.9996,1.9985,1.9984,1.9989,1.9979,1.9903,1.9698,1.9294,1.863,1.7672,1.6432,1.501,1.3618,1.2544,1.2027,1.2121,1.2688,1.3509,1.4393,1.5228,1.5964,1.6595,1.713,1.7585,1.7977,1.8319,1.8622,1.8892,1.9134,1.9353,1.955,1.9991,1.9945,1.9911,1.9886,1.9864,1.984,1.982,1.9825,1.9875,1.9952,1.9982,1.9858,1.9466,1.8701,1.7474,1.5745,1.3609,1.1405,0.971,0.9043,0.9476,1.0637,1.2052,1.3407,1.4571,1.5523,1.629,1.6912,1.7426,1.7859,1.8233,1.8562,1.8854,1.9116,1.9351,1.9561,1.9825,1.9766,1.9725,1.9698,1.9669,1.9621,1.9555,1.9521,1.9607,1.9828,2.0057,2.0102,1.9793,1.8969,1.7449,1.5057,1.1773,0.8066,0.5152,0.4317,0.5616,0.7975,1.0387,1.2408,1.3971,1.5148,1.6041,1.6736,1.7295,1.7762,1.8163,1.8516,1.8831,1.9112,1.9363,1.9587,1.9611,1.9529,1.9479,1.9455,1.9428,1.9344,1.9165,1.897,1.9032,1.9504,2.01,2.0453,2.0339,1.9558,1.7807,1.4641,0.9623,0.3081,-0.2449,-0.3352,0.0148,0.4827,0.8749,1.158,1.3537,1.4898,1.5874,1.6608,1.7192,1.7682,1.8107,1.8484,1.8821,1.9124,1.9393,1.9632,1.9333,1.9209,1.914,1.913,1.9138,1.9052,1.8706,1.8098,1.7941,1.8902,2.0147,2.0959,2.1171,2.0611,1.8863,1.5109,0.804,-0.3219,-1.428,-1.4723,-0.6296,0.2042,0.7687,1.1203,1.3397,1.4818,1.5794,1.652,1.7106,1.7609,1.8057,1.8461,1.8826,1.9153,1.9444,1.9698,1.8973,1.8765,1.8643,1.8652,1.8763,1.8809,1.845,1.7376,1.6791,1.8481,2.0452,2.1715,2.2342,2.2249,2.0953,1.7337,0.9277,-0.6085,-2.4028,-2.347,-0.945,0.1559,0.7941,1.1532,1.3616,1.4899,1.5769,1.6436,1.7005,1.7523,1.8003,1.8445,1.8846,1.9205,1.9519,1.9791,1.8519,1.8144,1.7873,1.7851,1.8144,1.8553,1.8655,1.8118,1.7894,1.9471,2.1327,2.2755,2.3824,2.4489,2.4272,2.1822,1.5049,0.2001,-1.317,-1.4034,-0.3767,0.4762,0.9776,1.2551,1.4102,1.5035,1.5699,1.6277,1.6838,1.7395,1.7932,1.8433,1.8886,1.9285,1.9628,1.9919,1.7993,1.7316,1.6671,1.641,1.6929,1.798,1.8874,1.942,2.0037,2.1097,2.2414,2.3877,2.5418,2.7133,2.8927,2.842,2.3038,1.4474,0.6257,0.3655,0.6387,0.9948,1.244,1.3847,1.4567,1.4994,1.5404,1.5918,1.6533,1.7191,1.7836,1.843,1.8955,1.9405,1.9782,2.0091,1.7494,1.6386,1.4994,1.3907,1.4621,1.6866,1.8666,1.9911,2.1082,2.198,2.3093,2.4809,2.6789,2.9398,3.4572,3.7041,2.935,2.2106,1.7077,1.4454,1.3961,1.4411,1.4809,1.4817,1.4563,1.4397,1.4596,1.5185,1.6007,1.6889,1.7722,1.8456,1.9077,1.9588,1.9999,2.0322,1.7219,1.5756,1.3529,1.0969,1.1635,1.5729,1.8136,1.951,2.1526,2.2316,2.3324,2.5566,2.7856,3.0094,3.4471,3.755,3.0061,2.433,2.1056,1.9195,1.8061,1.7232,1.6272,1.4948,1.3511,1.2651,1.2845,1.3873,1.5213,1.6512,1.7633,1.8553,1.9288,1.9864,2.0304,2.0632,1.7347,1.5934,1.3816,1.145,1.2207,1.5935,1.7407,1.7567,1.9774,2.1871,2.3699,2.633,2.8918,3.1329,3.0879,3.0298,2.7105,2.2761,2.0977,2.0731,2.0036,1.8795,1.6839,1.3932,1.0616,0.8773,0.9572,1.1856,1.4226,1.617,1.7663,1.8794,1.9645,2.0276,2.073,2.1044,1.7853,1.6851,1.5643,1.4797,1.549,1.692,1.6826,1.6051,1.6709,2.0915,2.4252,2.7019,2.894,3.1477,3.0197,2.8681,2.5595,1.8921,1.8504,2.1109,2.1163,1.9806,1.6997,1.1976,0.5171,0.1632,0.4591,0.952,1.3424,1.6111,1.7964,1.9278,2.022,2.0879,2.1317,2.1585,1.8536,1.7957,1.7427,1.7227,1.7538,1.7834,1.7287,1.5898,1.7217,2.1245,2.4481,2.7532,2.8559,2.9724,2.9046,2.8838,2.7727,2.2588,2.1082,2.2462,2.233,2.0911,1.7661,1.0935,0.0054,-0.5662,0.0709,0.8491,1.3556,1.6666,1.8699,2.011,2.1096,2.1743,2.2116,2.2286,1.9216,1.8917,1.8706,1.8674,1.8805,1.8887,1.8742,1.8751,1.9968,2.1997,2.3539,2.5245,2.7104,2.8033,2.8299,3.0892,3.4456,2.8613,2.5406,2.441,2.3639,2.2399,1.9476,1.3462,0.4086,-0.1063,0.4043,1.0752,1.521,1.8018,1.9955,2.1376,2.2371,2.2956,2.3189,2.318,1.9815,1.9679,1.9617,1.9654,1.9775,1.9926,2.0124,2.0564,2.1383,2.1947,2.0966,2.2909,2.4387,2.6321,2.7273,3.0085,3.273,2.9628,2.7467,2.5686,2.4267,2.3721,2.1634,1.782,1.3187,1.0722,1.2391,1.5484,1.8011,1.9969,2.1672,2.3148,2.4191,2.465,2.4609,2.4284,2.0319,2.028,2.0299,2.0387,2.0543,2.0763,2.1073,2.1512,2.1986,2.2044,2.1222,2.2504,2.316,2.3289,2.5586,2.7422,2.8938,2.9988,3.0326,2.748,2.4498,2.4184,2.3008,2.1101,1.9578,1.9222,1.9739,2.0302,2.0932,2.202,2.3686,2.5547,2.6808,2.7007,2.6427,2.5573,2.0738,2.0759,2.0826,2.095,2.1132,2.1376,2.1688,2.2054,2.2396,2.2578,2.2689,2.3092,2.2954,2.3019,2.4452,2.5522,2.7986,3.2949,3.7396,3.0987,2.6703,2.5036,2.3913,2.3166,2.364,2.5365,2.5871,2.4301,2.3138,2.3604,2.5769,2.8769,3.0562,3.0128,2.8537,2.6894,2.1084,2.1142,2.1239,2.1382,2.1574,2.1815,2.2101,2.2413,2.2714,2.2971,2.3215,2.3471,2.3624,2.3769,2.3216,2.2903,2.6664,3.1751,3.4577,3.0388,2.7682,2.5668,2.4433,2.426,2.6268,3.1216,3.2324,2.7014,2.3919,2.4144,2.7392,3.2466,3.5054,3.3366,3.0371,2.7889,2.1368,2.1449,2.1563,2.1714,2.1904,2.2131,2.2388,2.2664,2.294,2.3204,2.3458,2.3698,2.3893,2.3933,2.342,2.3433,2.5957,2.8606,2.9209,2.8941,2.7443,2.5439,2.4202,2.4103,2.6074,3.1722,3.3048,2.5298,2.2365,2.3049,2.7191,3.3794,3.6926,3.4477,3.0852,2.8091,2.16,2.1694,2.1816,2.1968,2.215,2.2359,2.2592,2.2839,2.3091,2.334,2.3583,2.3815,2.4018,2.4157,2.4244,2.4687,2.5858,2.7175,2.7976,2.7842,2.6177,2.4176,2.3061,2.2834,2.3006,2.2248,1.7694,1.7673,1.8631,2.0059,2.4081,2.9894,3.305,3.1927,2.9447,2.7323,2.1789,2.189,2.2013,2.2161,2.2332,2.2524,2.2734,2.2956,2.3184,2.3413,2.3639,2.3859,2.4071,2.4277,2.4526,2.493,2.5529,2.6116,2.635,2.5805,2.4126,2.1957,2.1181,2.141,2.0582,1.7257,1.2442,1.3904,1.4201,1.5296,1.9271,2.4077,2.7201,2.7791,2.7002,2.5927,2.1942,2.2044,2.2166,2.2306,2.2466,2.2641,2.2831,2.303,2.3235,2.3441,2.3646,2.385,2.4051,2.4259,2.4493,2.4772,2.5065,2.5246,2.5099,2.4339,2.2706,2.0604,2.0114,2.0694,1.9822,1.7388,1.4834,1.2437,0.8028,0.9796,1.5042,1.9747,2.2878,2.4339,2.4654,2.4429,2.2064,2.2166,2.2282,2.2415,2.2561,2.2721,2.2892,2.3069,2.3252,2.3435,2.3617,2.3797,2.3975,2.4151,2.4327,2.4492,2.4606,2.4582,2.4291,2.3588,2.2419,2.1162,2.0702,2.0624,1.9708,1.7863,1.5386,1.1489,0.7242,0.8899,1.3592,1.7657,2.0464,2.2115,2.2906,2.3168]}]