docs/data/wind_grid.json
[{"header":{"la1":42.85,"la2":41.18,"lo1":11.55,"lo2":14.05,"nx":36,"ny":24,"dx":0.07143,"dy":0.07261,"parameterCategory":2,"parameterNumber":2,"parameterNumberName":"eastward_wind","parameterUnit":"m.s-1"},"data":[1.2647,1.2628,1.2607,1.2579,1.2539,1.2476,1.2381,1.2243,1.2051,1.1799,1.1486,1.1116,1.0698,1.0245,0.9767,0.928,0.8799,0.8346,0.7943,0.7613,0.738,0.7272,0.7312,0.7495,0.7784,0.8127,0.8481,0.8818,0.9125,0.9397,0.9636,0.9843,1.0023,1.0179,1.0316,1.0435,1.2691,1.2682,1.2677,1.2671,1.2656,1.2621,1.255,1.2427,1.2235,1.1962,1.1607,1.1175,1.0682,1.0142,0.9568,0.8974,0.8379,0.7811,0.7302,0.6878,0.6564,0.6411,0.6483,0.6781,0.7227,0.7722,0.82,0.8629,0.9001,0.9318,0.9586,0.9813,1.0006,1.0171,1.0312,1.0434,1.2718,1.2717,1.2729,1.2751,1.2774,1.2781,1.2752,1.266,1.2479,1.2186,1.1778,1.1269,1.0682,1.0037,0.9348,0.8623,0.7877,0.7152,0.6507,0.5969,0.5525,0.5256,0.5361,0.5873,0.6588,0.7309,0.7945,0.8478,0.8915,0.9274,0.9567,0.9809,1.001,1.0178,1.0321,1.0443,1.2716,1.2718,1.2746,1.2802,1.2877,1.2949,1.2986,1.2952,1.28,1.2489,1.2013,1.1401,1.0696,0.9928,0.9107,0.8226,0.7277,0.6316,0.5489,0.4868,0.4249,0.3661,0.3793,0.4754,0.5928,0.6952,0.7764,0.8396,0.8889,0.9277,0.9586,0.9835,1.0037,1.0204,1.0344,1.0463,1.2672,1.2663,1.2697,1.2789,1.2937,1.3106,1.3245,1.3303,1.3212,1.2886,1.2315,1.1566,1.0712,0.9801,0.8845,0.78,0.6583,0.52,0.4028,0.3536,0.295,0.1577,0.1762,0.3643,0.5448,0.6774,0.7724,0.842,0.8941,0.934,0.965,0.9894,1.009,1.0249,1.038,1.0492,1.2574,1.2522,1.2532,1.2653,1.2903,1.3221,1.35,1.3665,1.3661,1.3342,1.2663,1.1743,1.0702,0.9624,0.8541,0.7383,0.5909,0.3794,0.1553,0.1559,0.2343,0.0488,0.0786,0.3418,0.5511,0.6914,0.7882,0.8575,0.9085,0.9468,0.976,0.9986,1.0165,1.0309,1.0428,1.0528,1.2418,1.2274,1.2188,1.2288,1.2682,1.325,1.3714,1.388,1.3877,1.3709,1.3013,1.191,1.0623,0.9316,0.81,0.6969,0.5558,0.2977,-0.1064,-0.0689,0.2945,0.303,0.3192,0.4746,0.6258,0.7404,0.8246,0.8863,0.9319,0.9658,0.9914,1.0109,1.026,1.0382,1.0482,1.0567,1.223,1.1943,1.1654,1.1598,1.2176,1.3173,1.3979,1.4211,1.4168,1.4191,1.3484,1.2103,1.0441,0.8737,0.7232,0.6241,0.5523,0.4081,0.1801,0.2516,0.5658,0.6322,0.6097,0.6526,0.7325,0.8115,0.8765,0.9262,0.9631,0.9902,1.0103,1.0253,1.0368,1.046,1.0537,1.0605,1.2062,1.164,1.1192,1.0957,1.159,1.3084,1.4526,1.5425,1.5896,1.5774,1.4479,1.2423,1.0165,0.7758,0.5287,0.4216,0.4955,0.5371,0.5322,0.6394,0.86,0.8416,0.7722,0.7841,0.8338,0.8896,0.9375,0.9739,1.0,1.0184,1.0314,1.0407,1.0478,1.0535,1.0585,1.0633,1.1964,1.141,1.086,1.0623,1.0924,1.3033,1.5451,1.7399,1.9259,1.9397,1.6314,1.2859,0.9881,0.6724,0.1647,-0.0881,0.3579,0.577,0.6566,0.7391,0.8383,0.8492,0.8454,0.8774,0.925,0.9704,1.0048,1.0271,1.0406,1.0484,1.053,1.0557,1.0575,1.0593,1.0614,1.0643,1.1989,1.1232,0.9871,0.7335,0.8135,1.2991,1.6795,1.9392,2.3354,2.5398,1.8148,1.302,0.953,0.6609,0.2143,-0.0978,0.4058,0.5997,0.6715,0.7497,0.8212,0.8679,0.9116,0.964,1.0177,1.0587,1.0796,1.0848,1.0826,1.0779,1.0728,1.068,1.0642,1.0618,1.0611,1.0622,1.2227,1.148,1.0034,0.7759,0.8852,1.4344,1.8808,2.1138,2.2083,2.2423,1.7179,1.2719,0.8915,0.5285,0.5346,0.5654,0.6115,0.5454,0.5527,0.715,0.8433,0.9247,0.99,1.0569,1.1234,1.1645,1.1655,1.1454,1.1229,1.1037,1.0879,1.0751,1.0653,1.0587,1.0555,1.0556,1.2684,1.2259,1.1659,1.1351,1.288,1.6481,2.0371,2.3083,2.1751,1.8948,1.5739,1.3042,1.0227,0.4521,0.5646,0.7818,0.7213,0.2397,0.2293,0.6802,0.8907,0.9973,1.0713,1.1501,1.2443,1.2956,1.2599,1.2015,1.1555,1.1214,1.0949,1.0736,1.0576,1.0471,1.0423,1.0424,1.3218,1.3138,1.3177,1.3658,1.5029,1.7277,1.9817,2.1743,2.0859,1.8067,1.5732,1.3944,1.3266,1.165,0.9554,0.9085,0.8655,0.5888,0.5301,0.8201,0.9994,1.0902,1.1483,1.2196,1.3342,1.4012,1.3247,1.2342,1.1716,1.126,1.0893,1.0591,1.0364,1.0226,1.0179,1.0205,1.3686,1.3816,1.4111,1.4714,1.5732,1.708,1.8427,1.9196,1.8818,1.8057,1.7548,1.5994,1.4244,1.476,1.1117,0.9257,0.9138,0.929,0.9508,1.0589,1.1582,1.1993,1.218,1.2513,1.3162,1.3574,1.3031,1.227,1.1655,1.1137,1.0667,1.0254,0.9947,0.9789,0.9776,0.987,1.4032,1.4249,1.4596,1.5123,1.5835,1.6646,1.7374,1.7825,1.8129,1.936,2.317,1.9233,1.6729,1.4123,1.2365,1.0763,1.0043,1.1052,1.1985,1.2566,1.2837,1.2844,1.2792,1.2757,1.2788,1.2753,1.243,1.1935,1.1404,1.0837,1.0222,0.9629,0.9206,0.9057,0.9155,0.9396,1.4258,1.4493,1.4816,1.5236,1.5738,1.6265,1.6747,1.7175,1.7794,1.9356,2.2338,1.9474,1.6039,1.4851,1.3869,1.3032,1.2861,1.3879,1.4902,1.436,1.3202,1.3267,1.3372,1.31,1.2713,1.232,1.1935,1.1534,1.1048,1.0389,0.951,0.8565,0.7941,0.7889,0.8262,0.8783,1.4392,1.4614,1.4891,1.5221,1.5588,1.5963,1.6324,1.6695,1.7183,1.7885,1.8299,1.7259,1.5616,1.5194,1.5688,1.5892,1.556,1.6994,1.8627,1.7118,1.5509,1.4693,1.4216,1.3517,1.2656,1.1897,1.1447,1.1112,1.0656,0.987,0.8534,0.6875,0.5897,0.6184,0.7133,0.8106,1.4462,1.466,1.4892,1.5153,1.5431,1.5712,1.5987,1.6262,1.6549,1.6797,1.6796,1.6391,1.595,1.6286,1.8808,1.9979,1.7549,1.8223,1.9605,2.084,1.8658,1.666,1.5358,1.4014,1.2473,1.1344,1.1056,1.0653,1.0244,0.9449,0.757,0.4753,0.327,0.4298,0.6096,0.7574,1.4488,1.4662,1.4855,1.5065,1.5281,1.5497,1.5704,1.5897,1.6065,1.6171,1.6161,1.6061,1.6099,1.6772,1.8651,1.9345,1.8178,1.9439,2.4548,2.7009,2.136,1.8538,1.6889,1.4866,1.243,1.097,1.0732,0.9624,0.9712,0.9411,0.745,0.394,0.2146,0.3625,0.5812,0.7474,1.4488,1.4638,1.48,1.4971,1.5144,1.5313,1.5471,1.5612,1.5727,1.5802,1.5837,1.5879,1.6054,1.6532,1.7275,1.7703,1.8,1.9459,2.2471,2.3574,2.1556,2.0744,1.9789,1.6803,1.2777,0.8929,0.517,0.6411,0.9317,1.0174,0.8798,0.6019,0.4384,0.5104,0.6621,0.7925,1.4471,1.4601,1.4738,1.4879,1.5021,1.5157,1.5283,1.5395,1.549,1.5565,1.5635,1.5733,1.5918,1.6237,1.6652,1.7074,1.7648,1.8693,2.0077,2.1053,2.2274,2.5449,2.6136,2.0591,1.4002,0.7627,0.1655,0.5204,1.1205,1.2473,1.1114,0.9026,0.76,0.7441,0.8018,0.8739,1.4444,1.4557,1.4674,1.4794,1.4912,1.5025,1.5132,1.5228,1.5315,1.5397,1.5485,1.5601,1.5774,1.6023,1.6343,1.6742,1.729,1.8073,1.9093,2.0507,2.3478,2.9386,3.1201,2.362,1.5966,1.051,0.7869,1.1266,1.6728,1.5939,1.3374,1.1286,0.9934,0.9367,0.9363,0.9623,1.4411,1.451,1.4612,1.4715,1.4816,1.4914,1.5007,1.5095,1.5179,1.5265,1.5361,1.5482,1.5643,1.5858,1.6136,1.6496,1.6976,1.7629,1.8539,1.997,2.2523,2.6082,2.672,2.2194,1.6906,1.3299,1.22,1.4431,1.7525,1.6641,1.4306,1.2493,1.1307,1.0654,1.0401,1.0395]},{"header":{"la1":42.85,"la2":41.18,"lo1":11.55,"lo2":14.05,"nx":36,"ny":24,"dx":0.07143,"dy":0.07261,"parameterCategory":2,"parameterNumber":3,"parameterNumberName":"northward_wind","parameterUnit":"m.s-1"},"data":[0.249,0.2718,0.297,0.3242,0.3521,0.3784,0.3993,0.4103,0.4082,0.3922,0.365,0.3302,0.2915,0.2506,0.2082,0.1644,0.1196,0.0748,0.0317,-0.0078,-0.0415,-0.0665,-0.0809,-0.0853,-0.0832,-0.0786,-0.0747,-0.073,-0.0738,-0.0769,-0.0819,-0.0883,-0.0955,-0.1032,-0.1111,-0.1189,0.2573,0.2842,0.3151,0.3504,0.3893,0.4291,0.4637,0.4846,0.4844,0.4618,0.4224,0.3744,0.3239,0.2733,0.222,0.1689,0.1139,0.0581,0.004,-0.0461,-0.0894,-0.1206,-0.1338,-0.1298,-0.1164,-0.1018,-0.0908,-0.0847,-0.0833,-0.0854,-0.0902,-0.0968,-0.1045,-0.1127,-0.1211,-0.1293,0.2632,0.2941,0.3311,0.376,0.43,0.4914,0.5511,0.5921,0.5965,0.5604,0.4978,0.4277,0.3608,0.2985,0.2374,0.1733,0.1047,0.0337,-0.035,-0.0992,-0.1586,-0.2032,-0.2142,-0.1921,-0.1574,-0.1269,-0.1064,-0.0955,-0.092,-0.0936,-0.0987,-0.1059,-0.1143,-0.1232,-0.1322,-0.1409,0.266,0.3003,0.3427,0.3973,0.4703,0.5652,0.6728,0.759,0.7753,0.708,0.5974,0.4892,0.4002,0.326,0.2557,0.1792,0.0916,-0.0029,-0.0912,-0.1689,-0.2537,-0.3337,-0.3407,-0.2758,-0.2019,-0.1491,-0.1184,-0.1036,-0.0993,-0.1014,-0.1074,-0.1157,-0.1252,-0.135,-0.1448,-0.1541,0.2654,0.3024,0.3479,0.4089,0.5003,0.6421,0.8396,1.0353,1.0869,0.938,0.7224,0.5516,0.4374,0.3553,0.28,0.1913,0.0764,-0.0613,-0.1842,-0.2563,-0.3578,-0.5286,-0.5225,-0.3636,-0.2335,-0.1594,-0.1227,-0.1076,-0.1047,-0.1088,-0.1167,-0.1267,-0.1376,-0.1486,-0.1593,-0.1693,0.2619,0.3021,0.3487,0.4073,0.5036,0.6905,1.0296,1.4816,1.6436,1.2695,0.8439,0.5931,0.4639,0.3867,0.3163,0.221,0.0726,-0.1477,-0.3735,-0.3941,-0.387,-0.6392,-0.6138,-0.374,-0.2214,-0.1479,-0.1167,-0.1072,-0.1089,-0.1166,-0.1273,-0.1395,-0.1521,-0.1645,-0.1761,-0.1868,0.2558,0.3042,0.3573,0.4041,0.47,0.6522,1.0918,1.8804,2.255,1.4959,0.8571,0.5804,0.4735,0.4233,0.3734,0.2863,0.1211,-0.1811,-0.6034,-0.5729,-0.2663,-0.3277,-0.3493,-0.2367,-0.1537,-0.1151,-0.1031,-0.1049,-0.1138,-0.1262,-0.1403,-0.1549,-0.1694,-0.1832,-0.1959,-0.2072,0.2432,0.31,0.3997,0.451,0.4287,0.5064,0.8233,1.4082,1.6701,1.1041,0.6582,0.5024,0.4723,0.4733,0.4605,0.4002,0.2575,0.0054,-0.2914,-0.2317,0.098,0.1241,0.0004,-0.0539,-0.0679,-0.0774,-0.0903,-0.1057,-0.1224,-0.1396,-0.157,-0.1741,-0.1905,-0.2057,-0.2194,-0.2311,0.2118,0.291,0.4523,0.5916,0.403,0.315,0.4075,0.5474,0.5433,0.3895,0.339,0.3986,0.4822,0.5479,0.5832,0.5599,0.4422,0.2708,0.1407,0.221,0.5361,0.4726,0.2091,0.0639,-0.0106,-0.0565,-0.0896,-0.1159,-0.1382,-0.1588,-0.1787,-0.198,-0.2163,-0.233,-0.2475,-0.2596,0.1506,0.1899,0.2784,0.3397,0.143,0.0911,0.0827,-0.0085,-0.2437,-0.3139,0.0088,0.3239,0.5313,0.6521,0.7209,0.7381,0.6016,0.4534,0.3494,0.3451,0.4608,0.419,0.2339,0.0918,-0.0031,-0.0675,-0.1109,-0.1408,-0.164,-0.1853,-0.2065,-0.2276,-0.2478,-0.266,-0.2814,-0.2935,0.0762,0.0444,-0.0658,-0.3533,-0.3225,-0.1127,-0.1133,-0.2802,-0.8468,-1.1575,-0.2348,0.3345,0.6515,0.8168,0.81,0.7775,0.6815,0.565,0.4646,0.3856,0.3413,0.2799,0.1707,0.0527,-0.0486,-0.1208,-0.1619,-0.1839,-0.2005,-0.219,-0.2406,-0.2638,-0.2865,-0.3066,-0.3227,-0.3343,0.0205,-0.0392,-0.1708,-0.3714,-0.3397,-0.1816,-0.198,-0.2845,-0.5455,-0.7203,-0.0749,0.4494,0.8335,1.1636,1.0619,0.8719,0.7557,0.6515,0.5633,0.4368,0.3167,0.2115,0.0994,-0.0265,-0.15,-0.23,-0.2496,-0.2445,-0.2451,-0.2583,-0.281,-0.3079,-0.3344,-0.357,-0.3738,-0.384,-0.0073,-0.0559,-0.129,-0.1974,-0.1948,-0.1741,-0.2229,-0.2829,-0.2672,-0.1645,0.173,0.5771,0.8743,1.2976,1.1998,1.0229,0.8848,0.703,0.6543,0.466,0.2927,0.1568,0.0283,-0.1272,-0.3112,-0.4123,-0.3709,-0.3112,-0.2897,-0.2998,-0.3276,-0.3621,-0.3952,-0.4213,-0.438,-0.4452,-0.0182,-0.0504,-0.0882,-0.119,-0.1341,-0.1538,-0.1985,-0.2451,-0.2118,-0.0663,0.1921,0.6538,0.8467,1.1111,1.0611,1.4083,1.154,0.7632,0.6068,0.4016,0.2136,0.0804,-0.0382,-0.2043,-0.4537,-0.5876,-0.4631,-0.3531,-0.3225,-0.3405,-0.3825,-0.4317,-0.4755,-0.506,-0.5207,-0.5214,-0.0231,-0.0449,-0.0682,-0.0893,-0.1081,-0.1302,-0.1572,-0.1755,-0.1671,-0.1556,-0.119,0.1086,0.43,0.4366,0.923,1.4899,1.0494,0.764,0.4701,0.2339,0.0543,-0.0309,-0.0949,-0.2097,-0.3917,-0.4977,-0.4167,-0.3411,-0.3366,-0.3816,-0.452,-0.5268,-0.5872,-0.6217,-0.6293,-0.6166,-0.0271,-0.0433,-0.0605,-0.0777,-0.0953,-0.1147,-0.1364,-0.1619,-0.2145,-0.3863,-0.8147,-0.5662,-0.2292,0.2003,0.5028,0.7962,0.8261,0.5291,0.2261,0.0096,-0.1499,-0.1523,-0.1464,-0.1887,-0.255,-0.2965,-0.2859,-0.2854,-0.335,-0.4288,-0.5478,-0.6657,-0.7511,-0.7851,-0.7731,-0.7341,-0.0318,-0.045,-0.0592,-0.0744,-0.091,-0.1102,-0.1349,-0.174,-0.2553,-0.4457,-0.7681,-0.5975,-0.6828,-0.7447,-0.0854,0.1786,0.226,0.0372,-0.1672,-0.1995,-0.202,-0.2,-0.1942,-0.1839,-0.1594,-0.1263,-0.124,-0.1911,-0.3188,-0.4881,-0.6857,-0.8775,-1.0,-1.0175,-0.959,-0.8724,-0.0373,-0.0489,-0.0616,-0.0759,-0.0922,-0.1122,-0.1393,-0.1806,-0.2492,-0.3543,-0.4554,-0.5122,-0.8002,-0.8852,-0.6463,-0.6015,-0.3708,-0.4493,-0.6407,-0.4787,-0.3563,-0.3001,-0.2635,-0.1915,-0.0511,0.1305,0.1636,-0.0278,-0.2872,-0.5623,-0.8756,-1.1934,-1.3694,-1.3289,-1.1769,-1.0174,-0.0436,-0.0542,-0.0663,-0.0801,-0.0963,-0.1166,-0.1433,-0.1803,-0.2315,-0.2956,-0.3637,-0.4469,-0.5845,-0.7853,-1.4964,-1.833,-0.8667,-0.6432,-0.7339,-0.8365,-0.6442,-0.4799,-0.3738,-0.2253,0.0741,0.5721,0.6789,0.1681,-0.2772,-0.6502,-1.0812,-1.5695,-1.8071,-1.65,-1.3708,-1.1352,-0.0503,-0.0605,-0.0721,-0.0857,-0.1018,-0.1216,-0.1466,-0.1789,-0.2198,-0.2694,-0.329,-0.4095,-0.5393,-0.8081,-1.399,-1.5853,-0.9684,-0.8023,-1.1871,-1.4018,-0.9028,-0.67,-0.5418,-0.348,0.0147,0.626,0.7618,0.0702,-0.3847,-0.7513,-1.1847,-1.7235,-1.9812,-1.7675,-1.4424,-1.184,-0.0572,-0.0672,-0.0786,-0.092,-0.1077,-0.1268,-0.1501,-0.1789,-0.2143,-0.2575,-0.3118,-0.3859,-0.4977,-0.6752,-0.8943,-0.9501,-0.8181,-0.8086,-1.0181,-1.1071,-0.9424,-0.8985,-0.8445,-0.6158,-0.3035,-0.1038,-0.2612,-0.3828,-0.6352,-0.9055,-1.1706,-1.5041,-1.6944,-1.5854,-1.3596,-1.153,-0.0643,-0.0741,-0.0854,-0.0985,-0.1138,-0.1321,-0.1539,-0.1803,-0.2121,-0.2509,-0.2994,-0.3622,-0.4455,-0.5491,-0.6469,-0.6911,-0.6929,-0.7301,-0.8234,-0.908,-1.036,-1.3441,-1.4263,-1.0099,-0.6155,-0.4691,-0.4926,-0.6199,-1.0677,-1.2343,-1.2297,-1.2944,-1.3641,-1.3278,-1.2105,-1.0753,-0.0712,-0.0809,-0.0921,-0.1049,-0.1198,-0.1373,-0.1579,-0.1823,-0.2113,-0.2461,-0.2883,-0.3396,-0.4008,-0.4679,-0.5294,-0.5744,-0.6111,-0.6635,-0.7466,-0.88,-1.1641,-1.6992,-1.8591,-1.2833,-0.8248,-0.6616,-0.7087,-1.1459,-1.8649,-1.732,-1.3938,-1.2413,-1.1948,-1.1516,-1.0797,-0.991,-0.078,-0.0876,-0.0986,-0.1112,-0.1256,-0.1424,-0.1618,-0.1845,-0.2111,-0.2421,-0.2786,-0.3208,-0.3682,-0.4182,-0.4665,-0.5113,-0.5577,-0.6172,-0.7043,-0.8462,-1.0936,-1.4236,-1.4996,-1.1903,-0.902,-0.815,-0.9563,-1.4312,-1.9725,-1.8174,-1.4439,-1.2208,-1.1132,-1.0473,-0.9851,-0.9184]}]