docs/data/wind_grid.json
[{"header":{"la1":42.85,"la2":41.18,"lo1":11.55,"lo2":14.05,"nx":36,"ny":24,"dx":0.07143,"dy":0.07261,"parameterCategory":2,"parameterNumber":2,"parameterNumberName":"eastward_wind","parameterUnit":"m.s-1"},"data":[0.4011,0.401,0.4019,0.4037,0.4062,0.4088,0.4111,0.4126,0.4129,0.4116,0.4084,0.4032,0.3959,0.3865,0.3751,0.3618,0.3472,0.3318,0.3165,0.3025,0.2915,0.2859,0.2876,0.2969,0.3116,0.3287,0.3457,0.3612,0.3746,0.3861,0.3958,0.4041,0.4112,0.4174,0.4228,0.4277,0.392,0.3919,0.3933,0.396,0.3998,0.4039,0.4076,0.4103,0.4114,0.4104,0.4071,0.401,0.3921,0.3805,0.3663,0.3494,0.3302,0.3096,0.2886,0.2685,0.2511,0.241,0.2434,0.2591,0.2829,0.3085,0.332,0.3518,0.3681,0.3813,0.3921,0.4011,0.4086,0.4151,0.4208,0.4258,0.3808,0.3805,0.3823,0.3863,0.3919,0.3983,0.4041,0.4085,0.4106,0.4101,0.4065,0.3993,0.3884,0.3741,0.3564,0.3349,0.3098,0.2819,0.2534,0.225,0.1963,0.1754,0.1784,0.2075,0.2483,0.2872,0.3192,0.3439,0.3628,0.3775,0.389,0.3984,0.4062,0.4129,0.4187,0.4238,0.367,0.366,0.3681,0.3736,0.382,0.3917,0.4007,0.4073,0.4108,0.411,0.407,0.3982,0.3847,0.3669,0.3451,0.3181,0.2847,0.2459,0.2075,0.1713,0.1242,0.0747,0.0781,0.1394,0.2113,0.2688,0.31,0.3389,0.3595,0.3748,0.3867,0.3961,0.404,0.4107,0.4166,0.4218,0.3498,0.3474,0.3493,0.3565,0.3687,0.3837,0.3977,0.4072,0.4119,0.413,0.409,0.3979,0.3803,0.3579,0.3314,0.299,0.2547,0.1955,0.1389,0.1078,0.0475,-0.0743,-0.0653,0.0685,0.1856,0.2611,0.308,0.3381,0.3586,0.3734,0.3847,0.394,0.4017,0.4084,0.4143,0.4196,0.3288,0.3239,0.3247,0.3329,0.3497,0.373,0.3954,0.4082,0.4122,0.4157,0.4128,0.3984,0.3742,0.3442,0.3124,0.2772,0.2242,0.1282,0.0104,0.012,0.0284,-0.1589,-0.1373,0.0611,0.1971,0.2726,0.3155,0.3417,0.3594,0.3724,0.3828,0.3915,0.399,0.4057,0.4116,0.417,0.3041,0.2958,0.2951,0.3026,0.3222,0.3563,0.3924,0.4093,0.4088,0.4198,0.4205,0.4001,0.3642,0.32,0.2782,0.2468,0.2065,0.0917,-0.1397,-0.1116,0.1274,0.0892,0.0775,0.1763,0.256,0.3028,0.3299,0.3473,0.36,0.3705,0.3797,0.3881,0.3956,0.4023,0.4084,0.4139,0.276,0.2651,0.2696,0.2789,0.287,0.3281,0.385,0.4165,0.4235,0.4406,0.438,0.4052,0.3492,0.2747,0.2016,0.1749,0.1929,0.1673,0.059,0.1437,0.4356,0.4681,0.3691,0.3313,0.3307,0.3368,0.3428,0.3492,0.3569,0.3655,0.3744,0.383,0.3909,0.3979,0.4043,0.4101,0.2433,0.2271,0.2558,0.3032,0.247,0.2818,0.3762,0.4466,0.4868,0.5016,0.4756,0.4181,0.3336,0.2001,0.0166,-0.0409,0.1185,0.2595,0.3333,0.5022,0.8319,0.777,0.5491,0.4333,0.3803,0.3536,0.3415,0.34,0.3457,0.3551,0.3656,0.3756,0.3846,0.3924,0.3992,0.4054,0.2053,0.1579,0.141,0.1457,0.0629,0.1961,0.3766,0.5053,0.6048,0.6285,0.5399,0.4398,0.3343,0.1402,-0.3554,-0.6244,-0.0237,0.3299,0.4789,0.5975,0.7557,0.7288,0.5745,0.4591,0.3824,0.3341,0.3119,0.3108,0.3219,0.3374,0.3526,0.3658,0.3766,0.3854,0.3929,0.3996,0.1744,0.0732,-0.1168,-0.4926,-0.4112,0.0971,0.4076,0.5715,0.7541,0.8401,0.6003,0.4544,0.3597,0.2292,-0.2365,-0.6117,0.1182,0.5085,0.6439,0.6598,0.6553,0.6175,0.5297,0.4235,0.3232,0.2549,0.2351,0.252,0.2826,0.3123,0.3362,0.354,0.3671,0.377,0.3852,0.3923,0.1746,0.0594,-0.1516,-0.4639,-0.3591,0.1669,0.499,0.6392,0.6858,0.7228,0.5578,0.4396,0.3675,0.2871,0.3737,0.3505,0.5737,0.8921,0.9703,0.8117,0.6849,0.5909,0.4836,0.3396,0.1753,0.0717,0.0842,0.1575,0.2301,0.2834,0.3187,0.3415,0.3564,0.367,0.3755,0.3833,0.2113,0.1302,0.022,-0.0562,0.0579,0.3355,0.5708,0.7806,0.5997,0.5635,0.4809,0.3954,0.3607,0.4015,0.6384,0.7487,0.8979,1.433,1.4481,0.9516,0.7231,0.5859,0.4417,0.2181,-0.1,-0.2825,-0.1554,0.0427,0.1797,0.2597,0.3045,0.3297,0.3445,0.3546,0.3632,0.3716,0.2666,0.2252,0.1907,0.1968,0.2807,0.4177,0.5344,0.5551,0.5446,0.5102,0.4413,0.3443,0.3028,0.1757,0.7045,1.3122,1.0604,1.1083,1.169,0.8858,0.6931,0.5634,0.4174,0.1362,-0.3703,-0.6658,-0.353,-0.0213,0.1613,0.2526,0.2973,0.3188,0.33,0.338,0.3463,0.356,0.3218,0.3057,0.3021,0.3239,0.377,0.4463,0.5027,0.525,0.517,0.4884,0.4428,0.3667,0.2926,0.1249,0.7394,1.3788,0.0924,0.6482,0.8137,0.7315,0.5727,0.4939,0.4239,0.2092,-0.1967,-0.4425,-0.2177,0.048,0.1966,0.2667,0.2959,0.3056,0.3089,0.3134,0.3223,0.335,0.3686,0.3652,0.3716,0.3919,0.4251,0.4627,0.4924,0.5059,0.5033,0.4976,0.5311,0.2814,0.303,0.3711,0.5968,0.6047,0.2106,0.6006,0.7692,0.6359,0.2835,0.3266,0.4433,0.3651,0.1811,0.0617,0.1082,0.2046,0.2668,0.2917,0.2924,0.2818,0.2728,0.2744,0.2873,0.307,0.4062,0.4084,0.4173,0.4335,0.4553,0.478,0.4959,0.5049,0.5052,0.505,0.5232,0.4076,0.2844,0.2801,0.5788,0.7032,0.7361,0.8978,1.0079,0.7716,0.2592,0.3349,0.5175,0.5068,0.4286,0.3721,0.3553,0.3472,0.3327,0.309,0.274,0.2342,0.2089,0.2121,0.2377,0.2715,0.4361,0.4408,0.4497,0.4627,0.4784,0.494,0.5067,0.5142,0.5156,0.511,0.4954,0.4485,0.3245,0.3503,0.7976,1.0138,1.0357,1.2642,1.5097,1.193,0.84,0.7035,0.6859,0.6342,0.5728,0.5481,0.5198,0.4445,0.3694,0.3055,0.2321,0.1494,0.1023,0.1207,0.1753,0.2326,0.4603,0.4661,0.4747,0.4857,0.4982,0.5108,0.5217,0.5299,0.5348,0.5365,0.5357,0.5369,0.5672,0.7726,1.394,1.6396,1.2706,1.3772,1.5668,1.6185,1.3019,1.0281,0.8719,0.7442,0.6495,0.6764,0.6798,0.4893,0.3585,0.2799,0.1782,0.0389,-0.0344,0.0202,0.1178,0.2015,0.4805,0.4869,0.4952,0.5052,0.5164,0.5279,0.5391,0.5497,0.56,0.5718,0.5902,0.628,0.7192,0.9443,1.3699,1.521,1.3227,1.456,2.0182,2.2845,1.6187,1.2601,1.0585,0.8511,0.6566,0.6614,0.674,0.3523,0.2667,0.2415,0.1556,-0.0056,-0.0918,-0.0162,0.1003,0.1936,0.4978,0.5045,0.5128,0.5225,0.5333,0.545,0.5573,0.5707,0.5862,0.6065,0.6371,0.6889,0.7803,0.9315,1.1164,1.2165,1.2552,1.422,1.7627,1.8791,1.6168,1.4822,1.3571,1.0384,0.6274,0.226,-0.2507,-0.1489,0.117,0.2151,0.189,0.0834,0.0152,0.056,0.1395,0.215,0.5128,0.5198,0.5282,0.538,0.549,0.5612,0.5749,0.5907,0.6099,0.635,0.6704,0.7222,0.7973,0.8965,1.0028,1.091,1.1763,1.3035,1.4594,1.5538,1.6487,1.9446,2.0027,1.4138,0.7002,-0.0237,-0.7145,-0.3714,0.1225,0.2521,0.2514,0.2016,0.1602,0.1675,0.2082,0.2558,0.5259,0.5333,0.5419,0.5519,0.5632,0.576,0.5908,0.6082,0.6294,0.6564,0.6919,0.7389,0.7993,0.8715,0.9487,1.0255,1.1074,1.2051,1.3176,1.4576,1.7459,2.3398,2.5253,1.7204,0.8805,0.2489,-0.0999,0.0749,0.3452,0.3445,0.3132,0.284,0.2608,0.2578,0.2747,0.3012,0.5375,0.5452,0.554,0.5642,0.5758,0.5892,0.6046,0.6227,0.6446,0.6715,0.7049,0.7463,0.7962,0.8532,0.9151,0.9804,1.0515,1.1331,1.2331,1.3783,1.6332,1.9931,2.0523,1.5596,0.9633,0.5181,0.2927,0.3036,0.3808,0.3718,0.3505,0.3354,0.324,0.321,0.3282,0.3426]},{"header":{"la1":42.85,"la2":41.18,"lo1":11.55,"lo2":14.05,"nx":36,"ny":24,"dx":0.07143,"dy":0.07261,"parameterCategory":2,"parameterNumber":3,"parameterNumberName":"northward_wind","parameterUnit":"m.s-1"},"data":[0.463,0.4792,0.4959,0.5128,0.5289,0.5427,0.5514,0.5518,0.5414,0.5203,0.4911,0.4576,0.4236,0.3918,0.3633,0.3388,0.3185,0.3023,0.2901,0.2814,0.2751,0.2692,0.2621,0.2527,0.2409,0.2273,0.2126,0.1973,0.182,0.167,0.1523,0.1383,0.125,0.1124,0.1006,0.0897,0.4798,0.4997,0.521,0.5438,0.5678,0.591,0.6091,0.6157,0.6052,0.5767,0.5353,0.489,0.444,0.4037,0.3693,0.3406,0.3175,0.3,0.2883,0.2819,0.2793,0.2771,0.2719,0.262,0.2482,0.232,0.2146,0.1971,0.1798,0.163,0.147,0.1317,0.1173,0.1038,0.0913,0.0798,0.4968,0.5207,0.5471,0.577,0.6117,0.6503,0.6867,0.7076,0.6988,0.657,0.5941,0.5266,0.4657,0.4148,0.3735,0.34,0.3135,0.294,0.2829,0.2808,0.2854,0.2904,0.2881,0.2762,0.2581,0.2375,0.2166,0.1961,0.1765,0.1579,0.1402,0.1236,0.1081,0.0937,0.0804,0.0684,0.5137,0.542,0.5733,0.6105,0.6583,0.721,0.793,0.8483,0.8476,0.7783,0.6728,0.5699,0.4868,0.4236,0.3753,0.3368,0.3057,0.2823,0.2706,0.2753,0.2947,0.3149,0.3159,0.2966,0.2698,0.2427,0.2173,0.1937,0.1716,0.151,0.1318,0.1138,0.0971,0.0817,0.0677,0.0551,0.5309,0.5642,0.6,0.6418,0.7012,0.7966,0.9362,1.0774,1.1051,0.9684,0.7729,0.6125,0.5023,0.428,0.3744,0.3317,0.2942,0.2616,0.243,0.2561,0.3046,0.3574,0.3578,0.3195,0.2795,0.2451,0.2153,0.1887,0.1644,0.1419,0.1211,0.1018,0.0839,0.0676,0.0529,0.0398,0.5486,0.5898,0.6311,0.6717,0.7301,0.853,1.0975,1.4405,1.5605,1.2432,0.8713,0.6366,0.5045,0.4257,0.3717,0.3271,0.2825,0.2317,0.1852,0.2017,0.2939,0.3837,0.3796,0.3266,0.2797,0.2415,0.209,0.1802,0.1541,0.1301,0.1078,0.0872,0.0682,0.0509,0.0355,0.0219,0.5661,0.6228,0.6795,0.7152,0.7418,0.8469,1.1582,1.7612,2.0558,1.4322,0.881,0.6138,0.4867,0.4168,0.3688,0.3267,0.2799,0.2139,0.1225,0.1353,0.2661,0.3362,0.3406,0.3075,0.2677,0.2307,0.1976,0.1678,0.1405,0.1152,0.0915,0.0696,0.0494,0.0311,0.0149,0.001,0.5768,0.6601,0.7653,0.8191,0.7621,0.764,0.9658,1.3966,1.5908,1.1187,0.7173,0.5353,0.4537,0.4061,0.368,0.3319,0.2912,0.2399,0.1872,0.2171,0.3298,0.3556,0.3249,0.2879,0.25,0.2142,0.1814,0.1513,0.1233,0.0969,0.0719,0.0485,0.0269,0.0076,-0.0093,-0.0235,0.5652,0.6661,0.8468,0.9943,0.7859,0.6429,0.6657,0.7427,0.7148,0.5606,0.4642,0.4369,0.4256,0.4042,0.3696,0.3373,0.3046,0.269,0.258,0.3201,0.4674,0.4424,0.3371,0.2736,0.2297,0.1933,0.1611,0.1313,0.1029,0.0753,0.0487,0.0234,0.0002,-0.0205,-0.0381,-0.0524,0.5196,0.585,0.6947,0.7642,0.5742,0.4847,0.4401,0.3413,0.1347,0.0482,0.2221,0.3662,0.4292,0.4283,0.3646,0.3257,0.308,0.2645,0.2516,0.3036,0.4071,0.3948,0.3088,0.247,0.2034,0.1684,0.1377,0.1087,0.0798,0.0505,0.0214,-0.0065,-0.032,-0.0543,-0.0726,-0.0868,0.456,0.4592,0.4018,0.2011,0.2175,0.3425,0.3256,0.1802,-0.295,-0.5457,0.0568,0.362,0.4887,0.521,0.4172,0.3343,0.2967,0.211,0.177,0.2126,0.2661,0.277,0.2466,0.2076,0.1716,0.1408,0.1133,0.0854,0.055,0.0226,-0.0105,-0.0424,-0.0712,-0.0955,-0.1145,-0.1281,0.4029,0.3805,0.3061,0.1791,0.1983,0.3022,0.3226,0.2971,-0.0032,-0.2158,0.1716,0.4362,0.5942,0.725,0.6348,0.4164,0.2453,0.0459,-0.0058,0.0977,0.1753,0.2041,0.1973,0.1712,0.1403,0.1148,0.092,0.0642,0.0298,-0.0088,-0.0485,-0.0865,-0.12,-0.1469,-0.1663,-0.1782,0.3691,0.3503,0.3135,0.276,0.2816,0.3126,0.3442,0.4809,0.2758,0.2257,0.3584,0.534,0.6508,0.8297,0.7413,0.3805,0.1699,-0.288,-0.3107,0.0123,0.141,0.1826,0.1779,0.1484,0.1157,0.0977,0.0804,0.0477,0.0038,-0.0452,-0.0954,-0.1426,-0.1827,-0.2128,-0.2316,-0.2399,0.3474,0.3367,0.3212,0.3088,0.3079,0.3141,0.3168,0.282,0.2799,0.3257,0.4286,0.602,0.6792,0.8464,0.4915,0.1414,0.1624,-0.0348,-0.111,0.071,0.1873,0.2229,0.1951,0.1432,0.103,0.0963,0.0782,0.0317,-0.027,-0.0911,-0.1564,-0.2171,-0.2666,-0.2997,-0.3155,-0.3166,0.3309,0.3252,0.318,0.3122,0.3098,0.3095,0.3079,0.3036,0.3125,0.3473,0.4035,0.4918,0.6109,0.7808,0.3942,0.1017,0.4943,0.2338,0.1279,0.2085,0.3648,0.3758,0.2608,0.1569,0.1016,0.0881,0.0598,0.0026,-0.0697,-0.1519,-0.2388,-0.3202,-0.3831,-0.4181,-0.4254,-0.4121,0.3164,0.3131,0.3091,0.3057,0.3035,0.3026,0.3028,0.3056,0.3158,0.3321,0.3292,0.4483,0.4366,0.4373,0.3304,0.3032,0.4195,0.2167,0.1302,0.3311,0.8223,0.7103,0.3524,0.1698,0.0924,0.058,0.0204,-0.04,-0.1245,-0.2309,-0.352,-0.4685,-0.5519,-0.5839,-0.5701,-0.5295,0.3025,0.3002,0.2976,0.295,0.293,0.292,0.2922,0.2946,0.3004,0.3083,0.3115,0.3208,0.0915,-0.0415,0.1363,0.1421,0.1045,-0.0447,-0.1316,0.1856,0.874,0.7291,0.3202,0.1351,0.0649,0.0361,0.0004,-0.0698,-0.1788,-0.3257,-0.506,-0.6874,-0.8043,-0.8182,-0.7565,-0.6673,0.2888,0.2869,0.2845,0.282,0.2797,0.2777,0.2763,0.2754,0.2749,0.2725,0.2589,0.1912,-0.0344,-0.1193,-0.0863,-0.1399,-0.1586,-0.4192,-0.7104,-0.2918,0.1228,0.2224,0.1193,0.0444,0.0365,0.0709,0.0585,-0.053,-0.2174,-0.4269,-0.703,-1.0048,-1.1757,-1.1312,-0.9746,-0.811,0.2753,0.2732,0.2706,0.2676,0.2644,0.2609,0.2569,0.2518,0.2443,0.2305,0.2006,0.1357,0.0283,-0.1058,-0.4334,-0.5794,-0.3429,-0.4944,-0.6865,-0.6195,-0.3444,-0.1517,-0.0965,-0.0664,0.0252,0.217,0.2554,0.0031,-0.2494,-0.5193,-0.9021,-1.3785,-1.6171,-1.4552,-1.1681,-0.9263,0.2619,0.2593,0.2562,0.2524,0.2479,0.2426,0.2359,0.2269,0.2137,0.1928,0.1576,0.0995,0.0094,-0.1416,-0.4067,-0.5021,-0.38,-0.4982,-0.8764,-1.0453,-0.6022,-0.3797,-0.2901,-0.2019,-0.0485,0.2239,0.2839,-0.069,-0.3246,-0.5875,-0.9834,-1.5281,-1.7949,-1.5727,-1.236,-0.9702,0.2487,0.2455,0.2416,0.2369,0.2311,0.224,0.2149,0.2028,0.1859,0.1615,0.1254,0.0725,-0.0036,-0.1105,-0.2335,-0.3018,-0.3373,-0.4648,-0.7015,-0.7833,-0.6268,-0.5719,-0.5374,-0.4032,-0.2412,-0.1589,-0.2632,-0.3241,-0.462,-0.652,-0.9129,-1.2778,-1.4875,-1.3752,-1.1416,-0.9304,0.2357,0.2319,0.2272,0.2215,0.2145,0.2059,0.1949,0.1807,0.1617,0.1361,0.1013,0.0546,-0.0062,-0.08,-0.1565,-0.2221,-0.2898,-0.3889,-0.5073,-0.587,-0.6775,-0.9018,-0.9661,-0.6791,-0.4306,-0.3624,-0.4014,-0.4567,-0.6852,-0.7944,-0.8578,-0.9961,-1.1076,-1.0864,-0.9733,-0.8402,0.2232,0.2187,0.2132,0.2066,0.1986,0.1887,0.1764,0.1609,0.1412,0.1157,0.0832,0.0424,-0.0072,-0.0639,-0.1238,-0.1848,-0.2521,-0.3331,-0.4271,-0.5441,-0.7626,-1.1627,-1.2817,-0.8684,-0.556,-0.4586,-0.4915,-0.7194,-1.0948,-1.0318,-0.888,-0.8636,-0.8857,-0.8762,-0.8213,-0.7423,0.211,0.2059,0.1998,0.1924,0.1836,0.1728,0.1597,0.1436,0.1237,0.0992,0.0691,0.033,-0.0091,-0.0564,-0.1078,-0.1632,-0.2251,-0.2974,-0.3859,-0.5086,-0.7039,-0.9559,-1.016,-0.7942,-0.5922,-0.5306,-0.6065,-0.8612,-1.1498,-1.0708,-0.8901,-0.8007,-0.77,-0.747,-0.7095,-0.6579]}]