docs/data/wind_grid.json
{"header": {"la1":42.1,"la2":41.55,"lo1":12.1,"lo2":12.95,"nx":50,"ny":50,"dx":0.01735,"dy":0.01122,"parameterCategory":2,"parameterNumber":2,"parameterNumberName":"eastward_wind","parameterUnit":"m.s-1"}, "data":
[rows 0 to 45 of 50, columns 0 to 49 of 50]
4.5317,4.4869,4.4479,4.4216,4.4118,4.4173,4.4323,4.45,4.4651,4.4752,4.48,4.4805,4.4777,4.4725,4.4657,4.4577,4.4488,4.4394,4.4297,4.4204,4.4123,4.4063,4.4033,4.4042,4.4092,4.4181,4.4307,4.4465,4.4653,4.4869,4.5113,4.5384,4.5681,4.6002,4.634,4.6688,4.7032,4.7356,4.7645,4.7882,4.8057,4.8165,4.8208,4.8194,4.8132,4.8036,4.7915,4.778,4.7638,4.7495
4.5508,4.5017,4.4585,4.4291,4.4179,4.423,4.438,4.4553,4.4696,4.4787,4.4826,4.482,4.4783,4.4724,4.4649,4.4561,4.4463,4.4357,4.4246,4.4137,4.4039,4.3964,4.3924,4.393,4.3984,4.4083,4.4222,4.4396,4.4599,4.4832,4.5095,4.5387,4.571,4.606,4.6433,4.6818,4.7201,4.7564,4.7884,4.8145,4.8331,4.8438,4.847,4.8435,4.8349,4.8226,4.808,4.792,4.7756,4.7594
4.5782,4.5253,4.4782,4.4457,4.4322,4.4356,4.4488,4.4641,4.4764,4.4836,4.4858,4.484,4.4793,4.4726,4.4643,4.4548,4.4441,4.4323,4.4197,4.4069,4.3951,4.3857,4.3806,4.3808,4.3868,4.398,4.4135,4.4324,4.4545,4.4795,4.5077,4.5391,4.574,4.6121,4.6531,4.6958,4.7386,4.7792,4.815,4.8436,4.8634,4.8738,4.8754,4.8695,4.858,4.8426,4.8249,4.8062,4.7874,4.7691
4.6149,4.5589,4.5081,4.4721,4.4552,4.4551,4.4644,4.476,4.485,4.4894,4.4895,4.4862,4.4805,4.473,4.4642,4.454,4.4424,4.4294,4.4151,4.4002,4.386,4.3743,4.3677,4.3677,4.3746,4.3873,4.4046,4.4254,4.4491,4.4759,4.506,4.5396,4.5771,4.6185,4.6634,4.7108,4.7586,4.8041,4.8441,4.8757,4.8967,4.9066,4.9061,4.8972,4.8821,4.8631,4.8421,4.8204,4.799,4.7785
4.6612,4.6027,4.5483,4.5079,4.4861,4.4804,4.4841,4.4904,4.4949,4.496,4.4937,4.4887,4.4819,4.4738,4.4645,4.4537,4.4414,4.4272,4.4112,4.3939,4.3768,4.3625,4.3541,4.3538,4.3619,4.3766,4.396,4.4186,4.4441,4.4725,4.5043,4.5401,4.5802,4.625,4.6741,4.7264,4.7798,4.831,4.876,4.9108,4.9331,4.9421,4.939,4.9263,4.9071,4.884,4.8593,4.8343,4.8102,4.7875
4.7168,4.6561,4.5974,4.5514,4.523,4.51,4.5064,4.5063,4.5056,4.5028,4.4979,4.4913,4.4836,4.4749,4.4653,4.4543,4.4413,4.426,4.4082,4.3884,4.3681,4.3506,4.3401,4.3398,4.3495,4.3665,4.388,4.4125,4.4395,4.4694,4.5029,4.5405,4.5832,4.6313,4.6847,4.7425,4.8021,4.8596,4.9102,4.9488,4.9723,4.9799,4.9736,4.9565,4.9325,4.9049,4.8761,4.8477,4.8208,4.7958
4.7803,4.7171,4.6531,4.6,4.5633,4.5416,4.5298,4.5226,4.5163,4.5096,4.502,4.4939,4.4854,4.4765,4.4669,4.4558,4.4425,4.4262,4.4067,4.3843,4.3606,4.3396,4.3268,4.3265,4.3382,4.3577,4.3813,4.4074,4.4357,4.4668,4.5016,4.5409,4.5859,4.6372,4.695,4.7584,4.8247,4.8894,4.9462,4.989,5.0137,5.0196,5.0093,4.9871,4.9577,4.9251,4.892,4.8602,4.8304,4.8032
4.849,4.7828,4.7123,4.6506,4.6045,4.5733,4.5527,4.5382,4.5265,4.5159,4.5059,4.4964,4.4874,4.4786,4.4693,4.4585,4.4451,4.4281,4.407,4.3822,4.3554,4.3308,4.3157,4.3156,4.3293,4.3511,4.3765,4.4037,4.4328,4.4647,4.5004,4.5412,4.5881,4.6424,4.7043,4.7734,4.8468,4.9193,4.9831,5.0306,5.0565,5.0601,5.0451,5.0171,4.9819,4.9441,4.9067,4.8713,4.8388,4.8094
4.9196,4.8497,4.7717,4.7005,4.6441,4.6032,4.574,4.5525,4.5356,4.5214,4.5092,4.4987,4.4896,4.4813,4.4727,4.4627,4.4495,4.432,4.4097,4.383,4.3536,4.3262,4.3092,4.3093,4.3246,4.3478,4.3739,4.4015,4.4309,4.4632,4.4995,4.5412,4.5897,4.6463,4.7121,4.7867,4.8673,4.9479,5.0194,5.0718,5.0988,5.0998,5.0795,5.0453,5.0041,4.9611,4.9194,4.8806,4.8456,4.8143
4.9878,4.9138,4.8279,4.7468,4.6803,4.63,4.5927,4.5648,4.5431,4.5258,4.5119,4.5008,4.4919,4.4846,4.4774,4.4686,4.4561,4.4384,4.415,4.3868,4.3561,4.3275,4.3096,4.3097,4.3252,4.3482,4.3738,4.4009,4.43,4.4621,4.4986,4.5407,4.5902,4.6487,4.7176,4.7971,4.8846,4.9734,5.0527,5.1104,5.1385,5.1365,5.1107,5.0702,5.0231,4.9751,4.9294,4.8878,4.8505,4.8177
5.0489,4.971,4.8775,4.7873,4.7115,4.6526,4.6082,4.5747,4.549,4.5291,4.5139,4.5025,4.4944,4.4886,4.4834,4.4766,4.4653,4.4475,4.423,4.3937,4.3628,4.3351,4.3178,4.3174,4.3312,4.3521,4.3759,4.4016,4.4298,4.4614,4.4976,4.5397,4.5895,4.649,4.7201,4.8035,4.897,4.9934,5.0803,5.1432,5.1723,5.1674,5.1363,5.09,5.0375,4.9852,4.9363,4.8922,4.8533,4.8192
5.0985,5.0174,4.9178,4.82,4.7365,4.6705,4.6201,4.5819,4.553,4.5311,4.5151,4.5039,4.497,4.4932,4.4909,4.487,4.4776,4.4597,4.4334,4.4026,4.3722,4.3468,4.3314,4.33,4.3406,4.3581,4.3792,4.4032,4.4302,4.4609,4.4964,4.538,4.5874,4.6469,4.7189,4.8046,4.9025,5.0052,5.0988,5.1664,5.1966,5.1893,5.1539,5.1027,5.0462,4.9906,4.9394,4.8937,4.8536,4.8188
5.1329,5.05,4.9465,4.8435,4.7544,4.683,4.6281,4.5864,4.5551,4.5318,4.5154,4.5048,4.4995,4.4985,4.4999,4.5001,4.4936,4.4754,4.4461,4.4122,4.3814,4.3583,4.3451,4.3429,4.3504,4.3644,4.3829,4.4049,4.4306,4.4604,4.495,4.5355,4.5838,4.6422,4.7135,4.7997,4.8998,5.0065,5.105,5.1764,5.2078,5.1991,5.1609,5.1069,5.0479,4.9906,4.9382,4.8918,4.8513,4.8163
5.1496,5.0669,4.9623,4.8571,4.7648,4.6901,4.6322,4.5882,4.5552,4.5312,4.5148,4.5051,4.5017,4.5039,4.5101,4.5159,4.5135,4.495,4.4603,4.4205,4.3871,4.365,4.3537,4.3517,4.3575,4.3693,4.3858,4.4064,4.431,4.4597,4.4932,4.5322,4.5786,4.6347,4.7037,4.7881,4.8876,4.9955,5.0963,5.1701,5.2029,5.1943,5.1557,5.1012,5.0421,4.9848,4.9326,4.8865,4.8463,4.8117
5.1484,5.0676,4.9649,4.8605,4.7677,4.6918,4.6324,4.5872,4.5535,4.5293,4.5132,4.5046,4.5033,4.509,4.5207,4.5337,4.5373,4.5181,4.4753,4.426,4.3871,4.3639,4.3543,4.354,4.3603,4.3716,4.3874,4.4072,4.431,4.4588,4.491,4.5281,4.5719,4.6246,4.6896,4.77,4.866,4.9716,5.0717,5.1461,5.1804,5.1739,5.1376,5.0854,5.0284,4.973,4.9225,4.8777,4.8387,4.8049
5.1305,5.0534,4.9552,4.8542,4.7635,4.6884,4.6291,4.5838,4.55,4.526,4.5105,4.5031,4.5037,4.5129,4.5302,4.5513,4.5625,4.5429,4.4892,4.4269,4.3798,4.3542,4.3467,4.35,4.3589,4.3715,4.3876,4.4073,4.4306,4.4576,4.4884,4.5234,4.5639,4.6122,4.6718,4.746,4.8358,4.9359,5.0322,5.1054,5.1413,5.1386,5.1071,5.0599,5.0073,4.9556,4.9081,4.8656,4.8285,4.7962
5.0988,5.0266,4.9348,4.8397,4.753,4.6804,4.6225,4.578,4.5449,4.5215,4.5067,4.5002,4.5025,4.5143,4.5363,4.5647,4.5835,4.5636,4.4982,4.4219,4.3656,4.3373,4.3329,4.3415,4.3545,4.3694,4.3866,4.4067,4.4299,4.4563,4.4857,4.5182,4.5549,4.598,4.651,4.7174,4.7989,4.8909,4.9809,5.0512,5.0885,5.0909,5.0663,5.0261,4.9798,4.9333,4.8898,4.8506,4.816,4.7857
5.0571,4.9905,4.9063,4.8184,4.7374,4.6686,4.6132,4.5703,4.5383,4.5158,4.5017,4.4959,4.499,4.5122,4.5365,4.5687,4.5913,4.5705,4.4969,4.411,4.3476,4.3171,4.3171,4.3319,4.3492,4.3665,4.3851,4.4058,4.4291,4.4549,4.4829,4.5129,4.5454,4.5827,4.6282,4.6859,4.7577,4.84,4.9221,4.9884,5.0269,5.0348,5.0181,4.9862,4.9474,4.9071,4.8685,4.8331,4.8015,4.7735
5.0093,4.9484,4.8723,4.7923,4.7178,4.6537,4.6016,4.5609,4.5304,4.5088,4.4954,4.49,4.4931,4.506,4.5293,4.5596,4.5794,4.5564,4.4826,4.3971,4.3325,4.3011,4.305,4.3246,4.3447,4.3638,4.3834,4.4048,4.4282,4.4536,4.4803,4.5076,4.5359,4.567,4.6046,4.6531,4.7148,4.787,4.8606,4.9223,4.9613,4.9745,4.9658,4.9426,4.9116,4.878,4.8448,4.8137,4.7854,4.76
4.9586,4.9034,4.8351,4.7632,4.6956,4.6367,4.5882,4.55,4.5212,4.5007,4.4879,4.4824,4.4847,4.4956,4.515,4.5385,4.5502,4.5249,4.4592,4.3845,4.3268,4.2973,4.3021,4.3221,4.3423,4.3618,4.3821,4.4039,4.4276,4.4527,4.4781,4.5028,4.5267,4.5515,4.5814,4.6208,4.6728,4.7353,4.8006,4.8574,4.8964,4.914,4.9126,4.8974,4.8742,4.8472,4.8195,4.7928,4.768,4.7454
4.9079,4.8579,4.797,4.7328,4.6719,4.6182,4.5736,4.5381,4.5111,4.4916,4.4791,4.4732,4.474,4.4819,4.4957,4.5105,4.5133,4.4876,4.4339,4.3748,4.3298,4.3064,4.3087,4.3241,4.3418,4.3608,4.3812,4.4034,4.4273,4.4521,4.4764,4.4987,4.5183,4.5372,4.5596,4.5908,4.634,4.6878,4.7454,4.7973,4.8356,4.8565,4.861,4.8529,4.8366,4.8158,4.7934,4.771,4.7498,4.73
4.8591,4.8137,4.7594,4.7023,4.6477,4.5991,4.5583,4.5254,4.5001,4.4817,4.4693,4.4627,4.4617,4.466,4.4741,4.4812,4.4776,4.4537,4.4114,4.366,4.3327,4.3168,4.3167,4.3268,4.3421,4.3604,4.3808,4.4033,4.4273,4.4519,4.4754,4.4955,4.5113,4.5246,4.5404,4.5643,4.6,4.6462,4.697,4.7442,4.781,4.8038,4.8127,4.8103,4.8,4.7848,4.7672,4.749,4.7311,4.7142
4.8132,4.772,4.7236,4.6727,4.6238,4.5799,4.5426,4.5123,4.4886,4.471,4.4588,4.4513,4.4483,4.4492,4.4524,4.4539,4.4472,4.4264,4.3931,4.3567,4.3287,4.3153,4.3167,4.327,4.3421,4.3604,4.3809,4.4035,4.4277,4.4522,4.4749,4.4933,4.5059,4.5145,4.5245,4.5425,4.5719,4.6117,4.6563,4.699,4.7336,4.7571,4.7689,4.7708,4.7652,4.7547,4.7415,4.727,4.7123,4.698
4.7711,4.7336,4.6901,4.6447,4.6008,4.561,4.5269,4.4989,4.4768,4.4599,4.4477,4.4394,4.4345,4.4323,4.4317,4.4299,4.4225,4.4055,4.379,4.348,4.3204,4.3054,4.3101,4.3248,4.3419,4.3607,4.3815,4.4041,4.4283,4.4527,4.475,4.4921,4.5023,4.5072,4.5128,4.5259,4.5502,4.5844,4.6235,4.6615,4.6935,4.7165,4.7299,4.7348,4.7328,4.7262,4.7166,4.7054,4.6936,4.6819
4.733,4.6986,4.6594,4.6186,4.579,4.543,4.5117,4.4857,4.4649,4.4488,4.4366,4.4275,4.4208,4.4159,4.4124,4.4089,4.4024,4.3896,4.3689,4.3424,4.3156,4.3001,4.3062,4.3235,4.3423,4.3617,4.3825,4.405,4.429,4.4532,4.4752,4.4916,4.5002,4.5027,4.5052,4.5148,4.5348,4.5639,4.5977,4.6312,4.66,4.6818,4.6957,4.7023,4.703,4.6994,4.6928,4.6844,4.6752,4.6658
4.6988,4.6671,4.6316,4.5948,4.5589,4.526,4.4971,4.4729,4.4532,4.4378,4.4257,4.416,4.4076,4.4003,4.3943,4.3899,4.3853,4.3771,4.3622,4.3409,4.3178,4.3043,4.3094,4.3257,4.3443,4.3635,4.384,4.4061,4.4297,4.4535,4.4752,4.4912,4.4992,4.5007,4.5014,4.5084,4.5247,4.5492,4.5781,4.607,4.6324,4.6523,4.6658,4.6734,4.6758,4.6744,4.6702,4.6643,4.6574,4.6501
4.6684,4.6392,4.6068,4.5732,4.5405,4.5102,4.4834,4.4607,4.4421,4.4274,4.4156,4.4055,4.3956,4.3857,4.3771,4.372,4.3698,4.3665,4.3577,4.3424,4.3249,4.3144,4.3179,4.3312,4.348,4.3662,4.3859,4.4072,4.4301,4.4533,4.4746,4.4905,4.4986,4.5001,4.5004,4.5056,4.5188,4.5391,4.5633,4.5877,4.6096,4.6273,4.6399,4.6476,4.6511,4.6513,4.649,4.6451,4.6402,4.6348
4.6415,4.6144,4.5847,4.554,4.5239,4.4959,4.4709,4.4495,4.4319,4.418,4.4068,4.3967,4.3854,4.3724,4.3605,4.3543,4.3548,4.3568,4.354,4.3449,4.3332,4.326,4.3283,4.3386,4.3529,4.3695,4.388,4.4083,4.4302,4.4525,4.4731,4.4889,4.4977,4.5001,4.5007,4.505,4.5157,4.5321,4.5519,4.5722,4.5907,4.6058,4.6171,4.6246,4.6286,4.6299,4.6291,4.6269,4.6237,4.6199
4.6179,4.5927,4.5653,4.537,4.5093,4.4832,4.4597,4.4395,4.4228,4.4098,4.3996,4.3901,4.3776,4.3608,4.3443,4.3366,4.3399,4.3473,4.3503,4.3469,4.3404,4.3361,4.338,4.346,4.3581,4.3729,4.39,4.4091,4.4298,4.451,4.4708,4.4864,4.4958,4.4996,4.5012,4.5051,4.5138,4.527,4.5429,4.5594,4.5745,4.5873,4.597,4.6039,4.6081,4.6101,4.6104,4.6096,4.6078,4.6056
4.5973,4.5737,4.5483,4.5222,4.4964,4.4721,4.45,4.4308,4.4151,4.4031,4.3944,4.3862,4.373,4.3516,4.3295,4.3198,4.3262,4.3385,4.3465,4.3477,4.3453,4.3437,4.3458,4.3525,4.3628,4.376,4.3917,4.4095,4.4289,4.4489,4.4676,4.4829,4.4929,4.4981,4.5009,4.5049,4.5121,4.5226,4.5352,4.5483,4.5605,4.5708,4.579,4.585,4.5891,4.5916,4.5929,4.5932,4.5927,4.5917
4.5792,4.5572,4.5336,4.5093,4.4854,4.4627,4.4418,4.4237,4.4089,4.3981,4.3913,4.3854,4.3722,4.346,4.3178,4.3067,4.3158,4.3318,4.3431,4.3475,4.348,4.3484,4.3511,4.3571,4.3663,4.3783,4.3928,4.4094,4.4275,4.4462,4.4638,4.4786,4.4891,4.4954,4.4994,4.5037,4.5099,4.5183,4.5281,4.5383,4.5477,4.5559,4.5625,4.5677,4.5716,4.5744,4.5763,4.5776,4.5783,4.5785
4.5635,4.5428,4.5209,4.4984,4.4761,4.4548,4.4353,4.4181,4.4043,4.3948,4.3899,4.3868,4.3748,4.3451,4.3128,4.3011,4.3113,4.3284,4.3407,4.3465,4.3487,4.3505,4.3539,4.3598,4.3684,4.3797,4.3932,4.4088,4.4258,4.4432,4.4597,4.4739,4.4845,4.4917,4.4967,4.5013,4.5068,4.5136,4.5211,4.5288,4.5358,4.542,4.5472,4.5515,4.555,4.5581,4.5606,4.5628,4.5645,4.5658
4.5498,4.5305,4.51,4.4891,4.4684,4.4485,4.4302,4.4142,4.4014,4.3929,4.3896,4.3888,4.3786,4.3489,4.3168,4.3051,4.3136,4.3285,4.3394,4.3449,4.3475,4.35,4.354,4.3603,4.3689,4.3799,4.3929,4.4077,4.4236,4.4399,4.4554,4.4689,4.4796,4.4873,4.493,4.4978,4.5028,4.5082,4.5139,4.5193,4.5243,4.5287,4.5326,4.5361,4.5394,4.5426,4.5457,4.5487,4.5513,4.5536
4.538,4.5199,4.5008,4.4814,4.4621,4.4436,4.4265,4.4116,4.3998,4.3922,4.3896,4.3894,4.3807,4.3549,4.3271,4.3157,4.3207,4.3311,4.3389,4.3425,4.3444,4.3471,4.3518,4.3588,4.3679,4.379,4.3918,4.4061,4.4212,4.4366,4.4511,4.464,4.4744,4.4824,4.4885,4.4934,4.4979,4.5022,4.5062,4.5098,4.513,4.5158,4.5184,4.5213,4.5244,4.5279,4.5315,4.5352,4.5388,4.5421
4.5277,4.5108,4.493,4.4749,4.457,4.4399,4.4241,4.4102,4.3993,4.3922,4.3895,4.3884,4.3804,4.3602,4.3385,4.3279,4.329,4.3345,4.338,4.3387,4.339,4.3416,4.3472,4.3554,4.3655,4.3772,4.3901,4.4041,4.4187,4.4332,4.4469,4.4592,4.4694,4.4774,4.4835,4.4884,4.4923,4.4956,4.4982,4.5001,4.5016,4.503,4.5047,4.5069,4.51,4.5137,4.518,4.5225,4.5269,4.5311
4.5188,4.503,4.4864,4.4696,4.4531,4.4372,4.4226,4.4098,4.3996,4.3928,4.3893,4.3867,4.3792,4.3639,4.3476,4.3381,4.3362,4.3368,4.3358,4.3328,4.3312,4.3337,4.3405,4.3504,4.362,4.3746,4.3879,4.4019,4.416,4.4299,4.443,4.4546,4.4644,4.4723,4.4784,4.483,4.4863,4.4885,4.4898,4.4902,4.4902,4.4903,4.4911,4.4929,4.496,4.5002,4.5051,4.5103,4.5156,4.5206
4.5111,4.4963,4.4809,4.4653,4.45,4.4353,4.4218,4.41,4.4004,4.3936,4.3893,4.3854,4.3782,4.3665,4.354,4.3454,4.3409,4.3374,4.3318,4.325,4.3212,4.324,4.3326,4.3445,4.3578,4.3716,4.3855,4.3995,4.4134,4.4268,4.4393,4.4504,4.4598,4.4674,4.4732,4.4774,4.48,4.4812,4.4811,4.4801,4.4787,4.4776,4.4777,4.4793,4.4826,4.4872,4.4928,4.4988,4.505,4.5108
4.5045,4.4906,4.4763,4.4618,4.4476,4.434,4.4215,4.4106,4.4015,4.3947,4.3896,4.3848,4.3779,4.3684,4.3583,4.35,4.3435,4.3363,4.3264,4.316,4.3105,4.3138,4.3244,4.3385,4.3536,4.3685,4.3831,4.3972,4.4109,4.4239,4.4359,4.4465,4.4555,4.4627,4.4681,4.4718,4.4736,4.4738,4.4724,4.47,4.4672,4.4652,4.4646,4.4661,4.4697,4.4749,4.4812,4.4881,4.495,4.5017
4.4988,4.4858,4.4724,4.459,4.4458,4.4333,4.4217,4.4114,4.4028,4.3959,4.3903,4.3849,4.3783,4.37,4.3612,4.3529,4.3445,4.3343,4.3212,4.3079,4.3012,4.3052,4.3175,4.3335,4.35,4.3659,4.3809,4.3952,4.4087,4.4213,4.4328,4.4429,4.4515,4.4583,4.4633,4.4663,4.4674,4.4665,4.4638,4.46,4.456,4.453,4.452,4.4535,4.4575,4.4634,4.4705,4.4781,4.4858,4.4932
4.4938,4.4817,4.4692,4.4567,4.4445,4.4328,4.422,4.4124,4.4041,4.3972,4.3913,4.3855,4.379,4.3715,4.3632,4.3546,4.3449,4.3327,4.3176,4.303,4.2959,4.3003,4.3133,4.3302,4.3475,4.3639,4.3793,4.3935,4.4068,4.4191,4.4301,4.4398,4.4479,4.4543,4.4587,4.4611,4.4614,4.4594,4.4555,4.4504,4.4453,4.4415,4.4401,4.4418,4.4462,4.4528,4.4606,4.469,4.4774,4.4855
4.4895,4.4782,4.4665,4.4549,4.4435,4.4327,4.4226,4.4135,4.4055,4.3986,4.3924,4.3865,4.38,4.3728,4.3649,4.356,4.3455,4.3323,4.3168,4.3024,4.2956,4.2998,4.3126,4.3293,4.3465,4.363,4.3783,4.3923,4.4053,4.4172,4.4278,4.437,4.4447,4.4506,4.4545,4.4563,4.4557,4.4528,4.4478,4.4415,4.4354,4.4309,4.4294,4.4312,4.4361,4.4433,4.4518,4.4609,4.4699,4.4785
4.4858,4.4752,4.4643,4.4534,4.4428,4.4327,4.4232,4.4146,4.4069,4.4,4.3938,4.3877,4.3813,4.3742,4.3664,4.3574,4.3467,4.3336,4.3189,4.3059,4.2998,4.3035,4.315,4.3306,4.3472,4.3631,4.378,4.3917,4.4043,4.4157,4.4259,4.4347,4.4419,4.4473,4.4508,4.4519,4.4506,4.4468,4.4408,4.4336,4.4266,4.4217,4.42,4.422,4.4274,4.4351,4.4442,4.4538,4.4633,4.4723
4.4826,4.4726,4.4624,4.4523,4.4423,4.4328,4.4239,4.4157,4.4083,4.4015,4.3952,4.389,4.3827,4.3758,4.368,4.3592,4.3487,4.3364,4.3233,4.3121,4.307,4.31,4.3201,4.334,4.3493,4.3643,4.3785,4.3916,4.4037,4.4147,4.4244,4.4327,4.4395,4.4444,4.4474,4.448,4.4461,4.4416,4.4349,4.4269,4.4194,4.4141,4.4123,4.4146,4.4202,4.4284,4.4379,4.4478,4.4576,4.4669
4.4799,4.4704,4.4609,4.4514,4.4421,4.4331,4.4247,4.4169,4.4097,4.403,4.3967,4.3906,4.3842,4.3774,4.3699,4.3614,4.3515,4.3404,4.3291,4.3199,4.3158,4.3183,4.3267,4.3388,4.3525,4.3664,4.3797,4.3921,4.4036,4.414,4.4232,4.431,4.4374,4.442,4.4445,4.4447,4.4423,4.4373,4.4301,4.4217,4.4139,4.4084,4.4067,4.409,4.4148,4.4232,4.4328,4.443,4.453,4.4624
4.4774,4.4686,4.4596,4.4507,4.4419,4.4335,4.4255,4.418,4.411,4.4045,4.3983,4.3922,4.386,4.3793,4.3721,4.364,4.355,4.3452,4.3357,4.3283,4.325,4.3271,4.3341,4.3445,4.3566,4.3691,4.3814,4.393,4.4038,4.4137,4.4223,4.4297,4.4357,4.4398,4.442,4.4418,4.4391,4.4339,4.4265,4.418,4.4102,4.4047,4.403,4.4054,4.4112,4.4195,4.4292,4.4393,4.4492,4.4587
4.4754,4.467,4.4585,4.4501,4.4419,4.4339,4.4263,4.4192,4.4124,4.4061,4.4,4.394,4.3879,4.3815,4.3746,4.3671,4.3589,4.3505,4.3426,4.3366,4.3341,4.3359,4.3418,4.3506,4.3612,4.3724,4.3836,4.3944,4.4045,4.4137,4.4218,4.4287,4.4343,4.4381,4.4399,4.4395,4.4367,4.4314,4.4241,4.4158,4.4082,4.403,4.4014,4.4037,4.4093,4.4174,4.4268,4.4367,4.4465,4.4558
