docs/data/wind_grid.json
{"header": {"la1":42.1,"la2":41.55,"lo1":12.1,"lo2":12.95,"nx":50,"ny":50,"dx":0.01735,"dy":0.01122,"parameterCategory":2,"parameterNumber":3,"parameterNumberName":"northward_wind","parameterUnit":"m.s-1"}, "data":
[rows 0 to 40 of 50, columns 0 to 49 of 50]
-1.994,-2.0536,-2.1188,-2.1749,-2.2012,-2.1795,-2.104,-1.984,-1.8374,-1.6825,-1.5332,-1.3977,-1.2793,-1.1784,-1.0937,-1.0232,-0.9648,-0.9167,-0.8775,-0.8458,-0.8205,-0.8003,-0.7835,-0.7684,-0.7531,-0.7366,-0.7182,-0.6981,-0.6768,-0.655,-0.6335,-0.6132,-0.595,-0.5793,-0.5666,-0.5572,-0.5508,-0.547,-0.5452,-0.5446,-0.5446,-0.5447,-0.5447,-0.5444,-0.544,-0.5436,-0.5435,-0.5437,-0.5444,-0.5457
-1.9937,-2.0464,-2.1062,-2.1589,-2.1831,-2.1599,-2.0831,-1.962,-1.8145,-1.6592,-1.5101,-1.3752,-1.2579,-1.1585,-1.0754,-1.0066,-0.9499,-0.9033,-0.8656,-0.8355,-0.812,-0.7938,-0.779,-0.7655,-0.7512,-0.7347,-0.7157,-0.6944,-0.6716,-0.6482,-0.6252,-0.6037,-0.5845,-0.5684,-0.556,-0.5472,-0.542,-0.5397,-0.5394,-0.5403,-0.5414,-0.5421,-0.5423,-0.5419,-0.5413,-0.5405,-0.54,-0.54,-0.5405,-0.5417
-1.991,-2.0326,-2.0819,-2.1263,-2.145,-2.1192,-2.0425,-1.9231,-1.7783,-1.626,-1.4798,-1.3477,-1.2332,-1.1364,-1.0558,-0.9894,-0.9347,-0.8901,-0.8541,-0.8257,-0.8042,-0.7883,-0.7758,-0.7641,-0.7507,-0.7341,-0.7141,-0.6912,-0.6665,-0.6411,-0.6164,-0.5934,-0.5733,-0.5569,-0.5448,-0.537,-0.5334,-0.533,-0.5347,-0.5372,-0.5395,-0.5409,-0.5412,-0.5406,-0.5394,-0.5381,-0.5371,-0.5366,-0.5368,-0.5378
-1.9896,-2.0162,-2.0504,-2.0818,-2.0914,-2.0617,-1.9858,-1.8705,-1.7312,-1.5845,-1.4435,-1.3161,-1.2056,-1.1125,-1.0353,-0.9718,-0.9198,-0.8773,-0.8432,-0.8167,-0.7974,-0.7841,-0.7742,-0.7645,-0.7519,-0.7348,-0.7132,-0.6882,-0.6612,-0.6336,-0.6069,-0.5823,-0.5612,-0.5445,-0.5329,-0.5265,-0.5249,-0.527,-0.5311,-0.5357,-0.5394,-0.5414,-0.5416,-0.5405,-0.5385,-0.5364,-0.5346,-0.5335,-0.5333,-0.534
-1.9938,-2.0026,-2.0179,-2.0321,-2.0295,-1.994,-1.9187,-1.8085,-1.6763,-1.5371,-1.4028,-1.2813,-1.1761,-1.0876,-1.0144,-0.9544,-0.9052,-0.8652,-0.8331,-0.8087,-0.7918,-0.7814,-0.7746,-0.767,-0.7549,-0.7366,-0.7128,-0.6852,-0.6555,-0.6253,-0.5963,-0.57,-0.5478,-0.5309,-0.5202,-0.5157,-0.5167,-0.5219,-0.5292,-0.5363,-0.5415,-0.544,-0.5438,-0.5417,-0.5385,-0.5353,-0.5325,-0.5307,-0.53,-0.5304
-2.0083,-1.9975,-1.9909,-1.9849,-1.9672,-1.9238,-1.8478,-1.7422,-1.6174,-1.4861,-1.3595,-1.2448,-1.1454,-1.0621,-0.9935,-0.9374,-0.8914,-0.8539,-0.824,-0.8016,-0.7873,-0.7803,-0.777,-0.7716,-0.7594,-0.7393,-0.7126,-0.6819,-0.6491,-0.616,-0.5846,-0.5563,-0.533,-0.5161,-0.5064,-0.5043,-0.5088,-0.518,-0.5291,-0.5391,-0.546,-0.5488,-0.5478,-0.5443,-0.5395,-0.5348,-0.5308,-0.5281,-0.5267,-0.5268
-2.0364,-2.0053,-1.9752,-1.9466,-1.9111,-1.8574,-1.7786,-1.6761,-1.5577,-1.4342,-1.3152,-1.2075,-1.1145,-1.0367,-0.973,-0.9211,-0.8786,-0.8438,-0.8159,-0.7955,-0.7839,-0.7806,-0.7812,-0.7778,-0.7649,-0.742,-0.7119,-0.6776,-0.6414,-0.6053,-0.5711,-0.5408,-0.5164,-0.4995,-0.4914,-0.4923,-0.5011,-0.5153,-0.5311,-0.5447,-0.5533,-0.5561,-0.5538,-0.5482,-0.5414,-0.5348,-0.5293,-0.5256,-0.5236,-0.5232
-2.0796,-2.0284,-1.9736,-1.9207,-1.8655,-1.799,-1.715,-1.6133,-1.4999,-1.3832,-1.2714,-1.1706,-1.0839,-1.0119,-0.9533,-0.9059,-0.867,-0.8348,-0.8088,-0.7902,-0.7811,-0.7816,-0.7861,-0.7845,-0.7699,-0.7435,-0.7095,-0.6716,-0.632,-0.5927,-0.5557,-0.5232,-0.4975,-0.4808,-0.4746,-0.4792,-0.4934,-0.5136,-0.5352,-0.553,-0.5635,-0.5658,-0.5616,-0.5534,-0.5439,-0.535,-0.5279,-0.523,-0.5203,-0.5196
-2.1366,-2.066,-1.9863,-1.908,-1.8313,-1.7501,-1.6586,-1.5558,-1.4455,-1.3344,-1.2292,-1.1349,-1.0544,-0.9881,-0.9348,-0.8921,-0.8569,-0.8273,-0.8028,-0.7853,-0.778,-0.7818,-0.7899,-0.7891,-0.7723,-0.7421,-0.7045,-0.6631,-0.6202,-0.5778,-0.5378,-0.5029,-0.4759,-0.4594,-0.4555,-0.4646,-0.4851,-0.5128,-0.5413,-0.5639,-0.5762,-0.5777,-0.5707,-0.5592,-0.5466,-0.5353,-0.5264,-0.5203,-0.5169,-0.5158
-2.2032,-2.1143,-2.01,-1.9061,-1.8074,-1.7102,-1.6096,-1.5038,-1.3953,-1.2886,-1.1892,-1.101,-1.0264,-0.9659,-0.918,-0.88,-0.8487,-0.8213,-0.7976,-0.7803,-0.7736,-0.7791,-0.7891,-0.7883,-0.769,-0.7359,-0.6955,-0.6515,-0.6057,-0.5601,-0.5169,-0.4793,-0.4508,-0.4346,-0.4332,-0.4475,-0.4754,-0.5118,-0.5484,-0.5765,-0.5907,-0.5907,-0.5804,-0.565,-0.549,-0.535,-0.5243,-0.5171,-0.5131,-0.5119
-2.2722,-2.1669,-2.0395,-1.9109,-1.7905,-1.6771,-1.5667,-1.4571,-1.3492,-1.2462,-1.1518,-1.0693,-1.0004,-0.9455,-0.9031,-0.8702,-0.8428,-0.8174,-0.7936,-0.7749,-0.7667,-0.7713,-0.7806,-0.7786,-0.7579,-0.7237,-0.6821,-0.6364,-0.5881,-0.5392,-0.4926,-0.4519,-0.4214,-0.4053,-0.4067,-0.4267,-0.463,-0.5092,-0.555,-0.5893,-0.6053,-0.6035,-0.5894,-0.5699,-0.5503,-0.5338,-0.5214,-0.5133,-0.5089,-0.5076
-2.3347,-2.2155,-2.0678,-1.9171,-1.7767,-1.6482,-1.5283,-1.4147,-1.307,-1.207,-1.1173,-1.04,-0.9767,-0.9274,-0.8907,-0.8632,-0.8399,-0.8162,-0.7911,-0.7691,-0.7569,-0.7573,-0.763,-0.759,-0.7385,-0.7054,-0.6644,-0.6178,-0.5672,-0.5149,-0.4642,-0.4198,-0.3869,-0.3705,-0.3745,-0.4004,-0.4458,-0.5028,-0.5585,-0.5995,-0.6175,-0.6138,-0.5958,-0.5724,-0.5497,-0.531,-0.5174,-0.5087,-0.5042,-0.503
-2.3813,-2.2517,-2.088,-1.9192,-1.762,-1.6205,-1.4925,-1.3753,-1.2679,-1.1709,-1.0855,-1.0134,-0.9554,-0.9117,-0.881,-0.8597,-0.8412,-0.8188,-0.7907,-0.7631,-0.7444,-0.738,-0.7379,-0.7318,-0.713,-0.6826,-0.6432,-0.5962,-0.5432,-0.4869,-0.4314,-0.3823,-0.3459,-0.3285,-0.3348,-0.3666,-0.4213,-0.4893,-0.5555,-0.6034,-0.6238,-0.6187,-0.5977,-0.5711,-0.5461,-0.526,-0.5117,-0.503,-0.4987,-0.498
-2.4044,-2.2683,-2.0939,-1.9123,-1.7428,-1.5915,-1.4574,-1.3379,-1.2314,-1.1374,-1.0564,-0.9893,-0.9366,-0.8986,-0.8744,-0.8602,-0.8475,-0.8262,-0.7931,-0.757,-0.7296,-0.7152,-0.7091,-0.7016,-0.6852,-0.658,-0.6201,-0.5724,-0.5163,-0.4549,-0.3933,-0.3381,-0.297,-0.2776,-0.2854,-0.3228,-0.3863,-0.4652,-0.5417,-0.5969,-0.6204,-0.6152,-0.5927,-0.5646,-0.5386,-0.5183,-0.5043,-0.4961,-0.4926,-0.4926
-2.3992,-2.2606,-2.0815,-1.8932,-1.7165,-1.5592,-1.4216,-1.3014,-1.1966,-1.1062,-1.0298,-0.9676,-0.9202,-0.888,-0.8707,-0.8647,-0.8594,-0.8391,-0.7983,-0.7505,-0.7126,-0.6905,-0.6802,-0.6727,-0.6588,-0.634,-0.5968,-0.5471,-0.4867,-0.4187,-0.3492,-0.286,-0.2386,-0.2156,-0.2239,-0.2659,-0.3377,-0.4267,-0.5129,-0.5755,-0.6034,-0.6004,-0.5789,-0.5517,-0.5267,-0.5076,-0.4949,-0.488,-0.4857,-0.4869
-2.3647,-2.2274,-2.0493,-1.8603,-1.6816,-1.5225,-1.3842,-1.2652,-1.1633,-1.0768,-1.0052,-0.948,-0.9058,-0.8793,-0.869,-0.8719,-0.8754,-0.8563,-0.8051,-0.7425,-0.693,-0.6647,-0.6534,-0.6478,-0.6363,-0.6125,-0.5743,-0.5212,-0.4546,-0.3781,-0.2983,-0.2247,-0.1684,-0.1401,-0.1476,-0.1933,-0.2723,-0.3705,-0.4659,-0.5364,-0.5706,-0.5725,-0.5553,-0.5317,-0.51,-0.4937,-0.4835,-0.4786,-0.4782,-0.4809
-2.3037,-2.1707,-1.9982,-1.8138,-1.6381,-1.4809,-1.3449,-1.2288,-1.1307,-1.0489,-0.9822,-0.9301,-0.8928,-0.8716,-0.8677,-0.8788,-0.8907,-0.8725,-0.8095,-0.7313,-0.6709,-0.639,-0.6303,-0.6284,-0.6186,-0.5943,-0.5534,-0.495,-0.4202,-0.3326,-0.2396,-0.1524,-0.0843,-0.0483,-0.0534,-0.102,-0.1877,-0.2946,-0.399,-0.4783,-0.5211,-0.5313,-0.5218,-0.5049,-0.4887,-0.4769,-0.4702,-0.4683,-0.4701,-0.4747
-2.2215,-2.0946,-1.9313,-1.7556,-1.5867,-1.4349,-1.3035,-1.192,-1.0988,-1.022,-0.9603,-0.9131,-0.8805,-0.8636,-0.8641,-0.8804,-0.897,-0.8779,-0.8055,-0.7162,-0.6486,-0.6161,-0.6126,-0.6148,-0.6055,-0.5792,-0.534,-0.4687,-0.3835,-0.2819,-0.1721,-0.0673,0.0162,0.0627,0.0614,0.0102,-0.0826,-0.1986,-0.3128,-0.4025,-0.4564,-0.4783,-0.4796,-0.472,-0.4635,-0.4576,-0.4556,-0.4573,-0.4619,-0.4686
-2.1244,-2.005,-1.8527,-1.6884,-1.5293,-1.3853,-1.2603,-1.1547,-1.067,-0.9956,-0.9391,-0.8965,-0.8678,-0.8539,-0.8561,-0.8723,-0.8866,-0.8641,-0.7894,-0.6993,-0.6315,-0.6009,-0.6022,-0.6066,-0.5961,-0.5666,-0.5159,-0.442,-0.3442,-0.2256,-0.095,0.0321,0.1356,0.1956,0.1992,0.1447,0.0431,-0.084,-0.2101,-0.3123,-0.3801,-0.4161,-0.4308,-0.4347,-0.4353,-0.4367,-0.4401,-0.446,-0.4537,-0.4628
-2.0192,-1.9075,-1.7672,-1.6156,-1.4677,-1.3331,-1.2159,-1.117,-1.0353,-0.9694,-0.9179,-0.8795,-0.854,-0.8417,-0.8428,-0.854,-0.8601,-0.8331,-0.7642,-0.6844,-0.6245,-0.5975,-0.5996,-0.6022,-0.5888,-0.5554,-0.4986,-0.4149,-0.3026,-0.1638,-0.0078,0.1469,0.2754,0.3521,0.361,0.3012,0.1876,0.0458,-0.0952,-0.2127,-0.2964,-0.3486,-0.3782,-0.3948,-0.4057,-0.415,-0.4245,-0.4349,-0.446,-0.4576
-1.9112,-1.8072,-1.6787,-1.5401,-1.4042,-1.2797,-1.1709,-1.079,-1.0035,-0.9431,-0.8963,-0.8618,-0.8387,-0.8268,-0.825,-0.8289,-0.8255,-0.7959,-0.7371,-0.6725,-0.6254,-0.6035,-0.6017,-0.5992,-0.5822,-0.5448,-0.4815,-0.3873,-0.2588,-0.097,0.0888,0.2769,0.4357,0.5323,0.546,0.4772,0.3465,0.1855,0.026,-0.1092,-0.2105,-0.2796,-0.3248,-0.3547,-0.3763,-0.3938,-0.4096,-0.4246,-0.4392,-0.4533
-1.8048,-1.7082,-1.5908,-1.4646,-1.3405,-1.2261,-1.1258,-1.041,-0.9716,-0.9164,-0.874,-0.8429,-0.8219,-0.8098,-0.8047,-0.8018,-0.7912,-0.7615,-0.7128,-0.6618,-0.6257,-0.6087,-0.6032,-0.596,-0.576,-0.5346,-0.4647,-0.3596,-0.2139,-0.0268,0.1925,0.4192,0.6134,0.7322,0.7488,0.6663,0.5129,0.328,0.1469,-0.0077,-0.127,-0.2132,-0.2735,-0.3164,-0.3484,-0.3741,-0.3961,-0.4157,-0.4337,-0.4503
-1.7031,-1.6131,-1.506,-1.3913,-1.2782,-1.1735,-1.0813,-1.0033,-0.9396,-0.8893,-0.851,-0.823,-0.8037,-0.7914,-0.7837,-0.7761,-0.7617,-0.7338,-0.6931,-0.6508,-0.6201,-0.6057,-0.6011,-0.5929,-0.5703,-0.5248,-0.4482,-0.3322,-0.1692,0.0439,0.2987,0.5672,0.8002,0.942,0.9589,0.8575,0.6768,0.4648,0.2604,0.0862,-0.0506,-0.1526,-0.2271,-0.282,-0.3238,-0.3572,-0.3849,-0.4088,-0.4299,-0.4488
-1.6079,-1.524,-1.426,-1.3216,-1.2185,-1.1226,-1.0378,-0.966,-0.9075,-0.8617,-0.8272,-0.8022,-0.7847,-0.7726,-0.7635,-0.7537,-0.7383,-0.7131,-0.6783,-0.6411,-0.612,-0.5989,-0.598,-0.5905,-0.5653,-0.5154,-0.4322,-0.306,-0.127,0.1105,0.3998,0.7098,0.9812,1.1446,1.1588,1.0354,0.8255,0.5864,0.3599,0.1676,0.0152,-0.1009,-0.1878,-0.2533,-0.3037,-0.3439,-0.3768,-0.4046,-0.4284,-0.4492
-1.5202,-1.4419,-1.3518,-1.2565,-1.1622,-1.0741,-0.9959,-0.9295,-0.8755,-0.8336,-0.8027,-0.7807,-0.7653,-0.7542,-0.745,-0.735,-0.7206,-0.6985,-0.6684,-0.635,-0.6075,-0.596,-0.5967,-0.5886,-0.5605,-0.5062,-0.4171,-0.2823,-0.0901,0.1678,0.4859,0.8313,1.1355,1.3162,1.3256,1.1813,0.9457,0.6838,0.4392,0.2323,0.0672,-0.0602,-0.1573,-0.2316,-0.2894,-0.3352,-0.3725,-0.4035,-0.4296,-0.4519
-1.4405,-1.3671,-1.284,-1.1965,-1.1099,-1.0286,-0.956,-0.8941,-0.8439,-0.8054,-0.7777,-0.7588,-0.7461,-0.7367,-0.7286,-0.7198,-0.7076,-0.6889,-0.663,-0.6334,-0.6085,-0.5978,-0.5964,-0.5859,-0.5548,-0.4968,-0.4031,-0.2623,-0.0612,0.2099,0.5469,0.9151,1.2403,1.4312,1.4362,1.2775,1.0254,0.7493,0.4936,0.2772,0.1034,-0.0323,-0.1371,-0.2182,-0.2816,-0.332,-0.3726,-0.406,-0.4337,-0.457
-1.3687,-1.2998,-1.2228,-1.142,-1.062,-0.9865,-0.9186,-0.8603,-0.8129,-0.7771,-0.7523,-0.7369,-0.7276,-0.7209,-0.7147,-0.7079,-0.6985,-0.6834,-0.6612,-0.6352,-0.613,-0.6015,-0.596,-0.5818,-0.5479,-0.4872,-0.3909,-0.2472,-0.0428,0.2325,0.5747,0.9488,1.2786,1.4711,1.4743,1.3122,1.057,0.7785,0.5201,0.3003,0.1223,-0.0183,-0.1281,-0.2139,-0.2812,-0.3347,-0.3776,-0.4125,-0.4411,-0.4648
-1.3044,-1.2396,-1.1679,-1.093,-1.0187,-0.9481,-0.884,-0.8284,-0.783,-0.749,-0.7267,-0.715,-0.7101,-0.7072,-0.7037,-0.6993,-0.6929,-0.6809,-0.6619,-0.6391,-0.6186,-0.6053,-0.595,-0.5767,-0.5404,-0.4782,-0.3813,-0.2382,-0.0363,0.2335,0.5665,0.9282,1.2458,1.4314,1.4364,1.2832,1.0391,0.7702,0.5181,0.3012,0.1234,-0.0188,-0.131,-0.2192,-0.2888,-0.3439,-0.3879,-0.4233,-0.452,-0.4754
-1.2473,-1.1862,-1.1193,-1.0495,-0.9801,-0.9136,-0.8526,-0.799,-0.7546,-0.7214,-0.7009,-0.6931,-0.6937,-0.696,-0.6958,-0.694,-0.69,-0.6805,-0.6641,-0.6436,-0.6242,-0.6087,-0.5941,-0.572,-0.5335,-0.4708,-0.3752,-0.2359,-0.042,0.2138,0.5253,0.8596,1.1511,1.323,1.3326,1.1978,0.9764,0.7271,0.4889,0.2804,0.1068,-0.0338,-0.1459,-0.2346,-0.3046,-0.3599,-0.4038,-0.4386,-0.4665,-0.4891
-1.1967,-1.1391,-1.0764,-1.0113,-0.9462,-0.8834,-0.825,-0.7728,-0.7287,-0.6951,-0.6751,-0.6707,-0.6782,-0.6875,-0.6915,-0.6917,-0.6893,-0.6814,-0.6667,-0.6481,-0.6293,-0.6121,-0.594,-0.5686,-0.5286,-0.4663,-0.3734,-0.2407,-0.0589,0.1766,0.4583,0.7557,1.013,1.1669,1.1818,1.0701,0.8778,0.6544,0.4354,0.2395,0.0734,-0.0631,-0.1729,-0.2601,-0.3289,-0.383,-0.4253,-0.4586,-0.4849,-0.5058
-1.1522,-1.0978,-1.0391,-0.9781,-0.9169,-0.8575,-0.8014,-0.7504,-0.7062,-0.6714,-0.6503,-0.6479,-0.6628,-0.6811,-0.6901,-0.6919,-0.6899,-0.6825,-0.6692,-0.6521,-0.6341,-0.6159,-0.5954,-0.5677,-0.5266,-0.4654,-0.3765,-0.252,-0.0851,0.1267,0.3745,0.6314,0.8518,0.9858,1.0047,0.916,0.7541,0.5589,0.3617,0.1808,0.0243,-0.106,-0.2117,-0.2957,-0.3617,-0.4131,-0.4527,-0.4833,-0.507,-0.5255
-1.113,-1.0617,-1.0067,-0.9496,-0.8921,-0.8359,-0.7823,-0.7326,-0.6884,-0.6522,-0.6291,-0.6267,-0.6477,-0.6754,-0.6898,-0.6925,-0.6902,-0.6831,-0.6709,-0.6557,-0.6389,-0.6206,-0.5987,-0.5697,-0.5282,-0.4686,-0.3844,-0.2692,-0.1183,0.0686,0.2823,0.4996,0.6843,0.7982,0.8188,0.7497,0.6155,0.4474,0.272,0.1067,-0.039,-0.1618,-0.2619,-0.3413,-0.4029,-0.4501,-0.4858,-0.5126,-0.5328,-0.5481
-1.0787,-1.0304,-0.9788,-0.9254,-0.8716,-0.8186,-0.7677,-0.7198,-0.6764,-0.6398,-0.6151,-0.6117,-0.6355,-0.6693,-0.6877,-0.6916,-0.6893,-0.6827,-0.672,-0.6589,-0.6439,-0.6265,-0.6045,-0.5748,-0.5335,-0.4758,-0.3966,-0.2911,-0.1562,0.0067,0.1885,0.3697,0.522,0.6166,0.6362,0.5819,0.4705,0.326,0.1704,0.0201,-0.1148,-0.2294,-0.3229,-0.3963,-0.4523,-0.4939,-0.5244,-0.5463,-0.5621,-0.5734
-1.0488,-1.0033,-0.9551,-0.9052,-0.8549,-0.8053,-0.7574,-0.7121,-0.6707,-0.6354,-0.6114,-0.6077,-0.6307,-0.6641,-0.6836,-0.6887,-0.6871,-0.6815,-0.6728,-0.6622,-0.6498,-0.6341,-0.6127,-0.583,-0.5422,-0.4866,-0.4124,-0.3162,-0.1965,-0.0557,0.0975,0.2471,0.3711,0.448,0.4643,0.4196,0.3254,0.1996,0.0606,-0.0765,-0.2013,-0.3078,-0.3939,-0.4602,-0.5092,-0.5441,-0.568,-0.584,-0.5945,-0.6012
-1.0227,-0.98,-0.9349,-0.8884,-0.8416,-0.7955,-0.7509,-0.7089,-0.6707,-0.6385,-0.6172,-0.6145,-0.6339,-0.6617,-0.6792,-0.685,-0.6845,-0.6803,-0.6739,-0.6664,-0.6572,-0.6437,-0.6233,-0.594,-0.5537,-0.5002,-0.4308,-0.3433,-0.2376,-0.1165,0.012,0.1346,0.2345,0.2953,0.3064,0.2668,0.1841,0.072,-0.0543,-0.1808,-0.2968,-0.3955,-0.4739,-0.5323,-0.5731,-0.5999,-0.6162,-0.6253,-0.6296,-0.631
-0.9999,-0.9599,-0.9179,-0.8747,-0.8314,-0.7887,-0.7478,-0.7094,-0.675,-0.647,-0.6293,-0.6274,-0.6419,-0.6625,-0.6765,-0.6821,-0.6823,-0.6796,-0.6758,-0.6718,-0.6662,-0.6553,-0.636,-0.6068,-0.5671,-0.5155,-0.4505,-0.3712,-0.2779,-0.1741,-0.0667,0.0333,0.1126,0.1588,0.1636,0.1254,0.0494,-0.0539,-0.1716,-0.2905,-0.3995,-0.4911,-0.5617,-0.6114,-0.6429,-0.6605,-0.6682,-0.6694,-0.6669,-0.6625
-0.9802,-0.9427,-0.9035,-0.8635,-0.8235,-0.7844,-0.747,-0.7125,-0.6821,-0.6581,-0.6436,-0.6417,-0.6515,-0.6655,-0.6758,-0.6805,-0.6812,-0.6799,-0.6788,-0.6786,-0.6767,-0.6681,-0.6495,-0.6204,-0.5811,-0.5314,-0.4706,-0.3986,-0.3165,-0.2275,-0.1381,-0.0571,0.0048,0.0379,0.0355,-0.0041,-0.0775,-0.1763,-0.2891,-0.4033,-0.5074,-0.5929,-0.6556,-0.696,-0.7174,-0.7248,-0.7228,-0.7155,-0.7056,-0.695
-0.9629,-0.9279,-0.8915,-0.8545,-0.8177,-0.7819,-0.748,-0.7171,-0.6904,-0.6699,-0.6576,-0.6551,-0.6608,-0.6696,-0.6766,-0.6801,-0.681,-0.6811,-0.6825,-0.6858,-0.6872,-0.6805,-0.6624,-0.6333,-0.5945,-0.5467,-0.49,-0.4248,-0.3525,-0.2765,-0.2023,-0.1373,-0.0902,-0.0688,-0.0787,-0.1219,-0.1957,-0.2934,-0.4047,-0.517,-0.618,-0.6984,-0.7535,-0.7841,-0.7947,-0.7911,-0.779,-0.7627,-0.745,-0.7279
-0.9479,-0.9152,-0.8814,-0.8472,-0.8134,-0.7807,-0.7501,-0.7224,-0.6989,-0.681,-0.6701,-0.6667,-0.6691,-0.6741,-0.6784,-0.6807,-0.6815,-0.6826,-0.6861,-0.692,-0.6958,-0.6904,-0.6727,-0.644,-0.6062,-0.5606,-0.508,-0.4491,-0.3857,-0.3209,-0.2596,-0.2082,-0.1738,-0.1629,-0.1804,-0.2282,-0.3047,-0.404,-0.5163,-0.629,-0.7286,-0.8048,-0.8525,-0.8733,-0.8727,-0.8578,-0.8352,-0.8096,-0.7842,-0.7606
-0.9348,-0.9042,-0.8729,-0.8413,-0.8103,-0.7805,-0.7527,-0.7279,-0.707,-0.691,-0.6808,-0.6764,-0.6764,-0.6785,-0.6805,-0.6816,-0.6823,-0.684,-0.6885,-0.6957,-0.7004,-0.6959,-0.679,-0.6513,-0.6152,-0.5725,-0.5241,-0.4712,-0.4158,-0.3608,-0.3106,-0.2708,-0.2473,-0.2457,-0.2706,-0.3237,-0.4042,-0.5067,-0.6219,-0.7364,-0.8358,-0.9086,-0.9494,-0.9605,-0.9488,-0.9227,-0.8898,-0.8552,-0.8222,-0.7923
-0.9233,-0.8948,-0.8657,-0.8365,-0.808,-0.7808,-0.7555,-0.7331,-0.7142,-0.6996,-0.6898,-0.6845,-0.6826,-0.6825,-0.6828,-0.6828,-0.683,-0.6848,-0.6894,-0.6962,-0.7007,-0.6965,-0.6809,-0.6551,-0.6215,-0.582,-0.538,-0.491,-0.4428,-0.3965,-0.3559,-0.326,-0.3119,-0.3186,-0.3502,-0.4088,-0.4937,-0.6002,-0.7189,-0.836,-0.9359,-1.0058,-1.0404,-1.0423,-1.0201,-0.9836,-0.941,-0.898,-0.8579,-0.8222
