docs/data/wind_grid.json
[{"header":{"la1":42.85,"la2":41.18,"lo1":11.55,"lo2":14.05,"nx":36,"ny":24,"dx":0.07143,"dy":0.07261,"parameterCategory":2,"parameterNumber":2,"parameterNumberName":"eastward_wind","parameterUnit":"m.s-1"},"data":[-0.8352,-0.8383,-0.8393,-0.8381,-0.8348,-0.8296,-0.8222,-0.8123,-0.7994,-0.7843,-0.7685,-0.7538,-0.7419,-0.7338,-0.7291,-0.7266,-0.7238,-0.7178,-0.7058,-0.687,-0.6639,-0.6423,-0.6278,-0.6227,-0.6247,-0.6302,-0.6362,-0.6411,-0.6445,-0.6464,-0.6473,-0.6474,-0.6469,-0.6462,-0.6453,-0.6444,-0.8573,-0.8621,-0.8643,-0.8637,-0.8609,-0.8561,-0.8492,-0.8387,-0.8233,-0.8034,-0.7815,-0.7613,-0.746,-0.7369,-0.7338,-0.7348,-0.7362,-0.7324,-0.7175,-0.6882,-0.6487,-0.6118,-0.5912,-0.5902,-0.6013,-0.6156,-0.6279,-0.6366,-0.6421,-0.6451,-0.6464,-0.6466,-0.6462,-0.6455,-0.6446,-0.6436,-0.8837,-0.8911,-0.8949,-0.895,-0.8926,-0.8892,-0.8847,-0.876,-0.8584,-0.8309,-0.7986,-0.7691,-0.7481,-0.7377,-0.7374,-0.7449,-0.755,-0.7583,-0.7418,-0.6943,-0.6202,-0.55,-0.5207,-0.5352,-0.5679,-0.5983,-0.6198,-0.6332,-0.6407,-0.6444,-0.6459,-0.6461,-0.6456,-0.6448,-0.6438,-0.6428,-0.9156,-0.9271,-0.9332,-0.9337,-0.931,-0.9297,-0.9323,-0.9321,-0.9146,-0.8735,-0.8215,-0.7761,-0.7463,-0.7339,-0.738,-0.7561,-0.7828,-0.8047,-0.7949,-0.7196,-0.5703,-0.4191,-0.3828,-0.4485,-0.5275,-0.5829,-0.6153,-0.6326,-0.6411,-0.6448,-0.6459,-0.6458,-0.645,-0.644,-0.643,-0.6419,-0.9543,-0.9729,-0.9833,-0.9832,-0.9768,-0.9765,-0.9943,-1.0215,-1.0134,-0.9433,-0.8511,-0.7789,-0.7367,-0.7219,-0.7315,-0.7645,-0.8192,-0.8836,-0.9114,-0.8111,-0.5143,-0.1635,-0.1481,-0.3474,-0.4992,-0.5799,-0.6187,-0.6364,-0.6437,-0.6462,-0.6463,-0.6456,-0.6444,-0.6432,-0.642,-0.6409,-1.0006,-1.0321,-1.0522,-1.0514,-1.0329,-1.0232,-1.0627,-1.1604,-1.1922,-1.0488,-0.8779,-0.7688,-0.714,-0.6972,-0.712,-0.7607,-0.8523,-0.9939,-1.1361,-1.0584,-0.6035,0.0043,-0.0212,-0.3417,-0.5229,-0.6015,-0.6333,-0.645,-0.6482,-0.648,-0.6467,-0.6451,-0.6435,-0.6421,-0.6409,-0.6398,-1.0529,-1.1072,-1.151,-1.1556,-1.1089,-1.0606,-1.0958,-1.2817,-1.3915,-1.12,-0.8631,-0.7319,-0.6731,-0.6557,-0.6721,-0.7301,-0.8492,-1.0617,-1.3507,-1.3218,-0.9326,-0.5177,-0.4126,-0.5327,-0.6147,-0.6472,-0.6561,-0.6558,-0.6527,-0.6493,-0.6463,-0.644,-0.6421,-0.6406,-0.6395,-0.6385,-1.1032,-1.1897,-1.2828,-1.3183,-1.2211,-1.0894,-1.0455,-1.1413,-1.194,-0.9672,-0.7628,-0.661,-0.6138,-0.5958,-0.6048,-0.6591,-0.7828,-0.9831,-1.2021,-1.2528,-1.2892,-1.1701,-0.9096,-0.7771,-0.7242,-0.696,-0.6769,-0.6634,-0.6543,-0.6483,-0.6444,-0.6418,-0.6401,-0.6388,-0.6378,-0.637,-1.1366,-1.2471,-1.3885,-1.4805,-1.3275,-1.1106,-0.9597,-0.8773,-0.7928,-0.6782,-0.6064,-0.5706,-0.5448,-0.5218,-0.5014,-0.5329,-0.6724,-0.8629,-1.0554,-1.3075,-1.7876,-1.6682,-1.1869,-0.9189,-0.7891,-0.7213,-0.6834,-0.6619,-0.6501,-0.6437,-0.6403,-0.6384,-0.6373,-0.6365,-0.6359,-0.6354,-1.143,-1.2537,-1.3744,-1.4347,-1.3459,-1.121,-0.8936,-0.6916,-0.4638,-0.3596,-0.4406,-0.4856,-0.4787,-0.4487,-0.3622,-0.3181,-0.5672,-0.8043,-0.9946,-1.234,-1.5781,-1.512,-1.1618,-0.9214,-0.785,-0.7086,-0.6673,-0.647,-0.6381,-0.6349,-0.6341,-0.634,-0.6341,-0.634,-0.6339,-0.6337,-1.1249,-1.2356,-1.3852,-1.5981,-1.5323,-1.1467,-0.8645,-0.627,-0.1598,0.0665,-0.3176,-0.4301,-0.418,-0.3862,-0.3436,-0.3065,-0.6016,-0.876,-1.0289,-1.1005,-1.1665,-1.1294,-0.9799,-0.8298,-0.721,-0.6553,-0.6252,-0.6172,-0.6187,-0.6228,-0.6266,-0.6292,-0.6308,-0.6316,-0.6319,-0.632,-1.0835,-1.1862,-1.3423,-1.5532,-1.4733,-1.0893,-0.8753,-0.7908,-0.4677,-0.1994,-0.3756,-0.4156,-0.3578,-0.2488,-0.3366,-0.5118,-0.7915,-1.2177,-1.3391,-1.1399,-1.0026,-0.9119,-0.8135,-0.7085,-0.6156,-0.5617,-0.5564,-0.5749,-0.5952,-0.6102,-0.6198,-0.6253,-0.6281,-0.6294,-0.6299,-0.6302,-1.0208,-1.0921,-1.1775,-1.2355,-1.1518,-0.972,-0.8998,-0.9146,-0.873,-0.5736,-0.4667,-0.4206,-0.3629,-0.2046,-0.3144,-0.5838,-0.9287,-1.9492,-1.9925,-1.2336,-0.9161,-0.773,-0.6824,-0.5911,-0.4842,-0.4263,-0.4663,-0.5299,-0.5751,-0.6018,-0.6164,-0.6235,-0.6265,-0.6275,-0.6279,-0.6281,-0.9488,-0.9865,-1.0164,-1.0142,-0.9586,-0.8868,-0.8776,-0.9594,-0.8658,-0.6142,-0.4788,-0.4181,-0.4029,-0.3985,-0.482,-0.6307,-0.8424,-1.406,-1.5159,-1.0381,-0.7457,-0.6159,-0.563,-0.5043,-0.3845,-0.3071,-0.4003,-0.5071,-0.5706,-0.6036,-0.6189,-0.6246,-0.6257,-0.6253,-0.625,-0.6253,-0.8805,-0.8956,-0.8996,-0.884,-0.848,-0.8095,-0.79,-0.7726,-0.6826,-0.539,-0.4449,-0.4161,-0.393,-0.3142,-0.5351,-0.6768,-1.3432,-1.021,-0.897,-0.6658,-0.4356,-0.3801,-0.4337,-0.4599,-0.4117,-0.3661,-0.4405,-0.5348,-0.5924,-0.6196,-0.6285,-0.6278,-0.6239,-0.6208,-0.6199,-0.6209,-0.8217,-0.824,-0.8172,-0.7988,-0.77,-0.7369,-0.7019,-0.6527,-0.5698,-0.4583,-0.3486,-0.395,-0.4041,-0.417,-0.5337,-0.8131,-1.1527,-0.815,-0.5632,-0.3214,0.0114,-0.0619,-0.3027,-0.4331,-0.4832,-0.5072,-0.5566,-0.6106,-0.6416,-0.6497,-0.6426,-0.6288,-0.6163,-0.6101,-0.6101,-0.6136,-0.773,-0.7683,-0.7567,-0.7372,-0.7104,-0.6777,-0.638,-0.5862,-0.5177,-0.4351,-0.358,-0.3831,-0.4017,-0.4048,-0.4328,-0.5156,-0.5545,-0.3761,-0.1756,-0.1135,0.0947,0.0036,-0.2589,-0.4358,-0.5573,-0.6463,-0.7025,-0.7212,-0.7131,-0.6893,-0.6549,-0.6183,-0.5929,-0.5861,-0.5923,-0.6026,-0.7331,-0.7245,-0.7105,-0.6907,-0.6649,-0.6334,-0.5955,-0.5501,-0.4979,-0.4453,-0.407,-0.3922,-0.3845,-0.3579,-0.198,-0.1233,-0.1716,0.0773,0.3998,0.0778,-0.0517,-0.142,-0.3007,-0.4806,-0.6695,-0.8419,-0.9089,-0.8663,-0.7997,-0.7322,-0.6568,-0.5813,-0.5385,-0.5417,-0.5657,-0.5891,-0.7004,-0.6897,-0.6747,-0.6549,-0.6304,-0.6012,-0.5671,-0.5287,-0.4875,-0.4473,-0.4118,-0.3771,-0.3242,-0.1752,0.3122,0.5205,0.0808,0.1407,0.3112,0.1769,-0.0044,-0.1667,-0.3287,-0.5315,-0.8016,-1.1067,-1.1771,-1.0162,-0.8854,-0.7759,-0.6502,-0.5149,-0.4518,-0.4845,-0.539,-0.5786,-0.6737,-0.6618,-0.6465,-0.6273,-0.6043,-0.5776,-0.5473,-0.5141,-0.4788,-0.4426,-0.4043,-0.3562,-0.2751,-0.0963,0.2679,0.3891,0.1067,0.0846,0.2702,0.3532,0.0671,-0.138,-0.3082,-0.5307,-0.8375,-1.1693,-1.2383,-1.0805,-0.9538,-0.8298,-0.6716,-0.4888,-0.4103,-0.464,-0.5345,-0.5804,-0.6517,-0.6394,-0.6242,-0.6059,-0.5845,-0.5601,-0.5329,-0.5033,-0.4715,-0.4372,-0.3979,-0.3472,-0.2715,-0.1526,-0.0083,0.0448,0.0013,0.0223,0.1391,0.1716,0.0274,-0.0814,-0.1972,-0.4347,-0.7594,-1.044,-1.1895,-1.1397,-1.0226,-0.91,-0.7598,-0.5897,-0.5033,-0.5222,-0.5665,-0.5989,-0.6336,-0.6213,-0.6065,-0.5891,-0.5693,-0.547,-0.5224,-0.4955,-0.4664,-0.4342,-0.3971,-0.3514,-0.2926,-0.2203,-0.1501,-0.1101,-0.095,-0.0664,-0.0208,-0.0032,0.004,0.1012,0.1038,-0.2272,-0.6497,-1.0219,-1.2749,-1.192,-1.1019,-1.0294,-0.8891,-0.7383,-0.6433,-0.6151,-0.6188,-0.628,-0.6188,-0.6066,-0.5924,-0.5761,-0.5577,-0.5373,-0.5149,-0.4904,-0.4639,-0.4345,-0.4014,-0.363,-0.3187,-0.2708,-0.2266,-0.1934,-0.1689,-0.1432,-0.1135,-0.0759,0.0237,0.2737,0.3568,-0.0625,-0.5323,-0.8839,-1.0809,-1.1418,-1.2449,-1.1819,-1.0034,-0.847,-0.7443,-0.6905,-0.667,-0.6572,-0.6066,-0.5948,-0.5813,-0.566,-0.549,-0.5303,-0.5099,-0.4877,-0.4637,-0.4376,-0.4088,-0.3772,-0.3432,-0.3084,-0.2762,-0.2489,-0.2256,-0.2027,-0.1756,-0.1319,-0.0396,0.1086,0.1235,-0.1436,-0.4844,-0.7601,-0.9513,-1.1138,-1.2624,-1.2021,-1.0338,-0.8916,-0.7947,-0.7347,-0.6997,-0.6794]},{"header":{"la1":42.85,"la2":41.18,"lo1":11.55,"lo2":14.05,"nx":36,"ny":24,"dx":0.07143,"dy":0.07261,"parameterCategory":2,"parameterNumber":3,"parameterNumberName":"northward_wind","parameterUnit":"m.s-1"},"data":[-0.8023,-0.8001,-0.7952,-0.7874,-0.7769,-0.764,-0.7494,-0.7337,-0.7172,-0.6998,-0.6807,-0.6596,-0.6361,-0.6106,-0.5837,-0.5569,-0.5319,-0.5111,-0.4967,-0.4896,-0.4885,-0.4905,-0.4921,-0.4917,-0.4898,-0.4876,-0.4862,-0.4862,-0.4878,-0.4906,-0.4946,-0.4993,-0.5047,-0.5103,-0.5161,-0.5219,-0.8222,-0.821,-0.8162,-0.8076,-0.7952,-0.7797,-0.7624,-0.7446,-0.7269,-0.7091,-0.6897,-0.6674,-0.6416,-0.6123,-0.5803,-0.5473,-0.516,-0.4904,-0.4748,-0.4715,-0.4785,-0.4887,-0.4946,-0.4937,-0.4887,-0.4834,-0.4801,-0.4793,-0.4808,-0.4842,-0.489,-0.4947,-0.501,-0.5076,-0.5143,-0.5209,-0.8452,-0.8456,-0.8412,-0.8314,-0.816,-0.7961,-0.7739,-0.7525,-0.7338,-0.7171,-0.6993,-0.6771,-0.6493,-0.6159,-0.5777,-0.5362,-0.4951,-0.461,-0.4428,-0.4477,-0.4726,-0.501,-0.5132,-0.5064,-0.4924,-0.4805,-0.4737,-0.4717,-0.4734,-0.4775,-0.4833,-0.4902,-0.4976,-0.5054,-0.5131,-0.5207,-0.8719,-0.8749,-0.8719,-0.8607,-0.8408,-0.813,-0.7812,-0.7519,-0.732,-0.7204,-0.7086,-0.6893,-0.6606,-0.6231,-0.5776,-0.5247,-0.4678,-0.4167,-0.3905,-0.4098,-0.4763,-0.5487,-0.5668,-0.5362,-0.5003,-0.4769,-0.4657,-0.4628,-0.465,-0.4704,-0.4776,-0.486,-0.4949,-0.5039,-0.5128,-0.5214,-0.9026,-0.9105,-0.9106,-0.8988,-0.8724,-0.8315,-0.78,-0.731,-0.7076,-0.712,-0.7169,-0.7052,-0.6771,-0.6362,-0.5833,-0.5166,-0.4353,-0.3492,-0.2946,-0.3311,-0.4847,-0.6662,-0.6752,-0.5764,-0.5035,-0.4676,-0.4538,-0.4516,-0.4555,-0.4629,-0.4721,-0.4823,-0.4929,-0.5035,-0.5137,-0.5234,-0.9372,-0.9535,-0.9609,-0.9509,-0.9173,-0.8579,-0.771,-0.6708,-0.632,-0.6837,-0.7274,-0.7281,-0.701,-0.6582,-0.6005,-0.521,-0.4088,-0.2593,-0.1204,-0.1546,-0.4191,-0.7496,-0.7368,-0.5711,-0.4811,-0.4459,-0.436,-0.4377,-0.4451,-0.4554,-0.4671,-0.4796,-0.4922,-0.5046,-0.5162,-0.5271,-0.9738,-1.0034,-1.0259,-1.0242,-0.9838,-0.9065,-0.7845,-0.6043,-0.5241,-0.666,-0.7577,-0.764,-0.7343,-0.6919,-0.6367,-0.5531,-0.4184,-0.2081,0.0477,0.0306,-0.2228,-0.4598,-0.5212,-0.4607,-0.4221,-0.4108,-0.4133,-0.4222,-0.4344,-0.4484,-0.4632,-0.4784,-0.4933,-0.5076,-0.5209,-0.5329,-1.007,-1.0534,-1.102,-1.1207,-1.0705,-0.9838,-0.8755,-0.7271,-0.6615,-0.7777,-0.8379,-0.818,-0.7761,-0.739,-0.7019,-0.6308,-0.4925,-0.2888,-0.0833,-0.0351,-0.0049,-0.0713,-0.2316,-0.3151,-0.3507,-0.3721,-0.3899,-0.4072,-0.4248,-0.4428,-0.461,-0.4792,-0.4968,-0.5133,-0.5283,-0.5416,-1.0291,-1.086,-1.1566,-1.2019,-1.1372,-1.0611,-1.011,-0.9821,-0.9954,-1.0212,-0.9727,-0.8851,-0.8185,-0.7967,-0.8168,-0.7865,-0.6217,-0.4163,-0.2295,-0.021,0.3256,0.2491,-0.0586,-0.2225,-0.3,-0.3425,-0.3714,-0.3952,-0.4174,-0.4394,-0.4614,-0.483,-0.5035,-0.5225,-0.5394,-0.5539,-1.0358,-1.0893,-1.1448,-1.1729,-1.1455,-1.1162,-1.1279,-1.2038,-1.3574,-1.3885,-1.1546,-0.9464,-0.8459,-0.8438,-1.0038,-1.1016,-0.7589,-0.4988,-0.3136,-0.0958,0.1768,0.1452,-0.0681,-0.2061,-0.2823,-0.3283,-0.3606,-0.3875,-0.4131,-0.439,-0.465,-0.4907,-0.5148,-0.5367,-0.5555,-0.5709,-1.0304,-1.0795,-1.1303,-1.1773,-1.1727,-1.1573,-1.213,-1.3474,-1.7368,-1.9505,-1.3098,-0.9646,-0.8493,-0.8427,-0.9748,-1.1033,-0.7192,-0.4996,-0.3741,-0.2435,-0.1208,-0.098,-0.1613,-0.2329,-0.2881,-0.3275,-0.3572,-0.384,-0.4119,-0.4419,-0.473,-0.5037,-0.5323,-0.5575,-0.5782,-0.5943,-1.0161,-1.0625,-1.1161,-1.1688,-1.1695,-1.1838,-1.2795,-1.3786,-1.5393,-1.6366,-1.1904,-0.9161,-0.8492,-0.9164,-0.8071,-0.6499,-0.5035,-0.4629,-0.4308,-0.3259,-0.2377,-0.2024,-0.2169,-0.2581,-0.3036,-0.3374,-0.3601,-0.3836,-0.4133,-0.4486,-0.4866,-0.5243,-0.5587,-0.5877,-0.6101,-0.6259,-0.9934,-1.0329,-1.0751,-1.1113,-1.1351,-1.1938,-1.3254,-1.4046,-1.419,-1.2212,-0.9891,-0.8639,-0.8285,-0.9355,-0.7438,-0.3337,-0.2556,-0.5517,-0.5678,-0.3406,-0.2351,-0.1985,-0.2138,-0.2651,-0.3279,-0.3626,-0.3689,-0.3844,-0.4168,-0.4601,-0.5083,-0.5559,-0.5982,-0.6316,-0.6549,-0.6687,-0.9647,-0.9958,-1.0275,-1.0578,-1.0931,-1.1583,-1.2746,-1.4204,-1.3304,-1.0471,-0.8598,-0.8712,-0.8788,-0.6764,-0.3278,0.2576,0.1689,-0.238,-0.3679,-0.2323,-0.1285,-0.1009,-0.1523,-0.2472,-0.3537,-0.397,-0.3769,-0.3837,-0.4222,-0.4784,-0.5423,-0.6047,-0.6578,-0.6959,-0.7178,-0.726,-0.9332,-0.9567,-0.9805,-1.0048,-1.0342,-1.0761,-1.1285,-1.1496,-1.0505,-0.8625,-0.7253,-0.6746,-0.5948,-0.4128,-0.1391,0.4313,0.7777,0.1725,-0.0863,-0.0321,0.1445,0.1455,-0.0191,-0.1848,-0.3143,-0.3683,-0.3604,-0.3765,-0.4295,-0.5068,-0.5954,-0.6812,-0.7495,-0.7912,-0.8064,-0.8022,-0.901,-0.9179,-0.9343,-0.9502,-0.9663,-0.9811,-0.985,-0.953,-0.8601,-0.724,-0.6126,-0.5311,-0.532,-0.4551,-0.2236,0.1983,0.5342,0.1361,-0.0445,0.1696,0.7494,0.606,0.1502,-0.1,-0.226,-0.283,-0.3095,-0.3541,-0.4358,-0.5484,-0.6782,-0.8029,-0.8939,-0.9342,-0.9302,-0.9007,-0.8694,-0.8805,-0.8901,-0.8975,-0.9014,-0.8982,-0.8805,-0.8377,-0.7649,-0.6753,-0.6079,-0.5759,-0.5992,-0.5967,-0.3873,-0.1836,-0.0871,-0.194,-0.254,0.0806,0.8318,0.6578,0.1667,-0.0662,-0.1536,-0.1789,-0.2116,-0.2971,-0.4326,-0.6049,-0.8043,-0.9983,-1.1242,-1.1472,-1.0968,-1.0207,-0.8394,-0.8455,-0.8495,-0.8502,-0.8459,-0.8338,-0.81,-0.7711,-0.7187,-0.6629,-0.6198,-0.598,-0.623,-0.6218,-0.5396,-0.4798,-0.3963,-0.5136,-0.7174,-0.3164,0.0761,0.1433,0.0014,-0.0936,-0.0818,0.0064,0.0028,-0.1773,-0.4155,-0.6749,-0.9815,-1.3,-1.479,-1.4426,-1.298,-1.1492,-0.8116,-0.8139,-0.8136,-0.8097,-0.8009,-0.7855,-0.7617,-0.7293,-0.6906,-0.6517,-0.6193,-0.5989,-0.5946,-0.6092,-0.7428,-0.8118,-0.5583,-0.5467,-0.6152,-0.4155,-0.2521,-0.1606,-0.1559,-0.1419,-0.0021,0.3426,0.4152,-0.0309,-0.4166,-0.7514,-1.1714,-1.6688,-1.9135,-1.7558,-1.4796,-1.2529,-0.7864,-0.7858,-0.7826,-0.7759,-0.765,-0.7489,-0.7272,-0.7003,-0.6702,-0.6402,-0.6142,-0.5958,-0.5904,-0.6172,-0.7235,-0.7531,-0.5776,-0.4848,-0.4207,-0.3936,-0.3467,-0.2899,-0.2625,-0.2181,-0.0578,0.3685,0.4687,-0.1592,-0.5197,-0.8199,-1.2464,-1.8171,-2.0913,-1.8697,-1.5412,-1.2895,-0.764,-0.7613,-0.7561,-0.748,-0.7364,-0.7208,-0.7013,-0.6786,-0.654,-0.6295,-0.6076,-0.5909,-0.5834,-0.5917,-0.613,-0.6,-0.5319,-0.4659,-0.4194,-0.3966,-0.3737,-0.3532,-0.3423,-0.3252,-0.2971,-0.3413,-0.671,-0.6956,-0.7243,-0.8823,-1.1587,-1.5521,-1.7763,-1.6685,-1.4433,-1.2454,-0.7441,-0.74,-0.7337,-0.7249,-0.7133,-0.6987,-0.6813,-0.6616,-0.6408,-0.62,-0.6007,-0.5846,-0.5733,-0.5671,-0.5605,-0.5404,-0.5034,-0.4628,-0.4302,-0.4082,-0.3938,-0.3891,-0.3909,-0.4046,-0.4756,-0.7068,-1.0513,-0.9418,-0.9198,-0.974,-1.0645,-1.2409,-1.3779,-1.3712,-1.271,-1.1524,-0.7267,-0.7217,-0.7148,-0.7058,-0.6945,-0.6809,-0.6653,-0.648,-0.6298,-0.6116,-0.5941,-0.5783,-0.5645,-0.552,-0.5379,-0.5182,-0.4924,-0.465,-0.4409,-0.4225,-0.4088,-0.3974,-0.3947,-0.4323,-0.531,-0.701,-0.8664,-0.9701,-1.1446,-1.1066,-1.0438,-1.078,-1.1371,-1.1514,-1.1147,-1.0525,-0.7114,-0.7059,-0.6987,-0.6898,-0.679,-0.6664,-0.6523,-0.6369,-0.6208,-0.6044,-0.5884,-0.5731,-0.5585,-0.5441,-0.5286,-0.5108,-0.4909,-0.4707,-0.4525,-0.4376,-0.4252,-0.4147,-0.418,-0.461,-0.5493,-0.6732,-0.814,-0.9953,-1.1723,-1.1252,-1.0276,-1.0004,-1.0109,-1.0163,-1.0005,-0.9675]}]