docs/data/wind_grid.json
[{"header":{"la1":42.85,"la2":41.18,"lo1":11.55,"lo2":14.05,"nx":36,"ny":24,"dx":0.07143,"dy":0.07261,"parameterCategory":2,"parameterNumber":2,"parameterNumberName":"eastward_wind","parameterUnit":"m.s-1"},"data":[-0.8588,-0.87,-0.8816,-0.893,-0.9036,-0.9116,-0.9146,-0.9097,-0.8952,-0.8713,-0.8406,-0.8072,-0.7751,-0.7471,-0.7246,-0.7077,-0.6959,-0.6878,-0.6821,-0.6773,-0.6724,-0.6672,-0.6614,-0.6553,-0.649,-0.6427,-0.6366,-0.6308,-0.6253,-0.6201,-0.6154,-0.611,-0.607,-0.6034,-0.6002,-0.5973,-0.8756,-0.8898,-0.9054,-0.9222,-0.9396,-0.9556,-0.9661,-0.9656,-0.9493,-0.9171,-0.8739,-0.8273,-0.7842,-0.7484,-0.7214,-0.7031,-0.692,-0.6859,-0.6824,-0.6792,-0.675,-0.6696,-0.6631,-0.6561,-0.6489,-0.6418,-0.635,-0.6286,-0.6226,-0.6171,-0.612,-0.6074,-0.6033,-0.5996,-0.5963,-0.5933,-0.8929,-0.9106,-0.9307,-0.9542,-0.9814,-1.0108,-1.0363,-1.0467,-1.03,-0.984,-0.9192,-0.8513,-0.7918,-0.7457,-0.7139,-0.6949,-0.6864,-0.6846,-0.6851,-0.6843,-0.6805,-0.6741,-0.6661,-0.6576,-0.649,-0.6408,-0.6331,-0.626,-0.6195,-0.6135,-0.6082,-0.6034,-0.5991,-0.5953,-0.5919,-0.589,-0.9108,-0.9317,-0.9564,-0.9872,-1.0273,-1.0781,-1.133,-1.1701,-1.1579,-1.0859,-0.9809,-0.8778,-0.7949,-0.736,-0.6994,-0.6817,-0.679,-0.6855,-0.6934,-0.6958,-0.6908,-0.6814,-0.6705,-0.6596,-0.6492,-0.6396,-0.6308,-0.6229,-0.6158,-0.6094,-0.6038,-0.5988,-0.5944,-0.5905,-0.5871,-0.5841,-0.9294,-0.9532,-0.9813,-1.0182,-1.0717,-1.1522,-1.2615,-1.3641,-1.3722,-1.2441,-1.0597,-0.9004,-0.7873,-0.7146,-0.6741,-0.6605,-0.6691,-0.6919,-0.7136,-0.7188,-0.708,-0.6917,-0.6758,-0.6616,-0.6489,-0.6376,-0.6277,-0.6189,-0.6113,-0.6046,-0.5987,-0.5936,-0.5891,-0.5851,-0.5817,-0.5788,-0.9495,-0.9761,-1.0057,-1.0439,-1.1042,-1.2129,-1.4029,-1.6493,-1.7246,-1.4652,-1.1344,-0.9021,-0.7595,-0.6751,-0.6323,-0.6259,-0.6531,-0.7049,-0.7525,-0.757,-0.7303,-0.7025,-0.6805,-0.6626,-0.6475,-0.6346,-0.6234,-0.614,-0.6059,-0.5989,-0.5929,-0.5877,-0.5831,-0.5791,-0.5757,-0.5729,-0.9728,-1.0035,-1.0338,-1.0662,-1.1158,-1.2224,-1.4611,-1.8793,-2.0735,-1.6092,-1.1299,-0.8561,-0.7024,-0.611,-0.5645,-0.5656,-0.6168,-0.7064,-0.7883,-0.7877,-0.7434,-0.708,-0.6824,-0.6618,-0.6445,-0.6298,-0.6176,-0.6076,-0.5992,-0.5922,-0.5862,-0.5809,-0.5763,-0.5724,-0.569,-0.5663,-1.0014,-1.0416,-1.0772,-1.1007,-1.1176,-1.1659,-1.3182,-1.618,-1.7412,-1.352,-0.9728,-0.7541,-0.6179,-0.5187,-0.4536,-0.4547,-0.5362,-0.656,-0.7472,-0.7595,-0.7333,-0.7061,-0.6812,-0.6586,-0.639,-0.6227,-0.6097,-0.5994,-0.5912,-0.5844,-0.5785,-0.5733,-0.5688,-0.5648,-0.5615,-0.5588,-1.0352,-1.0961,-1.1553,-1.185,-1.1574,-1.1033,-1.0876,-1.1079,-1.0533,-0.8891,-0.7432,-0.6316,-0.5257,-0.4037,-0.2664,-0.2385,-0.3984,-0.5823,-0.6917,-0.729,-0.7268,-0.7066,-0.6797,-0.653,-0.6302,-0.6124,-0.5991,-0.5893,-0.5817,-0.5754,-0.5699,-0.5648,-0.5603,-0.5563,-0.553,-0.5505,-1.0674,-1.1617,-1.28,-1.372,-1.3082,-1.1087,-0.94,-0.7959,-0.6129,-0.5163,-0.5508,-0.5348,-0.4556,-0.3069,0.0172,0.1757,-0.2492,-0.5802,-0.7344,-0.7738,-0.7569,-0.7193,-0.6789,-0.6437,-0.6166,-0.5976,-0.5851,-0.5769,-0.5708,-0.5656,-0.5605,-0.5555,-0.5508,-0.5466,-0.5433,-0.5409,-1.0824,-1.2057,-1.3967,-1.6215,-1.5573,-1.1544,-0.8794,-0.6863,-0.3418,-0.183,-0.4387,-0.4854,-0.4197,-0.3054,-0.0222,0.1796,-0.3518,-0.7732,-0.9447,-0.9173,-0.8258,-0.7398,-0.6737,-0.6268,-0.5955,-0.5769,-0.5674,-0.5626,-0.5591,-0.5552,-0.5504,-0.5451,-0.5399,-0.5354,-0.5319,-0.5297,-1.0644,-1.1822,-1.3639,-1.574,-1.4941,-1.0886,-0.8581,-0.7801,-0.5432,-0.3587,-0.4773,-0.4847,-0.3968,-0.2759,-0.2878,-0.3848,-0.7541,-1.3144,-1.4491,-1.1591,-0.9039,-0.7463,-0.6531,-0.5977,-0.5653,-0.55,-0.5467,-0.5477,-0.5476,-0.5449,-0.5399,-0.5336,-0.5273,-0.5219,-0.5182,-0.5163,-1.0154,-1.0956,-1.1929,-1.2554,-1.1613,-0.9544,-0.8469,-0.8996,-0.7721,-0.6124,-0.5545,-0.5253,-0.4438,-0.2465,-0.3083,-0.588,-1.084,-2.146,-2.1621,-1.3432,-0.9093,-0.7026,-0.6047,-0.5573,-0.5311,-0.5212,-0.5266,-0.5348,-0.538,-0.5356,-0.529,-0.5203,-0.5117,-0.505,-0.501,-0.4999,-0.9533,-0.995,-1.0288,-1.0263,-0.9617,-0.8687,-0.8153,-0.8023,-0.7587,-0.6534,-0.587,-0.5712,-0.5546,-0.4099,-0.4962,-0.7801,-1.1625,-1.6835,-1.7169,-1.1346,-0.7452,-0.5708,-0.5198,-0.5136,-0.51,-0.505,-0.5151,-0.5279,-0.5324,-0.5279,-0.5171,-0.5036,-0.4911,-0.4824,-0.4786,-0.4792,-0.8941,-0.9114,-0.9172,-0.9012,-0.8608,-0.8118,-0.7748,-0.7471,-0.7011,-0.6399,-0.6005,-0.5789,-0.5368,-0.5011,-0.616,-1.0956,-1.5691,-1.2196,-1.0174,-0.6942,-0.3929,-0.3196,-0.3901,-0.4624,-0.5,-0.508,-0.5183,-0.5306,-0.5324,-0.5219,-0.5026,-0.4802,-0.4613,-0.4504,-0.4483,-0.4528,-0.8444,-0.849,-0.8446,-0.8279,-0.8001,-0.7675,-0.7362,-0.7041,-0.6654,-0.6263,-0.6041,-0.6045,-0.5994,-0.5938,-0.6873,-1.028,-1.337,-0.9533,-0.6246,-0.2998,0.1006,0.0247,-0.2455,-0.4043,-0.4829,-0.5172,-0.5365,-0.5464,-0.5405,-0.5177,-0.4824,-0.444,-0.4149,-0.4028,-0.4065,-0.4193,-0.8046,-0.8031,-0.7952,-0.78,-0.7586,-0.7336,-0.7072,-0.6793,-0.6505,-0.625,-0.6096,-0.6198,-0.6922,-0.7319,-0.6926,-0.7501,-0.7374,-0.4817,-0.2292,-0.1084,0.1798,0.0845,-0.2018,-0.3819,-0.4883,-0.5504,-0.5805,-0.5827,-0.5605,-0.5154,-0.4514,-0.3838,-0.339,-0.3311,-0.35,-0.3788,-0.7731,-0.7687,-0.7598,-0.7463,-0.7288,-0.7087,-0.6872,-0.6654,-0.6454,-0.6305,-0.6265,-0.6451,-0.7162,-0.7346,-0.6682,-0.6266,-0.4747,-0.0476,0.3031,0.0221,-0.0509,-0.1135,-0.2593,-0.4079,-0.5355,-0.6295,-0.6642,-0.6452,-0.5957,-0.5166,-0.4054,-0.2855,-0.2183,-0.2301,-0.2816,-0.3358,-0.748,-0.7422,-0.7334,-0.7213,-0.7066,-0.6902,-0.6729,-0.6562,-0.6418,-0.6323,-0.6306,-0.6403,-0.6587,-0.6594,-0.6618,-0.663,-0.4393,-0.0442,0.195,0.0647,-0.0696,-0.1843,-0.3041,-0.4452,-0.6029,-0.7374,-0.7661,-0.7206,-0.6441,-0.527,-0.3561,-0.1591,-0.0666,-0.1218,-0.2203,-0.3021,-0.7276,-0.7213,-0.7128,-0.7021,-0.6895,-0.6758,-0.6617,-0.6483,-0.6368,-0.6287,-0.6248,-0.6249,-0.6254,-0.6233,-0.6361,-0.6228,-0.4326,-0.1572,0.0987,0.1723,-0.0371,-0.1841,-0.3026,-0.4523,-0.6359,-0.7761,-0.8009,-0.7981,-0.7044,-0.5572,-0.3531,-0.1099,-0.0031,-0.0836,-0.2024,-0.2934,-0.7108,-0.7044,-0.6964,-0.6867,-0.6757,-0.664,-0.652,-0.6405,-0.6302,-0.6216,-0.6147,-0.6085,-0.6006,-0.5894,-0.5725,-0.523,-0.3987,-0.2161,-0.0289,0.0235,-0.0785,-0.1504,-0.2272,-0.3954,-0.6291,-0.8595,-1.0688,-0.9846,-0.769,-0.5975,-0.423,-0.228,-0.1268,-0.1633,-0.2445,-0.3152,-0.6967,-0.6904,-0.6828,-0.674,-0.6642,-0.6538,-0.6431,-0.6326,-0.6225,-0.613,-0.6036,-0.5931,-0.5797,-0.5606,-0.5303,-0.4773,-0.3906,-0.2796,-0.1782,-0.129,-0.102,-0.0139,-0.0064,-0.2495,-0.5789,-0.9304,-1.2618,-1.0665,-0.7304,-0.5954,-0.4962,-0.3784,-0.2975,-0.2867,-0.317,-0.356,-0.6847,-0.6786,-0.6714,-0.6632,-0.6543,-0.6447,-0.6348,-0.6248,-0.6147,-0.6042,-0.593,-0.5799,-0.5632,-0.5405,-0.5081,-0.4614,-0.3984,-0.3254,-0.2553,-0.1904,-0.0866,0.1145,0.176,-0.1278,-0.4848,-0.7733,-0.9245,-0.7686,-0.5429,-0.5389,-0.5235,-0.464,-0.408,-0.3824,-0.384,-0.3991,-0.6744,-0.6685,-0.6616,-0.6539,-0.6456,-0.6366,-0.6272,-0.6174,-0.6071,-0.5961,-0.5838,-0.5693,-0.5513,-0.5282,-0.4978,-0.4586,-0.4106,-0.3567,-0.2999,-0.2342,-0.137,-0.0095,0.0072,-0.1853,-0.432,-0.6186,-0.6902,-0.6145,-0.5151,-0.5239,-0.5284,-0.4995,-0.4644,-0.4408,-0.4324,-0.435]},{"header":{"la1":42.85,"la2":41.18,"lo1":11.55,"lo2":14.05,"nx":36,"ny":24,"dx":0.07143,"dy":0.07261,"parameterCategory":2,"parameterNumber":3,"parameterNumberName":"northward_wind","parameterUnit":"m.s-1"},"data":[-0.8506,-0.8455,-0.839,-0.8313,-0.8226,-0.8135,-0.8051,-0.7987,-0.7949,-0.7934,-0.7926,-0.7903,-0.7848,-0.775,-0.7608,-0.7431,-0.7235,-0.7044,-0.6884,-0.6775,-0.6724,-0.6723,-0.6759,-0.6818,-0.6887,-0.696,-0.7033,-0.7105,-0.7176,-0.7244,-0.7309,-0.7373,-0.7435,-0.7494,-0.755,-0.7603,-0.8531,-0.8471,-0.8394,-0.8296,-0.8177,-0.8046,-0.7924,-0.7836,-0.7804,-0.7824,-0.7865,-0.7886,-0.7854,-0.7753,-0.7581,-0.7349,-0.7081,-0.6815,-0.6598,-0.6466,-0.6429,-0.6467,-0.6549,-0.665,-0.6755,-0.6857,-0.6952,-0.7042,-0.7126,-0.7205,-0.7281,-0.7354,-0.7423,-0.7489,-0.7552,-0.7611,-0.8557,-0.8491,-0.84,-0.8274,-0.8108,-0.7909,-0.7707,-0.7563,-0.7533,-0.7622,-0.7762,-0.7868,-0.7883,-0.7785,-0.7574,-0.7262,-0.6878,-0.6485,-0.6172,-0.6014,-0.602,-0.6136,-0.6299,-0.6465,-0.6618,-0.6754,-0.6874,-0.6982,-0.7081,-0.7173,-0.7259,-0.7341,-0.7418,-0.7492,-0.7561,-0.7625,-0.8587,-0.8516,-0.8413,-0.8258,-0.8028,-0.7714,-0.7349,-0.7059,-0.7013,-0.7247,-0.7593,-0.7858,-0.7953,-0.7868,-0.7609,-0.7185,-0.6617,-0.5995,-0.5503,-0.5319,-0.5442,-0.5719,-0.6016,-0.6274,-0.6486,-0.6659,-0.6805,-0.6931,-0.7044,-0.7147,-0.7244,-0.7335,-0.7422,-0.7503,-0.7579,-0.7649,-0.8615,-0.8544,-0.8438,-0.8264,-0.7969,-0.7486,-0.6802,-0.6136,-0.5992,-0.6565,-0.735,-0.789,-0.81,-0.8033,-0.7725,-0.7161,-0.6317,-0.5273,-0.4411,-0.4223,-0.4647,-0.5234,-0.5731,-0.6101,-0.6373,-0.6581,-0.675,-0.6892,-0.7018,-0.7133,-0.7239,-0.734,-0.7435,-0.7524,-0.7607,-0.7683,-0.8633,-0.8565,-0.8471,-0.8311,-0.7993,-0.7343,-0.6155,-0.4602,-0.409,-0.5499,-0.714,-0.8052,-0.837,-0.8319,-0.7978,-0.729,-0.6108,-0.4366,-0.2741,-0.2639,-0.3731,-0.4796,-0.5516,-0.5981,-0.6298,-0.6531,-0.6715,-0.687,-0.7006,-0.713,-0.7247,-0.7357,-0.7461,-0.7559,-0.7649,-0.7732,-0.8626,-0.8553,-0.8478,-0.8383,-0.8161,-0.7537,-0.6005,-0.328,-0.2026,-0.4824,-0.7397,-0.8496,-0.8804,-0.875,-0.8433,-0.7722,-0.6331,-0.3954,-0.1383,-0.1445,-0.3261,-0.465,-0.546,-0.5948,-0.6274,-0.6515,-0.6707,-0.6868,-0.7012,-0.7143,-0.7268,-0.7388,-0.7502,-0.7609,-0.7708,-0.7797,-0.8572,-0.8456,-0.8368,-0.8361,-0.8403,-0.8214,-0.7247,-0.5179,-0.4283,-0.6691,-0.8641,-0.9287,-0.9372,-0.9315,-0.9153,-0.8596,-0.7282,-0.5102,-0.2845,-0.2658,-0.3913,-0.4946,-0.5584,-0.5999,-0.6299,-0.6535,-0.6728,-0.6892,-0.7038,-0.7174,-0.7307,-0.7436,-0.7562,-0.768,-0.7788,-0.7884,-0.8464,-0.8221,-0.7977,-0.7939,-0.8353,-0.9006,-0.9333,-0.9264,-0.9593,-1.0409,-1.0582,-1.024,-0.9932,-0.9933,-1.0249,-1.0088,-0.8705,-0.6855,-0.5348,-0.4799,-0.5019,-0.5418,-0.5779,-0.6089,-0.6362,-0.6596,-0.6788,-0.6947,-0.7089,-0.7225,-0.7364,-0.7506,-0.7645,-0.7777,-0.7895,-0.7997,-0.8339,-0.7868,-0.7178,-0.6626,-0.734,-0.9341,-1.1127,-1.2516,-1.4066,-1.4451,-1.2655,-1.1026,-1.0263,-1.0356,-1.1792,-1.2591,-0.9974,-0.7761,-0.6463,-0.5824,-0.5635,-0.5699,-0.5897,-0.617,-0.6462,-0.6718,-0.6909,-0.7048,-0.7169,-0.7298,-0.7443,-0.76,-0.7758,-0.7907,-0.8038,-0.8146,-0.8301,-0.7626,-0.6359,-0.4641,-0.5286,-0.939,-1.2647,-1.4664,-1.7514,-1.8933,-1.416,-1.1287,-1.0216,-1.0144,-1.1496,-1.2616,-0.9608,-0.7431,-0.6356,-0.5863,-0.5656,-0.5664,-0.587,-0.6232,-0.6646,-0.6972,-0.7141,-0.7215,-0.7283,-0.7392,-0.7545,-0.7726,-0.7912,-0.8084,-0.823,-0.8343,-0.8457,-0.7841,-0.6663,-0.5075,-0.5962,-1.0621,-1.4474,-1.6337,-1.6841,-1.6936,-1.3356,-1.0862,-0.9947,-0.9881,-0.9744,-0.9214,-0.7638,-0.6093,-0.5528,-0.5368,-0.5262,-0.533,-0.5681,-0.6316,-0.7052,-0.7521,-0.7576,-0.7464,-0.7418,-0.7496,-0.767,-0.7893,-0.8123,-0.8328,-0.8489,-0.8602,-0.8788,-0.8479,-0.8031,-0.7859,-0.9244,-1.2442,-1.5819,-1.7816,-1.7087,-1.4352,-1.1812,-1.0216,-0.9681,-0.989,-0.9445,-0.753,-0.5659,-0.4912,-0.4864,-0.4719,-0.4541,-0.4646,-0.5265,-0.6435,-0.7877,-0.8614,-0.8267,-0.7746,-0.7528,-0.7591,-0.7822,-0.8125,-0.8425,-0.8673,-0.8847,-0.8947,-0.9155,-0.9144,-0.9236,-0.9711,-1.0956,-1.2972,-1.5278,-1.7204,-1.6203,-1.3026,-1.0828,-0.9877,-0.9666,-0.8871,-0.7974,-0.4626,-0.1785,-0.3446,-0.4141,-0.3761,-0.3217,-0.3303,-0.438,-0.6289,-0.8718,-0.9827,-0.8817,-0.7835,-0.7519,-0.7655,-0.8023,-0.8467,-0.8874,-0.9175,-0.9347,-0.9407,-0.9439,-0.959,-0.9879,-1.0425,-1.132,-1.2492,-1.3651,-1.4203,-1.3289,-1.1443,-1.0129,-0.9448,-0.8824,-0.8049,-0.6678,0.1381,0.9969,0.0938,-0.2487,-0.2053,-0.0292,-0.049,-0.2693,-0.5271,-0.7794,-0.8961,-0.8187,-0.7408,-0.7305,-0.7692,-0.8327,-0.9009,-0.9573,-0.9922,-1.0051,-1.0017,-0.9599,-0.9801,-1.0103,-1.0541,-1.1112,-1.1722,-1.2165,-1.2131,-1.1423,-1.0402,-0.989,-0.9147,-0.888,-0.8158,-0.6189,0.0332,0.6192,0.0163,-0.2554,-0.0187,0.5761,0.4295,-0.0671,-0.3806,-0.5672,-0.6511,-0.648,-0.6446,-0.689,-0.7753,-0.884,-0.9909,-1.0694,-1.1052,-1.1037,-1.0804,-0.9652,-0.9843,-1.0092,-1.0399,-1.0734,-1.1023,-1.1144,-1.0976,-1.0512,-0.9984,-0.9778,-0.9358,-0.9261,-0.9137,-0.7108,-0.4514,-0.3078,-0.4661,-0.5571,-0.1597,0.6443,0.4728,-0.0443,-0.3049,-0.4018,-0.4181,-0.4335,-0.5058,-0.6317,-0.7913,-0.9713,-1.1415,-1.2506,-1.2735,-1.2358,-1.1759,-0.9628,-0.9786,-0.997,-1.0169,-1.0353,-1.0473,-1.0471,-1.0305,-1.0006,-0.9683,-0.9427,-0.9188,-0.9279,-0.9141,-0.7749,-0.6837,-0.6543,-0.8668,-1.1215,-0.6474,-0.1749,-0.0825,-0.2242,-0.3095,-0.2639,-0.1294,-0.1149,-0.3119,-0.5665,-0.824,-1.1048,-1.3788,-1.5283,-1.5042,-1.3935,-1.2771,-0.9558,-0.9678,-0.9804,-0.9925,-1.0018,-1.0053,-1.0004,-0.986,-0.9642,-0.9396,-0.9153,-0.8923,-0.8719,-0.8336,-0.789,-0.784,-0.7562,-0.8847,-1.0039,-0.78,-0.5668,-0.4322,-0.3985,-0.3455,-0.1359,0.2953,0.3853,-0.1135,-0.5368,-0.8738,-1.254,-1.6677,-1.8605,-1.7433,-1.5335,-1.3575,-0.9462,-0.9548,-0.963,-0.9697,-0.9735,-0.9727,-0.966,-0.9532,-0.9353,-0.9144,-0.8919,-0.8679,-0.841,-0.8092,-0.7878,-0.7814,-0.7663,-0.7922,-0.8051,-0.8006,-0.6901,-0.5861,-0.5223,-0.4273,-0.1873,0.3325,0.4498,-0.2412,-0.6337,-0.9322,-1.3131,-1.782,-1.9938,-1.8282,-1.5792,-1.3843,-0.9357,-0.9414,-0.9463,-0.9494,-0.9499,-0.9467,-0.9393,-0.9275,-0.9119,-0.8934,-0.8727,-0.8501,-0.8256,-0.8009,-0.7817,-0.7686,-0.7594,-0.7617,-0.7709,-0.7628,-0.7106,-0.6682,-0.6337,-0.565,-0.4656,-0.4566,-0.7847,-0.8144,-0.8462,-0.9974,-1.2421,-1.5715,-1.753,-1.673,-1.5007,-1.347,-0.9249,-0.9285,-0.9309,-0.9317,-0.9301,-0.9256,-0.9179,-0.9069,-0.8929,-0.8764,-0.8578,-0.8377,-0.8166,-0.7961,-0.7785,-0.7644,-0.7539,-0.7481,-0.7443,-0.7352,-0.727,-0.7455,-0.7486,-0.6947,-0.6831,-0.8578,-1.1765,-1.0693,-1.041,-1.09,-1.1696,-1.3209,-1.438,-1.438,-1.3623,-1.2705,-0.9146,-0.9164,-0.9171,-0.9163,-0.9135,-0.9083,-0.9006,-0.8903,-0.8776,-0.8628,-0.8464,-0.8288,-0.8106,-0.793,-0.7771,-0.7634,-0.7523,-0.7439,-0.7377,-0.735,-0.7474,-0.7894,-0.8034,-0.7579,-0.7663,-0.8765,-1.0109,-1.095,-1.2404,-1.2093,-1.1584,-1.1901,-1.2437,-1.2606,-1.2352,-1.1882,-0.9048,-0.9054,-0.9049,-0.903,-0.8994,-0.8939,-0.8863,-0.8767,-0.8652,-0.8521,-0.8376,-0.8222,-0.8065,-0.7912,-0.7769,-0.7643,-0.7536,-0.7453,-0.74,-0.7401,-0.7513,-0.7734,-0.7805,-0.7709,-0.7941,-0.8681,-0.9739,-1.1208,-1.2645,-1.227,-1.1491,-1.1296,-1.1422,-1.1509,-1.1418,-1.1181]}]