docs/data/wind_grid.json
[{"header":{"la1":42.85,"la2":41.18,"lo1":11.55,"lo2":14.05,"nx":36,"ny":24,"dx":0.07143,"dy":0.07261,"parameterCategory":2,"parameterNumber":2,"parameterNumberName":"eastward_wind","parameterUnit":"m.s-1"},"data":[3.0913,3.0843,3.0767,3.0688,3.0614,3.0556,3.0532,3.0563,3.0662,3.0831,3.1054,3.1309,3.1572,3.1828,3.2068,3.2286,3.2474,3.2623,3.272,3.2755,3.2725,3.2638,3.2505,3.234,3.2153,3.1953,3.1746,3.1536,3.1327,3.112,3.0919,3.0724,3.0537,3.0361,3.0194,3.004,3.0838,3.0746,3.0639,3.0521,3.0395,3.0278,3.0199,3.0196,3.0301,3.052,3.0823,3.1167,3.1512,3.1839,3.2142,3.2419,3.2668,3.2872,3.3008,3.3055,3.301,3.2888,3.2711,3.25,3.2271,3.2033,3.1793,3.1554,3.1318,3.1088,3.0865,3.0652,3.0448,3.0257,3.0079,2.9914,3.0762,3.0645,3.0503,3.0334,3.0135,2.9922,2.9737,2.9655,2.9756,3.0057,3.0495,3.0975,3.1432,3.1844,3.2219,3.2571,3.2904,3.3195,3.3396,3.3459,3.338,3.3193,3.2946,3.2672,3.2389,3.2107,3.1829,3.1557,3.1293,3.1038,3.0792,3.0559,3.0338,3.0131,2.994,2.9765,3.0687,3.0544,3.0367,3.014,2.9846,2.9482,2.9096,2.8834,2.8897,2.9353,3.0037,3.0736,3.1341,3.1846,3.2291,3.2728,3.3184,3.3626,3.3946,3.4027,3.3866,3.3561,3.3205,3.2846,3.2498,3.2166,3.1847,3.1541,3.1247,3.0965,3.0696,3.0441,3.0201,2.9978,2.9774,2.9589,3.0613,3.0449,3.0243,2.9965,2.9567,2.8993,2.8247,2.7564,2.749,2.8281,2.9447,3.0485,3.1264,3.1844,3.2336,3.2854,3.3481,3.4197,3.4763,3.4855,3.4496,3.3973,3.3461,3.3,3.2583,3.2199,3.184,3.1499,3.1175,3.0865,3.0571,3.0293,3.0034,2.9794,2.9576,2.9381,3.0538,3.0355,3.0134,2.9834,2.9369,2.8587,2.7313,2.574,2.5258,2.6822,2.8855,3.0324,3.1248,3.1836,3.23,3.2856,3.3689,3.4858,3.5922,3.5973,3.5191,3.4346,3.3662,3.3105,3.2626,3.2196,3.1798,3.1424,3.107,3.0733,3.0413,3.0111,2.9829,2.9571,2.9339,2.9135,3.0452,3.0247,3.002,2.9747,2.9324,2.8508,2.6891,2.4297,2.3141,2.5836,2.8696,3.0411,3.1341,3.1798,3.2086,3.2567,3.3546,3.5159,3.6821,3.6779,3.5563,3.4509,3.374,3.3133,3.2612,3.2145,3.1714,3.1311,3.0929,3.0564,3.0216,2.9887,2.9581,2.9303,2.9056,2.8843,3.0342,3.0086,2.9835,2.962,2.9384,2.887,2.7674,2.5711,2.4922,2.7012,2.9291,3.0798,3.1565,3.1677,3.1476,3.1683,3.2757,3.443,3.5937,3.6056,3.5217,3.4379,3.3683,3.3078,3.2535,3.204,3.1584,3.1156,3.0748,3.0354,2.9974,2.9614,2.928,2.8979,2.8717,2.8495,3.0205,2.9832,2.945,2.9221,2.928,2.9353,2.8967,2.8173,2.7788,2.846,2.9914,3.1332,3.1983,3.1462,2.993,2.9434,3.1231,3.3314,3.4596,3.4958,3.469,3.4164,3.3566,3.2966,3.2399,3.1879,3.1404,3.0957,3.0525,3.0099,2.9682,2.9284,2.8915,2.8586,2.8307,2.8079,3.0077,2.9505,2.8761,2.8165,2.8529,2.9586,2.9969,2.9199,2.7461,2.7113,2.962,3.1966,3.288,3.1685,2.6778,2.4179,2.9481,3.3041,3.4522,3.4871,3.4633,3.4112,3.3476,3.2819,3.22,3.1654,3.1171,3.0718,3.0263,2.9799,2.9332,2.8881,2.8467,2.8105,2.7807,2.7578,3.0055,2.9305,2.8083,2.6596,2.704,2.9758,3.1203,3.0246,2.4749,2.1931,2.8992,3.3067,3.466,3.4152,2.8547,2.438,3.0794,3.4641,3.599,3.5811,3.5084,3.4254,3.3423,3.2624,3.1915,3.1347,3.0887,3.0447,2.9971,2.945,2.8911,2.8387,2.791,2.7507,2.7192,2.6968,3.0237,2.9536,2.8376,2.6962,2.7594,3.0889,3.3323,3.4005,2.9686,2.638,3.1336,3.4976,3.6892,3.8354,3.66,3.388,3.5315,3.8648,3.9415,3.7528,3.5767,3.4458,3.3356,3.2346,3.1496,3.0932,3.0566,3.0173,2.9659,2.9048,2.8397,2.7764,2.7202,2.6748,2.6421,2.6218,3.0613,3.0185,2.9636,2.9336,3.0291,3.2553,3.4947,3.6883,3.5345,3.3128,3.4621,3.7479,3.842,3.9427,3.8634,3.6945,3.8224,4.3861,4.3891,3.891,3.617,3.4568,3.3266,3.2,3.0921,3.0417,3.0267,2.9932,2.933,2.8567,2.7745,2.6954,2.6275,2.5762,2.5438,2.5287,3.1057,3.0912,3.0844,3.1089,3.1938,3.3332,3.4871,3.6058,3.5577,3.4756,3.5935,3.9738,4.0693,3.6408,3.7283,3.7686,3.8974,4.135,4.1365,3.8047,3.5975,3.465,3.3292,3.1789,3.0459,3.0035,3.0096,2.9724,2.8949,2.7954,2.6879,2.5857,2.5017,2.4446,2.4163,2.4123,3.1454,3.1487,3.1631,3.1986,3.262,3.346,3.4295,3.4816,3.4799,3.4798,3.5312,3.6363,3.6858,3.6789,3.6748,3.903,4.2017,3.8917,3.7403,3.6341,3.6031,3.5292,3.3665,3.1959,3.066,3.0179,3.0034,2.946,2.8443,2.7132,2.5686,2.4314,2.3248,2.264,2.2487,2.267,3.1756,3.1874,3.2081,3.2412,3.2871,3.34,3.3887,3.4215,3.437,3.4452,3.4322,3.423,3.4779,3.5517,3.5855,3.7884,4.0036,3.6737,3.4705,3.5362,3.8193,3.7271,3.4229,3.2188,3.1042,3.0462,2.9989,2.9157,2.7822,2.6052,2.4019,2.2071,2.0674,2.011,2.0282,2.0886,3.1961,3.2109,3.2318,3.2599,3.294,3.3304,3.3638,3.3898,3.4083,3.4196,3.4192,3.4118,3.3362,3.2967,3.4024,3.4531,3.4291,3.1933,3.0273,3.3021,3.8284,3.718,3.3748,3.1889,3.1136,3.0869,3.0381,2.918,2.7266,2.4743,2.1724,1.875,1.6844,1.6564,1.7464,1.8809,3.2085,3.2235,3.2427,3.2658,3.2919,3.3188,3.3437,3.3646,3.3807,3.3908,3.3905,3.3648,3.2802,3.2432,3.2108,3.1505,3.0765,2.6849,2.3034,2.8172,3.221,3.2904,3.1752,3.0989,3.1296,3.2354,3.2264,3.004,2.6949,2.3315,1.8767,1.3969,1.1306,1.191,1.4216,1.6669,3.2146,3.2286,3.2453,3.2642,3.2846,3.3049,3.3236,3.3392,3.3503,3.3548,3.348,3.3219,3.2713,3.1826,2.9516,2.8561,2.9248,2.6589,2.4439,2.6684,2.8552,2.9409,2.9364,2.9674,3.1629,3.5879,3.6734,3.1387,2.6543,2.1968,1.5803,0.844,0.489,0.7204,1.1392,1.4992,3.2159,3.2284,3.2425,3.2578,3.2736,3.2888,3.3023,3.3127,3.3185,3.3174,3.3055,3.2776,3.2248,3.1236,2.9518,2.8862,2.8998,2.7685,2.6388,2.613,2.6798,2.6706,2.6563,2.7479,3.0228,3.5943,3.7211,2.946,2.4998,2.0973,1.4729,0.6298,0.2346,0.5547,1.0465,1.4417,3.2138,3.2245,3.2361,3.2481,3.2601,3.271,3.28,3.2858,3.2869,3.2812,3.2658,3.2366,3.1881,3.1145,3.0272,2.9647,2.9033,2.7945,2.6794,2.6194,2.5061,2.2807,2.1946,2.3693,2.6044,2.6494,2.2486,2.2366,2.235,2.0352,1.6261,1.0295,0.6944,0.855,1.1991,1.5134,3.2089,3.2179,3.2271,3.2363,3.2449,3.2522,3.2574,3.2592,3.2564,3.2473,3.2298,3.2012,3.1592,3.1039,3.0407,2.9748,2.8959,2.7923,2.6702,2.5033,2.1439,1.5437,1.3658,1.8514,2.2216,2.1422,1.7578,1.9233,2.0271,1.972,1.8135,1.5229,1.3041,1.3131,1.4715,1.6647,3.2022,3.2094,3.2164,3.2231,3.2289,3.2331,3.2349,3.2335,3.2277,3.2162,3.1973,3.1696,3.1319,3.0843,3.0274,2.9603,2.8764,2.7666,2.6133,2.355,1.8379,1.012,0.7874,1.5089,2.0209,2.0996,1.9977,1.9595,1.8567,1.8835,1.8987,1.8013,1.6914,1.6644,1.7244,1.8296,3.1942,3.1996,3.2047,3.2091,3.2124,3.214,3.2131,3.2091,3.2009,3.1875,3.1678,3.1406,3.1051,3.0606,3.0061,2.9389,2.8535,2.7395,2.5758,2.3161,1.8952,1.385,1.2596,1.6475,1.9976,2.1095,2.0747,1.9653,1.8378,1.8745,1.9416,1.9366,1.9002,1.886,1.913,1.9721]},{"header":{"la1":42.85,"la2":41.18,"lo1":11.55,"lo2":14.05,"nx":36,"ny":24,"dx":0.07143,"dy":0.07261,"parameterCategory":2,"parameterNumber":3,"parameterNumberName":"northward_wind","parameterUnit":"m.s-1"},"data":[1.0871,1.0578,1.0248,0.9886,0.9507,0.9138,0.8821,0.86,0.8501,0.8509,0.8575,0.8627,0.8605,0.8472,0.8221,0.7874,0.7483,0.7127,0.6895,0.6855,0.7032,0.7396,0.789,0.8449,0.9024,0.9582,1.0107,1.059,1.1032,1.1433,1.1797,1.2126,1.2425,1.2694,1.2938,1.3157,1.0816,1.0476,1.0078,0.9618,0.9108,0.8587,0.8124,0.7812,0.7717,0.7828,0.8046,0.8237,0.8293,0.8156,0.7815,0.73,0.6683,0.6091,0.5685,0.5599,0.5869,0.642,0.7132,0.7896,0.8641,0.9331,0.9955,1.0513,1.101,1.1453,1.1848,1.2202,1.2519,1.2803,1.3057,1.3284,1.0788,1.0403,0.9928,0.9345,0.8649,0.7876,0.7138,0.6626,0.6524,0.6839,0.7359,0.7812,0.8012,0.7885,0.7422,0.6655,0.5668,0.4659,0.3938,0.3788,0.4261,0.5162,0.6234,0.7296,0.8263,0.9111,0.9844,1.0477,1.1028,1.151,1.1934,1.231,1.2643,1.294,1.3203,1.3436,1.0801,1.0379,0.9832,0.9111,0.8166,0.6989,0.5717,0.4739,0.4569,0.5311,0.6448,0.7379,0.7815,0.7713,0.7093,0.5969,0.439,0.2615,0.1271,0.1044,0.1995,0.3571,0.5227,0.6703,0.7938,0.8956,0.9797,1.05,1.1098,1.1612,1.2061,1.2455,1.2802,1.3109,1.3379,1.3616,1.0865,1.0427,0.9835,0.8996,0.7773,0.6015,0.3741,0.1624,0.1154,0.2882,0.5303,0.7039,0.7794,0.771,0.6906,0.5347,0.2899,-0.0287,-0.2962,-0.3232,-0.112,0.1725,0.4249,0.6227,0.7741,0.8913,0.9841,1.0598,1.1229,1.1767,1.2233,1.2641,1.2999,1.3313,1.3588,1.3828,1.0979,1.0556,0.9975,0.9105,0.7697,0.5327,0.151,-0.3172,-0.4694,-0.0599,0.4261,0.7055,0.8073,0.7937,0.6946,0.5014,0.1603,-0.3828,-0.9262,-0.9355,-0.4711,0.0097,0.3612,0.6041,0.7759,0.9026,1.0,1.0781,1.1427,1.1978,1.2454,1.2871,1.3237,1.3557,1.3835,1.4074,1.1127,1.0747,1.0246,0.9497,0.8196,0.5686,0.0771,-0.7147,-1.0683,-0.2838,0.4544,0.7849,0.8748,0.837,0.7194,0.5188,0.1482,-0.5614,-1.4281,-1.3953,-0.6501,-0.0257,0.3737,0.6307,0.8056,0.9318,1.028,1.1049,1.1691,1.2242,1.2724,1.3147,1.3519,1.3843,1.4122,1.4359,1.1277,1.0937,1.0545,1.0055,0.9248,0.7547,0.3914,-0.217,-0.4676,0.1843,0.7456,0.9601,0.9766,0.8835,0.7321,0.5575,0.2947,-0.2317,-0.9073,-0.9242,-0.3645,0.1398,0.4789,0.7049,0.8621,0.9772,1.0661,1.1387,1.2007,1.2553,1.3039,1.347,1.3849,1.4177,1.4456,1.4688,1.1394,1.1031,1.0656,1.0384,1.0267,0.9984,0.9076,0.7883,0.8325,1.0603,1.1911,1.1869,1.0944,0.9089,0.6481,0.4835,0.4273,0.2437,-0.019,-0.0669,0.1444,0.4132,0.6383,0.8087,0.9355,1.032,1.1095,1.1759,1.2356,1.2901,1.3397,1.3842,1.4231,1.4565,1.4842,1.5066,1.1482,1.0988,1.0357,0.987,1.0289,1.1584,1.2898,1.4588,1.7416,1.8548,1.6198,1.4007,1.2259,0.9497,0.374,0.0859,0.4151,0.4827,0.4228,0.4168,0.5078,0.6503,0.7941,0.9155,1.0106,1.0858,1.1504,1.2113,1.2705,1.3272,1.3797,1.4268,1.4676,1.5017,1.5292,1.5504,1.1616,1.0968,0.9885,0.8508,0.8999,1.2198,1.5008,1.7676,2.3332,2.6144,1.9111,1.5461,1.3858,1.1914,0.5558,0.1106,0.5064,0.5378,0.5027,0.5652,0.6814,0.8057,0.9174,1.0064,1.0716,1.1235,1.1767,1.2375,1.3025,1.3661,1.4247,1.4763,1.52,1.5552,1.5821,1.6014,1.1901,1.1289,1.0237,0.8893,0.9597,1.3303,1.6293,1.7909,2.0636,2.2661,1.8417,1.6024,1.538,1.5843,1.3541,0.9509,0.6917,0.293,0.2043,0.4939,0.7446,0.9066,1.0114,1.073,1.1001,1.1213,1.171,1.2474,1.3305,1.4084,1.4772,1.5355,1.583,1.6194,1.6451,1.6612,1.2341,1.198,1.1511,1.129,1.2355,1.4764,1.6968,1.8005,1.7984,1.7931,1.6901,1.6536,1.6235,1.6609,1.5418,1.2245,0.7222,-0.4171,-0.4411,0.3984,0.8108,1.0001,1.0916,1.1144,1.073,1.0442,1.1178,1.243,1.3614,1.4604,1.5422,1.609,1.6611,1.6983,1.7213,1.7319,1.2832,1.2732,1.2719,1.3026,1.3939,1.5348,1.6721,1.7564,1.7363,1.6564,1.6154,1.7385,1.7609,1.4155,1.4517,1.3138,1.0188,0.2444,0.107,0.6598,0.973,1.1114,1.1715,1.1519,1.0194,0.9257,1.0631,1.2595,1.4147,1.5328,1.6272,1.7032,1.7605,1.7974,1.8148,1.8163,1.3271,1.3327,1.3498,1.388,1.4525,1.5334,1.6068,1.6435,1.6167,1.5443,1.5008,1.5452,1.517,1.4181,1.4427,1.4164,1.4394,1.1516,0.9969,1.084,1.1524,1.1996,1.2507,1.2374,1.1147,1.0281,1.163,1.3581,1.5134,1.6355,1.7393,1.8266,1.8906,1.9251,1.9313,1.9169,1.3616,1.3738,1.3946,1.427,1.4699,1.5157,1.5506,1.5584,1.5241,1.4351,1.2794,1.4739,1.4987,1.4851,1.4846,1.4775,1.4755,1.4724,1.467,1.3491,1.1141,1.1609,1.3152,1.37,1.3488,1.3392,1.4197,1.5413,1.6563,1.7676,1.8824,1.9901,2.0661,2.0934,2.0772,2.0353,1.3874,1.4012,1.4204,1.4454,1.4738,1.5003,1.5169,1.5148,1.4848,1.414,1.305,1.4211,1.5477,1.5833,1.5608,1.5872,1.6688,1.8848,2.024,1.6747,1.1352,1.2034,1.422,1.5231,1.5796,1.6361,1.6957,1.7489,1.8132,1.9132,2.0554,2.2092,2.3097,2.3177,2.2563,2.1687,1.4066,1.4198,1.4363,1.4553,1.4749,1.4917,1.5014,1.4996,1.484,1.4574,1.4447,1.4918,1.5758,1.6072,1.6482,1.7239,1.9,2.4501,2.9573,2.2759,1.7407,1.5871,1.624,1.6927,1.7904,1.9074,1.958,1.9367,1.9474,2.046,2.2481,2.5002,2.6456,2.6024,2.4571,2.3026,1.4213,1.4333,1.4472,1.4622,1.4769,1.4893,1.4973,1.4995,1.4965,1.4936,1.5024,1.5337,1.5811,1.6427,1.7598,1.8088,1.9642,2.4538,2.793,2.5312,2.1626,1.9043,1.8194,1.8415,1.9581,2.1545,2.2015,2.0687,2.0278,2.1331,2.4174,2.8228,3.0277,2.886,2.6287,2.4056,1.4329,1.4438,1.4558,1.4683,1.4805,1.4912,1.4996,1.5057,1.5108,1.5186,1.5346,1.5635,1.6081,1.6765,1.768,1.8169,1.9627,2.2892,2.6916,2.828,2.3623,2.0623,1.9459,1.9338,2.0166,2.1976,2.24,2.0739,2.036,2.1439,2.4574,2.9436,3.1795,2.9846,2.683,2.4391,1.4426,1.4526,1.4633,1.4744,1.4854,1.4957,1.5051,1.5142,1.5241,1.5372,1.5569,1.5861,1.6281,1.6853,1.7526,1.827,1.9594,2.1866,2.4655,2.5332,2.2855,2.1002,2.0235,1.9853,1.9927,2.0188,1.9721,1.9656,1.9869,2.077,2.3175,2.687,2.8953,2.7968,2.5851,2.3917,1.451,1.4604,1.4703,1.4806,1.4911,1.5015,1.5119,1.523,1.5357,1.5517,1.5731,1.602,1.6404,1.6893,1.7485,1.8227,1.9269,2.0635,2.1896,2.218,2.1519,2.1232,2.1137,2.037,1.978,1.9438,1.9036,1.9145,1.9188,1.9672,2.1194,2.3437,2.5008,2.5039,2.4104,2.2938,1.4586,1.4674,1.4769,1.4868,1.4971,1.5077,1.519,1.5313,1.5456,1.5631,1.585,1.6128,1.6479,1.691,1.7432,1.8067,1.884,1.9687,2.0392,2.0736,2.0939,2.1587,2.1825,2.0725,1.979,1.9342,1.9112,1.8829,1.8306,1.8621,1.9775,2.1222,2.2339,2.2717,2.2454,2.1867,1.4654,1.474,1.4831,1.4928,1.5031,1.5139,1.5257,1.5388,1.5539,1.5718,1.5935,1.6199,1.6518,1.69,1.735,1.7871,1.8454,1.9048,1.9569,1.9986,2.0428,2.0992,2.1094,2.0395,1.9674,1.9255,1.8986,1.8615,1.8188,1.842,1.9208,2.012,2.0855,2.1222,2.1212,2.094]}]