docs/data/wind_grid.json
[{"header":{"la1":42.85,"la2":41.18,"lo1":11.55,"lo2":14.05,"nx":36,"ny":24,"dx":0.07143,"dy":0.07261,"parameterCategory":2,"parameterNumber":2,"parameterNumberName":"eastward_wind","parameterUnit":"m.s-1"},"data":[1.5783,1.5747,1.57,1.5646,1.5593,1.5556,1.5557,1.5618,1.576,1.5989,1.6297,1.6668,1.7084,1.7533,1.8002,1.8476,1.8922,1.9294,1.9537,1.9608,1.9496,1.9226,1.8844,1.8402,1.7941,1.7488,1.7062,1.6672,1.6322,1.6013,1.5742,1.5507,1.5304,1.5129,1.4979,1.485,1.5767,1.5711,1.5634,1.5538,1.5428,1.5326,1.5262,1.5282,1.5423,1.5698,1.6089,1.6561,1.7087,1.7654,1.826,1.8895,1.9525,2.0075,2.0443,2.0543,2.0357,1.9941,1.9387,1.878,1.8177,1.761,1.7096,1.6641,1.6245,1.5904,1.5613,1.5366,1.5158,1.4981,1.4833,1.4707,1.5766,1.569,1.5579,1.5427,1.5237,1.5026,1.4844,1.4773,1.4898,1.5248,1.5772,1.639,1.7056,1.7763,1.8533,1.9386,2.0297,2.1151,2.1743,2.1883,2.1542,2.0861,2.0029,1.9183,1.8393,1.7688,1.7076,1.6552,1.6111,1.5742,1.5436,1.5183,1.4975,1.4802,1.466,1.4541,1.5786,1.5695,1.555,1.5335,1.5036,1.4656,1.4254,1.3983,1.4055,1.4548,1.5313,1.6155,1.6991,1.7846,1.8795,1.9925,2.1266,2.2671,2.3706,2.3895,2.3202,2.2021,2.0744,1.9566,1.8547,1.7686,1.6969,1.638,1.59,1.5512,1.52,1.495,1.475,1.4588,1.4457,1.4351,1.5838,1.5742,1.5573,1.53,1.4875,1.4254,1.3456,1.2733,1.265,1.3471,1.4712,1.5891,1.6914,1.789,1.8988,2.0418,2.2381,2.48,2.6785,2.7,2.547,2.3364,2.143,1.9843,1.8571,1.7552,1.6738,1.6094,1.5589,1.5197,1.4894,1.466,1.4479,1.4336,1.4224,1.4136,1.5929,1.5846,1.5679,1.5375,1.4849,1.3965,1.2573,1.0893,1.0375,1.1995,1.4113,1.5708,1.6871,1.7881,1.9021,2.0658,2.3313,2.7365,3.1324,3.1406,2.8075,2.455,2.1857,1.9875,1.8377,1.7225,1.6336,1.566,1.5154,1.4781,1.4508,1.4308,1.4159,1.4047,1.3961,1.3896,1.6061,1.6017,1.589,1.5614,1.5078,1.4075,1.2239,0.9412,0.8167,1.1019,1.3985,1.5775,1.6913,1.7811,1.8804,2.0361,2.3279,2.8634,3.4918,3.4692,2.939,2.4823,2.1709,1.9513,1.7879,1.6637,1.5708,1.5034,1.4565,1.4246,1.4033,1.389,1.3791,1.3721,1.367,1.3633,1.6229,1.6254,1.6214,1.6038,1.5613,1.4777,1.3275,1.105,1.0168,1.2434,1.4721,1.6144,1.705,1.7678,1.8289,1.9401,2.1786,2.6167,3.1234,3.1406,2.7437,2.3664,2.0844,1.8692,1.7007,1.5716,1.4785,1.4166,1.3789,1.3577,1.3465,1.3408,1.3378,1.3362,1.3353,1.3349,1.6414,1.6536,1.6632,1.6619,1.6367,1.5815,1.5009,1.4162,1.3965,1.4696,1.5714,1.6629,1.7262,1.7504,1.7401,1.78,1.97,2.2556,2.5113,2.5621,2.4038,2.1759,1.9504,1.7454,1.5703,1.4355,1.3463,1.2981,1.279,1.2765,1.281,1.2874,1.2932,1.2979,1.3016,1.3048,1.6583,1.6813,1.7084,1.7289,1.7175,1.6775,1.6368,1.5929,1.5467,1.5453,1.6204,1.707,1.761,1.7493,1.6028,1.5238,1.8196,2.1019,2.2635,2.286,2.1885,2.0158,1.8057,1.5848,1.3832,1.2343,1.156,1.1377,1.1537,1.1817,1.209,1.2309,1.2469,1.2583,1.2667,1.2734,1.669,1.6999,1.7414,1.7828,1.7771,1.7457,1.7435,1.7052,1.5284,1.4439,1.6302,1.7573,1.8241,1.824,1.6553,1.5266,1.8879,2.221,2.36,2.2955,2.1314,1.9192,1.6654,1.3789,1.1054,0.9237,0.8753,0.9228,1.0033,1.0786,1.1358,1.1753,1.2013,1.2186,1.2309,1.2406,1.6703,1.7018,1.7422,1.7794,1.7795,1.7907,1.8659,1.9174,1.7253,1.5775,1.7067,1.8384,1.9115,1.9542,1.9147,1.9087,2.1964,2.7286,2.8481,2.5058,2.1686,1.8678,1.5289,1.1082,0.6691,0.4164,0.4573,0.6494,0.8403,0.98,1.0705,1.1258,1.159,1.1797,1.1942,1.2063,1.6621,1.6887,1.7188,1.7449,1.7647,1.8199,1.9495,2.1014,1.9783,1.7712,1.7964,2.0074,2.0437,1.9888,1.9698,2.0294,2.4552,3.6014,3.6182,2.7065,2.1983,1.8401,1.4174,0.7924,0.0126,-0.3865,-0.1031,0.3628,0.7044,0.9099,1.0252,1.0875,1.121,1.1407,1.1554,1.169,1.6474,1.6679,1.6901,1.7128,1.7422,1.7992,1.8995,2.005,1.924,1.7212,1.7374,2.2194,2.3725,1.9723,1.8996,2.0689,2.4153,3.0391,3.1119,2.528,2.1602,1.8626,1.4116,0.6198,-0.556,-1.1503,-0.5182,0.2226,0.6659,0.8966,1.0098,1.0617,1.0848,1.0981,1.111,1.1266,1.6287,1.6435,1.6595,1.6768,1.699,1.7315,1.7702,1.7766,1.6714,1.4738,1.3552,1.4815,1.6262,1.431,1.759,2.219,2.6699,2.4084,2.3348,2.2362,2.219,2.0517,1.5899,0.8459,-0.1637,-0.6957,-0.2088,0.408,0.7745,0.9514,1.0224,1.0409,1.0411,1.0432,1.0549,1.0755,1.6077,1.6173,1.6267,1.6357,1.6439,1.6487,1.6384,1.5842,1.4411,1.1588,0.7232,0.7085,1.0263,1.387,1.5914,2.0303,2.4003,2.0599,1.914,2.1341,2.6884,2.5046,1.8509,1.2523,0.7125,0.4397,0.5764,0.8313,0.9935,1.0521,1.0435,1.005,0.9705,0.9614,0.9786,1.0119,1.5859,1.5904,1.5935,1.5938,1.5892,1.5744,1.5389,1.4637,1.3212,1.0749,0.7591,0.8336,0.9113,0.9446,1.2848,1.5129,1.6203,1.4541,1.3525,1.8234,2.7275,2.5256,1.887,1.4913,1.2844,1.2372,1.2732,1.2832,1.2407,1.1567,1.041,0.9201,0.8415,0.8321,0.8739,0.9349,1.5642,1.5643,1.562,1.5554,1.5421,1.5174,1.4742,1.403,1.295,1.1551,1.0367,1.0013,0.9086,0.8823,0.9691,0.9884,1.1071,0.868,0.5257,1.1296,1.7176,1.8323,1.6546,1.5481,1.6242,1.8327,1.8945,1.7055,1.4636,1.2323,0.9869,0.7483,0.6187,0.6425,0.7442,0.8524,1.5435,1.5401,1.5337,1.5226,1.5047,1.4768,1.4351,1.3762,1.3,1.2158,1.1425,1.0849,1.0153,0.9001,0.4874,0.305,0.7966,0.7773,0.615,0.8154,1.1194,1.3165,1.3819,1.5066,1.8564,2.4381,2.5663,2.0533,1.6168,1.2709,0.8983,0.5079,0.3289,0.4354,0.6264,0.7872,1.5244,1.5184,1.5093,1.4956,1.476,1.4484,1.4112,1.3637,1.3074,1.2473,1.1888,1.1286,1.0469,0.8834,0.5413,0.4352,0.7534,0.8111,0.6423,0.5652,0.8292,0.9691,1.0772,1.3337,1.8262,2.5301,2.6803,2.0598,1.6385,1.2895,0.88,0.4112,0.2068,0.3615,0.5912,0.7696,1.5071,1.4994,1.4886,1.4738,1.454,1.4282,1.3957,1.3565,1.3119,1.2638,1.213,1.1556,1.0794,0.9654,0.8283,0.7865,0.8471,0.8365,0.7245,0.6689,0.6612,0.53,0.5489,0.9345,1.4865,1.8919,1.8973,1.7893,1.5569,1.2963,0.9894,0.6301,0.4414,0.5128,0.6708,0.8105,1.4918,1.4829,1.4712,1.4562,1.437,1.4133,1.3847,1.3515,1.3141,1.2733,1.2288,1.1782,1.1173,1.0451,0.9762,0.9373,0.9182,0.8715,0.7806,0.6417,0.3118,-0.3167,-0.4742,0.2892,1.1054,1.5993,1.7897,1.6797,1.4085,1.2564,1.1052,0.9028,0.7598,0.7452,0.8078,0.8874,1.4782,1.4687,1.4567,1.4418,1.4237,1.4019,1.3765,1.3475,1.3151,1.2797,1.2408,1.1976,1.1493,1.0975,1.0479,1.0046,0.9589,0.8892,0.7689,0.5324,-0.0027,-0.9479,-1.217,-0.1753,0.8023,1.3414,1.5317,1.3991,1.1729,1.1729,1.1498,1.0544,0.9624,0.9234,0.9336,0.9688,1.4663,1.4565,1.4445,1.4301,1.4129,1.3929,1.37,1.3442,1.3156,1.2844,1.2503,1.2131,1.1728,1.1303,1.0866,1.0404,0.984,0.9021,0.7675,0.5255,0.0902,-0.4785,-0.5926,0.0185,0.7029,1.1274,1.2902,1.2419,1.1403,1.1531,1.1596,1.1177,1.065,1.0315,1.0243,1.0366]},{"header":{"la1":42.85,"la2":41.18,"lo1":11.55,"lo2":14.05,"nx":36,"ny":24,"dx":0.07143,"dy":0.07261,"parameterCategory":2,"parameterNumber":3,"parameterNumberName":"northward_wind","parameterUnit":"m.s-1"},"data":[1.6662,1.6196,1.5658,1.5055,1.4414,1.378,1.3219,1.2801,1.2566,1.2497,1.2516,1.2521,1.2419,1.2158,1.1724,1.1148,1.0499,0.988,0.9407,0.917,0.9196,0.9449,0.9852,1.0329,1.0822,1.1297,1.1738,1.2144,1.2516,1.286,1.3179,1.3479,1.376,1.4026,1.4276,1.4512,1.6741,1.6205,1.5557,1.4797,1.3945,1.3064,1.2268,1.17,1.1465,1.1545,1.1793,1.2008,1.2031,1.1778,1.1234,1.0438,0.9489,0.8556,0.7851,0.7545,0.7677,0.8149,0.8805,0.9511,1.0187,1.0797,1.1337,1.1814,1.224,1.2626,1.2982,1.3312,1.3622,1.3913,1.4186,1.4442,1.6887,1.6284,1.5515,1.4553,1.3397,1.211,1.0875,0.9991,0.9736,1.0118,1.082,1.1431,1.168,1.1462,1.0767,0.9642,0.8205,0.6722,0.5602,0.5207,0.5589,0.6487,0.757,0.8615,0.9529,1.0298,1.0941,1.1488,1.1966,1.2393,1.2785,1.3148,1.3487,1.3806,1.4103,1.4381,1.713,1.6477,1.5593,1.4401,1.2833,1.0895,0.8814,0.7201,0.6835,0.7862,0.9494,1.0828,1.1444,1.1286,1.0396,0.8804,0.6585,0.4096,0.2165,0.1674,0.2666,0.4403,0.6186,0.7701,0.8898,0.9829,1.0566,1.1173,1.1694,1.216,1.2587,1.2984,1.3357,1.3705,1.403,1.4331,1.7496,1.6836,1.5881,1.4485,1.2443,0.9555,0.5891,0.2513,0.1691,0.4221,0.7796,1.0344,1.1451,1.135,1.0232,0.8069,0.4697,0.0348,-0.3308,-0.3828,-0.1332,0.1997,0.4822,0.6896,0.8366,0.9425,1.0223,1.0866,1.1419,1.1919,1.2383,1.2819,1.3229,1.3612,1.3968,1.4295,1.8003,1.7405,1.6481,1.5007,1.2608,0.8679,0.2556,-0.4787,-0.7192,-0.1037,0.6231,1.0372,1.1884,1.1742,1.0401,0.7751,0.3087,-0.4241,-1.1486,-1.1709,-0.5927,-0.0136,0.3853,0.6389,0.8012,0.9105,0.9904,1.055,1.1122,1.1656,1.2165,1.2649,1.3105,1.353,1.3921,1.4277,1.8645,1.8197,1.745,1.6145,1.3803,0.9491,0.1518,-1.0873,-1.6326,-0.4428,0.6646,1.1532,1.2875,1.2433,1.0902,0.8183,0.3088,-0.6521,-1.8025,-1.7629,-0.8223,-0.0687,0.3775,0.6338,0.7861,0.884,0.9561,1.0179,1.0768,1.1349,1.192,1.2469,1.2986,1.3462,1.3895,1.4283,1.9381,1.9164,1.8744,1.7885,1.6155,1.2807,0.6555,-0.3174,-0.7143,0.2674,1.1001,1.407,1.4306,1.3175,1.1369,0.9099,0.5347,-0.2008,-1.1167,-1.1542,-0.4639,0.1217,0.4732,0.6702,0.7814,0.8519,0.909,0.967,1.03,1.0966,1.1636,1.2279,1.2876,1.3416,1.3897,1.4321,2.0137,2.0188,2.0183,1.9928,1.9062,1.7336,1.482,1.2357,1.2734,1.5983,1.7662,1.727,1.5796,1.3568,1.0891,0.9081,0.774,0.4604,0.0636,-0.0422,0.1742,0.4367,0.6179,0.7157,0.7617,0.7911,0.8301,0.8888,0.9641,1.0474,1.1306,1.2086,1.2789,1.3407,1.3942,1.44,2.0815,2.1098,2.1476,2.1779,2.1541,2.0921,2.093,2.2596,2.6645,2.821,2.412,2.0098,1.7035,1.3707,0.8558,0.6121,0.8397,0.8109,0.6686,0.5951,0.6268,0.6952,0.7341,0.7239,0.6858,0.6629,0.6885,0.7645,0.8708,0.9854,1.0944,1.1915,1.2751,1.3457,1.4046,1.4536,2.1342,2.1735,2.2279,2.2822,2.2784,2.2765,2.3919,2.6944,3.5772,4.027,2.8559,2.1696,1.7854,1.4697,0.9612,0.6287,0.9309,0.9057,0.8198,0.8163,0.8421,0.8417,0.7812,0.6519,0.4953,0.4022,0.4358,0.5713,0.7453,0.9139,1.0603,1.1816,1.2802,1.3597,1.4234,1.4746,2.1706,2.2081,2.2523,2.2877,2.2973,2.3588,2.4838,2.6151,3.0941,3.4524,2.7265,2.1995,1.8081,1.4642,1.4002,1.2624,1.0737,0.6726,0.5592,0.783,0.9191,0.9112,0.7641,0.4695,0.1014,-0.104,0.0057,0.2962,0.5977,0.8467,1.0396,1.1871,1.3,1.3867,1.4533,1.5046,2.1961,2.2284,2.262,2.2922,2.3309,2.4091,2.4965,2.5123,2.583,2.6878,2.5019,2.2773,1.9999,1.4305,1.4867,1.5201,1.1046,-0.0291,-0.0607,0.7043,0.977,0.9616,0.7261,0.1984,-0.5746,-0.9842,-0.6195,-0.0127,0.4738,0.8132,1.0495,1.2183,1.3412,1.4312,1.4971,1.5455,2.2164,2.2463,2.2786,2.315,2.3635,2.4289,2.4905,2.5176,2.5418,2.5706,2.5137,2.4114,2.3515,2.0912,1.9411,1.7397,1.3882,0.6268,0.4787,0.9433,1.0914,1.0227,0.7462,0.0452,-1.1912,-1.8591,-1.0996,-0.1609,0.4614,0.851,1.1076,1.2849,1.4098,1.4971,1.5574,1.5986,2.2337,2.2633,2.2964,2.335,2.3815,2.4346,2.4849,2.5252,2.5734,2.6525,2.7217,2.6934,2.6132,2.9338,2.2873,1.8262,1.5357,1.4958,1.3684,1.2986,1.1197,1.0173,0.8603,0.2996,-0.7357,-1.325,-0.725,0.0743,0.6229,0.9782,1.2207,1.3916,1.5101,1.5879,1.6359,1.6643,2.2484,2.2779,2.3111,2.349,2.3924,2.4402,2.4908,2.5491,2.6394,2.8127,3.0883,3.1956,2.9846,2.7342,2.4595,2.0346,1.7443,1.9332,1.9273,1.4718,0.6803,0.7629,0.9903,0.764,0.2805,-0.0066,0.1814,0.5609,0.9003,1.1681,1.3781,1.5371,1.645,1.7059,1.733,1.7415,2.2602,2.2893,2.3219,2.3587,2.4002,2.4468,2.5008,2.5703,2.6752,2.8478,3.0636,3.0676,3.1192,3.13,2.7386,2.504,2.4364,2.6867,2.8082,1.988,0.668,0.8148,1.2007,1.1496,0.9368,0.7974,0.8238,0.9693,1.1644,1.3674,1.5586,1.7173,1.8169,1.8518,1.8461,1.8261,2.2691,2.2976,2.3294,2.3649,2.4049,2.4506,2.5047,2.5728,2.6629,2.776,2.8805,2.9526,3.1313,3.1771,3.0288,3.0105,3.0023,3.6185,4.3386,3.1311,2.0271,1.647,1.5852,1.4431,1.2294,1.0455,1.0138,1.15,1.3418,1.5389,1.7412,1.9251,2.0236,2.0178,1.964,1.9087,2.2753,2.303,2.3336,2.3677,2.4059,2.4494,2.5001,2.5605,2.6319,2.7108,2.7873,2.8647,2.9621,3.0801,3.4663,3.6452,3.2964,3.6762,4.0989,3.6361,2.8981,2.2962,1.9469,1.6578,1.3021,0.8558,0.7651,1.1568,1.4645,1.6797,1.8976,2.122,2.2244,2.1651,2.06,1.9742,2.2791,2.3057,2.3349,2.3672,2.4031,2.4435,2.4892,2.5411,2.5991,2.661,2.7252,2.7961,2.8894,3.0587,3.4026,3.5194,3.2996,3.4675,3.9796,4.1905,3.2913,2.6047,2.1922,1.8518,1.4409,0.8617,0.7387,1.3552,1.6459,1.8084,1.9849,2.1971,2.2939,2.2169,2.1001,2.0085,2.2806,2.3059,2.3335,2.3638,2.397,2.4338,2.4744,2.5192,2.5678,2.6196,2.6753,2.7393,2.8227,2.9448,3.0935,3.1564,3.1532,3.294,3.6152,3.666,3.1324,2.6571,2.3676,2.0825,1.788,1.6695,1.9631,1.9586,1.9064,1.9427,2.0167,2.13,2.1963,2.1594,2.0823,2.012,2.2801,2.304,2.3298,2.3579,2.3884,2.4215,2.4575,2.4962,2.5378,2.582,2.6299,2.6841,2.7489,2.8257,2.9009,2.9497,2.9873,3.0614,3.1451,3.084,2.8337,2.6427,2.558,2.3182,2.0714,2.0887,2.3596,2.2234,2.1078,2.0865,2.0639,2.0764,2.0963,2.0835,2.0446,2.0001,2.2778,2.3002,2.3242,2.35,2.3777,2.4074,2.4391,2.4729,2.5085,2.5462,2.5864,2.6301,2.678,2.7281,2.7739,2.8091,2.8373,2.8628,2.8636,2.7971,2.6842,2.6631,2.6803,2.4526,2.2101,2.1443,2.1924,2.1988,2.2583,2.219,2.1266,2.0766,2.0578,2.0412,2.0168,1.9876,2.2741,2.2949,2.3171,2.3406,2.3657,2.3922,2.4201,2.4493,2.4799,2.5117,2.5447,2.5791,2.6143,2.6483,2.678,2.7005,2.7146,2.7173,2.699,2.653,2.6034,2.5974,2.5752,2.4247,2.2528,2.1668,2.1594,2.2033,2.2758,2.2411,2.1505,2.0859,2.0495,2.0253,2.003,1.9803]}]