docs/data/wind_grid.json
[{"header":{"la1":42.85,"la2":41.18,"lo1":11.55,"lo2":14.05,"nx":36,"ny":24,"dx":0.07143,"dy":0.07261,"parameterCategory":2,"parameterNumber":2,"parameterNumberName":"eastward_wind","parameterUnit":"m.s-1"},"data":[-0.4935,-0.4967,-0.4976,-0.4964,-0.4931,-0.4879,-0.4809,-0.4717,-0.4605,-0.4477,-0.4349,-0.424,-0.4166,-0.4133,-0.4136,-0.4156,-0.4164,-0.4119,-0.3985,-0.3753,-0.3458,-0.3176,-0.2985,-0.2912,-0.2933,-0.3003,-0.3083,-0.3152,-0.3204,-0.3238,-0.3258,-0.3266,-0.3266,-0.326,-0.325,-0.3239,-0.5159,-0.5207,-0.5226,-0.5216,-0.5183,-0.5132,-0.5061,-0.4961,-0.4822,-0.4649,-0.4467,-0.4312,-0.4214,-0.4186,-0.4222,-0.4298,-0.4367,-0.4357,-0.4186,-0.3815,-0.3301,-0.2817,-0.2539,-0.251,-0.2642,-0.2821,-0.2982,-0.3103,-0.3184,-0.3234,-0.3261,-0.3273,-0.3273,-0.3267,-0.3257,-0.3244,-0.5428,-0.55,-0.5532,-0.5526,-0.5493,-0.5447,-0.5392,-0.5302,-0.5138,-0.4893,-0.4616,-0.4381,-0.424,-0.4216,-0.4304,-0.4477,-0.467,-0.4761,-0.4573,-0.3959,-0.2987,-0.2066,-0.1666,-0.1824,-0.222,-0.2601,-0.2882,-0.3067,-0.3179,-0.3242,-0.3274,-0.3286,-0.3285,-0.3278,-0.3265,-0.3251,-0.5754,-0.5865,-0.5919,-0.5912,-0.5869,-0.5834,-0.5833,-0.5812,-0.5642,-0.5269,-0.4812,-0.4434,-0.4222,-0.4198,-0.4358,-0.4682,-0.511,-0.5466,-0.5379,-0.4385,-0.2416,-0.0451,0.0047,-0.0736,-0.1702,-0.2398,-0.2824,-0.3067,-0.3199,-0.3267,-0.3297,-0.3306,-0.3302,-0.329,-0.3275,-0.3258,-0.615,-0.6329,-0.6422,-0.6408,-0.6323,-0.6282,-0.6404,-0.662,-0.6529,-0.5889,-0.5063,-0.444,-0.4121,-0.4091,-0.4335,-0.4864,-0.5686,-0.6657,-0.7118,-0.5748,-0.1773,0.2723,0.2952,0.0539,-0.1322,-0.2342,-0.2865,-0.3127,-0.3255,-0.3313,-0.3333,-0.3333,-0.3322,-0.3305,-0.3286,-0.3266,-0.6625,-0.6927,-0.7111,-0.7088,-0.6885,-0.6742,-0.7034,-0.7869,-0.8137,-0.6831,-0.5283,-0.4319,-0.3886,-0.3848,-0.4164,-0.4898,-0.6222,-0.8331,-1.054,-0.938,-0.2954,0.4811,0.4523,0.067,-0.156,-0.2586,-0.3051,-0.3259,-0.3347,-0.3376,-0.3377,-0.3364,-0.3344,-0.3321,-0.3297,-0.3274,-0.7165,-0.7679,-0.8077,-0.8104,-0.7648,-0.7138,-0.7355,-0.8956,-0.9932,-0.7467,-0.5122,-0.3943,-0.3468,-0.3428,-0.3766,-0.4596,-0.624,-0.9344,-1.3944,-1.3394,-0.6894,-0.1298,-0.001,-0.1498,-0.2605,-0.3135,-0.336,-0.3443,-0.3461,-0.345,-0.3426,-0.3397,-0.3367,-0.3337,-0.3308,-0.3281,-0.7696,-0.8502,-0.9316,-0.9607,-0.8746,-0.7495,-0.6963,-0.7717,-0.8152,-0.6069,-0.4175,-0.3241,-0.2863,-0.2823,-0.3094,-0.3844,-0.5398,-0.8045,-1.1168,-1.1174,-0.967,-0.7881,-0.5343,-0.4202,-0.3877,-0.3764,-0.3693,-0.363,-0.3572,-0.3519,-0.3471,-0.3427,-0.3387,-0.335,-0.3316,-0.3286,-0.809,-0.9125,-1.0287,-1.0949,-0.9803,-0.7851,-0.6299,-0.5399,-0.4547,-0.3439,-0.2709,-0.2336,-0.214,-0.2082,-0.2137,-0.2632,-0.4117,-0.6196,-0.817,-0.9899,-1.3052,-1.2047,-0.8045,-0.5771,-0.4717,-0.4208,-0.3934,-0.3768,-0.3656,-0.3572,-0.3506,-0.345,-0.3402,-0.336,-0.3322,-0.3289,-0.826,-0.9394,-1.0516,-1.1036,-1.0541,-0.8253,-0.5834,-0.3792,-0.1631,-0.0608,-0.1171,-0.1445,-0.1386,-0.1312,-0.1001,-0.0858,-0.3069,-0.5381,-0.7152,-0.8969,-1.1442,-1.0848,-0.7996,-0.6023,-0.4937,-0.4353,-0.4027,-0.383,-0.3699,-0.3603,-0.3528,-0.3466,-0.3412,-0.3365,-0.3325,-0.3289,-0.8188,-0.9489,-1.1395,-1.4404,-1.3606,-0.8848,-0.5677,-0.3299,0.1016,0.3048,-0.0025,-0.0764,-0.0588,-0.0442,-0.0636,-0.0727,-0.3393,-0.6157,-0.7631,-0.8057,-0.8345,-0.7909,-0.666,-0.5484,-0.4701,-0.4247,-0.3988,-0.3823,-0.3706,-0.3614,-0.3539,-0.3474,-0.3417,-0.3366,-0.3322,-0.3285,-0.7812,-0.9089,-1.1124,-1.393,-1.2955,-0.8249,-0.584,-0.5089,-0.1821,0.0817,-0.0334,-0.0364,0.026,0.1194,0.0247,-0.2124,-0.5329,-0.9959,-1.1212,-0.889,-0.7254,-0.6282,-0.5451,-0.475,-0.4279,-0.4028,-0.389,-0.3785,-0.3696,-0.3617,-0.3545,-0.3477,-0.3416,-0.336,-0.3313,-0.3274,-0.7128,-0.8028,-0.914,-0.9927,-0.8941,-0.6788,-0.6027,-0.6986,-0.5425,-0.2226,-0.0793,-0.0088,0.0554,0.1992,0.0935,-0.3089,-0.7092,-1.8039,-1.8476,-1.0139,-0.6675,-0.5209,-0.4486,-0.4097,-0.3925,-0.3879,-0.3828,-0.3759,-0.3691,-0.3624,-0.3553,-0.3479,-0.3408,-0.3345,-0.3294,-0.3255,-0.6297,-0.6777,-0.7174,-0.7184,-0.6529,-0.5658,-0.5476,-0.6036,-0.4983,-0.2203,-0.0504,0.0129,0.0375,0.1708,-0.1381,-0.528,-0.6962,-1.2284,-1.3344,-0.8188,-0.5149,-0.3871,-0.3513,-0.3565,-0.3798,-0.3921,-0.3831,-0.3759,-0.3712,-0.3653,-0.3571,-0.3478,-0.3387,-0.3311,-0.3257,-0.322,-0.549,-0.5683,-0.5747,-0.5569,-0.5132,-0.464,-0.4333,-0.4003,-0.2836,-0.0951,0.0408,0.0839,0.1459,0.3699,-0.2009,-0.6156,-1.1617,-0.8089,-0.6702,-0.4456,-0.2415,-0.1885,-0.2337,-0.2975,-0.3562,-0.381,-0.3795,-0.38,-0.3791,-0.3724,-0.3605,-0.3463,-0.3333,-0.324,-0.3186,-0.3162,-0.4786,-0.4816,-0.4735,-0.4507,-0.4141,-0.3702,-0.321,-0.2508,-0.1326,0.0375,0.2245,0.1883,0.1573,0.115,-0.1397,-0.5561,-0.9259,-0.5677,-0.3161,-0.1224,0.0954,0.0507,-0.1107,-0.2296,-0.314,-0.3625,-0.3877,-0.4006,-0.3998,-0.3865,-0.3646,-0.3401,-0.3201,-0.3091,-0.3059,-0.307,-0.4199,-0.4137,-0.3988,-0.3737,-0.3384,-0.2941,-0.2384,-0.1637,-0.0607,0.0732,0.2085,0.1836,0.197,0.2016,0.0356,-0.1409,-0.2351,-0.093,0.0759,0.0986,0.1654,0.1147,-0.0447,-0.1875,-0.3078,-0.3975,-0.4472,-0.4577,-0.4419,-0.4096,-0.3661,-0.3209,-0.2895,-0.2796,-0.2844,-0.2936,-0.3717,-0.3602,-0.3419,-0.3156,-0.281,-0.2377,-0.1841,-0.1178,-0.0383,0.0471,0.1149,0.1525,0.2189,0.2569,0.3462,0.3793,0.2312,0.3433,0.5463,0.3514,0.2123,0.1124,-0.0182,-0.1818,-0.3636,-0.5259,-0.5917,-0.5634,-0.5079,-0.4413,-0.3593,-0.2746,-0.2259,-0.2284,-0.2537,-0.2777,-0.3322,-0.3179,-0.2978,-0.2714,-0.2382,-0.1977,-0.1496,-0.0937,-0.0319,0.0306,0.0873,0.1434,0.2218,0.3957,0.985,1.2436,0.5837,0.4897,0.6079,0.6686,0.4393,0.2165,0.0314,-0.1834,-0.4573,-0.7401,-0.8058,-0.6914,-0.5881,-0.483,-0.3484,-0.1989,-0.1288,-0.1646,-0.2236,-0.2655,-0.3,-0.2841,-0.2636,-0.2378,-0.2066,-0.1697,-0.1272,-0.0798,-0.0287,0.0242,0.079,0.1442,0.2461,0.4631,0.919,1.0655,0.6499,0.5922,0.9961,1.2082,0.659,0.3425,0.127,-0.1363,-0.4782,-0.7998,-0.8641,-0.7799,-0.6745,-0.5464,-0.3728,-0.1699,-0.0829,-0.1418,-0.2182,-0.2668,-0.2737,-0.2573,-0.2369,-0.2123,-0.1833,-0.15,-0.1124,-0.0712,-0.0268,0.0205,0.073,0.1378,0.2307,0.3745,0.5495,0.6042,0.5309,0.5684,0.7951,0.8729,0.634,0.484,0.3405,0.0252,-0.395,-0.7636,-1.0035,-0.94,-0.7817,-0.6467,-0.4746,-0.2826,-0.1857,-0.2055,-0.2527,-0.2861,-0.2524,-0.2359,-0.2161,-0.193,-0.1663,-0.1361,-0.1027,-0.0663,-0.027,0.0157,0.0634,0.1203,0.1916,0.2778,0.3596,0.4021,0.4164,0.4621,0.5467,0.5913,0.626,0.8138,0.8375,0.3455,-0.2576,-0.7898,-1.1781,-1.0413,-0.8879,-0.7921,-0.6253,-0.4502,-0.3409,-0.3073,-0.3091,-0.3169,-0.2351,-0.2189,-0.2001,-0.1784,-0.1539,-0.1267,-0.0968,-0.0644,-0.0294,0.0084,0.0502,0.0973,0.1504,0.2069,0.2581,0.2959,0.3266,0.3664,0.4205,0.4959,0.68,1.1054,1.243,0.5982,-0.0939,-0.5985,-0.8794,-0.9427,-1.05,-0.9732,-0.759,-0.5736,-0.453,-0.3896,-0.3607,-0.3474,-0.2211,-0.2056,-0.1877,-0.1676,-0.1452,-0.1205,-0.0937,-0.0648,-0.0339,-0.0008,0.0349,0.0734,0.1142,0.1552,0.193,0.2258,0.2567,0.2923,0.3411,0.4231,0.5884,0.8415,0.8751,0.4718,-0.0295,-0.4233,-0.686,-0.89,-1.0691,-0.996,-0.7928,-0.6226,-0.5075,-0.4365,-0.3946,-0.3698]},{"header":{"la1":42.85,"la2":41.18,"lo1":11.55,"lo2":14.05,"nx":36,"ny":24,"dx":0.07143,"dy":0.07261,"parameterCategory":2,"parameterNumber":3,"parameterNumberName":"northward_wind","parameterUnit":"m.s-1"},"data":[-0.5737,-0.5665,-0.557,-0.5451,-0.5313,-0.5165,-0.5023,-0.4905,-0.4823,-0.4774,-0.4743,-0.471,-0.4658,-0.4578,-0.4469,-0.4341,-0.4208,-0.4087,-0.3995,-0.3943,-0.3929,-0.3939,-0.3959,-0.3981,-0.4005,-0.4035,-0.4074,-0.4121,-0.4178,-0.4241,-0.4309,-0.438,-0.4453,-0.4526,-0.4598,-0.4667,-0.5827,-0.5749,-0.5638,-0.5491,-0.5308,-0.5102,-0.4903,-0.4744,-0.4655,-0.4635,-0.4653,-0.4665,-0.4639,-0.4563,-0.4438,-0.4278,-0.4103,-0.3945,-0.3836,-0.3793,-0.3812,-0.386,-0.3903,-0.393,-0.395,-0.3976,-0.4014,-0.4066,-0.4129,-0.4202,-0.4279,-0.4361,-0.4443,-0.4526,-0.4606,-0.4683,-0.5938,-0.5859,-0.5734,-0.555,-0.5302,-0.5,-0.469,-0.4446,-0.4344,-0.4389,-0.4509,-0.4611,-0.4636,-0.4572,-0.4424,-0.4214,-0.3974,-0.3752,-0.3613,-0.36,-0.3701,-0.3834,-0.3911,-0.3922,-0.3914,-0.3921,-0.3955,-0.401,-0.4082,-0.4165,-0.4254,-0.4347,-0.4441,-0.4533,-0.4623,-0.4707,-0.6076,-0.6006,-0.5875,-0.5654,-0.5316,-0.4855,-0.4324,-0.3881,-0.3738,-0.3938,-0.4284,-0.4556,-0.4668,-0.4623,-0.4445,-0.4163,-0.3814,-0.3471,-0.3264,-0.3316,-0.3622,-0.3961,-0.407,-0.3988,-0.3898,-0.3868,-0.3893,-0.3953,-0.4035,-0.4131,-0.4234,-0.434,-0.4447,-0.4551,-0.465,-0.4744,-0.6244,-0.6201,-0.6085,-0.5842,-0.5403,-0.4703,-0.3741,-0.2793,-0.2507,-0.3111,-0.3961,-0.4536,-0.4769,-0.4746,-0.4531,-0.4153,-0.3631,-0.3045,-0.2642,-0.2792,-0.3565,-0.442,-0.4482,-0.4111,-0.3873,-0.3799,-0.3821,-0.3892,-0.399,-0.4102,-0.4221,-0.4343,-0.4464,-0.4582,-0.4692,-0.4795,-0.6438,-0.645,-0.639,-0.6171,-0.5663,-0.4689,-0.3019,-0.0844,-0.0057,-0.1774,-0.3661,-0.465,-0.4992,-0.4978,-0.4729,-0.4251,-0.3501,-0.2472,-0.1503,-0.1683,-0.3173,-0.4776,-0.4732,-0.4067,-0.3757,-0.3689,-0.3733,-0.3828,-0.3948,-0.4081,-0.4219,-0.436,-0.4497,-0.4629,-0.4753,-0.4865,-0.6641,-0.674,-0.68,-0.6686,-0.6198,-0.5103,-0.2875,0.0987,0.282,-0.0864,-0.3879,-0.5066,-0.5386,-0.5354,-0.5105,-0.4573,-0.3634,-0.216,-0.0364,-0.0491,-0.2211,-0.3482,-0.3805,-0.3595,-0.3499,-0.3533,-0.3633,-0.3765,-0.3913,-0.407,-0.4232,-0.4393,-0.455,-0.4699,-0.4836,-0.4959,-0.6814,-0.7014,-0.7271,-0.7364,-0.6934,-0.6031,-0.4355,-0.1464,-0.0164,-0.3027,-0.5197,-0.5861,-0.5933,-0.5883,-0.5759,-0.5289,-0.425,-0.2772,-0.1354,-0.1185,-0.1445,-0.1858,-0.2574,-0.2975,-0.3193,-0.3368,-0.3538,-0.3712,-0.3891,-0.4076,-0.4264,-0.445,-0.463,-0.4798,-0.495,-0.5083,-0.6906,-0.7148,-0.7589,-0.7962,-0.7428,-0.6973,-0.6596,-0.6134,-0.633,-0.716,-0.7278,-0.6849,-0.6498,-0.6519,-0.6921,-0.6772,-0.5328,-0.3683,-0.2458,-0.1544,-0.0292,-0.0599,-0.1847,-0.2572,-0.2973,-0.3245,-0.3469,-0.3679,-0.3888,-0.4103,-0.4321,-0.4537,-0.4744,-0.4934,-0.5102,-0.5245,-0.6896,-0.7026,-0.7237,-0.7381,-0.7079,-0.7551,-0.8434,-0.9581,-1.1318,-1.1768,-0.9583,-0.7694,-0.6862,-0.7015,-0.8866,-0.9968,-0.6506,-0.412,-0.2834,-0.1846,-0.0835,-0.0976,-0.1845,-0.2476,-0.289,-0.3192,-0.344,-0.3672,-0.3908,-0.4155,-0.441,-0.4663,-0.4904,-0.5121,-0.5307,-0.5458,-0.6847,-0.6801,-0.6457,-0.5456,-0.5784,-0.7902,-0.9931,-1.1824,-1.5551,-1.7554,-1.1347,-0.7997,-0.6903,-0.6923,-0.849,-0.9942,-0.5873,-0.3625,-0.268,-0.2153,-0.1787,-0.1792,-0.2135,-0.2546,-0.2914,-0.3211,-0.3456,-0.3691,-0.3949,-0.4236,-0.454,-0.4844,-0.5129,-0.5379,-0.5583,-0.5739,-0.6848,-0.6765,-0.6379,-0.5582,-0.6095,-0.8778,-1.155,-1.3338,-1.4262,-1.4731,-1.033,-0.7555,-0.6833,-0.7457,-0.6538,-0.4966,-0.3277,-0.2332,-0.2073,-0.1965,-0.1905,-0.1978,-0.2231,-0.2614,-0.3016,-0.3317,-0.3518,-0.373,-0.4009,-0.435,-0.4725,-0.5101,-0.5447,-0.5737,-0.5958,-0.6108,-0.6913,-0.6933,-0.6885,-0.6939,-0.7799,-0.9892,-1.269,-1.5034,-1.3749,-1.1104,-0.8476,-0.698,-0.6494,-0.7713,-0.5942,-0.1512,-0.0438,-0.1606,-0.1771,-0.1538,-0.1536,-0.1684,-0.2054,-0.2624,-0.3242,-0.3574,-0.363,-0.3773,-0.4083,-0.4509,-0.4992,-0.5474,-0.5903,-0.6241,-0.647,-0.6597,-0.6986,-0.7116,-0.7306,-0.77,-0.8553,-1.0023,-1.1966,-1.3669,-1.2629,-0.9487,-0.732,-0.6968,-0.6784,-0.4008,-0.1232,0.5043,0.3745,0.0242,-0.0929,-0.0872,-0.0721,-0.0878,-0.1538,-0.2493,-0.3503,-0.3907,-0.3723,-0.3795,-0.4173,-0.4735,-0.5385,-0.6029,-0.6578,-0.6968,-0.7182,-0.7246,-0.7015,-0.7196,-0.7456,-0.7865,-0.85,-0.9367,-1.0284,-1.0687,-0.9695,-0.7777,-0.6368,-0.5608,-0.4098,-0.1238,0.0654,0.6783,0.7903,0.2765,0.0234,0.0159,0.1226,0.1026,-0.0499,-0.2005,-0.3172,-0.3655,-0.3592,-0.3759,-0.4283,-0.5063,-0.5979,-0.6881,-0.7604,-0.8037,-0.8178,-0.8103,-0.6985,-0.7164,-0.7399,-0.7712,-0.8105,-0.8522,-0.8797,-0.8638,-0.7825,-0.6653,-0.5912,-0.5102,-0.4673,-0.323,-0.0972,0.2912,0.5466,0.1768,-0.0223,0.1255,0.6017,0.4756,0.0809,-0.1367,-0.2452,-0.2939,-0.3171,-0.3587,-0.438,-0.5521,-0.6886,-0.8229,-0.9216,-0.9642,-0.9569,-0.921,-0.6904,-0.7054,-0.7232,-0.7436,-0.7644,-0.7799,-0.7798,-0.7525,-0.6956,-0.6281,-0.5885,-0.5607,-0.6523,-0.6839,-0.3716,-0.1583,-0.0769,-0.2086,-0.3004,-0.0077,0.6606,0.5076,0.0776,-0.1211,-0.1911,-0.2082,-0.2337,-0.3086,-0.4364,-0.6112,-0.8253,-1.04,-1.1806,-1.2047,-1.1451,-1.0561,-0.6793,-0.6906,-0.7026,-0.7143,-0.7234,-0.7259,-0.7167,-0.6925,-0.6556,-0.6174,-0.5931,-0.601,-0.7131,-0.7414,-0.6309,-0.5816,-0.4676,-0.5937,-0.8144,-0.4306,-0.0538,0.0218,-0.0929,-0.162,-0.137,-0.0525,-0.0494,-0.1979,-0.4141,-0.6786,-1.0164,-1.3788,-1.5843,-1.5415,-1.3735,-1.2008,-0.6668,-0.6746,-0.682,-0.6877,-0.6902,-0.6871,-0.6764,-0.6575,-0.6334,-0.6106,-0.5979,-0.6066,-0.6457,-0.7154,-1.0038,-1.143,-0.7175,-0.671,-0.759,-0.6268,-0.4307,-0.3034,-0.2692,-0.2243,-0.0716,0.2264,0.2893,-0.0546,-0.3906,-0.7392,-1.2185,-1.7993,-2.0862,-1.9022,-1.5803,-1.3172,-0.6542,-0.6592,-0.6632,-0.6652,-0.6643,-0.6592,-0.6493,-0.6351,-0.6188,-0.6047,-0.5982,-0.6062,-0.6391,-0.7326,-0.9663,-1.038,-0.7595,-0.6645,-0.7397,-0.7844,-0.5971,-0.4846,-0.4219,-0.3218,-0.112,0.2633,0.3471,-0.0951,-0.4238,-0.7683,-1.282,-1.9675,-2.2944,-2.033,-1.6482,-1.3556,-0.6423,-0.6452,-0.6468,-0.6467,-0.6442,-0.6387,-0.6302,-0.6195,-0.6082,-0.5991,-0.5958,-0.6032,-0.6285,-0.6831,-0.7581,-0.7668,-0.6905,-0.6522,-0.6881,-0.7021,-0.6495,-0.6441,-0.6182,-0.4894,-0.305,-0.1783,-0.265,-0.3423,-0.5184,-0.7708,-1.1412,-1.638,-1.9156,-1.791,-1.5283,-1.2995,-0.6314,-0.6328,-0.633,-0.6317,-0.6285,-0.6232,-0.6161,-0.6079,-0.5997,-0.5934,-0.5914,-0.5964,-0.611,-0.6353,-0.6586,-0.6596,-0.6396,-0.6295,-0.6428,-0.668,-0.7375,-0.9049,-0.9479,-0.7178,-0.4897,-0.3917,-0.3958,-0.4554,-0.6692,-0.8118,-0.9804,-1.2374,-1.4257,-1.4299,-1.3191,-1.1857,-0.6216,-0.622,-0.6213,-0.6194,-0.616,-0.6113,-0.6053,-0.5988,-0.5926,-0.5878,-0.586,-0.5883,-0.5953,-0.6054,-0.6137,-0.615,-0.6119,-0.615,-0.6345,-0.6868,-0.8252,-1.0993,-1.182,-0.8732,-0.6136,-0.5032,-0.5033,-0.6716,-0.9318,-0.9168,-0.9144,-1.0152,-1.1218,-1.1593,-1.1285,-1.0641,-0.613,-0.6127,-0.6115,-0.6093,-0.606,-0.6018,-0.5968,-0.5915,-0.5865,-0.5826,-0.5806,-0.5809,-0.5837,-0.5879,-0.5917,-0.5941,-0.5974,-0.6073,-0.6325,-0.6886,-0.8024,-0.9628,-0.9978,-0.831,-0.665,-0.594,-0.6276,-0.7903,-0.9674,-0.9355,-0.8873,-0.9127,-0.9633,-0.9934,-0.99,-0.9616]}]