docs/data/wind_grid.json
[{"header":{"la1":42.85,"la2":41.18,"lo1":11.55,"lo2":14.05,"nx":36,"ny":24,"dx":0.07143,"dy":0.07261,"parameterCategory":2,"parameterNumber":2,"parameterNumberName":"eastward_wind","parameterUnit":"m.s-1"},"data":[5.2757,5.2772,5.2774,5.276,5.2726,5.2666,5.2571,5.2428,5.2229,5.1968,5.1648,5.128,5.0874,5.0437,4.9974,4.9484,4.8963,4.8409,4.7823,4.7225,4.6665,4.6219,4.5953,4.5878,4.5947,4.609,4.6252,4.6401,4.6525,4.6621,4.6695,4.6749,4.679,4.6821,4.6847,4.6869,5.2923,5.2955,5.2976,5.2982,5.2972,5.2938,5.2867,5.2741,5.2537,5.2247,5.1877,5.1448,5.0979,5.0482,4.9961,4.941,4.882,4.8172,4.7452,4.6663,4.5876,4.5251,4.4945,4.4974,4.5215,4.5524,4.5813,4.6049,4.6229,4.636,4.6455,4.6523,4.6573,4.6612,4.6643,4.667,5.3095,5.3149,5.3192,5.3223,5.3242,5.3248,5.3226,5.314,5.2942,5.2609,5.2163,5.1647,5.1097,5.0531,4.995,4.9343,4.8692,4.796,4.7089,4.6019,4.4811,4.3811,4.3453,4.3746,4.4328,4.4905,4.5365,4.57,4.5935,4.6097,4.6209,4.6287,4.6344,4.6387,4.6423,4.6455,5.3275,5.3354,5.3422,5.3478,5.3531,5.3596,5.3664,5.3671,5.3504,5.31,5.2521,5.1872,5.1216,5.0571,4.9932,4.9283,4.8599,4.783,4.6859,4.5433,4.341,4.1527,4.1149,4.213,4.3351,4.4304,4.4953,4.5378,4.5653,4.5834,4.5955,4.6038,4.6098,4.6144,4.6183,4.622,5.346,5.3574,5.367,5.3746,5.3825,5.3959,5.4185,5.4414,5.4345,5.3785,5.2952,5.2101,5.131,5.0578,4.9887,4.9219,4.855,4.7854,4.7001,4.5362,4.1964,3.802,3.7911,4.0433,4.2551,4.3863,4.464,4.5104,4.5388,4.5568,4.5686,4.5768,4.5829,4.5877,4.592,4.5961,5.3649,5.3813,5.3953,5.4041,5.4108,5.4282,5.4727,5.543,5.5638,5.4681,5.3383,5.2274,5.1338,5.051,4.977,4.9114,4.852,4.8036,4.7769,4.6595,4.2128,3.5976,3.6281,3.9945,4.2385,4.3724,4.446,4.4878,4.5126,4.5283,4.539,4.5467,4.5528,4.5578,4.5625,4.5671,5.3828,5.4076,5.4312,5.4419,5.4387,5.4475,5.5022,5.625,5.6887,5.5307,5.3579,5.2309,5.1257,5.0303,4.9478,4.886,4.8427,4.8181,4.8619,4.82,4.4229,4.0311,3.9704,4.1434,4.2944,4.3855,4.4362,4.4649,4.4826,4.495,4.5045,4.512,4.5183,4.5238,4.529,4.5344,5.396,5.4329,5.4795,5.5027,5.472,5.4517,5.4819,5.5604,5.5931,5.4747,5.3378,5.2209,5.1069,4.9869,4.876,4.816,4.8098,4.8058,4.7939,4.6834,4.3857,4.2597,4.2581,4.3075,4.3636,4.3999,4.4194,4.4316,4.4421,4.4525,4.4623,4.4709,4.4781,4.4845,4.4906,4.4971,5.3974,5.4406,5.5188,5.5832,5.4956,5.4424,5.4502,5.4666,5.454,5.3974,5.3144,5.2132,5.0884,4.9166,4.7008,4.6125,4.7224,4.7969,4.7445,4.51,4.0865,4.135,4.3262,4.3877,4.395,4.3838,4.3734,4.3729,4.382,4.3958,4.4098,4.4216,4.431,4.4387,4.446,4.4539,5.3831,5.4079,5.4505,5.4786,5.4046,5.411,5.4462,5.4536,5.4258,5.3867,5.3212,5.2236,5.0963,4.8688,4.3457,4.0679,4.5912,4.8435,4.8348,4.6127,4.267,4.268,4.4069,4.4218,4.3662,4.3025,4.2682,4.2696,4.2925,4.3207,4.3452,4.3632,4.3757,4.3851,4.3938,4.4034,5.362,5.3564,5.3123,5.1817,5.2083,5.3827,5.491,5.5126,5.4358,5.3987,5.3447,5.2479,5.1516,4.997,4.4735,4.0792,4.7174,5.0227,5.0609,4.9093,4.6986,4.5874,4.5264,4.4039,4.2317,4.0946,4.0562,4.098,4.1663,4.227,4.2696,4.2959,4.3114,4.3218,4.3316,4.3434,5.3487,5.3328,5.2802,5.1844,5.2238,5.4295,5.6073,5.6972,5.5582,5.4323,5.356,5.2701,5.2189,5.2235,5.0991,4.9446,5.0997,5.3902,5.4435,5.2228,4.9962,4.8048,4.5908,4.2777,3.8889,3.6347,3.6645,3.8412,4.0093,4.1228,4.1877,4.2205,4.236,4.2455,4.256,4.2708,5.3467,5.3393,5.3213,5.3104,5.3677,5.5137,5.7071,5.8879,5.7561,5.5035,5.3596,5.2929,5.2476,5.2724,5.2218,5.1326,5.2858,5.9121,5.938,5.4545,5.1841,4.946,4.6093,4.0363,3.2126,2.7389,3.0524,3.5368,3.8576,4.0281,4.1071,4.1368,4.1453,4.1501,4.1609,4.1808,5.3504,5.3537,5.3594,5.3798,5.4348,5.5335,5.6658,5.7864,5.7067,5.4837,5.3506,5.3246,5.2977,4.9776,5.1085,4.9713,5.194,5.6301,5.723,5.4925,5.314,5.092,4.6837,3.8843,2.5297,1.7631,2.5489,3.3603,3.783,3.9681,4.0319,4.0388,4.0281,4.0237,4.0364,4.0666,5.3538,5.3632,5.3774,5.4021,5.4433,5.5009,5.5627,5.5915,5.5306,5.4185,5.3397,5.2808,5.1957,5.1114,5.1136,4.9635,5.6795,5.5176,5.5411,5.53,5.5022,5.3378,4.9107,4.1427,2.9885,2.3303,2.8785,3.5095,3.833,3.9485,3.9523,3.9075,3.8615,3.8452,3.8674,3.9196,5.3545,5.3658,5.3807,5.4013,5.4281,5.4575,5.4791,5.4753,5.4356,5.3862,5.3839,5.2448,5.2409,5.2282,5.253,5.3842,5.6555,5.5878,5.6226,5.6819,5.8401,5.7006,5.2082,4.6044,3.962,3.5885,3.6625,3.8597,3.958,3.9401,3.8385,3.7043,3.603,3.58,3.6334,3.7316,5.3525,5.3634,5.3764,5.3917,5.4082,5.4225,5.4287,5.4205,5.3985,5.3775,5.3803,5.3245,5.3436,5.3763,5.3884,5.4736,5.5953,5.7616,5.8983,5.8502,5.9123,5.7856,5.3592,4.9131,4.5334,4.3058,4.2181,4.163,4.0688,3.9011,3.6492,3.3667,3.1818,3.1793,3.3159,3.5026,5.3486,5.3584,5.3691,5.3803,5.3908,5.3985,5.4005,5.3954,5.3847,5.3741,5.3667,5.3649,5.3948,5.4288,5.556,5.6699,5.7665,6.1283,6.492,6.1092,5.8645,5.6718,5.3807,5.0468,4.7738,4.6356,4.5392,4.3585,4.1258,3.8167,3.3611,2.8231,2.5121,2.6105,2.9274,3.2572,5.3436,5.3522,5.3611,5.3697,5.3773,5.3828,5.385,5.3839,5.381,5.3795,5.3833,5.3999,5.4425,5.5535,5.8681,6.0018,5.8923,6.172,6.4355,6.3519,6.0339,5.7145,5.4126,5.0959,4.8417,4.8232,4.8118,4.4568,4.1166,3.7199,3.0489,2.1356,1.6649,1.9933,2.5744,3.0625,5.3382,5.3458,5.3535,5.3608,5.3672,5.3724,5.376,5.3787,5.3819,5.3881,5.4018,5.4306,5.4899,5.6172,5.8517,5.9435,5.9059,6.1215,6.6119,6.8226,6.216,5.808,5.4927,5.1369,4.8008,4.7901,4.8053,4.2527,3.9969,3.6804,2.9703,1.8638,1.3085,1.7708,2.4662,3.0084,5.3326,5.3396,5.3465,5.3531,5.3593,5.365,5.3703,5.376,5.3835,5.3951,5.4146,5.448,5.5046,5.5952,5.7076,5.7831,5.8538,6.0375,6.348,6.4376,6.1468,5.9333,5.7145,5.2745,4.6922,4.0863,3.3404,3.4789,3.8115,3.7574,3.2721,2.4561,1.9813,2.213,2.6982,3.1283,5.327,5.3335,5.34,5.3464,5.3527,5.3591,5.3658,5.3736,5.3838,5.3982,5.4197,5.4518,5.4984,5.5606,5.6307,5.6983,5.7776,5.8951,6.0267,6.081,6.1032,6.3024,6.3087,5.6375,4.7254,3.6755,2.6174,3.1476,3.8968,3.9927,3.711,3.2349,2.8925,2.8906,3.1023,3.3589,5.3214,5.3276,5.3338,5.3402,5.3466,5.3535,5.3611,5.3702,5.3817,5.397,5.4179,5.4463,5.4836,5.5294,5.5808,5.636,5.6993,5.7745,5.8536,5.9406,6.1455,6.6499,6.8173,5.9565,4.9416,4.0763,3.5705,3.8774,4.369,4.3094,4.05,3.7424,3.5041,3.4246,3.4832,3.6096,5.3158,5.3217,5.3277,5.334,5.3406,5.3477,5.3557,5.3652,5.3769,5.3918,5.4109,5.4351,5.465,5.5,5.539,5.5817,5.6288,5.6816,5.7431,5.8348,6.0206,6.3169,6.3437,5.7912,5.0703,4.4844,4.1849,4.2559,4.4417,4.3845,4.2038,4.0094,3.853,3.7736,3.774,3.8289]},{"header":{"la1":42.85,"la2":41.18,"lo1":11.55,"lo2":14.05,"nx":36,"ny":24,"dx":0.07143,"dy":0.07261,"parameterCategory":2,"parameterNumber":3,"parameterNumberName":"northward_wind","parameterUnit":"m.s-1"},"data":[0.4638,0.4719,0.4795,0.4864,0.4924,0.4969,0.4992,0.4978,0.4916,0.4802,0.4636,0.4426,0.4174,0.388,0.354,0.3155,0.2729,0.2275,0.181,0.1363,0.0971,0.0681,0.0527,0.0513,0.0606,0.076,0.0937,0.1115,0.1281,0.143,0.1563,0.1679,0.1781,0.1871,0.1949,0.2019,0.4758,0.4859,0.4957,0.5049,0.5137,0.5217,0.5276,0.5291,0.5238,0.5107,0.491,0.4663,0.4374,0.4037,0.3644,0.3187,0.2668,0.2101,0.1509,0.092,0.0385,-0.0008,-0.0175,-0.0112,0.0101,0.0375,0.065,0.0901,0.112,0.1307,0.1467,0.1603,0.172,0.1821,0.1908,0.1983,0.489,0.5017,0.5139,0.5257,0.5379,0.551,0.5634,0.5706,0.567,0.5508,0.5252,0.4949,0.4617,0.424,0.3791,0.325,0.2616,0.1909,0.1156,0.037,-0.0408,-0.1001,-0.1178,-0.0942,-0.0505,-0.0046,0.0359,0.0696,0.0972,0.1197,0.1383,0.1538,0.1668,0.1778,0.1872,0.1953,0.5039,0.5202,0.5352,0.5493,0.5647,0.5849,0.6095,0.6295,0.63,0.6056,0.5675,0.5282,0.4905,0.4501,0.4005,0.3371,0.259,0.1704,0.0774,-0.0242,-0.1437,-0.2481,-0.2647,-0.2001,-0.1168,-0.0454,0.0099,0.0522,0.0849,0.1108,0.1316,0.1486,0.1626,0.1744,0.1843,0.1928,0.5213,0.5433,0.5623,0.5774,0.5934,0.6211,0.668,0.7197,0.7315,0.6841,0.6173,0.5638,0.5235,0.4842,0.4329,0.3598,0.2617,0.1476,0.0381,-0.0737,-0.251,-0.456,-0.4577,-0.3086,-0.1722,-0.0758,-0.0084,0.0402,0.0765,0.1046,0.1269,0.1449,0.1597,0.1719,0.1822,0.1908,0.5418,0.5745,0.6022,0.6168,0.624,0.6514,0.7313,0.8577,0.9042,0.7902,0.6643,0.5948,0.5597,0.5302,0.4838,0.4031,0.2784,0.1208,-0.012,-0.0886,-0.2773,-0.5698,-0.5518,-0.3471,-0.1899,-0.0859,-0.0152,0.0352,0.0726,0.1015,0.1244,0.1429,0.158,0.1704,0.1807,0.1894,0.5637,0.6176,0.6699,0.6882,0.6646,0.6611,0.754,0.9781,1.091,0.8599,0.6759,0.6116,0.5995,0.5945,0.5656,0.4855,0.3345,0.1192,-0.0652,-0.0877,-0.2265,-0.3912,-0.3986,-0.2832,-0.1651,-0.0755,-0.0109,0.0366,0.0727,0.1011,0.1239,0.1424,0.1575,0.1697,0.1798,0.1883,0.5785,0.6665,0.7843,0.8404,0.7374,0.6428,0.6752,0.8311,0.9077,0.7348,0.6193,0.6113,0.6474,0.6871,0.6983,0.6348,0.4659,0.2199,0.0004,-0.1311,-0.3775,-0.4337,-0.3299,-0.2216,-0.1278,-0.0548,-0.0002,0.0417,0.0751,0.1024,0.1249,0.1431,0.1579,0.1697,0.1794,0.1874,0.5668,0.6762,0.888,1.0677,0.8001,0.5855,0.5396,0.5487,0.5281,0.4837,0.5128,0.6035,0.7097,0.816,0.914,0.8978,0.6792,0.3908,0.1087,-0.2539,-0.8123,-0.7256,-0.3707,-0.1899,-0.0944,-0.0341,0.0099,0.046,0.0772,0.1041,0.1266,0.1447,0.159,0.1701,0.1789,0.1862,0.5149,0.5799,0.7019,0.7819,0.5479,0.451,0.4168,0.3439,0.1961,0.1593,0.3723,0.6037,0.7919,0.9625,1.2219,1.3457,0.911,0.5414,0.2394,-0.133,-0.5808,-0.5552,-0.2868,-0.1348,-0.0626,-0.0219,0.0107,0.0435,0.0759,0.105,0.1288,0.1471,0.1605,0.1704,0.178,0.1842,0.4433,0.4303,0.3373,0.0567,0.0874,0.308,0.354,0.2609,-0.1258,-0.334,0.2507,0.6422,0.9142,1.1103,1.2723,1.3816,0.9293,0.5951,0.3618,0.1294,-0.0911,-0.1596,-0.1097,-0.0638,-0.0467,-0.0367,-0.0125,0.0265,0.0686,0.1048,0.1318,0.1502,0.1621,0.1699,0.1756,0.1805,0.3878,0.3439,0.2281,0.0382,0.0784,0.2904,0.3829,0.3871,0.1418,-0.0352,0.3651,0.731,1.0837,1.4804,1.3317,1.0436,0.781,0.5364,0.3997,0.2771,0.1423,0.0526,0.0085,-0.0317,-0.0866,-0.1173,-0.0831,-0.0116,0.0565,0.1061,0.1373,0.1545,0.163,0.1672,0.1701,0.1736,0.3589,0.3244,0.2668,0.2146,0.2455,0.3408,0.4305,0.5125,0.4368,0.3508,0.5163,0.8184,1.072,1.6308,1.4198,0.9435,0.7033,0.4013,0.3561,0.3153,0.2109,0.1221,0.047,-0.0583,-0.2244,-0.322,-0.2201,-0.0633,0.0503,0.1161,0.1482,0.1598,0.1611,0.1593,0.1587,0.1609,0.3457,0.3261,0.3037,0.2933,0.3124,0.3568,0.4125,0.4648,0.4289,0.3679,0.4764,0.8998,1.0431,0.7951,0.8965,0.9189,0.7461,0.4767,0.374,0.289,0.1816,0.1058,0.0431,-0.0892,-0.3815,-0.5725,-0.3405,-0.0761,0.0755,0.1453,0.1669,0.1635,0.1512,0.1404,0.1362,0.1391,0.3373,0.3264,0.3168,0.3139,0.3218,0.3384,0.3559,0.3559,0.3007,0.1939,0.1377,0.2827,0.4123,0.1406,0.6494,0.9025,0.4688,0.4581,0.3317,0.1844,0.0402,0.0031,0.0221,-0.0374,-0.2513,-0.4028,-0.2073,0.0305,0.1595,0.2012,0.1909,0.157,0.1218,0.0998,0.0948,0.1031,0.329,0.3215,0.3147,0.3104,0.3084,0.3056,0.2937,0.2549,0.1547,-0.0743,-0.5063,-0.3776,-0.0963,0.1975,0.3922,0.4886,0.399,0.3335,0.199,0.011,-0.2658,-0.2045,-0.0092,0.0713,0.0561,0.0475,0.1464,0.2611,0.3059,0.28,0.2077,0.1199,0.0499,0.0184,0.0227,0.0476,0.3198,0.3128,0.3054,0.2976,0.2878,0.2724,0.2436,0.1867,0.0748,-0.1423,-0.4611,-0.331,-0.285,-0.2824,0.0668,0.1874,0.1988,0.1084,-0.0036,-0.0875,-0.3202,-0.2349,0.0193,0.203,0.3507,0.4823,0.5701,0.5732,0.4991,0.3673,0.1932,0.0142,-0.1058,-0.1321,-0.0921,-0.0296,0.3101,0.3024,0.2935,0.2825,0.2677,0.2457,0.2109,0.1548,0.0671,-0.0538,-0.1598,-0.1909,-0.3197,-0.3639,-0.2847,-0.2844,-0.1183,-0.1527,-0.2962,-0.1432,-0.1071,-0.0409,0.1323,0.3703,0.6765,0.9955,1.106,0.9564,0.721,0.4484,0.1218,-0.2126,-0.4011,-0.376,-0.2484,-0.1197,0.3004,0.2919,0.2816,0.2685,0.2511,0.227,0.1929,0.1451,0.0823,0.01,-0.0561,-0.1158,-0.2016,-0.3527,-0.8991,-1.1506,-0.4189,-0.2167,-0.2504,-0.1661,-0.069,0.0487,0.2304,0.5296,1.0065,1.6087,1.7448,1.3392,0.9349,0.5246,0.0163,-0.5482,-0.816,-0.6623,-0.3988,-0.1929,0.2915,0.2823,0.271,0.2568,0.2387,0.215,0.1841,0.1447,0.0974,0.0448,-0.0099,-0.0728,-0.1681,-0.3698,-0.8157,-0.9516,-0.4454,-0.2087,-0.2047,-0.2255,-0.087,0.0569,0.2511,0.5877,1.1265,1.7628,1.8965,1.5243,1.0978,0.623,0.0218,-0.6849,-0.9999,-0.7669,-0.4402,-0.2063,0.2835,0.2739,0.2622,0.2478,0.23,0.2079,0.1806,0.1477,0.1096,0.0669,0.0192,-0.0393,-0.1227,-0.2535,-0.4124,-0.4361,-0.2849,-0.1695,-0.1558,-0.1507,-0.0778,-0.0095,0.1311,0.4837,1.0332,1.6044,1.9988,1.7671,1.2155,0.7384,0.2309,-0.3383,-0.6367,-0.5373,-0.3201,-0.1421,0.2767,0.267,0.2553,0.2413,0.2244,0.2042,0.1802,0.1522,0.1204,0.0846,0.044,-0.0043,-0.0645,-0.1359,-0.1966,-0.2039,-0.1569,-0.109,-0.0899,-0.0855,-0.1152,-0.2475,-0.2446,0.2077,0.8706,1.62,2.3282,1.8895,1.1167,0.7687,0.4629,0.1023,-0.1443,-0.1879,-0.1187,-0.0295,0.2711,0.2615,0.2502,0.2368,0.2212,0.2029,0.1818,0.1578,0.131,0.1011,0.0678,0.0306,-0.0104,-0.0509,-0.08,-0.0857,-0.07,-0.0504,-0.0425,-0.0628,-0.1719,-0.4621,-0.5591,-0.0232,0.6476,1.2378,1.561,1.2121,0.7204,0.6879,0.5765,0.3596,0.1724,0.0797,0.0649,0.0874,0.2667,0.2573,0.2465,0.2341,0.2198,0.2034,0.185,0.1644,0.1417,0.117,0.0905,0.0625,0.0343,0.0093,-0.0076,-0.0127,-0.0078,-0.0004,-0.0013,-0.0284,-0.1178,-0.2766,-0.2849,0.0521,0.5038,0.8698,1.0161,0.8584,0.6604,0.6597,0.6021,0.4665,0.3318,0.2403,0.1956,0.1828]}]