docs/data/wind_grid.json
[{"header":{"la1":42.85,"la2":41.18,"lo1":11.55,"lo2":14.05,"nx":36,"ny":24,"dx":0.07143,"dy":0.07261,"parameterCategory":2,"parameterNumber":2,"parameterNumberName":"eastward_wind","parameterUnit":"m.s-1"},"data":[-0.558,-0.5676,-0.5773,-0.587,-0.5961,-0.6033,-0.6069,-0.6052,-0.5969,-0.5826,-0.5648,-0.547,-0.5326,-0.5238,-0.5217,-0.5257,-0.5342,-0.5441,-0.552,-0.5551,-0.552,-0.5435,-0.5312,-0.5171,-0.5026,-0.4887,-0.476,-0.4645,-0.4544,-0.4455,-0.4376,-0.4308,-0.4248,-0.4194,-0.4147,-0.4105,-0.5711,-0.583,-0.5957,-0.6092,-0.6232,-0.6361,-0.645,-0.646,-0.6359,-0.6151,-0.5879,-0.5607,-0.5393,-0.5273,-0.526,-0.5348,-0.551,-0.5696,-0.5844,-0.5902,-0.5853,-0.5717,-0.5532,-0.5331,-0.5138,-0.4962,-0.4807,-0.4673,-0.4558,-0.446,-0.4376,-0.4303,-0.424,-0.4185,-0.4136,-0.4094,-0.5849,-0.5993,-0.6155,-0.6339,-0.655,-0.6776,-0.6972,-0.7058,-0.6947,-0.6628,-0.6189,-0.5759,-0.5435,-0.5266,-0.5267,-0.5433,-0.5727,-0.607,-0.6342,-0.6438,-0.6335,-0.6095,-0.5801,-0.5512,-0.5252,-0.5031,-0.4846,-0.4692,-0.4565,-0.4458,-0.4368,-0.4292,-0.4227,-0.4171,-0.4122,-0.4079,-0.5994,-0.6164,-0.6359,-0.6598,-0.6903,-0.7285,-0.7697,-0.7975,-0.7888,-0.7363,-0.6612,-0.5914,-0.5422,-0.5183,-0.5207,-0.5491,-0.6007,-0.6641,-0.7151,-0.7291,-0.7041,-0.6589,-0.6113,-0.5696,-0.5356,-0.5084,-0.4869,-0.4697,-0.4559,-0.4446,-0.4353,-0.4275,-0.421,-0.4153,-0.4104,-0.4062,-0.6147,-0.6341,-0.6564,-0.6847,-0.7251,-0.7851,-0.8665,-0.9429,-0.9484,-0.8522,-0.7155,-0.6021,-0.5301,-0.4975,-0.5024,-0.5466,-0.633,-0.7507,-0.851,-0.8677,-0.8044,-0.718,-0.6427,-0.5852,-0.5426,-0.5108,-0.4868,-0.4683,-0.4538,-0.4423,-0.4329,-0.4252,-0.4187,-0.4132,-0.4083,-0.4042,-0.6314,-0.6532,-0.677,-0.7065,-0.7518,-0.8325,-0.9736,-1.1576,-1.2134,-1.0163,-0.7663,-0.5952,-0.4994,-0.458,-0.4639,-0.5235,-0.6536,-0.8618,-1.0632,-1.0724,-0.9227,-0.7716,-0.6645,-0.5927,-0.5436,-0.5088,-0.4835,-0.4646,-0.4501,-0.4388,-0.4297,-0.4223,-0.416,-0.4106,-0.406,-0.4019,-0.6508,-0.6762,-0.7009,-0.7266,-0.7641,-0.8428,-1.019,-1.3311,-1.4773,-1.1231,-0.7562,-0.5499,-0.4428,-0.3943,-0.3957,-0.4606,-0.6203,-0.9122,-1.2377,-1.2285,-0.9831,-0.7858,-0.6636,-0.5871,-0.5364,-0.5015,-0.4766,-0.4585,-0.4448,-0.4342,-0.4258,-0.4188,-0.4129,-0.4078,-0.4033,-0.3994,-0.6742,-0.7073,-0.7366,-0.7565,-0.7708,-0.8063,-0.9159,-1.1351,-1.2243,-0.9226,-0.6269,-0.4582,-0.3612,-0.3047,-0.2883,-0.3405,-0.4968,-0.7665,-1.0498,-1.0691,-0.8935,-0.7387,-0.6357,-0.5676,-0.5212,-0.4891,-0.4665,-0.4502,-0.4382,-0.4288,-0.4213,-0.415,-0.4095,-0.4047,-0.4005,-0.3967,-0.7014,-0.7502,-0.7972,-0.8225,-0.8065,-0.7699,-0.7543,-0.756,-0.6967,-0.5563,-0.4359,-0.3459,-0.2682,-0.1956,-0.1295,-0.1458,-0.3178,-0.5513,-0.7372,-0.7941,-0.7436,-0.6644,-0.5939,-0.5395,-0.5002,-0.4726,-0.4537,-0.4404,-0.4307,-0.423,-0.4167,-0.4111,-0.4061,-0.4015,-0.3974,-0.3938,-0.7271,-0.8005,-0.8898,-0.9586,-0.9197,-0.7891,-0.6694,-0.5362,-0.342,-0.2361,-0.2663,-0.2481,-0.1816,-0.0916,0.0753,0.1527,-0.1663,-0.4649,-0.6343,-0.6871,-0.6648,-0.6114,-0.5554,-0.5092,-0.4759,-0.4536,-0.4394,-0.43,-0.4231,-0.4175,-0.4123,-0.4074,-0.4027,-0.3983,-0.3942,-0.3906,-0.7394,-0.8344,-0.9744,-1.1318,-1.092,-0.8441,-0.6805,-0.5095,-0.0933,0.1007,-0.1617,-0.185,-0.1024,-0.0131,0.0933,0.166,-0.2265,-0.6016,-0.7729,-0.7556,-0.6722,-0.5894,-0.5243,-0.4787,-0.4499,-0.4335,-0.425,-0.4202,-0.4166,-0.413,-0.4088,-0.4043,-0.3995,-0.3949,-0.3907,-0.3871,-0.7269,-0.8192,-0.9539,-1.1015,-1.0568,-0.8384,-0.7698,-0.762,-0.4104,-0.1199,-0.2059,-0.1633,-0.0239,0.1591,0.0814,-0.1361,-0.5333,-1.1015,-1.2433,-0.9627,-0.7202,-0.5743,-0.4912,-0.4459,-0.4235,-0.4146,-0.4125,-0.4126,-0.4123,-0.4104,-0.4068,-0.4019,-0.3965,-0.3912,-0.3867,-0.3829,-0.6904,-0.7573,-0.8368,-0.8934,-0.857,-0.7887,-0.8455,-1.0053,-0.8258,-0.4545,-0.2784,-0.182,-0.0618,0.2271,0.1296,-0.261,-0.8223,-1.9341,-1.9546,-1.1349,-0.7164,-0.526,-0.4423,-0.4106,-0.4023,-0.4017,-0.4044,-0.4089,-0.4116,-0.4108,-0.4066,-0.4002,-0.3931,-0.3866,-0.3814,-0.3776,-0.6418,-0.6822,-0.7197,-0.7373,-0.7265,-0.7258,-0.7899,-0.8921,-0.7809,-0.4751,-0.2897,-0.2072,-0.1822,-0.0983,-0.1449,-0.4645,-0.8939,-1.4506,-1.4972,-0.9269,-0.5646,-0.4091,-0.3673,-0.3748,-0.3938,-0.3992,-0.4022,-0.4109,-0.4166,-0.4154,-0.4086,-0.3986,-0.3883,-0.3798,-0.3739,-0.3704,-0.5925,-0.6147,-0.6316,-0.638,-0.636,-0.6401,-0.6591,-0.6577,-0.5535,-0.3822,-0.2734,-0.2344,-0.2202,-0.284,-0.2972,-0.8117,-1.3489,-0.9685,-0.7849,-0.5099,-0.2692,-0.2083,-0.2596,-0.3291,-0.3813,-0.3984,-0.4088,-0.4244,-0.4314,-0.4263,-0.4124,-0.395,-0.3792,-0.3681,-0.3622,-0.3601,-0.5475,-0.5584,-0.5648,-0.5648,-0.5597,-0.5519,-0.5371,-0.496,-0.4096,-0.3011,-0.2267,-0.2718,-0.2471,-0.2337,-0.3129,-0.7037,-1.0792,-0.6847,-0.3974,-0.167,0.0829,0.036,-0.1434,-0.2763,-0.3641,-0.4127,-0.444,-0.4633,-0.4629,-0.4449,-0.416,-0.3849,-0.3604,-0.3471,-0.3436,-0.3457,-0.5079,-0.5117,-0.5114,-0.5061,-0.4955,-0.4783,-0.4504,-0.4046,-0.3396,-0.27,-0.2245,-0.2276,-0.1721,-0.1367,-0.1715,-0.2709,-0.3485,-0.2039,-0.0432,0.0196,0.1452,0.0903,-0.0929,-0.2541,-0.3873,-0.4859,-0.5389,-0.5447,-0.5176,-0.4713,-0.4142,-0.3587,-0.3216,-0.31,-0.3154,-0.3266,-0.4735,-0.4724,-0.4676,-0.4583,-0.4436,-0.4221,-0.3919,-0.3512,-0.3028,-0.2556,-0.2194,-0.1831,-0.1235,-0.0749,0.1159,0.2066,0.0859,0.156,0.279,0.1905,0.1212,0.0417,-0.0947,-0.2734,-0.4758,-0.6573,-0.725,-0.6772,-0.5945,-0.5023,-0.3998,-0.3027,-0.2497,-0.2516,-0.2783,-0.3051,-0.4438,-0.4393,-0.4314,-0.4194,-0.4026,-0.38,-0.351,-0.3155,-0.2757,-0.2348,-0.193,-0.1406,-0.0589,0.1323,0.7023,0.9272,0.3883,0.2846,0.361,0.4626,0.2923,0.1051,-0.0718,-0.2974,-0.5969,-0.9111,-0.9805,-0.8267,-0.678,-0.5359,-0.3773,-0.2197,-0.1504,-0.1846,-0.2434,-0.2879,-0.4182,-0.4114,-0.4015,-0.388,-0.3703,-0.3479,-0.3206,-0.2885,-0.2525,-0.2125,-0.1656,-0.1015,0.0056,0.2285,0.6525,0.7842,0.4449,0.3985,0.7472,0.9238,0.4786,0.2094,0.0075,-0.2615,-0.6246,-0.976,-1.0447,-0.9118,-0.7497,-0.5774,-0.3851,-0.1868,-0.1068,-0.1608,-0.2343,-0.285,-0.3962,-0.3878,-0.3767,-0.3624,-0.3446,-0.3229,-0.2971,-0.2673,-0.2332,-0.1938,-0.1456,-0.0805,0.0166,0.1647,0.3382,0.3988,0.3452,0.3869,0.5872,0.6562,0.4638,0.3434,0.2108,-0.1023,-0.5316,-0.9129,-1.1578,-1.0567,-0.8109,-0.6222,-0.4496,-0.2794,-0.1961,-0.216,-0.2631,-0.3,-0.3774,-0.368,-0.3562,-0.3417,-0.3241,-0.3032,-0.2789,-0.2508,-0.2186,-0.181,-0.1354,-0.0776,-0.0028,0.0882,0.175,0.2248,0.248,0.298,0.3802,0.4276,0.4737,0.6567,0.6779,0.2124,-0.3822,-0.9241,-1.344,-1.1304,-0.7778,-0.6331,-0.5199,-0.4003,-0.322,-0.3018,-0.3111,-0.3258,-0.3613,-0.3514,-0.3393,-0.3248,-0.3077,-0.2878,-0.2648,-0.2386,-0.2086,-0.1739,-0.1332,-0.0849,-0.0284,0.0327,0.0895,0.1339,0.1713,0.2164,0.2743,0.3532,0.534,0.9214,1.0414,0.4572,-0.2025,-0.6907,-0.9376,-0.8136,-0.6284,-0.6088,-0.5536,-0.4704,-0.4033,-0.3671,-0.3538,-0.3515,-0.3477,-0.3375,-0.3254,-0.3112,-0.2947,-0.2759,-0.2544,-0.2301,-0.2026,-0.1714,-0.136,-0.0961,-0.0523,-0.0071,0.036,0.0747,0.1116,0.153,0.2066,0.292,0.4537,0.6879,0.7176,0.3485,-0.1181,-0.4699,-0.645,-0.6457,-0.6051,-0.596,-0.5541,-0.4932,-0.4395,-0.4028,-0.3816,-0.3705]},{"header":{"la1":42.85,"la2":41.18,"lo1":11.55,"lo2":14.05,"nx":36,"ny":24,"dx":0.07143,"dy":0.07261,"parameterCategory":2,"parameterNumber":3,"parameterNumberName":"northward_wind","parameterUnit":"m.s-1"},"data":[-0.7379,-0.7344,-0.7296,-0.7236,-0.7164,-0.7085,-0.7005,-0.6931,-0.6868,-0.681,-0.6745,-0.6658,-0.6535,-0.637,-0.6164,-0.5925,-0.5672,-0.5432,-0.5233,-0.5097,-0.503,-0.5025,-0.5061,-0.5121,-0.5192,-0.5265,-0.5337,-0.5407,-0.5475,-0.5541,-0.5606,-0.567,-0.5733,-0.5794,-0.5853,-0.591,-0.7435,-0.7398,-0.7343,-0.727,-0.7178,-0.7072,-0.6967,-0.6878,-0.6819,-0.6782,-0.6746,-0.668,-0.6561,-0.6376,-0.6125,-0.5816,-0.5476,-0.5146,-0.488,-0.472,-0.4673,-0.4715,-0.4808,-0.4919,-0.5031,-0.5135,-0.5231,-0.5319,-0.5401,-0.548,-0.5556,-0.563,-0.5702,-0.5772,-0.5839,-0.5903,-0.7498,-0.7459,-0.7397,-0.7306,-0.7182,-0.703,-0.6871,-0.6746,-0.6689,-0.67,-0.6728,-0.6712,-0.6611,-0.6409,-0.6101,-0.5693,-0.5215,-0.4734,-0.4355,-0.4166,-0.4176,-0.4316,-0.4507,-0.4696,-0.4862,-0.5004,-0.5125,-0.5231,-0.5329,-0.542,-0.5508,-0.5593,-0.5675,-0.5754,-0.583,-0.5902,-0.7567,-0.7529,-0.7461,-0.7351,-0.7183,-0.6951,-0.6681,-0.6458,-0.6394,-0.6507,-0.6674,-0.676,-0.6702,-0.6488,-0.6114,-0.5571,-0.4876,-0.4123,-0.3531,-0.3315,-0.3472,-0.3812,-0.4167,-0.4464,-0.4697,-0.4878,-0.5024,-0.5147,-0.5259,-0.5363,-0.5463,-0.5559,-0.5653,-0.5743,-0.5829,-0.5909,-0.7642,-0.7609,-0.7543,-0.7421,-0.7205,-0.6851,-0.6358,-0.5876,-0.5752,-0.6106,-0.6576,-0.6846,-0.6858,-0.6643,-0.6204,-0.5501,-0.4481,-0.3224,-0.2185,-0.1968,-0.2501,-0.3227,-0.3827,-0.4255,-0.4552,-0.4766,-0.4931,-0.5069,-0.5192,-0.5309,-0.5422,-0.5532,-0.5639,-0.5741,-0.5837,-0.5927,-0.7719,-0.7698,-0.7646,-0.7533,-0.7294,-0.6814,-0.5956,-0.485,-0.448,-0.5432,-0.6504,-0.7031,-0.7115,-0.6905,-0.6431,-0.5593,-0.4187,-0.2101,-0.0128,-0.0015,-0.138,-0.2703,-0.3576,-0.4111,-0.4448,-0.4676,-0.4849,-0.4994,-0.5128,-0.5257,-0.5385,-0.5511,-0.5633,-0.575,-0.5859,-0.5958,-0.7789,-0.778,-0.7754,-0.7688,-0.7506,-0.7023,-0.5899,-0.3942,-0.3047,-0.501,-0.6758,-0.7419,-0.7498,-0.7296,-0.6854,-0.6009,-0.44,-0.1583,0.1546,0.1464,-0.0815,-0.255,-0.3526,-0.4068,-0.4391,-0.4607,-0.4774,-0.4921,-0.5064,-0.5208,-0.5353,-0.5498,-0.5639,-0.5773,-0.5896,-0.6007,-0.784,-0.783,-0.7821,-0.7827,-0.7813,-0.7604,-0.6852,-0.5338,-0.4685,-0.6405,-0.773,-0.8066,-0.7987,-0.7799,-0.7511,-0.6856,-0.5431,-0.2962,-0.0272,-0.0072,-0.1674,-0.2965,-0.3704,-0.4117,-0.4368,-0.4544,-0.4694,-0.4841,-0.4995,-0.5158,-0.5327,-0.5497,-0.5662,-0.5817,-0.5957,-0.608,-0.786,-0.7811,-0.7756,-0.7783,-0.8001,-0.8313,-0.8446,-0.8394,-0.8681,-0.9275,-0.9274,-0.8851,-0.848,-0.8348,-0.8437,-0.8172,-0.69,-0.5076,-0.3453,-0.2866,-0.3177,-0.364,-0.3975,-0.4189,-0.4336,-0.446,-0.459,-0.4741,-0.4915,-0.5107,-0.5309,-0.5513,-0.5708,-0.5888,-0.6047,-0.6183,-0.7858,-0.7721,-0.7479,-0.7281,-0.7669,-0.8731,-0.9806,-1.0887,-1.2327,-1.2707,-1.1028,-0.9526,-0.8823,-0.8773,-0.9613,-1.0092,-0.811,-0.6284,-0.5086,-0.442,-0.4166,-0.4125,-0.4152,-0.4194,-0.4245,-0.4321,-0.444,-0.4608,-0.4817,-0.5054,-0.5304,-0.5553,-0.5788,-0.5999,-0.618,-0.6328,-0.7877,-0.7655,-0.7149,-0.6386,-0.672,-0.8883,-1.0818,-1.2401,-1.5402,-1.6919,-1.2344,-0.9761,-0.8926,-0.8892,-0.9563,-1.0159,-0.8007,-0.6398,-0.5512,-0.4926,-0.4516,-0.4266,-0.4134,-0.407,-0.4052,-0.4093,-0.4218,-0.4428,-0.4699,-0.5004,-0.5322,-0.5633,-0.592,-0.6169,-0.6373,-0.6529,-0.7962,-0.7769,-0.7304,-0.6599,-0.7071,-0.9572,-1.1831,-1.3081,-1.4112,-1.475,-1.1472,-0.9358,-0.888,-0.9379,-0.8956,-0.8007,-0.6756,-0.5896,-0.5492,-0.4939,-0.443,-0.409,-0.3906,-0.3807,-0.3741,-0.375,-0.3908,-0.4202,-0.457,-0.4972,-0.5383,-0.5776,-0.6129,-0.6423,-0.6648,-0.6806,-0.8106,-0.8053,-0.7933,-0.7936,-0.8718,-1.0513,-1.2515,-1.3895,-1.3243,-1.1764,-0.9913,-0.8717,-0.8453,-0.9583,-0.8932,-0.67,-0.5318,-0.5801,-0.5772,-0.4692,-0.3972,-0.3591,-0.3474,-0.345,-0.3364,-0.3317,-0.3539,-0.3961,-0.4458,-0.4985,-0.5517,-0.6022,-0.646,-0.6804,-0.7043,-0.7185,-0.8247,-0.8327,-0.8461,-0.8788,-0.9518,-1.069,-1.2051,-1.311,-1.2502,-1.0525,-0.8976,-0.8447,-0.8208,-0.6236,-0.6437,-0.3912,-0.1801,-0.3941,-0.4651,-0.3764,-0.2921,-0.2595,-0.2793,-0.3078,-0.3112,-0.3021,-0.3281,-0.3798,-0.441,-0.508,-0.5774,-0.6431,-0.6981,-0.7376,-0.7607,-0.77,-0.8334,-0.848,-0.8698,-0.9048,-0.9583,-1.0273,-1.0952,-1.1247,-1.0623,-0.9374,-0.839,-0.7645,-0.6216,-0.3238,-0.4625,0.135,0.8461,0.0571,-0.2491,-0.2124,-0.0666,-0.0589,-0.1718,-0.2638,-0.3019,-0.3081,-0.3287,-0.3761,-0.4445,-0.5289,-0.6216,-0.7101,-0.7805,-0.824,-0.8411,-0.8389,-0.8353,-0.851,-0.8718,-0.8995,-0.9337,-0.9692,-0.9935,-0.9872,-0.938,-0.8731,-0.8598,-0.7247,-0.685,-0.5776,-0.4646,0.0422,0.5277,0.0145,-0.2217,-0.0569,0.3758,0.2772,-0.0478,-0.2131,-0.2744,-0.2955,-0.3168,-0.3647,-0.4481,-0.5618,-0.6932,-0.8194,-0.912,-0.9546,-0.954,-0.9283,-0.8315,-0.8454,-0.8621,-0.8812,-0.901,-0.917,-0.9218,-0.9081,-0.8765,-0.8467,-0.8491,-0.7892,-0.8295,-0.8541,-0.6233,-0.3982,-0.2616,-0.3619,-0.4208,-0.1481,0.4254,0.306,-0.0429,-0.1936,-0.2286,-0.2239,-0.2398,-0.3117,-0.437,-0.6047,-0.8035,-0.997,-1.1226,-1.1492,-1.1057,-1.037,-0.8239,-0.835,-0.8471,-0.8594,-0.8699,-0.8758,-0.8736,-0.861,-0.841,-0.8218,-0.8081,-0.8016,-0.8683,-0.8797,-0.7532,-0.6779,-0.58,-0.6378,-0.7563,-0.4874,-0.1687,-0.0938,-0.1753,-0.2099,-0.1569,-0.0558,-0.0464,-0.1919,-0.4034,-0.6538,-0.9591,-1.2716,-1.4447,-1.4162,-1.2873,-1.1523,-0.8142,-0.8225,-0.8307,-0.838,-0.843,-0.844,-0.8395,-0.8292,-0.8151,-0.8007,-0.7895,-0.7869,-0.7991,-0.8095,-0.8952,-0.9413,-0.7279,-0.6892,-0.732,-0.6483,-0.4816,-0.3537,-0.2999,-0.2341,-0.0678,0.2284,0.2886,-0.0446,-0.3723,-0.6995,-1.1234,-1.6056,-1.8326,-1.6946,-1.4485,-1.2434,-0.8036,-0.8094,-0.8147,-0.8186,-0.8203,-0.8189,-0.8138,-0.8051,-0.7941,-0.7827,-0.7732,-0.7683,-0.7712,-0.7938,-0.8746,-0.895,-0.751,-0.6915,-0.7476,-0.783,-0.6049,-0.4665,-0.3799,-0.2795,-0.0853,0.2659,0.3428,-0.0855,-0.404,-0.7242,-1.1737,-1.7361,-1.9899,-1.7931,-1.4993,-1.2716,-0.7928,-0.7967,-0.7997,-0.8014,-0.8012,-0.7985,-0.7933,-0.7856,-0.7763,-0.7666,-0.7578,-0.7517,-0.7508,-0.7602,-0.7782,-0.7668,-0.7129,-0.6805,-0.7002,-0.697,-0.595,-0.4995,-0.4354,-0.3567,-0.2407,-0.1577,-0.2613,-0.3356,-0.502,-0.7352,-1.0584,-1.4733,-1.6984,-1.605,-1.4027,-1.2241,-0.7823,-0.7846,-0.7861,-0.7863,-0.7848,-0.7815,-0.7763,-0.7692,-0.7609,-0.7521,-0.7435,-0.7362,-0.7311,-0.7285,-0.7242,-0.7079,-0.6796,-0.6553,-0.6407,-0.6117,-0.5513,-0.4977,-0.4746,-0.4307,-0.3701,-0.3593,-0.397,-0.4505,-0.6585,-0.7914,-0.9332,-1.1491,-1.3082,-1.3173,-1.2332,-1.1298,-0.7723,-0.7735,-0.7738,-0.773,-0.7708,-0.767,-0.7618,-0.7551,-0.7474,-0.739,-0.7304,-0.722,-0.7139,-0.7055,-0.6944,-0.6779,-0.6563,-0.6334,-0.609,-0.5753,-0.5292,-0.4914,-0.4857,-0.4697,-0.4435,-0.4433,-0.4835,-0.6622,-0.9274,-0.9091,-0.8911,-0.9702,-1.061,-1.0968,-1.0768,-1.0288,-0.7631,-0.7633,-0.7628,-0.7612,-0.7585,-0.7545,-0.7493,-0.7429,-0.7355,-0.7273,-0.7186,-0.7095,-0.6999,-0.6892,-0.6762,-0.6602,-0.641,-0.6193,-0.5946,-0.5647,-0.5304,-0.5025,-0.4927,-0.4894,-0.4904,-0.5155,-0.5948,-0.7794,-0.9634,-0.9301,-0.874,-0.8886,-0.9313,-0.9601,-0.962,-0.9432]}]