docs/data/wind_grid.json
{"header": {"la1":42.1,"la2":41.55,"lo1":12.1,"lo2":12.95,"nx":50,"ny":50,"dx":0.01735,"dy":0.01122,"parameterCategory":2,"parameterNumber":3,"parameterNumberName":"northward_wind","parameterUnit":"m.s-1"}, "data":
[rows 0 to 45 of 50, columns 0 to 49 of 50]
1.6681,1.666,1.6635,1.6606,1.6573,1.6536,1.6495,1.6449,1.64,1.6346,1.6289,1.6228,1.6165,1.6098,1.6029,1.5956,1.588,1.58,1.5714,1.5621,1.5517,1.54,1.5265,1.5108,1.4923,1.4703,1.4443,1.4136,1.3775,1.3354,1.2872,1.2327,1.1723,1.1071,1.0388,0.9698,0.9028,0.8412,0.7879,0.7453,0.715,0.6973,0.6917,0.6967,0.7105,0.7311,0.7565,0.7852,0.8156,0.8467
1.6724,1.6704,1.6679,1.6651,1.6618,1.6581,1.6539,1.6493,1.6443,1.6389,1.633,1.6269,1.6204,1.6137,1.6067,1.5995,1.592,1.5842,1.5759,1.5669,1.5569,1.5456,1.5326,1.5173,1.4991,1.4774,1.4513,1.4201,1.383,1.3394,1.2887,1.2308,1.166,1.0953,1.0206,0.9445,0.8705,0.8024,0.7439,0.6978,0.666,0.6487,0.6451,0.6533,0.6712,0.6961,0.7259,0.7587,0.793,0.8275
1.6768,1.6748,1.6725,1.6697,1.6665,1.6627,1.6585,1.6539,1.6487,1.6432,1.6372,1.631,1.6244,1.6176,1.6106,1.6034,1.596,1.5883,1.5802,1.5716,1.5621,1.5513,1.5389,1.5241,1.5064,1.485,1.459,1.4276,1.3897,1.3446,1.2916,1.2302,1.1608,1.0842,1.0024,0.9186,0.8366,0.7612,0.6968,0.6468,0.6134,0.5968,0.5958,0.608,0.6305,0.6604,0.6951,0.7325,0.7708,0.809
1.6813,1.6795,1.6772,1.6745,1.6712,1.6675,1.6633,1.6585,1.6533,1.6476,1.6415,1.6351,1.6284,1.6214,1.6143,1.6071,1.5998,1.5923,1.5845,1.5763,1.5672,1.5571,1.5453,1.5312,1.5141,1.4932,1.4675,1.436,1.3976,1.3513,1.296,1.2313,1.1571,1.0742,0.9848,0.8923,0.8015,0.7178,0.6466,0.5924,0.5575,0.542,0.5442,0.5611,0.589,0.6245,0.6645,0.7068,0.7495,0.7914
1.686,1.6843,1.6821,1.6794,1.6762,1.6725,1.6682,1.6634,1.658,1.6522,1.6459,1.6393,1.6323,1.6252,1.618,1.6107,1.6034,1.5961,1.5886,1.5807,1.5723,1.5628,1.5517,1.5384,1.5221,1.5019,1.4768,1.4455,1.4068,1.3595,1.3023,1.2344,1.1554,1.066,0.9684,0.8664,0.7655,0.6724,0.5937,0.5348,0.4984,0.4845,0.4907,0.513,0.5471,0.5888,0.6347,0.6821,0.7293,0.775
1.6908,1.6892,1.6871,1.6845,1.6814,1.6776,1.6733,1.6684,1.6629,1.6569,1.6504,1.6435,1.6363,1.629,1.6216,1.6142,1.6069,1.5997,1.5924,1.585,1.5771,1.5683,1.5581,1.5457,1.5304,1.5111,1.4867,1.4559,1.4174,1.3695,1.3107,1.2398,1.1562,1.0601,0.9539,0.8415,0.7295,0.6258,0.5387,0.4745,0.4368,0.425,0.436,0.4646,0.5056,0.554,0.6061,0.659,0.7107,0.7602
1.6958,1.6943,1.6924,1.6899,1.6868,1.683,1.6786,1.6736,1.668,1.6617,1.655,1.6478,1.6403,1.6327,1.6251,1.6175,1.6102,1.603,1.596,1.589,1.5817,1.5737,1.5644,1.553,1.5387,1.5206,1.4972,1.4673,1.4293,1.3813,1.3214,1.2481,1.1601,1.0575,0.9422,0.8188,0.6945,0.579,0.4824,0.4126,0.3735,0.3645,0.381,0.4169,0.4654,0.5211,0.5796,0.6379,0.6943,0.7474
1.7009,1.6996,1.6978,1.6954,1.6924,1.6887,1.6842,1.6791,1.6733,1.6668,1.6597,1.6522,1.6444,1.6364,1.6284,1.6206,1.6132,1.606,1.5993,1.5927,1.586,1.5788,1.5704,1.5602,1.5471,1.5303,1.5083,1.4796,1.4425,1.395,1.3347,1.2596,1.1679,1.0591,0.9348,0.7996,0.6621,0.5335,0.4263,0.3503,0.3101,0.3044,0.3274,0.3711,0.4278,0.491,0.556,0.6197,0.6804,0.7371
1.7062,1.7051,1.7035,1.7012,1.6983,1.6946,1.6901,1.6848,1.6788,1.672,1.6647,1.6567,1.6485,1.6401,1.6317,1.6236,1.6159,1.6087,1.6021,1.5959,1.5899,1.5835,1.5762,1.5671,1.5554,1.54,1.5196,1.4926,1.4571,1.4107,1.3509,1.2749,1.1804,1.0661,0.933,0.786,0.6342,0.4915,0.3726,0.2899,0.2487,0.2469,0.2769,0.3291,0.3941,0.4648,0.5362,0.6051,0.6698,0.7296
1.7117,1.7109,1.7094,1.7073,1.7044,1.7008,1.6963,1.6909,1.6847,1.6776,1.6698,1.6614,1.6527,1.6437,1.6348,1.6263,1.6183,1.611,1.6045,1.5987,1.5933,1.5877,1.5814,1.5736,1.5634,1.5497,1.5312,1.5063,1.4729,1.4284,1.37,1.2943,1.1982,1.0796,0.9387,0.7799,0.6137,0.4558,0.3244,0.2343,0.1921,0.1946,0.2321,0.2928,0.3661,0.444,0.5212,0.5947,0.663,0.7254
1.7174,1.7168,1.7156,1.7136,1.7109,1.7073,1.7028,1.6973,1.6909,1.6835,1.6753,1.6664,1.657,1.6474,1.6379,1.6288,1.6204,1.6129,1.6065,1.601,1.5961,1.5914,1.5862,1.5796,1.5709,1.559,1.5427,1.5203,1.4897,1.4481,1.3923,1.3183,1.2223,1.101,0.9536,0.7842,0.6036,0.4301,0.2854,0.1876,0.1442,0.151,0.1958,0.2647,0.3456,0.4299,0.5121,0.5894,0.6604,0.7248
1.7233,1.723,1.722,1.7203,1.7177,1.7142,1.7097,1.7042,1.6975,1.6897,1.681,1.6715,1.6615,1.6512,1.6409,1.6311,1.6222,1.6144,1.6079,1.6027,1.5984,1.5945,1.5903,1.585,1.5778,1.5678,1.5539,1.5345,1.5074,1.4698,1.4178,1.3472,1.2532,1.1315,0.9799,0.8016,0.6077,0.4189,0.2607,0.1547,0.1097,0.1201,0.1714,0.2473,0.3345,0.4238,0.5098,0.5897,0.6625,0.7281
1.7294,1.7294,1.7287,1.7273,1.7249,1.7216,1.7171,1.7115,1.7046,1.6965,1.6873,1.6771,1.6662,1.655,1.6439,1.6333,1.6237,1.6154,1.6088,1.6038,1.6001,1.597,1.5938,1.5896,1.5838,1.5759,1.5647,1.5488,1.5259,1.4932,1.4466,1.3813,1.2917,1.1723,1.0194,0.8349,0.63,0.427,0.2556,0.1411,0.0936,0.1063,0.1622,0.2431,0.3345,0.427,0.5151,0.5963,0.6698,0.7356
1.7357,1.736,1.7357,1.7346,1.7326,1.7294,1.725,1.7193,1.7122,1.7038,1.694,1.6831,1.6713,1.6591,1.647,1.6354,1.6249,1.616,1.6092,1.6044,1.6013,1.599,1.5966,1.5933,1.589,1.583,1.5747,1.5627,1.5449,1.5183,1.4787,1.4208,1.3382,1.2242,1.0736,0.8868,0.674,0.4594,0.2759,0.1526,0.1012,0.1138,0.1714,0.2543,0.3472,0.4404,0.5286,0.6094,0.6823,0.7474
1.7422,1.7429,1.7431,1.7423,1.7406,1.7378,1.7335,1.7278,1.7206,1.7117,1.7013,1.6896,1.6769,1.6636,1.6502,1.6374,1.6259,1.6163,1.6091,1.6044,1.602,1.6005,1.5988,1.5963,1.593,1.5891,1.5839,1.5763,1.5644,1.545,1.514,1.4657,1.3929,1.2878,1.1437,0.9589,0.7428,0.52,0.3264,0.1942,0.1369,0.146,0.2015,0.2826,0.3735,0.4645,0.5506,0.6294,0.7003,0.7636
1.7488,1.7501,1.7507,1.7505,1.7492,1.7467,1.7427,1.737,1.7296,1.7204,1.7093,1.6968,1.6829,1.6684,1.6537,1.6395,1.6268,1.6162,1.6085,1.6041,1.6024,1.6018,1.6006,1.5985,1.596,1.594,1.5921,1.5894,1.5841,1.5733,1.5526,1.516,1.4558,1.3631,1.2296,1.0518,0.8375,0.611,0.4098,0.2689,0.2032,0.2048,0.2535,0.3283,0.4136,0.4995,0.5811,0.656,0.7235,0.784
1.7557,1.7575,1.7587,1.759,1.7583,1.7562,1.7525,1.747,1.7395,1.7299,1.7183,1.7047,1.6897,1.6738,1.6575,1.6418,1.6276,1.6158,1.6075,1.6033,1.6027,1.6032,1.6024,1.5999,1.5979,1.5976,1.5993,1.602,1.6042,1.6031,1.5943,1.5716,1.5267,1.4497,1.3309,1.1648,0.9573,0.7318,0.5261,0.3765,0.2999,0.2898,0.3269,0.3911,0.4669,0.5448,0.6196,0.6889,0.7518,0.8083
1.7628,1.7652,1.767,1.768,1.7679,1.7664,1.7632,1.7579,1.7504,1.7405,1.7282,1.7136,1.6973,1.6798,1.6619,1.6445,1.6285,1.6153,1.6061,1.6021,1.6029,1.6051,1.6042,1.6007,1.5986,1.6002,1.6055,1.6141,1.6246,1.6343,1.6391,1.6324,1.6051,1.5465,1.4455,1.295,1.0988,0.8784,0.671,0.5131,0.4235,0.3979,0.4193,0.4688,0.532,0.5993,0.6653,0.7274,0.7845,0.8363
1.77,1.7731,1.7757,1.7774,1.778,1.7773,1.7747,1.7698,1.7625,1.7523,1.7393,1.7236,1.7059,1.6867,1.6669,1.6475,1.6296,1.6146,1.6042,1.6001,1.6027,1.6073,1.6059,1.6004,1.598,1.6016,1.6111,1.626,1.6454,1.6671,1.6869,1.6978,1.6901,1.6518,1.5706,1.438,1.2558,1.0437,0.8368,0.6713,0.5674,0.5238,0.5264,0.5586,0.6066,0.6613,0.717,0.7707,0.8211,0.8674
1.7773,1.7812,1.7846,1.7872,1.7888,1.7889,1.7871,1.7829,1.7758,1.7654,1.7517,1.7349,1.7155,1.6945,1.6727,1.6513,1.6312,1.6139,1.6015,1.5964,1.6004,1.6079,1.6056,1.5977,1.5958,1.602,1.616,1.6377,1.6667,1.7013,1.7373,1.7671,1.78,1.7628,1.702,1.5876,1.4203,1.2178,1.0131,0.8412,0.7231,0.6607,0.6433,0.6566,0.6881,0.7289,0.7733,0.8179,0.8608,0.9011
1.7848,1.7895,1.7938,1.7975,1.8001,1.8013,1.8005,1.7971,1.7905,1.7801,1.7657,1.7475,1.7264,1.7033,1.6794,1.6557,1.6333,1.6133,1.598,1.5899,1.5921,1.6005,1.5981,1.5907,1.5915,1.6016,1.6207,1.6495,1.6884,1.7365,1.7894,1.8388,1.8726,1.876,1.8341,1.7364,1.583,1.3902,1.1888,1.012,0.8812,0.8011,0.7642,0.7586,0.7734,0.8,0.8327,0.8676,0.9027,0.9367
1.7923,1.7979,1.8033,1.8081,1.812,1.8145,1.815,1.8127,1.8068,1.7966,1.7815,1.7618,1.7385,1.7131,1.6869,1.661,1.6361,1.6132,1.5938,1.5801,1.5743,1.576,1.5766,1.5775,1.5852,1.6007,1.6253,1.6613,1.7103,1.7719,1.8419,1.9107,1.9643,1.9862,1.9605,1.8765,1.7346,1.5507,1.3536,1.1742,1.0336,0.9383,0.8838,0.8608,0.8597,0.8725,0.8935,0.9189,0.9462,0.9737
1.7998,1.8064,1.8129,1.819,1.8244,1.8285,1.8306,1.8298,1.825,1.8151,1.7994,1.7779,1.752,1.7237,1.695,1.667,1.6399,1.6139,1.5898,1.5685,1.5502,1.5385,1.5449,1.5605,1.5778,1.5997,1.6302,1.6733,1.7319,1.8065,1.8926,1.9793,2.0505,2.0876,2.0741,2.0,1.867,1.6913,1.4996,1.3203,1.1735,1.0667,0.9978,0.9597,0.9443,0.9443,0.9544,0.9706,0.9902,1.0114
1.8072,1.8149,1.8226,1.8301,1.8372,1.8431,1.8473,1.8484,1.8452,1.8361,1.8197,1.7961,1.7668,1.7348,1.7032,1.6733,1.6447,1.6162,1.5876,1.559,1.5301,1.5098,1.5196,1.5458,1.5716,1.5996,1.6356,1.6852,1.7525,1.8386,1.9386,2.0403,2.1253,2.1734,2.1678,2.1002,1.9744,1.8066,1.622,1.4459,1.2968,1.1827,1.103,1.0527,1.0251,1.0139,1.0141,1.0217,1.034,1.0491
1.8145,1.8233,1.8323,1.8414,1.8502,1.8584,1.8649,1.8686,1.8677,1.8599,1.8432,1.8169,1.7829,1.7459,1.7107,1.6792,1.6501,1.6204,1.5887,1.555,1.5215,1.5004,1.5101,1.5385,1.5688,1.6013,1.642,1.697,1.7712,1.8663,1.9768,2.0892,2.1834,2.2378,2.2364,2.173,2.0535,1.8945,1.7189,1.5492,1.4015,1.284,1.1972,1.1379,1.1005,1.0799,1.0714,1.0714,1.077,1.0865
1.8216,1.8315,1.8418,1.8526,1.8635,1.874,1.8835,1.8903,1.8925,1.8869,1.8703,1.8408,1.8005,1.7562,1.716,1.6832,1.6552,1.6265,1.5938,1.5582,1.5248,1.5062,1.514,1.5397,1.5706,1.6055,1.6493,1.7081,1.7871,1.8877,2.0043,2.1222,2.2202,2.2766,2.2769,2.217,2.1045,1.9557,1.7911,1.6303,1.4874,1.37,1.2796,1.2142,1.1695,1.1414,1.1256,1.1189,1.1186,1.1229
1.8284,1.8393,1.8511,1.8635,1.8766,1.8898,1.9026,1.9134,1.9197,1.9177,1.9022,1.8692,1.8199,1.7647,1.7171,1.6833,1.6584,1.6334,1.6027,1.5681,1.5372,1.521,1.5264,1.5479,1.577,1.6124,1.6576,1.7184,1.7994,1.9017,2.0193,2.1372,2.2341,2.2893,2.2898,2.2338,2.1296,1.9926,1.8409,1.6911,1.5556,1.4412,1.3501,1.2813,1.2316,1.1977,1.1761,1.1638,1.1584,1.158
1.8348,1.8468,1.8598,1.874,1.8893,1.9054,1.9219,1.9373,1.9491,1.9525,1.94,1.9036,1.8423,1.7707,1.7119,1.6768,1.6577,1.6395,1.6137,1.5826,1.5549,1.5405,1.5436,1.5609,1.5872,1.6215,1.6666,1.7273,1.8076,1.9079,2.0219,2.1348,2.2266,2.2783,2.2788,2.2276,2.1331,2.0092,1.8716,1.7342,1.6079,1.4987,1.4093,1.3393,1.2866,1.2487,1.2225,1.2057,1.196,1.1916
1.8407,1.8537,1.868,1.8838,1.9013,1.9203,1.9407,1.9614,1.9798,1.9909,1.9844,1.9465,1.8699,1.7739,1.6984,1.6623,1.6515,1.6431,1.6248,1.5989,1.5749,1.5618,1.5629,1.5765,1.5997,1.632,1.6758,1.7346,1.8117,1.9068,2.0134,2.1178,2.2017,2.2486,2.2493,2.2038,2.12,2.01,1.8869,1.7627,1.6466,1.5442,1.4581,1.3887,1.3348,1.2942,1.2648,1.2444,1.2311,1.2234
1.846,1.8599,1.8753,1.8927,1.9122,1.934,1.9583,1.9844,2.0105,2.0314,2.0351,2.0,1.9063,1.7761,1.6773,1.6408,1.6408,1.6438,1.6344,1.6147,1.5947,1.5827,1.5823,1.593,1.6133,1.6432,1.6846,1.7402,1.8122,1.8997,1.9964,2.09,2.1646,2.2063,2.2074,2.1682,2.0954,1.9991,1.8904,1.7795,1.674,1.5792,1.4977,1.4303,1.3764,1.3345,1.3029,1.2799,1.2638,1.2532
1.8506,1.8652,1.8817,1.9004,1.9216,1.9459,1.9737,2.005,2.0388,2.0709,2.0888,2.0633,1.9552,1.7826,1.6546,1.6186,1.6297,1.6433,1.6422,1.6287,1.6127,1.6021,1.6009,1.6093,1.627,1.6542,1.6925,1.7439,1.8096,1.8883,1.9739,2.0558,2.1208,2.1572,2.1588,2.1258,2.0635,1.9803,1.8854,1.7872,1.6923,1.6055,1.5293,1.4649,1.412,1.3698,1.337,1.3121,1.2939,1.281
1.8545,1.8697,1.887,1.9066,1.9293,1.9555,1.9861,2.0217,2.0621,2.1044,2.1374,2.1276,2.0142,1.8019,1.6446,1.6073,1.6249,1.6446,1.6492,1.6409,1.6285,1.6195,1.6178,1.6245,1.6399,1.6645,1.6994,1.7459,1.8048,1.8741,1.9485,2.0189,2.0745,2.106,2.108,2.0806,2.0279,1.9568,1.8745,1.7882,1.7036,1.6247,1.5542,1.4934,1.4423,1.4005,1.3672,1.3412,1.3214,1.3068
1.8575,1.8732,1.891,1.9113,1.9349,1.9624,1.9947,2.0329,2.0775,2.1266,2.1703,2.1743,2.0666,1.8377,1.6623,1.6173,1.6316,1.6505,1.6569,1.6518,1.6422,1.6346,1.6329,1.6384,1.6518,1.6737,1.705,1.7466,1.7984,1.8586,1.9223,1.982,2.029,2.0558,2.058,2.0355,1.9913,1.9308,1.8599,1.7845,1.7094,1.6382,1.5735,1.5166,1.4678,1.4271,1.3939,1.3673,1.3464,1.3305
1.8598,1.8756,1.8937,1.9143,1.9382,1.9662,1.9991,2.038,2.0835,2.1338,2.1792,2.1868,2.0896,1.8781,1.7055,1.6481,1.6498,1.6617,1.6662,1.6621,1.6543,1.6479,1.6461,1.6507,1.6623,1.6817,1.7094,1.746,1.7911,1.8427,1.8967,1.9468,1.9862,2.0087,2.011,1.9925,1.9555,1.9042,1.8433,1.7775,1.7111,1.6472,1.5882,1.5353,1.4892,1.45,1.4173,1.3906,1.3692,1.3523
1.8611,1.877,1.895,1.9156,1.9393,1.9669,1.9992,2.0368,2.0799,2.1259,2.1645,2.1659,2.0798,1.9063,1.7549,1.6885,1.6751,1.6769,1.677,1.6723,1.6653,1.6596,1.6578,1.6615,1.6715,1.6885,1.7128,1.7447,1.7835,1.8273,1.8726,1.9143,1.947,1.9658,1.9678,1.9526,1.9216,1.8781,1.8258,1.7686,1.71,1.6528,1.5991,1.5503,1.507,1.4696,1.4378,1.4114,1.3897,1.3722
1.8617,1.8774,1.8951,1.9152,1.9383,1.9648,1.9952,2.03,2.0682,2.1065,2.1339,2.1262,2.0517,1.9181,1.7947,1.7269,1.7017,1.6938,1.6888,1.6825,1.6755,1.67,1.6681,1.671,1.6795,1.6942,1.7152,1.7427,1.7758,1.8127,1.8505,1.885,1.9119,1.9274,1.929,1.9163,1.8902,1.8532,1.8082,1.7584,1.7068,1.6557,1.6071,1.5622,1.5218,1.4863,1.4557,1.4298,1.4081,1.3904
1.8614,1.8767,1.8939,1.9133,1.9352,1.96,1.9879,2.0187,2.0508,2.0801,2.0964,2.0819,2.0193,1.9181,1.8207,1.7574,1.7256,1.7103,1.7008,1.6925,1.6849,1.6794,1.6771,1.6792,1.6863,1.6988,1.7169,1.7403,1.7683,1.7992,1.8305,1.8589,1.8809,1.8935,1.8946,1.8838,1.8616,1.83,1.7912,1.7478,1.7023,1.6567,1.6127,1.5716,1.5341,1.5006,1.4713,1.4461,1.4247,1.4069
1.8603,1.8752,1.8916,1.91,1.9305,1.9532,1.978,2.0043,2.0301,2.051,2.0586,2.0407,1.9888,1.9118,1.8352,1.7791,1.745,1.7251,1.712,1.7019,1.6936,1.6878,1.6851,1.6864,1.6922,1.7027,1.7179,1.7377,1.7612,1.7869,1.8127,1.8359,1.8537,1.8637,1.8643,1.8549,1.8359,1.8087,1.7751,1.7372,1.697,1.6563,1.6165,1.5789,1.5441,1.5127,1.4848,1.4605,1.4396,1.4218
1.8586,1.8728,1.8884,1.9055,1.9243,1.9447,1.9664,1.9882,2.0082,2.0221,2.0236,2.0048,1.9622,1.9025,1.8418,1.7932,1.7596,1.7375,1.7221,1.7105,1.7015,1.6953,1.6921,1.6926,1.6971,1.7057,1.7185,1.735,1.7545,1.7757,1.7969,1.8157,1.83,1.8378,1.8378,1.8294,1.813,1.7894,1.7602,1.7269,1.6913,1.6549,1.6189,1.5845,1.5524,1.523,1.4966,1.4732,1.4529,1.4354
1.8562,1.8696,1.8842,1.9001,1.9171,1.9352,1.9536,1.9714,1.9863,1.995,1.9926,1.9744,1.9392,1.8921,1.8433,1.8015,1.77,1.7473,1.7307,1.7181,1.7086,1.7019,1.6982,1.698,1.7013,1.7082,1.7187,1.7323,1.7484,1.7658,1.7829,1.7981,1.8094,1.8153,1.8147,1.8071,1.7926,1.772,1.7464,1.717,1.6854,1.6528,1.6203,1.5889,1.5592,1.5317,1.5068,1.4845,1.4648,1.4476
1.8533,1.8659,1.8794,1.8939,1.9092,1.9249,1.9404,1.9545,1.9654,1.9702,1.9656,1.9487,1.9194,1.8815,1.8417,1.8059,1.7769,1.7547,1.7377,1.7246,1.7147,1.7077,1.7036,1.7025,1.7047,1.7101,1.7186,1.7297,1.7428,1.7568,1.7706,1.7827,1.7915,1.7957,1.7946,1.7875,1.7746,1.7564,1.7338,1.7078,1.6796,1.6503,1.6209,1.5921,1.5647,1.5391,1.5156,1.4944,1.4754,1.4587
1.8499,1.8616,1.8741,1.8872,1.9007,1.9143,1.9271,1.9383,1.9459,1.948,1.9422,1.9268,1.9022,1.8711,1.8381,1.8073,1.7811,1.76,1.7432,1.7301,1.72,1.7126,1.7081,1.7064,1.7076,1.7116,1.7182,1.7271,1.7376,1.7489,1.7598,1.7692,1.7759,1.7788,1.777,1.7703,1.7587,1.7425,1.7224,1.6992,1.674,1.6476,1.6209,1.5946,1.5693,1.5454,1.5233,1.5031,1.4849,1.4688
1.8461,1.857,1.8684,1.8801,1.892,1.9036,1.9142,1.9228,1.928,1.9282,1.9219,1.908,1.8871,1.8612,1.8334,1.8069,1.7834,1.7636,1.7474,1.7345,1.7243,1.7168,1.7119,1.7096,1.7099,1.7127,1.7177,1.7246,1.7329,1.7418,1.7503,1.7575,1.7623,1.764,1.7618,1.7554,1.7447,1.7301,1.7121,1.6914,1.6687,1.6448,1.6205,1.5964,1.573,1.5508,1.53,1.5109,1.4935,1.4778
1.842,1.852,1.8623,1.8728,1.8832,1.893,1.9017,1.9082,1.9116,1.9106,1.9041,1.8917,1.8737,1.8518,1.8282,1.8051,1.7841,1.7658,1.7504,1.7379,1.7278,1.7203,1.7151,1.7122,1.7117,1.7134,1.717,1.7223,1.7286,1.7354,1.7419,1.7472,1.7505,1.7512,1.7485,1.7423,1.7324,1.7191,1.7029,1.6842,1.6637,1.642,1.6198,1.5977,1.5761,1.5554,1.5358,1.5177,1.5011,1.486
1.8376,1.8468,1.8562,1.8655,1.8745,1.8828,1.8898,1.8947,1.8967,1.8949,1.8885,1.8773,1.8617,1.8429,1.8226,1.8025,1.7836,1.7669,1.7524,1.7404,1.7306,1.723,1.7176,1.7143,1.7131,1.7138,1.7162,1.72,1.7247,1.7297,1.7345,1.7382,1.7402,1.74,1.7369,1.7308,1.7216,1.7094,1.6946,1.6777,1.659,1.6393,1.619,1.5986,1.5786,1.5593,1.5409,1.5238,1.508,1.4935
1.8331,1.8415,1.8499,1.8581,1.8659,1.8729,1.8785,1.8821,1.8831,1.8808,1.8746,1.8645,1.8509,1.8346,1.817,1.7993,1.7824,1.7671,1.7536,1.7421,1.7326,1.7251,1.7196,1.7159,1.7141,1.714,1.7153,1.7178,1.7211,1.7247,1.7279,1.7303,1.7312,1.7302,1.7267,1.7207,1.712,1.7008,1.6872,1.6717,1.6547,1.6367,1.618,1.5992,1.5807,1.5626,1.5454,1.5292,1.5141,1.5002
