docs/data/wind_grid.json
[{"header":{"la1":42.85,"la2":41.18,"lo1":11.55,"lo2":14.05,"nx":36,"ny":24,"dx":0.07143,"dy":0.07261,"parameterCategory":2,"parameterNumber":2,"parameterNumberName":"eastward_wind","parameterUnit":"m.s-1"},"data":[2.3285,2.326,2.3219,2.3159,2.3079,2.2977,2.2857,2.2717,2.2556,2.2364,2.2124,2.182,2.1439,2.0968,2.04,1.9727,1.8942,1.8042,1.7038,1.5979,1.4981,1.4222,1.386,1.3929,1.4321,1.4874,1.5454,1.5984,1.6435,1.6802,1.7094,1.7323,1.7503,1.7644,1.7756,1.7847,2.3387,2.337,2.3334,2.3275,2.3188,2.3077,2.2946,2.2804,2.2652,2.2477,2.2254,2.1954,2.1557,2.1048,2.0416,1.9649,1.8726,1.7625,1.6322,1.4835,1.3324,1.2154,1.1707,1.2044,1.2873,1.3848,1.4753,1.5505,1.6097,1.6551,1.6894,1.7153,1.735,1.75,1.7617,1.771,2.3491,2.3485,2.3456,2.3395,2.3295,2.3158,2.2998,2.2838,2.2698,2.2563,2.2384,2.2109,2.1707,2.1164,2.0472,1.9612,1.8554,1.7245,1.5588,1.3463,1.0981,0.8922,0.8357,0.9361,1.1066,1.273,1.4076,1.5086,1.582,1.635,1.6732,1.7009,1.7212,1.7364,1.7479,1.7571,2.3596,2.3608,2.3591,2.3528,2.3404,2.3214,2.2977,2.2754,2.2621,2.2575,2.25,2.2285,2.1891,2.1319,2.0572,1.9632,1.846,1.6987,1.5036,1.2113,0.7762,0.3541,0.2902,0.5676,0.9055,1.1713,1.3562,1.4808,1.5648,1.6221,1.6616,1.6892,1.7089,1.7233,1.7341,1.7427,2.3699,2.3743,2.3754,2.3696,2.3537,2.3253,2.2842,2.2416,2.2252,2.2422,2.2587,2.2492,2.2114,2.1507,2.071,1.9712,1.8458,1.6907,1.4978,1.1672,0.4337,-0.5116,-0.5189,0.1718,0.7551,1.1198,1.34,1.4757,1.5618,1.6177,1.6549,1.6801,1.6977,1.7102,1.7197,1.7273,2.3795,2.3899,2.3975,2.3943,2.3743,2.3333,2.2612,2.1628,2.1257,2.2006,2.2688,2.2766,2.2378,2.1704,2.085,1.9835,1.8556,1.6928,1.5346,1.3341,0.4914,-1.0282,-0.9337,0.104,0.789,1.1637,1.374,1.4976,1.5733,1.6211,1.652,1.6725,1.6864,1.6963,1.7038,1.7101,2.3864,2.4081,2.4319,2.4372,2.4097,2.3579,2.2619,2.0814,1.9915,2.1733,2.3041,2.3192,2.2686,2.1842,2.0875,1.9911,1.8801,1.7147,1.5253,1.5026,1.1744,0.3319,0.1614,0.6465,1.0557,1.3053,1.4525,1.5407,1.5948,1.6287,1.6503,1.6643,1.6736,1.6802,1.6854,1.6903,2.3847,2.4235,2.4894,2.5245,2.463,2.3981,2.3374,2.2126,2.1523,2.3061,2.4018,2.3857,2.3031,2.1793,2.0459,1.9559,1.9073,1.8233,1.6973,1.7539,1.9955,1.8225,1.4291,1.333,1.3995,1.4835,1.547,1.5897,1.6173,1.635,1.646,1.6528,1.6571,1.6602,1.6631,1.6666,2.363,2.4075,2.5396,2.6703,2.4891,2.4084,2.4448,2.4776,2.5227,2.5788,2.5612,2.4764,2.3449,2.1445,1.8799,1.7589,1.8645,1.9465,1.9916,2.2293,2.8434,2.6884,2.0703,1.7606,1.6538,1.6253,1.6217,1.6251,1.6296,1.6331,1.6348,1.635,1.6345,1.6343,1.6351,1.6376,2.3147,2.3086,2.3531,2.3956,2.2208,2.3286,2.5297,2.7035,2.8809,2.9304,2.7585,2.5809,2.4151,2.1342,1.4839,1.1359,1.7314,2.0212,2.1357,2.3179,2.6519,2.573,2.1863,1.9193,1.7711,1.6907,1.6493,1.6304,1.6222,1.6174,1.6128,1.6079,1.6034,1.6003,1.5996,1.6018,2.2627,2.1706,1.9538,1.468,1.5689,2.2135,2.62,2.8688,3.2165,3.3876,2.9231,2.6685,2.5345,2.3461,1.6734,1.1592,1.8655,2.1387,2.2146,2.2648,2.3206,2.2721,2.1041,1.9192,1.7665,1.6635,1.6122,1.5946,1.5892,1.5845,1.5776,1.5691,1.5612,1.5558,1.5543,1.5572,2.2465,2.1288,1.8822,1.4947,1.6302,2.3144,2.7693,2.972,3.0962,3.1749,2.8838,2.7102,2.6559,2.6665,2.5495,2.2603,2.2618,2.2943,2.2919,2.2716,2.236,2.1607,2.0262,1.8424,1.6485,1.5211,1.4948,1.5146,1.5318,1.5351,1.528,1.5162,1.5048,1.4974,1.496,1.5012,2.2759,2.1979,2.0822,1.9988,2.1585,2.5438,2.8912,3.0811,3.0203,2.9164,2.7981,2.7333,2.7178,2.816,2.8382,2.6036,2.4843,2.3426,2.3227,2.3003,2.236,2.1359,1.9762,1.7262,1.4067,1.2283,1.299,1.4072,1.461,1.473,1.4636,1.4462,1.4298,1.4204,1.4208,1.4308,2.3282,2.298,2.2754,2.3035,2.4348,2.6496,2.8636,3.0024,2.966,2.8468,2.7732,2.7598,2.7536,2.6239,2.7197,2.7976,2.6346,2.4205,2.3588,2.3232,2.2532,2.1464,1.9651,1.6465,1.1697,0.9242,1.137,1.3242,1.3939,1.4015,1.3816,1.353,1.3287,1.3175,1.3225,1.3421,2.3796,2.3797,2.3958,2.4454,2.5396,2.6638,2.7814,2.8505,2.8453,2.816,2.8027,2.7599,2.7061,2.7018,2.7001,2.812,2.3124,2.4286,2.3965,2.3409,2.2778,2.1889,2.0101,1.7022,1.2918,1.0757,1.1904,1.3012,1.3318,1.3154,1.2742,1.2257,1.1886,1.1768,1.193,1.2304,2.4197,2.4342,2.4617,2.5084,2.5747,2.6507,2.7189,2.7634,2.7884,2.8419,2.9927,2.8161,2.7204,2.6422,2.6291,2.5428,2.3509,2.4228,2.4057,2.3501,2.3057,2.2581,2.0794,1.8072,1.519,1.3346,1.28,1.2668,1.2463,1.2015,1.1291,1.0463,0.9876,0.9799,1.0215,1.0923,2.4472,2.4669,2.4955,2.5346,2.5826,2.6336,2.6798,2.7172,2.7547,2.8241,2.9475,2.8041,2.5112,2.3986,2.5819,2.5872,2.5191,2.4531,2.397,2.3667,2.3155,2.2775,2.1042,1.8334,1.5402,1.3021,1.1697,1.1284,1.1099,1.0538,0.9365,0.788,0.6903,0.702,0.7999,0.9298,2.4641,2.4847,2.511,2.5431,2.5793,2.6165,2.6511,2.6821,2.7126,2.7455,2.7551,2.6699,2.4505,2.4139,2.6946,2.7707,2.6267,2.4196,2.2546,2.4156,2.3896,2.2827,2.0863,1.7697,1.3583,0.9578,0.7945,0.8649,0.9343,0.8915,0.7033,0.4234,0.255,0.3291,0.5396,0.7604,2.4732,2.4927,2.5159,2.5423,2.5708,2.5993,2.6262,2.6503,2.6709,2.6845,2.6792,2.6441,2.6069,2.6967,3.0961,3.2574,2.7971,2.5361,2.467,2.7335,2.5872,2.3602,2.0897,1.6864,1.0845,0.3698,0.2017,0.5653,0.7773,0.7634,0.4873,0.0006,-0.2667,-0.0605,0.3088,0.6273,2.4766,2.4944,2.5145,2.5365,2.5594,2.582,2.6032,2.6218,2.6367,2.6457,2.6469,2.6454,2.6686,2.7822,3.0577,3.1415,2.8453,2.7557,3.114,3.329,2.8055,2.4742,2.1678,1.7073,1.0201,0.2332,0.0666,0.464,0.7029,0.7239,0.4295,-0.1622,-0.4807,-0.1997,0.2356,0.5863,2.4759,2.4919,2.5093,2.5277,2.5464,2.5647,2.5817,2.5967,2.6088,2.6178,2.6251,2.6367,2.6671,2.7353,2.8282,2.8458,2.7748,2.7828,2.9631,3.0267,2.7997,2.6359,2.4213,1.9289,1.2231,0.5812,0.2569,0.4065,0.7081,0.7963,0.6005,0.1759,-0.084,0.0657,0.3748,0.6567,2.4724,2.4865,2.5015,2.517,2.5326,2.5476,2.5615,2.5739,2.5845,2.5936,2.6028,2.616,2.6383,2.6719,2.7043,2.7116,2.6998,2.7136,2.7651,2.7917,2.827,3.0353,3.0416,2.3733,1.492,0.6746,0.0639,0.3708,0.8708,0.9813,0.8627,0.6263,0.4534,0.4735,0.6214,0.7982,2.4668,2.4792,2.4922,2.5053,2.5183,2.5307,2.5422,2.5526,2.5617,2.57,2.5786,2.589,2.6028,2.6187,2.6314,2.6352,2.6345,2.6427,2.6675,2.7224,2.9078,3.3844,3.5431,2.7219,1.7787,1.0555,0.6847,0.8903,1.2312,1.2024,1.0729,0.928,0.8193,0.7981,0.8566,0.9549,2.4597,2.4706,2.4817,2.4928,2.5037,2.514,2.5235,2.532,2.5396,2.5464,2.5531,2.5601,2.5676,2.5745,2.5788,2.5794,2.5787,2.5832,2.6024,2.6603,2.8159,3.0822,3.1038,2.5878,1.9259,1.41,1.1499,1.1737,1.2852,1.2582,1.1783,1.0979,1.0369,1.0166,1.0405,1.0952]},{"header":{"la1":42.85,"la2":41.18,"lo1":11.55,"lo2":14.05,"nx":36,"ny":24,"dx":0.07143,"dy":0.07261,"parameterCategory":2,"parameterNumber":3,"parameterNumberName":"northward_wind","parameterUnit":"m.s-1"},"data":[1.0367,1.0459,1.0523,1.0557,1.0558,1.0523,1.0443,1.0302,1.0088,0.9794,0.9427,0.8998,0.8518,0.799,0.7419,0.6812,0.6186,0.5575,0.5016,0.4542,0.4179,0.3945,0.3846,0.3867,0.397,0.4108,0.4247,0.4367,0.4462,0.453,0.4574,0.4599,0.4609,0.4607,0.4597,0.4582,1.0711,1.0837,1.0929,1.0987,1.1013,1.1009,1.0961,1.0842,1.062,1.0283,0.9847,0.9339,0.8777,0.8161,0.7484,0.6744,0.5964,0.5191,0.4489,0.3909,0.3476,0.3218,0.3163,0.3291,0.3526,0.3784,0.4016,0.42,0.4336,0.443,0.4488,0.4521,0.4533,0.4532,0.4522,0.4506,1.1101,1.1271,1.1397,1.148,1.1535,1.1576,1.1595,1.1535,1.1319,1.0915,1.0369,0.9749,0.909,0.838,0.7583,0.6676,0.5673,0.4659,0.3759,0.3054,0.2534,0.2222,0.2232,0.2555,0.3014,0.3451,0.38,0.4056,0.4232,0.4347,0.4416,0.4451,0.4463,0.446,0.4447,0.4428,1.155,1.1783,1.1952,1.2055,1.2127,1.2229,1.238,1.2476,1.2304,1.1769,1.1014,1.0226,0.9461,0.8668,0.7754,0.6637,0.5304,0.3888,0.2686,0.1903,0.1334,0.0858,0.0945,0.1654,0.2486,0.3158,0.3636,0.3957,0.4164,0.429,0.4361,0.4392,0.4399,0.4389,0.437,0.4347,1.2074,1.2409,1.2644,1.275,1.2791,1.2937,1.3335,1.3836,1.3826,1.2968,1.1776,1.0734,0.988,0.9057,0.8067,0.6719,0.4889,0.2705,0.0881,0.0267,0.0058,-0.0843,-0.0676,0.0772,0.2101,0.3001,0.3573,0.3929,0.4144,0.4266,0.4326,0.4345,0.4339,0.4319,0.4291,0.4261,1.2683,1.3201,1.3574,1.3672,1.3553,1.3603,1.4338,1.5795,1.6301,1.4559,1.2506,1.1169,1.0324,0.9595,0.8645,0.7128,0.467,0.1044,-0.2605,-0.2623,-0.0779,-0.1687,-0.1439,0.0589,0.2136,0.3083,0.3652,0.399,0.4181,0.4277,0.4311,0.4308,0.4283,0.4246,0.4207,0.4168,1.3352,1.4198,1.492,1.5085,1.4546,1.408,1.4813,1.7438,1.8878,1.5622,1.2731,1.1381,1.0778,1.0354,0.9663,0.8201,0.535,0.0292,-0.6519,-0.6043,-0.0685,0.0178,0.0421,0.1618,0.2696,0.3425,0.3878,0.414,0.4273,0.432,0.4313,0.4276,0.4224,0.4167,0.4112,0.4064,1.396,1.5287,1.6794,1.7424,1.6022,1.4342,1.4101,1.5665,1.6501,1.4028,1.2024,1.1321,1.1271,1.1428,1.1348,1.0294,0.7592,0.3085,-0.1917,-0.1587,0.1999,0.2823,0.2727,0.3015,0.3503,0.3929,0.4215,0.4366,0.4413,0.4389,0.4325,0.4242,0.4156,0.4074,0.4003,0.3944,1.4268,1.5941,1.8341,2.0056,1.7377,1.4325,1.2796,1.2359,1.1922,1.1098,1.0804,1.1139,1.1847,1.2868,1.4074,1.3875,1.0956,0.7144,0.4161,0.3541,0.4547,0.4451,0.4055,0.4057,0.4266,0.4491,0.463,0.4658,0.4595,0.4477,0.4336,0.4196,0.4068,0.3959,0.3871,0.3802,1.4111,1.5608,1.7433,1.842,1.6535,1.3784,1.153,1.0012,0.8662,0.827,0.9516,1.1006,1.248,1.4334,1.8041,1.9929,1.4205,0.9782,0.7051,0.5479,0.4854,0.4755,0.4713,0.4781,0.4956,0.5116,0.5148,0.5031,0.4818,0.4571,0.4332,0.4123,0.3949,0.3812,0.3708,0.3634,1.3598,1.478,1.6072,1.7328,1.67,1.3195,1.0326,0.8526,0.6191,0.5074,0.8521,1.1118,1.326,1.5207,1.8137,2.0293,1.4394,1.055,0.8329,0.6791,0.5786,0.5346,0.5248,0.5405,0.5732,0.597,0.5893,0.5541,0.5086,0.4653,0.4289,0.4001,0.3781,0.3619,0.3505,0.3431,1.2885,1.3846,1.5113,1.6717,1.5901,1.1943,0.9027,0.7733,0.6908,0.6475,0.8948,1.1511,1.4355,1.7699,1.6656,1.484,1.2404,0.9923,0.854,0.7404,0.6332,0.5693,0.558,0.604,0.6918,0.748,0.713,0.6252,0.5374,0.4679,0.4167,0.3801,0.3542,0.3366,0.3252,0.3187,1.2037,1.2673,1.3354,1.3709,1.263,1.0208,0.8125,0.7143,0.7379,0.7995,0.9525,1.1764,1.3919,1.861,1.6789,1.3597,1.1639,0.8682,0.8163,0.7353,0.6094,0.5368,0.5474,0.6681,0.9,1.0398,0.91,0.7068,0.5547,0.4553,0.391,0.3488,0.3212,0.3038,0.294,0.2897,1.1153,1.1462,1.1636,1.1424,1.055,0.921,0.8019,0.7385,0.7423,0.7818,0.8933,1.1995,1.3098,1.2139,1.3087,1.3917,1.2613,0.964,0.8148,0.6532,0.4813,0.4076,0.4628,0.6784,1.1121,1.3774,1.075,0.735,0.5304,0.4141,0.3454,0.3031,0.2772,0.2625,0.2562,0.2559,1.0338,1.043,1.0367,1.0046,0.9427,0.8644,0.7943,0.747,0.7094,0.6518,0.6207,0.7418,0.8624,0.6666,1.1246,1.4126,1.3461,1.0293,0.7266,0.4352,0.1651,0.122,0.2731,0.529,0.9209,1.153,0.9128,0.6164,0.4355,0.3354,0.2774,0.2421,0.2214,0.2121,0.2116,0.2172,0.9639,0.9612,0.9463,0.9155,0.8696,0.8153,0.7604,0.7031,0.6185,0.4419,0.1002,0.2416,0.4565,0.6913,0.884,1.085,1.1649,0.8465,0.4955,0.0984,-0.4304,-0.3278,0.0317,0.2805,0.4858,0.5843,0.5017,0.3683,0.2775,0.2253,0.1919,0.1684,0.1547,0.1526,0.1606,0.1746,0.9054,0.8968,0.879,0.8508,0.8132,0.7684,0.7171,0.6532,0.5561,0.3832,0.1325,0.2454,0.2592,0.2451,0.536,0.6498,0.6353,0.4074,0.1442,-0.09,-0.5412,-0.4239,-0.0927,0.0747,0.1338,0.1173,0.0795,0.0755,0.0937,0.1056,0.1018,0.0881,0.0791,0.0853,0.1049,0.1303,0.8565,0.8448,0.8262,0.8001,0.7668,0.7268,0.679,0.6194,0.5406,0.4406,0.3545,0.3219,0.2002,0.1452,0.1272,0.0677,0.1554,-0.0375,-0.2622,-0.1994,-0.2509,-0.2221,-0.1174,-0.0757,-0.1572,-0.3334,-0.3829,-0.2297,-0.0751,0.0048,0.0247,0.0105,-0.0015,0.0144,0.0497,0.0884,0.8151,0.8018,0.783,0.7585,0.7281,0.6917,0.6485,0.5972,0.5367,0.4708,0.4086,0.3449,0.2472,0.0557,-0.5728,-0.854,-0.2198,-0.1982,-0.3538,-0.4992,-0.3555,-0.2311,-0.1709,-0.194,-0.3986,-0.8615,-0.9679,-0.4828,-0.1708,-0.0513,-0.0255,-0.0507,-0.0719,-0.0452,0.0057,0.0556,0.7796,0.7655,0.7469,0.7235,0.6953,0.6621,0.6234,0.579,0.5289,0.4744,0.4148,0.3405,0.2227,-0.0198,-0.5132,-0.6798,-0.304,-0.3275,-0.8344,-1.0826,-0.5525,-0.3267,-0.2574,-0.2607,-0.4225,-0.9203,-1.042,-0.3622,-0.1149,-0.0566,-0.0482,-0.0729,-0.0945,-0.0664,-0.0136,0.0378,0.7488,0.7342,0.7159,0.6937,0.6673,0.6366,0.6015,0.5617,0.5171,0.4671,0.4086,0.3333,0.2239,0.0567,-0.1462,-0.2316,-0.2065,-0.315,-0.6161,-0.7307,-0.5259,-0.4426,-0.4095,-0.3154,-0.2291,-0.0899,0.3766,0.2938,0.0395,-0.0572,-0.0684,-0.0671,-0.0694,-0.049,-0.009,0.0346,0.7217,0.707,0.6891,0.6678,0.6429,0.6143,0.5818,0.5453,0.5041,0.4571,0.4018,0.3332,0.2451,0.1367,0.0274,-0.0496,-0.1098,-0.2117,-0.3514,-0.4402,-0.5111,-0.7084,-0.7631,-0.4714,-0.1341,0.3186,0.9236,0.5538,-0.0294,-0.1713,-0.134,-0.0844,-0.055,-0.0294,0.0031,0.0392,0.6978,0.6831,0.6656,0.6451,0.6214,0.5946,0.5642,0.5301,0.4917,0.4479,0.3972,0.3373,0.2668,0.1882,0.1093,0.0371,-0.0356,-0.1234,-0.2266,-0.3465,-0.5564,-0.9448,-1.0615,-0.6181,-0.1879,0.1539,0.3462,0.0196,-0.4794,-0.4205,-0.2385,-0.1246,-0.0621,-0.0219,0.0124,0.0457,0.6766,0.6619,0.6448,0.625,0.6025,0.5771,0.5485,0.5166,0.4807,0.4403,0.3943,0.3421,0.2836,0.2204,0.1551,0.0892,0.0194,-0.06,-0.1547,-0.2802,-0.4745,-0.7254,-0.7786,-0.5158,-0.2204,-0.027,-0.0019,-0.2457,-0.5452,-0.4679,-0.2748,-0.1447,-0.0677,-0.018,0.0199,0.0528]}]