docs/data/wind_grid.json
{"header": {"la1":42.1,"la2":41.55,"lo1":12.1,"lo2":12.95,"nx":50,"ny":50,"dx":0.01735,"dy":0.01122,"parameterCategory":2,"parameterNumber":2,"parameterNumberName":"eastward_wind","parameterUnit":"m.s-1"}, "data":
[rows 0 to 39 of 50, columns 0 to 49 of 50]
-1.4018,-1.3996,-1.3969,-1.3938,-1.3901,-1.3859,-1.3811,-1.3757,-1.3696,-1.3629,-1.3555,-1.3475,-1.3389,-1.3298,-1.3202,-1.3103,-1.3002,-1.2899,-1.2796,-1.2694,-1.2592,-1.2489,-1.2384,-1.2275,-1.2158,-1.203,-1.1886,-1.1724,-1.1539,-1.1331,-1.1098,-1.084,-1.0561,-1.0266,-0.9961,-0.9658,-0.9368,-0.9104,-0.8877,-0.8698,-0.857,-0.8497,-0.8474,-0.8496,-0.8555,-0.8643,-0.8752,-0.8876,-0.9008,-0.9144
-1.4057,-1.4036,-1.401,-1.398,-1.3944,-1.3902,-1.3853,-1.3799,-1.3737,-1.3668,-1.3591,-1.3508,-1.3418,-1.3323,-1.3222,-1.3118,-1.3012,-1.2904,-1.2798,-1.2692,-1.2589,-1.2486,-1.2382,-1.2275,-1.216,-1.2034,-1.1891,-1.1727,-1.154,-1.1325,-1.1081,-1.0809,-1.0512,-1.0194,-0.9863,-0.9533,-0.9215,-0.8926,-0.868,-0.8488,-0.8356,-0.8284,-0.827,-0.8306,-0.8382,-0.8487,-0.8615,-0.8755,-0.8903,-0.9053
-1.4097,-1.4077,-1.4053,-1.4023,-1.3988,-1.3946,-1.3898,-1.3842,-1.3779,-1.3708,-1.3629,-1.3543,-1.3449,-1.3348,-1.3242,-1.3132,-1.302,-1.2907,-1.2796,-1.2687,-1.2582,-1.2479,-1.2377,-1.2272,-1.2161,-1.2038,-1.1897,-1.1734,-1.1544,-1.1323,-1.1069,-1.0783,-1.0466,-1.0124,-0.9766,-0.9404,-0.9057,-0.874,-0.8472,-0.8265,-0.8128,-0.8061,-0.8058,-0.811,-0.8204,-0.833,-0.8477,-0.8636,-0.8801,-0.8966
-1.4139,-1.4121,-1.4097,-1.4069,-1.4034,-1.3993,-1.3944,-1.3888,-1.3824,-1.3751,-1.3669,-1.3579,-1.3481,-1.3375,-1.3262,-1.3146,-1.3027,-1.2907,-1.2791,-1.2678,-1.257,-1.2467,-1.2367,-1.2266,-1.216,-1.2041,-1.1905,-1.1743,-1.1552,-1.1326,-1.1063,-1.0762,-1.0425,-1.0058,-0.967,-0.9275,-0.8893,-0.8545,-0.8253,-0.8031,-0.7889,-0.7827,-0.7838,-0.7908,-0.8025,-0.8173,-0.8342,-0.852,-0.8702,-0.8883
-1.4182,-1.4165,-1.4143,-1.4116,-1.4082,-1.4042,-1.3994,-1.3937,-1.3872,-1.3797,-1.3712,-1.3618,-1.3515,-1.3403,-1.3283,-1.3159,-1.3032,-1.2904,-1.2781,-1.2663,-1.2552,-1.2449,-1.2352,-1.2256,-1.2156,-1.2044,-1.1913,-1.1755,-1.1564,-1.1334,-1.1063,-1.0748,-1.0392,-0.9998,-0.9578,-0.9147,-0.8727,-0.8345,-0.8025,-0.7787,-0.764,-0.7586,-0.7612,-0.7705,-0.7845,-0.8018,-0.821,-0.8409,-0.8609,-0.8805
-1.4226,-1.4211,-1.4191,-1.4165,-1.4133,-1.4093,-1.4046,-1.3989,-1.3923,-1.3846,-1.3759,-1.366,-1.3551,-1.3432,-1.3305,-1.3171,-1.3034,-1.2898,-1.2765,-1.2641,-1.2527,-1.2424,-1.233,-1.2241,-1.2149,-1.2046,-1.1922,-1.1769,-1.158,-1.1349,-1.107,-1.0743,-1.0367,-0.9946,-0.9493,-0.9023,-0.8562,-0.8141,-0.779,-0.7534,-0.7384,-0.7339,-0.7384,-0.7501,-0.7669,-0.7868,-0.8084,-0.8305,-0.8523,-0.8734
-1.4272,-1.4259,-1.4241,-1.4217,-1.4186,-1.4147,-1.41,-1.4044,-1.3977,-1.3899,-1.3808,-1.3706,-1.3591,-1.3464,-1.3328,-1.3184,-1.3035,-1.2887,-1.2744,-1.2611,-1.2492,-1.2388,-1.2299,-1.2218,-1.2136,-1.2045,-1.1931,-1.1786,-1.1602,-1.137,-1.1086,-1.0747,-1.0353,-0.9906,-0.9418,-0.8907,-0.8401,-0.7938,-0.7554,-0.7278,-0.7125,-0.709,-0.7158,-0.7303,-0.75,-0.7727,-0.7967,-0.821,-0.8446,-0.8672
-1.4319,-1.4308,-1.4292,-1.427,-1.4241,-1.4204,-1.4158,-1.4102,-1.4035,-1.3955,-1.3862,-1.3755,-1.3634,-1.3499,-1.3353,-1.3196,-1.3034,-1.2872,-1.2715,-1.2571,-1.2445,-1.2341,-1.2256,-1.2185,-1.2118,-1.204,-1.194,-1.1806,-1.1627,-1.1397,-1.111,-1.0762,-1.0352,-0.9881,-0.9359,-0.8805,-0.8252,-0.7742,-0.7321,-0.7024,-0.6868,-0.6847,-0.6939,-0.7114,-0.7342,-0.7598,-0.7863,-0.8127,-0.838,-0.862
-1.4367,-1.4359,-1.4345,-1.4326,-1.4299,-1.4264,-1.422,-1.4164,-1.4097,-1.4016,-1.392,-1.3809,-1.3681,-1.3538,-1.338,-1.321,-1.3032,-1.2852,-1.2679,-1.252,-1.2385,-1.2279,-1.22,-1.2142,-1.2091,-1.2032,-1.1949,-1.1828,-1.1658,-1.1432,-1.1145,-1.079,-1.0367,-0.9874,-0.932,-0.8724,-0.8121,-0.7562,-0.7101,-0.6781,-0.6623,-0.6617,-0.6736,-0.6943,-0.7202,-0.7486,-0.7775,-0.8058,-0.8328,-0.858
-1.4417,-1.4411,-1.44,-1.4384,-1.436,-1.4327,-1.4285,-1.4231,-1.4164,-1.4082,-1.3984,-1.3869,-1.3734,-1.3582,-1.3411,-1.3225,-1.3029,-1.2828,-1.2633,-1.2456,-1.2308,-1.2198,-1.2126,-1.2084,-1.2055,-1.2019,-1.1956,-1.1852,-1.1694,-1.1475,-1.1189,-1.0832,-1.0399,-0.9889,-0.9307,-0.8671,-0.8019,-0.7409,-0.6905,-0.6561,-0.6401,-0.6411,-0.6558,-0.6795,-0.7085,-0.7395,-0.7707,-0.8008,-0.829,-0.8553
-1.4467,-1.4465,-1.4457,-1.4443,-1.4422,-1.4393,-1.4353,-1.4301,-1.4235,-1.4153,-1.4054,-1.3935,-1.3794,-1.3632,-1.3448,-1.3244,-1.3026,-1.28,-1.2578,-1.2376,-1.2211,-1.2095,-1.2032,-1.201,-1.2008,-1.2,-1.1963,-1.1878,-1.1734,-1.1524,-1.1244,-1.0888,-1.0452,-0.993,-0.9326,-0.8655,-0.7957,-0.7295,-0.6748,-0.6379,-0.6215,-0.6242,-0.6414,-0.6682,-0.6998,-0.7332,-0.7662,-0.7977,-0.827,-0.8541
-1.4519,-1.452,-1.4515,-1.4505,-1.4488,-1.4462,-1.4425,-1.4376,-1.4312,-1.4231,-1.413,-1.4008,-1.3861,-1.3689,-1.3492,-1.3269,-1.3026,-1.277,-1.2515,-1.228,-1.209,-1.1964,-1.1911,-1.1915,-1.1948,-1.1976,-1.1968,-1.1907,-1.1779,-1.1581,-1.1309,-1.0959,-1.0525,-1.0,-0.9383,-0.8685,-0.7946,-0.7237,-0.6647,-0.6252,-0.6083,-0.6123,-0.6318,-0.661,-0.6949,-0.7301,-0.7644,-0.7969,-0.8269,-0.8544
-1.4571,-1.4576,-1.4575,-1.4569,-1.4556,-1.4534,-1.4501,-1.4455,-1.4394,-1.4315,-1.4214,-1.409,-1.3938,-1.3757,-1.3545,-1.3302,-1.3031,-1.274,-1.2443,-1.2166,-1.1941,-1.18,-1.1758,-1.1797,-1.1875,-1.1947,-1.1975,-1.1939,-1.183,-1.1644,-1.1383,-1.1043,-1.0619,-1.0101,-0.9482,-0.877,-0.8,-0.725,-0.662,-0.6199,-0.6023,-0.607,-0.6281,-0.6589,-0.6943,-0.7305,-0.7656,-0.7985,-0.8288,-0.8564
-1.4624,-1.4633,-1.4637,-1.4635,-1.4626,-1.4609,-1.4581,-1.4539,-1.4482,-1.4406,-1.4307,-1.4181,-1.4026,-1.3836,-1.361,-1.3346,-1.3046,-1.2715,-1.2368,-1.2034,-1.1759,-1.1596,-1.1568,-1.1653,-1.179,-1.1915,-1.1984,-1.1976,-1.1886,-1.1714,-1.1466,-1.1141,-1.0734,-1.0233,-0.9626,-0.8914,-0.8129,-0.7349,-0.6685,-0.6238,-0.6051,-0.6098,-0.6313,-0.6627,-0.6984,-0.7348,-0.7699,-0.8027,-0.8328,-0.8602
-1.4678,-1.4691,-1.4699,-1.4703,-1.4699,-1.4687,-1.4664,-1.4628,-1.4576,-1.4504,-1.4408,-1.4283,-1.4125,-1.3929,-1.3691,-1.3407,-1.3076,-1.2701,-1.2295,-1.1888,-1.1544,-1.1344,-1.1335,-1.1483,-1.1697,-1.1886,-1.2,-1.2021,-1.1948,-1.179,-1.1556,-1.1249,-1.0867,-1.0394,-0.9814,-0.912,-0.8338,-0.7544,-0.6856,-0.6385,-0.618,-0.6215,-0.6421,-0.6727,-0.7076,-0.7432,-0.7775,-0.8095,-0.8388,-0.8656
-1.4732,-1.4749,-1.4763,-1.4771,-1.4773,-1.4767,-1.4751,-1.4722,-1.4676,-1.461,-1.4518,-1.4397,-1.4239,-1.4039,-1.379,-1.3489,-1.3129,-1.2709,-1.2236,-1.1737,-1.1295,-1.1038,-1.1054,-1.1292,-1.1604,-1.1869,-1.2029,-1.2075,-1.2017,-1.187,-1.1651,-1.1366,-1.1015,-1.0581,-1.0043,-0.9385,-0.8626,-0.7836,-0.7137,-0.6645,-0.6415,-0.6426,-0.6608,-0.6891,-0.7219,-0.7556,-0.7882,-0.8188,-0.847,-0.8727
-1.4787,-1.4808,-1.4827,-1.4841,-1.485,-1.485,-1.4841,-1.4819,-1.4781,-1.4723,-1.4638,-1.4522,-1.4367,-1.4166,-1.3912,-1.3596,-1.3212,-1.2752,-1.2209,-1.1604,-1.1026,-1.0679,-1.0729,-1.1093,-1.1531,-1.1876,-1.2078,-1.2143,-1.2094,-1.1955,-1.1748,-1.1488,-1.1173,-1.0787,-1.0304,-0.9701,-0.8984,-0.8219,-0.7522,-0.7013,-0.6753,-0.6725,-0.6869,-0.7115,-0.7409,-0.7717,-0.8019,-0.8305,-0.857,-0.8813
-1.4841,-1.4867,-1.4891,-1.4912,-1.4927,-1.4935,-1.4934,-1.492,-1.4892,-1.4843,-1.4768,-1.466,-1.4512,-1.4314,-1.4058,-1.3734,-1.3334,-1.2844,-1.2244,-1.1525,-1.0774,-1.0287,-1.0387,-1.0926,-1.1507,-1.1926,-1.2156,-1.2228,-1.2179,-1.2042,-1.1846,-1.1609,-1.1334,-1.1004,-1.0587,-1.0051,-0.9396,-0.8672,-0.7991,-0.747,-0.7176,-0.7101,-0.7193,-0.7389,-0.764,-0.7911,-0.8182,-0.8443,-0.8687,-0.8914
-1.4894,-1.4926,-1.4956,-1.4982,-1.5004,-1.502,-1.5028,-1.5025,-1.5006,-1.4969,-1.4906,-1.481,-1.4673,-1.4483,-1.4231,-1.3907,-1.3502,-1.3,-1.2372,-1.1568,-1.0624,-0.9941,-1.0107,-1.0865,-1.1579,-1.2039,-1.227,-1.2331,-1.2271,-1.2129,-1.194,-1.1727,-1.1493,-1.1222,-1.0876,-1.0419,-0.9835,-0.9167,-0.8513,-0.7988,-0.7659,-0.7532,-0.7565,-0.7704,-0.7904,-0.8132,-0.8367,-0.8598,-0.8819,-0.9027
-1.4947,-1.4984,-1.502,-1.5053,-1.5082,-1.5107,-1.5124,-1.5131,-1.5125,-1.51,-1.5052,-1.4972,-1.4849,-1.4673,-1.4432,-1.4116,-1.3718,-1.3231,-1.2623,-1.1817,-1.0752,-0.9856,-1.0089,-1.1037,-1.18,-1.2233,-1.2425,-1.2452,-1.2368,-1.2214,-1.2028,-1.1835,-1.1642,-1.143,-1.1158,-1.0781,-1.0275,-0.967,-0.9053,-0.853,-0.8172,-0.7993,-0.7965,-0.8045,-0.819,-0.8372,-0.8569,-0.8768,-0.8963,-0.915
-1.4999,-1.5041,-1.5083,-1.5122,-1.5159,-1.5192,-1.5219,-1.5238,-1.5244,-1.5235,-1.5204,-1.5143,-1.5041,-1.4885,-1.4661,-1.436,-1.3982,-1.3533,-1.3005,-1.2337,-1.1401,-1.0478,-1.0703,-1.1587,-1.2201,-1.2509,-1.2616,-1.2588,-1.2468,-1.2294,-1.2105,-1.1929,-1.1774,-1.1618,-1.1416,-1.1116,-1.0687,-1.0148,-0.9574,-0.9062,-0.8682,-0.8459,-0.8375,-0.8397,-0.8489,-0.8624,-0.8781,-0.8948,-0.9117,-0.9281
-1.505,-1.5097,-1.5144,-1.519,-1.5235,-1.5276,-1.5313,-1.5344,-1.5364,-1.5371,-1.536,-1.5321,-1.5245,-1.5116,-1.4917,-1.4639,-1.4286,-1.3889,-1.3486,-1.3092,-1.2656,-1.2207,-1.2219,-1.2539,-1.2758,-1.2847,-1.2832,-1.2731,-1.2566,-1.2366,-1.2169,-1.2006,-1.1883,-1.1777,-1.1638,-1.1407,-1.1048,-1.0574,-1.0047,-0.9555,-0.9165,-0.8908,-0.8777,-0.8747,-0.8789,-0.888,-0.8999,-0.9134,-0.9276,-0.9418
-1.5098,-1.5151,-1.5203,-1.5256,-1.5308,-1.5358,-1.5405,-1.5447,-1.5482,-1.5506,-1.5515,-1.5503,-1.5458,-1.5363,-1.5198,-1.4947,-1.4622,-1.4273,-1.3994,-1.3907,-1.4112,-1.4412,-1.4121,-1.3638,-1.3367,-1.3205,-1.3054,-1.2874,-1.2658,-1.2428,-1.2219,-1.2062,-1.1965,-1.19,-1.1812,-1.164,-1.1344,-1.093,-1.0454,-0.999,-0.9602,-0.9324,-0.9156,-0.9084,-0.9084,-0.9134,-0.9218,-0.9322,-0.9438,-0.9558
-1.5145,-1.5202,-1.526,-1.5319,-1.5378,-1.5436,-1.5493,-1.5546,-1.5594,-1.5635,-1.5667,-1.5684,-1.5676,-1.5624,-1.5501,-1.5284,-1.4982,-1.466,-1.4459,-1.4571,-1.5149,-1.5802,-1.541,-1.4508,-1.3899,-1.3533,-1.3262,-1.3006,-1.2741,-1.2481,-1.2256,-1.21,-1.202,-1.1985,-1.1936,-1.1811,-1.1568,-1.1211,-1.0786,-1.0357,-0.9983,-0.9697,-0.9505,-0.94,-0.9365,-0.9381,-0.9433,-0.9509,-0.96,-0.97
-1.5189,-1.525,-1.5313,-1.5378,-1.5444,-1.551,-1.5575,-1.5638,-1.5699,-1.5756,-1.5809,-1.5856,-1.5891,-1.5892,-1.5823,-1.5648,-1.5363,-1.5039,-1.4846,-1.4995,-1.5589,-1.617,-1.5851,-1.4982,-1.4273,-1.3795,-1.3438,-1.3121,-1.2814,-1.2525,-1.2284,-1.2123,-1.2051,-1.2034,-1.2012,-1.1922,-1.1724,-1.142,-1.1046,-1.0658,-1.0306,-1.0022,-0.9819,-0.9691,-0.9628,-0.9616,-0.9641,-0.9692,-0.9761,-0.9841
-1.523,-1.5296,-1.5363,-1.5433,-1.5505,-1.5578,-1.5651,-1.5722,-1.5793,-1.5863,-1.5935,-1.6013,-1.6095,-1.6161,-1.6161,-1.6039,-1.5767,-1.5415,-1.5164,-1.5225,-1.5643,-1.6026,-1.5805,-1.5135,-1.4482,-1.3978,-1.3576,-1.3217,-1.2878,-1.2564,-1.2307,-1.2139,-1.2065,-1.2055,-1.2049,-1.1984,-1.1824,-1.1566,-1.1242,-1.0897,-1.0573,-1.0301,-1.0095,-0.9954,-0.9872,-0.9837,-0.9839,-0.9869,-0.9919,-0.9981
-1.5268,-1.5337,-1.5409,-1.5484,-1.5561,-1.5639,-1.5718,-1.5796,-1.5873,-1.5952,-1.6038,-1.6145,-1.6279,-1.6422,-1.651,-1.6453,-1.6198,-1.58,-1.545,-1.536,-1.5558,-1.5755,-1.5594,-1.5112,-1.4569,-1.409,-1.3675,-1.3294,-1.2933,-1.2603,-1.2333,-1.2154,-1.2074,-1.2061,-1.2058,-1.201,-1.188,-1.1664,-1.1387,-1.1084,-1.0792,-1.0538,-1.0336,-1.0189,-1.0094,-1.0043,-1.0027,-1.0039,-1.0071,-1.0117
-1.5303,-1.5375,-1.5451,-1.5529,-1.5611,-1.5693,-1.5776,-1.5858,-1.5938,-1.602,-1.6113,-1.6241,-1.643,-1.6666,-1.6862,-1.6885,-1.6647,-1.6198,-1.5736,-1.5481,-1.5476,-1.5522,-1.5379,-1.5024,-1.4583,-1.4149,-1.3742,-1.3355,-1.2985,-1.2645,-1.2366,-1.2177,-1.2085,-1.2061,-1.2055,-1.2015,-1.1908,-1.1728,-1.1493,-1.123,-1.097,-1.0737,-1.0545,-1.0398,-1.0295,-1.0232,-1.0203,-1.0199,-1.0217,-1.025
-1.5334,-1.5409,-1.5488,-1.5569,-1.5654,-1.5739,-1.5825,-1.5908,-1.5987,-1.6064,-1.6153,-1.629,-1.6532,-1.6881,-1.7207,-1.7313,-1.7089,-1.659,-1.6026,-1.5627,-1.5453,-1.5373,-1.5217,-1.493,-1.4564,-1.4175,-1.3787,-1.3405,-1.3034,-1.2693,-1.241,-1.2212,-1.2106,-1.2067,-1.2051,-1.2012,-1.1922,-1.1771,-1.1571,-1.1345,-1.1117,-1.0905,-1.0725,-1.0582,-1.0477,-1.0406,-1.0366,-1.0351,-1.0356,-1.0377
-1.5362,-1.5439,-1.5519,-1.5604,-1.569,-1.5778,-1.5864,-1.5946,-1.602,-1.6085,-1.6156,-1.6284,-1.657,-1.7049,-1.752,-1.7701,-1.7477,-1.6937,-1.63,-1.5792,-1.5489,-1.5306,-1.5117,-1.4858,-1.4538,-1.4185,-1.3818,-1.3447,-1.3084,-1.2748,-1.2465,-1.2261,-1.214,-1.2083,-1.2054,-1.2012,-1.1931,-1.1803,-1.1633,-1.1438,-1.1238,-1.1048,-1.0882,-1.0745,-1.064,-1.0565,-1.0518,-1.0494,-1.0489,-1.05
-1.5385,-1.5464,-1.5546,-1.5632,-1.572,-1.5808,-1.5894,-1.5973,-1.6039,-1.6088,-1.6129,-1.6224,-1.6531,-1.7145,-1.7761,-1.7987,-1.7752,-1.719,-1.6522,-1.5952,-1.556,-1.5296,-1.5068,-1.4813,-1.4516,-1.4189,-1.3842,-1.3486,-1.3135,-1.2808,-1.253,-1.2321,-1.2187,-1.2113,-1.2068,-1.202,-1.1944,-1.1831,-1.1685,-1.1517,-1.1341,-1.1172,-1.1019,-1.089,-1.0787,-1.0711,-1.0658,-1.0627,-1.0614,-1.0616
-1.5405,-1.5484,-1.5568,-1.5654,-1.5743,-1.5831,-1.5916,-1.5991,-1.6048,-1.6079,-1.6086,-1.6133,-1.6427,-1.7141,-1.7862,-1.8104,-1.7864,-1.7316,-1.6664,-1.6078,-1.5638,-1.5319,-1.5054,-1.479,-1.4504,-1.4193,-1.3863,-1.3524,-1.3187,-1.2873,-1.2601,-1.2391,-1.2246,-1.2155,-1.2095,-1.2038,-1.1963,-1.1861,-1.1733,-1.1586,-1.1431,-1.128,-1.114,-1.102,-1.0921,-1.0844,-1.0788,-1.0752,-1.0733,-1.0728
-1.542,-1.55,-1.5584,-1.5671,-1.5759,-1.5847,-1.5929,-1.6001,-1.6051,-1.6069,-1.6051,-1.6057,-1.6311,-1.7032,-1.7772,-1.802,-1.7808,-1.7317,-1.6719,-1.6157,-1.5703,-1.5351,-1.5059,-1.4784,-1.4501,-1.42,-1.3885,-1.3561,-1.3241,-1.294,-1.2677,-1.2466,-1.2313,-1.2209,-1.2134,-1.2067,-1.1991,-1.1895,-1.178,-1.165,-1.1512,-1.1376,-1.1249,-1.1137,-1.1042,-1.0966,-1.0909,-1.0869,-1.0845,-1.0834
-1.5432,-1.5512,-1.5596,-1.5682,-1.577,-1.5856,-1.5937,-1.6005,-1.6052,-1.6064,-1.6041,-1.6035,-1.6251,-1.6875,-1.7532,-1.7781,-1.7626,-1.7218,-1.6699,-1.6186,-1.5743,-1.538,-1.5072,-1.4787,-1.4504,-1.4211,-1.3908,-1.3599,-1.3294,-1.3007,-1.2753,-1.2545,-1.2386,-1.227,-1.2182,-1.2106,-1.2026,-1.1935,-1.1829,-1.1711,-1.1587,-1.1464,-1.1348,-1.1243,-1.1153,-1.1079,-1.1021,-1.0978,-1.095,-1.0934
-1.544,-1.552,-1.5603,-1.5688,-1.5774,-1.5859,-1.5938,-1.6005,-1.6051,-1.6068,-1.6056,-1.6067,-1.6255,-1.6735,-1.7251,-1.7478,-1.7381,-1.706,-1.6626,-1.6171,-1.5756,-1.5397,-1.5083,-1.4793,-1.4511,-1.4224,-1.3932,-1.3637,-1.3347,-1.3073,-1.2829,-1.2624,-1.2461,-1.2336,-1.2238,-1.2153,-1.2069,-1.1979,-1.1879,-1.1771,-1.1658,-1.1545,-1.1438,-1.134,-1.1255,-1.1183,-1.1125,-1.1081,-1.105,-1.103
-1.5444,-1.5523,-1.5605,-1.5689,-1.5773,-1.5856,-1.5933,-1.6,-1.6049,-1.6074,-1.6083,-1.6119,-1.6283,-1.663,-1.7001,-1.7185,-1.7126,-1.6878,-1.652,-1.6125,-1.5745,-1.54,-1.5089,-1.4799,-1.4519,-1.4239,-1.3957,-1.3674,-1.3398,-1.3138,-1.2903,-1.2702,-1.2537,-1.2405,-1.2298,-1.2206,-1.2118,-1.2027,-1.1931,-1.183,-1.1726,-1.1622,-1.1522,-1.1431,-1.1349,-1.1279,-1.1222,-1.1177,-1.1143,-1.1121
-1.5444,-1.5522,-1.5603,-1.5685,-1.5767,-1.5848,-1.5924,-1.599,-1.6043,-1.6079,-1.6107,-1.6161,-1.6301,-1.6546,-1.68,-1.6933,-1.689,-1.6695,-1.6399,-1.6058,-1.5714,-1.5389,-1.5087,-1.4802,-1.4526,-1.4253,-1.3981,-1.3711,-1.3448,-1.32,-1.2974,-1.2777,-1.2612,-1.2475,-1.2362,-1.2263,-1.2171,-1.208,-1.1986,-1.189,-1.1792,-1.1695,-1.1601,-1.1515,-1.1437,-1.137,-1.1313,-1.1267,-1.1232,-1.1207
-1.5442,-1.5518,-1.5596,-1.5676,-1.5757,-1.5835,-1.5909,-1.5976,-1.6031,-1.6076,-1.6118,-1.6181,-1.6297,-1.6468,-1.6637,-1.6723,-1.6682,-1.6522,-1.6273,-1.5978,-1.5669,-1.5366,-1.5077,-1.48,-1.4531,-1.4267,-1.4005,-1.3746,-1.3495,-1.3258,-1.3041,-1.2849,-1.2684,-1.2545,-1.2426,-1.2323,-1.2227,-1.2135,-1.2042,-1.1949,-1.1856,-1.1764,-1.1677,-1.1595,-1.152,-1.1455,-1.1399,-1.1353,-1.1316,-1.1289
-1.5435,-1.551,-1.5586,-1.5664,-1.5742,-1.5818,-1.589,-1.5956,-1.6014,-1.6064,-1.6114,-1.6177,-1.6271,-1.639,-1.6499,-1.6547,-1.6502,-1.6363,-1.6151,-1.5892,-1.5614,-1.5334,-1.506,-1.4794,-1.4534,-1.4278,-1.4026,-1.3779,-1.3539,-1.3313,-1.3104,-1.2917,-1.2754,-1.2613,-1.2491,-1.2383,-1.2285,-1.2191,-1.21,-1.2009,-1.1919,-1.1832,-1.1748,-1.167,-1.1598,-1.1535,-1.148,-1.1434,-1.1396,-1.1367
-1.5426,-1.5499,-1.5573,-1.5648,-1.5722,-1.5796,-1.5866,-1.593,-1.5989,-1.6042,-1.6094,-1.6153,-1.6227,-1.631,-1.6376,-1.6395,-1.6345,-1.622,-1.6033,-1.5805,-1.5554,-1.5295,-1.5037,-1.4783,-1.4533,-1.4287,-1.4045,-1.3809,-1.358,-1.3363,-1.3163,-1.2981,-1.282,-1.2679,-1.2555,-1.2444,-1.2343,-1.2249,-1.2157,-1.2068,-1.1981,-1.1897,-1.1817,-1.1741,-1.1672,-1.1611,-1.1556,-1.151,-1.1472,-1.1441
