docs/data/wind_grid.json
[{"header":{"la1":42.85,"la2":41.18,"lo1":11.55,"lo2":14.05,"nx":36,"ny":24,"dx":0.07143,"dy":0.07261,"parameterCategory":2,"parameterNumber":2,"parameterNumberName":"eastward_wind","parameterUnit":"m.s-1"},"data":[-0.543,-0.5456,-0.5456,-0.543,-0.5381,-0.5311,-0.5223,-0.5117,-0.4992,-0.4857,-0.4726,-0.4617,-0.4545,-0.4517,-0.4528,-0.4563,-0.4593,-0.458,-0.4492,-0.4316,-0.4081,-0.3852,-0.3693,-0.3629,-0.364,-0.3689,-0.3742,-0.3786,-0.3813,-0.3825,-0.3824,-0.3816,-0.3801,-0.3782,-0.3762,-0.3741,-0.5674,-0.5717,-0.5726,-0.5699,-0.5644,-0.5567,-0.5471,-0.535,-0.5196,-0.5014,-0.4829,-0.4674,-0.4578,-0.4553,-0.4596,-0.4685,-0.4775,-0.4801,-0.4689,-0.44,-0.3982,-0.358,-0.3347,-0.3319,-0.3422,-0.356,-0.3679,-0.3761,-0.381,-0.3831,-0.3835,-0.3827,-0.3811,-0.379,-0.3768,-0.3745,-0.5971,-0.6041,-0.6062,-0.6034,-0.5969,-0.5887,-0.5795,-0.5675,-0.5491,-0.5237,-0.4959,-0.4726,-0.4587,-0.4565,-0.4656,-0.4835,-0.5042,-0.5167,-0.505,-0.4561,-0.3754,-0.2977,-0.2637,-0.2768,-0.3095,-0.3401,-0.3617,-0.3749,-0.3818,-0.3848,-0.3852,-0.3841,-0.3823,-0.3799,-0.3774,-0.3749,-0.6335,-0.645,-0.6495,-0.6461,-0.6373,-0.6281,-0.6223,-0.6155,-0.596,-0.5584,-0.5133,-0.476,-0.4551,-0.4527,-0.4684,-0.5003,-0.5427,-0.5794,-0.5776,-0.4969,-0.3305,-0.1625,-0.1198,-0.187,-0.2687,-0.3259,-0.3592,-0.3767,-0.3848,-0.3877,-0.3876,-0.386,-0.3836,-0.3809,-0.378,-0.3752,-0.6783,-0.698,-0.7073,-0.7026,-0.6875,-0.6745,-0.6771,-0.6909,-0.6785,-0.6157,-0.5356,-0.4748,-0.4434,-0.4401,-0.4635,-0.5142,-0.5923,-0.6839,-0.7304,-0.6182,-0.2792,0.1101,0.1296,-0.0805,-0.24,-0.3245,-0.3652,-0.3834,-0.3905,-0.392,-0.3908,-0.3882,-0.3851,-0.3818,-0.3785,-0.3754,-0.7324,-0.7675,-0.7883,-0.783,-0.7527,-0.7239,-0.7371,-0.8061,-0.8277,-0.7033,-0.5551,-0.4615,-0.4186,-0.414,-0.4439,-0.5138,-0.6378,-0.8297,-1.0256,-0.932,-0.3868,0.2913,0.2655,-0.074,-0.2656,-0.3492,-0.3834,-0.3959,-0.3988,-0.3975,-0.3944,-0.3905,-0.3865,-0.3826,-0.3789,-0.3754,-0.794,-0.8559,-0.905,-0.9073,-0.8458,-0.7712,-0.7691,-0.9057,-0.9943,-0.7625,-0.5386,-0.4237,-0.3759,-0.3704,-0.4021,-0.4817,-0.6366,-0.9179,-1.3148,-1.2728,-0.7474,-0.2646,-0.1471,-0.274,-0.3629,-0.4,-0.4114,-0.412,-0.4084,-0.4033,-0.3978,-0.3926,-0.3876,-0.383,-0.3789,-0.3751,-0.8535,-0.953,-1.0597,-1.0996,-0.9837,-0.8189,-0.7376,-0.7924,-0.8286,-0.6306,-0.4478,-0.3546,-0.3147,-0.3081,-0.3327,-0.4056,-0.5567,-0.8064,-1.0903,-1.1209,-1.0681,-0.9195,-0.6569,-0.5278,-0.48,-0.4563,-0.44,-0.4272,-0.4167,-0.4079,-0.4005,-0.3939,-0.3882,-0.383,-0.3785,-0.3744,-0.8937,-1.0215,-1.183,-1.2868,-1.1129,-0.8601,-0.6789,-0.5785,-0.4921,-0.3836,-0.3085,-0.2662,-0.2418,-0.2316,-0.2327,-0.2808,-0.4322,-0.6439,-0.8534,-1.082,-1.5032,-1.3892,-0.9319,-0.676,-0.5546,-0.4929,-0.4581,-0.4364,-0.4215,-0.4105,-0.4017,-0.3943,-0.388,-0.3824,-0.3775,-0.3732,-0.9029,-1.0326,-1.1726,-1.2419,-1.145,-0.8857,-0.6305,-0.4264,-0.222,-0.1239,-0.1649,-0.1789,-0.1656,-0.1524,-0.1116,-0.0924,-0.3253,-0.5692,-0.7662,-0.9927,-1.3075,-1.2433,-0.9137,-0.6893,-0.5658,-0.4984,-0.4603,-0.4372,-0.4218,-0.4104,-0.4014,-0.3937,-0.3869,-0.381,-0.3759,-0.3714,-0.8833,-1.0157,-1.1972,-1.4601,-1.3817,-0.9231,-0.6053,-0.3747,0.0179,0.2,-0.0589,-0.1098,-0.0846,-0.0668,-0.0769,-0.0787,-0.3579,-0.6481,-0.8105,-0.8737,-0.9267,-0.888,-0.7497,-0.6178,-0.529,-0.4772,-0.4481,-0.4305,-0.4182,-0.4084,-0.3998,-0.3921,-0.3851,-0.3788,-0.3734,-0.3689,-0.835,-0.9589,-1.1491,-1.407,-1.3114,-0.8523,-0.6076,-0.5297,-0.2329,0.0075,-0.0775,-0.0633,0.0024,0.0938,-0.0043,-0.2282,-0.5527,-1.0365,-1.1727,-0.9419,-0.7839,-0.69,-0.6038,-0.527,-0.4724,-0.4426,-0.4288,-0.4204,-0.4131,-0.4056,-0.3978,-0.3899,-0.3823,-0.3755,-0.3698,-0.3652,-0.76,-0.846,-0.9498,-1.0208,-0.9199,-0.7024,-0.6163,-0.6991,-0.5546,-0.2524,-0.1047,-0.0249,0.0384,0.1603,0.0507,-0.3073,-0.7162,-1.8739,-1.923,-1.0618,-0.7099,-0.5634,-0.4907,-0.4479,-0.4221,-0.4121,-0.4119,-0.412,-0.4095,-0.404,-0.3963,-0.3873,-0.3783,-0.3705,-0.3643,-0.3599,-0.673,-0.7179,-0.7535,-0.7501,-0.6809,-0.5886,-0.5624,-0.6105,-0.5092,-0.2391,-0.0665,0.0062,0.0339,0.1679,-0.1286,-0.4602,-0.6605,-1.2595,-1.3841,-0.8537,-0.5421,-0.4136,-0.3812,-0.3863,-0.399,-0.4027,-0.4048,-0.4096,-0.4105,-0.4056,-0.3958,-0.3837,-0.3719,-0.3624,-0.3559,-0.3521,-0.59,-0.6069,-0.6103,-0.5892,-0.5419,-0.4884,-0.453,-0.4166,-0.2999,-0.1106,0.0292,0.0761,0.1409,0.3697,-0.1774,-0.5343,-1.1452,-0.8104,-0.6893,-0.4606,-0.2425,-0.1911,-0.2512,-0.3245,-0.3798,-0.3993,-0.4068,-0.4176,-0.4204,-0.4125,-0.3965,-0.3774,-0.3601,-0.3482,-0.3422,-0.3406,-0.5182,-0.5192,-0.5087,-0.4832,-0.4437,-0.3966,-0.3443,-0.2715,-0.1507,0.0246,0.2206,0.1861,0.1519,0.1092,-0.1377,-0.5435,-0.9224,-0.5758,-0.3308,-0.1187,0.1493,0.0901,-0.1159,-0.2581,-0.3505,-0.4017,-0.4319,-0.4486,-0.4464,-0.4271,-0.3965,-0.3631,-0.3366,-0.3227,-0.3202,-0.3239,-0.4588,-0.4509,-0.4341,-0.4068,-0.3693,-0.3225,-0.2644,-0.1872,-0.081,0.0586,0.202,0.1757,0.1881,0.1908,0.0071,-0.1736,-0.2643,-0.1195,0.0546,0.0974,0.2264,0.1572,-0.0539,-0.2251,-0.3614,-0.4616,-0.5156,-0.5221,-0.4962,-0.4503,-0.3908,-0.33,-0.2885,-0.2769,-0.2859,-0.3014,-0.4104,-0.3976,-0.3776,-0.3496,-0.3133,-0.2682,-0.2128,-0.1446,-0.0627,0.0257,0.0956,0.1319,0.2005,0.2291,0.2492,0.2542,0.1496,0.3066,0.5377,0.3213,0.1959,0.0974,-0.053,-0.2376,-0.4416,-0.6268,-0.6979,-0.6511,-0.5713,-0.4806,-0.372,-0.2604,-0.1968,-0.2022,-0.2394,-0.2756,-0.3711,-0.3556,-0.3343,-0.3067,-0.2721,-0.2305,-0.1812,-0.1243,-0.0616,0.001,0.0561,0.1064,0.1707,0.2953,0.7236,0.9158,0.4338,0.4237,0.562,0.5781,0.3647,0.1564,-0.031,-0.2591,-0.561,-0.8931,-0.9694,-0.8028,-0.6571,-0.5191,-0.3469,-0.1547,-0.0639,-0.1128,-0.1947,-0.2554,-0.3392,-0.3225,-0.3011,-0.2744,-0.2424,-0.2048,-0.1619,-0.1144,-0.0639,-0.013,0.0372,0.0922,0.1712,0.3323,0.6723,0.7834,0.4856,0.4816,0.844,1.0255,0.543,0.2527,0.0419,-0.2256,-0.5869,-0.9596,-1.0359,-0.8806,-0.7359,-0.5782,-0.366,-0.1135,-0.0031,-0.0807,-0.1846,-0.2541,-0.3136,-0.2965,-0.2755,-0.2504,-0.221,-0.1875,-0.1501,-0.1097,-0.067,-0.023,0.0234,0.077,0.1495,0.2589,0.392,0.4373,0.3948,0.45,0.6591,0.7278,0.5125,0.3709,0.2298,-0.0756,-0.4877,-0.8469,-1.0497,-0.9836,-0.8234,-0.6736,-0.4763,-0.2495,-0.1329,-0.1617,-0.2277,-0.2776,-0.2929,-0.276,-0.2559,-0.2325,-0.2058,-0.1759,-0.1432,-0.1081,-0.0711,-0.0324,0.0092,0.0563,0.113,0.1804,0.245,0.2821,0.3025,0.3523,0.4324,0.4721,0.4996,0.6633,0.6802,0.2231,-0.3429,-0.8363,-1.1825,-1.0592,-0.9119,-0.8116,-0.636,-0.4446,-0.3228,-0.2893,-0.2992,-0.3167,-0.2763,-0.26,-0.241,-0.2194,-0.1952,-0.1685,-0.1396,-0.1089,-0.0765,-0.0426,-0.0064,0.033,0.0762,0.1217,0.1636,0.1968,0.2267,0.2656,0.3158,0.3825,0.5448,0.9252,1.049,0.4577,-0.1834,-0.6512,-0.9084,-0.9624,-1.0557,-0.982,-0.7723,-0.5829,-0.4563,-0.3909,-0.3646,-0.3561,-0.2632,-0.2476,-0.2298,-0.2099,-0.188,-0.1641,-0.1385,-0.1115,-0.0831,-0.0535,-0.0226,0.01,0.0438,0.0776,0.1092,0.1378,0.1659,0.1986,0.2424,0.3146,0.4607,0.6864,0.7146,0.344,-0.119,-0.4835,-0.7249,-0.9097,-1.0726,-1.0034,-0.808,-0.6392,-0.5222,-0.4499,-0.4088,-0.3861]},{"header":{"la1":42.85,"la2":41.18,"lo1":11.55,"lo2":14.05,"nx":36,"ny":24,"dx":0.07143,"dy":0.07261,"parameterCategory":2,"parameterNumber":3,"parameterNumberName":"northward_wind","parameterUnit":"m.s-1"},"data":[-0.6003,-0.5926,-0.5824,-0.5696,-0.5546,-0.5386,-0.5232,-0.5102,-0.5009,-0.4949,-0.4905,-0.4857,-0.4783,-0.4673,-0.4528,-0.4355,-0.4171,-0.3998,-0.3859,-0.3769,-0.3729,-0.3732,-0.3764,-0.3816,-0.3884,-0.3963,-0.4052,-0.4148,-0.4246,-0.4346,-0.4444,-0.4541,-0.4635,-0.4724,-0.4809,-0.4889,-0.6103,-0.6022,-0.5903,-0.5744,-0.5547,-0.5326,-0.511,-0.4937,-0.4837,-0.4807,-0.4813,-0.481,-0.4762,-0.4653,-0.4483,-0.4264,-0.4021,-0.3792,-0.3616,-0.3521,-0.3506,-0.3543,-0.3604,-0.3677,-0.3762,-0.3859,-0.3966,-0.4078,-0.4193,-0.4308,-0.4421,-0.453,-0.4634,-0.4733,-0.4826,-0.4913,-0.6229,-0.6148,-0.6015,-0.5817,-0.5549,-0.5225,-0.4893,-0.4631,-0.4516,-0.4554,-0.4667,-0.4757,-0.4761,-0.466,-0.4458,-0.4172,-0.3836,-0.3513,-0.3281,-0.3199,-0.3253,-0.3367,-0.3469,-0.3555,-0.3648,-0.3758,-0.3883,-0.4015,-0.4148,-0.4279,-0.4407,-0.4529,-0.4645,-0.4753,-0.4855,-0.4949,-0.6388,-0.6319,-0.618,-0.5941,-0.5576,-0.5082,-0.4519,-0.405,-0.3893,-0.409,-0.4436,-0.4704,-0.4799,-0.4716,-0.4474,-0.4093,-0.3608,-0.3111,-0.2771,-0.2743,-0.2996,-0.3292,-0.3433,-0.3481,-0.3552,-0.3666,-0.3808,-0.396,-0.4113,-0.4262,-0.4405,-0.4541,-0.4668,-0.4787,-0.4897,-0.4998,-0.6584,-0.6549,-0.6429,-0.6165,-0.5687,-0.4935,-0.3919,-0.293,-0.2627,-0.3239,-0.4105,-0.4687,-0.4912,-0.4855,-0.4569,-0.4066,-0.3348,-0.2508,-0.1886,-0.1976,-0.2751,-0.3508,-0.3605,-0.3466,-0.3467,-0.3582,-0.3744,-0.392,-0.4094,-0.4261,-0.442,-0.4569,-0.4708,-0.4838,-0.4956,-0.5064,-0.6814,-0.6851,-0.6801,-0.656,-0.5993,-0.4935,-0.3176,-0.0929,-0.0118,-0.1866,-0.3792,-0.4807,-0.5155,-0.5117,-0.4798,-0.4177,-0.316,-0.1693,-0.0255,-0.0446,-0.222,-0.3748,-0.3743,-0.3387,-0.3359,-0.3501,-0.3696,-0.3899,-0.4095,-0.428,-0.4455,-0.4617,-0.4769,-0.4909,-0.5036,-0.515,-0.7059,-0.7214,-0.7323,-0.7202,-0.6618,-0.5384,-0.3023,0.0948,0.2816,-0.0925,-0.4,-0.5231,-0.5575,-0.5536,-0.5234,-0.4569,-0.3337,-0.1263,0.1417,0.1228,-0.1197,-0.2632,-0.3037,-0.3053,-0.3198,-0.3428,-0.3673,-0.3907,-0.4124,-0.4326,-0.4514,-0.4691,-0.4854,-0.5005,-0.5141,-0.5261,-0.7268,-0.7571,-0.7968,-0.8119,-0.7512,-0.6368,-0.4521,-0.1525,-0.0194,-0.3085,-0.5308,-0.6035,-0.6154,-0.6118,-0.5965,-0.5409,-0.4156,-0.2214,-0.0171,0.0005,-0.0557,-0.1104,-0.2009,-0.262,-0.3045,-0.3394,-0.3694,-0.3956,-0.4189,-0.4403,-0.4604,-0.4793,-0.497,-0.5132,-0.5276,-0.5401,-0.7364,-0.774,-0.8435,-0.902,-0.8142,-0.733,-0.6761,-0.6188,-0.6323,-0.7152,-0.7348,-0.7024,-0.6752,-0.6804,-0.7181,-0.6997,-0.549,-0.3632,-0.209,-0.0905,0.0735,0.0321,-0.1366,-0.2395,-0.3014,-0.3449,-0.3784,-0.4058,-0.4297,-0.4517,-0.4728,-0.493,-0.5121,-0.5296,-0.545,-0.558,-0.7311,-0.7531,-0.7897,-0.8137,-0.7559,-0.7818,-0.8545,-0.9542,-1.11,-1.151,-0.9541,-0.7862,-0.7154,-0.7345,-0.9086,-1.0107,-0.6849,-0.4486,-0.301,-0.1637,-0.0124,-0.0323,-0.1599,-0.254,-0.3178,-0.3636,-0.3971,-0.4229,-0.4452,-0.4669,-0.4889,-0.5108,-0.5319,-0.551,-0.5674,-0.5806,-0.7194,-0.7159,-0.6766,-0.5559,-0.5887,-0.805,-0.9985,-1.1712,-1.5011,-1.679,-1.1185,-0.8175,-0.7237,-0.7323,-0.88,-1.0133,-0.6477,-0.4445,-0.343,-0.2582,-0.1878,-0.1805,-0.2305,-0.2946,-0.3541,-0.3996,-0.4286,-0.4477,-0.4654,-0.4858,-0.509,-0.5336,-0.5575,-0.5788,-0.5963,-0.6095,-0.7137,-0.703,-0.6571,-0.5652,-0.6168,-0.8875,-1.1582,-1.3297,-1.3987,-1.4287,-1.0284,-0.7772,-0.7182,-0.7822,-0.712,-0.5781,-0.4418,-0.3881,-0.362,-0.3018,-0.2561,-0.2475,-0.2785,-0.3397,-0.4121,-0.4629,-0.4781,-0.4802,-0.4887,-0.5075,-0.5337,-0.563,-0.5914,-0.6158,-0.6344,-0.6468,-0.7167,-0.7162,-0.7071,-0.7078,-0.7916,-0.9979,-1.2721,-1.5034,-1.3734,-1.1089,-0.8587,-0.7186,-0.6792,-0.814,-0.6733,-0.2944,-0.2174,-0.4179,-0.4322,-0.2991,-0.2459,-0.2417,-0.2854,-0.3779,-0.5024,-0.573,-0.5483,-0.5151,-0.5111,-0.5308,-0.564,-0.6019,-0.6376,-0.6662,-0.6853,-0.6952,-0.7221,-0.7331,-0.7495,-0.786,-0.8686,-1.0121,-1.2021,-1.369,-1.2663,-0.9581,-0.7478,-0.7089,-0.6886,-0.4133,-0.2523,0.2071,0.1403,-0.1817,-0.2934,-0.2189,-0.1612,-0.1626,-0.2405,-0.3855,-0.5885,-0.6908,-0.6036,-0.5342,-0.5259,-0.5551,-0.6031,-0.6563,-0.7035,-0.7372,-0.755,-0.7588,-0.724,-0.7406,-0.7647,-0.8035,-0.8648,-0.9489,-1.0381,-1.0771,-0.9795,-0.7907,-0.6515,-0.577,-0.4291,-0.1282,-0.0795,0.3543,0.701,0.1455,-0.099,-0.0745,0.0618,0.0471,-0.1239,-0.3208,-0.5201,-0.6185,-0.5622,-0.5165,-0.5289,-0.5823,-0.658,-0.7374,-0.8023,-0.8408,-0.8517,-0.8422,-0.7205,-0.7372,-0.7594,-0.7891,-0.8269,-0.867,-0.8933,-0.877,-0.7961,-0.6773,-0.5961,-0.5141,-0.482,-0.3598,-0.1898,0.1647,0.4708,0.0864,-0.1017,0.0733,0.5874,0.454,0.0288,-0.2228,-0.3714,-0.4428,-0.4521,-0.4658,-0.5213,-0.6175,-0.7406,-0.8651,-0.9574,-0.9961,-0.9867,-0.9498,-0.7123,-0.7264,-0.7431,-0.7625,-0.7822,-0.7967,-0.796,-0.7683,-0.7108,-0.6405,-0.5949,-0.5695,-0.6633,-0.6986,-0.4165,-0.2222,-0.1424,-0.265,-0.3444,-0.0412,0.6548,0.4938,0.0384,-0.1818,-0.2707,-0.2982,-0.3218,-0.387,-0.5022,-0.6645,-0.8672,-1.0728,-1.2076,-1.2294,-1.1696,-1.081,-0.7011,-0.7117,-0.723,-0.7339,-0.7423,-0.7441,-0.7345,-0.7098,-0.6721,-0.6324,-0.6063,-0.6135,-0.7209,-0.7456,-0.6215,-0.5677,-0.4835,-0.6145,-0.8206,-0.4563,-0.0797,-0.004,-0.1262,-0.2069,-0.1955,-0.1221,-0.121,-0.2622,-0.4677,-0.7213,-1.0479,-1.4003,-1.6004,-1.5577,-1.3921,-1.2219,-0.6887,-0.6959,-0.7027,-0.7079,-0.7099,-0.7063,-0.6951,-0.6757,-0.6508,-0.6269,-0.6125,-0.6181,-0.6496,-0.6948,-0.891,-0.9897,-0.6847,-0.6835,-0.7773,-0.6656,-0.4625,-0.3259,-0.2906,-0.2546,-0.122,0.1483,0.2052,-0.1166,-0.4359,-0.7731,-1.241,-1.8101,-2.0915,-1.9106,-1.594,-1.3349,-0.6762,-0.6807,-0.6842,-0.6858,-0.6844,-0.6789,-0.6685,-0.6537,-0.6366,-0.6211,-0.6122,-0.6152,-0.6366,-0.6998,-0.8641,-0.9153,-0.721,-0.6795,-0.798,-0.8598,-0.6291,-0.4875,-0.4156,-0.3282,-0.1481,0.1863,0.2614,-0.1458,-0.4585,-0.7944,-1.2993,-1.974,-2.2959,-2.0386,-1.6596,-1.3715,-0.6643,-0.6668,-0.6681,-0.6676,-0.6646,-0.6587,-0.6497,-0.6382,-0.6259,-0.6151,-0.609,-0.611,-0.6263,-0.6626,-0.7146,-0.7214,-0.6729,-0.6646,-0.7262,-0.743,-0.6479,-0.5908,-0.5477,-0.449,-0.3076,-0.2058,-0.2844,-0.3614,-0.5387,-0.789,-1.156,-1.6476,-1.9221,-1.7993,-1.5404,-1.3149,-0.6534,-0.6544,-0.6543,-0.6526,-0.649,-0.6433,-0.6356,-0.6265,-0.6172,-0.6092,-0.6044,-0.6048,-0.6126,-0.6277,-0.643,-0.644,-0.6331,-0.6333,-0.6498,-0.6569,-0.6649,-0.7296,-0.7428,-0.6009,-0.4543,-0.392,-0.3968,-0.4609,-0.6783,-0.8219,-0.9918,-1.2487,-1.4365,-1.4414,-1.3326,-1.2013,-0.6436,-0.6437,-0.6426,-0.6403,-0.6366,-0.6313,-0.6247,-0.6174,-0.6099,-0.6035,-0.5992,-0.598,-0.6005,-0.6056,-0.61,-0.6103,-0.6083,-0.6105,-0.6199,-0.6396,-0.6975,-0.8319,-0.8748,-0.7002,-0.5494,-0.4883,-0.503,-0.6745,-0.9333,-0.9201,-0.922,-1.0256,-1.1337,-1.1723,-1.1429,-1.08,-0.635,-0.6343,-0.6328,-0.6302,-0.6265,-0.6217,-0.6161,-0.6099,-0.6038,-0.5983,-0.5942,-0.5919,-0.5915,-0.5923,-0.5932,-0.5933,-0.5937,-0.5973,-0.6073,-0.6307,-0.6822,-0.7606,-0.7764,-0.6844,-0.5956,-0.5686,-0.6214,-0.7906,-0.968,-0.9374,-0.8932,-0.922,-0.9748,-1.0065,-1.0045,-0.9774]}]