docs/data/wind_grid.json
[{"header":{"la1":42.85,"la2":41.18,"lo1":11.55,"lo2":14.05,"nx":36,"ny":24,"dx":0.07143,"dy":0.07261,"parameterCategory":2,"parameterNumber":2,"parameterNumberName":"eastward_wind","parameterUnit":"m.s-1"},"data":[2.5538,2.5417,2.528,2.5132,2.4986,2.4862,2.4788,2.4796,2.4907,2.5123,2.5423,2.5774,2.6141,2.65,2.6835,2.7134,2.7388,2.7578,2.769,2.7708,2.763,2.7468,2.7241,2.697,2.6675,2.6371,2.6069,2.5778,2.5502,2.5246,2.501,2.4794,2.46,2.4425,2.427,2.4132,2.5493,2.5338,2.5153,2.494,2.471,2.4491,2.4328,2.4279,2.4393,2.4679,2.5093,2.5573,2.6062,2.6526,2.6955,2.7343,2.7681,2.7946,2.8106,2.8134,2.8024,2.7799,2.7495,2.7145,2.6776,2.6407,2.6051,2.5715,2.5404,2.512,2.4864,2.4634,2.443,2.4249,2.4089,2.395,2.5463,2.5274,2.5034,2.4737,2.4388,2.4014,2.3685,2.3514,2.3616,2.4016,2.4623,2.5303,2.5958,2.6554,2.7094,2.7591,2.8047,2.843,2.8673,2.8714,2.8543,2.8211,2.7787,2.7326,2.6862,2.6415,2.5995,2.561,2.5262,2.4951,2.4676,2.4434,2.4223,2.4038,2.3878,2.374,2.5462,2.5241,2.4946,2.4552,2.4044,2.3427,2.2788,2.2344,2.2386,2.3006,2.3968,2.4966,2.5845,2.659,2.7246,2.787,2.8494,2.9078,2.948,2.9536,2.9236,2.8713,2.8107,2.7496,2.6913,2.6372,2.5882,2.5445,2.506,2.4726,2.4437,2.4188,2.3973,2.3789,2.3631,2.3498,2.5501,2.5262,2.4923,2.4437,2.3744,2.2784,2.1589,2.052,2.0365,2.1468,2.3121,2.4612,2.5761,2.6644,2.7392,2.814,2.8993,2.9936,3.0667,3.0734,3.0141,2.9281,2.8414,2.7615,2.6894,2.6251,2.5686,2.5197,2.4781,2.443,2.4134,2.3885,2.3674,2.3496,2.3346,2.322,2.559,2.5355,2.5004,2.4465,2.3621,2.2287,2.0267,1.7884,1.7147,1.9373,2.227,2.4385,2.5774,2.6726,2.7494,2.8311,2.9412,3.092,3.2316,3.234,3.1145,2.9788,2.8619,2.7624,2.676,2.601,2.5371,2.4837,2.4401,2.4046,2.3757,2.3519,2.3321,2.3155,2.3017,2.2904,2.5731,2.5531,2.5217,2.4704,2.3836,2.233,1.9703,1.5786,1.4086,1.7962,2.2037,2.4503,2.595,2.6832,2.748,2.8236,2.9452,3.1422,3.3563,3.3488,3.1679,2.9969,2.8604,2.7454,2.6455,2.5598,2.4889,2.4326,2.389,2.3555,2.3292,2.3081,2.2906,2.2762,2.2642,2.2546,2.5918,2.5783,2.5563,2.5171,2.4448,2.3155,2.0968,1.7892,1.6692,1.969,2.2893,2.502,2.6297,2.6926,2.7223,2.7731,2.8881,3.0662,3.2416,3.2481,3.1145,2.9672,2.8315,2.7056,2.5915,2.4941,2.4173,2.361,2.3215,2.2936,2.273,2.2566,2.2429,2.2313,2.2217,2.2142,2.6128,2.6081,2.6002,2.5809,2.5324,2.4394,2.3038,2.1595,2.1052,2.2003,2.3849,2.5671,2.6794,2.6975,2.6392,2.6362,2.7831,2.9599,3.0764,3.0958,3.0299,2.9176,2.7829,2.6403,2.5049,2.3922,2.3115,2.2614,2.2333,2.2174,2.2066,2.1974,2.1887,2.1806,2.1737,2.1687,2.6332,2.6372,2.6447,2.6497,2.6244,2.5519,2.4503,2.3108,2.1261,2.0997,2.3687,2.6301,2.7585,2.7252,2.455,2.3103,2.6762,2.9543,3.0752,3.0814,3.0103,2.8863,2.7251,2.5434,2.3684,2.2324,2.1533,2.1233,2.1207,2.1265,2.1311,2.1315,2.1284,2.1238,2.1197,2.1174,2.6502,2.6591,2.6754,2.6975,2.689,2.6323,2.5618,2.3949,1.8553,1.5823,2.3052,2.7314,2.8993,2.8821,2.5511,2.3218,2.7894,3.1375,3.264,3.2069,3.0658,2.8833,2.6594,2.3997,2.1463,1.9716,1.9124,1.9348,1.983,2.0244,2.0496,2.0604,2.0623,2.0604,2.0586,2.0591,2.6628,2.672,2.6852,2.6991,2.6965,2.6859,2.6895,2.6575,2.3058,2.0233,2.5443,2.9218,3.0924,3.2278,2.9151,2.8916,3.1708,3.6196,3.7173,3.4457,3.1658,2.8996,2.5848,2.188,1.7737,1.5296,1.5465,1.6918,1.8305,1.921,1.9681,1.9866,1.9901,1.9885,1.9881,1.9918,2.6725,2.6809,2.69,2.6986,2.7092,2.7381,2.7928,2.7314,2.8627,2.6986,2.8896,3.2026,3.2673,3.0712,2.7201,3.099,3.4882,4.3202,4.3287,3.6524,3.2507,2.9328,2.5271,1.9255,1.1914,0.8171,1.0521,1.4343,1.6964,1.8348,1.8943,1.9109,1.9091,1.9041,1.9043,1.9124,2.6807,2.6895,2.6996,2.7125,2.7337,2.7733,2.8445,2.9813,2.9465,2.8812,3.037,3.4673,3.5974,3.4175,3.1407,3.333,3.6551,3.9976,4.0056,3.5818,3.3022,3.0283,2.5704,1.7873,0.6786,0.1362,0.6846,1.2996,1.6382,1.7863,1.8321,1.8293,1.8114,1.7988,1.8002,1.8161,2.6873,2.6973,2.7095,2.7255,2.7486,2.7826,2.8284,2.8721,2.8809,2.8984,2.9678,3.1004,3.2054,3.1983,3.2366,3.7101,4.3058,3.756,3.5429,3.4643,3.4967,3.3197,2.7991,2.017,1.0357,0.5371,0.9419,1.4331,1.692,1.7799,1.7738,1.7274,1.6804,1.6574,1.6652,1.6972,2.6918,2.7027,2.7158,2.7322,2.7532,2.7794,2.8084,2.8339,2.8521,2.8632,2.8391,2.8383,2.9239,3.0455,3.1323,3.553,3.9823,3.5022,3.2763,3.4972,4.1317,3.9029,3.1068,2.4059,1.8178,1.5145,1.5831,1.7467,1.8204,1.7925,1.696,1.5762,1.4851,1.4559,1.4857,1.5507,2.6938,2.7048,2.7177,2.733,2.7511,2.7716,2.7929,2.8128,2.8291,2.8369,2.8268,2.8268,2.7505,2.7095,2.8567,2.9966,3.0913,2.9424,2.8576,3.2619,4.1956,3.9406,3.1373,2.6008,2.2825,2.1449,2.1085,2.0608,1.9574,1.7908,1.5659,1.33,1.1773,1.1626,1.2507,1.3778,2.6933,2.7038,2.7157,2.7293,2.7444,2.7605,2.7768,2.7917,2.8036,2.8096,2.8049,2.774,2.6749,2.6174,2.4823,2.4062,2.555,2.4913,2.3559,2.6399,3.0844,3.1315,2.8358,2.5801,2.4909,2.5498,2.5405,2.3409,2.0717,1.759,1.3633,0.9406,0.7053,0.7623,0.973,1.1974,2.6903,2.6999,2.7104,2.7219,2.734,2.7463,2.7579,2.7675,2.7732,2.7717,2.7565,2.7147,2.6288,2.4304,1.8248,1.5816,2.1822,2.31,2.2325,2.1163,2.3654,2.5222,2.4913,2.4576,2.5907,2.9557,3.0323,2.5697,2.1359,1.7118,1.1395,0.46,0.1335,0.345,0.7276,1.0562,2.6853,2.6936,2.7025,2.7117,2.7209,2.7295,2.7367,2.741,2.7402,2.7307,2.7059,2.654,2.549,2.3176,1.8682,1.7277,2.0871,2.1243,1.7061,1.4943,1.9567,2.1238,2.1551,2.2477,2.5026,2.9917,3.0996,2.4921,2.0879,1.6865,1.0765,0.2725,-0.0995,0.1977,0.6514,1.0136,2.6786,2.6855,2.6925,2.6995,2.7059,2.7111,2.7142,2.7137,2.7074,2.692,2.6618,2.6076,2.5139,2.3619,2.1795,2.1103,2.1511,2.0808,1.8387,1.7303,1.803,1.71,1.6776,1.8884,2.1741,2.3162,2.1148,2.0617,1.9483,1.6952,1.2617,0.6659,0.3377,0.4845,0.802,1.0896,2.6705,2.676,2.6812,2.686,2.6897,2.6919,2.6915,2.6871,2.6769,2.6581,2.6266,2.5774,2.5051,2.4108,2.3153,2.2504,2.2014,2.1109,1.9694,1.815,1.5324,0.9988,0.8454,1.375,1.8461,1.9673,1.84,1.8756,1.8084,1.6933,1.4873,1.1654,0.932,0.927,1.0667,1.2396,2.6614,2.6654,2.669,2.6717,2.6731,2.6727,2.6694,2.6622,2.6494,2.6291,2.5988,2.556,2.4998,2.433,2.3636,2.2975,2.2254,2.1263,1.9819,1.7472,1.2739,0.4812,0.2604,1.0239,1.6369,1.8583,1.8658,1.7891,1.6498,1.6521,1.6069,1.4597,1.3195,1.2721,1.3142,1.4021,2.6517,2.6543,2.6563,2.6572,2.6566,2.654,2.6485,2.6393,2.625,2.6043,2.5758,2.5383,2.4917,2.4375,2.3778,2.3122,2.2341,2.1305,1.9805,1.7417,1.3476,0.8575,0.7443,1.1699,1.5931,1.7917,1.8199,1.7356,1.6302,1.6473,1.6571,1.6012,1.5297,1.4914,1.4995,1.5424]},{"header":{"la1":42.85,"la2":41.18,"lo1":11.55,"lo2":14.05,"nx":36,"ny":24,"dx":0.07143,"dy":0.07261,"parameterCategory":2,"parameterNumber":3,"parameterNumberName":"northward_wind","parameterUnit":"m.s-1"},"data":[0.9356,0.9046,0.8697,0.8315,0.7912,0.7517,0.7169,0.691,0.6764,0.6718,0.6722,0.6709,0.6621,0.6426,0.6117,0.5717,0.5277,0.4871,0.4583,0.4479,0.4579,0.4854,0.5246,0.5697,0.616,0.6608,0.7029,0.7419,0.7778,0.811,0.8418,0.8704,0.8971,0.922,0.9452,0.9668,0.9328,0.8972,0.8556,0.8077,0.7547,0.7002,0.6511,0.6162,0.6018,0.6067,0.6211,0.6325,0.6305,0.6099,0.5698,0.5132,0.4472,0.3838,0.3384,0.3236,0.3422,0.3869,0.4461,0.5094,0.5706,0.6266,0.677,0.722,0.7625,0.7994,0.8332,0.8644,0.8934,0.9203,0.9452,0.9683,0.9328,0.8927,0.8435,0.7835,0.7123,0.6333,0.5575,0.5033,0.488,0.512,0.5548,0.5904,0.6012,0.5807,0.5282,0.447,0.3453,0.242,0.1666,0.1459,0.1839,0.2615,0.3538,0.4438,0.5242,0.5933,0.6524,0.7035,0.7485,0.7889,0.8257,0.8595,0.8908,0.9198,0.9465,0.9711,0.937,0.8932,0.8369,0.7633,0.6677,0.5494,0.422,0.323,0.3012,0.3659,0.4669,0.547,0.5792,0.5598,0.4914,0.3756,0.2173,0.041,-0.0933,-0.1207,-0.0367,0.1045,0.2507,0.3776,0.4808,0.5634,0.6307,0.6871,0.7359,0.7795,0.8192,0.8557,0.8895,0.9207,0.9493,0.9755,0.9463,0.9008,0.84,0.7548,0.6319,0.4571,0.2329,0.0248,-0.0251,0.1338,0.3564,0.5116,0.5725,0.5533,0.4662,0.3088,0.0678,-0.2425,-0.5028,-0.5328,-0.3373,-0.0763,0.1497,0.3208,0.4463,0.5401,0.6131,0.6729,0.7246,0.771,0.8135,0.853,0.8895,0.9231,0.9539,0.9819,0.9605,0.9165,0.8566,0.7681,0.6269,0.3923,0.019,-0.4345,-0.5832,-0.1982,0.255,0.5088,0.5922,0.5657,0.4594,0.2666,-0.0643,-0.5866,-1.1084,-1.1192,-0.6817,-0.2359,0.0799,0.2881,0.4274,0.5253,0.5993,0.66,0.7134,0.7624,0.8082,0.8511,0.8909,0.9274,0.9606,0.9904,0.9781,0.9381,0.8858,0.809,0.6779,0.4288,-0.0517,-0.8152,-1.1534,-0.4126,0.2773,0.5774,0.6465,0.593,0.466,0.267,-0.0869,-0.762,-1.5887,-1.5578,-0.8536,-0.2753,0.0795,0.2928,0.4269,0.5178,0.5866,0.6454,0.6999,0.7522,0.8024,0.8499,0.8939,0.934,0.9699,1.0018,0.9957,0.9591,0.9172,0.8658,0.783,0.6113,0.2509,-0.3414,-0.5859,0.0226,0.5429,0.7334,0.7297,0.6158,0.448,0.2734,0.0331,-0.4547,-1.0932,-1.1101,-0.5854,-0.1271,0.161,0.3332,0.4385,0.5097,0.5676,0.6231,0.6801,0.7382,0.7953,0.8493,0.8989,0.9434,0.9826,1.0165,1.0098,0.9697,0.9279,0.8975,0.8843,0.8522,0.7499,0.6102,0.6236,0.8207,0.9433,0.9358,0.8265,0.6098,0.3118,0.1388,0.122,-0.0142,-0.2477,-0.2931,-0.1052,0.1199,0.2854,0.3862,0.4441,0.4848,0.5284,0.5833,0.6483,0.7178,0.7862,0.8499,0.907,0.9569,0.9996,1.0357,1.0212,0.9658,0.8944,0.8387,0.8829,1.0164,1.1302,1.2387,1.4124,1.4793,1.3105,1.1288,0.9406,0.6194,-0.0392,-0.3649,0.064,0.209,0.1833,0.178,0.2423,0.3316,0.3958,0.4184,0.4141,0.4146,0.446,0.5115,0.5977,0.6893,0.7761,0.8536,0.9202,0.9762,1.0225,1.0603,1.0384,0.9653,0.8426,0.6867,0.7412,1.0921,1.3753,1.5647,1.8525,1.9961,1.5533,1.2724,1.0901,0.8419,0.1358,-0.3467,0.1667,0.2921,0.2949,0.3469,0.4199,0.4683,0.4637,0.3987,0.3046,0.25,0.2835,0.3898,0.5241,0.6546,0.7687,0.864,0.9417,1.0041,1.0535,1.0921,1.0732,1.0043,0.8847,0.7314,0.8118,1.2361,1.5844,1.7547,1.8119,1.8392,1.5621,1.3605,1.2383,1.2116,0.9091,0.5812,0.42,0.1429,0.0884,0.3255,0.5047,0.5615,0.4954,0.304,0.0476,-0.0962,-0.0113,0.2065,0.4338,0.6236,0.7724,0.8876,0.9762,1.0439,1.0948,1.1326,1.1266,1.0867,1.034,1.01,1.1362,1.4269,1.7175,1.8924,1.8223,1.6697,1.5346,1.4664,1.364,1.1748,0.9598,0.8706,0.4877,-0.4126,-0.4251,0.2793,0.6033,0.6689,0.5288,0.147,-0.425,-0.7285,-0.4576,-0.0055,0.3597,0.6178,0.8003,0.9326,1.0294,1.0996,1.1494,1.1836,1.1866,1.1774,1.1786,1.2178,1.3306,1.5086,1.6947,1.8262,1.7798,1.6364,1.5599,1.5906,1.5752,1.2302,1.1712,0.97,0.6594,0.1056,0.0408,0.5474,0.8194,0.8454,0.6348,0.0785,-0.8709,-1.3764,-0.8065,-0.1021,0.3677,0.666,0.8664,1.0075,1.1073,1.1758,1.2201,1.2468,1.241,1.251,1.2751,1.3251,1.4086,1.5154,1.6174,1.6763,1.661,1.6201,1.6141,1.6181,1.5449,1.6033,1.3169,0.9147,0.5653,0.7469,0.8316,1.0156,1.1383,1.1011,0.8613,0.3295,-0.5091,-0.9688,-0.5161,0.0885,0.5069,0.7834,0.9774,1.1178,1.2155,1.2768,1.3096,1.3232,1.2849,1.3036,1.3335,1.3785,1.4383,1.5051,1.564,1.6003,1.6145,1.6358,1.6816,1.8223,1.7286,1.5853,1.4328,1.0876,0.8025,1.1342,1.3623,1.4047,1.3762,1.329,1.1211,0.7474,0.2956,0.0487,0.1837,0.4719,0.7356,0.951,1.1272,1.2656,1.3595,1.4074,1.4199,1.4122,1.3184,1.34,1.3693,1.4071,1.4517,1.4983,1.5403,1.5738,1.6037,1.6425,1.685,1.7433,1.8374,1.865,1.663,1.537,1.5299,1.8265,2.065,1.7971,1.443,1.4183,1.303,1.0599,0.8121,0.6732,0.6838,0.7966,0.9552,1.1284,1.3014,1.4524,1.5469,1.5718,1.5496,1.5101,1.3438,1.3655,1.3925,1.4245,1.4601,1.4967,1.5319,1.5649,1.5985,1.6363,1.6782,1.7392,1.8726,1.9223,1.9414,2.0035,2.049,2.5825,3.1302,2.4309,1.8839,1.6413,1.4643,1.2473,1.0253,0.8583,0.8289,0.943,1.1074,1.2855,1.4837,1.6763,1.781,1.7645,1.6876,1.6063,1.363,1.384,1.4085,1.4364,1.4666,1.498,1.5296,1.5616,1.5952,1.6325,1.6768,1.738,1.8274,1.9716,2.3875,2.5645,2.3144,2.6655,3.0213,2.823,2.3366,1.9137,1.6259,1.3673,1.0641,0.6939,0.6198,0.9523,1.2175,1.4167,1.6436,1.8982,2.0188,1.9415,1.8017,1.6819,1.3779,1.3977,1.4203,1.4452,1.4721,1.5003,1.5297,1.5604,1.5937,1.6314,1.6774,1.7399,1.8356,2.0161,2.3504,2.4697,2.3428,2.5751,3.1566,3.3963,2.6159,2.0754,1.7565,1.4912,1.1702,0.7011,0.6011,1.132,1.3812,1.5329,1.727,1.9831,2.1046,2.0036,1.8461,1.7175,1.3895,1.4083,1.4292,1.452,1.4766,1.5027,1.5303,1.56,1.5926,1.6302,1.6763,1.7374,1.8251,1.9551,2.1111,2.1984,2.2531,2.4555,2.8229,2.9084,2.4625,2.0836,1.8645,1.6576,1.454,1.3997,1.6893,1.6775,1.6161,1.6493,1.7386,1.8858,1.9729,1.9212,1.8127,1.711,1.3988,1.4165,1.4361,1.4573,1.4801,1.5045,1.5307,1.5591,1.5907,1.6272,1.671,1.7261,1.7971,1.885,1.9772,2.0549,2.1361,2.2596,2.3896,2.3793,2.1967,2.0574,1.9981,1.8298,1.6805,1.767,2.0594,1.9205,1.7987,1.7764,1.761,1.7902,1.8224,1.8046,1.7477,1.6812,1.4061,1.4229,1.4413,1.4612,1.4826,1.5056,1.5303,1.5573,1.5874,1.6215,1.6615,1.7091,1.7655,1.8293,1.8952,1.959,2.0243,2.0928,2.1399,2.1252,2.0668,2.0729,2.0904,1.9251,1.7772,1.7841,1.8666,1.8798,1.9447,1.9032,1.8077,1.7611,1.7462,1.727,1.6922,1.6484,1.4118,1.4279,1.4452,1.4639,1.484,1.5056,1.5289,1.5543,1.5823,1.6137,1.6493,1.6898,1.7352,1.7843,1.8347,1.8842,1.9317,1.9729,1.9973,1.9974,1.9913,2.0113,2.004,1.8991,1.7962,1.7707,1.8024,1.8717,1.9613,1.922,1.8209,1.7511,1.7125,1.6844,1.6547,1.6214]}]