docs/data/wind_grid.json
[{"header":{"la1":42.85,"la2":41.18,"lo1":11.55,"lo2":14.05,"nx":36,"ny":24,"dx":0.07143,"dy":0.07261,"parameterCategory":2,"parameterNumber":2,"parameterNumberName":"eastward_wind","parameterUnit":"m.s-1"},"data":[-0.6528,-0.6546,-0.6539,-0.6508,-0.6454,-0.6382,-0.6295,-0.6192,-0.6075,-0.595,-0.5829,-0.5727,-0.5657,-0.5623,-0.5625,-0.5649,-0.5671,-0.5662,-0.5594,-0.5454,-0.5264,-0.5072,-0.4928,-0.485,-0.4824,-0.482,-0.4815,-0.4799,-0.4769,-0.4729,-0.4681,-0.463,-0.4577,-0.4525,-0.4475,-0.4428,-0.6745,-0.6777,-0.6777,-0.6743,-0.6681,-0.6599,-0.6501,-0.6382,-0.6239,-0.6075,-0.5908,-0.5768,-0.5676,-0.5644,-0.5671,-0.574,-0.5815,-0.5843,-0.5762,-0.554,-0.521,-0.4885,-0.4682,-0.4631,-0.4671,-0.473,-0.4767,-0.4773,-0.4752,-0.4713,-0.4662,-0.4606,-0.4549,-0.4494,-0.444,-0.4391,-0.7009,-0.7065,-0.7075,-0.7037,-0.6963,-0.6869,-0.6766,-0.6644,-0.6473,-0.6249,-0.6006,-0.58,-0.5671,-0.5639,-0.5704,-0.5847,-0.6022,-0.6136,-0.6061,-0.5688,-0.5058,-0.444,-0.4156,-0.4228,-0.4437,-0.4617,-0.4719,-0.4752,-0.4738,-0.4696,-0.464,-0.4579,-0.4516,-0.4456,-0.44,-0.4348,-0.7332,-0.743,-0.7461,-0.7416,-0.7313,-0.72,-0.7113,-0.7024,-0.6842,-0.6518,-0.6135,-0.5813,-0.5622,-0.5583,-0.5699,-0.5958,-0.6313,-0.6631,-0.6646,-0.6033,-0.4734,-0.3407,-0.3057,-0.3554,-0.4141,-0.4517,-0.4694,-0.4747,-0.4731,-0.468,-0.4614,-0.4544,-0.4475,-0.4411,-0.4351,-0.4297,-0.773,-0.7906,-0.7983,-0.7925,-0.7757,-0.7591,-0.7551,-0.7614,-0.7485,-0.6963,-0.6299,-0.5783,-0.5498,-0.5441,-0.5613,-0.6027,-0.6681,-0.7449,-0.7856,-0.7008,-0.4357,-0.1271,-0.111,-0.2748,-0.394,-0.451,-0.4726,-0.4768,-0.4731,-0.4661,-0.458,-0.45,-0.4424,-0.4355,-0.4293,-0.4238,-0.8213,-0.8535,-0.8727,-0.8666,-0.8349,-0.8016,-0.8025,-0.8508,-0.8654,-0.7647,-0.6436,-0.5649,-0.5255,-0.5166,-0.5375,-0.5947,-0.6993,-0.8583,-1.0161,-0.9474,-0.5249,0.0163,-0.0042,-0.2729,-0.416,-0.4695,-0.4834,-0.4812,-0.473,-0.4631,-0.4533,-0.4441,-0.4359,-0.4286,-0.4223,-0.4167,-0.8757,-0.9344,-0.9826,-0.9849,-0.9226,-0.8447,-0.828,-0.9278,-0.9969,-0.8104,-0.6278,-0.5309,-0.485,-0.4707,-0.4886,-0.5536,-0.6889,-0.9256,-1.239,-1.2104,-0.8257,-0.4442,-0.3444,-0.4377,-0.4936,-0.5059,-0.4987,-0.4852,-0.4709,-0.4578,-0.4463,-0.4363,-0.4277,-0.4203,-0.4139,-0.4085,-0.9267,-1.0231,-1.1332,-1.1765,-1.0558,-0.8898,-0.8044,-0.8374,-0.8627,-0.6998,-0.55,-0.4714,-0.4284,-0.403,-0.4016,-0.4583,-0.6036,-0.8332,-1.0747,-1.1241,-1.1442,-1.0298,-0.7832,-0.6486,-0.5838,-0.5415,-0.5091,-0.4837,-0.464,-0.4485,-0.4361,-0.426,-0.4174,-0.4101,-0.404,-0.3989,-0.9562,-1.0793,-1.2552,-1.3806,-1.1768,-0.9217,-0.7567,-0.6615,-0.5779,-0.4832,-0.4278,-0.3974,-0.3646,-0.3161,-0.2531,-0.2723,-0.4571,-0.6937,-0.9078,-1.1538,-1.6024,-1.4894,-1.0315,-0.7682,-0.6316,-0.5527,-0.5032,-0.4709,-0.4492,-0.4338,-0.4222,-0.4128,-0.4048,-0.3981,-0.3924,-0.3878,-0.952,-1.0644,-1.1994,-1.2715,-1.1376,-0.9195,-0.7161,-0.5303,-0.3159,-0.2174,-0.2915,-0.33,-0.3109,-0.2377,-0.0237,0.0901,-0.3068,-0.6307,-0.85,-1.0842,-1.4053,-1.3399,-1.0003,-0.7584,-0.6128,-0.5247,-0.4724,-0.4424,-0.4248,-0.4132,-0.4043,-0.3967,-0.3899,-0.384,-0.379,-0.375,-0.9216,-1.0151,-1.1228,-1.2389,-1.1912,-0.9242,-0.7124,-0.5048,-0.047,0.1745,-0.1869,-0.2905,-0.276,-0.2201,-0.0423,0.0987,-0.3707,-0.7378,-0.9191,-0.9802,-1.0256,-0.9766,-0.8192,-0.6571,-0.5327,-0.4528,-0.4123,-0.3966,-0.391,-0.3875,-0.3834,-0.3783,-0.3729,-0.3677,-0.3634,-0.3602,-0.875,-0.9543,-1.0621,-1.1975,-1.1426,-0.8877,-0.7695,-0.736,-0.374,-0.0867,-0.2477,-0.2863,-0.2464,-0.1749,-0.2122,-0.3393,-0.6621,-1.174,-1.3165,-1.0672,-0.8882,-0.771,-0.651,-0.5224,-0.4045,-0.3327,-0.3205,-0.3359,-0.3515,-0.3595,-0.361,-0.3583,-0.3537,-0.3491,-0.3453,-0.3431,-0.8162,-0.8713,-0.9333,-0.9739,-0.9189,-0.8125,-0.8224,-0.9886,-0.7716,-0.4504,-0.3337,-0.2924,-0.2499,-0.143,-0.2171,-0.4698,-0.8521,-2.0576,-2.1084,-1.2007,-0.8156,-0.6353,-0.514,-0.3871,-0.2397,-0.1594,-0.2034,-0.272,-0.3147,-0.3342,-0.3394,-0.3372,-0.3321,-0.3271,-0.3239,-0.3229,-0.7531,-0.7833,-0.8069,-0.8078,-0.7743,-0.7399,-0.7639,-0.8263,-0.7266,-0.4738,-0.3333,-0.2888,-0.277,-0.2153,-0.3609,-0.5268,-0.7468,-1.4075,-1.5454,-0.9842,-0.6368,-0.4721,-0.3875,-0.2861,-0.1109,-0.0077,-0.118,-0.2336,-0.2932,-0.3164,-0.3202,-0.3146,-0.3065,-0.3001,-0.2975,-0.2986,-0.6939,-0.7069,-0.7116,-0.7024,-0.6803,-0.6597,-0.653,-0.6346,-0.5343,-0.373,-0.2658,-0.2507,-0.2491,-0.2071,-0.4117,-0.5704,-1.1807,-0.9195,-0.8228,-0.568,-0.2998,-0.2214,-0.2527,-0.2412,-0.1465,-0.0781,-0.1557,-0.2474,-0.295,-0.3086,-0.3025,-0.2876,-0.2729,-0.2644,-0.2635,-0.2686,-0.6424,-0.6452,-0.641,-0.628,-0.6074,-0.5826,-0.5522,-0.4998,-0.4028,-0.2585,-0.0866,-0.1884,-0.2233,-0.2683,-0.4018,-0.6838,-1.0048,-0.7067,-0.4721,-0.1996,0.1948,0.1217,-0.1174,-0.2168,-0.229,-0.2261,-0.259,-0.2992,-0.3165,-0.3084,-0.2822,-0.2495,-0.2237,-0.2136,-0.2183,-0.2317,-0.5991,-0.5958,-0.5869,-0.5714,-0.5493,-0.5204,-0.4815,-0.4249,-0.3426,-0.23,-0.1062,-0.1631,-0.1772,-0.1754,-0.2971,-0.416,-0.4668,-0.3148,-0.1293,-0.0141,0.2824,0.1884,-0.0725,-0.2124,-0.2847,-0.3288,-0.3576,-0.3662,-0.351,-0.3116,-0.2521,-0.1879,-0.1451,-0.1384,-0.1582,-0.1875,-0.563,-0.5561,-0.5445,-0.5275,-0.5046,-0.475,-0.4367,-0.3874,-0.3264,-0.2599,-0.2105,-0.1969,-0.1621,-0.145,-0.1313,-0.1202,-0.1512,0.0639,0.3275,0.1025,0.057,0.0075,-0.1159,-0.2389,-0.3474,-0.4328,-0.4664,-0.4482,-0.3975,-0.3166,-0.2055,-0.0867,-0.0197,-0.0326,-0.0856,-0.1406,-0.5331,-0.524,-0.511,-0.4935,-0.471,-0.443,-0.4089,-0.3686,-0.3238,-0.2796,-0.2433,-0.214,-0.1762,-0.0979,0.1713,0.2928,0.0316,0.1152,0.2576,0.1618,0.0519,-0.0419,-0.1433,-0.2699,-0.4189,-0.5463,-0.5744,-0.5393,-0.4564,-0.3274,-0.1522,0.0452,0.1394,0.0817,-0.0196,-0.1026,-0.5082,-0.498,-0.4844,-0.4672,-0.446,-0.4206,-0.3911,-0.358,-0.3228,-0.2881,-0.2551,-0.2204,-0.1706,-0.0686,0.1437,0.2159,0.0557,0.0718,0.2171,0.2764,0.098,-0.018,-0.1199,-0.2682,-0.461,-0.5964,-0.6195,-0.6534,-0.5306,-0.3495,-0.1378,0.0995,0.2059,0.1236,0.003,-0.0888,-0.4876,-0.4768,-0.4633,-0.4468,-0.4272,-0.4045,-0.3789,-0.351,-0.3217,-0.2918,-0.261,-0.2259,-0.1787,-0.1079,-0.0217,0.0133,-0.0016,0.0331,0.1289,0.1619,0.093,0.0612,-0.0018,-0.1915,-0.4706,-0.7766,-1.1054,-0.9585,-0.5971,-0.3522,-0.1744,-0.0018,0.0878,0.0496,-0.0321,-0.104,-0.4704,-0.4596,-0.4465,-0.4309,-0.413,-0.3926,-0.3702,-0.3461,-0.3206,-0.2941,-0.266,-0.2342,-0.196,-0.1504,-0.1053,-0.0753,-0.0548,-0.0196,0.0301,0.0689,0.1302,0.2857,0.3125,0.0013,-0.4147,-0.9035,-1.4337,-1.0776,-0.4422,-0.2302,-0.1719,-0.1055,-0.0549,-0.0568,-0.0929,-0.1361,-0.4561,-0.4455,-0.4329,-0.4184,-0.402,-0.3837,-0.3638,-0.3426,-0.3201,-0.2965,-0.2714,-0.2439,-0.2135,-0.1808,-0.1492,-0.1216,-0.095,-0.0622,-0.0194,0.0447,0.1885,0.4816,0.5725,0.1658,-0.2844,-0.6559,-0.8452,-0.4805,0.0694,0.0242,-0.1036,-0.1363,-0.1304,-0.1304,-0.1459,-0.1697,-0.4442,-0.4339,-0.422,-0.4085,-0.3935,-0.377,-0.3592,-0.3402,-0.3202,-0.2992,-0.277,-0.2534,-0.2284,-0.2025,-0.1769,-0.1519,-0.1256,-0.0945,-0.0525,0.0149,0.1385,0.3137,0.3417,0.0974,-0.2008,-0.4104,-0.4371,-0.1724,0.1433,0.076,-0.0738,-0.1427,-0.1636,-0.172,-0.1826,-0.1972]},{"header":{"la1":42.85,"la2":41.18,"lo1":11.55,"lo2":14.05,"nx":36,"ny":24,"dx":0.07143,"dy":0.07261,"parameterCategory":2,"parameterNumber":3,"parameterNumberName":"northward_wind","parameterUnit":"m.s-1"},"data":[-0.7049,-0.701,-0.6949,-0.6865,-0.6761,-0.664,-0.6512,-0.6385,-0.6263,-0.6143,-0.6013,-0.5858,-0.5667,-0.5434,-0.5159,-0.4848,-0.4513,-0.4171,-0.3841,-0.3543,-0.3299,-0.3133,-0.3059,-0.3078,-0.3168,-0.33,-0.3452,-0.3609,-0.3763,-0.3912,-0.4054,-0.4188,-0.4315,-0.4436,-0.4549,-0.4655,-0.7173,-0.7137,-0.7072,-0.6975,-0.6847,-0.6694,-0.6533,-0.6384,-0.626,-0.6156,-0.6049,-0.5911,-0.5721,-0.5469,-0.5154,-0.4784,-0.4375,-0.395,-0.3537,-0.3159,-0.2843,-0.263,-0.2561,-0.2634,-0.2802,-0.3011,-0.3227,-0.3434,-0.3627,-0.3806,-0.3972,-0.4126,-0.427,-0.4405,-0.453,-0.4647,-0.7315,-0.7286,-0.722,-0.7106,-0.694,-0.6731,-0.6506,-0.631,-0.6182,-0.6119,-0.607,-0.5977,-0.5803,-0.5536,-0.5176,-0.4732,-0.4225,-0.369,-0.3171,-0.2689,-0.226,-0.1958,-0.1897,-0.2078,-0.2382,-0.2705,-0.3003,-0.3267,-0.3501,-0.371,-0.39,-0.4074,-0.4235,-0.4384,-0.4523,-0.465,-0.7479,-0.7468,-0.7406,-0.7273,-0.7053,-0.6747,-0.6389,-0.6078,-0.5933,-0.597,-0.6056,-0.6059,-0.5926,-0.5653,-0.5245,-0.4709,-0.4067,-0.3377,-0.2728,-0.2143,-0.1544,-0.1037,-0.0996,-0.141,-0.1941,-0.2414,-0.2802,-0.3122,-0.3393,-0.363,-0.3842,-0.4036,-0.4214,-0.4378,-0.4529,-0.4667,-0.7668,-0.769,-0.7651,-0.7509,-0.7223,-0.676,-0.6134,-0.552,-0.5302,-0.5597,-0.5995,-0.6179,-0.6115,-0.5845,-0.5393,-0.475,-0.3918,-0.2977,-0.215,-0.1564,-0.0819,0.014,0.0112,-0.0753,-0.1577,-0.2191,-0.265,-0.3011,-0.331,-0.357,-0.3802,-0.4014,-0.4208,-0.4387,-0.4551,-0.47,-0.7877,-0.7962,-0.7984,-0.7864,-0.7517,-0.686,-0.5778,-0.4399,-0.389,-0.4899,-0.5948,-0.6393,-0.6401,-0.6144,-0.5668,-0.493,-0.3859,-0.248,-0.1248,-0.0919,-0.0503,0.0745,0.0632,-0.0513,-0.1441,-0.2092,-0.2569,-0.2944,-0.3257,-0.3532,-0.3781,-0.401,-0.4222,-0.4417,-0.4594,-0.4754,-0.8088,-0.8278,-0.8436,-0.8403,-0.8022,-0.7234,-0.5768,-0.3295,-0.2129,-0.4426,-0.6218,-0.6804,-0.6817,-0.6581,-0.614,-0.5375,-0.4116,-0.2265,-0.0321,-0.0298,-0.0592,-0.0133,-0.0181,-0.0852,-0.1551,-0.2112,-0.2552,-0.2914,-0.3228,-0.3514,-0.3779,-0.4027,-0.4258,-0.447,-0.4661,-0.4832,-0.8255,-0.8581,-0.9006,-0.9193,-0.8712,-0.793,-0.68,-0.4926,-0.4079,-0.5909,-0.7204,-0.7469,-0.7349,-0.7166,-0.6906,-0.6257,-0.4939,-0.306,-0.1288,-0.0733,-0.0136,-0.0051,-0.0597,-0.1184,-0.1726,-0.2182,-0.2564,-0.29,-0.3212,-0.351,-0.3795,-0.4067,-0.432,-0.4552,-0.4759,-0.4941,-0.8302,-0.8692,-0.943,-1.0058,-0.9178,-0.8559,-0.8342,-0.8127,-0.8312,-0.8836,-0.8761,-0.8279,-0.7899,-0.786,-0.8164,-0.7906,-0.6283,-0.4288,-0.2549,-0.0815,0.1604,0.1203,-0.0442,-0.1333,-0.1855,-0.2234,-0.2559,-0.2872,-0.319,-0.3511,-0.3828,-0.4132,-0.4415,-0.4671,-0.4896,-0.5088,-0.8193,-0.8396,-0.8767,-0.9021,-0.8366,-0.8757,-0.9646,-1.0668,-1.2051,-1.2367,-1.0568,-0.8993,-0.8287,-0.8427,-1.0115,-1.1113,-0.7698,-0.5114,-0.3352,-0.151,0.0546,0.0428,-0.0808,-0.1543,-0.1936,-0.2209,-0.248,-0.2791,-0.3142,-0.3512,-0.3881,-0.4232,-0.4554,-0.484,-0.5083,-0.5284,-0.8022,-0.7917,-0.7368,-0.5833,-0.6223,-0.8758,-1.0829,-1.2487,-1.5395,-1.6949,-1.1993,-0.9291,-0.8414,-0.8454,-0.9859,-1.1154,-0.7338,-0.5101,-0.3855,-0.2686,-0.1627,-0.13,-0.153,-0.1762,-0.1885,-0.2006,-0.2242,-0.261,-0.3051,-0.3513,-0.3964,-0.4382,-0.4756,-0.5076,-0.5339,-0.5544,-0.7937,-0.7743,-0.7111,-0.5934,-0.6514,-0.953,-1.2318,-1.4002,-1.4519,-1.4748,-1.1221,-0.8999,-0.8447,-0.8957,-0.8229,-0.6779,-0.5238,-0.4573,-0.4185,-0.3309,-0.2521,-0.207,-0.188,-0.1729,-0.1512,-0.1429,-0.1723,-0.2287,-0.2921,-0.3535,-0.4102,-0.4611,-0.505,-0.541,-0.5687,-0.5888,-0.797,-0.7903,-0.7721,-0.7649,-0.8528,-1.0678,-1.3395,-1.5895,-1.4224,-1.1947,-0.979,-0.8554,-0.8242,-0.9301,-0.7907,-0.3928,-0.2898,-0.4974,-0.5091,-0.3377,-0.2504,-0.2035,-0.1756,-0.1371,-0.0662,-0.024,-0.0852,-0.1871,-0.2812,-0.3627,-0.4342,-0.4965,-0.5483,-0.5883,-0.6164,-0.6341,-0.8045,-0.8124,-0.8253,-0.8601,-0.944,-1.0876,-1.2679,-1.4068,-1.3207,-1.0678,-0.8941,-0.8472,-0.8345,-0.6924,-0.4114,0.1166,0.0984,-0.2241,-0.3457,-0.251,-0.1701,-0.1322,-0.1278,-0.0964,0.0193,0.1039,-0.0117,-0.1644,-0.286,-0.3866,-0.4748,-0.551,-0.6123,-0.6559,-0.682,-0.6937,-0.8089,-0.8245,-0.8478,-0.8869,-0.9492,-1.0337,-1.1206,-1.1597,-1.0829,-0.9356,-0.8348,-0.7896,-0.726,-0.6864,-0.2611,0.2868,0.9296,0.1931,-0.1117,-0.0997,0.0363,0.0487,-0.0436,-0.0825,-0.0215,0.0342,-0.0577,-0.194,-0.3176,-0.4318,-0.5393,-0.6347,-0.7083,-0.7536,-0.7721,-0.7711,-0.8074,-0.8245,-0.8473,-0.8786,-0.9186,-0.9618,-0.993,-0.9878,-0.9309,-0.8508,-0.8066,-0.8013,-0.7646,-0.6477,-0.3485,0.175,0.6398,0.1404,-0.1074,0.0388,0.5112,0.4007,0.0603,-0.083,-0.1061,-0.1075,-0.1575,-0.2505,-0.3666,-0.4979,-0.6357,-0.7627,-0.8543,-0.8961,-0.895,-0.8694,-0.8006,-0.8158,-0.8342,-0.8559,-0.8791,-0.8987,-0.906,-0.8919,-0.8564,-0.8176,-0.802,-0.8049,-0.9161,-0.9417,-0.5472,-0.2548,-0.1267,-0.2653,-0.3688,-0.077,0.5712,0.4326,0.0485,-0.1082,-0.1451,-0.1488,-0.1817,-0.2714,-0.4084,-0.5788,-0.7727,-0.959,-1.0794,-1.1027,-1.0571,-0.9873,-0.7902,-0.8023,-0.8157,-0.8295,-0.8419,-0.8495,-0.8481,-0.8354,-0.8144,-0.7949,-0.7879,-0.8096,-0.9459,-0.9557,-0.6731,-0.5372,-0.4682,-0.6483,-0.9071,-0.4752,-0.0908,-0.011,-0.1084,-0.1638,-0.1348,-0.0544,-0.0584,-0.214,-0.4273,-0.6674,-0.9535,-1.2499,-1.4161,-1.3828,-1.2495,-1.112,-0.7778,-0.7868,-0.7958,-0.804,-0.8099,-0.8115,-0.8072,-0.7968,-0.7827,-0.7698,-0.7634,-0.7702,-0.7881,-0.7585,-0.7337,-0.7466,-0.6099,-0.6813,-0.7917,-0.5807,-0.399,-0.288,-0.2595,-0.2255,-0.0898,0.2075,0.2691,-0.1091,-0.4486,-0.755,-1.141,-1.5958,-1.8191,-1.6748,-1.4215,-1.2128,-0.7646,-0.7709,-0.7766,-0.7809,-0.7829,-0.7815,-0.7762,-0.7671,-0.7557,-0.7442,-0.7347,-0.7276,-0.7179,-0.7024,-0.7173,-0.7191,-0.628,-0.6042,-0.5969,-0.588,-0.4982,-0.4153,-0.3687,-0.3072,-0.1471,0.2275,0.314,-0.2191,-0.5493,-0.8332,-1.2222,-1.7352,-1.9816,-1.7811,-1.4821,-1.2514,-0.7516,-0.7557,-0.7588,-0.7605,-0.7602,-0.7572,-0.7513,-0.7428,-0.7323,-0.721,-0.7093,-0.6969,-0.6829,-0.6691,-0.6607,-0.6421,-0.6039,-0.5784,-0.5708,-0.5598,-0.5183,-0.4869,-0.4645,-0.4212,-0.36,-0.3599,-0.5999,-0.6496,-0.7429,-0.9185,-1.1661,-1.5072,-1.7021,-1.6035,-1.3984,-1.2164,-0.7391,-0.7415,-0.7428,-0.7428,-0.7409,-0.737,-0.7308,-0.7225,-0.7125,-0.7012,-0.6887,-0.6751,-0.6604,-0.6452,-0.6295,-0.61,-0.5865,-0.5669,-0.5541,-0.5429,-0.5367,-0.5546,-0.5601,-0.5251,-0.5288,-0.6628,-0.88,-0.8583,-0.9891,-1.0742,-1.1276,-1.2546,-1.3596,-1.3451,-1.2494,-1.1377,-0.7275,-0.7285,-0.7286,-0.7273,-0.7245,-0.72,-0.7136,-0.7055,-0.6959,-0.6848,-0.6726,-0.6592,-0.6447,-0.6295,-0.6135,-0.5961,-0.5784,-0.563,-0.5519,-0.5469,-0.5571,-0.5929,-0.6049,-0.5767,-0.6012,-0.704,-0.8347,-1.0394,-1.372,-1.3081,-1.1658,-1.1402,-1.1626,-1.159,-1.1161,-1.0529,-0.7168,-0.7168,-0.7159,-0.7138,-0.7104,-0.7056,-0.6992,-0.6913,-0.6821,-0.6716,-0.66,-0.6473,-0.6338,-0.6197,-0.605,-0.5902,-0.576,-0.564,-0.5559,-0.5542,-0.5633,-0.582,-0.5901,-0.5934,-0.6337,-0.7261,-0.8759,-1.143,-1.4222,-1.3458,-1.1716,-1.0874,-1.062,-1.0465,-1.0195,-0.9808]}]