docs/data/wind_grid.json
[{"header":{"la1":42.85,"la2":41.18,"lo1":11.55,"lo2":14.05,"nx":36,"ny":24,"dx":0.07143,"dy":0.07261,"parameterCategory":2,"parameterNumber":2,"parameterNumberName":"eastward_wind","parameterUnit":"m.s-1"},"data":[0.8313,0.7834,0.7262,0.661,0.5912,0.5225,0.4626,0.4195,0.3984,0.3981,0.4118,0.4294,0.4415,0.4421,0.4287,0.4026,0.3679,0.3314,0.3009,0.2822,0.2775,0.2849,0.3,0.3184,0.3372,0.3545,0.37,0.3838,0.3963,0.4078,0.4188,0.4294,0.4398,0.4501,0.4601,0.47,0.8568,0.8011,0.7311,0.6472,0.5528,0.4556,0.3688,0.3081,0.2852,0.2994,0.3371,0.3791,0.4091,0.4182,0.4034,0.3668,0.3151,0.2596,0.2144,0.1907,0.1916,0.2112,0.2403,0.2711,0.2992,0.3231,0.343,0.3597,0.3744,0.3878,0.4005,0.4128,0.4248,0.4365,0.448,0.4592,0.8942,0.8311,0.7466,0.6386,0.5086,0.3655,0.23,0.1341,0.1065,0.1495,0.2334,0.3186,0.378,0.3998,0.3823,0.3286,0.2477,0.1578,0.086,0.056,0.0713,0.1159,0.1694,0.2188,0.2592,0.2905,0.3149,0.3345,0.3512,0.3665,0.3809,0.395,0.4088,0.4223,0.4355,0.4482,0.9481,0.8801,0.7817,0.6453,0.4666,0.2503,0.0241,-0.1488,-0.1909,-0.0868,0.0891,0.2504,0.3547,0.3939,0.3714,0.2915,0.1618,0.0075,-0.1165,-0.1534,-0.1007,-0.0053,0.0893,0.1649,0.2197,0.2583,0.2862,0.3078,0.3262,0.3432,0.3596,0.3758,0.3918,0.4075,0.4226,0.4371,1.0242,0.9576,0.8502,0.6863,0.4488,0.125,-0.2676,-0.6182,-0.7081,-0.4628,-0.0987,0.1877,0.3517,0.4098,0.3798,0.2655,0.0612,-0.2139,-0.4494,-0.4883,-0.3406,-0.1466,0.0102,0.1167,0.1846,0.2277,0.2567,0.2789,0.2983,0.317,0.3359,0.3548,0.3736,0.3919,0.4094,0.4259,1.1279,1.074,0.9705,0.7908,0.4998,0.0505,-0.6,-1.3368,-1.5771,-0.9955,-0.2831,0.1669,0.3875,0.4572,0.4175,0.2711,-0.0199,-0.492,-0.9619,-0.9802,-0.6204,-0.2713,-0.0451,0.0851,0.1574,0.1984,0.2247,0.2455,0.2656,0.2867,0.3089,0.3316,0.3541,0.3757,0.396,0.415,1.2627,1.2395,1.1628,0.9943,0.683,0.1559,-0.7087,-1.929,-2.442,-1.3514,-0.2964,0.2447,0.4783,0.5388,0.486,0.3301,0.0053,-0.6245,-1.3809,-1.3564,-0.7571,-0.2971,-0.0464,0.0784,0.1378,0.1669,0.1853,0.2034,0.2249,0.2501,0.2777,0.3059,0.3333,0.3591,0.3829,0.4045,1.4269,1.4595,1.4458,1.3299,1.046,0.5443,-0.2299,-1.2448,-1.6437,-0.7972,0.0082,0.4374,0.6213,0.6421,0.5588,0.4202,0.1816,-0.3041,-0.9196,-0.9509,-0.5134,-0.1663,0.0148,0.0921,0.117,0.1229,0.1294,0.1453,0.1715,0.2048,0.2412,0.2775,0.3117,0.3427,0.3704,0.395,1.6084,1.7272,1.8309,1.8288,1.5955,1.1319,0.5679,0.0494,-0.1502,0.0563,0.3962,0.6732,0.7989,0.7465,0.5543,0.4142,0.3616,0.1812,-0.0875,-0.1791,-0.0711,0.0486,0.1035,0.1025,0.0742,0.0472,0.0409,0.0602,0.0993,0.1484,0.1993,0.2473,0.2902,0.3274,0.3594,0.387,1.7783,2.0041,2.2932,2.5172,2.327,1.7458,1.2105,0.7574,0.3148,0.1962,0.5522,0.8882,1.0235,0.8902,0.3563,0.0732,0.4127,0.5041,0.428,0.334,0.2777,0.2335,0.168,0.0748,-0.0243,-0.093,-0.1062,-0.0672,0.0021,0.08,0.1536,0.2175,0.2708,0.3147,0.3509,0.3811,1.8913,2.1966,2.6623,3.1983,3.0602,2.2132,1.6998,1.2192,-0.0111,-0.5888,0.5468,1.1258,1.3483,1.2958,0.6099,0.1202,0.5937,0.7767,0.7699,0.6484,0.4984,0.348,0.1774,-0.026,-0.229,-0.3544,-0.3531,-0.2554,-0.1229,0.0036,0.1091,0.1922,0.2566,0.3065,0.346,0.378,1.9133,2.2086,2.6426,3.1173,2.9824,2.3357,2.1942,2.2209,1.1287,0.27,0.9783,1.452,1.7298,2.0243,1.6272,1.0664,0.9716,1.1544,1.1643,0.8948,0.6336,0.4013,0.1306,-0.2271,-0.6184,-0.8364,-0.7566,-0.5132,-0.2645,-0.0676,0.0759,0.178,0.2511,0.3046,0.3454,0.3779,1.8546,2.0703,2.3258,2.5127,2.431,2.2836,2.5185,3.0001,2.5246,1.6042,1.5264,1.8409,1.963,2.1533,1.8341,1.272,1.0721,1.6516,1.6523,1.0377,0.6858,0.4183,0.0661,-0.5047,-1.2604,-1.6518,-1.3295,-0.7953,-0.3802,-0.1066,0.0687,0.182,0.2573,0.3098,0.3488,0.3801,1.7575,1.8954,2.0278,2.1074,2.1159,2.168,2.406,2.7343,2.4717,1.8257,1.6979,2.1826,2.3228,1.7021,1.5022,0.8847,0.504,1.0934,1.2466,0.8839,0.6595,0.4511,0.0775,-0.6589,-1.8359,-2.4534,-1.7643,-0.9254,-0.3899,-0.0796,0.1011,0.2086,0.2753,0.3202,0.3542,0.3829,1.6563,1.7443,1.8215,1.8751,1.9136,1.9776,2.0854,2.1389,1.947,1.6437,1.5307,1.6296,1.6624,1.5981,1.2283,-0.0287,-1.2269,0.0126,0.5357,0.6373,0.6974,0.6006,0.2461,-0.4167,-1.4159,-1.9627,-1.4144,-0.6961,-0.2325,0.0302,0.1751,0.2538,0.2987,0.3295,0.3566,0.3832,1.5645,1.6234,1.674,1.7131,1.745,1.7768,1.7969,1.7579,1.621,1.4358,1.2738,1.301,1.3652,1.3668,1.0005,0.0032,-0.8167,-0.1962,0.1654,0.5359,1.0445,0.933,0.4837,0.0171,-0.4715,-0.7221,-0.5351,-0.2004,0.0523,0.2005,0.2731,0.3006,0.3113,0.3249,0.3477,0.3765,1.4841,1.5246,1.5588,1.5847,1.6023,1.6092,1.5956,1.5452,1.4545,1.3466,1.2598,1.2785,1.3109,1.2818,0.9238,0.4139,-0.0215,-0.3239,-0.4443,0.1959,1.0703,0.9577,0.5635,0.3146,0.1681,0.1453,0.2206,0.3075,0.3652,0.3841,0.3626,0.3173,0.2838,0.2861,0.3176,0.3594,1.4136,1.4416,1.4639,1.479,1.4851,1.4794,1.4572,1.4147,1.3562,1.297,1.2549,1.2337,1.2565,1.2022,0.7662,0.4082,-0.0158,-1.0211,-1.9772,-0.579,0.3204,0.5302,0.4869,0.47,0.5526,0.709,0.7818,0.7266,0.6431,0.5455,0.4119,0.2618,0.1759,0.193,0.2623,0.3343,1.3513,1.3702,1.3839,1.3908,1.3896,1.3782,1.3549,1.3196,1.276,1.2302,1.1853,1.1354,1.0616,0.8587,0.4087,0.2483,0.0365,-0.7765,-1.2945,-0.2799,0.1145,0.3103,0.4183,0.5561,0.8034,1.1156,1.1893,1.0305,0.8699,0.6852,0.4254,0.1249,-0.016,0.0639,0.2037,0.3157,1.296,1.3081,1.3153,1.3165,1.3106,1.2963,1.2732,1.2413,1.2022,1.1569,1.103,1.0305,0.9144,0.7041,0.4041,0.2806,0.1604,-0.0741,0.2212,0.4615,0.222,0.2397,0.3468,0.5624,0.8955,1.2181,1.2822,1.2155,1.0692,0.8442,0.4963,0.0719,-0.1103,0.0187,0.1993,0.3286,1.2466,1.2535,1.256,1.2531,1.244,1.2279,1.2045,1.1736,1.1352,1.0883,1.0291,0.9498,0.8375,0.6825,0.5117,0.3847,0.2703,0.1812,0.2516,0.3026,0.1842,0.0869,0.137,0.4296,0.8649,1.2771,1.5926,1.5105,1.2923,1.0685,0.7278,0.3222,0.1157,0.1676,0.2895,0.3871,1.2024,1.2053,1.2042,1.1982,1.1869,1.1695,1.1457,1.1149,1.0766,1.0293,0.97,0.8945,0.7985,0.6834,0.5627,0.4525,0.3536,0.2771,0.2383,0.1812,-0.0009,-0.3312,-0.3951,0.1094,0.7585,1.3728,1.8481,1.6859,1.5255,1.3787,1.0601,0.7032,0.476,0.4155,0.4382,0.4775,1.1627,1.1625,1.1587,1.1505,1.1375,1.1192,1.095,1.0645,1.0269,0.9808,0.9247,0.8566,0.7757,0.6846,0.5895,0.4969,0.4105,0.3322,0.2539,0.1289,-0.1535,-0.668,-0.8173,-0.1505,0.5979,1.1721,1.5101,1.6376,1.8687,1.7362,1.3468,0.9906,0.7509,0.6286,0.5825,0.572,1.127,1.1245,1.1185,1.1087,1.0946,1.0757,1.0515,1.0216,0.9853,0.9418,0.8902,0.8298,0.761,0.6857,0.6071,0.5286,0.4517,0.3747,0.2856,0.152,-0.0802,-0.3886,-0.4357,-0.0119,0.535,0.9844,1.3101,1.6168,1.9111,1.7885,1.4356,1.1227,0.9023,0.7659,0.6899,0.6506]},{"header":{"la1":42.85,"la2":41.18,"lo1":11.55,"lo2":14.05,"nx":36,"ny":24,"dx":0.07143,"dy":0.07261,"parameterCategory":2,"parameterNumber":3,"parameterNumberName":"northward_wind","parameterUnit":"m.s-1"},"data":[1.2073,1.1463,1.0774,1.0021,0.9238,0.849,0.7863,0.745,0.7308,0.7425,0.7719,0.8071,0.8375,0.8565,0.862,0.8557,0.8422,0.8285,0.8226,0.8305,0.8545,0.8924,0.9394,0.9903,1.0411,1.0896,1.1346,1.1761,1.2143,1.2496,1.2822,1.3126,1.3409,1.3674,1.392,1.4149,1.2038,1.1324,1.0483,0.9516,0.8456,0.7388,0.6456,0.5845,0.5691,0.5987,0.6568,0.7207,0.7719,0.801,0.806,0.7904,0.7614,0.7306,0.712,0.7175,0.7502,0.8044,0.8699,0.9376,1.002,1.0607,1.1132,1.1602,1.2025,1.2411,1.2765,1.3094,1.3399,1.3682,1.3945,1.4188,1.209,1.1274,1.0261,0.9023,0.7569,0.5985,0.4501,0.3486,0.3286,0.3931,0.5062,0.6204,0.7044,0.7471,0.7495,0.7178,0.6618,0.5992,0.5565,0.558,0.6089,0.693,0.7888,0.8809,0.9627,1.0331,1.0934,1.1457,1.192,1.2337,1.2719,1.3072,1.34,1.3704,1.3984,1.4242,1.2268,1.137,1.0191,0.8644,0.666,0.4264,0.1743,-0.0167,-0.0531,0.085,0.3076,0.5095,0.6419,0.7004,0.696,0.639,0.5385,0.4165,0.3246,0.321,0.4129,0.5544,0.6989,0.8245,0.9267,1.0091,1.0764,1.1332,1.1828,1.2274,1.2683,1.3063,1.3415,1.3741,1.4041,1.4315,1.2614,1.1686,1.0392,0.856,0.5965,0.2398,-0.2018,-0.6019,-0.6956,-0.3873,0.0599,0.4051,0.5977,0.6675,0.6488,0.5583,0.3931,0.1627,-0.0359,-0.043,0.1467,0.3955,0.6123,0.7775,0.8996,0.9913,1.0631,1.1226,1.1746,1.2217,1.2655,1.3063,1.3444,1.3795,1.4117,1.441,1.3159,1.2291,1.1003,0.9031,0.5946,0.1091,-0.6216,-1.4776,-1.7554,-1.0415,-0.1763,0.353,0.5917,0.6513,0.6055,0.483,0.2532,-0.1423,-0.5622,-0.5588,-0.1577,0.2572,0.5555,0.7539,0.8872,0.9813,1.053,1.1127,1.166,1.2157,1.2628,1.3072,1.3488,1.3871,1.4219,1.453,1.3908,1.322,1.2127,1.0306,0.7191,0.1766,-0.7732,-2.1914,-2.8045,-1.4709,-0.1927,0.4235,0.6393,0.6412,0.5408,0.4019,0.1788,-0.3073,-0.9755,-0.9442,-0.3066,0.2305,0.5644,0.7657,0.8916,0.9771,1.0428,1.1,1.1544,1.2076,1.2594,1.3089,1.355,1.3972,1.435,1.4684,1.4826,1.4444,1.3767,1.2452,0.9928,0.5372,-0.2439,-1.3715,-1.8231,-0.7647,0.2016,0.6417,0.7354,0.6032,0.3712,0.2173,0.1503,-0.0946,-0.5551,-0.5443,-0.0523,0.381,0.652,0.811,0.9062,0.9705,1.0244,1.0783,1.1356,1.1952,1.2546,1.3113,1.3638,1.4109,1.4522,1.4879,1.5821,1.5842,1.578,1.527,1.3651,1.0554,0.6271,0.1994,0.1014,0.4166,0.7585,0.9324,0.8688,0.505,-0.1023,-0.3721,-0.0493,0.1938,0.1789,0.2147,0.418,0.6343,0.783,0.867,0.9118,0.9441,0.9834,1.0373,1.1036,1.1758,1.2479,1.3154,1.3763,1.4295,1.4749,1.5129,1.6755,1.7183,1.7837,1.8352,1.75,1.5107,1.2727,1.0928,0.9916,1.0072,1.1385,1.2203,1.0852,0.4846,-1.0879,-1.8888,-0.4524,0.3798,0.6486,0.7362,0.8054,0.8685,0.9015,0.8984,0.8768,0.8681,0.8961,0.9623,1.0519,1.1483,1.2405,1.3235,1.3952,1.4555,1.505,1.5449,1.7486,1.8153,1.9285,2.0676,2.0293,1.8008,1.6709,1.5285,1.1057,0.9057,1.3214,1.5072,1.4553,1.037,-0.6457,-1.8485,-0.1239,0.7503,1.0313,1.0843,1.0714,1.0363,0.9712,0.8687,0.7547,0.692,0.725,0.8355,0.9765,1.1148,1.237,1.34,1.4245,1.4923,1.5454,1.5861,1.7956,1.8589,1.9552,2.0608,2.0372,1.9368,1.9752,2.0134,1.6096,1.2871,1.6202,1.8226,1.8656,1.9097,1.4032,0.7619,0.9493,1.3233,1.4292,1.3506,1.2507,1.1392,0.9829,0.7491,0.4763,0.3293,0.4186,0.6459,0.8846,1.0864,1.2468,1.3725,1.4701,1.5445,1.5997,1.6391,1.824,1.8709,1.927,1.9729,1.9839,2.0211,2.1608,2.2792,2.2207,1.94,2.0001,2.1595,2.1628,2.0034,1.7675,1.6092,1.5431,1.7121,1.7102,1.5127,1.3486,1.1863,0.9557,0.5516,-0.0191,-0.319,-0.0393,0.4285,0.8113,1.0863,1.2847,1.4312,1.5398,1.6182,1.6721,1.7069,1.8455,1.8806,1.9184,1.9543,1.9943,2.0654,2.1866,2.3354,2.2851,2.1854,2.2577,2.4054,2.4495,2.4573,2.1208,1.8989,1.7755,1.7335,1.6912,1.5345,1.3437,1.1733,0.9417,0.4314,-0.4756,-0.9725,-0.3943,0.3323,0.8258,1.146,1.367,1.5271,1.6424,1.7205,1.7681,1.7926,1.8663,1.8968,1.9306,1.9685,2.0159,2.0802,2.1588,2.2276,2.2691,2.3618,2.5001,2.5601,2.5816,2.8497,2.3368,1.9794,1.8183,1.8074,1.6914,1.4525,1.1484,1.0359,0.9672,0.606,-0.1329,-0.5654,-0.0959,0.537,0.982,1.2832,1.5034,1.67,1.7887,1.8609,1.8937,1.8992,1.8871,1.9166,1.9501,1.9893,2.0366,2.0938,2.1596,2.2347,2.3441,2.5508,2.8581,2.9266,2.7557,2.5815,2.3758,2.0844,1.9024,1.9031,1.7504,1.2955,0.5593,0.6684,0.9958,0.9393,0.6452,0.4678,0.642,0.9583,1.2417,1.4802,1.6906,1.8688,1.9934,2.0519,2.0556,2.0281,1.907,1.9364,1.9702,2.0096,2.0562,2.1114,2.1778,2.2634,2.3891,2.5864,2.8216,2.7885,2.6511,2.5809,2.4883,2.3486,2.1915,2.0765,1.9295,1.4602,0.5047,0.6779,1.145,1.2477,1.1975,1.1762,1.2407,1.3555,1.5041,1.6919,1.9159,2.1364,2.2801,2.3092,2.2569,2.1753,1.9249,1.9544,1.9881,2.0272,2.0729,2.1269,2.192,2.2738,2.3789,2.5038,2.605,2.6241,2.6066,2.6221,2.7819,2.821,2.5125,2.2077,2.0442,2.0282,1.5967,1.4239,1.4998,1.5317,1.5361,1.5696,1.5986,1.6168,1.6952,1.8731,2.1601,2.4874,2.6739,2.636,2.4836,2.3243,1.9404,1.9695,2.0028,2.0409,2.0849,2.1362,2.1964,2.2675,2.349,2.4334,2.5042,2.5557,2.6193,2.8072,3.4711,3.7396,2.8938,2.4674,2.42,2.8646,2.4548,2.0415,1.8541,1.7639,1.7264,1.7535,1.7647,1.7377,1.7941,1.988,2.371,2.8727,3.1191,2.9608,2.6775,2.4395,1.953,1.9816,2.0138,2.0504,2.0919,2.1393,2.1931,2.2536,2.3192,2.3859,2.4503,2.5194,2.627,2.871,3.3842,3.5338,2.9974,2.8886,3.6878,4.1276,3.0172,2.3913,2.1036,1.9322,1.818,1.7842,1.7832,1.7556,1.8153,2.0092,2.4236,3.0167,3.2953,3.0738,2.7397,2.4783,1.9629,1.9905,2.0214,2.0559,2.0945,2.1375,2.1852,2.2371,2.2924,2.3498,2.4102,2.4814,2.5831,2.744,2.9384,2.9819,2.8656,2.9307,3.3477,3.4747,2.9201,2.5017,2.2867,2.0835,1.8897,1.7591,1.6716,1.6943,1.7811,1.9393,2.26,2.716,2.9674,2.8616,2.6321,2.4285,1.9702,1.9966,2.0258,2.058,2.0934,2.1322,2.1744,2.2196,2.2673,2.3176,2.3718,2.4342,2.5112,2.6037,2.6871,2.7183,2.7155,2.7669,2.8755,2.8599,2.6696,2.5628,2.5123,2.2638,1.9724,1.7481,1.6026,1.6542,1.7266,1.8173,2.0265,2.3152,2.515,2.5324,2.4404,2.3244,1.9752,2.0002,2.0275,2.0573,2.0896,2.1245,2.1618,2.2013,2.2429,2.2865,2.3329,2.3834,2.4388,2.4953,2.5418,2.5682,2.583,2.6054,2.625,2.6013,2.5614,2.6334,2.6725,2.3875,2.0572,1.8292,1.714,1.6875,1.6398,1.6892,1.8583,2.0597,2.2133,2.2754,2.2624,2.2123,1.9781,2.0016,2.027,2.0544,2.0837,2.115,2.148,2.1827,2.2187,2.256,2.2946,2.3346,2.375,2.4128,2.4432,2.4635,2.476,2.4843,2.485,2.4754,2.4805,2.5322,2.5245,2.3334,2.0904,1.9054,1.7905,1.7054,1.6291,1.6692,1.7999,1.9414,2.0533,2.1164,2.1331,2.1186]}]