docs/data/wind_grid.json
[{"header":{"la1":42.85,"la2":41.18,"lo1":11.55,"lo2":14.05,"nx":36,"ny":24,"dx":0.07143,"dy":0.07261,"parameterCategory":2,"parameterNumber":2,"parameterNumberName":"eastward_wind","parameterUnit":"m.s-1"},"data":[-0.7304,-0.7418,-0.7547,-0.7688,-0.7836,-0.7982,-0.8114,-0.822,-0.8299,-0.8364,-0.8444,-0.8571,-0.877,-0.9034,-0.9314,-0.9518,-0.9558,-0.9412,-0.9134,-0.8802,-0.8474,-0.8178,-0.7922,-0.7703,-0.7516,-0.7355,-0.7216,-0.7094,-0.6987,-0.6892,-0.6807,-0.6732,-0.6665,-0.6604,-0.655,-0.6502,-0.7312,-0.7444,-0.7598,-0.7774,-0.7967,-0.8163,-0.834,-0.8471,-0.8545,-0.8577,-0.8621,-0.8745,-0.9006,-0.9416,-0.9904,-1.0288,-1.0364,-1.0094,-0.9622,-0.9116,-0.8663,-0.8287,-0.798,-0.773,-0.7522,-0.7348,-0.72,-0.7071,-0.6959,-0.6861,-0.6774,-0.6696,-0.6627,-0.6566,-0.6511,-0.6463,-0.7307,-0.7457,-0.764,-0.7861,-0.8119,-0.8398,-0.866,-0.8847,-0.8911,-0.8869,-0.8818,-0.8892,-0.9204,-0.9821,-1.0672,-1.1411,-1.154,-1.0994,-1.0175,-0.9416,-0.8815,-0.8357,-0.8007,-0.7732,-0.7509,-0.7325,-0.717,-0.7037,-0.6922,-0.6821,-0.6732,-0.6653,-0.6583,-0.6521,-0.6466,-0.6417,-0.7284,-0.7449,-0.7661,-0.7935,-0.8281,-0.8694,-0.9124,-0.9446,-0.9512,-0.9313,-0.905,-0.8976,-0.9283,-1.0114,-1.1484,-1.2843,-1.3035,-1.1963,-1.0641,-0.9604,-0.8877,-0.8365,-0.799,-0.7703,-0.7474,-0.7285,-0.7126,-0.6991,-0.6873,-0.6771,-0.6681,-0.6602,-0.6531,-0.6469,-0.6414,-0.6366,-0.7235,-0.7408,-0.7643,-0.7967,-0.8416,-0.9025,-0.9767,-1.0425,-1.056,-1.0031,-0.9329,-0.8957,-0.9139,-1.0028,-1.175,-1.369,-1.3933,-1.2363,-1.0703,-0.9552,-0.8803,-0.8295,-0.7926,-0.7643,-0.7415,-0.7227,-0.7068,-0.6932,-0.6814,-0.6712,-0.6622,-0.6542,-0.6471,-0.6409,-0.6355,-0.6307,-0.7157,-0.7326,-0.7564,-0.7914,-0.8445,-0.9268,-1.0485,-1.1877,-1.2301,-1.1071,-0.9577,-0.8776,-0.8723,-0.939,-1.0804,-1.2432,-1.2703,-1.1483,-1.0156,-0.9221,-0.8598,-0.8158,-0.7825,-0.7558,-0.7337,-0.7152,-0.6995,-0.6861,-0.6745,-0.6643,-0.6553,-0.6474,-0.6403,-0.6341,-0.6287,-0.6241,-0.7048,-0.7196,-0.741,-0.7737,-0.8265,-0.9166,-1.0734,-1.3021,-1.3987,-1.173,-0.9423,-0.8329,-0.808,-0.8419,-0.9207,-1.0078,-1.0355,-0.9924,-0.9297,-0.8763,-0.8342,-0.7998,-0.7707,-0.7458,-0.7245,-0.7064,-0.691,-0.6778,-0.6664,-0.6564,-0.6475,-0.6396,-0.6326,-0.6264,-0.6211,-0.6165,-0.6914,-0.7025,-0.7185,-0.7432,-0.7833,-0.8529,-0.9762,-1.1596,-1.2296,-1.0311,-0.8439,-0.7561,-0.7306,-0.7443,-0.7851,-0.8348,-0.8681,-0.8746,-0.8626,-0.8412,-0.815,-0.787,-0.7599,-0.7353,-0.7141,-0.6962,-0.6811,-0.6684,-0.6574,-0.6476,-0.6388,-0.6309,-0.6239,-0.6177,-0.6123,-0.6079,-0.6766,-0.683,-0.6919,-0.7049,-0.725,-0.7565,-0.8031,-0.8504,-0.8403,-0.7638,-0.6997,-0.6646,-0.6502,-0.6571,-0.6873,-0.735,-0.7857,-0.8239,-0.8404,-0.8341,-0.8115,-0.7815,-0.7513,-0.7246,-0.7024,-0.6845,-0.6699,-0.6578,-0.6473,-0.6379,-0.6292,-0.6212,-0.614,-0.6076,-0.6023,-0.598,-0.6617,-0.6634,-0.6652,-0.667,-0.6684,-0.6685,-0.6633,-0.6405,-0.5863,-0.5569,-0.5792,-0.5849,-0.5746,-0.5742,-0.6066,-0.6755,-0.7634,-0.8406,-0.8773,-0.867,-0.8287,-0.7838,-0.7437,-0.712,-0.6883,-0.6707,-0.6573,-0.6463,-0.6366,-0.6274,-0.6187,-0.6103,-0.6027,-0.596,-0.5906,-0.5865,-0.648,-0.6459,-0.6421,-0.6357,-0.6249,-0.6081,-0.5841,-0.548,-0.4636,-0.422,-0.512,-0.5317,-0.5037,-0.4781,-0.5163,-0.6323,-0.7955,-0.9499,-1.0057,-0.9529,-0.865,-0.7877,-0.7317,-0.6942,-0.67,-0.6543,-0.6431,-0.634,-0.6254,-0.6165,-0.6072,-0.598,-0.5895,-0.5822,-0.5766,-0.5728,-0.6364,-0.6317,-0.6246,-0.6136,-0.5971,-0.5738,-0.5455,-0.5229,-0.4915,-0.4657,-0.5114,-0.5068,-0.4437,-0.3504,-0.3977,-0.6002,-0.8958,-1.2406,-1.3025,-1.0939,-0.9005,-0.7767,-0.7049,-0.6658,-0.6455,-0.6348,-0.628,-0.6219,-0.6145,-0.6054,-0.5949,-0.5839,-0.5737,-0.5654,-0.5595,-0.5562,-0.6274,-0.6215,-0.6129,-0.6008,-0.5835,-0.56,-0.5317,-0.5107,-0.5182,-0.529,-0.533,-0.5083,-0.4525,-0.3001,-0.342,-0.6217,-1.0176,-1.7,-1.7082,-1.1881,-0.8775,-0.7215,-0.6499,-0.6219,-0.614,-0.6135,-0.6138,-0.6116,-0.6052,-0.5948,-0.5813,-0.5669,-0.5538,-0.5438,-0.5378,-0.5357,-0.6209,-0.6148,-0.6065,-0.5955,-0.5808,-0.5622,-0.5407,-0.5235,-0.5333,-0.5615,-0.5633,-0.5174,-0.4956,-0.4872,-0.5151,-0.7424,-1.0345,-1.3901,-1.4122,-1.0128,-0.7244,-0.591,-0.556,-0.5619,-0.5784,-0.594,-0.6039,-0.606,-0.5995,-0.5853,-0.5659,-0.5451,-0.5271,-0.5149,-0.5094,-0.5097,-0.6164,-0.6109,-0.6039,-0.5952,-0.5849,-0.5735,-0.5632,-0.5606,-0.5788,-0.6172,-0.6404,-0.6042,-0.5443,-0.4999,-0.6023,-0.9685,-1.3137,-1.0642,-0.9122,-0.6657,-0.4278,-0.3683,-0.4271,-0.4952,-0.5475,-0.5835,-0.6041,-0.6094,-0.5999,-0.5776,-0.5468,-0.5146,-0.4888,-0.4742,-0.4711,-0.4766,-0.6136,-0.6089,-0.6035,-0.5975,-0.5914,-0.5865,-0.5856,-0.5945,-0.6233,-0.6898,-0.811,-0.7102,-0.6354,-0.566,-0.6381,-0.9077,-1.1432,-0.8607,-0.6103,-0.3559,-0.0439,-0.0974,-0.3068,-0.4472,-0.536,-0.5925,-0.6223,-0.6275,-0.6099,-0.5721,-0.5206,-0.4684,-0.4306,-0.4152,-0.4194,-0.4351,-0.6116,-0.6079,-0.604,-0.6002,-0.5973,-0.5965,-0.6004,-0.6131,-0.642,-0.7009,-0.7896,-0.7093,-0.5782,-0.533,-0.599,-0.6755,-0.6817,-0.4922,-0.3016,-0.214,0.0116,-0.0587,-0.2857,-0.4467,-0.5582,-0.6318,-0.6668,-0.6663,-0.6335,-0.5694,-0.4817,-0.3947,-0.34,-0.3302,-0.352,-0.3861,-0.6103,-0.6074,-0.6046,-0.6023,-0.6011,-0.6021,-0.6068,-0.6174,-0.6359,-0.6613,-0.674,-0.634,-0.5495,-0.5259,-0.5517,-0.5446,-0.4643,-0.154,0.1201,-0.1316,-0.1931,-0.2358,-0.3554,-0.4903,-0.6153,-0.7045,-0.7379,-0.7268,-0.6741,-0.5717,-0.4259,-0.2815,-0.2071,-0.2187,-0.2741,-0.3354,-0.6091,-0.6067,-0.6047,-0.6031,-0.6027,-0.6038,-0.6073,-0.6137,-0.6222,-0.6293,-0.6256,-0.6028,-0.5691,-0.5444,-0.5141,-0.4991,-0.4208,-0.1734,-0.0143,-0.1967,-0.2711,-0.3282,-0.4157,-0.5403,-0.6829,-0.7803,-0.7996,-0.7964,-0.7342,-0.5881,-0.3676,-0.1478,-0.0586,-0.1096,-0.2077,-0.2967,-0.6079,-0.6059,-0.6042,-0.603,-0.6024,-0.603,-0.6046,-0.6072,-0.6096,-0.6091,-0.602,-0.5864,-0.5646,-0.5388,-0.51,-0.4929,-0.4284,-0.3107,-0.2762,-0.2907,-0.3057,-0.3519,-0.4288,-0.5598,-0.7261,-0.817,-0.8296,-0.9004,-0.8265,-0.6364,-0.3631,-0.0981,-0.0026,-0.073,-0.1881,-0.2864,-0.6067,-0.6048,-0.6032,-0.6019,-0.6011,-0.6007,-0.6007,-0.6006,-0.5994,-0.5957,-0.5878,-0.5748,-0.5571,-0.5352,-0.511,-0.483,-0.4333,-0.3654,-0.318,-0.3081,-0.3145,-0.3178,-0.3647,-0.5172,-0.7506,-0.9939,-1.2434,-1.1809,-0.9596,-0.717,-0.448,-0.21,-0.1103,-0.1463,-0.2307,-0.3105,-0.6053,-0.6035,-0.6019,-0.6004,-0.599,-0.5978,-0.5965,-0.5946,-0.5916,-0.5864,-0.5782,-0.5665,-0.5511,-0.5321,-0.5096,-0.4813,-0.4431,-0.3982,-0.3595,-0.3309,-0.2818,-0.1819,-0.1694,-0.3855,-0.7219,-1.1213,-1.4648,-1.3276,-1.033,-0.7823,-0.5582,-0.3768,-0.2813,-0.2729,-0.3102,-0.3581,-0.6039,-0.6021,-0.6003,-0.5985,-0.5967,-0.5948,-0.5926,-0.5896,-0.5855,-0.5796,-0.5714,-0.5605,-0.5467,-0.5298,-0.5094,-0.4845,-0.4543,-0.4201,-0.384,-0.3369,-0.2417,-0.0689,-0.0198,-0.2729,-0.6261,-0.9667,-1.1844,-1.1475,-0.9739,-0.7917,-0.6289,-0.4985,-0.4171,-0.3867,-0.3912,-0.4118,-0.6025,-0.6006,-0.5987,-0.5966,-0.5945,-0.592,-0.5891,-0.5855,-0.5808,-0.5746,-0.5666,-0.5565,-0.544,-0.529,-0.511,-0.4897,-0.4649,-0.4365,-0.4025,-0.3539,-0.2722,-0.1654,-0.1517,-0.3172,-0.5609,-0.7851,-0.9234,-0.9384,-0.8652,-0.7601,-0.6546,-0.5649,-0.5014,-0.4668,-0.4558,-0.4594]},{"header":{"la1":42.85,"la2":41.18,"lo1":11.55,"lo2":14.05,"nx":36,"ny":24,"dx":0.07143,"dy":0.07261,"parameterCategory":2,"parameterNumber":3,"parameterNumberName":"northward_wind","parameterUnit":"m.s-1"},"data":[-0.6155,-0.6098,-0.6026,-0.5938,-0.5834,-0.5717,-0.5588,-0.545,-0.5298,-0.5121,-0.4902,-0.4624,-0.4281,-0.3893,-0.3513,-0.3225,-0.3101,-0.3149,-0.3315,-0.3524,-0.3728,-0.3903,-0.4047,-0.4163,-0.4258,-0.4338,-0.4408,-0.447,-0.4528,-0.4583,-0.4636,-0.4688,-0.4738,-0.4786,-0.4833,-0.4877,-0.6235,-0.6177,-0.6099,-0.6,-0.5879,-0.5741,-0.5594,-0.5443,-0.529,-0.5115,-0.4884,-0.456,-0.4116,-0.3561,-0.2975,-0.2523,-0.2374,-0.254,-0.2875,-0.3232,-0.3537,-0.3774,-0.3953,-0.4089,-0.4196,-0.4283,-0.4359,-0.4426,-0.4489,-0.455,-0.4608,-0.4665,-0.472,-0.4773,-0.4824,-0.4873,-0.6328,-0.627,-0.6186,-0.6072,-0.5925,-0.5752,-0.5567,-0.5395,-0.5248,-0.5101,-0.4891,-0.4541,-0.3986,-0.3198,-0.2261,-0.1494,-0.1317,-0.174,-0.2381,-0.2951,-0.3374,-0.367,-0.3877,-0.4027,-0.414,-0.4232,-0.4311,-0.4383,-0.4451,-0.4516,-0.4581,-0.4643,-0.4704,-0.4763,-0.482,-0.4873,-0.6436,-0.6381,-0.6292,-0.6161,-0.5977,-0.5741,-0.5479,-0.5248,-0.5111,-0.5046,-0.4924,-0.4602,-0.3968,-0.2928,-0.1496,-0.0183,0.0017,-0.0886,-0.1963,-0.2762,-0.328,-0.3611,-0.3828,-0.3979,-0.4092,-0.4184,-0.4264,-0.434,-0.4412,-0.4484,-0.4554,-0.4624,-0.4692,-0.4758,-0.482,-0.4879,-0.6562,-0.6516,-0.6429,-0.6283,-0.6053,-0.5718,-0.5294,-0.4899,-0.4751,-0.4876,-0.4972,-0.4771,-0.4155,-0.3007,-0.1234,0.0589,0.0813,-0.0528,-0.1886,-0.277,-0.3293,-0.3607,-0.3805,-0.3942,-0.4047,-0.4135,-0.4216,-0.4294,-0.4372,-0.4451,-0.453,-0.4608,-0.4684,-0.4757,-0.4826,-0.4891,-0.6708,-0.668,-0.6609,-0.6464,-0.6199,-0.5747,-0.5049,-0.4244,-0.3973,-0.4525,-0.5053,-0.5064,-0.4572,-0.3587,-0.2081,-0.0528,-0.0254,-0.1263,-0.2318,-0.3003,-0.3405,-0.3645,-0.3798,-0.3908,-0.3998,-0.4081,-0.4162,-0.4244,-0.433,-0.4418,-0.4507,-0.4595,-0.4682,-0.4764,-0.4841,-0.4912,-0.6872,-0.6877,-0.6841,-0.6731,-0.6485,-0.5989,-0.5055,-0.3667,-0.3086,-0.4317,-0.5341,-0.5505,-0.5131,-0.4418,-0.3468,-0.257,-0.2254,-0.2558,-0.3004,-0.3339,-0.3553,-0.3688,-0.3784,-0.3862,-0.3937,-0.4014,-0.4098,-0.4188,-0.4284,-0.4384,-0.4486,-0.4588,-0.4687,-0.478,-0.4866,-0.4944,-0.705,-0.7099,-0.7123,-0.7093,-0.6954,-0.6604,-0.5861,-0.467,-0.4189,-0.5339,-0.6133,-0.6113,-0.5704,-0.5146,-0.4535,-0.398,-0.3634,-0.3529,-0.3552,-0.3604,-0.3651,-0.3692,-0.3735,-0.3787,-0.385,-0.3928,-0.4019,-0.4121,-0.4233,-0.435,-0.447,-0.4589,-0.4703,-0.481,-0.4906,-0.4991,-0.7231,-0.7334,-0.7435,-0.752,-0.7561,-0.7515,-0.7336,-0.7109,-0.7217,-0.7558,-0.7384,-0.68,-0.6177,-0.5633,-0.5143,-0.4681,-0.4282,-0.3989,-0.3802,-0.3694,-0.3638,-0.3618,-0.3627,-0.3665,-0.3728,-0.3815,-0.3921,-0.4043,-0.4176,-0.4317,-0.4461,-0.4602,-0.4736,-0.4858,-0.4966,-0.5059,-0.7399,-0.7558,-0.7741,-0.7952,-0.819,-0.8455,-0.8765,-0.9255,-1.0098,-1.0228,-0.8794,-0.7348,-0.6433,-0.5881,-0.5449,-0.4977,-0.4477,-0.4047,-0.3751,-0.358,-0.3487,-0.3443,-0.3442,-0.3481,-0.3559,-0.3667,-0.38,-0.395,-0.4115,-0.4287,-0.4462,-0.4632,-0.4791,-0.4932,-0.5053,-0.5152,-0.754,-0.7746,-0.8002,-0.8324,-0.8732,-0.9242,-0.9835,-1.0556,-1.2298,-1.3202,-0.9798,-0.7463,-0.6393,-0.5955,-0.5647,-0.509,-0.4374,-0.3754,-0.3407,-0.3269,-0.3197,-0.3154,-0.3159,-0.3222,-0.3333,-0.3481,-0.3653,-0.3844,-0.405,-0.4265,-0.4482,-0.469,-0.4879,-0.5043,-0.5177,-0.5281,-0.7639,-0.7878,-0.8182,-0.858,-0.911,-0.9809,-1.0646,-1.1269,-1.1628,-1.1762,-0.9078,-0.6998,-0.6123,-0.5876,-0.5999,-0.5119,-0.3983,-0.305,-0.2766,-0.2811,-0.2779,-0.2725,-0.2748,-0.2863,-0.3041,-0.325,-0.3478,-0.3723,-0.3984,-0.4256,-0.4529,-0.4788,-0.5017,-0.5207,-0.5353,-0.5456,-0.7688,-0.7939,-0.8259,-0.8681,-0.9252,-1.0036,-1.1064,-1.1988,-1.1353,-0.9748,-0.7792,-0.6205,-0.5743,-0.6229,-0.6497,-0.4784,-0.3282,-0.2212,-0.2157,-0.2354,-0.2201,-0.206,-0.2134,-0.2375,-0.2674,-0.2976,-0.3276,-0.3586,-0.3917,-0.4267,-0.4618,-0.4947,-0.523,-0.5449,-0.5601,-0.5692,-0.7686,-0.7927,-0.823,-0.8619,-0.9129,-0.9802,-1.0633,-1.136,-1.0769,-0.8846,-0.7123,-0.5562,-0.512,-0.5017,-0.5113,-0.3371,-0.1635,-0.191,-0.2063,-0.1812,-0.115,-0.0855,-0.1176,-0.1732,-0.2246,-0.2666,-0.3039,-0.3422,-0.3846,-0.4306,-0.4773,-0.5203,-0.5555,-0.5803,-0.5948,-0.6008,-0.7639,-0.7853,-0.8112,-0.8427,-0.8808,-0.9246,-0.9668,-0.9806,-0.9187,-0.8042,-0.7145,-0.636,-0.5399,-0.4129,-0.4394,-0.0482,0.3781,-0.0355,-0.1639,-0.0639,0.1338,0.1572,0.0251,-0.0999,-0.1811,-0.2325,-0.2743,-0.3203,-0.3755,-0.4382,-0.5027,-0.5609,-0.6054,-0.6323,-0.643,-0.6422,-0.7558,-0.7736,-0.794,-0.8169,-0.8413,-0.8639,-0.8765,-0.8648,-0.8204,-0.7707,-0.7721,-0.7121,-0.6685,-0.5774,-0.4797,-0.1315,0.1806,-0.1128,-0.2,0.0897,0.647,0.5463,0.1686,-0.0477,-0.1465,-0.192,-0.2298,-0.2849,-0.3609,-0.4506,-0.5435,-0.6255,-0.6823,-0.708,-0.7084,-0.6944,-0.7454,-0.7595,-0.7747,-0.7901,-0.8042,-0.8138,-0.8142,-0.8007,-0.7762,-0.7591,-0.7698,-0.7496,-0.8543,-0.9051,-0.6401,-0.4494,-0.3508,-0.4342,-0.4562,-0.0503,0.697,0.5668,0.1479,-0.0576,-0.1215,-0.1255,-0.1461,-0.2213,-0.3362,-0.4694,-0.6071,-0.7267,-0.7987,-0.8144,-0.7924,-0.7559,-0.7341,-0.7448,-0.7556,-0.7655,-0.7732,-0.7766,-0.7739,-0.7643,-0.7517,-0.7441,-0.7466,-0.7715,-0.9018,-0.9274,-0.7457,-0.6651,-0.6054,-0.7397,-0.9326,-0.5095,-0.0518,0.0578,-0.0512,-0.1189,-0.0828,0.0161,0.0262,-0.1136,-0.3034,-0.4975,-0.6978,-0.8734,-0.9607,-0.9488,-0.8872,-0.8189,-0.7225,-0.7305,-0.738,-0.7442,-0.7482,-0.7491,-0.7461,-0.74,-0.7331,-0.7295,-0.7332,-0.7515,-0.7857,-0.7916,-0.8274,-0.8554,-0.7146,-0.7561,-0.8383,-0.6434,-0.4332,-0.2854,-0.2377,-0.1883,-0.0304,0.261,0.3182,-0.0025,-0.2953,-0.5364,-0.795,-1.0347,-1.1309,-1.0749,-0.9667,-0.8676,-0.7113,-0.7171,-0.7222,-0.7261,-0.7281,-0.7279,-0.7253,-0.7212,-0.7169,-0.7146,-0.7163,-0.7238,-0.7352,-0.7524,-0.8071,-0.8208,-0.719,-0.6825,-0.6817,-0.6808,-0.5566,-0.4365,-0.3635,-0.2778,-0.0945,0.2658,0.342,-0.1272,-0.383,-0.5819,-0.8369,-1.0951,-1.1918,-1.1173,-0.9928,-0.8844,-0.7007,-0.7049,-0.7084,-0.7107,-0.7115,-0.7108,-0.7085,-0.7053,-0.702,-0.6996,-0.6992,-0.7011,-0.7057,-0.715,-0.7289,-0.7201,-0.6787,-0.6493,-0.6463,-0.6345,-0.5671,-0.5074,-0.4652,-0.4012,-0.3249,-0.3461,-0.6426,-0.6322,-0.5604,-0.6255,-0.7982,-0.9953,-1.0849,-1.0444,-0.9525,-0.8637,-0.6909,-0.6939,-0.6961,-0.6974,-0.6975,-0.6964,-0.6943,-0.6914,-0.6882,-0.6854,-0.6833,-0.6822,-0.6819,-0.6823,-0.68,-0.6677,-0.6451,-0.6239,-0.609,-0.5897,-0.5647,-0.5649,-0.5624,-0.5117,-0.502,-0.6796,-0.9782,-0.8563,-0.6753,-0.6535,-0.7381,-0.8544,-0.9242,-0.9212,-0.8748,-0.8181,-0.6818,-0.6839,-0.6852,-0.6857,-0.6853,-0.684,-0.6818,-0.679,-0.6758,-0.6724,-0.6691,-0.6659,-0.6625,-0.658,-0.6507,-0.6386,-0.6221,-0.6049,-0.5889,-0.5745,-0.5711,-0.5967,-0.6068,-0.5625,-0.5588,-0.6584,-0.7782,-0.756,-0.6774,-0.6549,-0.6923,-0.7542,-0.8008,-0.8127,-0.796,-0.7658,-0.6735,-0.6748,-0.6755,-0.6755,-0.6747,-0.6731,-0.6708,-0.6679,-0.6645,-0.6607,-0.6566,-0.6521,-0.6469,-0.6403,-0.6317,-0.6204,-0.6068,-0.5924,-0.579,-0.5691,-0.569,-0.5817,-0.5843,-0.5654,-0.5655,-0.606,-0.6527,-0.6603,-0.643,-0.6386,-0.6589,-0.6926,-0.722,-0.7356,-0.7327,-0.7187]}]