docs/data/wind_grid.json
[{"header":{"la1":42.85,"la2":41.18,"lo1":11.55,"lo2":14.05,"nx":36,"ny":24,"dx":0.07143,"dy":0.07261,"parameterCategory":2,"parameterNumber":2,"parameterNumberName":"eastward_wind","parameterUnit":"m.s-1"},"data":[-0.5937,-0.5938,-0.5919,-0.5881,-0.5828,-0.5765,-0.5699,-0.5638,-0.5586,-0.5549,-0.553,-0.5533,-0.5559,-0.5605,-0.5659,-0.5704,-0.571,-0.5638,-0.5457,-0.516,-0.4791,-0.4432,-0.4165,-0.402,-0.3973,-0.3976,-0.3993,-0.4003,-0.4001,-0.3987,-0.3964,-0.3937,-0.3908,-0.3879,-0.3851,-0.3826,-0.6098,-0.6105,-0.6084,-0.6034,-0.5961,-0.5875,-0.5787,-0.5706,-0.5638,-0.559,-0.5566,-0.5575,-0.562,-0.5701,-0.5808,-0.5917,-0.5986,-0.5944,-0.5714,-0.5259,-0.4648,-0.4066,-0.3701,-0.3593,-0.365,-0.3755,-0.3846,-0.3901,-0.3923,-0.3922,-0.3905,-0.3881,-0.3854,-0.3826,-0.38,-0.3776,-0.6295,-0.6315,-0.6293,-0.6227,-0.6125,-0.6004,-0.5883,-0.5777,-0.5689,-0.5623,-0.5589,-0.5599,-0.5666,-0.5792,-0.5973,-0.6189,-0.6384,-0.6441,-0.618,-0.5453,-0.4344,-0.3295,-0.2796,-0.2872,-0.3188,-0.3487,-0.3689,-0.38,-0.3847,-0.3856,-0.3843,-0.3821,-0.3794,-0.3768,-0.3743,-0.3721,-0.654,-0.6586,-0.6571,-0.6485,-0.6337,-0.6158,-0.5988,-0.5851,-0.5742,-0.5651,-0.5594,-0.5598,-0.5684,-0.5862,-0.6139,-0.6515,-0.6949,-0.7277,-0.7113,-0.5962,-0.3774,-0.1626,-0.1028,-0.1739,-0.2621,-0.3224,-0.3558,-0.3718,-0.3781,-0.3792,-0.3778,-0.3755,-0.3728,-0.3703,-0.3681,-0.3662,-0.6846,-0.6943,-0.6955,-0.6848,-0.6625,-0.6346,-0.6098,-0.5933,-0.5815,-0.5685,-0.5578,-0.556,-0.566,-0.5889,-0.627,-0.6852,-0.7683,-0.866,-0.9089,-0.7507,-0.3132,0.166,0.195,-0.0416,-0.218,-0.3088,-0.3504,-0.3674,-0.3727,-0.3727,-0.3707,-0.368,-0.3654,-0.3631,-0.3612,-0.3597,-0.7218,-0.7418,-0.751,-0.7397,-0.7052,-0.6588,-0.6198,-0.6023,-0.5956,-0.5745,-0.5529,-0.5469,-0.5578,-0.5848,-0.6313,-0.7083,-0.84,-1.0582,-1.2975,-1.1596,-0.4403,0.3823,0.3558,-0.0226,-0.2326,-0.3217,-0.3559,-0.3667,-0.3679,-0.3656,-0.3624,-0.3594,-0.3569,-0.355,-0.3536,-0.3526,-0.7642,-0.8025,-0.8316,-0.8273,-0.7732,-0.6934,-0.6285,-0.6088,-0.615,-0.5761,-0.5389,-0.5299,-0.5427,-0.573,-0.6228,-0.7054,-0.8603,-1.1762,-1.6877,-1.618,-0.8426,-0.2284,-0.0879,-0.225,-0.3212,-0.3594,-0.3686,-0.3665,-0.3613,-0.3561,-0.352,-0.349,-0.3471,-0.3459,-0.3452,-0.345,-0.8054,-0.869,-0.9375,-0.9617,-0.8761,-0.7424,-0.6386,-0.5941,-0.5839,-0.5381,-0.504,-0.5019,-0.5206,-0.5551,-0.6048,-0.6759,-0.801,-1.0392,-1.3556,-1.3121,-1.0401,-0.8272,-0.5837,-0.4682,-0.4238,-0.3972,-0.3763,-0.3603,-0.3492,-0.3423,-0.3384,-0.3364,-0.3357,-0.3357,-0.3362,-0.3368,-0.8339,-0.9161,-1.021,-1.0895,-0.9702,-0.7887,-0.6441,-0.5496,-0.4861,-0.4441,-0.4417,-0.4626,-0.4922,-0.5352,-0.5928,-0.6477,-0.7225,-0.8509,-0.9876,-1.0689,-1.244,-1.1578,-0.813,-0.5937,-0.4751,-0.4062,-0.3645,-0.3403,-0.3277,-0.3223,-0.3208,-0.3214,-0.3228,-0.3247,-0.3266,-0.3284,-0.8423,-0.9255,-1.0154,-1.06,-0.9945,-0.818,-0.6385,-0.4877,-0.3337,-0.2738,-0.3528,-0.4181,-0.4561,-0.5079,-0.6107,-0.6668,-0.6844,-0.7698,-0.8596,-0.9586,-1.1174,-1.0548,-0.7929,-0.5867,-0.4523,-0.3684,-0.3214,-0.3,-0.2939,-0.2952,-0.2994,-0.3043,-0.309,-0.3131,-0.3168,-0.3199,-0.8322,-0.9171,-1.0335,-1.2029,-1.1516,-0.8507,-0.6354,-0.4646,-0.1384,0.0191,-0.2749,-0.3853,-0.4075,-0.4337,-0.5622,-0.6575,-0.685,-0.8049,-0.8733,-0.8698,-0.8593,-0.7915,-0.6442,-0.4869,-0.3579,-0.2738,-0.2379,-0.2355,-0.2473,-0.2621,-0.2755,-0.2864,-0.295,-0.3018,-0.3073,-0.3118,-0.8041,-0.8836,-1.0052,-1.1699,-1.1082,-0.8108,-0.6461,-0.5856,-0.3562,-0.1759,-0.3264,-0.3796,-0.354,-0.2865,-0.3713,-0.5434,-0.7407,-1.0662,-1.1407,-0.9186,-0.7445,-0.6183,-0.4871,-0.3395,-0.1948,-0.107,-0.1051,-0.1475,-0.1924,-0.2273,-0.2522,-0.2698,-0.2823,-0.2915,-0.2986,-0.3042,-0.7592,-0.8149,-0.8815,-0.9267,-0.8623,-0.7211,-0.6571,-0.6981,-0.6136,-0.4495,-0.4073,-0.3909,-0.3508,-0.2354,-0.3055,-0.5179,-0.7983,-1.6993,-1.7304,-0.9992,-0.6608,-0.4816,-0.3425,-0.1761,0.0347,0.1517,0.0733,-0.0517,-0.1417,-0.1983,-0.2339,-0.2569,-0.2723,-0.2831,-0.2912,-0.2975,-0.707,-0.7374,-0.7616,-0.761,-0.7184,-0.6592,-0.6363,-0.6565,-0.6107,-0.4998,-0.4402,-0.4003,-0.3811,-0.3134,-0.4196,-0.5193,-0.6802,-1.1807,-1.2726,-0.7942,-0.4755,-0.3095,-0.2052,-0.0519,0.2256,0.3913,0.2083,0.0056,-0.1155,-0.1843,-0.225,-0.2501,-0.2661,-0.2771,-0.2853,-0.2919,-0.6574,-0.671,-0.6763,-0.6665,-0.6407,-0.611,-0.5929,-0.5806,-0.5448,-0.4994,-0.4748,-0.4433,-0.4067,-0.4024,-0.4634,-0.5427,-0.9635,-0.7685,-0.6609,-0.4033,-0.1306,-0.0465,-0.0644,-0.0129,0.1589,0.2745,0.1438,-0.0211,-0.1275,-0.1903,-0.2276,-0.2499,-0.2637,-0.2732,-0.2807,-0.2872,-0.6145,-0.6191,-0.6172,-0.6067,-0.589,-0.5689,-0.5507,-0.532,-0.5115,-0.5096,-0.5614,-0.5007,-0.4553,-0.4189,-0.4598,-0.6171,-0.8235,-0.5639,-0.3223,-0.0286,0.3856,0.3125,0.0759,-0.0044,0.0145,0.0339,-0.0195,-0.102,-0.1687,-0.2132,-0.24,-0.255,-0.2635,-0.27,-0.2764,-0.2829,-0.5788,-0.5786,-0.5738,-0.5639,-0.5498,-0.5336,-0.517,-0.5011,-0.4904,-0.5005,-0.544,-0.4933,-0.4252,-0.3985,-0.3793,-0.395,-0.3742,-0.1759,0.0441,0.1793,0.4812,0.3881,0.1301,-0.0019,-0.0621,-0.1,-0.1406,-0.1835,-0.2203,-0.2454,-0.2576,-0.2607,-0.2612,-0.2645,-0.2709,-0.2785,-0.549,-0.5462,-0.5401,-0.5306,-0.5183,-0.5041,-0.4894,-0.4755,-0.4656,-0.4631,-0.4595,-0.429,-0.3901,-0.3555,-0.202,-0.1071,-0.0602,0.2394,0.5295,0.3481,0.3015,0.2374,0.1072,-0.0154,-0.1114,-0.177,-0.2163,-0.2498,-0.2746,-0.2824,-0.2749,-0.2594,-0.2495,-0.2528,-0.2631,-0.274,-0.5237,-0.5195,-0.5127,-0.5034,-0.4919,-0.4788,-0.4649,-0.4511,-0.4382,-0.4252,-0.4065,-0.373,-0.3188,-0.1938,0.1549,0.3005,0.1306,0.3369,0.5547,0.6084,0.4204,0.2486,0.1117,-0.0258,-0.1548,-0.2172,-0.2334,-0.3064,-0.3397,-0.3265,-0.2895,-0.2449,-0.2239,-0.2354,-0.2552,-0.2709,-0.5021,-0.4969,-0.4896,-0.4803,-0.4691,-0.4565,-0.4426,-0.4277,-0.4115,-0.3921,-0.3653,-0.3237,-0.2524,-0.1109,0.1436,0.2403,0.1795,0.3782,0.8875,1.112,0.5962,0.3296,0.1712,-0.0044,-0.1911,-0.2557,-0.2618,-0.4367,-0.4435,-0.3852,-0.3126,-0.2393,-0.2098,-0.2292,-0.2549,-0.2724,-0.4833,-0.4773,-0.4697,-0.4602,-0.4491,-0.4364,-0.4221,-0.406,-0.3873,-0.3642,-0.3331,-0.2885,-0.221,-0.1199,0.0017,0.0821,0.1552,0.344,0.662,0.771,0.5588,0.4441,0.343,0.1007,-0.2209,-0.5408,-0.897,-0.8102,-0.5834,-0.4528,-0.3595,-0.2813,-0.2453,-0.2515,-0.2676,-0.2799,-0.4667,-0.4602,-0.4522,-0.4426,-0.4314,-0.4184,-0.4037,-0.3866,-0.3664,-0.3415,-0.3095,-0.2669,-0.2099,-0.1377,-0.0581,0.0191,0.1103,0.2428,0.3938,0.4797,0.5436,0.7448,0.7814,0.3553,-0.1731,-0.7193,-1.2389,-0.9833,-0.617,-0.4913,-0.4107,-0.3412,-0.2999,-0.2872,-0.2877,-0.2912,-0.452,-0.4451,-0.4368,-0.427,-0.4156,-0.4025,-0.3874,-0.3698,-0.3491,-0.3239,-0.2928,-0.2539,-0.2058,-0.1489,-0.0856,-0.0164,0.0639,0.1604,0.2655,0.3814,0.5931,1.0178,1.1501,0.5697,-0.0452,-0.5169,-0.7829,-0.6737,-0.5157,-0.4927,-0.4398,-0.3798,-0.3378,-0.3154,-0.3057,-0.3021,-0.4389,-0.4317,-0.4232,-0.4132,-0.4017,-0.3885,-0.3733,-0.3557,-0.335,-0.3106,-0.2812,-0.2461,-0.2047,-0.1569,-0.1034,-0.0438,0.0238,0.1012,0.1909,0.3091,0.5012,0.7644,0.8075,0.4496,0.0127,-0.3193,-0.4967,-0.5171,-0.4979,-0.485,-0.4406,-0.3915,-0.3543,-0.3308,-0.3172,-0.31]},{"header":{"la1":42.85,"la2":41.18,"lo1":11.55,"lo2":14.05,"nx":36,"ny":24,"dx":0.07143,"dy":0.07261,"parameterCategory":2,"parameterNumber":3,"parameterNumberName":"northward_wind","parameterUnit":"m.s-1"},"data":[-0.1204,-0.1033,-0.0828,-0.0591,-0.0333,-0.0075,0.0149,0.0303,0.0361,0.0324,0.0221,0.0095,-0.0016,-0.0085,-0.01,-0.006,0.003,0.0158,0.0309,0.0465,0.0597,0.0671,0.0654,0.0539,0.0346,0.0109,-0.0144,-0.0393,-0.0628,-0.0847,-0.1048,-0.1231,-0.1397,-0.1549,-0.1687,-0.1812,-0.125,-0.1056,-0.0809,-0.0505,-0.015,0.0227,0.057,0.0807,0.0877,0.0777,0.0565,0.0326,0.0128,0.0007,-0.0027,0.0024,0.0148,0.0329,0.0551,0.0794,0.1021,0.1165,0.1157,0.0981,0.069,0.0353,0.0017,-0.0295,-0.0577,-0.083,-0.1056,-0.1258,-0.1439,-0.1602,-0.1748,-0.188,-0.1335,-0.1124,-0.0835,-0.0447,0.0045,0.0618,0.1184,0.1592,0.1693,0.1466,0.1044,0.0607,0.027,0.0074,0.0017,0.0085,0.0258,0.0512,0.0826,0.1193,0.1588,0.1885,0.1891,0.1579,0.1105,0.0613,0.0167,-0.022,-0.0552,-0.0838,-0.1088,-0.1308,-0.1502,-0.1674,-0.1828,-0.1964,-0.1471,-0.126,-0.0941,-0.0466,0.0211,0.1099,0.2094,0.2893,0.3086,0.2573,0.1716,0.0928,0.0384,0.0093,0.0015,0.0111,0.0354,0.0706,0.1126,0.1636,0.2327,0.2987,0.3006,0.2364,0.1555,0.0845,0.0272,-0.0189,-0.0566,-0.0882,-0.1151,-0.1384,-0.1589,-0.1769,-0.1928,-0.2069,-0.1668,-0.1488,-0.1178,-0.0644,0.024,0.1595,0.3408,0.5159,0.5642,0.4403,0.2606,0.1228,0.0417,0.0031,-0.0059,0.0081,0.0426,0.0929,0.1466,0.2024,0.3101,0.4608,0.4559,0.3181,0.1896,0.0963,0.0285,-0.0229,-0.0636,-0.097,-0.1251,-0.1493,-0.1704,-0.189,-0.2053,-0.2195,-0.1926,-0.1827,-0.16,-0.1092,-0.006,0.1825,0.4953,0.8939,1.0357,0.715,0.3485,0.1329,0.0286,-0.0148,-0.023,-0.0039,0.0434,0.1201,0.1993,0.2293,0.3221,0.5526,0.5333,0.3361,0.186,0.0863,0.0164,-0.036,-0.0772,-0.1109,-0.1393,-0.1638,-0.1852,-0.204,-0.2204,-0.2347,-0.2223,-0.226,-0.2229,-0.1903,-0.0895,0.1257,0.5425,1.2366,1.5608,0.9053,0.3461,0.094,-0.008,-0.0462,-0.052,-0.0305,0.0255,0.1292,0.2615,0.2597,0.2383,0.341,0.3504,0.2418,0.1347,0.0525,-0.01,-0.0586,-0.0977,-0.1302,-0.1579,-0.182,-0.2033,-0.2221,-0.2386,-0.2528,-0.2504,-0.2701,-0.298,-0.3024,-0.2162,-0.0264,0.306,0.8293,1.058,0.567,0.1632,-0.0038,-0.0639,-0.0872,-0.0944,-0.0776,-0.0237,0.0694,0.1732,0.1784,0.138,0.147,0.1579,0.1227,0.0631,0.0036,-0.0475,-0.0897,-0.1248,-0.1546,-0.1808,-0.2042,-0.2252,-0.2439,-0.2602,-0.2741,-0.2698,-0.2976,-0.3496,-0.3941,-0.3104,-0.1862,-0.046,0.0965,0.1064,-0.0304,-0.1134,-0.1242,-0.1186,-0.1272,-0.1558,-0.1574,-0.0957,-0.017,0.0477,0.0775,0.0889,0.0868,0.0716,0.0402,-0.0042,-0.0508,-0.0926,-0.1278,-0.1575,-0.1838,-0.2079,-0.2303,-0.251,-0.2696,-0.2858,-0.2993,-0.2781,-0.2976,-0.3267,-0.3445,-0.304,-0.2913,-0.3072,-0.3659,-0.5051,-0.5504,-0.3717,-0.2175,-0.1447,-0.1445,-0.2471,-0.3099,-0.165,-0.0757,-0.0247,0.02,0.0613,0.0569,0.0205,-0.0217,-0.0672,-0.1101,-0.145,-0.1722,-0.1951,-0.2169,-0.2387,-0.2605,-0.2813,-0.3001,-0.3162,-0.3292,-0.281,-0.2875,-0.279,-0.2328,-0.2488,-0.3609,-0.491,-0.6278,-0.9118,-1.0692,-0.5455,-0.2452,-0.1233,-0.0998,-0.2091,-0.3066,-0.1529,-0.1027,-0.082,-0.0459,-0.0136,-0.0108,-0.0381,-0.0838,-0.1368,-0.1815,-0.2086,-0.2236,-0.2365,-0.2528,-0.2728,-0.2949,-0.3169,-0.3366,-0.3529,-0.3649,-0.2853,-0.2883,-0.2763,-0.2407,-0.2727,-0.4474,-0.6627,-0.8136,-0.8496,-0.8532,-0.469,-0.194,-0.0665,-0.018,-0.0309,-0.0574,-0.0724,-0.1545,-0.1772,-0.1101,-0.0657,-0.0593,-0.0879,-0.1488,-0.2269,-0.282,-0.2914,-0.2818,-0.2793,-0.2896,-0.3097,-0.3346,-0.3596,-0.3814,-0.3978,-0.4084,-0.2925,-0.3003,-0.3057,-0.3177,-0.3812,-0.54,-0.7771,-0.9943,-0.8626,-0.5878,-0.3154,-0.1092,-0.0139,0.0091,0.0313,0.0967,0.0257,-0.3367,-0.3611,-0.1481,-0.075,-0.068,-0.1118,-0.2109,-0.3538,-0.4364,-0.3962,-0.3393,-0.3173,-0.325,-0.3499,-0.3819,-0.4131,-0.4382,-0.4546,-0.4622,-0.2998,-0.3132,-0.3317,-0.3649,-0.4319,-0.5506,-0.7167,-0.8685,-0.7695,-0.469,-0.2337,-0.052,0.0195,0.2367,0.1655,0.364,0.2574,-0.087,-0.1967,-0.0872,-0.0216,-0.0207,-0.0922,-0.2391,-0.4673,-0.5901,-0.4747,-0.3713,-0.3412,-0.3569,-0.3959,-0.4423,-0.4841,-0.5137,-0.5283,-0.5298,-0.3044,-0.32,-0.342,-0.3752,-0.4262,-0.497,-0.5738,-0.6073,-0.5179,-0.3467,-0.2184,-0.1333,-0.0046,0.1005,0.1911,0.4358,0.4871,0.1708,0.0019,0.0308,0.1429,0.1316,-0.0092,-0.187,-0.3927,-0.5017,-0.4239,-0.3507,-0.3451,-0.3872,-0.4542,-0.5262,-0.585,-0.6189,-0.627,-0.6156,-0.3051,-0.32,-0.3393,-0.3647,-0.3966,-0.4307,-0.4535,-0.44,-0.3718,-0.2752,-0.2117,-0.266,-0.1973,-0.0629,0.0489,0.2288,0.3481,0.1161,-0.0097,0.1355,0.55,0.4444,0.106,-0.0982,-0.2269,-0.2888,-0.2841,-0.2844,-0.3317,-0.4216,-0.537,-0.6526,-0.7372,-0.7714,-0.7604,-0.7232,-0.3028,-0.3152,-0.3299,-0.3468,-0.3642,-0.3774,-0.3783,-0.3574,-0.3131,-0.26,-0.2234,-0.2584,-0.4064,-0.46,-0.18,-0.0554,-0.0362,-0.1621,-0.244,0.0155,0.5981,0.4689,0.1058,-0.0576,-0.1063,-0.1028,-0.111,-0.1793,-0.3031,-0.4668,-0.6609,-0.8526,-0.9764,-0.9948,-0.937,-0.852,-0.2987,-0.3082,-0.3185,-0.3288,-0.3373,-0.3409,-0.3356,-0.319,-0.2937,-0.2695,-0.2634,-0.306,-0.4691,-0.5107,-0.3732,-0.3435,-0.312,-0.493,-0.72,-0.3742,-0.034,0.0428,-0.0418,-0.0731,0.0049,0.1553,0.1782,-0.0113,-0.2609,-0.5258,-0.8369,-1.1616,-1.3439,-1.3031,-1.1485,-0.9884,-0.2938,-0.3009,-0.3078,-0.3138,-0.3176,-0.3175,-0.3121,-0.3013,-0.288,-0.2789,-0.2835,-0.3141,-0.372,-0.4292,-0.6094,-0.7006,-0.4823,-0.5577,-0.6866,-0.6042,-0.4018,-0.2611,-0.2066,-0.1217,0.1199,0.5834,0.684,0.1785,-0.2426,-0.5933,-1.027,-1.5415,-1.7951,-1.6297,-1.3387,-1.098,-0.2891,-0.2943,-0.2989,-0.3024,-0.3041,-0.3031,-0.2992,-0.293,-0.287,-0.2852,-0.2928,-0.3147,-0.3545,-0.4291,-0.5875,-0.642,-0.5176,-0.557,-0.7662,-0.8614,-0.5924,-0.4513,-0.3728,-0.2391,0.0539,0.6248,0.7551,0.0541,-0.338,-0.6535,-1.0982,-1.6939,-1.9804,-1.7482,-1.4028,-1.1363,-0.285,-0.2888,-0.292,-0.2943,-0.2952,-0.2944,-0.2922,-0.2894,-0.2877,-0.2896,-0.2982,-0.3164,-0.3478,-0.3984,-0.4622,-0.4898,-0.4872,-0.5422,-0.6703,-0.7178,-0.6435,-0.6404,-0.6153,-0.4638,-0.2601,-0.1825,-0.4839,-0.5096,-0.5385,-0.7014,-0.995,-1.4124,-1.6492,-1.5362,-1.299,-1.0894,-0.2817,-0.2846,-0.287,-0.2887,-0.2895,-0.2894,-0.2887,-0.2882,-0.2891,-0.293,-0.3017,-0.3171,-0.3406,-0.3723,-0.4061,-0.4326,-0.4591,-0.5072,-0.575,-0.6367,-0.743,-0.975,-1.0392,-0.7609,-0.5357,-0.5913,-0.8728,-0.7585,-0.7077,-0.759,-0.8731,-1.0748,-1.2261,-1.2215,-1.1164,-0.9907,-0.2791,-0.2815,-0.2835,-0.2851,-0.2861,-0.2867,-0.2872,-0.2883,-0.2908,-0.2957,-0.3043,-0.3174,-0.3356,-0.3582,-0.3832,-0.4094,-0.441,-0.4853,-0.5473,-0.6448,-0.851,-1.231,-1.3435,-0.9539,-0.6742,-0.6383,-0.7144,-0.7592,-0.857,-0.8366,-0.8226,-0.8901,-0.9666,-0.9874,-0.9505,-0.8847,-0.2773,-0.2794,-0.2813,-0.2829,-0.2842,-0.2855,-0.2869,-0.2891,-0.2926,-0.2981,-0.3064,-0.3179,-0.3331,-0.3516,-0.3732,-0.3985,-0.4303,-0.4733,-0.5356,-0.6363,-0.8109,-1.0422,-1.0968,-0.8894,-0.7032,-0.6478,-0.6811,-0.7712,-0.8745,-0.8468,-0.7979,-0.8031,-0.8307,-0.8436,-0.8294,-0.7946]}]