docs/data/wind_grid.json
[{"header":{"la1":42.85,"la2":41.18,"lo1":11.55,"lo2":14.05,"nx":36,"ny":24,"dx":0.07143,"dy":0.07261,"parameterCategory":2,"parameterNumber":2,"parameterNumberName":"eastward_wind","parameterUnit":"m.s-1"},"data":[-0.9356,-0.9401,-0.9427,-0.9433,-0.9417,-0.9378,-0.9308,-0.92,-0.9046,-0.8851,-0.8632,-0.8414,-0.8219,-0.8058,-0.7931,-0.7826,-0.7721,-0.7588,-0.7402,-0.7158,-0.6886,-0.665,-0.651,-0.6488,-0.6555,-0.6667,-0.6786,-0.689,-0.6975,-0.7039,-0.7086,-0.7119,-0.7143,-0.7159,-0.7171,-0.7178,-0.9586,-0.9653,-0.9697,-0.9719,-0.9719,-0.9699,-0.9649,-0.9545,-0.9366,-0.9112,-0.8816,-0.8524,-0.8273,-0.8084,-0.7956,-0.7869,-0.7787,-0.7657,-0.7424,-0.7058,-0.6606,-0.6207,-0.601,-0.6047,-0.6232,-0.6457,-0.666,-0.6819,-0.6935,-0.7017,-0.7073,-0.7111,-0.7137,-0.7154,-0.7166,-0.7173,-0.9856,-0.9954,-1.0021,-1.006,-1.0083,-1.01,-1.0101,-1.0036,-0.9838,-0.9492,-0.9063,-0.8646,-0.8313,-0.8088,-0.7968,-0.7926,-0.7907,-0.7823,-0.755,-0.6979,-0.6154,-0.5398,-0.5118,-0.5347,-0.5793,-0.6218,-0.6541,-0.6764,-0.6912,-0.7008,-0.707,-0.711,-0.7136,-0.7152,-0.7162,-0.7169,-1.0175,-1.0318,-1.0416,-1.0471,-1.0513,-1.0589,-1.0711,-1.0777,-1.0593,-1.0079,-0.9398,-0.8772,-0.8314,-0.8045,-0.7948,-0.7988,-0.8105,-0.8169,-0.7933,-0.7064,-0.5448,-0.382,-0.3472,-0.429,-0.5278,-0.6006,-0.6469,-0.6749,-0.6917,-0.7018,-0.7079,-0.7116,-0.7139,-0.7152,-0.7161,-0.7166,-1.0556,-1.0771,-1.0916,-1.0976,-1.1007,-1.1145,-1.1511,-1.196,-1.1908,-1.1026,-0.9833,-0.8859,-0.8233,-0.7915,-0.7855,-0.8022,-0.8379,-0.8804,-0.8891,-0.7783,-0.4673,-0.0903,-0.0775,-0.3088,-0.4915,-0.5949,-0.6501,-0.6797,-0.6958,-0.7048,-0.7099,-0.7129,-0.7145,-0.7155,-0.716,-0.7163,-1.1007,-1.1349,-1.1589,-1.1644,-1.157,-1.1673,-1.2398,-1.3795,-1.4254,-1.2436,-1.0245,-0.8801,-0.8004,-0.7648,-0.7633,-0.7947,-0.8631,-0.9714,-1.079,-0.9987,-0.5474,0.0967,0.0664,-0.2989,-0.5161,-0.6192,-0.6679,-0.6916,-0.7035,-0.7096,-0.7128,-0.7145,-0.7153,-0.7157,-0.7159,-0.7159,-1.1509,-1.2076,-1.2548,-1.2644,-1.2281,-1.2024,-1.2817,-1.5393,-1.6823,-1.3403,-1.0149,-0.842,-0.7563,-0.7194,-0.7203,-0.7626,-0.8586,-1.0289,-1.2564,-1.2317,-0.8865,-0.4667,-0.3642,-0.5114,-0.6204,-0.6737,-0.6977,-0.7083,-0.7129,-0.7149,-0.7157,-0.716,-0.716,-0.7158,-0.7155,-0.7153,-1.1985,-1.2872,-1.3841,-1.423,-1.3313,-1.2185,-1.2122,-1.3625,-1.4376,-1.1604,-0.9031,-0.764,-0.6902,-0.653,-0.648,-0.691,-0.7997,-0.9707,-1.1497,-1.2044,-1.2723,-1.1605,-0.9037,-0.784,-0.7481,-0.7355,-0.7287,-0.7242,-0.7211,-0.7191,-0.7178,-0.7169,-0.7161,-0.7154,-0.7149,-0.7144,-1.228,-1.3406,-1.4889,-1.5877,-1.4294,-1.2237,-1.0987,-1.0428,-0.9683,-0.8381,-0.7347,-0.6649,-0.6118,-0.5689,-0.5346,-0.5596,-0.6968,-0.8783,-1.0575,-1.3071,-1.7885,-1.6716,-1.2018,-0.9474,-0.8317,-0.7763,-0.7479,-0.7328,-0.7249,-0.7206,-0.7182,-0.7167,-0.7155,-0.7145,-0.7137,-0.7131,-1.2292,-1.3384,-1.4609,-1.5235,-1.4255,-1.2172,-1.0168,-0.8417,-0.6421,-0.5398,-0.5749,-0.5727,-0.5337,-0.4831,-0.3791,-0.3281,-0.5928,-0.8366,-1.0245,-1.2566,-1.5897,-1.5272,-1.1939,-0.9696,-0.847,-0.7813,-0.7469,-0.7299,-0.722,-0.7184,-0.7165,-0.7152,-0.714,-0.7129,-0.7119,-0.7112,-1.2058,-1.3089,-1.4416,-1.6176,-1.56,-1.2268,-0.982,-0.7779,-0.3862,-0.2001,-0.4657,-0.506,-0.4562,-0.4046,-0.3546,-0.3151,-0.6325,-0.9212,-1.0782,-1.1471,-1.2085,-1.1741,-1.0362,-0.9006,-0.8056,-0.7496,-0.7232,-0.7141,-0.7125,-0.7129,-0.7131,-0.7127,-0.7116,-0.7104,-0.7092,-0.7084,-1.1618,-1.255,-1.3923,-1.5742,-1.5042,-1.1711,-0.9955,-0.9369,-0.6414,-0.4002,-0.4919,-0.4701,-0.3747,-0.2382,-0.3288,-0.5345,-0.8363,-1.2785,-1.4056,-1.2064,-1.0696,-0.9832,-0.8944,-0.8041,-0.728,-0.6846,-0.6775,-0.6875,-0.6987,-0.7059,-0.7092,-0.7096,-0.7084,-0.7067,-0.7053,-0.7045,-1.0998,-1.1644,-1.2404,-1.2913,-1.2175,-1.0629,-1.0179,-1.1101,-0.9688,-0.6771,-0.5369,-0.4517,-0.3702,-0.1691,-0.2829,-0.6201,-0.9877,-2.0248,-2.0706,-1.3132,-1.0008,-0.8642,-0.7837,-0.7106,-0.6308,-0.5884,-0.6154,-0.6578,-0.6864,-0.701,-0.7063,-0.7064,-0.7041,-0.7014,-0.6995,-0.6988,-1.0303,-1.0643,-1.0908,-1.0884,-1.0388,-0.9765,-0.9713,-1.025,-0.9319,-0.6844,-0.5254,-0.4333,-0.4079,-0.4003,-0.511,-0.7088,-0.9143,-1.4806,-1.5981,-1.1299,-0.8459,-0.7226,-0.679,-0.6399,-0.5582,-0.5043,-0.5696,-0.6433,-0.6845,-0.7021,-0.7061,-0.7029,-0.6974,-0.6927,-0.6904,-0.6904,-0.9646,-0.9777,-0.9805,-0.9653,-0.9315,-0.8951,-0.8739,-0.8487,-0.7502,-0.5918,-0.4787,-0.4373,-0.4077,-0.3163,-0.583,-0.7619,-1.3734,-1.0929,-0.9944,-0.7765,-0.5501,-0.4977,-0.5583,-0.598,-0.5753,-0.5459,-0.5991,-0.6648,-0.7011,-0.7124,-0.7082,-0.6968,-0.6851,-0.6776,-0.6756,-0.6778,-0.9079,-0.909,-0.9014,-0.8827,-0.8539,-0.8198,-0.7813,-0.7252,-0.6301,-0.4976,-0.3598,-0.4013,-0.4212,-0.4477,-0.5897,-0.8787,-1.2031,-0.9128,-0.697,-0.4569,-0.0994,-0.1773,-0.4325,-0.5691,-0.6242,-0.6486,-0.6863,-0.7233,-0.7383,-0.7315,-0.7097,-0.6822,-0.6601,-0.6501,-0.6515,-0.6594,-0.861,-0.8553,-0.8429,-0.8225,-0.7946,-0.7596,-0.7157,-0.6569,-0.5767,-0.4753,-0.3752,-0.4033,-0.4242,-0.4333,-0.5155,-0.6288,-0.6878,-0.5574,-0.3958,-0.2976,-0.0207,-0.1189,-0.3997,-0.5741,-0.6845,-0.7596,-0.8033,-0.8121,-0.794,-0.7564,-0.7036,-0.6473,-0.6091,-0.6009,-0.6142,-0.6346,-0.8228,-0.8133,-0.7984,-0.7775,-0.7502,-0.7162,-0.6745,-0.6234,-0.563,-0.5001,-0.4537,-0.4389,-0.423,-0.4101,-0.3627,-0.3469,-0.3953,-0.2175,0.0213,-0.2032,-0.2565,-0.3181,-0.4658,-0.6256,-0.7835,-0.9229,-0.9744,-0.9328,-0.8641,-0.7834,-0.6822,-0.5744,-0.5127,-0.5214,-0.5638,-0.6061,-0.7918,-0.7803,-0.7644,-0.7436,-0.7177,-0.6865,-0.6497,-0.6077,-0.5624,-0.5187,-0.483,-0.4547,-0.4201,-0.3374,-0.048,0.08,-0.22,-0.1795,-0.0611,-0.1812,-0.2937,-0.4002,-0.5261,-0.688,-0.9006,-1.1411,-1.1958,-1.0591,-0.9362,-0.8143,-0.6531,-0.4654,-0.3749,-0.4269,-0.5155,-0.5837,-0.7667,-0.7543,-0.7383,-0.7184,-0.6945,-0.6666,-0.6349,-0.6003,-0.5643,-0.5293,-0.4965,-0.4622,-0.4123,-0.3063,-0.0816,-0.0083,-0.2066,-0.2388,-0.1561,-0.1208,-0.2833,-0.4219,-0.5495,-0.7142,-0.9416,-1.1938,-1.2465,-1.1149,-0.9967,-0.8621,-0.6668,-0.4225,-0.3124,-0.393,-0.5041,-0.5818,-0.7466,-0.7339,-0.7183,-0.6997,-0.678,-0.6533,-0.6261,-0.597,-0.567,-0.5369,-0.5063,-0.4719,-0.4254,-0.3545,-0.2683,-0.2423,-0.2839,-0.289,-0.2369,-0.2283,-0.3318,-0.4302,-0.5244,-0.6807,-0.8995,-1.1026,-1.2114,-1.1671,-1.0597,-0.9416,-0.7672,-0.555,-0.4433,-0.476,-0.5489,-0.6067,-0.7304,-0.7179,-0.7031,-0.6859,-0.6663,-0.6446,-0.621,-0.5961,-0.5704,-0.5442,-0.5169,-0.4866,-0.4506,-0.4084,-0.3695,-0.3524,-0.3547,-0.3517,-0.34,-0.3501,-0.3859,-0.3895,-0.4105,-0.586,-0.8395,-1.0923,-1.28,-1.2119,-1.1314,-1.0575,-0.9107,-0.7421,-0.6325,-0.6065,-0.6237,-0.6487,-0.7175,-0.7055,-0.6916,-0.6759,-0.6583,-0.6391,-0.6186,-0.597,-0.5748,-0.5521,-0.5286,-0.5036,-0.477,-0.4501,-0.4276,-0.4145,-0.4098,-0.4076,-0.4076,-0.4132,-0.4059,-0.3347,-0.3059,-0.5073,-0.7701,-0.9951,-1.1315,-1.1732,-1.254,-1.197,-1.0301,-0.8729,-0.7651,-0.711,-0.6932,-0.6921,-0.7072,-0.6959,-0.683,-0.6686,-0.6529,-0.6359,-0.618,-0.5993,-0.5801,-0.5606,-0.5408,-0.5207,-0.5008,-0.4822,-0.4671,-0.4574,-0.4528,-0.4518,-0.4535,-0.4545,-0.4411,-0.4012,-0.4068,-0.5433,-0.7343,-0.9055,-1.0338,-1.1522,-1.2691,-1.2165,-1.0654,-0.9301,-0.8339,-0.7745,-0.7424,-0.727]},{"header":{"la1":42.85,"la2":41.18,"lo1":11.55,"lo2":14.05,"nx":36,"ny":24,"dx":0.07143,"dy":0.07261,"parameterCategory":2,"parameterNumber":3,"parameterNumberName":"northward_wind","parameterUnit":"m.s-1"},"data":[-0.8268,-0.8235,-0.8172,-0.8077,-0.7952,-0.7804,-0.7642,-0.7476,-0.7311,-0.7145,-0.697,-0.6778,-0.656,-0.6319,-0.6057,-0.5789,-0.553,-0.5303,-0.5128,-0.5015,-0.496,-0.494,-0.493,-0.4918,-0.4902,-0.4891,-0.489,-0.4903,-0.4928,-0.4965,-0.5012,-0.5065,-0.5122,-0.5182,-0.5243,-0.5304,-0.8476,-0.8452,-0.8386,-0.8276,-0.8123,-0.7938,-0.7738,-0.7543,-0.7366,-0.7203,-0.7035,-0.6843,-0.6612,-0.6341,-0.6035,-0.5709,-0.5388,-0.5109,-0.4912,-0.4818,-0.4816,-0.4856,-0.4881,-0.487,-0.4838,-0.4811,-0.4802,-0.4814,-0.4844,-0.489,-0.4946,-0.501,-0.5078,-0.5149,-0.5219,-0.5289,-0.872,-0.871,-0.8645,-0.8515,-0.8319,-0.8071,-0.7802,-0.7556,-0.7365,-0.7225,-0.7093,-0.6921,-0.6687,-0.6386,-0.6025,-0.562,-0.5206,-0.4842,-0.4608,-0.4564,-0.4692,-0.4867,-0.4943,-0.4897,-0.4807,-0.4738,-0.471,-0.4719,-0.4755,-0.4811,-0.488,-0.4957,-0.5038,-0.512,-0.5202,-0.5281,-0.9005,-0.9024,-0.8969,-0.8818,-0.8558,-0.8202,-0.7798,-0.7439,-0.7227,-0.7162,-0.7129,-0.7019,-0.6798,-0.647,-0.6045,-0.5535,-0.4974,-0.4452,-0.4135,-0.4191,-0.4629,-0.5135,-0.5264,-0.5049,-0.4805,-0.4659,-0.4605,-0.4613,-0.466,-0.473,-0.4814,-0.4907,-0.5003,-0.5099,-0.5194,-0.5284,-0.9339,-0.9412,-0.9392,-0.9227,-0.8881,-0.8348,-0.7673,-0.7034,-0.6762,-0.6918,-0.7133,-0.7154,-0.6966,-0.6617,-0.6128,-0.549,-0.4705,-0.387,-0.3304,-0.3493,-0.4605,-0.5949,-0.6016,-0.5291,-0.4772,-0.4538,-0.4471,-0.4491,-0.4556,-0.4647,-0.4751,-0.4863,-0.4976,-0.5089,-0.5197,-0.5299,-0.9721,-0.9892,-0.9957,-0.9812,-0.9372,-0.8597,-0.7451,-0.611,-0.5604,-0.6395,-0.7156,-0.7372,-0.722,-0.686,-0.6327,-0.5568,-0.4498,-0.3101,-0.1833,-0.2031,-0.4028,-0.6557,-0.6459,-0.52,-0.4548,-0.4324,-0.4294,-0.4349,-0.4445,-0.4563,-0.4693,-0.4827,-0.4962,-0.5093,-0.5216,-0.5331,-1.0127,-1.0458,-1.0708,-1.0667,-1.0142,-0.914,-0.7541,-0.5154,-0.4085,-0.6048,-0.7449,-0.776,-0.7587,-0.7228,-0.6713,-0.5911,-0.4624,-0.2674,-0.0425,-0.0531,-0.2387,-0.4206,-0.4715,-0.428,-0.4037,-0.4007,-0.4078,-0.4194,-0.4333,-0.4485,-0.4645,-0.4806,-0.4965,-0.5116,-0.5257,-0.5385,-1.0495,-1.1029,-1.1612,-1.1835,-1.1179,-1.0053,-0.8636,-0.6703,-0.5858,-0.7417,-0.8379,-0.8375,-0.8057,-0.7734,-0.7381,-0.6688,-0.535,-0.341,-0.1503,-0.0911,-0.0236,-0.0709,-0.221,-0.3035,-0.342,-0.366,-0.3856,-0.4041,-0.4227,-0.4418,-0.4612,-0.4805,-0.4991,-0.5167,-0.5327,-0.5468,-1.0728,-1.1388,-1.2272,-1.2877,-1.1982,-1.095,-1.0255,-0.9797,-0.988,-1.0246,-0.99,-0.9136,-0.8543,-0.8345,-0.8515,-0.82,-0.6604,-0.4596,-0.2717,-0.0482,0.3223,0.2459,-0.0614,-0.2219,-0.2972,-0.3384,-0.3666,-0.3905,-0.4135,-0.4367,-0.46,-0.4831,-0.5051,-0.5253,-0.5434,-0.5589,-1.0772,-1.1365,-1.2021,-1.2368,-1.191,-1.1529,-1.1604,-1.2308,-1.3781,-1.4083,-1.1816,-0.9823,-0.8884,-0.8861,-1.0294,-1.1165,-0.7944,-0.5412,-0.3518,-0.1212,0.1675,0.138,-0.0753,-0.209,-0.2801,-0.3221,-0.3524,-0.3792,-0.4061,-0.4337,-0.4619,-0.4895,-0.5155,-0.539,-0.5592,-0.5759,-1.0678,-1.1169,-1.1617,-1.1882,-1.1867,-1.1932,-1.2618,-1.3953,-1.7594,-1.9611,-1.3391,-1.0054,-0.8991,-0.8969,-1.0113,-1.1213,-0.7637,-0.5482,-0.4166,-0.2764,-0.1432,-0.1134,-0.1706,-0.234,-0.2804,-0.3133,-0.3409,-0.3692,-0.4001,-0.4334,-0.4677,-0.5013,-0.5324,-0.5596,-0.5821,-0.5995,-1.0506,-1.0947,-1.1407,-1.1792,-1.1851,-1.228,-1.3547,-1.4753,-1.5922,-1.663,-1.2251,-0.9585,-0.9032,-0.9786,-0.8902,-0.7239,-0.5727,-0.5172,-0.475,-0.3641,-0.2668,-0.2215,-0.2248,-0.2519,-0.2817,-0.3055,-0.3288,-0.3587,-0.3954,-0.4365,-0.4793,-0.5209,-0.5586,-0.5902,-0.6147,-0.6319,-1.0268,-1.065,-1.1043,-1.1385,-1.1696,-1.249,-1.4154,-1.5873,-1.4865,-1.2664,-1.0255,-0.8968,-0.8729,-1.0236,-0.8692,-0.4534,-0.3571,-0.5925,-0.6013,-0.3804,-0.2661,-0.2173,-0.2174,-0.2466,-0.2801,-0.2983,-0.3151,-0.3476,-0.3927,-0.4449,-0.4997,-0.5525,-0.5988,-0.6354,-0.6609,-0.6761,-0.998,-1.0291,-1.061,-1.0934,-1.1353,-1.2122,-1.3409,-1.4714,-1.3758,-1.0878,-0.8907,-0.8875,-0.8911,-0.6909,-0.4425,0.0306,0.005,-0.3099,-0.4152,-0.2737,-0.1575,-0.1167,-0.1518,-0.2192,-0.2812,-0.2999,-0.3051,-0.3391,-0.3944,-0.4617,-0.5336,-0.6026,-0.6606,-0.7023,-0.7265,-0.7359,-0.9663,-0.9906,-1.0156,-1.0425,-1.0761,-1.1235,-1.1794,-1.1977,-1.0915,-0.8937,-0.7479,-0.6936,-0.6143,-0.4168,-0.2534,0.1854,0.7122,0.094,-0.1438,-0.0699,0.1247,0.1364,-0.0166,-0.1594,-0.2539,-0.288,-0.2968,-0.3341,-0.4021,-0.4907,-0.5888,-0.6825,-0.7569,-0.8025,-0.8196,-0.8159,-0.9337,-0.9515,-0.9692,-0.987,-1.0053,-1.0223,-1.0265,-0.9917,-0.8921,-0.745,-0.619,-0.5353,-0.5456,-0.4859,-0.2958,0.1026,0.4785,0.073,-0.0959,0.1421,0.7508,0.6081,0.1543,-0.0815,-0.1886,-0.2345,-0.2636,-0.3176,-0.4103,-0.5346,-0.6759,-0.8111,-0.9098,-0.9539,-0.9505,-0.9198,-0.9013,-0.9132,-0.9238,-0.9323,-0.9372,-0.9344,-0.9158,-0.87,-0.7915,-0.6931,-0.6154,-0.5847,-0.6087,-0.6082,-0.42,-0.2299,-0.1381,-0.2494,-0.3087,0.0511,0.8365,0.6622,0.1727,-0.0483,-0.1217,-0.1373,-0.1682,-0.2601,-0.4072,-0.5939,-0.8095,-1.019,-1.155,-1.1805,-1.1274,-1.0468,-0.8703,-0.877,-0.8816,-0.8828,-0.8787,-0.8662,-0.841,-0.7994,-0.7428,-0.6819,-0.6342,-0.6096,-0.629,-0.6229,-0.5218,-0.4563,-0.4113,-0.5759,-0.8157,-0.3646,0.0616,0.1427,0.012,-0.0688,-0.0401,0.0641,0.0638,-0.1296,-0.3867,-0.667,-0.998,-1.3414,-1.5344,-1.496,-1.3417,-1.1832,-0.8413,-0.8439,-0.8439,-0.8401,-0.8311,-0.8149,-0.7897,-0.7549,-0.7131,-0.6704,-0.6339,-0.6084,-0.5947,-0.5827,-0.6215,-0.6497,-0.5252,-0.5896,-0.6862,-0.4492,-0.2644,-0.1546,-0.134,-0.1046,0.0562,0.4328,0.5121,0.0317,-0.3844,-0.7463,-1.2002,-1.7368,-2.0005,-1.8314,-1.5355,-1.2933,-0.8149,-0.8144,-0.8112,-0.8044,-0.793,-0.7759,-0.7527,-0.7237,-0.6908,-0.6574,-0.6269,-0.6017,-0.583,-0.5776,-0.6128,-0.6219,-0.5331,-0.4937,-0.437,-0.4053,-0.3453,-0.2634,-0.2176,-0.1642,0.0075,0.4639,0.5713,-0.102,-0.4908,-0.8163,-1.2786,-1.8958,-2.1917,-1.9533,-1.6009,-1.3317,-0.7912,-0.7885,-0.7831,-0.7746,-0.7623,-0.7457,-0.7248,-0.7001,-0.6728,-0.645,-0.6185,-0.5948,-0.5755,-0.5639,-0.5611,-0.5455,-0.5038,-0.4614,-0.4228,-0.3951,-0.3429,-0.2784,-0.2468,-0.2429,-0.2331,-0.2899,-0.6437,-0.6714,-0.7051,-0.8784,-1.1804,-1.6084,-1.8516,-1.7363,-1.4949,-1.2835,-0.7701,-0.7658,-0.7592,-0.7499,-0.7375,-0.7218,-0.7029,-0.6814,-0.658,-0.6339,-0.6103,-0.5882,-0.5685,-0.5516,-0.5358,-0.5145,-0.4843,-0.4498,-0.4145,-0.3734,-0.3056,-0.2128,-0.1874,-0.269,-0.4023,-0.6746,-1.0486,-0.932,-0.9091,-0.9699,-1.0732,-1.269,-1.4202,-1.415,-1.3087,-1.1828,-0.7515,-0.7462,-0.7389,-0.7293,-0.7171,-0.7024,-0.6853,-0.6662,-0.6456,-0.6244,-0.6031,-0.5824,-0.5627,-0.5438,-0.5244,-0.5022,-0.4757,-0.445,-0.409,-0.3597,-0.2752,-0.1442,-0.1077,-0.2551,-0.4431,-0.6602,-0.8476,-0.9592,-1.142,-1.1042,-1.0452,-1.0896,-1.1582,-1.1768,-1.1396,-1.0747,-0.7351,-0.7292,-0.7216,-0.7119,-0.7003,-0.6866,-0.671,-0.6538,-0.6354,-0.6163,-0.5969,-0.5777,-0.5586,-0.5396,-0.5198,-0.4983,-0.474,-0.4461,-0.4124,-0.3667,-0.2989,-0.217,-0.2032,-0.3081,-0.4612,-0.625,-0.7882,-0.9843,-1.1707,-1.1229,-1.0259,-1.004,-1.0207,-1.0302,-1.016,-0.9828]}]