docs/data/wind_grid.json
[{"header":{"la1":42.85,"la2":41.18,"lo1":11.55,"lo2":14.05,"nx":36,"ny":24,"dx":0.07143,"dy":0.07261,"parameterCategory":2,"parameterNumber":2,"parameterNumberName":"eastward_wind","parameterUnit":"m.s-1"},"data":[3.7726,3.7846,3.7976,3.8113,3.8246,3.8363,3.8444,3.8466,3.8412,3.8275,3.8059,3.7778,3.7443,3.7063,3.6646,3.6197,3.5723,3.5236,3.4748,3.4276,3.3843,3.3476,3.3193,3.2987,3.2826,3.2677,3.2519,3.2343,3.2152,3.1952,3.175,3.1553,3.1365,3.1191,3.1031,3.0887,3.7797,3.7939,3.8102,3.8284,3.8478,3.8665,3.8815,3.889,3.8857,3.8706,3.8449,3.8114,3.772,3.7281,3.6799,3.6276,3.572,3.5142,3.4559,3.3987,3.3455,3.302,3.2734,3.2585,3.2499,3.2409,3.2281,3.2114,3.1918,3.1707,3.1492,3.1282,3.1085,3.0902,3.0738,3.0593,3.7836,3.7997,3.8192,3.8429,3.8704,3.8996,3.9261,3.943,3.9433,3.9251,3.8922,3.8505,3.8037,3.7528,3.6973,3.6364,3.5704,3.5012,3.431,3.3602,3.2899,3.2324,3.2048,3.2041,3.2109,3.2115,3.2029,3.1866,3.1658,3.1429,3.1197,3.0973,3.0764,3.0575,3.0408,3.0263,3.7831,3.8,3.8223,3.8518,3.8897,3.9348,3.9812,4.0158,4.0227,3.9968,3.9497,3.8951,3.839,3.781,3.7181,3.6472,3.5676,3.4828,3.3991,3.3137,3.2136,3.1209,3.0975,3.1327,3.1687,3.1827,3.1774,3.16,3.1366,3.111,3.0855,3.0615,3.0395,3.0201,3.0032,2.989,3.7767,3.7927,3.8158,3.8501,3.9001,3.9679,4.0487,4.1206,4.1408,4.0939,4.0173,3.9431,3.8768,3.8131,3.7443,3.6631,3.5648,3.4543,3.3533,3.2683,3.1313,2.949,2.9435,3.0586,3.1353,3.1596,3.1527,3.1307,3.1025,3.0732,3.0452,3.0195,2.9967,2.977,2.9604,2.9468,3.7637,3.7757,3.7957,3.8309,3.8917,3.987,4.1207,4.269,4.3204,4.2164,4.0858,3.9885,3.915,3.8498,3.7798,3.6912,3.5701,3.4114,3.2621,3.2209,3.1252,2.8491,2.8659,3.0448,3.1311,3.1459,3.1273,3.0956,3.0606,3.027,2.9965,2.9697,2.9467,2.9273,2.9114,2.899,3.7441,3.7488,3.76,3.7878,3.8525,3.9713,4.153,4.3918,4.491,4.3034,4.1291,4.0238,3.9519,3.8924,3.8293,3.7429,3.6088,3.3991,3.1439,3.1533,3.2548,3.1257,3.0806,3.1397,3.1585,3.1356,3.0941,3.0487,3.0061,2.9689,2.9371,2.9103,2.8879,2.8697,2.8554,2.8448,3.7193,3.7154,3.7169,3.7284,3.7826,3.9123,4.0958,4.2945,4.3715,4.2573,4.137,4.0504,3.9882,3.9417,3.8968,3.8276,3.7051,3.519,3.3238,3.3459,3.5203,3.4956,3.3531,3.2563,3.1816,3.1085,3.0396,2.9805,2.9326,2.8946,2.8641,2.8393,2.8191,2.8031,2.7912,2.7832,3.6907,3.678,3.6861,3.7057,3.7121,3.8365,4.0174,4.1677,4.2432,4.2328,4.1615,4.0812,4.0254,3.9966,3.9861,3.95,3.837,3.6899,3.5811,3.6177,3.8413,3.7775,3.5027,3.3031,3.1557,3.0371,2.945,2.8786,2.8327,2.8,2.7752,2.7552,2.739,2.7264,2.7178,2.7133,3.6593,3.6226,3.6003,3.5977,3.5665,3.7506,3.9882,4.1823,4.3541,4.3965,4.2476,4.1188,4.0613,4.0497,4.0918,4.118,3.955,3.8078,3.709,3.6851,3.7658,3.7073,3.473,3.2429,3.0453,2.8899,2.7864,2.7288,2.6994,2.6824,2.6693,2.6572,2.6465,2.6383,2.6338,2.6338,3.6343,3.5573,3.4002,3.0807,3.1621,3.6637,4.0103,4.243,4.6016,4.7771,4.3419,4.1386,4.0953,4.1043,4.1166,4.1343,3.9834,3.8742,3.7878,3.6988,3.6261,3.5186,3.323,3.071,2.8151,2.622,2.5312,2.5164,2.5295,2.5424,2.5472,2.5453,2.5406,2.5371,2.5375,2.5432,3.6336,3.5487,3.3777,3.1108,3.2154,3.7352,4.0883,4.2487,4.4184,4.5372,4.2563,4.1153,4.1292,4.2443,4.165,4.0316,3.959,3.9503,3.9015,3.7432,3.5716,3.3864,3.1386,2.7971,2.4093,2.1536,2.1365,2.2365,2.3308,2.3873,2.4127,2.4199,2.4199,2.4205,2.4262,2.439,3.6605,3.6076,3.5301,3.4778,3.6038,3.8977,4.1579,4.2885,4.2613,4.2121,4.1174,4.0803,4.0946,4.2948,4.1892,3.95,3.9287,4.1069,4.0918,3.7802,3.5233,3.2749,2.9542,2.4538,1.7731,1.3857,1.5988,1.9278,2.1325,2.2316,2.2706,2.2804,2.2807,2.2836,2.2955,2.318,3.699,3.6815,3.6707,3.6978,3.8008,3.965,4.1264,4.2294,4.1993,4.0944,4.0296,4.0877,4.0854,3.6869,3.8797,3.7307,3.8525,3.9941,3.9575,3.6906,3.407,3.1466,2.8139,2.2064,1.199,0.643,1.1831,1.7173,1.9805,2.0886,2.1214,2.1213,2.1146,2.1178,2.1383,2.1756,3.7331,3.7371,3.7532,3.7938,3.8665,3.9599,4.0461,4.091,4.0638,3.9915,3.9341,3.9087,3.846,3.7169,3.8005,3.7158,4.3005,3.9866,3.7816,3.4887,3.1445,2.9516,2.7436,2.2549,1.4592,1.0062,1.3351,1.7036,1.8878,1.9541,1.9558,1.9288,1.9053,1.9081,1.9441,2.0062,3.7565,3.7699,3.7927,3.8288,3.8778,3.9314,3.9743,3.9892,3.9667,3.9187,3.8807,3.7481,3.7809,3.8065,3.8454,3.9756,4.2045,3.9507,3.6874,3.2477,2.5992,2.6326,2.7036,2.4157,1.9688,1.6705,1.6517,1.7337,1.7945,1.8018,1.7541,1.6783,1.6241,1.6307,1.6994,1.8054,3.769,3.7851,3.8071,3.8356,3.8686,3.9004,3.9228,3.9282,3.9142,3.8887,3.8714,3.82,3.8079,3.8191,3.8573,3.9053,3.9246,3.8536,3.7122,3.2836,2.5244,2.5995,2.7165,2.4746,2.0916,1.7623,1.603,1.5969,1.632,1.6115,1.4992,1.3338,1.2249,1.2535,1.3937,1.5762,3.773,3.7887,3.8077,3.8295,3.8523,3.8724,3.8857,3.889,3.8823,3.8694,3.8543,3.8361,3.8226,3.829,3.8868,3.9137,3.8842,3.8906,3.9604,3.6339,3.1894,2.9687,2.7922,2.423,1.8676,1.2935,1.0759,1.2381,1.4049,1.4037,1.1972,0.8597,0.6551,0.7594,1.0422,1.3416,3.7708,3.7849,3.8006,3.8174,3.8337,3.8474,3.8565,3.8596,3.8571,3.8509,3.8432,3.8373,3.8407,3.875,4.0013,4.0545,3.9109,3.8969,3.9437,3.8508,3.5498,3.2184,2.8669,2.3371,1.4869,0.3841,0.127,0.8068,1.2101,1.2444,0.9202,0.3178,-0.0171,0.2506,0.7339,1.1577,3.7643,3.7765,3.7894,3.8024,3.8145,3.8244,3.8311,3.8342,3.8339,3.8314,3.8287,3.8294,3.8406,3.8806,3.9768,4.0057,3.898,3.8835,4.0442,4.1355,3.7339,3.3698,2.9808,2.3827,1.4388,0.2084,-0.06,0.7845,1.1751,1.2029,0.8391,0.1079,-0.2899,0.0685,0.6325,1.0959,3.755,3.7653,3.7758,3.786,3.7951,3.8025,3.8076,3.8103,3.8108,3.81,3.8093,3.8115,3.8206,3.8424,3.8728,3.8732,3.8381,3.8396,3.9228,3.9319,3.7279,3.5381,3.2657,2.6744,1.8285,1.1265,1.0256,1.1247,1.2671,1.2732,1.0223,0.5158,0.2042,0.4004,0.8039,1.179,3.7438,3.7524,3.7608,3.7687,3.7756,3.7811,3.7848,3.7867,3.7871,3.7864,3.7856,3.786,3.7892,3.7954,3.7994,3.791,3.7724,3.764,3.7711,3.7586,3.7637,3.9394,3.922,3.1918,2.2384,1.492,1.1445,1.2336,1.3501,1.3606,1.2631,1.033,0.8562,0.9041,1.11,1.3537,3.7313,3.7383,3.7449,3.7509,3.756,3.7598,3.7622,3.7631,3.7626,3.761,3.7587,3.7562,3.7538,3.7503,3.7432,3.7295,3.7108,3.6938,3.6843,3.7001,3.8429,4.287,4.4413,3.5768,2.5702,1.8384,1.4708,1.4014,1.3314,1.3631,1.4033,1.3506,1.2846,1.2984,1.4003,1.5482,3.7178,3.7234,3.7285,3.7329,3.7364,3.7387,3.7397,3.7393,3.7376,3.7345,3.7302,3.7247,3.7176,3.7082,3.6949,3.6769,3.6552,3.6337,3.6207,3.6409,3.7557,3.9902,3.995,3.4433,2.7218,2.1396,1.7644,1.5131,1.3317,1.3822,1.4927,1.5336,1.5394,1.5639,1.6282,1.724]},{"header":{"la1":42.85,"la2":41.18,"lo1":11.55,"lo2":14.05,"nx":36,"ny":24,"dx":0.07143,"dy":0.07261,"parameterCategory":2,"parameterNumber":3,"parameterNumberName":"northward_wind","parameterUnit":"m.s-1"},"data":[0.7911,0.8041,0.8158,0.8259,0.8337,0.8378,0.8359,0.8252,0.8033,0.7699,0.7272,0.6785,0.6271,0.5749,0.523,0.4717,0.4213,0.3725,0.3264,0.2847,0.2501,0.2266,0.2173,0.2223,0.2375,0.2575,0.278,0.2965,0.312,0.3245,0.334,0.3412,0.3464,0.3501,0.3526,0.3543,0.8196,0.8366,0.8527,0.8679,0.882,0.8937,0.8994,0.8935,0.8706,0.8293,0.7741,0.7117,0.6477,0.5848,0.5232,0.4625,0.4021,0.3428,0.2855,0.2316,0.1847,0.1526,0.1442,0.1599,0.1903,0.2248,0.2565,0.2827,0.3032,0.3187,0.3301,0.3382,0.3438,0.3476,0.3501,0.3516,0.8507,0.8726,0.8937,0.9148,0.9374,0.9616,0.9826,0.9888,0.9668,0.9125,0.8359,0.7523,0.6712,0.5953,0.523,0.4514,0.3789,0.3061,0.2346,0.1642,0.0952,0.0435,0.0359,0.0744,0.1334,0.1905,0.237,0.2721,0.2976,0.3157,0.3282,0.3368,0.3424,0.3459,0.348,0.3492,0.885,0.9127,0.9393,0.9663,0.9986,1.0418,1.093,1.1298,1.1152,1.035,0.9177,0.7994,0.6956,0.6055,0.5226,0.4394,0.3514,0.2599,0.1718,0.0843,-0.0229,-0.1258,-0.1316,-0.0389,0.0722,0.1611,0.2243,0.2675,0.2968,0.3164,0.3292,0.3374,0.3423,0.3451,0.3465,0.347,0.9232,0.9591,0.9917,1.0223,1.0612,1.1286,1.2372,1.3515,1.3643,1.2224,1.0206,0.8469,0.7161,0.6136,0.5227,0.4289,0.3208,0.1978,0.0855,0.0008,-0.1481,-0.3787,-0.3706,-0.1573,0.0289,0.1496,0.225,0.2725,0.3027,0.3217,0.3333,0.3401,0.3436,0.3451,0.3453,0.3449,0.9661,1.0155,1.0578,1.0874,1.1192,1.2012,1.3962,1.6925,1.7943,1.4881,1.1217,0.8772,0.7247,0.6173,0.5249,0.426,0.2967,0.116,-0.0694,-0.0998,-0.17,-0.5232,-0.4908,-0.1738,0.0455,0.1712,0.2449,0.2894,0.3163,0.3321,0.3407,0.3448,0.346,0.3455,0.3442,0.3425,1.0121,1.0857,1.1525,1.1816,1.1755,1.2239,1.4635,1.9888,2.2548,1.6707,1.1385,0.8633,0.7146,0.6146,0.5291,0.4373,0.3068,0.0781,-0.2526,-0.2283,-0.0074,-0.132,-0.1581,0.0016,0.1396,0.2287,0.2842,0.3179,0.3374,0.3473,0.3511,0.3511,0.349,0.346,0.3427,0.3396,1.052,1.1627,1.2904,1.3485,1.2565,1.1873,1.3079,1.6641,1.8299,1.3854,0.9939,0.7979,0.6899,0.6064,0.5271,0.4533,0.3639,0.2051,-0.0032,0.0655,0.3712,0.3865,0.2621,0.235,0.2665,0.3061,0.337,0.3561,0.365,0.3666,0.3636,0.3582,0.352,0.3458,0.3402,0.3355,1.0665,1.2038,1.4087,1.5588,1.3359,1.1197,1.0586,1.0837,1.0408,0.8861,0.7727,0.717,0.6717,0.5991,0.4913,0.4237,0.4139,0.3718,0.3343,0.4692,0.824,0.7595,0.5028,0.3957,0.3759,0.3857,0.3976,0.402,0.3983,0.3891,0.3773,0.3651,0.3538,0.3439,0.3358,0.3296,1.0417,1.1579,1.3069,1.3902,1.2182,1.0206,0.8645,0.7254,0.5423,0.4625,0.5743,0.6656,0.6937,0.6268,0.374,0.2303,0.4159,0.4696,0.476,0.5542,0.7304,0.7034,0.55,0.4741,0.4596,0.4663,0.4683,0.4575,0.4373,0.4136,0.3906,0.3701,0.3529,0.3392,0.3286,0.3209,0.9888,1.0676,1.1366,1.1634,1.1274,0.9345,0.7386,0.558,0.2019,0.0234,0.4439,0.6703,0.7882,0.7998,0.4974,0.2552,0.494,0.5456,0.5353,0.5369,0.5639,0.559,0.5243,0.5175,0.5445,0.5704,0.5647,0.5292,0.4827,0.4383,0.4008,0.3707,0.3473,0.3297,0.3171,0.3085,0.9258,0.9831,1.0463,1.117,1.0693,0.8418,0.6623,0.5696,0.3791,0.2409,0.508,0.7226,0.9292,1.1768,1.0158,0.7492,0.6688,0.6147,0.573,0.5311,0.5023,0.4919,0.5073,0.5724,0.6807,0.7513,0.7176,0.6246,0.5317,0.4583,0.4038,0.3637,0.3344,0.3135,0.2995,0.2911,0.8591,0.8961,0.9313,0.9453,0.878,0.7349,0.625,0.6025,0.568,0.5164,0.6034,0.7573,0.9215,1.3019,1.18,0.9303,0.7936,0.6208,0.5886,0.5189,0.4524,0.4349,0.4881,0.6498,0.9268,1.0912,0.9512,0.7321,0.5698,0.4637,0.3932,0.3446,0.3106,0.2878,0.2739,0.2671,0.7934,0.8108,0.8184,0.8021,0.7472,0.6687,0.6097,0.5923,0.5708,0.5385,0.5858,0.7671,0.8387,0.8306,0.9483,1.1414,0.9669,0.6853,0.5737,0.4541,0.3504,0.3301,0.4224,0.6814,1.1756,1.4714,1.1436,0.7811,0.5652,0.4406,0.3622,0.3087,0.272,0.249,0.2375,0.2349,0.7336,0.7378,0.7316,0.7094,0.6698,0.6224,0.5829,0.554,0.5138,0.4539,0.4216,0.4867,0.5503,0.3627,0.8263,1.1827,0.8676,0.6926,0.4809,0.2884,0.1286,0.1244,0.2723,0.5458,0.9778,1.2326,0.9831,0.6779,0.4912,0.381,0.3069,0.252,0.2134,0.1921,0.1866,0.1923,0.6822,0.6788,0.6672,0.6456,0.6149,0.5792,0.5427,0.5013,0.438,0.3202,0.1163,0.1672,0.2967,0.4436,0.6098,0.7518,0.7316,0.5205,0.272,0.0372,-0.249,-0.1766,0.0816,0.3129,0.5366,0.6539,0.582,0.4547,0.3615,0.2932,0.2298,0.1698,0.1261,0.1091,0.1166,0.1379,0.6388,0.6313,0.6177,0.5972,0.5706,0.539,0.5025,0.4563,0.3888,0.2786,0.1308,0.1796,0.1684,0.1541,0.3321,0.3919,0.3474,0.1252,-0.0998,-0.1632,-0.327,-0.2509,-0.0279,0.1246,0.2055,0.2152,0.1983,0.2066,0.2204,0.2013,0.1384,0.0535,-0.0067,-0.0126,0.0227,0.0721,0.6021,0.5924,0.5779,0.5583,0.5337,0.5042,0.469,0.4257,0.3703,0.3032,0.2445,0.2111,0.1203,0.071,-0.0126,-0.098,-0.0654,-0.352,-0.6845,-0.3968,-0.2648,-0.1819,-0.0743,-0.0074,-0.0481,-0.1924,-0.2182,-0.0395,0.1134,0.1385,0.0437,-0.1132,-0.211,-0.1837,-0.0912,0.0024,0.5709,0.5599,0.545,0.526,0.5028,0.4751,0.4425,0.4041,0.3596,0.311,0.2624,0.2073,0.1214,-0.059,-0.6318,-0.8837,-0.3749,-0.4575,-0.6628,-0.6315,-0.4188,-0.244,-0.1361,-0.0986,-0.2449,-0.7115,-0.8164,-0.2284,0.1116,0.1471,-0.0267,-0.3193,-0.4737,-0.3714,-0.1942,-0.0513,0.5441,0.5324,0.5173,0.4988,0.4767,0.4508,0.4207,0.3862,0.3473,0.3039,0.2542,0.1886,0.0815,-0.1398,-0.5814,-0.7327,-0.4271,-0.4708,-0.8657,-1.0477,-0.5873,-0.3437,-0.2178,-0.1324,-0.2024,-0.7302,-0.8645,0.0568,0.3333,0.2697,0.0046,-0.3958,-0.5883,-0.4379,-0.2213,-0.0616,0.5209,0.5087,0.4937,0.4758,0.4546,0.4301,0.4021,0.3702,0.3341,0.2925,0.2422,0.1753,0.0763,-0.0755,-0.2593,-0.3401,-0.3254,-0.4208,-0.6653,-0.7507,-0.5636,-0.4717,-0.3883,-0.1729,0.1008,0.4777,1.2858,1.1557,0.7484,0.4948,0.1981,-0.1607,-0.3518,-0.285,-0.1394,-0.0176,0.5007,0.4883,0.4735,0.456,0.4358,0.4125,0.3861,0.3561,0.3219,0.2821,0.2341,0.1734,0.0944,-0.0034,-0.1023,-0.1723,-0.2258,-0.3117,-0.4262,-0.4983,-0.5729,-0.7986,-0.8414,-0.3798,0.2502,1.1248,2.1742,1.6572,0.9826,0.7262,0.4584,0.1726,-0.01,-0.0448,0.0001,0.0608,0.483,0.4706,0.456,0.4391,0.4196,0.3975,0.3725,0.3442,0.3119,0.2747,0.2308,0.1784,0.1162,0.0465,-0.023,-0.0857,-0.147,-0.2193,-0.3049,-0.4132,-0.6357,-1.0936,-1.2365,-0.5895,0.1575,0.8503,1.3154,1.1621,0.9899,0.8982,0.6524,0.4028,0.2299,0.1483,0.1307,0.1434,0.4676,0.4552,0.4409,0.4245,0.4059,0.3849,0.3612,0.3346,0.3045,0.2702,0.231,0.1861,0.1356,0.0812,0.0257,-0.0292,-0.0859,-0.1496,-0.2277,-0.3409,-0.5387,-0.8178,-0.8592,-0.4474,0.0895,0.5493,0.8347,0.9243,0.9823,0.915,0.7088,0.5058,0.3574,0.2683,0.2255,0.2117]}]