docs/data/wind_grid.json
{"header": {"la1":42.1,"la2":41.55,"lo1":12.1,"lo2":12.95,"nx":50,"ny":50,"dx":0.01735,"dy":0.01122,"parameterCategory":2,"parameterNumber":2,"parameterNumberName":"eastward_wind","parameterUnit":"m.s-1"}, "data":
[rows 0 to 45 of 50, columns 0 to 49 of 50]
1.6793,1.6702,1.66,1.6486,1.6358,1.6217,1.6061,1.5891,1.5707,1.5509,1.5299,1.5079,1.4851,1.462,1.4389,1.4165,1.3954,1.3762,1.3596,1.3463,1.3368,1.3314,1.3305,1.334,1.3417,1.3532,1.3681,1.3857,1.4055,1.4269,1.4494,1.4724,1.4956,1.5183,1.5402,1.5607,1.5793,1.5957,1.6095,1.6205,1.6286,1.6342,1.6374,1.6387,1.6384,1.637,1.6349,1.6323,1.6295,1.6267
1.6856,1.6766,1.6663,1.6546,1.6416,1.6271,1.611,1.5932,1.5739,1.553,1.5306,1.507,1.4824,1.4573,1.4321,1.4074,1.384,1.3626,1.3441,1.3292,1.3185,1.3126,1.3116,1.3157,1.3244,1.3374,1.354,1.3736,1.3956,1.4192,1.4438,1.469,1.4942,1.519,1.5427,1.565,1.5852,1.6028,1.6175,1.6289,1.6372,1.6425,1.6452,1.6458,1.6448,1.6426,1.6398,1.6365,1.633,1.6296
1.6924,1.6834,1.6731,1.6614,1.6481,1.6332,1.6165,1.5981,1.5778,1.5557,1.532,1.5067,1.4801,1.4528,1.4252,1.3979,1.372,1.3481,1.3273,1.3105,1.2985,1.2918,1.2908,1.2955,1.3055,1.3201,1.3388,1.3607,1.385,1.411,1.438,1.4655,1.4929,1.5198,1.5456,1.5697,1.5916,1.6106,1.6262,1.6381,1.6465,1.6515,1.6536,1.6534,1.6514,1.6484,1.6447,1.6406,1.6365,1.6325
1.6997,1.6908,1.6805,1.6687,1.6553,1.6401,1.6229,1.6038,1.5826,1.5593,1.534,1.5069,1.4783,1.4485,1.4182,1.3881,1.3592,1.3325,1.309,1.29,1.2764,1.2689,1.2679,1.2733,1.2847,1.3014,1.3224,1.3469,1.3738,1.4024,1.4319,1.4618,1.4915,1.5207,1.5486,1.5748,1.5985,1.6189,1.6355,1.648,1.6564,1.661,1.6623,1.6612,1.6583,1.6542,1.6496,1.6447,1.6399,1.6354
1.7076,1.6988,1.6886,1.6768,1.6633,1.6478,1.6302,1.6104,1.5883,1.5638,1.537,1.508,1.477,1.4447,1.4114,1.3781,1.3458,1.3157,1.2892,1.2676,1.2521,1.2436,1.2425,1.2488,1.262,1.281,1.3047,1.3321,1.3619,1.3933,1.4255,1.4579,1.4901,1.5216,1.5518,1.5801,1.6057,1.6278,1.6455,1.6585,1.6669,1.6709,1.6714,1.6692,1.6651,1.66,1.6544,1.6487,1.6432,1.638
1.716,1.7074,1.6974,1.6857,1.6721,1.6564,1.6384,1.618,1.595,1.5693,1.5409,1.5099,1.4766,1.4413,1.4048,1.3679,1.3318,1.2978,1.2677,1.243,1.2252,1.2155,1.2144,1.2218,1.237,1.2588,1.2857,1.3163,1.3493,1.3837,1.4188,1.4538,1.4885,1.5224,1.5549,1.5855,1.6132,1.637,1.6559,1.6695,1.6777,1.6811,1.6806,1.6772,1.6719,1.6657,1.6591,1.6525,1.6462,1.6405
1.7249,1.7167,1.7069,1.6953,1.6818,1.666,1.6477,1.6268,1.6029,1.576,1.5461,1.513,1.4771,1.4388,1.3986,1.3576,1.3171,1.2787,1.2443,1.2159,1.1954,1.1842,1.1831,1.1919,1.2096,1.2346,1.2652,1.2996,1.3362,1.3739,1.4118,1.4496,1.4867,1.5229,1.5579,1.5908,1.6206,1.6463,1.6666,1.6808,1.6888,1.6915,1.6898,1.6851,1.6785,1.6711,1.6634,1.656,1.649,1.6427
1.7344,1.7266,1.7172,1.7059,1.6924,1.6767,1.6582,1.6368,1.6122,1.5842,1.5526,1.5174,1.4788,1.4372,1.3931,1.3476,1.3021,1.2584,1.2189,1.186,1.1622,1.1493,1.1482,1.1587,1.1795,1.2085,1.2434,1.282,1.3225,1.3637,1.4047,1.4451,1.4846,1.5231,1.5604,1.5956,1.6278,1.6554,1.6771,1.692,1.6999,1.7017,1.6987,1.6926,1.6847,1.676,1.6673,1.659,1.6514,1.6445
1.7445,1.7372,1.7282,1.7173,1.7041,1.6884,1.6699,1.6482,1.6229,1.5938,1.5607,1.5234,1.482,1.4369,1.3885,1.3379,1.2867,1.237,1.1914,1.1531,1.1252,1.1101,1.1092,1.1219,1.1466,1.1803,1.2203,1.2637,1.3086,1.3535,1.3976,1.4405,1.4822,1.5228,1.5622,1.5997,1.6342,1.664,1.6872,1.7027,1.7104,1.7113,1.7071,1.6995,1.6902,1.6803,1.6706,1.6616,1.6534,1.646
1.7552,1.7485,1.74,1.7296,1.7168,1.7014,1.683,1.661,1.6353,1.6053,1.5707,1.5313,1.4871,1.4382,1.3852,1.329,1.2714,1.2146,1.1618,1.1169,1.0839,1.0661,1.0654,1.081,1.1105,1.1501,1.196,1.245,1.2946,1.3433,1.3905,1.4358,1.4795,1.5219,1.5631,1.6027,1.6394,1.6713,1.6962,1.7125,1.72,1.72,1.7144,1.7054,1.6948,1.6838,1.6733,1.6635,1.6548,1.6471
1.7665,1.7604,1.7526,1.7428,1.7306,1.7157,1.6975,1.6755,1.6494,1.6186,1.5827,1.5413,1.4943,1.4416,1.3836,1.3214,1.2565,1.1915,1.1301,1.077,1.0376,1.0165,1.0161,1.0356,1.0713,1.1181,1.171,1.2261,1.2808,1.3336,1.3837,1.4311,1.4764,1.5201,1.5627,1.604,1.6429,1.6769,1.7035,1.7206,1.728,1.7271,1.7203,1.71,1.6983,1.6863,1.675,1.6648,1.6556,1.6477
1.7784,1.7731,1.7661,1.7571,1.7456,1.7312,1.7135,1.6918,1.6656,1.6342,1.5972,1.5539,1.5041,1.4475,1.3845,1.3157,1.2428,1.1683,1.0966,1.0334,0.9858,0.9604,0.9606,0.9853,1.0289,1.0845,1.1456,1.2077,1.2679,1.3246,1.3775,1.4267,1.473,1.5174,1.5609,1.6034,1.644,1.6799,1.7082,1.7262,1.7336,1.732,1.7242,1.7129,1.7003,1.6876,1.6758,1.6652,1.6558,1.6477
1.7908,1.7864,1.7804,1.7723,1.7617,1.7482,1.7311,1.7099,1.6838,1.6521,1.6142,1.5693,1.5169,1.4565,1.3883,1.3126,1.2309,1.1458,1.0618,0.986,0.9278,0.8968,0.898,0.9297,0.9837,1.05,1.1207,1.1904,1.2562,1.3169,1.3722,1.4227,1.4694,1.5139,1.5574,1.6005,1.6422,1.6798,1.7095,1.7286,1.7362,1.7342,1.7258,1.7138,1.7006,1.6876,1.6756,1.6648,1.6554,1.6472
1.8038,1.8004,1.7954,1.7884,1.779,1.7665,1.7503,1.7299,1.7043,1.6727,1.6342,1.588,1.5333,1.4693,1.3959,1.3132,1.2222,1.1252,1.0268,0.9354,0.8633,0.8246,0.8275,0.8689,0.9364,1.0159,1.0974,1.1751,1.2466,1.311,1.3683,1.4195,1.466,1.5097,1.5524,1.5951,1.6371,1.6758,1.7069,1.7269,1.735,1.7331,1.7245,1.7124,1.6991,1.6861,1.6741,1.6635,1.6542,1.6462
1.8172,1.815,1.8113,1.8056,1.7974,1.7862,1.7713,1.7519,1.7271,1.6959,1.6574,1.6103,1.5537,1.4865,1.4083,1.3186,1.2181,1.1083,0.9935,0.8828,0.7923,0.743,0.7485,0.8036,0.8886,0.9838,1.077,1.163,1.2398,1.3073,1.3662,1.4174,1.4629,1.5049,1.5459,1.5872,1.6287,1.6676,1.6996,1.7207,1.7296,1.7284,1.7202,1.7086,1.6957,1.6831,1.6716,1.6612,1.6523,1.6446
1.8312,1.8302,1.8279,1.8236,1.817,1.8073,1.7939,1.776,1.7524,1.7221,1.6839,1.6365,1.5786,1.5088,1.4262,1.3301,1.2204,1.0977,0.965,0.8309,0.7159,0.6515,0.6612,0.7358,0.8434,0.9565,1.0617,1.1551,1.2365,1.3065,1.3661,1.4168,1.4605,1.5001,1.5382,1.5771,1.617,1.6554,1.6878,1.7098,1.7199,1.7198,1.7129,1.7023,1.6904,1.6787,1.6679,1.6582,1.6497,1.6424
1.8455,1.846,1.8451,1.8425,1.8376,1.8298,1.8183,1.8021,1.7802,1.7513,1.7141,1.667,1.6084,1.5369,1.4508,1.3491,1.2312,1.0965,0.9457,0.7852,0.6379,0.5517,0.5678,0.6701,0.8057,0.9376,1.0536,1.1529,1.2375,1.309,1.3686,1.4179,1.4592,1.4954,1.53,1.5654,1.6027,1.6396,1.6717,1.6945,1.7061,1.7078,1.7026,1.6938,1.6834,1.6729,1.6631,1.6543,1.6465,1.6398
1.8601,1.8621,1.8629,1.8622,1.8592,1.8535,1.8442,1.8302,1.8105,1.7835,1.7479,1.7019,1.6436,1.5712,1.4828,1.377,1.2526,1.1084,0.9423,0.7549,0.5677,0.4499,0.4757,0.616,0.7832,0.9317,1.055,1.1574,1.2433,1.3149,1.3737,1.421,1.4592,1.4915,1.5217,1.5529,1.5866,1.6211,1.6524,1.6757,1.6889,1.6928,1.69,1.6833,1.6749,1.666,1.6575,1.6497,1.6428,1.6368
1.875,1.8786,1.8813,1.8825,1.8818,1.8784,1.8716,1.8603,1.8431,1.8188,1.7854,1.7413,1.6844,1.6123,1.5229,1.4147,1.2865,1.1369,0.962,0.7547,0.5256,0.3649,0.4044,0.591,0.7862,0.9436,1.0679,1.1693,1.254,1.3244,1.3814,1.4262,1.4608,1.4886,1.514,1.5404,1.5699,1.6014,1.6312,1.6548,1.6696,1.6759,1.6757,1.6715,1.6653,1.6582,1.6512,1.6446,1.6387,1.6334
1.8901,1.8954,1.9,1.9034,1.9051,1.9044,1.9004,1.8921,1.8781,1.8568,1.8266,1.7853,1.7307,1.6602,1.5715,1.4628,1.3336,1.1841,1.0113,0.8026,0.5489,0.3443,0.3976,0.6223,0.8258,0.9767,1.093,1.1885,1.2694,1.337,1.3915,1.4331,1.4638,1.487,1.5072,1.5287,1.5537,1.5819,1.6098,1.6332,1.6494,1.658,1.6605,1.6589,1.6549,1.6498,1.6444,1.6391,1.6342,1.6297
1.9052,1.9123,1.9189,1.9246,1.9289,1.9312,1.9304,1.9255,1.9151,1.8975,1.871,1.8334,1.7823,1.7151,1.6288,1.5215,1.3939,1.2494,1.091,0.9105,0.6862,0.4797,0.5304,0.738,0.9073,1.0306,1.1292,1.2142,1.2886,1.3521,1.4033,1.4415,1.468,1.4866,1.5019,1.5184,1.5391,1.5637,1.5895,1.6124,1.6295,1.6401,1.6451,1.646,1.6443,1.6411,1.6373,1.6333,1.6295,1.6259
1.9202,1.9292,1.9379,1.9461,1.9532,1.9586,1.9613,1.9602,1.9538,1.9405,1.9183,1.8852,1.8389,1.7764,1.6944,1.5904,1.466,1.3292,1.1931,1.0674,0.9473,0.8416,0.8483,0.9362,1.0222,1.0998,1.1736,1.2445,1.3106,1.3689,1.4161,1.4505,1.4731,1.4872,1.4979,1.51,1.5266,1.5479,1.5715,1.5935,1.6111,1.6232,1.6303,1.6334,1.6338,1.6324,1.6302,1.6275,1.6247,1.622
1.9351,1.9459,1.9568,1.9676,1.9776,1.9863,1.9928,1.9959,1.9939,1.9852,1.9679,1.94,1.8995,1.8433,1.7676,1.6688,1.5483,1.4181,1.3029,1.2344,1.2399,1.2838,1.2311,1.1592,1.1473,1.1749,1.2218,1.2772,1.3339,1.3861,1.4289,1.4596,1.4783,1.4884,1.4952,1.5035,1.5167,1.535,1.5563,1.5771,1.5947,1.6079,1.6165,1.6215,1.6236,1.624,1.6232,1.6217,1.6199,1.6181
1.9496,1.9623,1.9755,1.9888,2.0019,2.0141,2.0246,2.0321,2.0349,2.0312,2.0191,1.9968,1.9628,1.9146,1.8475,1.7559,1.6394,1.5118,1.4064,1.3699,1.4403,1.5479,1.479,1.3314,1.2567,1.2458,1.2695,1.3102,1.3573,1.4029,1.4409,1.4677,1.4829,1.4898,1.4935,1.499,1.5094,1.5251,1.5442,1.5636,1.5808,1.5944,1.6042,1.6105,1.6142,1.616,1.6165,1.6161,1.6153,1.6142
1.9637,1.9783,1.9936,2.0096,2.0257,2.0415,2.0562,2.0683,2.0762,2.0777,2.0709,2.0543,2.0273,1.9883,1.9324,1.8507,1.7386,1.6088,1.4988,1.4609,1.5247,1.613,1.5611,1.4263,1.3366,1.3059,1.3133,1.3417,1.3796,1.4183,1.4513,1.4742,1.4864,1.4908,1.4924,1.496,1.5044,1.518,1.535,1.5529,1.5693,1.583,1.5934,1.6008,1.6057,1.6086,1.6102,1.6108,1.6108,1.6105
1.9771,1.9936,2.0111,2.0296,2.0488,2.0682,2.0871,2.1041,2.1173,2.1242,2.1225,2.1111,2.0908,2.062,2.0198,1.9515,1.8457,1.7105,1.5848,1.5222,1.5456,1.5928,1.5596,1.4654,1.3889,1.3539,1.352,1.3708,1.4002,1.4321,1.4598,1.4789,1.4886,1.4914,1.4919,1.4944,1.5014,1.5133,1.5284,1.5448,1.5603,1.5736,1.5843,1.5923,1.5981,1.6019,1.6044,1.6059,1.6067,1.607
1.9899,2.008,2.0276,2.0486,2.0708,2.0938,2.1169,2.1389,2.1574,2.1698,2.1731,2.166,2.1512,2.1326,2.1065,2.0554,1.959,1.8184,1.6723,1.5763,1.5541,1.5639,1.54,1.4797,1.4232,1.3919,1.3855,1.3971,1.419,1.4442,1.4666,1.482,1.4896,1.4915,1.4917,1.4938,1.5,1.5105,1.5241,1.539,1.5534,1.5662,1.5768,1.5852,1.5914,1.596,1.5992,1.6014,1.6028,1.6037
2.0017,2.0215,2.043,2.0662,2.0912,2.1177,2.145,2.1719,2.196,2.214,2.2219,2.2178,2.2063,2.1968,2.1884,2.1577,2.0739,1.9306,1.7655,1.6377,1.5758,1.5549,1.5303,1.4896,1.449,1.423,1.4147,1.4208,1.4361,1.4549,1.4721,1.4842,1.4901,1.4916,1.492,1.4942,1.4999,1.5094,1.5216,1.535,1.5483,1.5604,1.5708,1.5792,1.5858,1.5909,1.5946,1.5974,1.5993,1.6007
2.0126,2.0338,2.057,2.0823,2.1099,2.1395,2.1707,2.2023,2.232,2.2558,2.2683,2.2659,2.2545,2.2514,2.2607,2.2517,2.1819,2.0393,1.8614,1.709,1.6159,1.5693,1.5375,1.5041,1.4726,1.4505,1.4408,1.4424,1.4518,1.4648,1.4772,1.486,1.4905,1.492,1.4928,1.4953,1.5008,1.5094,1.5204,1.5326,1.5448,1.5561,1.5661,1.5744,1.5812,1.5865,1.5907,1.5938,1.5962,1.598
2.0224,2.0448,2.0694,2.0966,2.1264,2.1588,2.1934,2.2294,2.2643,2.294,2.3115,2.31,2.2951,2.2939,2.3186,2.3285,2.2712,2.1326,1.9503,1.7837,1.6688,1.6014,1.559,1.5253,1.4968,1.4761,1.4648,1.4624,1.4667,1.4744,1.4824,1.4884,1.4917,1.4931,1.4943,1.4972,1.5025,1.5105,1.5205,1.5315,1.5426,1.5531,1.5626,1.5707,1.5774,1.5829,1.5873,1.5908,1.5935,1.5957
2.0309,2.0543,2.0802,2.1088,2.1403,2.1749,2.2124,2.252,2.2917,2.3271,2.3499,2.3496,2.3282,2.3228,2.3569,2.3792,2.3304,2.1994,2.022,1.8524,1.7253,1.6429,1.5898,1.5517,1.5224,1.5009,1.4874,1.4813,1.481,1.4841,1.4883,1.4918,1.4939,1.4951,1.4967,1.4998,1.505,1.5124,1.5214,1.5314,1.5415,1.5512,1.5601,1.5679,1.5745,1.58,1.5846,1.5883,1.5912,1.5936
2.0382,2.0623,2.0891,2.1187,2.1516,2.1878,2.2273,2.2695,2.3127,2.3526,2.3806,2.3826,2.3544,2.3387,2.3723,2.3976,2.3544,2.2349,2.0709,1.908,1.7778,1.6864,1.6246,1.581,1.5487,1.525,1.5089,1.4994,1.4951,1.4943,1.4952,1.4964,1.4974,1.4984,1.5001,1.5032,1.5082,1.5149,1.5231,1.5321,1.5413,1.5502,1.5585,1.5659,1.5723,1.5778,1.5824,1.5862,1.5893,1.5919
2.0442,2.0688,2.0961,2.1264,2.1599,2.1969,2.2375,2.2811,2.3261,2.3686,2.3998,2.4042,2.372,2.3443,2.3666,2.3863,2.3473,2.2426,2.0973,1.948,1.8216,1.7268,1.6593,1.6108,1.575,1.5485,1.5296,1.5168,1.5091,1.505,1.5031,1.5023,1.5022,1.5027,1.5043,1.5073,1.5119,1.5181,1.5254,1.5335,1.5419,1.55,1.5577,1.5647,1.5708,1.5762,1.5807,1.5846,1.5878,1.5905
2.0488,2.0736,2.1011,2.1316,2.1653,2.2024,2.243,2.2865,2.3313,2.3736,2.4048,2.4098,2.3778,2.3427,2.3479,2.3563,2.3202,2.2308,2.1059,1.9733,1.8553,1.7616,1.6914,1.6393,1.6004,1.5711,1.5494,1.5338,1.5232,1.5162,1.5119,1.5094,1.5082,1.5081,1.5094,1.512,1.5162,1.5217,1.5283,1.5356,1.5431,1.5505,1.5576,1.5641,1.5699,1.5751,1.5795,1.5834,1.5867,1.5895
2.0521,2.0769,2.1043,2.1345,2.1678,2.2043,2.2439,2.2859,2.3287,2.3682,2.3963,2.3998,2.3708,2.335,2.3252,2.3205,2.2852,2.2089,2.1027,1.9869,1.8795,1.7899,1.7195,1.6655,1.6241,1.5924,1.5683,1.5502,1.5371,1.5279,1.5216,1.5175,1.5152,1.5144,1.5151,1.5174,1.521,1.5258,1.5317,1.5381,1.5448,1.5516,1.558,1.5641,1.5696,1.5745,1.5788,1.5826,1.5859,1.5887
2.0541,2.0786,2.1056,2.1352,2.1676,2.2028,2.2406,2.2801,2.3194,2.3544,2.3777,2.3791,2.3544,2.3215,2.3022,2.2862,2.2498,2.1833,2.0927,1.9922,1.8957,1.8118,1.7431,1.6886,1.6458,1.6122,1.5862,1.5661,1.5509,1.5398,1.5318,1.5263,1.523,1.5214,1.5215,1.5232,1.5262,1.5303,1.5354,1.5411,1.5471,1.5531,1.559,1.5646,1.5697,1.5744,1.5785,1.5822,1.5854,1.5882
2.0548,2.0788,2.1051,2.1338,2.1649,2.1983,2.2337,2.2699,2.3049,2.3348,2.3532,2.3529,2.3324,2.3034,2.2791,2.2553,2.2175,2.1578,2.0795,1.9919,1.9058,1.8282,1.7625,1.7086,1.6652,1.6305,1.6029,1.5813,1.5645,1.5517,1.5423,1.5357,1.5313,1.529,1.5284,1.5294,1.5317,1.5352,1.5395,1.5444,1.5497,1.5551,1.5604,1.5655,1.5703,1.5746,1.5786,1.5821,1.5852,1.588
2.0543,2.0777,2.1031,2.1305,2.16,2.1913,2.2239,2.2565,2.287,2.3118,2.326,2.3246,2.3074,2.2818,2.2557,2.2274,2.1886,2.134,2.065,1.9882,1.9112,1.8401,1.7779,1.7256,1.6823,1.6471,1.6186,1.5957,1.5777,1.5637,1.5531,1.5453,1.5401,1.5369,1.5356,1.5359,1.5375,1.5403,1.5439,1.5481,1.5527,1.5575,1.5622,1.5668,1.5712,1.5753,1.579,1.5823,1.5854,1.5881
2.0528,2.0753,2.0996,2.1256,2.1533,2.1822,2.2118,2.2407,2.2669,2.2873,2.298,2.2959,2.2812,2.2583,2.2319,2.2016,2.1627,2.1121,2.0505,1.9824,1.9134,1.8483,1.79,1.7397,1.6973,1.662,1.633,1.6093,1.5904,1.5754,1.5638,1.5551,1.549,1.5451,1.5431,1.5426,1.5436,1.5456,1.5485,1.552,1.556,1.5601,1.5644,1.5685,1.5725,1.5762,1.5797,1.5829,1.5857,1.5883
2.0503,2.0718,2.0948,2.1193,2.145,2.1715,2.1981,2.2234,2.2457,2.2623,2.2703,2.2677,2.2546,2.2338,2.208,2.1772,2.1391,2.0919,2.0363,1.9753,1.9132,1.8536,1.7993,1.7514,1.7102,1.6753,1.6462,1.6221,1.6025,1.5867,1.5744,1.5649,1.5581,1.5534,1.5507,1.5495,1.5498,1.5511,1.5533,1.5562,1.5595,1.5631,1.5668,1.5705,1.574,1.5775,1.5807,1.5836,1.5864,1.5888
2.0469,2.0673,2.089,2.1119,2.1356,2.1596,2.1832,2.2053,2.2241,2.2375,2.2434,2.2403,2.2284,2.2091,2.1843,2.154,2.1173,2.0733,2.0226,1.9676,1.9113,1.8568,1.8062,1.7609,1.7212,1.6871,1.6581,1.6339,1.6139,1.5976,1.5847,1.5746,1.567,1.5617,1.5583,1.5565,1.556,1.5567,1.5583,1.5605,1.5632,1.5662,1.5694,1.5727,1.5759,1.579,1.5819,1.5846,1.5872,1.5895
2.0427,2.062,2.0824,2.1035,2.1252,2.1469,2.1678,2.1868,2.2026,2.2134,2.2175,2.214,2.2028,2.1848,2.1611,2.1319,2.0969,2.0559,2.0095,1.9595,1.9083,1.8583,1.8113,1.7686,1.7306,1.6974,1.669,1.6448,1.6247,1.6081,1.5946,1.584,1.5759,1.5699,1.5659,1.5634,1.5623,1.5624,1.5633,1.5649,1.5671,1.5696,1.5723,1.5751,1.5779,1.5807,1.5833,1.5859,1.5882,1.5904
2.0378,2.056,2.0749,2.0945,2.1142,2.1336,2.152,2.1684,2.1815,2.1901,2.1928,2.1888,2.1781,2.1612,2.1386,2.1108,2.0778,2.0396,1.9969,1.9513,1.9046,1.8586,1.8149,1.7747,1.7385,1.7065,1.6787,1.6549,1.6347,1.6179,1.6041,1.5931,1.5845,1.578,1.5734,1.5703,1.5686,1.5681,1.5684,1.5695,1.5711,1.573,1.5753,1.5777,1.5801,1.5826,1.585,1.5873,1.5894,1.5915
2.0324,2.0494,2.067,2.0849,2.1027,2.1201,2.1362,2.1502,2.1611,2.1678,2.1692,2.1649,2.1545,2.1384,2.1171,2.0908,2.0597,2.0242,1.9849,1.9431,1.9002,1.8578,1.8172,1.7795,1.7451,1.7144,1.6874,1.664,1.644,1.6272,1.6132,1.6018,1.5928,1.5859,1.5807,1.5771,1.5749,1.5738,1.5735,1.5741,1.5751,1.5766,1.5784,1.5804,1.5825,1.5846,1.5868,1.5888,1.5908,1.5927
2.0265,2.0423,2.0586,2.0749,2.091,2.1064,2.1205,2.1324,2.1414,2.1465,2.1469,2.1421,2.1321,2.1168,2.0966,2.0718,2.0427,2.0096,1.9734,1.9349,1.8955,1.8563,1.8186,1.7832,1.7506,1.7212,1.6952,1.6723,1.6526,1.6358,1.6218,1.6102,1.6008,1.5935,1.5879,1.5838,1.5811,1.5794,1.5787,1.5787,1.5793,1.5803,1.5817,1.5833,1.585,1.5869,1.5887,1.5905,1.5923,1.594
2.0202,2.0349,2.0498,2.0647,2.0792,2.0928,2.105,2.1151,2.1224,2.1262,2.1257,2.1207,2.1108,2.0962,2.0771,2.0538,2.0266,1.9959,1.9623,1.9269,1.8905,1.8543,1.8192,1.786,1.7552,1.7271,1.702,1.6798,1.6605,1.6439,1.6298,1.6181,1.6085,1.6008,1.5948,1.5903,1.5871,1.585,1.5838,1.5833,1.5834,1.5841,1.585,1.5863,1.5877,1.5892,1.5908,1.5923,1.5939,1.5954
