docs/data/wind_grid.json
[{"header":{"la1":42.85,"la2":41.18,"lo1":11.55,"lo2":14.05,"nx":36,"ny":24,"dx":0.07143,"dy":0.07261,"parameterCategory":2,"parameterNumber":2,"parameterNumberName":"eastward_wind","parameterUnit":"m.s-1"},"data":[-0.6839,-0.6966,-0.7104,-0.7247,-0.7385,-0.7497,-0.7556,-0.7531,-0.7401,-0.7161,-0.683,-0.6439,-0.6021,-0.5599,-0.519,-0.4806,-0.4462,-0.4175,-0.3965,-0.3844,-0.3809,-0.3845,-0.3924,-0.4023,-0.4123,-0.4213,-0.4288,-0.4346,-0.4388,-0.4415,-0.4429,-0.4434,-0.443,-0.4421,-0.4408,-0.4393,-0.6927,-0.7086,-0.7269,-0.7474,-0.7691,-0.7894,-0.8038,-0.8067,-0.7934,-0.7628,-0.7186,-0.6668,-0.6125,-0.5591,-0.508,-0.4598,-0.416,-0.3791,-0.353,-0.3404,-0.3412,-0.3519,-0.3677,-0.3847,-0.4003,-0.4134,-0.4237,-0.4312,-0.4365,-0.4397,-0.4413,-0.4416,-0.441,-0.4398,-0.4382,-0.4363,-0.6997,-0.7189,-0.7423,-0.7706,-0.8035,-0.8383,-0.8685,-0.8832,-0.8712,-0.8297,-0.7669,-0.6953,-0.624,-0.5565,-0.4929,-0.4324,-0.375,-0.3248,-0.2897,-0.2769,-0.2863,-0.3101,-0.3387,-0.3659,-0.3889,-0.4068,-0.4201,-0.4294,-0.4355,-0.4389,-0.4404,-0.4404,-0.4394,-0.4376,-0.4355,-0.4332,-0.7037,-0.7257,-0.7542,-0.7915,-0.8392,-0.8968,-0.9564,-0.9971,-0.991,-0.9286,-0.8318,-0.729,-0.6346,-0.5504,-0.4731,-0.3978,-0.321,-0.2472,-0.194,-0.1815,-0.2094,-0.2576,-0.3068,-0.3482,-0.38,-0.4031,-0.4192,-0.4298,-0.4363,-0.4396,-0.4405,-0.4398,-0.438,-0.4355,-0.4327,-0.4298,-0.7036,-0.7271,-0.7594,-0.805,-0.8696,-0.9594,-1.0716,-1.1722,-1.1854,-1.077,-0.9138,-0.7626,-0.6397,-0.5383,-0.4481,-0.358,-0.2554,-0.1388,-0.0448,-0.0343,-0.1045,-0.1975,-0.2769,-0.3355,-0.3763,-0.4039,-0.4221,-0.4333,-0.4394,-0.4419,-0.4417,-0.4398,-0.4369,-0.4333,-0.4295,-0.4259,-0.6983,-0.7211,-0.7541,-0.8041,-0.8823,-1.0067,-1.1972,-1.4243,-1.4943,-1.2775,-0.9943,-0.7821,-0.6317,-0.5155,-0.4163,-0.3177,-0.192,-0.0093,0.1727,0.1747,0.0159,-0.146,-0.26,-0.3339,-0.3812,-0.4113,-0.4299,-0.4404,-0.4452,-0.446,-0.444,-0.4404,-0.4358,-0.4308,-0.4259,-0.4213,-0.6875,-0.7064,-0.7352,-0.7821,-0.8618,-1.001,-1.2482,-1.6251,-1.7908,-1.41,-1.0118,-0.7664,-0.6031,-0.4758,-0.3696,-0.2766,-0.1596,0.0596,0.3436,0.3315,0.0736,-0.1401,-0.2713,-0.3497,-0.3975,-0.4267,-0.4436,-0.4519,-0.4541,-0.4521,-0.4474,-0.4412,-0.4344,-0.4276,-0.4213,-0.4157,-0.6718,-0.6834,-0.7021,-0.7368,-0.8023,-0.9191,-1.1193,-1.4111,-1.5259,-1.2234,-0.9155,-0.7125,-0.5562,-0.4115,-0.2823,-0.2033,-0.1565,-0.0356,0.1665,0.1653,-0.0341,-0.2082,-0.318,-0.3848,-0.426,-0.4508,-0.4639,-0.4683,-0.4663,-0.4601,-0.4515,-0.4419,-0.4323,-0.4233,-0.4154,-0.4086,-0.6533,-0.6543,-0.6569,-0.6713,-0.7156,-0.798,-0.9071,-1.0108,-1.0241,-0.9204,-0.7876,-0.655,-0.5102,-0.3223,-0.0936,0.0025,-0.1024,-0.1744,-0.1525,-0.1587,-0.2368,-0.3233,-0.3885,-0.4341,-0.4652,-0.4841,-0.492,-0.4905,-0.4822,-0.4699,-0.4559,-0.4419,-0.4288,-0.4172,-0.4074,-0.3995,-0.6352,-0.6247,-0.606,-0.5907,-0.6181,-0.6926,-0.7603,-0.7989,-0.8041,-0.7825,-0.7244,-0.63,-0.4994,-0.2629,0.253,0.5088,0.0195,-0.2813,-0.3799,-0.4016,-0.4158,-0.4371,-0.4626,-0.4894,-0.5134,-0.5285,-0.5304,-0.5201,-0.5021,-0.481,-0.4598,-0.4401,-0.4227,-0.4081,-0.3965,-0.3876,-0.622,-0.6037,-0.5676,-0.5191,-0.5347,-0.6286,-0.6851,-0.7153,-0.7683,-0.7914,-0.7179,-0.6388,-0.5459,-0.3836,0.1322,0.4984,-0.1139,-0.4863,-0.6139,-0.6001,-0.5543,-0.5266,-0.5252,-0.545,-0.5733,-0.5909,-0.585,-0.5597,-0.5261,-0.4922,-0.4613,-0.4347,-0.4125,-0.3948,-0.3814,-0.3719,-0.6162,-0.5989,-0.5667,-0.5261,-0.5416,-0.6157,-0.6445,-0.6466,-0.7041,-0.7477,-0.7088,-0.67,-0.614,-0.5719,-0.4724,-0.3452,-0.5463,-0.8949,-0.9768,-0.8029,-0.6561,-0.582,-0.5671,-0.5994,-0.656,-0.6887,-0.6664,-0.611,-0.5518,-0.5004,-0.4579,-0.4234,-0.396,-0.3753,-0.3607,-0.3512,-0.6164,-0.6063,-0.5913,-0.5807,-0.5958,-0.6246,-0.626,-0.6025,-0.6311,-0.6885,-0.7172,-0.7518,-0.7011,-0.6048,-0.597,-0.6273,-0.8421,-1.4081,-1.4124,-0.9394,-0.6902,-0.5882,-0.5786,-0.6489,-0.7763,-0.8457,-0.7787,-0.6659,-0.5711,-0.4998,-0.4452,-0.4028,-0.3704,-0.3472,-0.3322,-0.3242,-0.6188,-0.6153,-0.612,-0.6132,-0.6226,-0.633,-0.6311,-0.6192,-0.6382,-0.6939,-0.7451,-0.8619,-0.8703,-0.5266,-0.6412,-0.7763,-0.9644,-1.1852,-1.1752,-0.835,-0.6124,-0.5278,-0.5457,-0.6638,-0.882,-1.0003,-0.8638,-0.6904,-0.568,-0.4827,-0.4186,-0.3688,-0.3316,-0.3069,-0.2935,-0.2892,-0.6204,-0.621,-0.6226,-0.6268,-0.6339,-0.6411,-0.646,-0.6533,-0.6805,-0.7334,-0.7795,-0.7825,-0.721,-0.6946,-0.7006,-1.0081,-1.3642,-1.0011,-0.7955,-0.5875,-0.4234,-0.3915,-0.4596,-0.5956,-0.7959,-0.904,-0.7949,-0.6443,-0.5308,-0.4448,-0.3743,-0.3166,-0.2743,-0.2497,-0.2413,-0.2444,-0.6203,-0.6229,-0.6265,-0.6316,-0.6386,-0.6469,-0.6577,-0.6759,-0.7135,-0.7901,-0.9205,-0.8147,-0.7443,-0.6767,-0.7058,-0.9339,-1.1659,-0.811,-0.531,-0.3483,-0.1791,-0.2147,-0.3538,-0.4834,-0.6037,-0.6646,-0.6301,-0.5522,-0.4703,-0.3898,-0.3106,-0.2399,-0.1901,-0.1687,-0.1716,-0.1887,-0.6185,-0.6219,-0.6262,-0.6317,-0.6387,-0.6479,-0.6609,-0.6816,-0.7187,-0.7879,-0.8892,-0.8006,-0.6375,-0.5719,-0.6198,-0.6571,-0.6255,-0.3815,-0.1661,-0.1712,-0.1323,-0.1728,-0.2983,-0.4038,-0.4831,-0.5243,-0.52,-0.479,-0.4132,-0.328,-0.2275,-0.1292,-0.0659,-0.0552,-0.0824,-0.1236,-0.6151,-0.6187,-0.623,-0.6283,-0.6349,-0.6435,-0.6553,-0.6722,-0.6969,-0.7283,-0.7434,-0.6931,-0.5841,-0.543,-0.5126,-0.4582,-0.3455,0.0503,0.4005,0.0475,-0.1289,-0.2016,-0.2819,-0.3655,-0.4431,-0.5028,-0.5112,-0.459,-0.3769,-0.2699,-0.1276,0.0261,0.1121,0.0934,0.0205,-0.0565,-0.6105,-0.6138,-0.6177,-0.6223,-0.6279,-0.6347,-0.6433,-0.6539,-0.6657,-0.6742,-0.6673,-0.633,-0.5777,-0.5087,-0.3754,-0.3214,-0.2622,0.054,0.2746,0.1011,-0.0572,-0.1734,-0.2582,-0.3421,-0.4474,-0.5826,-0.6093,-0.4775,-0.3545,-0.2246,-0.0329,0.2035,0.3183,0.2439,0.1099,-0.0043,-0.6049,-0.6077,-0.6108,-0.6144,-0.6184,-0.623,-0.6279,-0.6327,-0.6356,-0.6331,-0.6195,-0.5901,-0.5433,-0.4711,-0.3704,-0.3256,-0.2574,-0.069,0.1221,0.1739,-0.0092,-0.1387,-0.2201,-0.3027,-0.4156,-0.5845,-0.6205,-0.426,-0.3155,-0.2021,-0.0044,0.2711,0.4004,0.2966,0.1383,0.0127,-0.5985,-0.6007,-0.6029,-0.6052,-0.6076,-0.6098,-0.6114,-0.6117,-0.6091,-0.6011,-0.5847,-0.5573,-0.5167,-0.4617,-0.3997,-0.3439,-0.2637,-0.133,0.0111,0.0489,-0.0436,-0.1077,-0.1524,-0.2289,-0.3133,-0.3404,-0.2422,-0.2467,-0.2608,-0.2071,-0.0696,0.1343,0.2482,0.1972,0.0871,-0.0122,-0.5917,-0.5931,-0.5943,-0.5954,-0.5962,-0.5963,-0.5953,-0.5923,-0.5863,-0.5755,-0.5582,-0.5328,-0.4983,-0.4551,-0.406,-0.3512,-0.2821,-0.1966,-0.1183,-0.084,-0.0755,-0.0278,-0.0188,-0.1287,-0.2248,-0.2141,-0.1145,-0.1744,-0.2471,-0.237,-0.1619,-0.044,0.0402,0.0434,-0.0041,-0.063,-0.5845,-0.5852,-0.5855,-0.5854,-0.5847,-0.5831,-0.5801,-0.575,-0.5669,-0.5548,-0.5375,-0.5141,-0.4842,-0.448,-0.4061,-0.3582,-0.3029,-0.2428,-0.1873,-0.1404,-0.0747,0.0455,0.0816,-0.0636,-0.1827,-0.211,-0.1987,-0.2382,-0.2898,-0.2782,-0.2262,-0.1551,-0.0975,-0.077,-0.0894,-0.1182,-0.5773,-0.5772,-0.5767,-0.5756,-0.5737,-0.5707,-0.5663,-0.5598,-0.5505,-0.5379,-0.5211,-0.4996,-0.4732,-0.4419,-0.4059,-0.3653,-0.3205,-0.2734,-0.2263,-0.176,-0.1087,-0.0264,-0.0097,-0.0953,-0.1812,-0.2219,-0.2398,-0.2686,-0.2966,-0.2868,-0.2519,-0.209,-0.1724,-0.1533,-0.1529,-0.1656]},{"header":{"la1":42.85,"la2":41.18,"lo1":11.55,"lo2":14.05,"nx":36,"ny":24,"dx":0.07143,"dy":0.07261,"parameterCategory":2,"parameterNumber":3,"parameterNumberName":"northward_wind","parameterUnit":"m.s-1"},"data":[-0.6429,-0.6459,-0.6494,-0.653,-0.6566,-0.6596,-0.6615,-0.6617,-0.6598,-0.6552,-0.6474,-0.636,-0.6207,-0.6012,-0.5778,-0.5515,-0.5241,-0.4984,-0.4778,-0.4646,-0.4597,-0.4617,-0.4683,-0.4772,-0.4865,-0.4951,-0.5024,-0.5082,-0.5125,-0.5155,-0.5173,-0.5182,-0.5183,-0.5178,-0.5169,-0.5158,-0.6419,-0.6455,-0.65,-0.655,-0.6602,-0.665,-0.6686,-0.6703,-0.6695,-0.6655,-0.6577,-0.6453,-0.6277,-0.6043,-0.575,-0.5403,-0.5026,-0.4666,-0.4384,-0.4228,-0.4207,-0.4291,-0.4432,-0.459,-0.4738,-0.4865,-0.4967,-0.5044,-0.5099,-0.5136,-0.5157,-0.5166,-0.5165,-0.5158,-0.5147,-0.5133,-0.6392,-0.6433,-0.6489,-0.6557,-0.663,-0.6702,-0.676,-0.6797,-0.6805,-0.6776,-0.6701,-0.6572,-0.6376,-0.61,-0.5732,-0.5268,-0.4731,-0.4194,-0.378,-0.3594,-0.3647,-0.3858,-0.4128,-0.4389,-0.4612,-0.4789,-0.4923,-0.502,-0.5086,-0.5127,-0.5148,-0.5155,-0.5151,-0.514,-0.5124,-0.5106,-0.634,-0.6384,-0.6451,-0.6539,-0.6642,-0.6746,-0.6834,-0.6894,-0.692,-0.6908,-0.6847,-0.672,-0.6511,-0.6198,-0.5748,-0.5128,-0.4337,-0.348,-0.281,-0.2593,-0.2831,-0.3296,-0.378,-0.4188,-0.4503,-0.4736,-0.4903,-0.5017,-0.509,-0.5132,-0.515,-0.5151,-0.5141,-0.5123,-0.5101,-0.5078,-0.6253,-0.6293,-0.6369,-0.6482,-0.6625,-0.6775,-0.6901,-0.6981,-0.7022,-0.7038,-0.7008,-0.6901,-0.6695,-0.6362,-0.5842,-0.5042,-0.3873,-0.2414,-0.1201,-0.0978,-0.168,-0.2632,-0.3438,-0.4027,-0.4441,-0.4726,-0.4918,-0.5043,-0.5118,-0.5154,-0.5164,-0.5155,-0.5135,-0.5107,-0.5077,-0.5047,-0.6119,-0.614,-0.6213,-0.6353,-0.6554,-0.6776,-0.6953,-0.7029,-0.7055,-0.7132,-0.7178,-0.7116,-0.6937,-0.6621,-0.6083,-0.5144,-0.3528,-0.1071,0.1286,0.1397,-0.0329,-0.2041,-0.3216,-0.397,-0.4458,-0.4777,-0.4984,-0.5109,-0.5175,-0.5198,-0.5192,-0.5167,-0.5132,-0.5091,-0.505,-0.5011,-0.5924,-0.5893,-0.5935,-0.6093,-0.6376,-0.6719,-0.6988,-0.7031,-0.6981,-0.7206,-0.7391,-0.7379,-0.7242,-0.6999,-0.6549,-0.5632,-0.3787,-0.0454,0.3322,0.3213,0.0343,-0.192,-0.3269,-0.4077,-0.4584,-0.491,-0.5112,-0.5224,-0.5269,-0.5267,-0.5235,-0.5186,-0.5129,-0.5072,-0.5017,-0.4968,-0.5657,-0.5516,-0.5454,-0.5584,-0.5979,-0.6541,-0.7026,-0.7201,-0.7231,-0.7561,-0.776,-0.7713,-0.7596,-0.7493,-0.7301,-0.6646,-0.5032,-0.2131,0.1092,0.1298,-0.0779,-0.2544,-0.3657,-0.4364,-0.4831,-0.5138,-0.5319,-0.54,-0.5406,-0.5363,-0.5292,-0.5209,-0.5124,-0.5045,-0.4974,-0.4915,-0.5332,-0.4986,-0.4657,-0.4602,-0.5136,-0.6126,-0.7064,-0.7723,-0.8204,-0.8501,-0.8388,-0.8096,-0.7933,-0.805,-0.8423,-0.8269,-0.6818,-0.4699,-0.2819,-0.2208,-0.2751,-0.3549,-0.4234,-0.4778,-0.5194,-0.548,-0.5629,-0.5657,-0.5598,-0.5489,-0.536,-0.523,-0.5109,-0.5004,-0.4916,-0.4845,-0.5016,-0.4373,-0.3509,-0.2828,-0.3474,-0.538,-0.7065,-0.8404,-0.9802,-1.0275,-0.9284,-0.8425,-0.8107,-0.8424,-0.9947,-1.0753,-0.8302,-0.6151,-0.4807,-0.4169,-0.4104,-0.437,-0.4785,-0.5254,-0.5687,-0.5987,-0.6093,-0.6025,-0.5853,-0.5641,-0.5429,-0.5238,-0.5075,-0.4942,-0.4836,-0.4755,-0.4839,-0.3953,-0.2489,-0.0687,-0.1236,-0.4661,-0.7027,-0.8683,-1.173,-1.3158,-1.0046,-0.8502,-0.7991,-0.8094,-0.9624,-1.0805,-0.8149,-0.6189,-0.518,-0.4748,-0.4644,-0.4802,-0.5198,-0.5781,-0.6395,-0.6789,-0.6812,-0.6549,-0.6175,-0.5804,-0.5482,-0.5218,-0.5008,-0.4846,-0.4724,-0.4637,-0.492,-0.4079,-0.2703,-0.1054,-0.1717,-0.5063,-0.7012,-0.7715,-0.9742,-1.1284,-0.9401,-0.8233,-0.7711,-0.7307,-0.758,-0.7781,-0.6625,-0.5079,-0.4506,-0.4555,-0.4639,-0.4881,-0.5451,-0.6411,-0.753,-0.8167,-0.7949,-0.7257,-0.6534,-0.594,-0.5485,-0.5143,-0.4888,-0.4702,-0.4571,-0.4484,-0.5237,-0.4693,-0.3998,-0.3555,-0.4349,-0.6069,-0.7031,-0.6935,-0.7517,-0.8634,-0.8466,-0.7769,-0.7618,-0.7169,-0.7226,-0.6784,-0.5399,-0.3597,-0.3494,-0.4122,-0.4307,-0.4623,-0.5474,-0.7117,-0.9333,-1.048,-0.9563,-0.8029,-0.6811,-0.597,-0.539,-0.4982,-0.4693,-0.4495,-0.4365,-0.4289,-0.5647,-0.5402,-0.521,-0.5294,-0.5867,-0.6672,-0.7149,-0.7168,-0.751,-0.8297,-0.8404,-0.7263,-0.7099,-1.0316,-0.793,-0.5805,-0.3949,-0.3632,-0.3642,-0.3744,-0.3577,-0.384,-0.5012,-0.7381,-1.0961,-1.2784,-1.0794,-0.8369,-0.6779,-0.5792,-0.5146,-0.4704,-0.4403,-0.4208,-0.4096,-0.4046,-0.6027,-0.5969,-0.5997,-0.6193,-0.6582,-0.704,-0.7397,-0.7662,-0.8132,-0.8874,-0.94,-0.9255,-0.9226,-0.9945,-0.7933,-0.3277,0.0847,-0.2566,-0.3492,-0.2902,-0.1771,-0.2008,-0.3783,-0.6387,-0.966,-1.1344,-0.9769,-0.7678,-0.6259,-0.5347,-0.4726,-0.429,-0.3997,-0.3827,-0.3755,-0.375,-0.6327,-0.6364,-0.6471,-0.6675,-0.6971,-0.7313,-0.7661,-0.8064,-0.8684,-0.9738,-1.1243,-1.1513,-1.0555,-0.9353,-0.7638,-0.3782,-0.0774,-0.2903,-0.3434,-0.1622,0.2059,0.1105,-0.2238,-0.4791,-0.6769,-0.7708,-0.7233,-0.6239,-0.5372,-0.4694,-0.4153,-0.3735,-0.3461,-0.3339,-0.3337,-0.3406,-0.6544,-0.6625,-0.6757,-0.695,-0.72,-0.7495,-0.7836,-0.8266,-0.889,-0.9859,-1.1044,-1.089,-1.0843,-1.0681,-0.8073,-0.5832,-0.452,-0.449,-0.4282,-0.2062,0.2535,0.145,-0.1889,-0.3869,-0.4926,-0.5292,-0.5169,-0.4843,-0.4435,-0.3971,-0.3484,-0.305,-0.2785,-0.274,-0.2853,-0.303,-0.6693,-0.6791,-0.6926,-0.7104,-0.7323,-0.7582,-0.7888,-0.8265,-0.8747,-0.9327,-0.9808,-0.9969,-1.0568,-1.0412,-0.768,-0.617,-0.5541,-0.5462,-0.5762,-0.4275,-0.2129,-0.1782,-0.2827,-0.3704,-0.4059,-0.3981,-0.3865,-0.3839,-0.3669,-0.3304,-0.2795,-0.227,-0.1989,-0.2069,-0.2349,-0.2661,-0.6787,-0.6888,-0.7018,-0.7177,-0.7366,-0.7586,-0.7839,-0.8131,-0.8457,-0.8778,-0.9006,-0.9083,-0.8993,-0.8108,-0.5963,-0.5275,-0.5643,-0.5631,-0.5704,-0.5285,-0.4356,-0.3719,-0.3695,-0.3797,-0.366,-0.3249,-0.3126,-0.3266,-0.3117,-0.2736,-0.2189,-0.1558,-0.1253,-0.1489,-0.1938,-0.2364,-0.684,-0.6937,-0.7054,-0.7193,-0.7352,-0.7531,-0.7727,-0.7935,-0.814,-0.8308,-0.8387,-0.8315,-0.7984,-0.7166,-0.5911,-0.5475,-0.5688,-0.5666,-0.5847,-0.5981,-0.5136,-0.4481,-0.416,-0.3915,-0.3562,-0.3123,-0.3019,-0.3048,-0.2655,-0.2179,-0.1752,-0.1269,-0.1017,-0.1279,-0.1751,-0.2198,-0.6861,-0.695,-0.7053,-0.7169,-0.7299,-0.7438,-0.7582,-0.7721,-0.784,-0.7913,-0.7903,-0.7766,-0.7447,-0.6919,-0.6321,-0.5961,-0.5804,-0.5684,-0.5692,-0.5633,-0.516,-0.4718,-0.4419,-0.4063,-0.3649,-0.3419,-0.3551,-0.308,-0.1949,-0.1273,-0.122,-0.1258,-0.124,-0.1421,-0.1774,-0.2157,-0.6858,-0.6936,-0.7024,-0.7119,-0.7221,-0.7325,-0.7425,-0.7512,-0.7573,-0.7587,-0.7533,-0.7385,-0.7128,-0.6776,-0.6403,-0.6091,-0.585,-0.5655,-0.5501,-0.5308,-0.5012,-0.4805,-0.4689,-0.4269,-0.3707,-0.3468,-0.3923,-0.2783,0.0068,0.0735,-0.0081,-0.0858,-0.1265,-0.1544,-0.1852,-0.2181,-0.6838,-0.6905,-0.6977,-0.7053,-0.713,-0.7204,-0.7269,-0.7318,-0.7339,-0.732,-0.7246,-0.7106,-0.6898,-0.6636,-0.6354,-0.6084,-0.5837,-0.5612,-0.5396,-0.5164,-0.4931,-0.4862,-0.4881,-0.4408,-0.367,-0.3046,-0.24,0.0338,0.4602,0.3762,0.1376,-0.0198,-0.1044,-0.1532,-0.1896,-0.222,-0.6805,-0.686,-0.6918,-0.6976,-0.7032,-0.7082,-0.7121,-0.7143,-0.7138,-0.7099,-0.7018,-0.6889,-0.6713,-0.6501,-0.6268,-0.603,-0.5795,-0.5564,-0.5333,-0.5098,-0.4888,-0.4782,-0.4687,-0.4267,-0.3534,-0.2598,-0.1111,0.197,0.5214,0.4272,0.1838,0.0116,-0.0897,-0.1511,-0.1935,-0.2271]}]