docs/data/wind_grid.json
[{"header":{"la1":42.85,"la2":41.18,"lo1":11.55,"lo2":14.05,"nx":36,"ny":24,"dx":0.07143,"dy":0.07261,"parameterCategory":2,"parameterNumber":2,"parameterNumberName":"eastward_wind","parameterUnit":"m.s-1"},"data":[1.252,1.2786,1.3076,1.3385,1.3704,1.4016,1.4299,1.4535,1.4722,1.4884,1.5071,1.5339,1.5728,1.6227,1.6743,1.7103,1.7139,1.6808,1.621,1.55,1.4793,1.4147,1.358,1.3089,1.2661,1.2287,1.1957,1.1662,1.1396,1.1155,1.0935,1.0734,1.0549,1.0381,1.0226,1.0085,1.2561,1.2864,1.3204,1.3581,1.3983,1.4385,1.4749,1.5033,1.5216,1.5331,1.5469,1.5746,1.626,1.7036,1.7944,1.8644,1.8748,1.8174,1.7198,1.6142,1.5185,1.4376,1.3706,1.315,1.2681,1.2279,1.1929,1.1619,1.1341,1.109,1.0862,1.0653,1.0463,1.0289,1.013,0.9987,1.2576,1.2917,1.3316,1.3778,1.4296,1.4843,1.5354,1.5732,1.5904,1.5904,1.5897,1.6105,1.6729,1.789,1.9474,2.0842,2.105,1.9951,1.8304,1.6751,1.5496,1.4522,1.3762,1.3156,1.2658,1.2237,1.1873,1.1553,1.1266,1.1007,1.0771,1.0556,1.036,1.0181,1.0019,0.9873,1.2553,1.293,1.3389,1.3949,1.4625,1.54,1.6187,1.6785,1.6961,1.6715,1.6376,1.6358,1.699,1.854,2.1069,2.3592,2.3932,2.1846,1.923,1.7129,1.5618,1.4533,1.3725,1.3096,1.2587,1.2159,1.1789,1.1463,1.117,1.0904,1.0662,1.0442,1.024,1.0057,0.9891,0.9743,1.2481,1.2881,1.3389,1.4046,1.4905,1.6009,1.7302,1.8427,1.8705,1.7943,1.6927,1.6448,1.6874,1.8507,2.1632,2.5198,2.5646,2.2632,1.936,1.702,1.5455,1.4374,1.3582,1.2969,1.247,1.2047,1.1679,1.135,1.1054,1.0783,1.0535,1.0308,1.0101,0.9913,0.9745,0.9594,1.2348,1.2751,1.3279,1.3996,1.5006,1.6468,1.8519,2.0776,2.1476,1.9641,1.7438,1.6308,1.6336,1.753,2.0008,2.2901,2.3347,2.0961,1.8288,1.6336,1.5004,1.4061,1.3351,1.2787,1.2316,1.1908,1.1546,1.1219,1.0919,1.0643,1.0389,1.0155,0.9941,0.9748,0.9576,0.9424,1.215,1.2528,1.303,1.3728,1.4757,1.6371,1.8981,2.2589,2.407,2.0733,1.7379,1.5829,1.5527,1.6095,1.7348,1.8716,1.9017,1.7987,1.6563,1.5342,1.4401,1.3669,1.3077,1.2577,1.2142,1.1753,1.1399,1.1072,1.0769,1.0486,1.0223,0.998,0.9758,0.9559,0.9383,0.923,1.1892,1.2216,1.2642,1.3228,1.4084,1.5416,1.7556,2.05,2.162,1.8831,1.6209,1.4998,1.4676,1.4869,1.535,1.5846,1.5999,1.5677,1.5084,1.4443,1.3842,1.33,1.2813,1.2372,1.1968,1.1594,1.1245,1.0915,1.0604,1.0311,1.0035,0.978,0.9548,0.9341,0.916,0.9007,1.1587,1.1838,1.2154,1.2566,1.3127,1.3918,1.4998,1.6121,1.6379,1.5534,1.4622,1.4119,1.4017,1.4141,1.4325,1.4479,1.4541,1.4463,1.4236,1.3891,1.3475,1.3038,1.261,1.2201,1.1813,1.1444,1.1091,1.0753,1.0429,1.0118,0.9825,0.9552,0.9305,0.9087,0.8901,0.8748,1.1257,1.1428,1.1625,1.1855,1.2127,1.2457,1.2875,1.3388,1.3872,1.3975,1.3664,1.3539,1.3742,1.4014,1.4101,1.4052,1.4053,1.4112,1.4054,1.3781,1.3371,1.2926,1.2494,1.2083,1.1689,1.1311,1.0945,1.0589,1.0243,0.9908,0.9588,0.9289,0.902,0.8788,0.8596,0.8445,1.0921,1.1018,1.1112,1.1191,1.1241,1.1256,1.1325,1.1878,1.3724,1.4562,1.3325,1.3268,1.397,1.4689,1.4628,1.4167,1.4131,1.4544,1.4657,1.4183,1.3536,1.2963,1.2474,1.2029,1.1608,1.1203,1.0812,1.0428,1.0049,0.9677,0.9317,0.898,0.868,0.8428,0.823,0.8085,1.0595,1.0632,1.0648,1.0624,1.0531,1.0325,0.9992,0.9884,1.1702,1.3193,1.2592,1.3089,1.4568,1.6615,1.5922,1.4383,1.449,1.6263,1.6597,1.5108,1.3873,1.3111,1.2553,1.2053,1.1578,1.1128,1.0698,1.0275,0.985,0.9422,0.9002,0.8608,0.8264,0.7986,0.7784,0.7653,1.0288,1.028,1.0246,1.0166,1.0012,0.9734,0.9253,0.8658,0.9311,1.0703,1.1604,1.3115,1.4316,1.7205,1.6278,1.3752,1.4388,1.9479,1.9596,1.5835,1.4122,1.3376,1.2789,1.2188,1.1611,1.109,1.0611,1.014,0.9652,0.9141,0.8628,0.8146,0.7736,0.7426,0.7226,0.7126,1.0002,0.9963,0.9897,0.9793,0.9638,0.9414,0.9122,0.8858,0.9007,0.9433,1.0327,1.3615,1.457,1.1332,1.2402,1.1517,1.1792,1.5934,1.6946,1.4929,1.4369,1.4101,1.3377,1.2482,1.1706,1.1093,1.0569,1.0046,0.947,0.8832,0.8169,0.7547,0.7039,0.6693,0.6515,0.6477,0.9738,0.9674,0.9586,0.9468,0.9315,0.913,0.8926,0.8712,0.8347,0.7553,0.7041,0.837,0.9618,0.8878,0.981,0.8794,0.7466,1.0306,1.2433,1.4042,1.6266,1.6388,1.4589,1.2903,1.1813,1.1139,1.0617,1.0048,0.9341,0.8496,0.7584,0.6732,0.6078,0.5703,0.5593,0.5676,0.9492,0.9407,0.9298,0.916,0.8988,0.8772,0.8484,0.8022,0.708,0.5009,0.1331,0.3489,0.5368,0.733,0.7721,0.7613,0.7385,0.8265,1.0007,1.4733,2.2357,2.1016,1.5964,1.3095,1.1822,1.1284,1.088,1.0264,0.9335,0.8137,0.68,0.5563,0.4698,0.4336,0.4398,0.4706,0.9264,0.916,0.903,0.8868,0.8662,0.839,0.8002,0.7381,0.6288,0.4316,0.1642,0.3,0.2841,0.2333,0.4846,0.5524,0.5825,0.5572,0.615,1.2169,2.2863,2.1047,1.5224,1.2475,1.1717,1.1773,1.1663,1.0903,0.9551,0.7762,0.5715,0.3831,0.2681,0.2468,0.2904,0.3595,0.9054,0.8934,0.8785,0.86,0.8366,0.8057,0.7631,0.7018,0.6133,0.499,0.4026,0.3642,0.2155,0.1534,0.1665,0.1289,0.2719,0.1904,-0.0098,0.5124,1.158,1.3276,1.1843,1.1106,1.1809,1.3186,1.3501,1.2172,1.0035,0.739,0.427,0.1365,-0.0102,0.0134,0.1241,0.2476,0.8863,0.8729,0.8566,0.8366,0.8116,0.7798,0.7385,0.6849,0.618,0.5436,0.474,0.4039,0.3017,0.133,-0.3786,-0.5893,-0.0103,0.1019,0.0132,0.1342,0.4678,0.725,0.8283,0.9534,1.2198,1.5779,1.6498,1.3672,1.0552,0.7101,0.2791,-0.1365,-0.3047,-0.206,-0.0146,0.1618,0.8692,0.8548,0.8376,0.8169,0.7916,0.7606,0.7225,0.6763,0.6226,0.5636,0.5005,0.4254,0.3144,0.1004,-0.3136,-0.4363,-0.0456,0.0779,-0.1117,-0.2141,0.1351,0.35,0.4932,0.7383,1.1408,1.6086,1.6984,1.3548,1.0605,0.7088,0.2332,-0.238,-0.4116,-0.2795,-0.0593,0.1331,0.854,0.8391,0.8215,0.8006,0.7759,0.7465,0.7117,0.6712,0.6251,0.5736,0.5152,0.4435,0.3441,0.198,0.0294,-0.0156,0.0776,0.0986,-0.014,-0.0627,0.0048,-0.0417,0.0056,0.3604,0.859,1.2117,1.2519,1.197,1.0318,0.7406,0.3408,-0.0491,-0.2184,-0.1481,0.0139,0.1708,0.8407,0.8255,0.8079,0.7875,0.7637,0.736,0.7042,0.6679,0.6271,0.5812,0.5287,0.4663,0.3895,0.2995,0.2177,0.1803,0.1783,0.1534,0.0833,-0.0155,-0.2502,-0.7306,-0.8476,-0.2124,0.5308,1.017,1.1987,1.1519,0.9962,0.7687,0.4876,0.2227,0.0771,0.0749,0.1536,0.2524,0.8292,0.8141,0.7967,0.7769,0.7542,0.7284,0.6992,0.6664,0.6298,0.5889,0.543,0.4909,0.4324,0.3713,0.3169,0.2774,0.2446,0.1956,0.1059,-0.0744,-0.492,-1.2178,-1.4167,-0.6124,0.2468,0.7895,1.021,1.0213,0.915,0.7611,0.5817,0.4139,0.3041,0.2706,0.2942,0.345,0.8194,0.8044,0.7875,0.7685,0.747,0.7229,0.6961,0.6663,0.6334,0.5972,0.5573,0.5138,0.4674,0.4204,0.376,0.3349,0.2906,0.2284,0.1247,-0.0664,-0.4146,-0.8633,-0.9525,-0.4658,0.1368,0.5655,0.7853,0.8439,0.8087,0.7257,0.6209,0.5186,0.4429,0.4063,0.4051,0.427]},{"header":{"la1":42.85,"la2":41.18,"lo1":11.55,"lo2":14.05,"nx":36,"ny":24,"dx":0.07143,"dy":0.07261,"parameterCategory":2,"parameterNumber":3,"parameterNumberName":"northward_wind","parameterUnit":"m.s-1"},"data":[4.0947,4.0755,4.0531,4.0277,4.0002,3.9723,3.9461,3.9236,3.905,3.8881,3.8683,3.8398,3.7991,3.7476,3.6938,3.653,3.6391,3.6549,3.6907,3.7332,3.7728,3.8052,3.8298,3.8472,3.8588,3.866,3.8699,3.8713,3.8712,3.8699,3.8679,3.8657,3.8633,3.861,3.8589,3.8572,4.1015,4.0796,4.0529,4.0215,3.9861,3.9492,3.9149,3.8876,3.8697,3.8581,3.8438,3.8153,3.7637,3.6872,3.5985,3.5284,3.5097,3.547,3.6149,3.6855,3.7445,3.7885,3.8193,3.8398,3.8527,3.86,3.8635,3.8644,3.8636,3.8616,3.8591,3.8563,3.8536,3.8511,3.8489,3.8471,4.1111,4.0863,4.0548,4.0154,3.9685,3.9167,3.8669,3.8294,3.8129,3.814,3.8157,3.7953,3.7339,3.622,3.4723,3.3438,3.3182,3.4028,3.5285,3.6402,3.7222,3.7776,3.8133,3.8354,3.8483,3.8549,3.8574,3.8572,3.8553,3.8525,3.8493,3.8459,3.8428,3.84,3.8377,3.8359,4.1243,4.0974,4.0609,4.0123,3.9494,3.8732,3.793,3.7311,3.714,3.7427,3.7812,3.7854,3.7239,3.5746,3.3373,3.1059,3.0721,3.2462,3.4561,3.613,3.7143,3.7763,3.8133,3.8345,3.8456,3.8503,3.851,3.8493,3.846,3.8421,3.8381,3.8341,3.8306,3.8276,3.8252,3.8235,4.1426,4.1148,4.0749,4.0175,3.9357,3.8235,3.6858,3.563,3.5339,3.6219,3.7376,3.7926,3.7512,3.5907,3.2933,2.9643,2.9232,3.1821,3.4493,3.6252,3.7284,3.7872,3.8197,3.8366,3.8441,3.8457,3.8439,3.84,3.8352,3.8301,3.8251,3.8205,3.8166,3.8135,3.8112,3.8097,4.1666,4.1407,4.1009,4.0392,3.9423,3.7899,3.5635,3.3056,3.2253,3.4422,3.6991,3.8271,3.8236,3.6993,3.4535,3.1763,3.1295,3.3309,3.5443,3.6842,3.7646,3.8084,3.8307,3.8402,3.8423,3.8399,3.8349,3.8288,3.8222,3.8158,3.8099,3.8048,3.8006,3.7975,3.7954,3.7943,4.1967,4.1759,4.1419,4.0853,3.9893,3.8211,3.5266,3.0992,2.92,3.3283,3.7315,3.9067,3.9314,3.8603,3.7209,3.573,3.5267,3.598,3.6961,3.7685,3.8115,3.8334,3.842,3.8426,3.8383,3.8313,3.823,3.8144,3.8061,3.7985,3.7918,3.7864,3.7821,3.7792,3.7775,3.777,4.2318,4.2195,4.1972,4.1575,4.0862,3.9562,3.721,3.371,3.2357,3.5944,3.9139,4.0394,4.0543,4.0118,3.9383,3.8616,3.8163,3.8124,3.8286,3.8444,3.8527,3.8535,3.8486,3.8401,3.8295,3.8182,3.8068,3.7959,3.7861,3.7775,3.7703,3.7648,3.7608,3.7584,3.7574,3.7578,4.2696,4.2681,4.2617,4.2467,4.2165,4.1607,4.0709,3.9743,3.9826,4.1059,4.1844,4.193,4.1666,4.1245,4.0739,4.0198,3.9705,3.9331,3.9076,3.8901,3.8755,3.8609,3.8453,3.8293,3.8135,3.7985,3.7846,3.7721,3.7611,3.752,3.7448,3.7395,3.7361,3.7346,3.7347,3.7363,4.3072,4.3169,4.3271,4.3377,4.3485,4.3592,4.3734,4.4108,4.5002,4.5318,4.4233,4.3163,4.2428,4.1896,4.1458,4.0976,4.0385,3.9773,3.929,3.8972,3.8733,3.8505,3.828,3.8069,3.7877,3.7705,3.7551,3.7416,3.7303,3.7212,3.7145,3.7101,3.7078,3.7076,3.7093,3.7125,4.3415,4.3609,4.3853,4.4169,4.4588,4.5135,4.577,4.6405,4.7669,4.8344,4.5675,4.3784,4.2679,4.2005,4.1687,4.1307,4.0515,3.9493,3.8834,3.8608,3.8435,3.8191,3.7927,3.7692,3.7492,3.7319,3.7166,3.7034,3.6925,3.6843,3.6788,3.676,3.6755,3.6773,3.681,3.6864,4.3699,4.3965,4.4306,4.4758,4.5371,4.6194,4.7187,4.7875,4.7737,4.7521,4.558,4.3903,4.2562,4.1432,4.1495,4.1475,4.0259,3.8056,3.7326,3.7817,3.7889,3.762,3.7328,3.7114,3.6953,3.6812,3.6679,3.6561,3.6468,3.6405,3.6373,3.6369,3.639,3.6434,3.6498,3.6579,4.3912,4.4216,4.4602,4.5108,4.5785,4.6702,4.7882,4.8933,4.8214,4.6632,4.5198,4.4174,4.3046,4.1196,4.1436,4.1904,4.0255,3.5351,3.5075,3.7073,3.7115,3.6624,3.6339,3.6264,3.6235,3.617,3.6075,3.5983,3.5918,3.589,3.5896,3.5929,3.5985,3.6062,3.6159,3.6273,4.4049,4.4361,4.4747,4.5232,4.5851,4.6634,4.7556,4.8327,4.7831,4.6327,4.5248,4.4672,4.427,4.1515,4.2645,4.328,4.2656,3.8351,3.6872,3.6975,3.5585,3.4613,3.468,3.5085,3.5343,3.5395,3.534,3.5279,3.5262,3.5293,3.5358,3.5444,3.5545,3.5662,3.5798,3.5951,4.4118,4.4416,4.477,4.5189,4.5682,4.6232,4.6759,4.7021,4.6685,4.609,4.5795,4.549,4.4616,4.4838,4.401,4.5715,4.7969,4.3418,3.9663,3.5805,3.1193,3.0233,3.2103,3.3676,3.4363,3.4494,3.4437,3.4411,3.4478,3.4614,3.4774,3.4932,3.5085,3.5246,3.5424,3.5619,4.4131,4.4402,4.471,4.5053,4.5422,4.5784,4.6071,4.6184,4.6124,4.6197,4.67,4.7422,4.6512,4.5301,4.5071,4.6003,4.7125,4.4552,4.0816,3.2945,2.1332,2.2995,2.9439,3.2547,3.3446,3.3428,3.3267,3.3302,3.3541,3.3867,3.4179,3.4431,3.4636,3.4833,3.5051,3.5292,4.4102,4.4343,4.4605,4.4882,4.5162,4.5419,4.5621,4.5754,4.5882,4.6177,4.6656,4.6866,4.7417,4.7612,4.6104,4.5827,4.5885,4.5941,4.4597,3.5531,2.0349,2.2574,2.9624,3.2364,3.2606,3.1981,3.1601,3.1839,3.2442,3.31,3.3643,3.4009,3.4246,3.4456,3.4703,3.4987,4.4044,4.4255,4.4477,4.4706,4.4929,4.5134,4.5313,4.5473,4.5657,4.5915,4.6212,4.6562,4.7541,4.7777,4.6885,4.6773,4.6868,4.9744,5.3449,4.4582,3.478,3.1816,3.2743,3.284,3.1517,2.9735,2.9136,2.9984,3.1248,3.2397,3.3264,3.3764,3.3986,3.4161,3.4414,3.4732,4.3964,4.4149,4.434,4.4532,4.472,4.4896,4.5062,4.5226,4.5406,4.5619,4.5862,4.6172,4.659,4.6942,4.8051,4.8597,4.7474,4.9448,5.1486,4.7472,4.2123,3.766,3.52,3.3092,3.0172,2.6871,2.6192,2.82,3.0201,3.184,3.3085,3.3745,3.3904,3.3992,3.4223,3.4556,4.3871,4.4033,4.4198,4.4363,4.4524,4.4679,4.483,4.4981,4.5142,4.5319,4.5517,4.5754,4.6061,4.6585,4.771,4.8065,4.7083,4.7473,4.8878,4.9444,4.4331,3.9261,3.5836,3.3043,2.9757,2.6279,2.5611,2.7627,2.9561,3.1413,3.294,3.3763,3.3911,3.3945,3.415,3.4478,4.3767,4.3908,4.4052,4.4194,4.4334,4.4469,4.4601,4.4733,4.4869,4.5011,4.5166,4.5345,4.5578,4.5926,4.6355,4.6409,4.6055,4.6127,4.6942,4.6598,4.2433,3.7622,3.466,3.2737,3.029,2.7845,2.6717,2.735,2.9137,3.1069,3.2654,3.3561,3.3844,3.3959,3.4177,3.4495,4.3655,4.3779,4.3903,4.4025,4.4145,4.426,4.4372,4.4481,4.4588,4.4696,4.4806,4.4923,4.5056,4.5201,4.5292,4.5191,4.4895,4.4575,4.41,4.2437,3.8383,3.3367,3.1587,3.1921,3.0696,2.8169,2.6116,2.6979,2.9078,3.0974,3.2419,3.3313,3.375,3.4006,3.4271,3.4584,4.3538,4.3645,4.3751,4.3855,4.3955,4.4051,4.4141,4.4226,4.4304,4.4375,4.4439,4.4493,4.453,4.4531,4.4449,4.4218,4.3799,4.3141,4.1995,3.9725,3.5595,3.0587,2.9472,3.131,3.1247,2.9549,2.8143,2.8486,2.9881,3.1323,3.2475,3.3269,3.3766,3.411,3.4415,3.4725,4.3416,4.3508,4.3598,4.3684,4.3766,4.3842,4.391,4.397,4.4019,4.4055,4.4075,4.407,4.403,4.3933,4.3741,4.3408,4.2876,4.2048,4.0726,3.8588,3.545,3.2236,3.1238,3.2004,3.2065,3.121,3.043,3.0443,3.1122,3.201,3.2824,3.3461,3.393,3.4291,3.4605,3.4904]}]