docs/data/wind_grid.json
[{"header":{"la1":42.85,"la2":41.18,"lo1":11.55,"lo2":14.05,"nx":36,"ny":24,"dx":0.07143,"dy":0.07261,"parameterCategory":2,"parameterNumber":2,"parameterNumberName":"eastward_wind","parameterUnit":"m.s-1"},"data":[0.2551,0.2418,0.2267,0.2101,0.1928,0.1759,0.1613,0.151,0.1461,0.1466,0.1509,0.1565,0.1616,0.1647,0.1656,0.1642,0.161,0.1566,0.1517,0.1465,0.1414,0.1365,0.1317,0.1272,0.1232,0.1198,0.1172,0.1155,0.1147,0.115,0.1161,0.1181,0.1208,0.124,0.1277,0.1317,0.2566,0.2412,0.223,0.2021,0.1791,0.1556,0.1348,0.1203,0.1152,0.1194,0.1298,0.1417,0.1517,0.1581,0.1605,0.1594,0.1557,0.1506,0.1448,0.1389,0.1333,0.1278,0.1224,0.1172,0.1124,0.1084,0.1054,0.1035,0.1029,0.1035,0.1052,0.1078,0.1113,0.1154,0.1199,0.1247,0.2596,0.2421,0.2205,0.1941,0.163,0.129,0.0966,0.0737,0.0677,0.0792,0.101,0.1237,0.1414,0.1521,0.1563,0.1553,0.1507,0.1441,0.1372,0.1307,0.1245,0.1184,0.1121,0.1059,0.1001,0.0953,0.0917,0.0897,0.0892,0.0903,0.0928,0.0964,0.1009,0.106,0.1115,0.1173,0.2648,0.2456,0.2206,0.1881,0.1463,0.0954,0.0414,-0.0002,-0.0097,0.0171,0.0617,0.1031,0.132,0.148,0.1538,0.1522,0.1459,0.1372,0.1288,0.1218,0.1154,0.1086,0.101,0.0932,0.0859,0.0798,0.0756,0.0733,0.0733,0.0752,0.0787,0.0836,0.0894,0.0959,0.1027,0.1096,0.2727,0.2527,0.2256,0.1875,0.1335,0.0585,-0.0353,-0.1209,-0.1425,-0.08,0.0115,0.0831,0.126,0.1472,0.1539,0.151,0.1417,0.1296,0.1194,0.1128,0.1068,0.0987,0.0887,0.0784,0.0688,0.0611,0.0559,0.0537,0.0543,0.0574,0.0626,0.0693,0.0769,0.0851,0.0934,0.1017,0.2835,0.2642,0.2372,0.197,0.134,0.033,-0.1216,-0.304,-0.364,-0.216,-0.0375,0.0727,0.1276,0.1514,0.1579,0.1529,0.1393,0.1222,0.1101,0.1059,0.0999,0.0886,0.0745,0.0602,0.0475,0.0376,0.0314,0.0294,0.0313,0.0365,0.0442,0.0533,0.0634,0.0737,0.0839,0.0938,0.2967,0.2796,0.2559,0.2198,0.159,0.049,-0.1513,-0.4542,-0.5849,-0.3058,-0.0424,0.0854,0.1394,0.1611,0.1671,0.1604,0.1417,0.1182,0.1052,0.1039,0.094,0.076,0.0559,0.0365,0.0196,0.0069,-0.0002,-0.0012,0.0032,0.0117,0.023,0.0357,0.0488,0.0618,0.0743,0.086,0.311,0.2964,0.278,0.2526,0.2098,0.1262,-0.0342,-0.2771,-0.3767,-0.1592,0.0346,0.1231,0.1575,0.1739,0.185,0.1808,0.1539,0.1209,0.1038,0.0967,0.0792,0.0548,0.0289,0.0037,-0.0185,-0.0346,-0.0422,-0.0408,-0.0318,-0.0178,-0.0011,0.0164,0.0337,0.0499,0.065,0.0787,0.3245,0.3103,0.2942,0.2797,0.2656,0.2336,0.1623,0.0678,0.031,0.0803,0.1378,0.164,0.1678,0.182,0.2245,0.2383,0.1829,0.1216,0.087,0.0676,0.0463,0.0202,-0.0099,-0.0422,-0.0721,-0.0929,-0.1,-0.093,-0.0757,-0.0527,-0.0279,-0.0038,0.0185,0.0386,0.0564,0.0722,0.3369,0.3183,0.2931,0.2726,0.2858,0.3216,0.3263,0.2813,0.2043,0.1709,0.1952,0.1869,0.1489,0.1567,0.308,0.3947,0.2206,0.0982,0.0406,0.0153,-0.0026,-0.0267,-0.0617,-0.1059,-0.1496,-0.1785,-0.1824,-0.1632,-0.1303,-0.0928,-0.0565,-0.0238,0.0045,0.0287,0.0493,0.0671,0.3509,0.3262,0.281,0.2207,0.2429,0.3831,0.4766,0.4417,0.1829,0.0565,0.2184,0.1994,0.0768,0.0015,0.2104,0.3787,0.157,0.0073,-0.0575,-0.064,-0.0632,-0.0814,-0.1255,-0.1932,-0.2664,-0.3109,-0.3043,-0.2577,-0.196,-0.1361,-0.0843,-0.0416,-0.007,0.0212,0.0444,0.0637,0.3711,0.3485,0.3037,0.2418,0.2794,0.4818,0.6697,0.748,0.4758,0.248,0.3218,0.2479,-0.0253,-0.4074,-0.2306,0.0086,-0.0275,-0.1993,-0.2491,-0.1716,-0.1274,-0.1373,-0.1975,-0.3104,-0.449,-0.5263,-0.4861,-0.3788,-0.2679,-0.1769,-0.1071,-0.0542,-0.0139,0.0174,0.0423,0.0626,0.3985,0.3888,0.3733,0.3701,0.4395,0.6049,0.8091,0.9883,0.8485,0.5886,0.4918,0.4207,0.1478,-0.5061,-0.3324,-0.0844,-0.1526,-0.4873,-0.4951,-0.259,-0.1786,-0.188,-0.2667,-0.447,-0.7186,-0.8637,-0.7297,-0.5071,-0.3285,-0.2042,-0.1185,-0.0581,-0.0144,0.0182,0.0435,0.0639,0.4283,0.4329,0.4431,0.4728,0.5431,0.6584,0.7962,0.908,0.8552,0.7222,0.665,0.6316,0.5631,-0.0047,0.0812,-0.0398,-0.2198,-0.361,-0.3726,-0.2468,-0.2183,-0.2406,-0.3139,-0.5316,-0.9486,-1.1807,-0.9104,-0.5727,-0.3467,-0.205,-0.1129,-0.0508,-0.0075,0.024,0.048,0.0674,0.455,0.4691,0.4914,0.5285,0.5867,0.6634,0.7432,0.7983,0.8139,0.858,0.9387,0.9275,0.834,1.298,0.4341,-0.1786,-0.6637,-0.3028,-0.2084,-0.2327,-0.3234,-0.3428,-0.3371,-0.4753,-0.8017,-0.9972,-0.7859,-0.5013,-0.3026,-0.1739,-0.089,-0.0323,0.0062,0.0336,0.0547,0.0725,0.4761,0.4949,0.5209,0.5568,0.604,0.6598,0.7179,0.7759,0.8588,1.0417,1.3591,1.5366,1.2555,0.9289,0.5617,-0.0227,-0.4378,-0.1895,-0.1284,-0.2901,-0.6234,-0.5549,-0.3547,-0.349,-0.4747,-0.5589,-0.4878,-0.3479,-0.2197,-0.1214,-0.052,-0.0063,0.0233,0.0443,0.0617,0.0777,0.4913,0.5118,0.538,0.571,0.6112,0.6579,0.7114,0.7787,0.8839,1.0717,1.3212,1.3193,1.2488,1.1813,0.7456,0.3806,0.1269,0.0332,-0.0387,-0.23,-0.6561,-0.5596,-0.2983,-0.2314,-0.2738,-0.321,-0.3083,-0.2363,-0.1441,-0.0649,-0.0106,0.0204,0.0374,0.0511,0.066,0.0818,0.5014,0.522,0.547,0.577,0.6126,0.6543,0.704,0.7675,0.8548,0.9693,1.0711,1.1057,1.1904,1.181,0.8932,0.7069,0.3972,0.0891,-0.0647,-0.0335,-0.174,-0.203,-0.1267,-0.1166,-0.2009,-0.3254,-0.3474,-0.227,-0.095,-0.0111,0.028,0.0371,0.0378,0.0472,0.0649,0.0841,0.5074,0.5271,0.5504,0.5776,0.6092,0.6459,0.6892,0.7413,0.8036,0.8707,0.9258,0.9593,0.9839,0.9771,1.0958,1.1676,0.62,0.2013,0.0574,0.1724,0.1292,0.0852,0.0718,0.0056,-0.1995,-0.5727,-0.6528,-0.2781,-0.035,0.0523,0.0619,0.0342,0.0161,0.0317,0.0606,0.0869,0.51,0.5284,0.5497,0.5739,0.6016,0.6329,0.6686,0.7086,0.7518,0.7936,0.827,0.8484,0.8618,0.8939,1.0346,1.0577,0.67,0.3746,0.3384,0.3722,0.3092,0.3097,0.2965,0.1882,-0.071,-0.5654,-0.676,-0.0795,0.1249,0.1457,0.1034,0.0336,0.001,0.0265,0.065,0.0955,0.5099,0.5268,0.5459,0.5672,0.5909,0.6169,0.6453,0.6753,0.7053,0.7324,0.7532,0.7664,0.7754,0.7918,0.8162,0.7675,0.5999,0.444,0.3851,0.392,0.4651,0.609,0.6467,0.4891,0.2883,0.2691,0.6593,0.5899,0.3711,0.2596,0.1736,0.0896,0.0482,0.0606,0.0893,0.1143,0.5078,0.5231,0.5399,0.5583,0.5782,0.5995,0.6216,0.6439,0.6649,0.6826,0.6954,0.7024,0.7044,0.7023,0.6879,0.6402,0.5589,0.4862,0.4643,0.524,0.742,1.1367,1.2481,0.8825,0.6023,0.7194,1.1536,0.8729,0.4623,0.3277,0.2492,0.1761,0.1304,0.1202,0.1287,0.1413,0.5042,0.5178,0.5324,0.5481,0.5647,0.5818,0.5989,0.6154,0.63,0.6416,0.649,0.6514,0.6484,0.6388,0.6189,0.5853,0.5451,0.5198,0.5404,0.6557,0.9652,1.5074,1.6592,1.1358,0.7473,0.6926,0.76,0.5652,0.3302,0.3174,0.2906,0.2393,0.1973,0.1755,0.1693,0.1708,0.4994,0.5114,0.524,0.5373,0.5509,0.5646,0.5778,0.5899,0.6002,0.6076,0.6115,0.6111,0.606,0.5955,0.5791,0.5585,0.5409,0.5411,0.5818,0.6989,0.9384,1.2575,1.33,1.0369,0.752,0.6236,0.5547,0.4207,0.3083,0.312,0.3055,0.2731,0.2396,0.2162,0.2033,0.1978]},{"header":{"la1":42.85,"la2":41.18,"lo1":11.55,"lo2":14.05,"nx":36,"ny":24,"dx":0.07143,"dy":0.07261,"parameterCategory":2,"parameterNumber":3,"parameterNumberName":"northward_wind","parameterUnit":"m.s-1"},"data":[0.1223,0.1189,0.1141,0.108,0.1006,0.0921,0.083,0.0732,0.0632,0.0534,0.0443,0.0372,0.0331,0.0334,0.0388,0.049,0.0627,0.0769,0.0881,0.0934,0.0917,0.084,0.0725,0.0594,0.0467,0.0355,0.0262,0.019,0.0138,0.0104,0.0086,0.0081,0.0086,0.01,0.0119,0.0143,0.1338,0.1307,0.1257,0.1188,0.1104,0.1006,0.0899,0.0786,0.0668,0.0546,0.043,0.0333,0.0277,0.0282,0.0366,0.0531,0.0759,0.1002,0.1193,0.1274,0.123,0.1087,0.0895,0.0694,0.0511,0.0358,0.0238,0.0149,0.0088,0.0051,0.0033,0.0031,0.0041,0.0061,0.0086,0.0116,0.148,0.1453,0.1402,0.1325,0.1226,0.1111,0.0986,0.0857,0.072,0.0571,0.0418,0.0281,0.0194,0.0194,0.0315,0.0575,0.0957,0.1384,0.1719,0.1839,0.1721,0.1446,0.1117,0.0807,0.0547,0.0344,0.0194,0.0088,0.002,-0.0018,-0.0032,-0.0028,-0.001,0.0017,0.005,0.0088,0.1654,0.1638,0.1588,0.1501,0.138,0.1238,0.1089,0.0943,0.0793,0.0619,0.0415,0.0215,0.0071,0.0046,0.0204,0.0598,0.1238,0.2013,0.2638,0.2806,0.2494,0.1943,0.1382,0.0915,0.0558,0.0299,0.0118,-0.0,-0.0071,-0.0105,-0.0112,-0.0098,-0.0069,-0.0031,0.0013,0.0059,0.1873,0.1877,0.1834,0.1734,0.158,0.1392,0.1198,0.1033,0.0888,0.0699,0.043,0.0131,-0.0111,-0.0198,-0.0026,0.053,0.1574,0.3024,0.4276,0.4472,0.3652,0.2558,0.1637,0.097,0.0511,0.0201,-0.0002,-0.0126,-0.0193,-0.0216,-0.0209,-0.0179,-0.0136,-0.0083,-0.0027,0.0032,0.2147,0.2193,0.2171,0.2061,0.1858,0.1589,0.1304,0.108,0.097,0.0813,0.0466,0.0023,-0.0374,-0.059,-0.0468,0.0212,0.176,0.4362,0.6957,0.706,0.507,0.3097,0.1751,0.0902,0.0366,0.0027,-0.0182,-0.03,-0.0351,-0.0354,-0.0325,-0.0273,-0.0209,-0.0138,-0.0065,0.0006,0.2491,0.2616,0.2654,0.255,0.2282,0.1894,0.1456,0.1072,0.0963,0.0921,0.0512,-0.0119,-0.0744,-0.1185,-0.1241,-0.0601,0.1238,0.4917,0.9241,0.9108,0.574,0.3091,0.1537,0.0634,0.009,-0.0243,-0.0437,-0.0531,-0.0553,-0.0523,-0.046,-0.0378,-0.0286,-0.0192,-0.01,-0.0013,0.291,0.3186,0.3369,0.3327,0.2979,0.2424,0.1853,0.137,0.1174,0.1134,0.0614,-0.0282,-0.1232,-0.2029,-0.2461,-0.2112,-0.0486,0.2771,0.6544,0.677,0.4264,0.2174,0.0906,0.0145,-0.0331,-0.0624,-0.0782,-0.0833,-0.0806,-0.0726,-0.0616,-0.0491,-0.0364,-0.0242,-0.0128,-0.0024,0.3382,0.3917,0.4431,0.4624,0.4158,0.3257,0.2539,0.2236,0.2219,0.2,0.1022,-0.0403,-0.1811,-0.3109,-0.426,-0.443,-0.2949,-0.0638,0.1519,0.2234,0.1598,0.0713,0.0011,-0.0507,-0.0885,-0.113,-0.1238,-0.1223,-0.112,-0.0964,-0.0787,-0.0607,-0.0436,-0.0281,-0.0142,-0.0021,0.3821,0.4718,0.5868,0.6775,0.6158,0.4309,0.3155,0.3212,0.426,0.4353,0.2032,-0.0486,-0.2435,-0.4155,-0.654,-0.7614,-0.5081,-0.3003,-0.163,-0.0816,-0.0545,-0.0627,-0.0885,-0.1229,-0.1571,-0.1802,-0.1852,-0.1731,-0.1503,-0.1234,-0.0965,-0.0715,-0.0493,-0.0301,-0.0137,0.0001,0.4066,0.5253,0.7107,0.9286,0.8693,0.5076,0.3185,0.3487,0.69,0.875,0.3055,-0.0845,-0.3194,-0.4772,-0.6618,-0.7837,-0.5529,-0.4256,-0.3476,-0.2604,-0.1893,-0.1563,-0.1618,-0.1976,-0.2452,-0.2761,-0.272,-0.2397,-0.1959,-0.1523,-0.1133,-0.0799,-0.0521,-0.029,-0.0102,0.005,0.3972,0.5102,0.6846,0.8852,0.8122,0.443,0.2395,0.207,0.4223,0.5784,0.168,-0.171,-0.4178,-0.6226,-0.5574,-0.5377,-0.5169,-0.5612,-0.5396,-0.3896,-0.2645,-0.2061,-0.2123,-0.2769,-0.3714,-0.4265,-0.3993,-0.3244,-0.2456,-0.1791,-0.1258,-0.0835,-0.0499,-0.0235,-0.0027,0.0133,0.3572,0.4336,0.5268,0.5874,0.5009,0.303,0.1658,0.1062,0.1426,0.153,-0.0275,-0.2406,-0.4205,-0.628,-0.5083,-0.4842,-0.535,-0.7893,-0.7788,-0.4602,-0.2765,-0.208,-0.2328,-0.3572,-0.5565,-0.6636,-0.5705,-0.4147,-0.288,-0.1965,-0.1295,-0.0791,-0.0407,-0.0117,0.0099,0.0259,0.3043,0.3439,0.3764,0.3748,0.3133,0.2183,0.1457,0.1133,0.102,0.0386,-0.0917,-0.2528,-0.3435,-0.7919,-0.4777,-0.4812,-0.5611,-0.6478,-0.615,-0.367,-0.204,-0.1539,-0.2071,-0.3924,-0.7178,-0.8902,-0.6988,-0.4626,-0.3022,-0.1957,-0.1199,-0.0638,-0.0221,0.008,0.0291,0.0434,0.2542,0.2704,0.2759,0.2606,0.221,0.17,0.1268,0.0962,0.0594,-0.0013,-0.0561,-0.097,-0.1954,-0.0405,-0.3363,-0.5829,-0.8834,-0.5316,-0.3311,-0.1674,-0.0586,-0.0465,-0.1251,-0.3118,-0.6016,-0.7578,-0.6139,-0.419,-0.2764,-0.1734,-0.0949,-0.0351,0.0084,0.0377,0.0558,0.0665,0.2133,0.2173,0.2129,0.1966,0.1689,0.1355,0.1024,0.0697,0.0305,-0.0162,-0.0617,0.1896,0.0736,-0.0889,-0.1975,-0.4482,-0.6807,-0.3438,-0.095,0.0257,0.0805,0.0649,-0.0228,-0.174,-0.3517,-0.4532,-0.4239,-0.3323,-0.2314,-0.1372,-0.0555,0.0091,0.0537,0.0793,0.091,0.095,0.1821,0.1804,0.1726,0.1578,0.1367,0.1115,0.0846,0.0561,0.0251,-0.0083,-0.0424,0.0582,0.1159,0.1125,-0.004,-0.085,-0.1031,0.0613,0.2118,0.2029,0.1191,0.1116,0.0538,-0.0779,-0.2281,-0.3366,-0.3607,-0.3033,-0.2042,-0.0987,-0.0035,0.0713,0.117,0.1342,0.1341,0.1276,0.1592,0.155,0.1466,0.1337,0.1169,0.0974,0.0765,0.0553,0.0353,0.0207,0.0234,0.0632,0.1341,0.1641,0.2222,0.2773,0.2591,0.3918,0.4852,0.4801,0.3537,0.2431,0.133,-0.0336,-0.2516,-0.466,-0.5204,-0.383,-0.2077,-0.0602,0.0607,0.1526,0.1984,0.1992,0.1807,0.1608,0.1427,0.1377,0.1298,0.1191,0.1059,0.0912,0.0762,0.0622,0.0516,0.0485,0.0592,0.0906,0.1454,0.2553,0.5781,0.7106,0.4926,0.5762,0.7214,1.0538,0.767,0.4558,0.2333,-0.0053,-0.3534,-0.8285,-0.9286,-0.5175,-0.2005,-0.0093,0.1293,0.2357,0.2783,0.2573,0.2198,0.1886,0.1311,0.1262,0.1194,0.1108,0.1009,0.0904,0.0805,0.0727,0.0691,0.073,0.0889,0.1227,0.1868,0.3195,0.5643,0.6529,0.5816,0.8282,1.6563,2.0432,1.133,0.6204,0.3392,0.0731,-0.3045,-0.8665,-0.9872,-0.4031,-0.0918,0.074,0.1846,0.2709,0.3046,0.2788,0.2388,0.2058,0.1233,0.119,0.1135,0.1069,0.0999,0.093,0.0874,0.0844,0.0859,0.0945,0.1138,0.1489,0.2083,0.3028,0.4193,0.4961,0.5791,0.8371,1.3205,1.4679,1.0096,0.6587,0.4594,0.2335,-0.0332,-0.1824,0.0118,0.0594,0.1281,0.212,0.2471,0.2682,0.28,0.2667,0.2401,0.2136,0.1183,0.1148,0.1105,0.1059,0.1013,0.0975,0.0952,0.0958,0.1009,0.1123,0.1328,0.1657,0.2145,0.2802,0.3552,0.4311,0.5311,0.6923,0.8742,0.9097,0.7721,0.6894,0.6461,0.4327,0.2023,0.1576,0.287,0.2765,0.3996,0.4367,0.367,0.3074,0.279,0.2601,0.2393,0.2178,0.1152,0.1126,0.1097,0.1068,0.1042,0.1028,0.1031,0.1063,0.1135,0.1263,0.1465,0.1759,0.2157,0.2658,0.3237,0.3895,0.4691,0.5636,0.6459,0.6736,0.6712,0.746,0.7802,0.5561,0.3329,0.2584,0.3012,0.479,0.79,0.7148,0.5096,0.3764,0.3075,0.2702,0.2442,0.2225,0.1137,0.1119,0.1102,0.1087,0.1078,0.1082,0.1104,0.1153,0.1238,0.137,0.156,0.1818,0.215,0.2553,0.302,0.3549,0.4139,0.4749,0.5265,0.5611,0.5975,0.6593,0.6616,0.5258,0.3825,0.3303,0.3894,0.5981,0.841,0.7629,0.5606,0.4164,0.3325,0.2835,0.2515,0.2277]}]