docs/data/wind_grid.json
[{"header":{"la1":42.85,"la2":41.18,"lo1":11.55,"lo2":14.05,"nx":36,"ny":24,"dx":0.07143,"dy":0.07261,"parameterCategory":2,"parameterNumber":2,"parameterNumberName":"eastward_wind","parameterUnit":"m.s-1"},"data":[0.0017,-0.01,-0.023,-0.037,-0.0515,-0.0656,-0.0778,-0.0869,-0.0924,-0.0951,-0.0974,-0.102,-0.1114,-0.1273,-0.1497,-0.1773,-0.207,-0.2345,-0.255,-0.2649,-0.263,-0.251,-0.2319,-0.2092,-0.1854,-0.1623,-0.1408,-0.1215,-0.1042,-0.0891,-0.0759,-0.0643,-0.0542,-0.0453,-0.0376,-0.0307,0.0004,-0.0131,-0.0287,-0.0462,-0.0651,-0.0841,-0.1008,-0.1124,-0.117,-0.1156,-0.1122,-0.1121,-0.1199,-0.1379,-0.1668,-0.2049,-0.248,-0.289,-0.3192,-0.3319,-0.3257,-0.3044,-0.2745,-0.2414,-0.209,-0.1792,-0.1528,-0.1298,-0.11,-0.093,-0.0785,-0.066,-0.0554,-0.0461,-0.0381,-0.0311,0.0,-0.0154,-0.0339,-0.0559,-0.0813,-0.1086,-0.134,-0.1514,-0.1552,-0.1459,-0.1314,-0.1221,-0.1256,-0.1455,-0.1829,-0.2364,-0.3007,-0.3645,-0.4114,-0.4275,-0.4112,-0.3726,-0.3247,-0.2767,-0.233,-0.1952,-0.1632,-0.1364,-0.1141,-0.0954,-0.0799,-0.0668,-0.0557,-0.0463,-0.0382,-0.0311,0.0011,-0.0161,-0.0376,-0.0649,-0.0991,-0.1398,-0.1823,-0.2138,-0.2184,-0.1935,-0.1571,-0.1307,-0.1261,-0.1472,-0.1951,-0.27,-0.3676,-0.4716,-0.5489,-0.568,-0.5285,-0.4574,-0.3809,-0.3122,-0.2549,-0.2083,-0.1708,-0.1405,-0.116,-0.0961,-0.0798,-0.0663,-0.0551,-0.0457,-0.0377,-0.0307,0.0041,-0.0142,-0.0382,-0.0704,-0.1147,-0.1748,-0.249,-0.315,-0.3275,-0.2699,-0.1894,-0.1339,-0.1173,-0.1388,-0.1983,-0.2996,-0.446,-0.6204,-0.757,-0.7755,-0.6832,-0.5537,-0.4359,-0.3425,-0.2709,-0.2162,-0.174,-0.1411,-0.1151,-0.0945,-0.078,-0.0646,-0.0536,-0.0444,-0.0367,-0.03,0.0094,-0.009,-0.0337,-0.0684,-0.1204,-0.2012,-0.3228,-0.4639,-0.5066,-0.3775,-0.2168,-0.1223,-0.0936,-0.1158,-0.1852,-0.3113,-0.5143,-0.7952,-1.0409,-1.0473,-0.852,-0.638,-0.4747,-0.359,-0.2765,-0.2164,-0.1715,-0.1374,-0.1111,-0.0906,-0.0745,-0.0617,-0.0512,-0.0426,-0.0354,-0.0291,0.0169,-0.0003,-0.0232,-0.056,-0.1068,-0.1935,-0.3482,-0.5804,-0.6797,-0.4427,-0.1969,-0.0797,-0.0497,-0.0754,-0.15,-0.287,-0.5204,-0.884,-1.2446,-1.2324,-0.9353,-0.6627,-0.4771,-0.3535,-0.2682,-0.2073,-0.1625,-0.1291,-0.1038,-0.0844,-0.0694,-0.0576,-0.0482,-0.0404,-0.0339,-0.0282,0.0263,0.0112,-0.0081,-0.034,-0.0721,-0.1352,-0.2498,-0.4298,-0.4982,-0.2801,-0.0798,0.0027,0.014,-0.0192,-0.0943,-0.2233,-0.431,-0.7397,-1.0448,-1.053,-0.8213,-0.5963,-0.4357,-0.3245,-0.2457,-0.1888,-0.1471,-0.1163,-0.0934,-0.0761,-0.063,-0.0529,-0.0448,-0.0381,-0.0325,-0.0274,0.0365,0.0236,0.0084,-0.0094,-0.0301,-0.0541,-0.081,-0.0971,-0.0506,0.0512,0.1045,0.1079,0.0881,0.0464,-0.0275,-0.1453,-0.3108,-0.5083,-0.6733,-0.7047,-0.61,-0.4816,-0.3682,-0.2792,-0.2123,-0.1627,-0.1264,-0.0999,-0.0806,-0.0664,-0.0559,-0.0479,-0.0415,-0.0362,-0.0315,-0.0272,0.0469,0.0354,0.0225,0.009,-0.002,-0.0024,0.0274,0.1274,0.3157,0.4007,0.293,0.2039,0.1582,0.1155,0.0423,-0.0818,-0.249,-0.4139,-0.5166,-0.5301,-0.4738,-0.3871,-0.3006,-0.2282,-0.1723,-0.1312,-0.1017,-0.0809,-0.0664,-0.0562,-0.0489,-0.0434,-0.039,-0.0352,-0.0315,-0.0279,0.057,0.0458,0.0324,0.0171,0.0013,-0.0088,0.0105,0.1473,0.5923,0.7982,0.4209,0.2604,0.215,0.1886,0.1196,-0.039,-0.2844,-0.532,-0.6311,-0.5662,-0.4459,-0.3328,-0.2425,-0.1755,-0.1282,-0.096,-0.0747,-0.0609,-0.0522,-0.0466,-0.043,-0.0404,-0.0381,-0.0357,-0.0331,-0.0299,0.0672,0.0557,0.0403,0.0189,-0.0121,-0.0588,-0.1253,-0.1442,0.2339,0.537,0.3541,0.2741,0.2578,0.2648,0.2083,-0.0115,-0.435,-0.9833,-1.0858,-0.76,-0.4712,-0.2902,-0.1817,-0.1173,-0.0797,-0.0583,-0.047,-0.0416,-0.0396,-0.0393,-0.0397,-0.04,-0.0398,-0.0387,-0.0367,-0.0338,0.0785,0.0669,0.0501,0.0242,-0.0186,-0.094,-0.228,-0.3958,-0.2196,0.1416,0.266,0.2896,0.2903,0.2891,0.247,-0.0216,-0.6066,-1.7412,-1.7574,-0.9118,-0.4367,-0.2062,-0.0963,-0.0462,-0.0257,-0.0198,-0.0211,-0.0256,-0.031,-0.0361,-0.0405,-0.0436,-0.0452,-0.0451,-0.0433,-0.0401,0.0915,0.0812,0.0656,0.041,0.0005,-0.0677,-0.1739,-0.2853,-0.1752,0.1298,0.2906,0.3168,0.3167,0.3721,0.2172,-0.1121,-0.5622,-1.1988,-1.2639,-0.6465,-0.2279,-0.0353,0.0294,0.0401,0.0313,0.0157,-0.0011,-0.0163,-0.0291,-0.0393,-0.0471,-0.0526,-0.0555,-0.0558,-0.0536,-0.0493,0.1063,0.0987,0.0873,0.0698,0.0435,0.006,-0.0353,-0.0395,0.0771,0.2827,0.4189,0.4231,0.3811,0.3878,0.2011,-0.3684,-0.8722,-0.5921,-0.4501,-0.1468,0.144,0.2291,0.188,0.1315,0.0821,0.0405,0.0069,-0.0186,-0.0373,-0.051,-0.0612,-0.0684,-0.0722,-0.072,-0.0682,-0.0617,0.1225,0.1186,0.1129,0.1051,0.0957,0.0884,0.0953,0.1428,0.2612,0.4544,0.6887,0.5977,0.5023,0.3819,0.2182,-0.2389,-0.6223,-0.2853,-0.0223,0.2456,0.5594,0.5154,0.3306,0.2027,0.1118,0.0431,-0.0059,-0.0379,-0.0584,-0.0726,-0.0836,-0.0921,-0.0963,-0.0946,-0.0876,-0.0772,0.139,0.139,0.1391,0.14,0.144,0.1557,0.1844,0.2435,0.3454,0.4962,0.6639,0.5933,0.5378,0.5211,0.3701,0.1874,0.0625,0.1593,0.296,0.4132,0.6231,0.5683,0.3799,0.2284,0.1048,0.01,-0.0487,-0.0788,-0.0941,-0.1039,-0.1136,-0.1233,-0.1281,-0.1237,-0.1113,-0.0951,0.155,0.1584,0.1632,0.1705,0.1826,0.2031,0.2373,0.2905,0.3644,0.4503,0.5142,0.5229,0.5443,0.5601,0.5972,0.6004,0.4524,0.445,0.494,0.5077,0.5232,0.4796,0.3643,0.2145,0.0563,-0.0673,-0.1236,-0.1402,-0.1437,-0.1427,-0.1472,-0.1589,-0.1655,-0.1567,-0.1364,-0.1128,0.1696,0.1757,0.1838,0.195,0.2111,0.2341,0.2667,0.3101,0.3624,0.4162,0.4594,0.4911,0.5335,0.6393,1.0091,1.16,0.7141,0.572,0.6019,0.7484,0.6432,0.5098,0.3738,0.1973,-0.0107,-0.1605,-0.193,-0.2098,-0.2075,-0.1867,-0.177,-0.1888,-0.1984,-0.1849,-0.1565,-0.1261,0.1825,0.1904,0.2005,0.2137,0.231,0.2537,0.2827,0.3179,0.3575,0.3978,0.4363,0.4773,0.5405,0.6802,0.9686,1.0539,0.7727,0.7134,1.0055,1.1567,0.8029,0.5944,0.4367,0.2218,-0.0433,-0.203,-0.2275,-0.3241,-0.3025,-0.2373,-0.1976,-0.1992,-0.2087,-0.1941,-0.1632,-0.1304,0.1933,0.2024,0.2136,0.2274,0.2446,0.2658,0.2913,0.3206,0.3528,0.3866,0.4223,0.4644,0.5243,0.6182,0.7312,0.7613,0.7033,0.7258,0.8877,0.947,0.798,0.7086,0.6057,0.3425,-0.0326,-0.3875,-0.7061,-0.6446,-0.4381,-0.2912,-0.2134,-0.1932,-0.1932,-0.1802,-0.1537,-0.1241,0.2023,0.2119,0.2234,0.2372,0.2537,0.2731,0.2955,0.3207,0.3481,0.3774,0.4095,0.4469,0.4934,0.5497,0.6022,0.6269,0.6331,0.6654,0.7298,0.7706,0.8135,0.9655,0.9844,0.6024,0.0528,-0.5232,-0.9699,-0.811,-0.5061,-0.3177,-0.2208,-0.1823,-0.1689,-0.1548,-0.1337,-0.1096,0.2094,0.2192,0.2307,0.244,0.2594,0.2771,0.297,0.3189,0.3427,0.3683,0.3961,0.4272,0.4621,0.4989,0.5319,0.556,0.5765,0.6068,0.6516,0.7175,0.868,1.1715,1.2608,0.8085,0.2158,-0.3036,-0.6146,-0.5917,-0.4256,-0.2881,-0.2056,-0.1638,-0.1431,-0.1273,-0.1098,-0.0908,0.215,0.2247,0.2358,0.2484,0.2628,0.2788,0.2965,0.3157,0.3365,0.3587,0.3825,0.4079,0.4348,0.4618,0.4868,0.509,0.5314,0.56,0.6019,0.6729,0.8076,0.9959,1.0206,0.7266,0.311,-0.0516,-0.2741,-0.3292,-0.2837,-0.2179,-0.1667,-0.1344,-0.1145,-0.0995,-0.085,-0.0702]},{"header":{"la1":42.85,"la2":41.18,"lo1":11.55,"lo2":14.05,"nx":36,"ny":24,"dx":0.07143,"dy":0.07261,"parameterCategory":2,"parameterNumber":3,"parameterNumberName":"northward_wind","parameterUnit":"m.s-1"},"data":[-0.1994,-0.1812,-0.1599,-0.1357,-0.11,-0.0849,-0.0637,-0.0498,-0.0454,-0.05,-0.0606,-0.073,-0.0834,-0.0896,-0.091,-0.0881,-0.0824,-0.076,-0.0711,-0.0694,-0.0716,-0.0773,-0.0857,-0.0956,-0.1064,-0.1174,-0.1283,-0.1391,-0.1497,-0.16,-0.1701,-0.1798,-0.1892,-0.1982,-0.2067,-0.2146,-0.2036,-0.1822,-0.1558,-0.1242,-0.0887,-0.0522,-0.0201,0.0007,0.0052,-0.0063,-0.0279,-0.0512,-0.0697,-0.0802,-0.0822,-0.077,-0.0672,-0.0562,-0.0477,-0.0448,-0.0483,-0.0571,-0.0691,-0.0826,-0.0964,-0.1098,-0.1228,-0.1352,-0.1473,-0.1589,-0.1701,-0.1809,-0.1913,-0.2011,-0.2104,-0.219,-0.2111,-0.1866,-0.1544,-0.1134,-0.0637,-0.0085,0.0437,0.0791,0.0847,0.0597,0.0171,-0.0254,-0.0567,-0.073,-0.0751,-0.0658,-0.0488,-0.0296,-0.015,-0.0105,-0.0172,-0.0318,-0.0499,-0.0685,-0.0861,-0.1025,-0.1176,-0.1319,-0.1454,-0.1584,-0.1709,-0.1828,-0.1943,-0.2051,-0.2152,-0.2245,-0.2232,-0.1964,-0.1588,-0.1068,-0.0379,0.0472,0.1375,0.2053,0.2162,0.1631,0.079,0.0028,-0.0473,-0.0706,-0.0717,-0.0554,-0.0264,0.0075,0.0334,0.0394,0.0249,-0.0008,-0.0286,-0.0542,-0.0765,-0.0959,-0.1133,-0.1294,-0.1444,-0.1588,-0.1726,-0.1859,-0.1985,-0.2104,-0.2214,-0.2315,-0.2414,-0.2143,-0.1731,-0.1113,-0.0201,0.1082,0.2682,0.4116,0.4423,0.326,0.1572,0.0263,-0.0475,-0.0766,-0.0743,-0.0479,-0.0008,0.0589,0.1066,0.1129,0.08,0.034,-0.0079,-0.0417,-0.0686,-0.0909,-0.1103,-0.1279,-0.1445,-0.1603,-0.1756,-0.1902,-0.2042,-0.2173,-0.2294,-0.2403,-0.2667,-0.2425,-0.2025,-0.1367,-0.0285,0.147,0.413,0.7181,0.8128,0.5521,0.2269,0.0256,-0.0665,-0.0948,-0.0857,-0.0478,0.0209,0.1197,0.2072,0.2095,0.1398,0.0642,0.0069,-0.0338,-0.064,-0.0881,-0.1088,-0.1277,-0.1457,-0.163,-0.1799,-0.1962,-0.2118,-0.2262,-0.2394,-0.2512,-0.2991,-0.2821,-0.2504,-0.1926,-0.0874,0.1055,0.4523,0.9599,1.1721,0.6886,0.2017,-0.0301,-0.1122,-0.1262,-0.1066,-0.0609,0.0202,0.1497,0.2801,0.2757,0.1688,0.0727,0.0089,-0.0332,-0.0635,-0.0877,-0.1089,-0.1287,-0.1481,-0.1672,-0.186,-0.2042,-0.2216,-0.2377,-0.2522,-0.2649,-0.3372,-0.3317,-0.316,-0.2809,-0.2085,-0.0647,0.2093,0.6278,0.7909,0.3611,-0.0131,-0.154,-0.1802,-0.1651,-0.1334,-0.0869,-0.0156,0.0937,0.2053,0.2087,0.1253,0.0481,-0.0042,-0.0398,-0.0665,-0.0891,-0.1101,-0.1307,-0.1516,-0.1728,-0.194,-0.2147,-0.2344,-0.2525,-0.2685,-0.2821,-0.3779,-0.3868,-0.3926,-0.3907,-0.3727,-0.325,-0.2349,-0.1341,-0.1563,-0.2989,-0.3495,-0.3074,-0.2479,-0.1983,-0.157,-0.1152,-0.0651,-0.0027,0.0555,0.0699,0.0416,0.005,-0.0253,-0.0496,-0.0707,-0.0909,-0.1115,-0.1331,-0.156,-0.18,-0.2044,-0.2285,-0.2512,-0.2716,-0.2893,-0.3037,-0.4171,-0.4409,-0.4694,-0.5029,-0.5415,-0.5847,-0.6367,-0.7287,-0.9054,-0.9459,-0.6798,-0.4262,-0.2834,-0.2127,-0.1701,-0.1336,-0.0999,-0.0693,-0.0424,-0.0258,-0.0238,-0.0313,-0.0431,-0.0571,-0.073,-0.0912,-0.1119,-0.1353,-0.1612,-0.1891,-0.218,-0.2465,-0.2731,-0.2966,-0.3161,-0.3313,-0.4504,-0.4871,-0.5351,-0.599,-0.6843,-0.7948,-0.924,-1.0667,-1.3886,-1.5592,-0.8922,-0.4479,-0.267,-0.2107,-0.1779,-0.1395,-0.1144,-0.107,-0.0973,-0.0768,-0.0584,-0.0495,-0.0499,-0.0574,-0.0704,-0.088,-0.11,-0.1363,-0.1668,-0.2004,-0.2357,-0.2705,-0.3025,-0.3297,-0.3512,-0.3665,-0.4744,-0.5197,-0.5808,-0.6649,-0.7825,-0.9443,-1.1438,-1.2885,-1.3052,-1.288,-0.7483,-0.3447,-0.2117,-0.2379,-0.2033,-0.1313,-0.1124,-0.1521,-0.1572,-0.1092,-0.0686,-0.0474,-0.0418,-0.0474,-0.0607,-0.0797,-0.1044,-0.1353,-0.1724,-0.2146,-0.2593,-0.3031,-0.3424,-0.3744,-0.3975,-0.4119,-0.4867,-0.5352,-0.6007,-0.6915,-0.8202,-1.0048,-1.2574,-1.4946,-1.3212,-0.9039,-0.4724,-0.1699,-0.0956,-0.2396,-0.1971,-0.0768,-0.0762,-0.2384,-0.2429,-0.1193,-0.0506,-0.0201,-0.0151,-0.025,-0.0422,-0.0646,-0.0933,-0.1306,-0.1775,-0.2323,-0.2913,-0.3486,-0.3982,-0.4358,-0.4597,-0.471,-0.4871,-0.5334,-0.5946,-0.6772,-0.7907,-0.9473,-1.1489,-1.3314,-1.174,-0.6753,-0.2781,-0.0404,0.0346,0.3152,0.0509,0.0766,0.1073,-0.0918,-0.1465,-0.0579,0.0159,0.0465,0.0364,0.011,-0.0148,-0.0409,-0.0736,-0.1192,-0.1803,-0.2549,-0.3361,-0.4141,-0.4784,-0.5221,-0.544,-0.5477,-0.4771,-0.5169,-0.5672,-0.631,-0.7112,-0.8068,-0.9,-0.9209,-0.7354,-0.389,-0.1213,0.0158,0.1492,0.3735,0.1615,0.3084,0.5912,0.1921,0.0175,0.0551,0.1666,0.1832,0.1162,0.0562,0.0205,-0.0049,-0.0386,-0.0946,-0.1776,-0.2834,-0.4007,-0.5115,-0.5968,-0.6455,-0.6588,-0.6466,-0.4596,-0.4907,-0.5272,-0.5691,-0.6137,-0.6523,-0.6628,-0.602,-0.4287,-0.1721,0.0478,0.146,0.1067,0.1089,0.0881,0.2431,0.4363,0.1562,0.0187,0.1486,0.4537,0.3986,0.1967,0.0944,0.0625,0.054,0.027,-0.0439,-0.1625,-0.3194,-0.4962,-0.6606,-0.7757,-0.8232,-0.8135,-0.7706,-0.4379,-0.4599,-0.4833,-0.506,-0.5236,-0.527,-0.5007,-0.4253,-0.2916,-0.1182,0.0294,0.0366,-0.1074,-0.1868,-0.0816,-0.0242,-0.0019,-0.1134,-0.1756,0.0524,0.4797,0.4086,0.1872,0.1053,0.12,0.1643,0.1567,0.0552,-0.1256,-0.3642,-0.6381,-0.8912,-1.046,-1.0733,-1.012,-0.9162,-0.4147,-0.4288,-0.4416,-0.4507,-0.4519,-0.4388,-0.4034,-0.3393,-0.249,-0.151,-0.0839,-0.0908,-0.1961,-0.2404,-0.2565,-0.2845,-0.2479,-0.3737,-0.5369,-0.2406,0.0457,0.1181,0.0782,0.0951,0.2154,0.3818,0.4081,0.2232,-0.0646,-0.4168,-0.8344,-1.2271,-1.4265,-1.3921,-1.2372,-1.0653,-0.3922,-0.4001,-0.4055,-0.4061,-0.3991,-0.3807,-0.3477,-0.2994,-0.2409,-0.1852,-0.1513,-0.1557,-0.1995,-0.2829,-0.5174,-0.6117,-0.3859,-0.3929,-0.4584,-0.3097,-0.1816,-0.0918,-0.0377,0.0704,0.3262,0.7174,0.7933,0.4039,-0.0146,-0.4665,-1.0389,-1.6027,-1.8338,-1.6953,-1.427,-1.1799,-0.3718,-0.3753,-0.3758,-0.3718,-0.3615,-0.3432,-0.3159,-0.2809,-0.2428,-0.2097,-0.1916,-0.1972,-0.2339,-0.3237,-0.4992,-0.5522,-0.3975,-0.3367,-0.3133,-0.3014,-0.2636,-0.2182,-0.1585,-0.0151,0.2807,0.7466,0.8415,0.3284,-0.0519,-0.487,-1.1058,-1.7427,-1.9824,-1.797,-1.4869,-1.2158,-0.3539,-0.3544,-0.3522,-0.3461,-0.3353,-0.319,-0.2975,-0.2724,-0.2471,-0.2266,-0.2168,-0.2231,-0.2507,-0.3044,-0.3709,-0.3887,-0.3472,-0.3159,-0.3059,-0.3052,-0.3233,-0.3669,-0.351,-0.2001,0.026,0.1475,-0.0431,-0.0773,-0.1642,-0.4664,-0.9631,-1.4814,-1.712,-1.611,-1.3808,-1.1582,-0.3388,-0.3374,-0.3337,-0.327,-0.3169,-0.3032,-0.2866,-0.2684,-0.2511,-0.238,-0.2324,-0.2374,-0.2545,-0.282,-0.3095,-0.3203,-0.3139,-0.3084,-0.3152,-0.3463,-0.4453,-0.6309,-0.676,-0.4487,-0.2064,-0.1608,-0.2925,-0.2418,-0.2433,-0.4326,-0.7594,-1.1011,-1.2946,-1.2929,-1.1786,-1.0371,-0.3261,-0.3237,-0.3195,-0.3129,-0.3039,-0.2927,-0.2798,-0.2665,-0.2544,-0.2456,-0.2419,-0.245,-0.2549,-0.2695,-0.284,-0.2935,-0.299,-0.3083,-0.3328,-0.3957,-0.5495,-0.8119,-0.8831,-0.6072,-0.3409,-0.2343,-0.2383,-0.2424,-0.2807,-0.4088,-0.6104,-0.8219,-0.9656,-1.0076,-0.9714,-0.8982,-0.3156,-0.3128,-0.3084,-0.3024,-0.2947,-0.2855,-0.2756,-0.2656,-0.2569,-0.2506,-0.2479,-0.2496,-0.2554,-0.2641,-0.2737,-0.283,-0.2934,-0.3101,-0.3427,-0.409,-0.5328,-0.6917,-0.7252,-0.5672,-0.3873,-0.2862,-0.2564,-0.264,-0.3064,-0.3945,-0.5198,-0.6516,-0.7527,-0.802,-0.8028,-0.772]}]