docs/data/wind_grid.json
[{"header":{"la1":42.85,"la2":41.18,"lo1":11.55,"lo2":14.05,"nx":36,"ny":24,"dx":0.07143,"dy":0.07261,"parameterCategory":2,"parameterNumber":2,"parameterNumberName":"eastward_wind","parameterUnit":"m.s-1"},"data":[-0.4474,-0.4596,-0.4726,-0.486,-0.4985,-0.5083,-0.5129,-0.5093,-0.4955,-0.4709,-0.4368,-0.3954,-0.3492,-0.2999,-0.2491,-0.1982,-0.1498,-0.1075,-0.075,-0.0551,-0.0481,-0.0518,-0.0627,-0.0772,-0.0927,-0.1075,-0.1208,-0.1324,-0.1421,-0.1503,-0.157,-0.1625,-0.167,-0.1707,-0.1738,-0.1764,-0.4579,-0.4735,-0.491,-0.5103,-0.5302,-0.5483,-0.5608,-0.5623,-0.5486,-0.5185,-0.4747,-0.4218,-0.3637,-0.3024,-0.2387,-0.1736,-0.1101,-0.0536,-0.0115,0.0107,0.0128,-0.0004,-0.0222,-0.0467,-0.0702,-0.0911,-0.1088,-0.1234,-0.1352,-0.1447,-0.1523,-0.1584,-0.1633,-0.1672,-0.1705,-0.1732,-0.4672,-0.4862,-0.5089,-0.5356,-0.5658,-0.5971,-0.6236,-0.6356,-0.6235,-0.5844,-0.5249,-0.4551,-0.3814,-0.3057,-0.2265,-0.1427,-0.0565,0.023,0.0812,0.1058,0.0967,0.0655,0.0256,-0.0135,-0.0476,-0.0757,-0.0981,-0.1157,-0.1294,-0.1401,-0.1484,-0.1549,-0.16,-0.164,-0.1673,-0.17,-0.4742,-0.4965,-0.5244,-0.5596,-0.6034,-0.6546,-0.7063,-0.7405,-0.7338,-0.6779,-0.5905,-0.4947,-0.4016,-0.3102,-0.214,-0.1065,0.0136,0.1332,0.2211,0.2471,0.2128,0.1476,0.0789,0.0196,-0.0272,-0.063,-0.0899,-0.1101,-0.1253,-0.1368,-0.1455,-0.1521,-0.1571,-0.1611,-0.1642,-0.1668,-0.478,-0.5026,-0.5348,-0.5782,-0.6371,-0.7158,-0.8109,-0.8932,-0.9023,-0.8105,-0.67,-0.5359,-0.4212,-0.3161,-0.205,-0.0714,0.0968,0.2875,0.4351,0.4582,0.3671,0.2409,0.1303,0.047,-0.0128,-0.0552,-0.0856,-0.1075,-0.1234,-0.135,-0.1436,-0.15,-0.1547,-0.1584,-0.1613,-0.1636,-0.4777,-0.5031,-0.5373,-0.5855,-0.6565,-0.7637,-0.9204,-1.0979,-1.1496,-0.9784,-0.7453,-0.5652,-0.4342,-0.3234,-0.2058,-0.0527,0.1691,0.469,0.7306,0.7387,0.5367,0.3211,0.1641,0.06,-0.0086,-0.0546,-0.0862,-0.1082,-0.1238,-0.1348,-0.1428,-0.1485,-0.1527,-0.1558,-0.1582,-0.1602,-0.4731,-0.4971,-0.5297,-0.5767,-0.6487,-0.7665,-0.9653,-1.2497,-1.3685,-1.0827,-0.7626,-0.5629,-0.4348,-0.332,-0.2222,-0.0706,0.1734,0.5582,0.9455,0.9327,0.6172,0.3379,0.1594,0.0503,-0.018,-0.0624,-0.092,-0.1123,-0.1264,-0.1361,-0.1428,-0.1474,-0.1507,-0.153,-0.1548,-0.1564,-0.4646,-0.4852,-0.5127,-0.5513,-0.6095,-0.7033,-0.8605,-1.085,-1.1692,-0.9273,-0.6776,-0.5242,-0.4237,-0.3417,-0.2533,-0.1301,0.0701,0.3892,0.7212,0.7309,0.482,0.2546,0.1074,0.0167,-0.0404,-0.0776,-0.1025,-0.1194,-0.1308,-0.1384,-0.1433,-0.1465,-0.1485,-0.1498,-0.1509,-0.152,-0.4533,-0.4692,-0.4893,-0.5155,-0.5513,-0.6023,-0.6721,-0.7425,-0.7432,-0.6544,-0.5555,-0.4746,-0.4096,-0.3526,-0.2905,-0.2066,-0.0817,0.0935,0.2642,0.3053,0.2186,0.1097,0.0256,-0.0322,-0.0712,-0.0978,-0.1159,-0.1282,-0.1362,-0.1412,-0.1439,-0.1452,-0.1457,-0.1458,-0.146,-0.1465,-0.4406,-0.4516,-0.4641,-0.4781,-0.4936,-0.5105,-0.5269,-0.5353,-0.5244,-0.5059,-0.4807,-0.4414,-0.4014,-0.3648,-0.3244,-0.271,-0.2017,-0.1209,-0.0438,0.0005,0.0003,-0.0251,-0.0556,-0.0822,-0.1033,-0.119,-0.1302,-0.1376,-0.1419,-0.1438,-0.1439,-0.143,-0.1416,-0.1404,-0.1397,-0.1397,-0.4279,-0.4347,-0.4409,-0.4457,-0.4476,-0.4457,-0.4417,-0.4455,-0.4699,-0.4807,-0.4561,-0.4296,-0.4024,-0.3788,-0.3519,-0.3122,-0.2725,-0.2436,-0.2103,-0.166,-0.132,-0.1175,-0.1169,-0.1229,-0.1308,-0.138,-0.1433,-0.1463,-0.1469,-0.1455,-0.1427,-0.1391,-0.1356,-0.1328,-0.1311,-0.1307,-0.4163,-0.42,-0.422,-0.421,-0.4154,-0.4037,-0.3894,-0.3854,-0.4168,-0.4524,-0.445,-0.4403,-0.4143,-0.3944,-0.3742,-0.3292,-0.3066,-0.3353,-0.3288,-0.2596,-0.2007,-0.1678,-0.1535,-0.1497,-0.1507,-0.153,-0.1545,-0.1539,-0.1509,-0.1458,-0.1394,-0.1326,-0.1265,-0.122,-0.1195,-0.119,-0.4062,-0.4079,-0.4076,-0.404,-0.3953,-0.3794,-0.3585,-0.3932,-0.3239,-0.4023,-0.453,-0.5116,-0.4698,-0.3961,-0.3762,-0.3102,-0.2983,-0.4375,-0.4376,-0.2996,-0.2204,-0.1827,-0.167,-0.1627,-0.163,-0.1641,-0.1636,-0.1602,-0.1536,-0.1442,-0.1332,-0.1222,-0.1129,-0.1065,-0.1034,-0.1036,-0.3978,-0.3986,-0.3975,-0.3936,-0.3854,-0.3704,-0.3437,-0.2893,-0.3146,-0.403,-0.4711,-0.6247,-0.6387,-0.2352,-0.3049,-0.2191,-0.1611,-0.3101,-0.3465,-0.2556,-0.1934,-0.1661,-0.1607,-0.1644,-0.1697,-0.1731,-0.1724,-0.1665,-0.1555,-0.1402,-0.1228,-0.106,-0.0924,-0.0841,-0.0813,-0.0833,-0.3909,-0.3914,-0.3906,-0.3878,-0.3825,-0.3739,-0.3621,-0.3556,-0.3824,-0.4395,-0.481,-0.4768,-0.3944,-0.294,-0.2639,-0.032,0.2171,-0.0656,-0.1824,-0.1687,-0.1275,-0.1197,-0.1393,-0.1601,-0.1752,-0.1836,-0.1838,-0.1749,-0.1575,-0.1336,-0.1064,-0.0807,-0.0615,-0.0516,-0.0509,-0.0569,-0.385,-0.3857,-0.3855,-0.3845,-0.3826,-0.3807,-0.3813,-0.3917,-0.4239,-0.4923,-0.6111,-0.4329,-0.3811,-0.3133,-0.253,-0.0596,0.1159,-0.0429,-0.1171,-0.1019,-0.0363,-0.0538,-0.1159,-0.1587,-0.1861,-0.2016,-0.2032,-0.1892,-0.1615,-0.1237,-0.081,-0.0414,-0.0143,-0.0046,-0.0098,-0.0238,-0.3799,-0.3808,-0.3813,-0.3817,-0.3824,-0.3844,-0.3903,-0.4043,-0.4338,-0.4922,-0.5814,-0.4676,-0.3097,-0.2525,-0.2711,-0.2056,-0.1277,-0.094,-0.0732,-0.0764,-0.0244,-0.0475,-0.1193,-0.1711,-0.2099,-0.2367,-0.2403,-0.2152,-0.1695,-0.1102,-0.0429,0.0193,0.0567,0.0615,0.043,0.0152,-0.3751,-0.3762,-0.3773,-0.3785,-0.3803,-0.3837,-0.3901,-0.4015,-0.4197,-0.4429,-0.4494,-0.394,-0.2853,-0.2605,-0.337,-0.3362,-0.2223,-0.0543,0.0656,-0.062,-0.1006,-0.1157,-0.1537,-0.1981,-0.2504,-0.3029,-0.3107,-0.2581,-0.1811,-0.0928,0.0098,0.1068,0.1559,0.1453,0.1028,0.055,-0.3705,-0.3717,-0.3729,-0.3744,-0.3765,-0.3796,-0.3845,-0.3914,-0.3995,-0.4047,-0.3973,-0.3698,-0.3387,-0.3579,-0.4969,-0.5501,-0.3152,-0.1102,-0.0272,-0.149,-0.167,-0.1711,-0.1894,-0.2245,-0.2925,-0.4012,-0.4219,-0.3012,-0.1845,-0.0733,0.0647,0.2034,0.2611,0.2246,0.153,0.0856,-0.366,-0.367,-0.3682,-0.3695,-0.3713,-0.3735,-0.3765,-0.3798,-0.3822,-0.3814,-0.3746,-0.3628,-0.3583,-0.3885,-0.4822,-0.504,-0.3422,-0.2215,-0.2442,-0.2789,-0.2217,-0.2083,-0.2146,-0.2331,-0.2846,-0.4048,-0.4306,-0.2542,-0.1526,-0.0568,0.0852,0.2393,0.2992,0.2511,0.1688,0.095,-0.3614,-0.3623,-0.3632,-0.3642,-0.3653,-0.3666,-0.3679,-0.3689,-0.3687,-0.3663,-0.3613,-0.3559,-0.356,-0.3698,-0.3926,-0.381,-0.3156,-0.2573,-0.2498,-0.254,-0.2381,-0.2362,-0.2373,-0.2296,-0.2187,-0.1812,-0.0541,-0.0594,-0.0873,-0.0475,0.0548,0.175,0.2305,0.2029,0.1407,0.0793,-0.3569,-0.3575,-0.3581,-0.3587,-0.3592,-0.3596,-0.3597,-0.3592,-0.3578,-0.3549,-0.3509,-0.3469,-0.3451,-0.3463,-0.345,-0.3292,-0.297,-0.2661,-0.2512,-0.2476,-0.252,-0.2708,-0.275,-0.2401,-0.1778,-0.0599,0.0805,0.028,-0.0476,-0.0475,0.008,0.0809,0.1241,0.12,0.0868,0.0461,-0.3524,-0.3527,-0.353,-0.3531,-0.3531,-0.3528,-0.3521,-0.3508,-0.3486,-0.3455,-0.3416,-0.3374,-0.3333,-0.3288,-0.3211,-0.3071,-0.2874,-0.2684,-0.2563,-0.2535,-0.2645,-0.2934,-0.302,-0.2558,-0.1826,-0.0908,-0.0181,-0.0239,-0.056,-0.059,-0.031,0.0094,0.0385,0.0443,0.0306,0.0075,-0.348,-0.348,-0.348,-0.3477,-0.3472,-0.3464,-0.3451,-0.3432,-0.3407,-0.3373,-0.3332,-0.3285,-0.3232,-0.3166,-0.3078,-0.296,-0.282,-0.2687,-0.2593,-0.2565,-0.2633,-0.2779,-0.2789,-0.2467,-0.1939,-0.1363,-0.0937,-0.0806,-0.0828,-0.0786,-0.0618,-0.0387,-0.0199,-0.0125,-0.0166,-0.0286]},{"header":{"la1":42.85,"la2":41.18,"lo1":11.55,"lo2":14.05,"nx":36,"ny":24,"dx":0.07143,"dy":0.07261,"parameterCategory":2,"parameterNumber":3,"parameterNumberName":"northward_wind","parameterUnit":"m.s-1"},"data":[-0.4122,-0.4183,-0.4246,-0.4306,-0.4359,-0.4398,-0.4413,-0.4394,-0.4332,-0.4223,-0.4068,-0.3872,-0.3641,-0.338,-0.3098,-0.2803,-0.2513,-0.2252,-0.2042,-0.1902,-0.1833,-0.1825,-0.1857,-0.1911,-0.1971,-0.2031,-0.2085,-0.2131,-0.2171,-0.2204,-0.2232,-0.2255,-0.2276,-0.2293,-0.2308,-0.2322,-0.4185,-0.4262,-0.4343,-0.4427,-0.4509,-0.4578,-0.4622,-0.4622,-0.4565,-0.4441,-0.4256,-0.4018,-0.3738,-0.3419,-0.3067,-0.269,-0.2309,-0.1962,-0.1694,-0.1536,-0.1492,-0.1534,-0.1624,-0.173,-0.1834,-0.1925,-0.2002,-0.2064,-0.2115,-0.2157,-0.2191,-0.2219,-0.2243,-0.2264,-0.2282,-0.2297,-0.4242,-0.4336,-0.4439,-0.4552,-0.4671,-0.4786,-0.4876,-0.4913,-0.4866,-0.4721,-0.4492,-0.4199,-0.3859,-0.3472,-0.3033,-0.2545,-0.2029,-0.1543,-0.1178,-0.1004,-0.1019,-0.1159,-0.1346,-0.1531,-0.1691,-0.182,-0.1922,-0.2002,-0.2064,-0.2113,-0.2153,-0.2185,-0.2213,-0.2236,-0.2256,-0.2274,-0.429,-0.44,-0.4527,-0.4673,-0.4839,-0.5018,-0.5186,-0.5291,-0.5266,-0.5085,-0.4783,-0.4416,-0.4006,-0.3545,-0.301,-0.2377,-0.1655,-0.093,-0.0391,-0.0207,-0.0363,-0.069,-0.1035,-0.1328,-0.1556,-0.1726,-0.1852,-0.1947,-0.2018,-0.2074,-0.2118,-0.2154,-0.2184,-0.221,-0.2232,-0.2251,-0.4325,-0.4449,-0.4597,-0.4776,-0.4995,-0.5258,-0.5547,-0.5782,-0.5809,-0.555,-0.5123,-0.4656,-0.4177,-0.3651,-0.3023,-0.2223,-0.1204,-0.006,0.0822,0.0986,0.051,-0.0155,-0.0729,-0.1151,-0.1447,-0.1653,-0.1798,-0.1903,-0.1981,-0.204,-0.2087,-0.2126,-0.2158,-0.2185,-0.2209,-0.223,-0.4341,-0.4475,-0.4638,-0.4844,-0.5109,-0.5458,-0.5905,-0.6367,-0.6499,-0.608,-0.5459,-0.4889,-0.4361,-0.3802,-0.3115,-0.2173,-0.0815,0.0975,0.2503,0.2568,0.1467,0.0311,-0.0512,-0.1044,-0.1386,-0.1611,-0.1764,-0.1872,-0.1951,-0.2012,-0.206,-0.21,-0.2134,-0.2163,-0.2189,-0.2211,-0.4337,-0.4473,-0.4642,-0.4859,-0.5145,-0.5539,-0.6091,-0.6766,-0.7025,-0.6422,-0.5674,-0.5076,-0.4553,-0.4007,-0.3327,-0.235,-0.082,0.1486,0.3725,0.3659,0.1932,0.0437,-0.0494,-0.1049,-0.1388,-0.1605,-0.1751,-0.1854,-0.193,-0.1989,-0.2037,-0.2077,-0.2112,-0.2143,-0.2171,-0.2195,-0.4309,-0.4441,-0.4605,-0.4814,-0.5089,-0.546,-0.5953,-0.6503,-0.6699,-0.6299,-0.5754,-0.5237,-0.4758,-0.4267,-0.366,-0.2792,-0.1455,0.0521,0.2469,0.2555,0.1228,0.0039,-0.0713,-0.1166,-0.1447,-0.1629,-0.1754,-0.1844,-0.1913,-0.1969,-0.2016,-0.2057,-0.2094,-0.2126,-0.2155,-0.2181,-0.426,-0.438,-0.4527,-0.4714,-0.4958,-0.528,-0.5692,-0.6132,-0.6429,-0.6399,-0.5986,-0.5448,-0.4988,-0.4572,-0.4071,-0.3362,-0.2368,-0.1125,-0.0014,0.0301,-0.0107,-0.0646,-0.1061,-0.1344,-0.1534,-0.1667,-0.1763,-0.1838,-0.1899,-0.1951,-0.1997,-0.2039,-0.2078,-0.2113,-0.2144,-0.2171,-0.4191,-0.4293,-0.4415,-0.4568,-0.4769,-0.5052,-0.5485,-0.6209,-0.7286,-0.7621,-0.6607,-0.5702,-0.5226,-0.4915,-0.452,-0.3893,-0.3053,-0.2168,-0.1471,-0.112,-0.109,-0.1216,-0.137,-0.1504,-0.1611,-0.1697,-0.1767,-0.1827,-0.1881,-0.1931,-0.1979,-0.2024,-0.2066,-0.2104,-0.2137,-0.2167,-0.4107,-0.4186,-0.4276,-0.4383,-0.4525,-0.4743,-0.5146,-0.6091,-0.8829,-1.0169,-0.7201,-0.5814,-0.5434,-0.5298,-0.5021,-0.4338,-0.3338,-0.2359,-0.177,-0.1556,-0.1501,-0.1507,-0.1542,-0.1592,-0.1646,-0.1701,-0.1754,-0.1806,-0.1857,-0.1909,-0.1961,-0.2012,-0.2059,-0.2102,-0.2139,-0.217,-0.4014,-0.4067,-0.4119,-0.4172,-0.4231,-0.4336,-0.4655,-0.526,-0.6516,-0.8112,-0.6393,-0.5683,-0.5624,-0.5567,-0.5602,-0.4709,-0.3203,-0.1546,-0.104,-0.1348,-0.1521,-0.1555,-0.1564,-0.1587,-0.1624,-0.167,-0.1719,-0.1771,-0.1826,-0.1884,-0.1945,-0.2006,-0.2062,-0.2111,-0.2152,-0.2183,-0.3917,-0.3945,-0.3962,-0.3957,-0.3918,-0.3839,-0.392,-0.7267,-0.2182,-0.4547,-0.5232,-0.5615,-0.5975,-0.5965,-0.617,-0.4905,-0.2945,0.0134,0.0287,-0.1018,-0.1393,-0.1433,-0.1445,-0.1487,-0.1544,-0.1603,-0.1661,-0.1721,-0.1786,-0.1858,-0.1934,-0.2011,-0.2081,-0.2139,-0.2182,-0.2212,-0.3822,-0.383,-0.3818,-0.3771,-0.3657,-0.3396,-0.2708,-0.0353,-0.1014,-0.3515,-0.4604,-0.564,-0.6281,-0.9245,-0.6336,-0.4887,-0.3544,-0.1285,-0.0659,-0.1181,-0.118,-0.1105,-0.1171,-0.1299,-0.1418,-0.151,-0.1586,-0.1659,-0.1739,-0.1832,-0.1935,-0.2038,-0.2128,-0.2196,-0.2239,-0.2263,-0.3734,-0.3727,-0.37,-0.3636,-0.3508,-0.3262,-0.2821,-0.2336,-0.2629,-0.3321,-0.3682,-0.4296,-0.5757,-0.6897,-0.5816,-0.4746,-0.4761,-0.3234,-0.198,-0.1215,-0.048,-0.0356,-0.0714,-0.1054,-0.1274,-0.1408,-0.1502,-0.1587,-0.1687,-0.1812,-0.1958,-0.2103,-0.2223,-0.23,-0.2336,-0.2342,-0.3654,-0.364,-0.3606,-0.3545,-0.3442,-0.3288,-0.3102,-0.2986,-0.3025,-0.2938,-0.2362,-0.2303,-0.317,-0.4503,-0.4382,-0.4256,-0.4374,-0.3277,-0.2079,-0.0658,0.1145,0.0863,-0.0227,-0.0853,-0.1164,-0.1324,-0.1421,-0.1508,-0.1627,-0.18,-0.2018,-0.2236,-0.2399,-0.2479,-0.2488,-0.2457,-0.3582,-0.3564,-0.3531,-0.3479,-0.3404,-0.3309,-0.3209,-0.3125,-0.3027,-0.2772,-0.2327,-0.2248,-0.0875,-0.0197,-0.2593,-0.3216,-0.3154,-0.258,-0.1896,-0.069,0.135,0.0982,-0.0199,-0.0827,-0.1131,-0.1287,-0.1365,-0.1424,-0.1549,-0.1792,-0.2137,-0.2484,-0.2709,-0.2764,-0.2705,-0.2606,-0.3517,-0.3497,-0.3466,-0.3422,-0.3364,-0.3294,-0.3215,-0.3126,-0.3,-0.2798,-0.2525,-0.2011,-0.03,0.0077,-0.1895,-0.2429,-0.2462,-0.2119,-0.1948,-0.1388,-0.0467,-0.0269,-0.062,-0.0938,-0.1166,-0.1348,-0.1399,-0.1345,-0.1427,-0.1768,-0.2327,-0.2897,-0.3196,-0.3164,-0.2973,-0.2768,-0.3458,-0.3437,-0.3407,-0.3368,-0.3318,-0.3257,-0.3185,-0.3095,-0.2974,-0.2805,-0.2563,-0.2172,-0.1651,-0.1639,-0.2003,-0.2033,-0.2156,-0.1956,-0.1784,-0.1384,-0.1122,-0.0934,-0.0921,-0.1001,-0.1192,-0.1593,-0.1676,-0.1243,-0.1192,-0.1669,-0.2528,-0.3407,-0.3763,-0.3571,-0.3208,-0.2894,-0.3402,-0.3381,-0.3352,-0.3315,-0.3268,-0.3212,-0.3144,-0.3058,-0.2948,-0.2805,-0.2618,-0.2387,-0.2175,-0.21,-0.2074,-0.2054,-0.2048,-0.1772,-0.1214,-0.0997,-0.1162,-0.1062,-0.0949,-0.0896,-0.0976,-0.1492,-0.1614,-0.0659,-0.0689,-0.1401,-0.2514,-0.3597,-0.3983,-0.3708,-0.3272,-0.2919,-0.335,-0.3328,-0.3299,-0.3263,-0.3219,-0.3165,-0.31,-0.3021,-0.2923,-0.2804,-0.2662,-0.2508,-0.2368,-0.2266,-0.2189,-0.2124,-0.2002,-0.1727,-0.135,-0.1178,-0.1123,-0.0914,-0.0743,-0.0639,-0.0405,0.0186,0.1439,0.1159,0.0111,-0.0966,-0.2125,-0.313,-0.3548,-0.3414,-0.31,-0.2818,-0.3301,-0.3278,-0.3249,-0.3214,-0.3171,-0.312,-0.3058,-0.2985,-0.2899,-0.2798,-0.2684,-0.2565,-0.2449,-0.2345,-0.2249,-0.2142,-0.1988,-0.1762,-0.1504,-0.1269,-0.095,-0.049,-0.0317,-0.0376,-0.0008,0.121,0.2747,0.205,0.0586,-0.0603,-0.1622,-0.2424,-0.2846,-0.2905,-0.2783,-0.2628,-0.3255,-0.3232,-0.3202,-0.3167,-0.3126,-0.3076,-0.3018,-0.2951,-0.2873,-0.2785,-0.2688,-0.2586,-0.2482,-0.2378,-0.227,-0.2145,-0.1986,-0.1784,-0.1542,-0.1238,-0.0774,-0.0178,-0.0036,-0.0264,-0.0041,0.0754,0.1497,0.1249,0.0378,-0.0515,-0.1291,-0.1899,-0.228,-0.2442,-0.246,-0.2416,-0.3212,-0.3188,-0.3158,-0.3124,-0.3083,-0.3035,-0.298,-0.2917,-0.2846,-0.2767,-0.268,-0.2588,-0.249,-0.2387,-0.2275,-0.2145,-0.1988,-0.1797,-0.1561,-0.1255,-0.0846,-0.0422,-0.0287,-0.0371,-0.0252,0.012,0.0432,0.0352,-0.0078,-0.063,-0.1164,-0.161,-0.1928,-0.2116,-0.2203,-0.223]}]