docs/data/wind_grid.json
[{"header":{"la1":42.85,"la2":41.18,"lo1":11.55,"lo2":14.05,"nx":36,"ny":24,"dx":0.07143,"dy":0.07261,"parameterCategory":2,"parameterNumber":2,"parameterNumberName":"eastward_wind","parameterUnit":"m.s-1"},"data":[3.8492,3.8593,3.869,3.8775,3.8835,3.8849,3.8788,3.8616,3.8304,3.7834,3.7205,3.6433,3.5548,3.461,3.3734,3.3073,3.2751,3.277,3.3006,3.3313,3.359,3.3794,3.3915,3.3964,3.3954,3.3897,3.3806,3.3691,3.3558,3.3415,3.3267,3.3119,3.2973,3.2834,3.2703,3.2583,3.8686,3.8823,3.8966,3.911,3.9243,3.9337,3.9351,3.9224,3.8901,3.8349,3.7567,3.6572,3.5386,3.4059,3.2749,3.1766,3.1407,3.1666,3.2245,3.2844,3.3317,3.3635,3.3816,3.3891,3.3886,3.3824,3.3721,3.3589,3.344,3.328,3.3115,3.295,3.279,3.2639,3.2498,3.2371,3.8874,3.905,3.9248,3.9466,3.97,3.9923,4.0074,4.0053,3.9745,3.9091,3.8111,3.6844,3.5285,3.3413,3.1381,2.9782,2.9389,3.0177,3.1369,3.2394,3.3103,3.3534,3.3761,3.3846,3.3834,3.3756,3.3633,3.348,3.3309,3.3127,3.2941,3.2758,3.2582,3.2416,3.2265,3.213,3.9049,3.9264,3.9517,3.9821,4.0185,4.0601,4.1001,4.1208,4.0972,4.0164,3.8896,3.7314,3.5385,3.2917,2.9875,2.7202,2.6789,2.8552,3.0631,3.2127,3.3033,3.3531,3.3767,3.3837,3.38,3.3693,3.3541,3.3359,3.316,3.2952,3.2742,3.2537,3.2342,3.2161,3.1997,3.1854,3.9203,3.945,3.9752,4.0136,4.0644,4.1318,4.2137,4.2832,4.2792,4.1672,3.9914,3.7984,3.5839,3.3084,2.9356,2.5668,2.5217,2.7885,3.0563,3.2258,3.3189,3.3654,3.3841,3.3862,3.3778,3.3629,3.3438,3.322,3.2987,3.2748,3.251,3.2279,3.2063,3.1864,3.1688,3.1537,3.9328,3.9597,3.9929,4.0365,4.0982,4.1911,4.3302,4.4931,4.5373,4.3532,4.0932,3.8682,3.6611,3.4202,3.1053,2.7918,2.7371,2.9415,3.1539,3.2876,3.3581,3.3893,3.3971,3.3908,3.3758,3.3554,3.3315,3.3055,3.2783,3.2508,3.2237,3.1977,3.1735,3.1517,3.1328,3.117,3.9423,3.9699,4.0035,4.0472,4.1096,4.2098,4.3836,4.6454,4.7594,4.4689,4.1341,3.9096,3.7401,3.5718,3.3809,3.2065,3.1495,3.2177,3.3126,3.3786,3.4112,3.4195,3.4122,3.3952,3.3722,3.3454,3.3161,3.2853,3.2537,3.2221,3.1912,3.1618,3.1348,3.1108,3.0905,3.0741,3.949,3.9764,4.0084,4.0472,4.0982,4.174,4.3014,4.4941,4.5652,4.3194,4.0653,3.9068,3.7948,3.6941,3.5921,3.5014,3.4505,3.4453,3.4593,3.4684,3.4644,3.4487,3.425,3.3963,3.3647,3.3312,3.2963,3.2604,3.224,3.1876,3.1523,3.1189,3.0885,3.0621,3.0404,3.0237,3.9536,3.9807,4.0108,4.0439,4.0798,4.1184,4.158,4.1841,4.1429,4.0323,3.9422,3.8799,3.8264,3.7738,3.7184,3.6635,3.6192,3.5895,3.5668,3.5409,3.5083,3.4706,3.4308,3.3907,3.3509,3.3111,3.2707,3.2296,3.1879,3.1461,3.1054,3.0671,3.0328,3.0036,2.9806,2.964,3.9565,3.9841,4.0141,4.0457,4.0755,4.0953,4.0856,4.0106,3.856,3.7759,3.8303,3.859,3.8512,3.8293,3.7959,3.7536,3.7139,3.6813,3.6457,3.5975,3.5398,3.4805,3.4251,3.3748,3.3282,3.2833,3.2382,3.1918,3.1442,3.0959,3.0485,3.0041,2.9648,2.9325,2.9083,2.8926,3.9578,3.9866,4.0192,4.0554,4.0937,4.1277,4.1335,4.0285,3.6552,3.4837,3.7644,3.8669,3.8839,3.8812,3.8547,3.8086,3.7735,3.7572,3.7233,3.649,3.5576,3.4727,3.4021,3.3442,3.294,3.2463,3.1977,3.1463,3.0918,3.0354,2.9793,2.9267,2.8809,2.8447,2.8198,2.8063,3.9565,3.987,4.0232,4.0673,4.1234,4.1969,4.2891,4.3266,3.9828,3.7072,3.8499,3.9166,3.9251,3.9442,3.9104,3.8377,3.815,3.8668,3.8485,3.7047,3.5523,3.4346,3.3522,3.2937,3.246,3.1996,3.1493,3.0927,3.0298,2.9624,2.8941,2.83,2.7754,2.7347,2.7101,2.7012,3.9517,3.9828,4.0211,4.0707,4.1392,4.2418,4.4007,4.5812,4.4075,4.0639,3.9718,4.0259,3.9861,3.9561,3.9198,3.8202,3.8219,4.0336,4.0233,3.7219,3.4867,3.34,3.2611,3.218,3.1838,3.1443,3.0941,3.0317,2.9577,2.8748,2.7885,2.7071,2.6399,2.594,2.5719,2.5718,3.9425,3.9725,4.0095,4.0573,4.1227,4.2161,4.3442,4.4681,4.3651,4.0895,3.99,4.1659,4.1839,3.5707,3.7686,3.737,3.7176,3.8622,3.8512,3.5616,3.2875,3.1425,3.1109,3.1159,3.1113,3.0845,3.0354,2.9654,2.8758,2.7698,2.6554,2.5471,2.4613,2.4099,2.3953,2.4119,3.929,3.9559,3.9881,4.0277,4.0774,4.138,4.2005,4.223,4.1326,3.9801,3.8972,3.8931,3.8172,3.7025,3.7111,3.6294,3.5339,3.6029,3.5236,3.2233,2.8567,2.7729,2.8962,3.0013,3.0406,3.0279,2.9784,2.898,2.7864,2.645,2.4853,2.3326,2.2184,2.1634,2.1674,2.2149,3.9119,3.9344,3.9599,3.9888,4.0202,4.0501,4.0667,4.0477,3.9771,3.8815,3.8165,3.7303,3.7409,3.7295,3.7029,3.6201,3.5465,3.5133,3.3337,2.8571,2.1281,2.2451,2.6882,2.9168,2.9911,2.984,2.9303,2.8368,2.6955,2.5,2.2642,2.0354,1.8778,1.8282,1.8742,1.977,3.8924,3.9101,3.9289,3.9479,3.965,3.9759,3.9729,3.9476,3.8989,3.8423,3.8069,3.7656,3.7258,3.7111,3.7034,3.6502,3.5676,3.4503,3.2838,2.8592,2.0428,2.1989,2.687,2.9156,2.9772,2.9592,2.9002,2.7946,2.6154,2.3391,1.9762,1.6148,1.3937,1.3774,1.5109,1.706,3.8717,3.8851,3.8981,3.9096,3.9176,3.919,3.9102,3.8886,3.8565,3.822,3.7926,3.7611,3.7226,3.7132,3.7318,3.7056,3.5797,3.3976,3.3054,3.1747,2.8371,2.7597,2.8991,2.9872,2.9888,2.954,2.9022,2.7864,2.5617,2.1787,1.6207,1.0411,0.741,0.8206,1.1093,1.4343,3.851,3.8606,3.8691,3.8755,3.8782,3.8755,3.8658,3.8488,3.8262,3.8019,3.7781,3.7552,3.7377,3.7452,3.8274,3.8601,3.6392,3.4325,3.3526,3.3573,3.2381,3.1367,3.1088,3.0716,3.0008,2.9685,2.9527,2.8016,2.5318,2.0562,1.2787,0.4245,0.0594,0.3009,0.7762,1.2288,3.8307,3.8374,3.8427,3.8457,3.8455,3.8411,3.8319,3.8181,3.8009,3.782,3.7631,3.7462,3.7365,3.7484,3.808,3.8163,3.6511,3.503,3.473,3.4875,3.4034,3.342,3.2817,3.1612,3.0034,2.9514,2.9451,2.7277,2.4889,2.0244,1.1732,0.1985,-0.187,0.1281,0.6726,1.1661,3.8113,3.8158,3.8187,3.8195,3.8176,3.8125,3.804,3.7923,3.7781,3.7625,3.7467,3.7323,3.7222,3.721,3.7256,3.6994,3.6172,3.5316,3.4918,3.4866,3.5009,3.5523,3.5249,3.3168,3.0131,2.7331,2.4612,2.4601,2.4272,2.0949,1.412,0.6258,0.2641,0.4472,0.8607,1.2721,3.793,3.7957,3.7969,3.7962,3.7934,3.788,3.78,3.7695,3.7572,3.7435,3.7292,3.7151,3.7024,3.6907,3.6753,3.645,3.597,3.55,3.5281,3.5512,3.6711,3.9154,3.9667,3.5967,3.0944,2.602,2.2437,2.3376,2.4095,2.2111,1.7703,1.2647,0.9739,1.001,1.2223,1.4955,3.7757,3.777,3.777,3.7753,3.7718,3.7662,3.7585,3.7489,3.7376,3.7249,3.7113,3.697,3.6822,3.666,3.646,3.6194,3.5886,3.5643,3.5649,3.6233,3.8121,4.1677,4.2676,3.8108,3.2437,2.7748,2.5016,2.4724,2.4698,2.3346,2.0672,1.7631,1.5555,1.5123,1.602,1.7568,3.7594,3.7597,3.7587,3.7563,3.7523,3.7465,3.739,3.7298,3.7191,3.707,3.6938,3.6794,3.6638,3.6465,3.6267,3.6046,3.5833,3.571,3.5818,3.6409,3.7847,3.99,4.0214,3.7296,3.3244,2.9765,2.7524,2.6477,2.5766,2.4612,2.2887,2.1003,1.9574,1.8992,1.9231,2.0018]},{"header":{"la1":42.85,"la2":41.18,"lo1":11.55,"lo2":14.05,"nx":36,"ny":24,"dx":0.07143,"dy":0.07261,"parameterCategory":2,"parameterNumber":3,"parameterNumberName":"northward_wind","parameterUnit":"m.s-1"},"data":[1.2251,1.2337,1.2432,1.2534,1.2638,1.2734,1.2812,1.2858,1.2864,1.2827,1.2756,1.266,1.2548,1.2431,1.2321,1.2239,1.2201,1.2207,1.2237,1.2268,1.2285,1.2281,1.2256,1.2212,1.2153,1.2082,1.2004,1.1921,1.1835,1.1748,1.1661,1.1578,1.1497,1.142,1.1348,1.1281,1.2262,1.2362,1.2477,1.2607,1.2746,1.2883,1.3,1.3071,1.3077,1.3016,1.2903,1.2757,1.2591,1.2412,1.2236,1.2105,1.2061,1.2106,1.2192,1.227,1.2317,1.2328,1.2306,1.2259,1.2193,1.2113,1.2024,1.1929,1.1832,1.1735,1.164,1.1548,1.146,1.1377,1.13,1.1229,1.2262,1.2376,1.2514,1.2678,1.2868,1.3071,1.3257,1.3379,1.3391,1.3286,1.3101,1.2882,1.2643,1.2374,1.2083,1.1849,1.1798,1.1932,1.2125,1.2279,1.2366,1.2391,1.237,1.2316,1.2238,1.2145,1.2042,1.1934,1.1825,1.1717,1.1611,1.151,1.1414,1.1325,1.1242,1.1167,1.2247,1.2372,1.2532,1.2736,1.2992,1.3298,1.3616,1.385,1.3883,1.3687,1.3369,1.3043,1.2723,1.2354,1.1891,1.1464,1.1402,1.1713,1.2076,1.2323,1.2447,1.2481,1.2453,1.2384,1.2289,1.2178,1.2058,1.1935,1.1811,1.169,1.1572,1.1461,1.1357,1.126,1.1172,1.1094,1.2211,1.2342,1.2517,1.2756,1.3089,1.3542,1.4098,1.4593,1.4697,1.4291,1.3706,1.3226,1.2852,1.244,1.185,1.1216,1.1137,1.1641,1.2148,1.2452,1.2586,1.2607,1.2557,1.2464,1.2345,1.2211,1.2071,1.1928,1.1788,1.1652,1.1521,1.1399,1.1285,1.1182,1.1088,1.1006,1.2151,1.2278,1.2454,1.2709,1.3098,1.3707,1.4622,1.5679,1.6008,1.5104,1.4016,1.3369,1.302,1.2702,1.2221,1.1669,1.158,1.2013,1.2456,1.2709,1.2798,1.2776,1.2686,1.2556,1.2404,1.2241,1.2075,1.1911,1.1752,1.1599,1.1455,1.1321,1.1197,1.1086,1.0987,1.0901,1.2068,1.2179,1.2333,1.2565,1.2941,1.3598,1.4775,1.6531,1.7277,1.559,1.3994,1.3352,1.318,1.3087,1.2888,1.2631,1.2568,1.2755,1.2976,1.309,1.3084,1.2989,1.2837,1.2655,1.246,1.2263,1.2068,1.188,1.17,1.1529,1.137,1.1222,1.1088,1.0969,1.0865,1.0777,1.1967,1.2049,1.2162,1.2326,1.2592,1.3066,1.3955,1.536,1.5915,1.4419,1.3289,1.3115,1.3326,1.3537,1.3605,1.3563,1.3534,1.3569,1.3605,1.3567,1.3437,1.3238,1.3002,1.2754,1.2507,1.227,1.2044,1.183,1.1627,1.1438,1.1261,1.11,1.0954,1.0827,1.0718,1.0628,1.1855,1.1905,1.1965,1.2041,1.2142,1.2284,1.248,1.2631,1.2349,1.1827,1.2018,1.2775,1.3573,1.4137,1.439,1.4425,1.4401,1.4381,1.4314,1.4136,1.3853,1.3515,1.3169,1.2839,1.2534,1.2254,1.1995,1.1755,1.153,1.1319,1.1125,1.0947,1.0789,1.0652,1.0539,1.045,1.1742,1.1763,1.1779,1.1781,1.1748,1.1632,1.1304,1.0459,0.8902,0.8478,1.0446,1.2577,1.4145,1.5108,1.5417,1.5337,1.5266,1.5296,1.5208,1.4858,1.434,1.3801,1.3312,1.289,1.2526,1.2205,1.1916,1.165,1.1402,1.117,1.0954,1.0757,1.0584,1.0439,1.0322,1.0236,1.1637,1.1638,1.1627,1.1594,1.1517,1.1349,1.0949,0.9737,0.5937,0.4099,0.9235,1.2864,1.5276,1.683,1.6925,1.6317,1.6182,1.6584,1.6602,1.5862,1.4891,1.4049,1.3393,1.2881,1.2466,1.2113,1.18,1.1512,1.124,1.0983,1.0741,1.0521,1.033,1.0174,1.0056,0.9976,1.1544,1.1534,1.1514,1.1483,1.1439,1.1393,1.1375,1.1159,0.8641,0.6804,1.04,1.364,1.6664,1.9879,1.904,1.7067,1.708,1.9014,1.9256,1.7216,1.5366,1.4147,1.3348,1.2781,1.2341,1.1973,1.1645,1.1338,1.1042,1.0754,1.0479,1.0226,1.001,0.9842,0.9726,0.9661,1.1459,1.1445,1.1427,1.1411,1.1416,1.1496,1.1773,1.2271,1.1618,1.0698,1.196,1.4134,1.6133,2.0742,1.9634,1.6622,1.7296,2.2834,2.2885,1.8078,1.5332,1.3926,1.3118,1.2572,1.2147,1.1784,1.1453,1.1132,1.0809,1.048,1.0154,0.9853,0.9602,0.9419,0.9311,0.9273,1.1381,1.1363,1.1345,1.1337,1.1358,1.1452,1.1675,1.1962,1.1679,1.119,1.1919,1.4374,1.5041,1.2608,1.4872,1.4442,1.4943,1.912,1.9855,1.6537,1.4385,1.3313,1.2711,1.2272,1.1897,1.1558,1.1234,1.0903,1.0546,1.0156,0.9751,0.9372,0.9066,0.8867,0.8783,0.8795,1.1307,1.1283,1.1259,1.1242,1.124,1.1268,1.1317,1.1278,1.089,1.0187,0.9895,1.0941,1.1574,1.0128,1.2251,1.2133,1.1203,1.3568,1.4695,1.3912,1.2985,1.2543,1.2251,1.1937,1.1618,1.1314,1.101,1.0673,1.0269,0.9783,0.9244,0.8731,0.834,0.8131,0.8103,0.8207,1.1234,1.1202,1.1168,1.113,1.1088,1.1032,1.0921,1.0646,0.9978,0.8483,0.5723,0.7816,0.9178,1.0432,1.1103,1.1345,1.1216,1.1928,1.2338,1.2297,1.2145,1.2088,1.1894,1.1613,1.1333,1.1076,1.0812,1.0481,1.0011,0.9368,0.8596,0.7847,0.7322,0.7129,0.7228,0.7498,1.1164,1.1123,1.1075,1.1016,1.0936,1.0817,1.0615,1.0236,0.9507,0.8103,0.6073,0.7491,0.851,0.8662,0.9781,1.0283,1.0653,1.0769,1.0791,1.1388,1.199,1.1912,1.1576,1.1279,1.1055,1.0884,1.07,1.0391,0.9831,0.8937,0.7758,0.659,0.5867,0.5778,0.6143,0.669,1.1098,1.1049,1.099,1.0913,1.081,1.0661,1.0434,1.0076,0.9528,0.8797,0.8253,0.843,0.8408,0.8299,0.8126,0.8015,0.9222,0.9616,0.9115,1.0432,1.1235,1.1314,1.1091,1.089,1.0813,1.0804,1.0743,1.0475,0.9802,0.8549,0.6721,0.4854,0.3889,0.41,0.494,0.5879,1.1037,1.0983,1.0915,1.0829,1.0716,1.0563,1.0352,1.0063,0.9696,0.9304,0.9019,0.8879,0.8635,0.7871,0.5027,0.3862,0.7756,0.9494,0.9754,1.0925,1.0933,1.0674,1.0446,1.0429,1.0649,1.0869,1.0902,1.0718,0.9966,0.8336,0.5723,0.296,0.1803,0.2527,0.3941,0.5264,1.0984,1.0926,1.0854,1.0765,1.0653,1.0509,1.0327,1.0101,0.9842,0.9579,0.9342,0.9099,0.8681,0.7655,0.5423,0.4825,0.7707,0.9855,1.1768,1.2488,1.0923,0.986,0.9438,0.9735,1.0466,1.0947,1.1014,1.1127,1.0347,0.8492,0.5472,0.2264,0.1043,0.2003,0.3628,0.5071,1.0938,1.0878,1.0806,1.0719,1.0612,1.0483,1.0328,1.0147,0.9948,0.9741,0.9525,0.9266,0.8874,0.8223,0.7445,0.7444,0.8563,0.9869,1.1043,1.1247,0.9755,0.7935,0.7309,0.8353,1.0042,1.1489,1.2679,1.232,1.0969,0.9023,0.6335,0.3633,0.2443,0.2973,0.4187,0.5376,1.0898,1.0839,1.0768,1.0685,1.0587,1.0472,1.0339,1.019,1.0027,0.9853,0.9662,0.9438,0.9153,0.8813,0.8548,0.8615,0.9058,0.9591,0.9868,0.9349,0.7307,0.4057,0.3159,0.5936,0.9181,1.1846,1.3676,1.2976,1.132,0.9543,0.7536,0.566,0.4632,0.4644,0.5255,0.6018,1.0865,1.0807,1.074,1.0662,1.0572,1.0469,1.0354,1.0227,1.0089,0.9942,0.9781,0.9602,0.9406,0.9215,0.9094,0.9108,0.9233,0.9312,0.9069,0.8038,0.5466,0.1405,0.0352,0.4146,0.8086,1.0784,1.2164,1.1994,1.0987,0.9737,0.8393,0.7168,0.6378,0.6153,0.6353,0.6756,1.0838,1.0782,1.0718,1.0645,1.0563,1.0472,1.0371,1.0261,1.0142,1.0016,0.9882,0.9741,0.9598,0.9468,0.9375,0.9327,0.9284,0.9133,0.8679,0.7621,0.5633,0.3173,0.2627,0.4875,0.7631,0.963,1.068,1.0842,1.0411,0.9688,0.8855,0.8075,0.751,0.7245,0.7249,0.7429]}]