docs/data/wind_grid.json
[{"header":{"la1":42.85,"la2":41.18,"lo1":11.55,"lo2":14.05,"nx":36,"ny":24,"dx":0.07143,"dy":0.07261,"parameterCategory":2,"parameterNumber":2,"parameterNumberName":"eastward_wind","parameterUnit":"m.s-1"},"data":[0.9396,0.9681,0.9995,1.0331,1.0676,1.1004,1.1287,1.1492,1.1608,1.1652,1.167,1.172,1.185,1.2065,1.2312,1.2481,1.2455,1.2201,1.1778,1.1282,1.079,1.0338,0.9938,0.9589,0.9282,0.901,0.8767,0.8547,0.8345,0.816,0.7989,0.783,0.7683,0.7546,0.7421,0.7305,0.9431,0.9762,1.014,1.0562,1.1013,1.146,1.185,1.2121,1.2233,1.2207,1.2131,1.212,1.2274,1.2627,1.3104,1.3483,1.3503,1.3096,1.243,1.1711,1.1055,1.0496,1.0028,0.9636,0.9301,0.901,0.8752,0.8521,0.831,0.8116,0.7937,0.7771,0.7617,0.7475,0.7344,0.7225,0.9435,0.9813,1.0264,1.0794,1.1396,1.2033,1.2619,1.3022,1.3132,1.2962,1.2682,1.252,1.2661,1.3206,1.4088,1.489,1.4987,1.4251,1.3156,1.2115,1.1265,1.0598,1.0072,0.9646,0.9292,0.8987,0.872,0.8479,0.826,0.8058,0.7872,0.7698,0.7538,0.739,0.7255,0.7132,0.939,0.9811,1.0337,1.0994,1.1799,1.2734,1.3686,1.4389,1.4528,1.4065,1.3367,1.2885,1.2916,1.3644,1.5096,1.6633,1.6831,1.5476,1.3761,1.2367,1.1351,1.0611,1.0054,0.9614,0.9252,0.8942,0.8669,0.8423,0.8197,0.7988,0.7793,0.7612,0.7445,0.7291,0.715,0.7023,0.9282,0.9729,1.0315,1.1094,1.2137,1.3499,1.5111,1.6515,1.6821,1.5736,1.4205,1.316,1.2928,1.3651,1.5452,1.7645,1.7924,1.5984,1.3849,1.23,1.1249,1.0512,0.9966,0.9537,0.9182,0.8875,0.8602,0.8352,0.812,0.7903,0.77,0.7511,0.7336,0.7175,0.7029,0.6898,0.9096,0.9542,1.0148,1.1001,1.2238,1.4066,1.6665,1.9544,2.0429,1.8009,1.5011,1.3224,1.2641,1.3065,1.4452,1.6204,1.6462,1.4913,1.3158,1.1857,1.0957,1.0312,0.9822,0.9427,0.9091,0.8793,0.8522,0.8269,0.8031,0.7805,0.7593,0.7393,0.7208,0.7039,0.6886,0.6752,0.8827,0.9232,0.9797,1.0619,1.1879,1.3908,1.724,2.1878,2.3785,1.9464,1.5059,1.2867,1.21,1.2175,1.2811,1.3584,1.3717,1.3008,1.2044,1.1211,1.0565,1.0061,0.9651,0.9301,0.899,0.8704,0.8435,0.8178,0.7931,0.7694,0.7468,0.7255,0.7058,0.6879,0.6719,0.6581,0.848,0.8805,0.926,0.9926,1.0954,1.2621,1.5364,1.917,2.0624,1.7035,1.3652,1.203,1.1454,1.1407,1.1602,1.1819,1.1823,1.1534,1.1085,1.0621,1.0199,0.9826,0.9492,0.9185,0.8896,0.8619,0.8348,0.8083,0.7823,0.7569,0.7326,0.7095,0.6882,0.669,0.6522,0.6379,0.8077,0.8293,0.8586,0.9004,0.9626,1.0576,1.1952,1.3437,1.383,1.2805,1.1693,1.1088,1.0945,1.1015,1.1079,1.1055,1.0945,1.0761,1.052,1.0244,0.9953,0.9663,0.938,0.9102,0.8825,0.8548,0.8268,0.7988,0.7707,0.743,0.7161,0.6905,0.6671,0.6463,0.6285,0.614,0.7647,0.7742,0.7856,0.8,0.8195,0.8488,0.8967,0.9707,1.0531,1.0812,1.051,1.0471,1.0825,1.1196,1.1231,1.0976,1.0699,1.0512,1.0347,1.013,0.9872,0.9608,0.9343,0.9072,0.8791,0.8501,0.8202,0.7895,0.7584,0.7273,0.6968,0.6679,0.6415,0.6187,0.5998,0.5852,0.7223,0.7205,0.7154,0.7052,0.6874,0.6629,0.6512,0.7322,1.0341,1.1689,1.0079,1.0195,1.1269,1.2283,1.217,1.1344,1.0777,1.0669,1.0591,1.0304,0.9967,0.9673,0.94,0.9115,0.881,0.8488,0.8155,0.781,0.7455,0.7094,0.6738,0.6401,0.6098,0.5844,0.5644,0.5501,0.6833,0.6723,0.6546,0.626,0.5799,0.5078,0.4083,0.3619,0.6926,0.9646,0.9088,0.9942,1.2084,1.4868,1.399,1.1765,1.089,1.1428,1.1523,1.0771,1.0205,0.9875,0.9586,0.9258,0.8896,0.8518,0.8132,0.7734,0.7318,0.6887,0.6457,0.6051,0.5694,0.5406,0.5198,0.5067,0.6494,0.6324,0.6071,0.5688,0.5094,0.415,0.2671,0.1004,0.2616,0.5982,0.7797,0.9535,1.142,1.5676,1.4557,1.1188,1.0538,1.2981,1.3044,1.1178,1.0521,1.03,0.9991,0.9548,0.9064,0.8596,0.8141,0.7674,0.7175,0.6645,0.6105,0.5595,0.516,0.4833,0.4625,0.4525,0.6215,0.6014,0.5735,0.5341,0.4777,0.3968,0.2886,0.1875,0.2638,0.4783,0.6523,0.9391,1.0372,0.9916,1.0158,0.8925,0.856,1.0899,1.1591,1.089,1.1196,1.1349,1.0824,1.0033,0.9311,0.8718,0.819,0.7647,0.7038,0.6358,0.5648,0.4979,0.4432,0.4062,0.3876,0.3843,0.5991,0.5782,0.551,0.5157,0.4702,0.4145,0.3561,0.3217,0.3424,0.3626,0.3673,0.4963,0.6314,0.5015,0.7093,0.639,0.5345,0.734,0.9073,1.1066,1.3754,1.4066,1.2319,1.0659,0.9573,0.8875,0.8312,0.7695,0.6933,0.6021,0.5034,0.4109,0.34,0.2995,0.2884,0.2985,0.5814,0.561,0.536,0.5056,0.47,0.4308,0.3929,0.36,0.3133,0.1763,-0.1229,0.0299,0.2164,0.4198,0.4958,0.5238,0.5204,0.5836,0.7499,1.2446,2.0381,1.904,1.3939,1.1046,0.972,0.9098,0.8608,0.792,0.6919,0.563,0.4181,0.2832,0.1887,0.1498,0.1578,0.1932,0.5674,0.548,0.5251,0.4986,0.4688,0.4361,0.4006,0.3563,0.2813,0.1296,-0.0952,0.0107,-0.0251,-0.0721,0.2279,0.3304,0.3689,0.3416,0.4015,1.0166,2.098,1.9183,1.3396,1.0614,0.9713,0.9579,0.9331,0.8504,0.7091,0.5192,0.2976,0.0913,-0.0351,-0.0574,-0.0072,0.0713,0.5561,0.5377,0.5167,0.4927,0.4658,0.4355,0.4,0.3541,0.2881,0.198,0.1172,0.0784,-0.0814,-0.1325,-0.0214,-0.0092,0.1058,-0.0083,-0.2304,0.331,0.9939,1.1702,1.0326,0.9474,0.9829,1.0797,1.0931,0.963,0.7502,0.4739,0.1364,-0.1836,-0.3462,-0.3184,-0.1925,-0.0523,0.547,0.5296,0.5099,0.4876,0.4626,0.4341,0.4005,0.3592,0.3081,0.2497,0.1934,0.1346,0.05,-0.0599,-0.4044,-0.5542,-0.112,-0.0633,-0.1648,0.0184,0.3627,0.6289,0.7341,0.8273,1.0198,1.2953,1.349,1.0945,0.7953,0.4388,-0.0281,-0.4889,-0.6772,-0.5651,-0.3476,-0.147,0.5396,0.5231,0.5045,0.4837,0.4604,0.4338,0.4032,0.3676,0.3265,0.2813,0.2331,0.1767,0.0971,-0.0507,-0.3477,-0.4346,-0.1276,-0.0313,-0.1693,-0.2435,0.0984,0.3532,0.5085,0.6898,0.9688,1.32,1.3885,1.0781,0.799,0.4379,-0.0778,-0.6022,-0.7978,-0.6476,-0.3966,-0.1771,0.5338,0.518,0.5006,0.4811,0.4594,0.435,0.4076,0.3766,0.342,0.3039,0.2614,0.2105,0.1417,0.0409,-0.0765,-0.1002,-0.0152,0.0148,-0.0632,-0.0803,0.0701,0.168,0.2595,0.4786,0.7744,0.9811,0.9634,0.9163,0.7715,0.4779,0.0463,-0.3874,-0.5778,-0.4969,-0.3111,-0.1315,0.5292,0.5143,0.4979,0.4797,0.4597,0.4375,0.4129,0.3858,0.3559,0.3231,0.2864,0.2438,0.1925,0.1334,0.0822,0.0672,0.0837,0.0877,0.066,0.0563,0.0326,-0.1021,-0.1246,0.1887,0.5712,0.8166,0.8882,0.8642,0.7434,0.5206,0.2195,-0.0745,-0.2379,-0.2392,-0.1482,-0.0347,0.5258,0.5117,0.4963,0.4795,0.461,0.4409,0.4189,0.395,0.369,0.3408,0.31,0.276,0.2391,0.2024,0.1733,0.1592,0.1562,0.1505,0.1331,0.0932,-0.0294,-0.2947,-0.3734,-0.0063,0.4108,0.6825,0.7949,0.7822,0.6882,0.5338,0.3401,0.1527,0.0285,-0.0093,0.0178,0.0759,0.5233,0.5101,0.4957,0.4802,0.4633,0.445,0.4254,0.4043,0.3817,0.3576,0.3321,0.3052,0.278,0.2527,0.2323,0.2188,0.2097,0.1983,0.1757,0.1252,0.014,-0.1484,-0.1745,0.0514,0.34,0.5507,0.6556,0.6694,0.6185,0.5236,0.404,0.2859,0.1976,0.1541,0.1515,0.1753]},{"header":{"la1":42.85,"la2":41.18,"lo1":11.55,"lo2":14.05,"nx":36,"ny":24,"dx":0.07143,"dy":0.07261,"parameterCategory":2,"parameterNumber":3,"parameterNumberName":"northward_wind","parameterUnit":"m.s-1"},"data":[2.7006,2.7008,2.7004,2.6995,2.6979,2.6959,2.6935,2.6909,2.688,2.6846,2.6802,2.6742,2.6665,2.6574,2.6479,2.6391,2.6316,2.6249,2.6179,2.6097,2.6,2.589,2.5772,2.5649,2.5524,2.54,2.5279,2.5164,2.5054,2.4951,2.4856,2.4768,2.4689,2.4617,2.4553,2.4497,2.7052,2.7055,2.7051,2.7038,2.7018,2.699,2.696,2.6932,2.6906,2.688,2.6842,2.6782,2.6692,2.6577,2.6454,2.6348,2.6275,2.6224,2.6168,2.6091,2.5991,2.5872,2.5742,2.5606,2.5469,2.5335,2.5204,2.508,2.4964,2.4855,2.4755,2.4664,2.4583,2.451,2.4446,2.439,2.7101,2.7104,2.7098,2.7081,2.7051,2.701,2.6965,2.6927,2.6906,2.6898,2.688,2.6828,2.6725,2.6573,2.6397,2.6253,2.6189,2.6176,2.615,2.6083,2.5977,2.5846,2.5702,2.5552,2.5401,2.5255,2.5114,2.4981,2.4858,2.4744,2.464,2.4546,2.4463,2.439,2.4326,2.4272,2.7151,2.7156,2.7149,2.7125,2.708,2.7013,2.6933,2.6867,2.685,2.688,2.6911,2.6888,2.678,2.6581,2.6319,2.61,2.6053,2.6113,2.6133,2.6073,2.5957,2.581,2.5647,2.5481,2.5316,2.5156,2.5005,2.4864,2.4734,2.4615,2.4507,2.4412,2.4327,2.4255,2.4193,2.4141,2.7204,2.7212,2.7206,2.7176,2.7112,2.7003,2.685,2.6704,2.6673,2.6791,2.6932,2.6974,2.6881,2.6652,2.631,2.5999,2.5962,2.6089,2.6133,2.6064,2.5927,2.5757,2.5574,2.5388,2.5208,2.5036,2.4874,2.4725,2.4589,2.4466,2.4356,2.4259,2.4175,2.4103,2.4044,2.3996,2.726,2.7274,2.7272,2.7242,2.7165,2.7007,2.6732,2.639,2.6283,2.6602,2.6962,2.7108,2.705,2.6833,2.65,2.6187,2.6109,2.6175,2.6164,2.6051,2.5879,2.568,2.5473,2.5268,2.5072,2.4887,2.4717,2.456,2.4419,2.4293,2.4182,2.4085,2.4002,2.3934,2.3879,2.3836,2.7318,2.7341,2.735,2.7333,2.7264,2.7093,2.6723,2.6112,2.5841,2.6487,2.7107,2.7328,2.7291,2.7105,2.6835,2.6573,2.6416,2.6326,2.6201,2.602,2.5803,2.5571,2.5338,2.5113,2.4901,2.4706,2.4527,2.4366,2.4222,2.4094,2.3983,2.3888,2.3808,2.3744,2.3695,2.3658,2.7374,2.7409,2.7435,2.7444,2.7418,2.7317,2.7055,2.6572,2.6382,2.7015,2.7537,2.7668,2.7587,2.7404,2.7165,2.6907,2.6667,2.6441,2.6205,2.595,2.5684,2.5416,2.5156,2.4912,2.4687,2.4483,2.43,2.4137,2.3992,2.3865,2.3756,2.3665,2.359,2.3532,2.349,2.3463,2.7427,2.7474,2.7518,2.7559,2.7593,2.7616,2.7627,2.7657,2.7858,2.8171,2.8233,2.8094,2.7903,2.7692,2.7443,2.7147,2.6818,2.6477,2.6143,2.582,2.5507,2.5203,2.4916,2.4654,2.442,2.4213,2.403,2.3868,2.3726,2.3603,2.3499,2.3413,2.3345,2.3296,2.3264,2.3248,2.7471,2.7528,2.7586,2.7649,2.7724,2.7836,2.8052,2.8519,2.9315,2.9628,2.9035,2.8498,2.8182,2.7945,2.7683,2.7328,2.688,2.6406,2.5978,2.5605,2.5252,2.4911,2.4596,2.4321,2.4085,2.3884,2.3709,2.3556,2.3421,2.3305,2.3208,2.3129,2.3071,2.3032,2.3013,2.3011,2.7505,2.7567,2.7631,2.7697,2.7771,2.7871,2.8072,2.8697,3.0563,3.1438,2.9634,2.8751,2.838,2.8143,2.7902,2.7479,2.6839,2.6151,2.5644,2.5276,2.4897,2.4508,2.4162,2.3885,2.3667,2.3488,2.3334,2.3196,2.3074,2.2968,2.288,2.2811,2.2764,2.2739,2.2735,2.2751,2.7527,2.7591,2.7654,2.7709,2.7748,2.7748,2.7684,2.7736,2.9165,3.0302,2.9362,2.8882,2.8534,2.8198,2.8074,2.7612,2.6653,2.5511,2.5031,2.4837,2.441,2.3924,2.355,2.3308,2.3146,2.3018,2.29,2.2787,2.2682,2.2589,2.2512,2.2456,2.2422,2.2413,2.2428,2.2467,2.7539,2.7604,2.7662,2.7706,2.7713,2.7634,2.7374,2.6947,2.7484,2.8613,2.9024,2.9324,2.905,2.8213,2.8165,2.7712,2.6474,2.4513,2.4332,2.4378,2.3664,2.2981,2.2637,2.2535,2.251,2.2474,2.241,2.2328,2.2244,2.2167,2.2104,2.2059,2.204,2.205,2.209,2.2156,2.7542,2.7607,2.7666,2.7708,2.7715,2.7648,2.7465,2.7224,2.7531,2.84,2.9059,2.999,3.0165,2.8904,2.85,2.7832,2.6905,2.53,2.4583,2.3691,2.2138,2.1228,2.1222,2.1535,2.1779,2.1877,2.1874,2.1823,2.1761,2.1702,2.1652,2.162,2.1616,2.1647,2.1717,2.1819,2.7537,2.7604,2.7666,2.7718,2.7749,2.7748,2.7722,2.776,2.8072,2.8609,2.9072,2.9462,2.9506,2.9825,2.8751,2.7922,2.7756,2.6472,2.4658,2.1876,1.8488,1.779,1.9169,2.0402,2.1039,2.1269,2.1302,2.1271,2.1232,2.1195,2.1161,2.1137,2.1144,2.12,2.1308,2.1457,2.7523,2.7592,2.766,2.7725,2.7786,2.7845,2.7925,2.8083,2.8382,2.8786,2.9056,2.9747,2.9615,2.9333,2.8685,2.7921,2.7615,2.6606,2.441,1.9179,1.1328,1.2521,1.7122,1.953,2.0449,2.0689,2.0693,2.0666,2.0657,2.0655,2.0638,2.0614,2.0624,2.0706,2.0865,2.1077,2.75,2.757,2.7643,2.7718,2.7799,2.7893,2.8017,2.82,2.8465,2.8789,2.9034,2.937,2.9951,3.0086,2.8693,2.7816,2.7349,2.7014,2.5884,2.0269,1.0551,1.2121,1.7134,1.942,2.0097,2.0122,2.0022,1.9996,2.0041,2.0097,2.0105,2.0066,2.0061,2.0175,2.0404,2.0697,2.7466,2.7536,2.7611,2.7691,2.778,2.7884,2.8014,2.8183,2.8397,2.864,2.8873,2.9159,2.9869,2.9876,2.8151,2.7323,2.7345,2.8516,3.0167,2.5348,1.9682,1.8147,1.9206,1.9888,1.9839,1.9509,1.9313,1.9288,1.9391,1.9546,1.9611,1.954,1.9496,1.9647,1.9968,2.0354,2.7422,2.749,2.7562,2.7641,2.7728,2.7827,2.7945,2.8084,2.8243,2.8409,2.8563,2.8703,2.8769,2.8242,2.6754,2.6277,2.702,2.8173,2.9016,2.6645,2.3956,2.1823,2.0864,2.0228,1.9489,1.9015,1.8903,1.8623,1.8676,1.9007,1.9224,1.915,1.9053,1.9238,1.9643,2.0105,2.7368,2.7431,2.7498,2.757,2.7649,2.7735,2.7831,2.7935,2.8042,2.8138,2.8204,2.82,2.8034,2.7517,2.667,2.6394,2.6725,2.6992,2.6987,2.6942,2.506,2.2893,2.139,2.0195,1.9045,1.8661,1.8625,1.7485,1.7683,1.8431,1.8965,1.902,1.8926,1.9108,1.9523,1.9999,2.7305,2.7361,2.7421,2.7483,2.7549,2.7618,2.769,2.776,2.7821,2.7862,2.786,2.7786,2.7592,2.725,2.6854,2.6611,2.6497,2.6391,2.6356,2.6041,2.4387,2.2355,2.0994,1.9907,1.8364,1.634,1.3756,1.4341,1.6304,1.7827,1.8745,1.9054,1.9091,1.9262,1.9617,2.0043,2.7234,2.7283,2.7333,2.7384,2.7436,2.7486,2.7534,2.7574,2.7598,2.7597,2.7555,2.7452,2.7272,2.702,2.6736,2.6463,2.6183,2.586,2.5436,2.459,2.2825,2.0683,1.9866,1.9586,1.7992,1.4733,1.134,1.2747,1.5573,1.7481,1.8587,1.9104,1.9322,1.9531,1.9832,2.0191,2.7157,2.7197,2.7237,2.7276,2.7313,2.7346,2.7372,2.7386,2.7382,2.7352,2.7283,2.7166,2.6995,2.677,2.6505,2.62,2.5837,2.5371,2.47,2.3583,2.172,1.9575,1.9114,1.9477,1.8396,1.6057,1.4147,1.4557,1.6206,1.7669,1.865,1.9219,1.9547,1.9805,2.0082,2.0388,2.7075,2.7107,2.7137,2.7164,2.7187,2.7204,2.7211,2.7204,2.7178,2.7125,2.704,2.6913,2.6741,2.6521,2.6253,2.5927,2.5521,2.4991,2.4252,2.3177,2.1701,2.0253,1.9755,1.975,1.9063,1.7772,1.6752,1.6705,1.7401,1.8254,1.8957,1.9454,1.9798,2.0073,2.0336,2.0605]}]