docs/data/wind_grid.json
[{"header":{"la1":42.85,"la2":41.18,"lo1":11.55,"lo2":14.05,"nx":36,"ny":24,"dx":0.07143,"dy":0.07261,"parameterCategory":2,"parameterNumber":2,"parameterNumberName":"eastward_wind","parameterUnit":"m.s-1"},"data":[0.3831,0.3801,0.3776,0.3757,0.375,0.3759,0.3792,0.3858,0.3964,0.4116,0.4315,0.4558,0.4841,0.5155,0.5493,0.5839,0.6173,0.6471,0.6706,0.6859,0.6929,0.6928,0.6878,0.6797,0.6704,0.6607,0.6513,0.6425,0.6343,0.6268,0.62,0.6137,0.608,0.6028,0.598,0.5936,0.3743,0.37,0.366,0.3623,0.3596,0.3584,0.3597,0.3649,0.3753,0.3918,0.4146,0.4431,0.4768,0.5149,0.5566,0.6005,0.6439,0.6828,0.7125,0.7296,0.734,0.7285,0.7171,0.7031,0.6888,0.6752,0.6628,0.6516,0.6417,0.6328,0.6248,0.6177,0.6113,0.6055,0.6002,0.5954,0.3655,0.3598,0.3539,0.3481,0.3428,0.3385,0.3367,0.3394,0.3489,0.3668,0.3931,0.4269,0.467,0.513,0.5645,0.6208,0.6789,0.7323,0.7718,0.7906,0.7888,0.7731,0.7513,0.7287,0.7079,0.6896,0.6738,0.6602,0.6484,0.6381,0.6291,0.6212,0.6141,0.6077,0.602,0.5969,0.3569,0.3497,0.3419,0.3336,0.3251,0.3169,0.3103,0.3085,0.3158,0.3353,0.3665,0.4067,0.4542,0.5088,0.5718,0.6441,0.7239,0.8016,0.8585,0.878,0.862,0.8273,0.7892,0.7549,0.7263,0.7029,0.6836,0.6676,0.6542,0.6426,0.6327,0.6239,0.6162,0.6094,0.6033,0.5978,0.3489,0.3401,0.3303,0.3195,0.3076,0.2946,0.2816,0.2724,0.2755,0.2975,0.3355,0.3833,0.4382,0.5011,0.5757,0.6667,0.777,0.8963,0.9863,1.0033,0.9558,0.8878,0.8267,0.7787,0.7421,0.7139,0.6916,0.6735,0.6586,0.646,0.6352,0.6259,0.6176,0.6103,0.6039,0.5981,0.3416,0.3314,0.3198,0.3067,0.2917,0.2744,0.2548,0.236,0.2323,0.2577,0.3038,0.3586,0.4195,0.4888,0.5722,0.6799,0.8246,1.0057,1.1557,1.1625,1.056,0.9413,0.8556,0.7957,0.753,0.7213,0.6969,0.6775,0.6615,0.6482,0.6367,0.6268,0.6182,0.6105,0.6038,0.5978,0.3355,0.324,0.3109,0.2958,0.2785,0.2586,0.2365,0.2149,0.2073,0.2309,0.2769,0.3341,0.3984,0.4706,0.5576,0.6722,0.8351,1.0626,1.2745,1.2685,1.1068,0.9622,0.8657,0.8018,0.7572,0.7245,0.6993,0.6792,0.6627,0.6489,0.6371,0.6268,0.6178,0.6098,0.6029,0.5967,0.3307,0.3183,0.3039,0.2872,0.2679,0.246,0.2242,0.2095,0.2061,0.2131,0.2479,0.3066,0.374,0.4466,0.5319,0.6417,0.79,0.9853,1.1646,1.1725,1.0518,0.9363,0.8543,0.7969,0.7551,0.7235,0.6987,0.6788,0.6623,0.6483,0.6362,0.6256,0.6163,0.6081,0.601,0.5947,0.3275,0.3144,0.2992,0.2812,0.2597,0.2337,0.2029,0.1699,0.1402,0.1365,0.1893,0.27,0.346,0.4171,0.4985,0.6029,0.7305,0.8664,0.9718,0.9972,0.9533,0.89,0.8325,0.7858,0.7487,0.7194,0.6958,0.6765,0.6603,0.6463,0.6341,0.6233,0.6137,0.6053,0.5979,0.5916,0.3261,0.3127,0.2971,0.2786,0.2558,0.2255,0.1794,0.0971,-0.0318,-0.0654,0.0849,0.2304,0.3175,0.3789,0.4561,0.5706,0.7102,0.8381,0.9156,0.9324,0.9062,0.8613,0.8148,0.774,0.7403,0.7131,0.691,0.6727,0.657,0.6432,0.6309,0.6197,0.6098,0.601,0.5935,0.5872,0.3265,0.3134,0.2982,0.2804,0.259,0.2314,0.1874,0.0778,-0.2481,-0.4046,-0.0065,0.2163,0.2914,0.3174,0.3892,0.5449,0.7543,0.9474,1.0279,0.9948,0.9248,0.8588,0.8053,0.7635,0.731,0.7055,0.6849,0.6677,0.6527,0.6391,0.6264,0.6147,0.6042,0.595,0.5873,0.5811,0.3286,0.3163,0.3022,0.2863,0.2688,0.2513,0.2376,0.2116,-0.0073,-0.173,0.0899,0.2472,0.2682,0.2004,0.2797,0.529,0.8819,1.2739,1.352,1.1509,0.9745,0.8648,0.7967,0.7517,0.7201,0.6965,0.678,0.6623,0.648,0.6342,0.6208,0.608,0.5964,0.5866,0.5787,0.5729,0.3324,0.3212,0.3086,0.2951,0.2816,0.2717,0.2754,0.3009,0.254,0.1782,0.2325,0.2815,0.2904,0.1672,0.2452,0.5806,1.0439,1.7814,1.7933,1.2738,0.9885,0.8505,0.7778,0.7347,0.7065,0.6864,0.6708,0.657,0.6433,0.6289,0.6138,0.5989,0.5855,0.5747,0.5668,0.5617,0.3376,0.3276,0.3168,0.3056,0.2947,0.2866,0.2853,0.2913,0.2813,0.2716,0.2943,0.2737,0.288,0.5667,0.4932,0.773,1.138,1.4877,1.5102,1.1443,0.9097,0.7989,0.7438,0.7114,0.6904,0.676,0.6645,0.6532,0.6398,0.6235,0.6049,0.586,0.5696,0.5574,0.5499,0.5465,0.3437,0.3352,0.3262,0.3171,0.3084,0.3012,0.2968,0.2952,0.2957,0.3007,0.3116,0.3405,0.4496,0.601,0.6205,1.1248,1.6454,1.2383,1.0595,0.8931,0.7758,0.7281,0.7034,0.6855,0.674,0.667,0.6611,0.6528,0.639,0.6186,0.5931,0.5668,0.5452,0.5315,0.526,0.5262,0.3505,0.3434,0.3362,0.3291,0.3225,0.3172,0.3139,0.3128,0.3119,0.2984,0.2468,0.3049,0.3903,0.5229,0.6309,1.0311,1.3991,1.0285,0.7919,0.7086,0.6937,0.6869,0.6707,0.6615,0.6601,0.6623,0.6632,0.6585,0.6433,0.6149,0.5762,0.5363,0.5064,0.4924,0.4922,0.4997,0.3577,0.3519,0.3463,0.3409,0.3363,0.3329,0.331,0.3301,0.3265,0.3083,0.2656,0.3271,0.4698,0.5371,0.5408,0.655,0.7371,0.6018,0.4759,0.5554,0.6731,0.6661,0.6404,0.6399,0.6514,0.6637,0.6722,0.6731,0.6563,0.614,0.5507,0.4857,0.4437,0.4341,0.4467,0.4675,0.3649,0.3603,0.356,0.3522,0.3491,0.3471,0.3462,0.3459,0.3445,0.3408,0.3452,0.3903,0.491,0.5068,0.3664,0.3249,0.3957,0.2594,0.0654,0.3428,0.5272,0.5814,0.5967,0.6211,0.6506,0.6672,0.6797,0.6966,0.6837,0.6199,0.514,0.4055,0.3488,0.3553,0.3929,0.4335,0.372,0.3684,0.3652,0.3625,0.3605,0.3594,0.3593,0.36,0.3613,0.3644,0.3741,0.3942,0.4073,0.3329,0.0243,-0.0966,0.2132,0.2338,0.1643,0.3346,0.4346,0.5017,0.5506,0.6076,0.66,0.6523,0.651,0.7312,0.7385,0.6435,0.4765,0.308,0.2399,0.2767,0.3464,0.4074,0.3788,0.376,0.3736,0.3717,0.3705,0.3701,0.3704,0.3716,0.3736,0.3768,0.381,0.3815,0.3588,0.2639,0.0472,-0.0168,0.2009,0.3069,0.3714,0.3999,0.4073,0.4428,0.4958,0.5898,0.6941,0.6815,0.6726,0.8661,0.8524,0.7023,0.481,0.2718,0.1981,0.2503,0.3331,0.401,0.3852,0.3831,0.3813,0.3801,0.3793,0.3792,0.3798,0.3808,0.3823,0.3836,0.383,0.3755,0.3501,0.2933,0.2176,0.2047,0.275,0.3384,0.3752,0.3868,0.3736,0.3487,0.3783,0.5275,0.7575,1.017,1.3512,1.2828,1.0324,0.7941,0.557,0.3606,0.2803,0.3053,0.3647,0.4187,0.3912,0.3896,0.3884,0.3875,0.3871,0.3872,0.3877,0.3884,0.3891,0.389,0.3863,0.3782,0.3607,0.3332,0.3071,0.3048,0.3288,0.3554,0.368,0.3557,0.2871,0.1451,0.1197,0.3688,0.7504,1.2271,1.6664,1.491,1.1348,0.8655,0.6525,0.4935,0.4117,0.4001,0.4229,0.4528,0.3969,0.3957,0.3948,0.3942,0.394,0.3942,0.3946,0.395,0.3952,0.3944,0.3917,0.3856,0.3754,0.3625,0.3525,0.3519,0.3601,0.3679,0.363,0.3258,0.2116,-0.0055,-0.067,0.2338,0.6459,1.0497,1.3162,1.2724,1.0689,0.8709,0.7094,0.5887,0.515,0.4844,0.4813,0.4905,0.4022,0.4013,0.4006,0.4003,0.4002,0.4004,0.4008,0.4011,0.4011,0.4003,0.3983,0.3944,0.3889,0.3829,0.3787,0.3781,0.3799,0.3788,0.3659,0.3255,0.235,0.1076,0.0902,0.2846,0.5698,0.8342,1.0003,1.0209,0.9397,0.8277,0.7217,0.6359,0.5759,0.5414,0.5262,0.5227]},{"header":{"la1":42.85,"la2":41.18,"lo1":11.55,"lo2":14.05,"nx":36,"ny":24,"dx":0.07143,"dy":0.07261,"parameterCategory":2,"parameterNumber":3,"parameterNumberName":"northward_wind","parameterUnit":"m.s-1"},"data":[0.4335,0.4102,0.3844,0.3567,0.3285,0.3022,0.2809,0.2678,0.265,0.2721,0.2864,0.3037,0.3203,0.3336,0.3426,0.3475,0.3495,0.3503,0.352,0.3562,0.3638,0.3745,0.3875,0.4018,0.4164,0.4308,0.4445,0.4576,0.4698,0.4812,0.4918,0.5017,0.5109,0.5194,0.5273,0.5347,0.4303,0.4028,0.3711,0.3355,0.2974,0.2598,0.2279,0.2082,0.2053,0.2191,0.2441,0.2725,0.2978,0.3165,0.3276,0.3317,0.3309,0.3282,0.327,0.3304,0.3395,0.3535,0.3704,0.3885,0.4064,0.4234,0.4393,0.454,0.4675,0.48,0.4914,0.502,0.5118,0.5208,0.5292,0.5368,0.4299,0.3981,0.3597,0.3141,0.2618,0.2063,0.1555,0.1223,0.1182,0.1444,0.189,0.2361,0.2747,0.3007,0.3138,0.3158,0.3096,0.3,0.2934,0.2954,0.3077,0.3275,0.3507,0.3742,0.3963,0.4165,0.4347,0.4511,0.466,0.4795,0.4918,0.5031,0.5134,0.5229,0.5316,0.5396,0.4337,0.3982,0.353,0.2957,0.2246,0.1411,0.0558,-0.0067,-0.0159,0.0351,0.1173,0.1958,0.2536,0.2882,0.3027,0.3004,0.2849,0.2627,0.2457,0.246,0.2655,0.2961,0.3292,0.3599,0.3871,0.4107,0.4312,0.4493,0.4654,0.4799,0.493,0.5049,0.5158,0.5257,0.5348,0.543,0.4433,0.4054,0.3549,0.2865,0.1937,0.0708,-0.0761,-0.2044,-0.2313,-0.1265,0.0294,0.1577,0.2392,0.2821,0.2964,0.2875,0.2577,0.2132,0.176,0.175,0.211,0.261,0.3082,0.3477,0.38,0.4068,0.4293,0.4488,0.466,0.4813,0.495,0.5076,0.519,0.5293,0.5387,0.5472,0.4598,0.4223,0.3701,0.2954,0.1849,0.0194,-0.2181,-0.4821,-0.563,-0.3394,-0.0524,0.1381,0.2393,0.2852,0.2966,0.2804,0.234,0.1566,0.0832,0.0837,0.1524,0.2305,0.2932,0.3404,0.3767,0.4055,0.4295,0.4499,0.4678,0.4837,0.4981,0.5112,0.5231,0.5338,0.5435,0.5523,0.4837,0.4501,0.4021,0.3306,0.2189,0.0357,-0.2688,-0.6939,-0.8682,-0.4715,-0.0575,0.1614,0.2597,0.2979,0.3033,0.2827,0.2285,0.1274,0.0174,0.0221,0.1236,0.2211,0.2911,0.3408,0.378,0.4074,0.4317,0.4525,0.4709,0.4873,0.5022,0.5158,0.5282,0.5393,0.5494,0.5583,0.5144,0.4883,0.4508,0.3943,0.3048,0.1565,-0.0922,-0.4414,-0.5748,-0.2392,0.0789,0.2341,0.2962,0.3145,0.3116,0.2923,0.2489,0.1693,0.0807,0.0811,0.1619,0.2432,0.3041,0.3491,0.3839,0.412,0.4358,0.4565,0.475,0.4919,0.5073,0.5215,0.5344,0.546,0.5564,0.5655,0.5498,0.5339,0.5114,0.4783,0.4272,0.3471,0.229,0.1016,0.0756,0.1764,0.2737,0.3214,0.331,0.3228,0.3112,0.2972,0.2736,0.236,0.1987,0.1967,0.2338,0.2819,0.3255,0.3619,0.3923,0.4182,0.4409,0.4613,0.4799,0.4972,0.5133,0.5282,0.5418,0.554,0.5648,0.5741,0.5872,0.5823,0.5763,0.5686,0.5575,0.5397,0.5093,0.4656,0.4279,0.4142,0.4067,0.3825,0.3422,0.3054,0.2885,0.2844,0.2771,0.2635,0.254,0.2598,0.2819,0.3126,0.3444,0.374,0.4006,0.4245,0.4461,0.4661,0.485,0.503,0.5201,0.5361,0.5507,0.5637,0.5749,0.5843,0.6235,0.6288,0.6378,0.6525,0.6754,0.7065,0.7308,0.6886,0.5053,0.427,0.4671,0.4093,0.3155,0.2397,0.229,0.2504,0.2548,0.242,0.2414,0.2636,0.2948,0.3259,0.355,0.3819,0.4065,0.4291,0.4501,0.4702,0.4897,0.509,0.5277,0.5454,0.5615,0.5755,0.5872,0.5966,0.6562,0.6695,0.6897,0.7207,0.7687,0.8413,0.9386,0.9902,0.7486,0.5465,0.5268,0.4216,0.2626,0.0991,0.1305,0.2093,0.2149,0.1646,0.1632,0.2278,0.2853,0.325,0.356,0.3835,0.4083,0.4307,0.4516,0.4721,0.4931,0.5147,0.5362,0.5566,0.5748,0.5902,0.6024,0.6116,0.6837,0.702,0.7285,0.7676,0.8268,0.9184,1.057,1.2073,1.0689,0.7748,0.5971,0.447,0.2917,0.0506,0.0923,0.1957,0.1709,0.047,0.0515,0.1931,0.272,0.313,0.3458,0.3771,0.4045,0.4277,0.4486,0.4702,0.4939,0.5195,0.5457,0.5705,0.592,0.6091,0.6216,0.63,0.7054,0.7259,0.754,0.793,0.8483,0.9264,1.0296,1.125,1.0518,0.8412,0.6771,0.4762,0.378,0.073,0.2336,0.1777,0.0725,0.0844,0.1185,0.2164,0.2535,0.2744,0.3154,0.3602,0.3943,0.4179,0.4382,0.4613,0.49,0.523,0.5572,0.589,0.6152,0.6344,0.6465,0.653,0.7217,0.7422,0.7686,0.8027,0.8461,0.8988,0.9531,0.9819,0.9479,0.899,0.8762,0.7807,0.5872,0.5872,0.3896,0.0016,-0.4361,0.0393,0.2392,0.2462,0.1501,0.1502,0.2504,0.3346,0.3781,0.3974,0.4133,0.4393,0.4779,0.5246,0.5727,0.6156,0.6484,0.6691,0.679,0.6814,0.7336,0.7528,0.7763,0.8043,0.8367,0.8711,0.9017,0.9211,0.939,1.0118,1.1914,1.2231,1.0296,0.7591,0.5927,0.1819,-0.1754,0.2231,0.4191,0.2415,-0.1911,-0.1115,0.1763,0.3184,0.357,0.3544,0.3585,0.3926,0.4527,0.5247,0.596,0.6563,0.6975,0.7176,0.7214,0.7159,0.7423,0.7599,0.7804,0.8036,0.829,0.8551,0.8805,0.9076,0.9515,1.0446,1.1833,1.1781,1.3166,1.3791,0.943,0.6931,0.5829,0.7333,0.8294,0.4681,-0.2114,-0.1052,0.2243,0.3408,0.321,0.2561,0.238,0.3013,0.41,0.5264,0.634,0.7199,0.7703,0.7839,0.7741,0.7554,0.7487,0.7648,0.783,0.803,0.8246,0.8476,0.8725,0.903,0.9467,1.0093,1.0764,1.1503,1.3848,1.4453,1.2387,1.1764,1.0471,1.1979,1.4228,1.0158,0.5417,0.3895,0.4255,0.3941,0.2401,0.0338,-0.0153,0.1474,0.3568,0.5375,0.6923,0.8125,0.8699,0.8657,0.8323,0.7952,0.7536,0.7684,0.7848,0.8028,0.8224,0.8437,0.868,0.8974,0.9346,0.9807,1.0343,1.1054,1.207,1.3079,1.6198,1.7628,1.3285,1.3079,1.4327,1.3855,1.0639,0.7848,0.6291,0.4563,0.1337,-0.3405,-0.4359,-0.0106,0.3405,0.5694,0.7599,0.9134,0.9719,0.9407,0.8805,0.8263,0.7573,0.7711,0.7862,0.8027,0.8209,0.841,0.8638,0.8907,0.9228,0.961,1.0068,1.0652,1.1457,1.2854,1.5675,1.6522,1.3747,1.3546,1.6775,1.8339,1.3358,0.9948,0.7898,0.5699,0.21,-0.3579,-0.4751,0.1487,0.4561,0.6289,0.7982,0.9521,1.0074,0.9661,0.8981,0.8393,0.76,0.7729,0.787,0.8024,0.8194,0.8381,0.8593,0.8836,0.9118,0.9448,0.9843,1.0337,1.1005,1.1972,1.3109,1.3407,1.285,1.3213,1.5054,1.5527,1.2932,1.0845,0.9502,0.7643,0.5399,0.4741,0.8233,0.8071,0.695,0.7073,0.7961,0.9019,0.9502,0.9286,0.8797,0.8323,0.762,0.7741,0.7873,0.8017,0.8175,0.8349,0.8543,0.8762,0.9011,0.9298,0.9634,1.0038,1.0533,1.1112,1.1638,1.1873,1.1917,1.2219,1.2762,1.271,1.1942,1.1778,1.1603,0.9801,0.8125,0.9198,1.2497,1.0981,0.8543,0.7727,0.7888,0.8386,0.8712,0.8683,0.8434,0.8131,0.7633,0.7747,0.7871,0.8005,0.8151,0.8312,0.8488,0.8685,0.8905,0.9152,0.9433,0.9752,1.0109,1.0477,1.0793,1.1,1.1143,1.1322,1.1494,1.1507,1.1628,1.2533,1.287,1.1008,0.9303,0.9354,1.0295,0.9869,0.8698,0.8007,0.7873,0.8023,0.8179,0.8199,0.8089,0.7915,0.764,0.7747,0.7863,0.7987,0.8123,0.827,0.843,0.8605,0.8798,0.9009,0.9241,0.9492,0.9756,1.0012,1.0234,1.0406,1.054,1.0662,1.0768,1.0884,1.1197,1.1812,1.1879,1.0754,0.9552,0.9101,0.9114,0.8901,0.8423,0.8027,0.7856,0.785,0.7892,0.7896,0.7838,0.7735]}]