docs/data/wind_grid.json
[{"header":{"la1":42.85,"la2":41.18,"lo1":11.55,"lo2":14.05,"nx":36,"ny":24,"dx":0.07143,"dy":0.07261,"parameterCategory":2,"parameterNumber":2,"parameterNumberName":"eastward_wind","parameterUnit":"m.s-1"},"data":[0.9255,0.9541,0.9856,1.0193,1.0538,1.0867,1.1149,1.1353,1.1466,1.1506,1.1521,1.1569,1.1698,1.1916,1.2167,1.2337,1.231,1.2048,1.1612,1.1104,1.0599,1.0137,0.9729,0.9373,0.9062,0.8788,0.8543,0.8323,0.8123,0.794,0.7771,0.7615,0.747,0.7337,0.7214,0.7101,0.9294,0.9626,1.0005,1.0428,1.0881,1.1329,1.172,1.1989,1.2098,1.2068,1.1987,1.1973,1.2128,1.2487,1.2974,1.3361,1.338,1.2961,1.2276,1.1537,1.0864,1.0291,0.9813,0.9413,0.9074,0.878,0.8522,0.8292,0.8082,0.7891,0.7715,0.7552,0.7401,0.7263,0.7135,0.7019,0.93,0.968,1.0133,1.0666,1.1272,1.1912,1.2499,1.2902,1.3008,1.2832,1.2544,1.2376,1.2519,1.3076,1.3979,1.4801,1.4899,1.4142,1.3015,1.1945,1.1072,1.0388,0.9849,0.9415,0.9056,0.875,0.8482,0.8243,0.8027,0.7829,0.7646,0.7476,0.732,0.7175,0.7043,0.6924,0.9259,0.9682,1.0211,1.0872,1.1682,1.2623,1.358,1.4286,1.4422,1.3948,1.3236,1.2743,1.2775,1.3521,1.501,1.6589,1.6792,1.5397,1.3632,1.2196,1.1151,1.0391,0.982,0.9372,0.9005,0.8694,0.8423,0.8179,0.7957,0.7752,0.7563,0.7386,0.7223,0.7073,0.6936,0.6813,0.9153,0.9604,1.0194,1.0978,1.2027,1.3399,1.5024,1.6437,1.6742,1.5639,1.4083,1.3018,1.2781,1.3521,1.5373,1.763,1.7917,1.5917,1.3716,1.2118,1.1035,1.0277,0.9718,0.9281,0.8923,0.8616,0.8345,0.81,0.7873,0.7662,0.7465,0.7281,0.7111,0.6954,0.6812,0.6685,0.897,0.9419,1.003,1.0889,1.2135,1.3977,1.6596,1.95,2.039,1.794,1.4898,1.3078,1.2479,1.2911,1.4336,1.6141,1.6407,1.4807,1.2994,1.1651,1.0721,1.0057,0.9555,0.9153,0.8815,0.852,0.8254,0.8008,0.7777,0.7559,0.7353,0.716,0.698,0.6815,0.6667,0.6536,0.8703,0.9112,0.9682,1.0511,1.178,1.3824,1.7182,2.1858,2.3782,1.9414,1.4947,1.271,1.1916,1.1982,1.2631,1.3426,1.3563,1.283,1.1831,1.0969,1.0301,0.978,0.936,0.9006,0.8696,0.8415,0.8154,0.7907,0.767,0.7443,0.7225,0.7019,0.6827,0.6653,0.6497,0.6362,0.8359,0.8688,0.9148,0.982,1.0857,1.2536,1.5298,1.9131,2.0593,1.6963,1.3525,1.1854,1.124,1.1169,1.1358,1.1578,1.1585,1.1289,1.0824,1.0341,0.9902,0.9515,0.9172,0.8863,0.8579,0.8311,0.8053,0.7802,0.7555,0.7314,0.7079,0.6856,0.6648,0.646,0.6296,0.6156,0.7958,0.8178,0.8477,0.8901,0.9531,1.0489,1.1874,1.3367,1.3756,1.2707,1.1551,1.089,1.0693,1.0725,1.0772,1.075,1.0648,1.0468,1.0222,0.9932,0.9623,0.9317,0.9025,0.8747,0.848,0.8218,0.7958,0.7697,0.7434,0.7171,0.6912,0.6665,0.6435,0.623,0.6054,0.5911,0.753,0.763,0.775,0.7901,0.8103,0.8404,0.8891,0.9637,1.0466,1.0735,1.0373,1.0254,1.0527,1.0837,1.0848,1.0608,1.036,1.0194,1.003,0.9793,0.9507,0.9218,0.8941,0.8674,0.8411,0.8147,0.7876,0.7597,0.7309,0.7014,0.672,0.6437,0.6176,0.5948,0.576,0.5614,0.7108,0.7095,0.7051,0.6957,0.6789,0.6556,0.6449,0.7268,1.0312,1.1673,0.9961,0.9959,1.0913,1.1824,1.1672,1.0903,1.0416,1.0362,1.0287,0.9957,0.9562,0.9223,0.8933,0.8659,0.8386,0.8106,0.7815,0.7508,0.7181,0.6839,0.6493,0.6158,0.5854,0.5596,0.5395,0.5251,0.6718,0.6615,0.6445,0.6168,0.572,0.5016,0.4042,0.3591,0.6891,0.96,0.8957,0.97,1.169,1.4345,1.3269,1.1242,1.0544,1.1203,1.13,1.0431,0.9738,0.9326,0.9017,0.872,0.8417,0.8107,0.7784,0.7436,0.7055,0.6643,0.6217,0.5806,0.544,0.5144,0.493,0.4798,0.638,0.6216,0.5971,0.5598,0.5018,0.4094,0.2643,0.1003,0.2594,0.5905,0.7664,0.936,1.111,1.4892,1.3507,1.0672,1.0246,1.2911,1.2964,1.0816,0.9915,0.9566,0.9255,0.8891,0.8519,0.8161,0.7797,0.7396,0.6936,0.6418,0.5872,0.5345,0.4889,0.4545,0.4327,0.4226,0.61,0.5905,0.5633,0.5249,0.4698,0.3906,0.2847,0.1856,0.2604,0.4702,0.6414,0.9318,1.0309,0.9841,0.9752,0.8594,0.8331,1.0731,1.1363,1.031,1.0237,1.0235,0.9804,0.9215,0.8699,0.8277,0.7875,0.7412,0.684,0.616,0.5421,0.4711,0.4124,0.3726,0.3527,0.3497,0.5875,0.5672,0.5406,0.5061,0.4616,0.4071,0.35,0.3161,0.3359,0.3547,0.3595,0.4888,0.6238,0.5004,0.692,0.6237,0.53,0.7098,0.8548,0.9971,1.1954,1.218,1.0866,0.9663,0.8926,0.8473,0.8069,0.754,0.6802,0.5861,0.4807,0.38,0.302,0.2575,0.2454,0.257,0.5697,0.5498,0.5252,0.4955,0.4605,0.4221,0.3848,0.3522,0.3056,0.1701,-0.1251,0.0284,0.2118,0.4116,0.4822,0.5102,0.5104,0.554,0.679,1.0694,1.6979,1.5952,1.2051,0.996,0.9125,0.8808,0.8497,0.7891,0.6889,0.552,0.3932,0.243,0.137,0.0932,0.1022,0.1419,0.5555,0.5365,0.514,0.488,0.4586,0.4264,0.3913,0.3474,0.2732,0.1235,-0.098,0.0072,-0.0289,-0.0762,0.2167,0.3148,0.3484,0.3107,0.3449,0.8564,1.74,1.6013,1.1588,0.9678,0.931,0.9492,0.9413,0.8653,0.7202,0.5141,0.2663,0.0326,-0.1116,-0.1375,-0.0811,0.0074,0.544,0.526,0.5052,0.4815,0.455,0.425,0.3899,0.3443,0.2791,0.1901,0.1106,0.0721,-0.0856,-0.1366,-0.0303,-0.0212,0.0881,-0.0252,-0.2375,0.2639,0.8354,0.9989,0.9169,0.8918,0.9729,1.0944,1.1196,0.9986,0.7809,0.4768,0.0926,-0.2755,-0.4631,-0.4321,-0.289,-0.1301,0.5347,0.5175,0.4981,0.4761,0.4513,0.423,0.3897,0.3488,0.2981,0.2404,0.1846,0.1263,0.0422,-0.0675,-0.4087,-0.5568,-0.1247,-0.0773,-0.175,-0.0078,0.3042,0.5554,0.681,0.8132,1.04,1.3169,1.3708,1.152,0.8559,0.4564,-0.0862,-0.6232,-0.8423,-0.7134,-0.4641,-0.2353,0.5272,0.5108,0.4925,0.4718,0.4486,0.4223,0.3919,0.3565,0.3157,0.2708,0.2228,0.1667,0.0874,-0.0595,-0.3532,-0.4393,-0.1392,-0.0453,-0.1761,-0.2461,0.0755,0.3243,0.4957,0.7103,1.0231,1.3585,1.4213,1.1994,0.9145,0.4851,-0.132,-0.7524,-0.9818,-0.8076,-0.5184,-0.2673,0.5212,0.5056,0.4883,0.469,0.4474,0.4232,0.3958,0.365,0.3306,0.2926,0.2503,0.1994,0.1307,0.0304,-0.0862,-0.1105,-0.0278,0.0015,-0.0731,-0.089,0.0577,0.1606,0.2685,0.523,0.8818,1.1801,1.3034,1.2261,0.9706,0.5694,0.0289,-0.4959,-0.7236,-0.6309,-0.4173,-0.2122,0.5166,0.5018,0.4854,0.4674,0.4474,0.4253,0.4009,0.3738,0.344,0.3112,0.2746,0.232,0.1808,0.1217,0.0705,0.0551,0.0709,0.0751,0.0548,0.0472,0.0278,-0.1003,-0.115,0.2342,0.7072,1.1178,1.3669,1.2675,0.9913,0.6477,0.2487,-0.1195,-0.3212,-0.3278,-0.2259,-0.0981,0.5131,0.4991,0.4838,0.467,0.4487,0.4286,0.4067,0.3828,0.3568,0.3287,0.2979,0.2639,0.2271,0.1903,0.1612,0.1471,0.1443,0.1395,0.1243,0.088,-0.0293,-0.2927,-0.372,0.0285,0.5296,0.9239,1.1317,1.0961,0.9117,0.6677,0.3992,0.1551,-0.004,-0.0564,-0.0306,0.0319,0.5106,0.4975,0.4832,0.4676,0.4508,0.4326,0.413,0.392,0.3694,0.3454,0.3199,0.2931,0.266,0.2408,0.2207,0.2076,0.1993,0.1895,0.1698,0.1235,0.0175,-0.1419,-0.163,0.0897,0.4344,0.7152,0.8696,0.8827,0.7913,0.6432,0.4731,0.3138,0.1966,0.1365,0.1264,0.1485]},{"header":{"la1":42.85,"la2":41.18,"lo1":11.55,"lo2":14.05,"nx":36,"ny":24,"dx":0.07143,"dy":0.07261,"parameterCategory":2,"parameterNumber":3,"parameterNumberName":"northward_wind","parameterUnit":"m.s-1"},"data":[2.7625,2.7612,2.7594,2.757,2.7543,2.7513,2.7483,2.7456,2.7433,2.7408,2.7374,2.7322,2.7246,2.7151,2.7049,2.6962,2.6909,2.689,2.689,2.689,2.6881,2.6858,2.6825,2.6783,2.6737,2.6688,2.6639,2.6592,2.6548,2.6507,2.647,2.6437,2.6408,2.6384,2.6362,2.6345,2.7648,2.7633,2.7611,2.7581,2.7543,2.7502,2.7462,2.743,2.741,2.7396,2.7373,2.7322,2.723,2.7096,2.6943,2.6815,2.6757,2.6768,2.6808,2.6839,2.6846,2.683,2.6797,2.6752,2.67,2.6647,2.6594,2.6544,2.6497,2.6454,2.6416,2.6383,2.6355,2.6331,2.6312,2.6296,2.7674,2.7657,2.7629,2.7589,2.7536,2.7474,2.7411,2.7366,2.7351,2.7362,2.7368,2.7332,2.7225,2.7034,2.6788,2.6578,2.6517,2.6596,2.671,2.6788,2.6815,2.6803,2.6767,2.6716,2.6658,2.6599,2.6541,2.6487,2.6438,2.6394,2.6356,2.6323,2.6296,2.6274,2.6256,2.6242,2.7703,2.7684,2.7651,2.7599,2.7524,2.7425,2.7315,2.7231,2.7218,2.728,2.7354,2.7362,2.7253,2.6998,2.6612,2.6252,2.6191,2.6403,2.6627,2.6754,2.6794,2.6779,2.6734,2.6674,2.6608,2.6541,2.6478,2.6421,2.6369,2.6324,2.6286,2.6255,2.623,2.621,2.6195,2.6185,2.7736,2.7717,2.7681,2.7618,2.7516,2.7361,2.7157,2.6968,2.6936,2.7107,2.7324,2.7426,2.7348,2.7065,2.6567,2.6051,2.5987,2.6325,2.6621,2.6759,2.6788,2.6756,2.6695,2.6621,2.6545,2.6471,2.6403,2.6342,2.6289,2.6244,2.6208,2.6179,2.6157,2.6141,2.613,2.6123,2.7774,2.7758,2.7724,2.7658,2.7536,2.7319,2.6965,2.6535,2.6405,2.6817,2.7307,2.7549,2.7535,2.7296,2.6852,2.6381,2.6286,2.6528,2.6735,2.6808,2.6791,2.6728,2.6644,2.6554,2.6466,2.6384,2.6311,2.6248,2.6195,2.6152,2.6119,2.6094,2.6076,2.6065,2.6059,2.6057,2.7815,2.7808,2.7783,2.7727,2.7612,2.7378,2.6914,2.6175,2.585,2.6638,2.7432,2.7776,2.7811,2.7648,2.7348,2.7033,2.6883,2.6891,2.6906,2.6867,2.6784,2.668,2.6571,2.6464,2.6365,2.6276,2.62,2.6137,2.6086,2.6046,2.6018,2.5999,2.5988,2.5983,2.5984,2.5988,2.7858,2.7861,2.7852,2.7823,2.7754,2.76,2.7266,2.6692,2.6472,2.7219,2.7887,2.814,2.8154,2.803,2.7815,2.7564,2.7346,2.7177,2.703,2.6884,2.6738,2.6597,2.6464,2.6342,2.6234,2.6142,2.6065,2.6004,2.5958,2.5925,2.5904,2.5894,2.5892,2.5896,2.5904,2.5916,2.79,2.7913,2.7922,2.7924,2.7918,2.79,2.787,2.7867,2.8069,2.8438,2.8605,2.8594,2.8523,2.8401,2.8203,2.7929,2.7615,2.7308,2.704,2.6817,2.6627,2.646,2.631,2.6179,2.6067,2.5975,2.5902,2.5848,2.581,2.5787,2.5778,2.5779,2.5789,2.5804,2.5823,2.5843,2.7935,2.7956,2.7977,2.7999,2.8033,2.8105,2.8285,2.8724,2.9495,2.9831,2.9375,2.9017,2.8868,2.876,2.8562,2.8206,2.7736,2.7262,2.6889,2.6628,2.6429,2.6254,2.6098,2.5964,2.5855,2.577,2.5707,2.5664,2.564,2.5632,2.5639,2.5656,2.5681,2.571,2.5741,2.5772,2.7963,2.7988,2.8011,2.8032,2.8058,2.8107,2.8262,2.885,3.0644,3.1478,2.9919,2.9288,2.915,2.9115,2.8964,2.8465,2.7705,2.6945,2.6479,2.628,2.6131,2.5966,2.581,2.5683,2.5588,2.552,2.5474,2.5449,2.5445,2.5459,2.5488,2.5528,2.5573,2.5619,2.5664,2.5706,2.7983,2.8008,2.8026,2.8032,2.8013,2.7947,2.7811,2.7815,2.9257,3.0418,2.9669,2.9414,2.9353,2.9247,2.9529,2.8727,2.7456,2.6074,2.562,2.577,2.5739,2.5573,2.5417,2.5315,2.5254,2.5218,2.5199,2.5201,2.5224,2.5269,2.5329,2.5398,2.5469,2.5536,2.5597,2.5649,2.7998,2.8022,2.8035,2.8027,2.7971,2.7815,2.746,2.695,2.7545,2.8806,2.9336,2.9706,2.9684,2.9761,3.025,2.88,2.7147,2.4686,2.4538,2.5311,2.525,2.4995,2.4856,2.4831,2.4845,2.486,2.4879,2.4914,2.4976,2.5062,2.5166,2.5276,2.538,2.5472,2.5548,2.5609,2.8008,2.8033,2.8048,2.8039,2.7986,2.7849,2.7584,2.7277,2.7624,2.8609,2.932,3.0154,3.0299,2.9058,2.9336,2.8555,2.7444,2.5712,2.514,2.5079,2.4418,2.3978,2.401,2.4208,2.4364,2.4449,2.4507,2.4582,2.4695,2.4844,2.5011,2.5178,2.5325,2.5443,2.5531,2.5596,2.8015,2.8044,2.8065,2.8071,2.8051,2.7996,2.7918,2.7927,2.8257,2.8819,2.9268,2.964,2.9676,2.9849,2.9137,2.828,2.7866,2.7064,2.589,2.4313,2.2373,2.1977,2.2787,2.3495,2.3849,2.3987,2.4066,2.4185,2.4374,2.4618,2.4883,2.5131,2.5332,2.5474,2.5564,2.5618,2.8018,2.8052,2.8083,2.8109,2.8128,2.8147,2.8193,2.8328,2.861,2.8961,2.9114,2.9785,2.9729,2.9534,2.9019,2.8265,2.787,2.7332,2.6033,2.2883,1.8178,1.8873,2.156,2.2911,2.3367,2.3453,2.3505,2.3683,2.3999,2.4397,2.4814,2.5182,2.5448,2.56,2.5666,2.5687,2.8015,2.8054,2.8094,2.8136,2.8182,2.8243,2.8339,2.8495,2.8722,2.8974,2.9115,2.9468,3.0054,3.0198,2.8998,2.8243,2.7897,2.7796,2.7197,2.3669,1.7726,1.8635,2.1526,2.273,2.2918,2.2741,2.2703,2.3009,2.3556,2.4203,2.4855,2.5403,2.5742,2.5863,2.5854,2.5803,2.8005,2.8047,2.8093,2.8143,2.8203,2.828,2.8383,2.8524,2.8701,2.8894,2.9082,2.9349,2.9996,2.9998,2.8417,2.7678,2.7855,2.8973,3.0346,2.69,2.3198,2.2163,2.2654,2.2822,2.2364,2.1634,2.1468,2.212,2.307,2.4064,2.5051,2.5864,2.6265,2.6271,2.611,2.5945,2.7986,2.8029,2.8077,2.813,2.8192,2.8267,2.836,2.8474,2.8603,2.8738,2.8865,2.8986,2.9029,2.8494,2.6898,2.6363,2.7426,2.86,2.931,2.7371,2.56,2.4201,2.3474,2.2835,2.1731,2.0162,1.9851,2.1268,2.2694,2.3993,2.5336,2.6467,2.6894,2.67,2.6346,2.6063,2.7959,2.8001,2.8046,2.8097,2.8154,2.822,2.8295,2.8378,2.8464,2.854,2.8589,2.8573,2.8395,2.7843,2.6874,2.6571,2.7154,2.75,2.7232,2.7037,2.6012,2.4566,2.3531,2.2736,2.1637,1.9963,1.9618,2.1382,2.2681,2.3948,2.5414,2.6701,2.7136,2.6847,2.6415,2.6088,2.7925,2.7963,2.8004,2.8048,2.8096,2.8148,2.8203,2.8258,2.8305,2.8334,2.8324,2.8245,2.8046,2.7688,2.7266,2.7056,2.7055,2.6993,2.683,2.652,2.5307,2.3659,2.2698,2.2426,2.2105,2.182,2.2364,2.2541,2.2953,2.3882,2.5111,2.6216,2.6676,2.6549,2.6248,2.5994,2.7884,2.7917,2.7951,2.7988,2.8025,2.8063,2.8098,2.8128,2.8145,2.8138,2.8095,2.7994,2.782,2.7576,2.731,2.7084,2.6878,2.6609,2.6206,2.5428,2.3742,2.1419,2.0661,2.1613,2.2299,2.266,2.3059,2.2985,2.3181,2.3838,2.4718,2.552,2.5965,2.6042,2.5943,2.5818,2.7837,2.7865,2.7892,2.792,2.7946,2.7969,2.7988,2.7997,2.799,2.796,2.7897,2.7791,2.7635,2.7434,2.7204,2.6953,2.6657,2.6258,2.5644,2.4559,2.2556,1.9858,1.9208,2.0954,2.2251,2.2778,2.2984,2.31,2.3374,2.3868,2.4476,2.5039,2.5423,2.56,2.5642,2.5628,2.7787,2.7808,2.7828,2.7847,2.7863,2.7874,2.7877,2.7869,2.7846,2.78,2.7725,2.7616,2.7468,2.7281,2.7057,2.6789,2.6451,2.5992,2.5318,2.4263,2.2671,2.0935,2.0471,2.1446,2.2417,2.2914,2.3142,2.3325,2.3592,2.3963,2.439,2.4793,2.5106,2.5306,2.5414,2.5469]}]