docs/data/wind_grid.json
[{"header":{"la1":42.85,"la2":41.18,"lo1":11.55,"lo2":14.05,"nx":36,"ny":24,"dx":0.07143,"dy":0.07261,"parameterCategory":2,"parameterNumber":2,"parameterNumberName":"eastward_wind","parameterUnit":"m.s-1"},"data":[0.3588,0.3554,0.3516,0.3472,0.3421,0.3361,0.3289,0.3199,0.3085,0.2939,0.2749,0.2508,0.2207,0.1846,0.1429,0.0974,0.0517,0.0112,-0.0183,-0.0321,-0.0292,-0.0122,0.0144,0.0457,0.078,0.109,0.1373,0.1624,0.1844,0.2035,0.2198,0.2339,0.246,0.2564,0.2655,0.2733,0.3616,0.3585,0.355,0.351,0.3463,0.3408,0.3341,0.3257,0.3148,0.3002,0.2802,0.2533,0.2182,0.1739,0.1204,0.0592,-0.0052,-0.064,-0.1063,-0.1234,-0.1138,-0.0833,-0.0411,0.0047,0.049,0.0891,0.124,0.1539,0.1791,0.2004,0.2182,0.2332,0.2458,0.2566,0.2658,0.2737,0.3645,0.3617,0.3586,0.355,0.3508,0.3457,0.3396,0.3322,0.3225,0.3088,0.2885,0.2593,0.219,0.1657,0.0974,0.0141,-0.0793,-0.1691,-0.2338,-0.2548,-0.2302,-0.1747,-0.1068,-0.0397,0.0202,0.0711,0.1133,0.1479,0.1762,0.1993,0.2183,0.2339,0.2468,0.2576,0.2668,0.2746,0.3675,0.365,0.3623,0.3591,0.3553,0.3505,0.3446,0.338,0.3303,0.319,0.3,0.2696,0.2247,0.162,0.0767,-0.0358,-0.1742,-0.3189,-0.4256,-0.45,-0.3915,-0.2888,-0.18,-0.0837,-0.0049,0.0577,0.107,0.1458,0.1765,0.2009,0.2204,0.2361,0.249,0.2595,0.2684,0.2759,0.3702,0.3681,0.3659,0.3633,0.3598,0.3548,0.3479,0.3404,0.3349,0.329,0.3142,0.2843,0.2363,0.166,0.0644,-0.0821,-0.2856,-0.5279,-0.7184,-0.7416,-0.6063,-0.4189,-0.2504,-0.1191,-0.0208,0.0524,0.1072,0.1488,0.1807,0.2054,0.2247,0.24,0.2523,0.2623,0.2706,0.2776,0.3728,0.371,0.3693,0.3675,0.3647,0.3593,0.349,0.3352,0.3296,0.3352,0.3303,0.3034,0.2543,0.1803,0.069,-0.1055,-0.3824,-0.7738,-1.1226,-1.1294,-0.8431,-0.5309,-0.2958,-0.1332,-0.0208,0.0584,0.1156,0.1577,0.1891,0.2129,0.2312,0.2454,0.2566,0.2657,0.2731,0.2795,0.3748,0.3733,0.3721,0.3714,0.3703,0.3664,0.3536,0.3272,0.3146,0.3411,0.3518,0.3277,0.2782,0.2054,0.0969,-0.0803,-0.3893,-0.8956,-1.4162,-1.3975,-0.9559,-0.5536,-0.2858,-0.1137,0.0001,0.0781,0.1332,0.1728,0.2019,0.2234,0.2396,0.252,0.2616,0.2694,0.2758,0.2813,0.3762,0.3745,0.3736,0.374,0.3759,0.3779,0.3743,0.3557,0.3475,0.3823,0.392,0.3598,0.3056,0.2369,0.1436,-0.0028,-0.2559,-0.6725,-1.113,-1.1213,-0.7687,-0.4348,-0.207,-0.0577,0.0422,0.1109,0.1592,0.1935,0.2182,0.2361,0.2493,0.2592,0.2668,0.2729,0.2781,0.2826,0.3768,0.3744,0.3728,0.3732,0.3772,0.3876,0.4066,0.4346,0.4726,0.498,0.4663,0.3994,0.33,0.2643,0.1918,0.0909,-0.0659,-0.2902,-0.5068,-0.5467,-0.4068,-0.2291,-0.0832,0.0236,0.0997,0.1535,0.1915,0.2182,0.2369,0.2501,0.2595,0.2663,0.2715,0.2758,0.2795,0.2831,0.3767,0.3728,0.3691,0.3667,0.3682,0.38,0.4174,0.5101,0.6685,0.7228,0.579,0.4351,0.3391,0.2734,0.2211,0.1587,0.0687,-0.0401,-0.1307,-0.1586,-0.1157,-0.0365,0.0446,0.1124,0.1639,0.2011,0.227,0.2447,0.2563,0.2639,0.2689,0.2722,0.2748,0.2771,0.2795,0.2822,0.3764,0.3704,0.3631,0.3547,0.3459,0.3415,0.3617,0.486,0.8971,1.0895,0.6736,0.4405,0.3208,0.2482,0.218,0.1872,0.1205,0.0389,-0.0038,0.0069,0.0486,0.102,0.1537,0.1962,0.2277,0.2491,0.2627,0.2705,0.2744,0.2759,0.2761,0.2758,0.2756,0.276,0.2772,0.2792,0.3767,0.3685,0.3573,0.3413,0.3175,0.2808,0.2285,0.2175,0.5556,0.8201,0.576,0.4128,0.2887,0.1668,0.1788,0.192,0.1067,-0.0482,-0.0758,0.0319,0.1321,0.2008,0.2454,0.2728,0.2879,0.2944,0.2953,0.2929,0.2888,0.284,0.2793,0.2754,0.2726,0.2714,0.2717,0.2736,0.3786,0.3689,0.355,0.3338,0.2994,0.2399,0.1357,0.0053,0.1431,0.4087,0.4519,0.4218,0.3436,0.1433,0.169,0.2091,0.0805,-0.2756,-0.2772,0.0264,0.2055,0.2942,0.3333,0.3455,0.3434,0.3342,0.322,0.3091,0.2969,0.286,0.2767,0.2693,0.2643,0.2619,0.2621,0.2645,0.3827,0.3729,0.3587,0.3373,0.3036,0.2495,0.1681,0.0847,0.1593,0.3547,0.4379,0.4664,0.4684,0.4646,0.3185,0.2434,0.1309,-0.0732,-0.0844,0.163,0.3369,0.414,0.4297,0.4169,0.3927,0.3652,0.3386,0.3153,0.2957,0.2795,0.2662,0.2558,0.249,0.2461,0.2471,0.2512,0.3892,0.3806,0.3686,0.3515,0.3272,0.2945,0.2587,0.2479,0.3137,0.4258,0.4889,0.481,0.4465,0.4053,0.376,0.2095,0.0477,0.1745,0.2605,0.4061,0.5382,0.5701,0.5345,0.4832,0.4304,0.3811,0.3394,0.307,0.2822,0.2625,0.2461,0.233,0.2246,0.2223,0.2256,0.2331,0.3978,0.3913,0.3829,0.372,0.3591,0.3464,0.3418,0.3612,0.4198,0.5134,0.6272,0.5194,0.4872,0.4506,0.4225,0.2917,0.1623,0.3398,0.4907,0.6175,0.7448,0.7222,0.6244,0.5324,0.4468,0.3719,0.3156,0.2784,0.2535,0.2338,0.2152,0.1989,0.189,0.1886,0.1967,0.2101,0.4077,0.4038,0.3992,0.3942,0.3902,0.3901,0.3991,0.4245,0.4712,0.5396,0.6165,0.5571,0.5113,0.5091,0.5352,0.5294,0.5214,0.6187,0.7179,0.7491,0.7833,0.7602,0.6675,0.5519,0.4289,0.3222,0.2551,0.2239,0.2087,0.1943,0.1745,0.1527,0.1401,0.1438,0.1607,0.1834,0.4183,0.4168,0.4155,0.4152,0.417,0.4231,0.4365,0.4596,0.4924,0.5295,0.5546,0.551,0.5365,0.5607,0.7548,0.8581,0.8,0.8429,0.8911,0.9018,0.8534,0.7879,0.6919,0.5465,0.3686,0.2159,0.1491,0.1439,0.1504,0.1484,0.1283,0.0966,0.079,0.0907,0.1215,0.1566,0.4289,0.4295,0.4309,0.4337,0.439,0.448,0.4621,0.482,0.5065,0.5323,0.555,0.5776,0.6202,0.7639,1.1984,1.364,1.0201,0.9709,1.0367,1.2427,1.0879,0.9045,0.7448,0.5432,0.2891,0.0772,0.0316,0.057,0.084,0.102,0.0875,0.0442,0.0206,0.0433,0.0895,0.1365,0.439,0.4414,0.4447,0.4497,0.457,0.4673,0.4814,0.4995,0.521,0.5453,0.5737,0.614,0.6895,0.8586,1.173,1.2742,1.0812,1.1396,1.5963,1.8133,1.3204,1.0394,0.8457,0.5916,0.2677,0.0319,-0.0079,-0.041,0.0018,0.0576,0.0657,0.0256,0.0008,0.0278,0.0794,0.1305,0.4486,0.4522,0.457,0.4634,0.4719,0.4829,0.497,0.5144,0.5354,0.5606,0.5928,0.6389,0.7121,0.8278,0.9653,1.0288,1.0353,1.1511,1.4213,1.5155,1.3094,1.1877,1.0644,0.7561,0.3243,-0.0603,-0.352,-0.2939,-0.1067,0.0181,0.0637,0.0499,0.0346,0.0546,0.0967,0.1414,0.4573,0.4619,0.4677,0.4751,0.4843,0.4958,0.51,0.5272,0.548,0.5735,0.6061,0.6498,0.7092,0.7846,0.8621,0.9211,0.976,1.0687,1.1898,1.2591,1.3145,1.503,1.53,1.0788,0.4553,-0.1467,-0.5746,-0.4304,-0.1557,0.0064,0.0761,0.0893,0.0888,0.1028,0.1315,0.1651,0.4651,0.4705,0.477,0.485,0.4947,0.5064,0.5206,0.5376,0.558,0.5828,0.6135,0.6519,0.6992,0.7537,0.8099,0.8639,0.9216,0.9934,1.0777,1.1785,1.3759,1.7557,1.8663,1.3269,0.6474,0.0866,-0.2327,-0.219,-0.0713,0.0456,0.1075,0.1309,0.1399,0.1518,0.1711,0.1946,0.472,0.4779,0.4849,0.4933,0.5032,0.5151,0.529,0.5456,0.5652,0.5886,0.6165,0.6497,0.6884,0.7314,0.7769,0.8242,0.8759,0.9364,1.0109,1.1171,1.2974,1.5382,1.5736,1.2266,0.7487,0.3469,0.1058,0.0386,0.0706,0.1212,0.1572,0.176,0.1861,0.1959,0.2091,0.2252]},{"header":{"la1":42.85,"la2":41.18,"lo1":11.55,"lo2":14.05,"nx":36,"ny":24,"dx":0.07143,"dy":0.07261,"parameterCategory":2,"parameterNumber":3,"parameterNumberName":"northward_wind","parameterUnit":"m.s-1"},"data":[0.147,0.1685,0.1924,0.2181,0.2441,0.2679,0.286,0.2947,0.2915,0.2766,0.2528,0.2244,0.1954,0.1685,0.1447,0.1245,0.1075,0.0931,0.0807,0.0694,0.0587,0.0481,0.0373,0.0265,0.0156,0.0047,-0.0061,-0.0168,-0.0274,-0.0376,-0.0476,-0.0573,-0.0665,-0.0753,-0.0835,-0.0911,0.1532,0.179,0.209,0.2429,0.2795,0.3155,0.345,0.361,0.3579,0.3354,0.2992,0.2577,0.2177,0.1827,0.1536,0.1302,0.1114,0.0963,0.0837,0.0725,0.0616,0.0506,0.0392,0.0276,0.0158,0.0041,-0.0076,-0.0191,-0.0304,-0.0414,-0.0521,-0.0625,-0.0723,-0.0816,-0.0904,-0.0984,0.1567,0.1868,0.2237,0.2681,0.3198,0.3752,0.4255,0.4566,0.4549,0.4185,0.3602,0.2972,0.2411,0.1958,0.1608,0.1341,0.1139,0.0985,0.0864,0.0758,0.065,0.0535,0.0412,0.0285,0.0157,0.003,-0.0096,-0.022,-0.0341,-0.0459,-0.0575,-0.0686,-0.0791,-0.0891,-0.0983,-0.1068,0.1561,0.1899,0.2336,0.2901,0.3618,0.4475,0.5363,0.6004,0.6048,0.5407,0.4399,0.3412,0.2629,0.206,0.1653,0.136,0.1148,0.0999,0.0893,0.08,0.0694,0.0568,0.0431,0.029,0.015,0.0012,-0.0123,-0.0255,-0.0386,-0.0513,-0.0638,-0.0757,-0.0871,-0.0977,-0.1076,-0.1165,0.1499,0.1858,0.2346,0.3023,0.3968,0.5254,0.6828,0.822,0.8475,0.7223,0.5373,0.3824,0.2776,0.2106,0.1665,0.1359,0.1143,0.1007,0.0931,0.0862,0.0752,0.0605,0.0446,0.0288,0.0135,-0.0013,-0.0158,-0.03,-0.044,-0.0578,-0.0712,-0.0841,-0.0964,-0.1079,-0.1184,-0.1278,0.1371,0.1723,0.222,0.2954,0.4073,0.5816,0.8405,1.1358,1.2257,0.9629,0.626,0.4012,0.2765,0.2073,0.1648,0.135,0.1134,0.1013,0.0987,0.0951,0.0818,0.0632,0.0445,0.027,0.0107,-0.005,-0.0202,-0.0354,-0.0504,-0.0653,-0.08,-0.0941,-0.1075,-0.1199,-0.1311,-0.1411,0.1174,0.1482,0.1927,0.2609,0.3715,0.5617,0.8938,1.3769,1.5793,1.1092,0.6207,0.3673,0.2523,0.1965,0.1624,0.1354,0.1133,0.1012,0.1032,0.1018,0.0842,0.0617,0.0411,0.023,0.0063,-0.0098,-0.0257,-0.0417,-0.0579,-0.0742,-0.0903,-0.1059,-0.1206,-0.1342,-0.1462,-0.1567,0.092,0.1149,0.1479,0.1983,0.281,0.4254,0.6846,1.0731,1.2225,0.81,0.4348,0.2704,0.2106,0.1852,0.1646,0.1404,0.1153,0.0985,0.0963,0.0921,0.074,0.0525,0.0334,0.0164,0.0004,-0.0156,-0.032,-0.049,-0.0666,-0.0845,-0.1025,-0.1199,-0.1364,-0.1513,-0.1643,-0.1752,0.0632,0.0763,0.0938,0.1189,0.1572,0.2175,0.3072,0.3965,0.3666,0.2187,0.144,0.1502,0.1751,0.1882,0.1804,0.154,0.1195,0.0909,0.0756,0.0654,0.0516,0.0366,0.0223,0.0083,-0.0062,-0.0218,-0.0387,-0.0569,-0.0763,-0.0965,-0.1169,-0.1368,-0.1554,-0.1721,-0.1862,-0.1976,0.034,0.0371,0.0395,0.0401,0.0375,0.0274,-0.003,-0.0921,-0.2765,-0.3381,-0.1314,0.0655,0.1777,0.2251,0.2213,0.1803,0.1231,0.0725,0.0426,0.0302,0.0242,0.0184,0.0107,0.0006,-0.0122,-0.0275,-0.0452,-0.0652,-0.0871,-0.1104,-0.1342,-0.1575,-0.179,-0.1978,-0.2131,-0.2247,0.0071,0.0022,-0.0073,-0.0242,-0.053,-0.0995,-0.1722,-0.3083,-0.6878,-0.8766,-0.304,0.0658,0.2408,0.3117,0.2971,0.2198,0.1162,0.0241,-0.0189,-0.0175,-0.0049,0.0026,0.0025,-0.0041,-0.0158,-0.0316,-0.0508,-0.0733,-0.0988,-0.1265,-0.1552,-0.1832,-0.2087,-0.2302,-0.2468,-0.2582,-0.0156,-0.0258,-0.0423,-0.0683,-0.1084,-0.1664,-0.2383,-0.3051,-0.4815,-0.6008,-0.1743,0.166,0.3456,0.4376,0.3985,0.2614,0.0811,-0.1009,-0.1453,-0.0818,-0.0297,-0.0044,0.0024,-0.0027,-0.0152,-0.0326,-0.0543,-0.0805,-0.111,-0.1452,-0.1811,-0.216,-0.247,-0.272,-0.2896,-0.2999,-0.0331,-0.0458,-0.0647,-0.0927,-0.1333,-0.1892,-0.2565,-0.3044,-0.2884,-0.2034,0.0434,0.3178,0.4428,0.4838,0.4465,0.2713,0.0341,-0.3018,-0.3131,-0.126,-0.0299,0.0095,0.0172,0.0081,-0.0086,-0.0293,-0.0544,-0.0855,-0.1234,-0.1672,-0.214,-0.2593,-0.2982,-0.3273,-0.3451,-0.3526,-0.0458,-0.0586,-0.0766,-0.1015,-0.1351,-0.1789,-0.2296,-0.2704,-0.2348,-0.0892,0.1232,0.4359,0.5582,0.8,0.4393,0.2317,0.0599,-0.1598,-0.2011,-0.0713,0.025,0.0632,0.0553,0.0303,0.0045,-0.0203,-0.0487,-0.0859,-0.1344,-0.1931,-0.2571,-0.3184,-0.3688,-0.4025,-0.4184,-0.4194,-0.0546,-0.0661,-0.0812,-0.1005,-0.1242,-0.1511,-0.1758,-0.1824,-0.1419,-0.0612,0.0307,0.186,0.3796,0.4962,0.3452,0.153,0.102,0.0098,-0.0344,0.0454,0.1699,0.1891,0.1224,0.0606,0.0225,-0.0033,-0.0324,-0.0768,-0.1412,-0.2237,-0.3156,-0.4029,-0.4699,-0.5074,-0.5161,-0.504,-0.0606,-0.0703,-0.082,-0.0956,-0.1104,-0.1241,-0.1319,-0.1264,-0.1071,-0.1084,-0.2011,-0.0229,0.0631,0.1814,0.1318,0.0712,0.0654,-0.0035,-0.0105,0.1507,0.4549,0.3983,0.1918,0.0822,0.0425,0.0291,0.0064,-0.0476,-0.1378,-0.2593,-0.398,-0.5282,-0.6193,-0.6558,-0.6457,-0.6084,-0.0651,-0.0729,-0.0817,-0.0911,-0.1001,-0.107,-0.1095,-0.1068,-0.1058,-0.1305,-0.1992,-0.1274,-0.2637,-0.3632,-0.153,-0.1219,-0.1081,-0.1196,-0.1014,0.0863,0.4808,0.404,0.1688,0.0718,0.069,0.0982,0.0932,0.0195,-0.1158,-0.3,-0.516,-0.718,-0.8417,-0.8621,-0.8103,-0.7299,-0.0688,-0.0751,-0.0819,-0.0887,-0.0948,-0.0994,-0.1021,-0.1039,-0.1093,-0.1249,-0.1474,-0.1892,-0.3739,-0.4473,-0.4333,-0.4684,-0.3253,-0.2313,-0.208,-0.1529,0.0309,0.0859,0.033,0.0323,0.1213,0.2476,0.2712,0.1411,-0.0711,-0.3434,-0.6755,-0.9917,-1.1526,-1.1235,-0.9957,-0.8535,-0.0723,-0.0777,-0.0833,-0.0888,-0.094,-0.0985,-0.1028,-0.108,-0.117,-0.1329,-0.1603,-0.2146,-0.3128,-0.4629,-0.8827,-1.0528,-0.5534,-0.3321,-0.3089,-0.4189,-0.2983,-0.1832,-0.1227,-0.0237,0.1893,0.4875,0.546,0.2785,-0.0257,-0.3787,-0.8394,-1.2967,-1.4846,-1.3713,-1.1515,-0.9483,-0.076,-0.0808,-0.0859,-0.091,-0.0962,-0.1015,-0.1076,-0.1156,-0.1277,-0.147,-0.1786,-0.2322,-0.324,-0.5008,-0.8345,-0.9311,-0.6011,-0.4689,-0.6519,-0.7616,-0.505,-0.3762,-0.2915,-0.1337,0.1466,0.5143,0.5866,0.2539,-0.0285,-0.3826,-0.8898,-1.4101,-1.6057,-1.4544,-1.2008,-0.9783,-0.0799,-0.0845,-0.0894,-0.0946,-0.1002,-0.1065,-0.1142,-0.1243,-0.1388,-0.1601,-0.1924,-0.2421,-0.3192,-0.4355,-0.5688,-0.6016,-0.5198,-0.4942,-0.5892,-0.6348,-0.5748,-0.5897,-0.5591,-0.3532,-0.0581,0.1411,0.1002,0.058,-0.069,-0.3477,-0.7678,-1.1958,-1.3849,-1.3026,-1.1143,-0.9317,-0.0839,-0.0885,-0.0935,-0.099,-0.1051,-0.1123,-0.1212,-0.1327,-0.1483,-0.1699,-0.2002,-0.2423,-0.2991,-0.368,-0.4306,-0.4571,-0.4536,-0.467,-0.5158,-0.5775,-0.7052,-0.9687,-1.033,-0.6815,-0.2765,-0.0441,-0.0003,-0.0109,-0.1044,-0.3081,-0.5966,-0.8837,-1.0439,-1.0431,-0.9496,-0.8333,-0.0881,-0.0927,-0.0979,-0.1037,-0.1103,-0.1182,-0.1278,-0.1399,-0.1557,-0.1763,-0.2031,-0.2374,-0.2788,-0.3236,-0.3635,-0.3911,-0.4117,-0.442,-0.4972,-0.6019,-0.8354,-1.2381,-1.3484,-0.9067,-0.4445,-0.1709,-0.0691,-0.0763,-0.1536,-0.2926,-0.4754,-0.6559,-0.776,-0.8111,-0.7813,-0.7206,-0.0922,-0.097,-0.1023,-0.1084,-0.1154,-0.1236,-0.1336,-0.1458,-0.1611,-0.18,-0.2034,-0.2313,-0.263,-0.2961,-0.3274,-0.3555,-0.3844,-0.423,-0.4853,-0.5956,-0.792,-1.0422,-1.093,-0.8289,-0.508,-0.289,-0.1855,-0.1687,-0.2111,-0.2963,-0.4079,-0.5201,-0.6044,-0.6448,-0.6448,-0.6185]}]