docs/data/wind_grid.json
{"header": {"la1":42.1,"la2":41.55,"lo1":12.1,"lo2":12.95,"nx":50,"ny":50,"dx":0.01735,"dy":0.01122,"parameterCategory":2,"parameterNumber":3,"parameterNumberName":"northward_wind","parameterUnit":"m.s-1"}, "data":
[rows 0 to 45 of 50, columns 0 to 49 of 50]
1.6593,1.6597,1.6601,1.6604,1.6607,1.661,1.6612,1.6614,1.6616,1.6618,1.6619,1.6619,1.6618,1.6616,1.6611,1.6602,1.6588,1.6567,1.6536,1.6493,1.6435,1.6357,1.6258,1.6132,1.5976,1.5785,1.5555,1.5281,1.4959,1.4586,1.4159,1.3678,1.3149,1.2579,1.1983,1.1382,1.0801,1.0266,0.9804,0.9435,0.9171,0.9016,0.8965,0.9004,0.9118,0.9291,0.9504,0.9745,1.0,1.0261
1.6611,1.6615,1.662,1.6624,1.6627,1.6631,1.6634,1.6638,1.6641,1.6645,1.6648,1.6651,1.6653,1.6654,1.6654,1.665,1.6641,1.6625,1.66,1.6563,1.651,1.6438,1.6342,1.6219,1.6064,1.5872,1.5639,1.5358,1.5025,1.4635,1.4185,1.3673,1.3103,1.2484,1.1832,1.117,1.0528,0.9938,0.943,0.9031,0.8754,0.8602,0.8568,0.8635,0.8784,0.8994,0.9245,0.9521,0.9809,1.01
1.6628,1.6633,1.6638,1.6643,1.6647,1.6652,1.6656,1.6661,1.6666,1.6671,1.6676,1.6682,1.6687,1.6692,1.6696,1.6697,1.6694,1.6685,1.6666,1.6636,1.6589,1.6522,1.6431,1.6312,1.6159,1.5967,1.5731,1.5445,1.5102,1.4696,1.4222,1.3679,1.3067,1.2396,1.1682,1.0952,1.0241,0.9587,0.9029,0.8596,0.8306,0.816,0.8148,0.8249,0.8439,0.8691,0.8984,0.9299,0.9623,0.9944
1.6645,1.6651,1.6656,1.6662,1.6667,1.6672,1.6678,1.6683,1.6689,1.6696,1.6703,1.6711,1.672,1.6729,1.6737,1.6744,1.6748,1.6745,1.6734,1.6711,1.6671,1.6611,1.6526,1.641,1.626,1.6069,1.5831,1.5541,1.5189,1.4769,1.4274,1.3699,1.3044,1.2317,1.1536,1.0731,0.9942,0.9217,0.8601,0.8131,0.7828,0.7692,0.7708,0.7849,0.8085,0.8386,0.8725,0.9082,0.9442,0.9795
1.6662,1.6668,1.6674,1.668,1.6686,1.6692,1.6698,1.6705,1.6712,1.672,1.673,1.674,1.6752,1.6765,1.6778,1.6791,1.6801,1.6807,1.6804,1.6789,1.6757,1.6704,1.6625,1.6514,1.6367,1.6178,1.594,1.5647,1.5289,1.4857,1.4341,1.3735,1.3037,1.2253,1.14,1.0512,0.9636,0.8829,0.8148,0.7638,0.7322,0.72,0.7251,0.7439,0.7728,0.8082,0.8471,0.8873,0.9272,0.9657
1.6678,1.6685,1.6692,1.6698,1.6705,1.6711,1.6718,1.6726,1.6734,1.6743,1.6755,1.6767,1.6783,1.6799,1.6818,1.6837,1.6855,1.6868,1.6875,1.6869,1.6846,1.6801,1.6729,1.6623,1.648,1.6294,1.6057,1.5763,1.5401,1.4959,1.4427,1.3793,1.3052,1.2209,1.128,1.0302,0.9329,0.8431,0.7677,0.7122,0.6795,0.6691,0.6783,0.7026,0.7374,0.7786,0.8228,0.8677,0.9115,0.9533
1.6694,1.6702,1.6709,1.6716,1.6723,1.673,1.6737,1.6745,1.6755,1.6765,1.6778,1.6793,1.6811,1.6832,1.6856,1.6882,1.6907,1.693,1.6947,1.6952,1.6939,1.6903,1.6837,1.6738,1.6599,1.6416,1.6182,1.5889,1.5525,1.5078,1.4532,1.3874,1.3094,1.2192,1.1185,1.011,0.9031,0.803,0.7194,0.659,0.6252,0.6173,0.6313,0.6618,0.7032,0.7506,0.8003,0.8499,0.8976,0.9426
1.671,1.6718,1.6726,1.6733,1.6741,1.6748,1.6756,1.6764,1.6774,1.6786,1.68,1.6817,1.6838,1.6863,1.6892,1.6924,1.6959,1.6992,1.702,1.7037,1.7035,1.7009,1.6951,1.6857,1.6723,1.6543,1.6313,1.6023,1.5661,1.5213,1.4659,1.3983,1.3169,1.2212,1.1125,0.9948,0.8754,0.764,0.6713,0.6055,0.5708,0.5657,0.5853,0.6227,0.671,0.7249,0.7803,0.8345,0.8859,0.9339
1.6726,1.6735,1.6743,1.675,1.6758,1.6766,1.6774,1.6782,1.6792,1.6805,1.682,1.6838,1.6862,1.689,1.6925,1.6965,1.7009,1.7054,1.7094,1.7125,1.7136,1.712,1.707,1.6981,1.685,1.6675,1.6449,1.6164,1.5809,1.5365,1.4811,1.4124,1.3283,1.2277,1.1114,0.9833,0.8516,0.7279,0.6251,0.5536,0.518,0.5163,0.5421,0.5867,0.6423,0.7026,0.7635,0.8221,0.877,0.9277
1.6742,1.6751,1.6759,1.6767,1.6775,1.6783,1.6791,1.6799,1.681,1.6822,1.6838,1.6857,1.6883,1.6915,1.6955,1.7002,1.7056,1.7114,1.7169,1.7215,1.7241,1.7237,1.7195,1.711,1.6982,1.6808,1.6588,1.6312,1.5967,1.5534,1.4988,1.43,1.3444,1.2399,1.1166,0.9784,0.8341,0.6973,0.5836,0.5058,0.4694,0.4714,0.5036,0.5556,0.6184,0.6849,0.7508,0.8133,0.8713,0.9242
1.6757,1.6767,1.6775,1.6784,1.6791,1.6799,1.6807,1.6816,1.6825,1.6838,1.6853,1.6874,1.6901,1.6936,1.6981,1.7036,1.71,1.7172,1.7244,1.7309,1.7352,1.736,1.7325,1.7243,1.7115,1.6943,1.6728,1.6462,1.6133,1.5719,1.5191,1.4516,1.3658,1.2589,1.13,0.9824,0.8256,0.6753,0.5501,0.4656,0.4282,0.4339,0.4724,0.5316,0.6009,0.6729,0.7431,0.8089,0.8692,0.9238
1.6773,1.6782,1.6791,1.68,1.6808,1.6815,1.6823,1.6831,1.684,1.6852,1.6867,1.6888,1.6915,1.6953,1.7002,1.7064,1.714,1.7227,1.7319,1.7405,1.7469,1.7492,1.7463,1.738,1.7249,1.7076,1.6866,1.6614,1.6305,1.5918,1.542,1.4773,1.3931,1.2857,1.1531,0.9978,0.8294,0.6657,0.5288,0.4372,0.3984,0.4073,0.4514,0.5166,0.5914,0.6678,0.7412,0.8093,0.8712,0.9267
1.6788,1.6798,1.6808,1.6816,1.6824,1.6831,1.6838,1.6846,1.6854,1.6864,1.6878,1.6898,1.6926,1.6965,1.7017,1.7086,1.7173,1.7277,1.7392,1.7505,1.7593,1.7634,1.7611,1.7522,1.7381,1.7204,1.6998,1.6762,1.6482,1.6132,1.5677,1.5073,1.4269,1.3215,1.1877,1.027,0.8489,0.6729,0.5246,0.4255,0.3845,0.3954,0.4436,0.5131,0.5915,0.6706,0.7458,0.815,0.8775,0.9333
1.6804,1.6814,1.6824,1.6832,1.684,1.6847,1.6854,1.686,1.6867,1.6876,1.6888,1.6906,1.6933,1.6972,1.7026,1.7101,1.7199,1.7321,1.7462,1.7607,1.7728,1.779,1.7769,1.7667,1.751,1.7323,1.7122,1.6905,1.6659,1.6357,1.596,1.5419,1.4676,1.3669,1.2351,1.0722,0.8873,0.7011,0.5422,0.4355,0.3911,0.4019,0.4516,0.5228,0.6024,0.6822,0.7575,0.8264,0.8883,0.9435
1.6819,1.683,1.684,1.6849,1.6857,1.6863,1.6869,1.6874,1.6879,1.6886,1.6895,1.6911,1.6935,1.6972,1.7028,1.7107,1.7214,1.7354,1.7524,1.7709,1.7872,1.7962,1.794,1.7816,1.7631,1.7429,1.7232,1.7039,1.6835,1.6592,1.6268,1.5811,1.5153,1.4224,1.2962,1.1351,0.9471,0.7537,0.5859,0.4715,0.4219,0.4297,0.4775,0.5471,0.6251,0.703,0.7765,0.8436,0.9038,0.9574
1.6834,1.6846,1.6856,1.6866,1.6873,1.688,1.6885,1.6888,1.6891,1.6895,1.6901,1.6913,1.6933,1.6967,1.7021,1.7101,1.7216,1.7372,1.7573,1.7806,1.8026,1.8154,1.8128,1.7964,1.7738,1.7516,1.7324,1.7161,1.7008,1.6836,1.6602,1.6248,1.5702,1.4881,1.3712,1.2161,1.0296,0.8328,0.6583,0.5361,0.4792,0.4805,0.5224,0.5866,0.6597,0.7332,0.8027,0.8665,0.9238,0.9749
1.685,1.6862,1.6873,1.6883,1.6891,1.6897,1.6901,1.6903,1.6904,1.6904,1.6906,1.6912,1.6928,1.6956,1.7006,1.7084,1.7201,1.7369,1.7599,1.7888,1.8185,1.8368,1.8329,1.8103,1.7821,1.7575,1.7393,1.7267,1.7176,1.7089,1.696,1.673,1.6319,1.5637,1.4596,1.3146,1.1339,0.9378,0.7591,0.6293,0.5628,0.5539,0.5857,0.6407,0.7056,0.7722,0.8359,0.8947,0.948,0.9958
1.6865,1.6878,1.689,1.69,1.6909,1.6915,1.6918,1.6919,1.6917,1.6913,1.691,1.6911,1.6918,1.694,1.6981,1.7053,1.7166,1.7338,1.759,1.7935,1.8328,1.8594,1.8532,1.8214,1.7863,1.7599,1.7436,1.7358,1.7339,1.735,1.7343,1.7255,1.7002,1.6482,1.5597,1.4282,1.2572,1.0653,0.8848,0.7477,0.6697,0.6473,0.6654,0.7078,0.7617,0.819,0.8752,0.9279,0.9761,1.0198
1.6881,1.6895,1.6908,1.6919,1.6928,1.6934,1.6937,1.6936,1.6931,1.6924,1.6915,1.6908,1.6907,1.6918,1.6949,1.7009,1.7111,1.7273,1.7528,1.7911,1.8411,1.8791,1.8695,1.8256,1.7842,1.7577,1.745,1.7432,1.7498,1.7619,1.775,1.7821,1.7742,1.7402,1.6691,1.5531,1.3941,1.2091,1.0289,0.8849,0.7944,0.7562,0.758,0.7852,0.826,0.8724,0.9197,0.9651,1.0075,1.0465
1.6897,1.6912,1.6926,1.6938,1.6948,1.6954,1.6957,1.6955,1.6948,1.6936,1.6921,1.6905,1.6893,1.6892,1.6909,1.6953,1.7035,1.7172,1.7398,1.7772,1.8336,1.8839,1.8704,1.816,1.773,1.7503,1.7435,1.7492,1.7654,1.7897,1.8177,1.8421,1.8527,1.8375,1.7842,1.684,1.5378,1.3609,1.1822,1.0323,0.9292,0.8746,0.8589,0.8697,0.8962,0.9306,0.9681,1.0056,1.0416,1.0753
1.6913,1.6929,1.6944,1.6958,1.6969,1.6977,1.698,1.6978,1.6968,1.6952,1.693,1.6904,1.688,1.6864,1.6864,1.6888,1.6942,1.7038,1.7198,1.7478,1.7961,1.8479,1.8347,1.7842,1.751,1.7378,1.7395,1.754,1.7807,1.8182,1.862,1.9043,1.9337,1.9368,1.9001,1.8145,1.6801,1.5113,1.3351,1.1807,1.0664,0.9961,0.9634,0.9578,0.9698,0.9918,1.0191,1.0483,1.0775,1.1058
1.6929,1.6947,1.6964,1.6979,1.6992,1.7001,1.7006,1.7003,1.6993,1.6972,1.6943,1.6906,1.6868,1.6835,1.6816,1.6817,1.684,1.6883,1.6947,1.7048,1.7225,1.7459,1.7452,1.7285,1.7199,1.7217,1.7339,1.7582,1.7959,1.8468,1.9066,1.9668,2.0142,2.0338,2.0114,1.9376,1.8129,1.6515,1.4787,1.3216,1.1985,1.1149,1.0668,1.046,1.0441,1.0542,1.0714,1.0923,1.1147,1.1374
1.6944,1.6964,1.6983,1.7001,1.7016,1.7028,1.7035,1.7034,1.7022,1.6999,1.6961,1.6913,1.6858,1.6807,1.6767,1.6745,1.6736,1.6726,1.6688,1.6578,1.6351,1.6125,1.6306,1.6633,1.6855,1.7044,1.728,1.7622,1.8108,1.8747,1.9499,2.0266,2.0901,2.1233,2.1116,2.0463,1.9291,1.7744,1.606,1.4488,1.32,1.2262,1.1654,1.1314,1.117,1.116,1.1237,1.1366,1.1524,1.1696
1.696,1.6982,1.7003,1.7024,1.7042,1.7057,1.7067,1.7069,1.7059,1.7033,1.6988,1.6926,1.6853,1.6779,1.6718,1.6674,1.664,1.6587,1.6465,1.6197,1.5711,1.5255,1.5509,1.6111,1.6557,1.689,1.7229,1.7663,1.8248,1.9005,1.9893,2.0801,2.1563,2.1994,2.1946,2.1348,2.0235,1.8754,1.7128,1.558,1.427,1.3265,1.2563,1.2115,1.1865,1.1758,1.1748,1.1803,1.1899,1.2019
1.6976,1.6999,1.7023,1.7047,1.7069,1.7089,1.7103,1.7109,1.7102,1.7077,1.7026,1.695,1.6854,1.6754,1.6668,1.6605,1.6554,1.6477,1.6311,1.5974,1.5441,1.5013,1.5231,1.5833,1.6358,1.6779,1.7197,1.7707,1.8375,1.9227,2.022,2.1231,2.2078,2.2567,2.2555,2.1992,2.0932,1.9525,1.7974,1.6478,1.5178,1.4142,1.3377,1.2849,1.2514,1.2325,1.224,1.2228,1.2266,1.2337
1.6991,1.7017,1.7043,1.707,1.7097,1.7122,1.7143,1.7156,1.7155,1.7132,1.7078,1.6986,1.6862,1.6729,1.6615,1.6536,1.6479,1.64,1.6228,1.59,1.5442,1.5122,1.528,1.5766,1.627,1.6722,1.7188,1.7752,1.848,1.9396,2.0453,2.152,2.2405,2.2914,2.2917,2.2382,2.138,2.006,1.8603,1.7183,1.5922,1.4886,1.4087,1.3506,1.3107,1.2852,1.2704,1.2634,1.2621,1.2647
1.7005,1.7034,1.7063,1.7094,1.7125,1.7157,1.7185,1.7208,1.7217,1.7202,1.7147,1.7039,1.6882,1.6704,1.6554,1.646,1.6409,1.6348,1.6203,1.5928,1.5578,1.5357,1.5465,1.5832,1.627,1.6716,1.7203,1.7797,1.8556,1.9499,2.0576,2.165,2.2529,2.3028,2.3033,2.253,2.16,2.0381,1.9035,1.7709,1.6511,1.55,1.4694,1.4083,1.364,1.3334,1.3135,1.3017,1.296,1.2945
1.7019,1.7049,1.7082,1.7117,1.7154,1.7192,1.723,1.7264,1.7288,1.7286,1.7238,1.7117,1.6916,1.6677,1.6479,1.6371,1.6336,1.6309,1.6211,1.6008,1.5758,1.561,1.5687,1.596,1.633,1.6749,1.7235,1.7836,1.8599,1.9534,2.0585,2.1621,2.2458,2.2928,2.2933,2.2473,2.1627,2.0522,1.9298,1.808,1.696,1.5994,1.5202,1.458,1.4111,1.3769,1.3531,1.3374,1.3279,1.323
1.7031,1.7064,1.71,1.7139,1.7181,1.7226,1.7275,1.7323,1.7365,1.7386,1.7355,1.7227,1.6975,1.665,1.6386,1.6263,1.6255,1.6273,1.6231,1.61,1.5933,1.584,1.59,1.611,1.6422,1.6807,1.7277,1.7866,1.8607,1.9502,2.0494,2.1458,2.2228,2.2657,2.2665,2.2257,2.1505,2.0521,1.9425,1.8321,1.729,1.6382,1.5619,1.5002,1.4521,1.4157,1.389,1.3703,1.3577,1.3499
1.7043,1.7078,1.7116,1.7158,1.7206,1.7259,1.7318,1.7381,1.7445,1.7495,1.7495,1.7377,1.707,1.6629,1.6277,1.6145,1.6172,1.6237,1.6249,1.6183,1.6083,1.6031,1.6086,1.6257,1.6525,1.6876,1.732,1.7882,1.8583,1.9416,2.0325,2.1196,2.1886,2.227,2.2283,2.1931,2.1277,2.0415,1.9446,1.8458,1.752,1.6678,1.5955,1.5355,1.4874,1.4498,1.4213,1.4003,1.3853,1.375
1.7052,1.7089,1.713,1.7176,1.7228,1.7287,1.7356,1.7435,1.7522,1.7605,1.7649,1.7563,1.7212,1.6632,1.6176,1.604,1.6103,1.6208,1.6264,1.625,1.6203,1.6185,1.6241,1.6389,1.6625,1.6945,1.736,1.7885,1.8533,1.929,2.0102,2.0872,2.1478,2.1818,2.1837,2.1542,2.0982,2.0237,1.9389,1.8514,1.767,1.6897,1.622,1.5647,1.5175,1.4797,1.4501,1.4274,1.4106,1.3984
1.706,1.7099,1.7141,1.719,1.7245,1.7311,1.7387,1.7479,1.7585,1.77,1.7792,1.7757,1.7393,1.6686,1.6133,1.5992,1.6075,1.62,1.6281,1.6304,1.6296,1.6305,1.6368,1.6503,1.6715,1.7008,1.7391,1.7873,1.8461,1.9137,1.9851,2.0519,2.1044,2.1342,2.1367,2.1124,2.0652,2.0015,1.928,1.851,1.7755,1.7053,1.6426,1.5884,1.5428,1.5054,1.4754,1.4518,1.4336,1.42
1.7067,1.7106,1.715,1.72,1.7258,1.7327,1.7409,1.7508,1.7628,1.7764,1.789,1.79,1.7558,1.6804,1.6197,1.6032,1.6102,1.622,1.6308,1.6351,1.637,1.64,1.6469,1.6597,1.6792,1.7061,1.7411,1.7849,1.8375,1.897,1.959,2.0164,2.0614,2.0872,2.0902,2.0705,2.0311,1.9769,1.9135,1.8462,1.7792,1.7158,1.6582,1.6075,1.564,1.5276,1.4977,1.4736,1.4545,1.4398
1.7071,1.7111,1.7155,1.7206,1.7266,1.7336,1.742,1.7522,1.7644,1.7785,1.7916,1.7939,1.7632,1.6941,1.6354,1.6154,1.618,1.6269,1.6347,1.6397,1.6432,1.6476,1.6551,1.6674,1.6856,1.7102,1.7421,1.7815,1.8281,1.88,1.9333,1.9822,2.0205,2.0428,2.046,2.0301,1.9973,1.9515,1.8971,1.8385,1.7793,1.7223,1.6697,1.6226,1.5815,1.5464,1.517,1.4929,1.4734,1.4578
1.7073,1.7113,1.7157,1.7208,1.7267,1.7337,1.7419,1.7518,1.7634,1.7762,1.7873,1.7875,1.7604,1.7042,1.6536,1.6314,1.6289,1.6338,1.6396,1.6445,1.6487,1.6539,1.6618,1.6737,1.6906,1.7132,1.7421,1.7773,1.8183,1.8632,1.9088,1.9503,1.9827,2.0018,2.0051,1.9923,1.9651,1.9265,1.8799,1.8289,1.7767,1.7257,1.6779,1.6344,1.5958,1.5623,1.5338,1.5099,1.4902,1.4742
1.7073,1.7113,1.7156,1.7206,1.7264,1.733,1.7408,1.7498,1.7601,1.7706,1.7782,1.7755,1.752,1.7091,1.6686,1.6467,1.6403,1.6416,1.6453,1.6494,1.6537,1.6593,1.6673,1.6787,1.6945,1.7152,1.7413,1.7726,1.8084,1.8472,1.886,1.9211,1.9485,1.9648,1.968,1.9577,1.935,1.9024,1.8624,1.8182,1.7722,1.7267,1.6834,1.6435,1.6075,1.5757,1.5483,1.5249,1.5053,1.4891
1.7072,1.711,1.7153,1.7201,1.7255,1.7317,1.7388,1.7467,1.7552,1.763,1.7673,1.7624,1.7426,1.7104,1.679,1.6591,1.6507,1.6493,1.6511,1.6543,1.6584,1.664,1.6719,1.6828,1.6975,1.7164,1.7398,1.7675,1.7988,1.8321,1.8652,1.8948,1.9179,1.9318,1.9347,1.9263,1.9074,1.8797,1.8454,1.807,1.7665,1.726,1.6869,1.6503,1.6168,1.5869,1.5607,1.538,1.5187,1.5025
1.7068,1.7105,1.7146,1.7191,1.7242,1.7299,1.7361,1.7428,1.7494,1.7548,1.7564,1.7504,1.7341,1.7098,1.6856,1.6685,1.6595,1.6565,1.6568,1.6591,1.6628,1.6682,1.6758,1.6861,1.6997,1.7169,1.7379,1.7623,1.7895,1.8182,1.8462,1.8713,1.8907,1.9024,1.905,1.8981,1.8822,1.8586,1.8291,1.7957,1.7601,1.7239,1.6887,1.6552,1.6243,1.5962,1.5713,1.5495,1.5306,1.5145
1.7063,1.7098,1.7137,1.7179,1.7226,1.7276,1.733,1.7384,1.7434,1.7467,1.7465,1.7403,1.7269,1.7083,1.6896,1.6753,1.6666,1.6627,1.6621,1.6636,1.6669,1.672,1.6791,1.6888,1.7013,1.7169,1.7356,1.7571,1.7807,1.8053,1.8292,1.8503,1.8666,1.8765,1.8787,1.8729,1.8594,1.8392,1.8138,1.7846,1.7532,1.721,1.6892,1.6587,1.6301,1.6039,1.5803,1.5594,1.5411,1.5253
1.7056,1.709,1.7126,1.7165,1.7207,1.7251,1.7296,1.7339,1.7375,1.7393,1.738,1.7321,1.7211,1.7066,1.692,1.68,1.6721,1.668,1.6668,1.6678,1.6706,1.6753,1.682,1.6909,1.7023,1.7164,1.733,1.7519,1.7725,1.7936,1.8138,1.8317,1.8454,1.8536,1.8554,1.8504,1.8389,1.8216,1.7995,1.7739,1.7462,1.7175,1.6888,1.661,1.6346,1.6102,1.588,1.5681,1.5504,1.5349
1.7048,1.708,1.7113,1.7149,1.7186,1.7224,1.7261,1.7295,1.732,1.7327,1.7308,1.7253,1.7163,1.7049,1.6932,1.6834,1.6764,1.6723,1.6709,1.6715,1.674,1.6782,1.6844,1.6926,1.703,1.7156,1.7304,1.747,1.7648,1.7829,1.8001,1.8151,1.8266,1.8335,1.8349,1.8305,1.8205,1.8055,1.7862,1.7638,1.7392,1.7135,1.6876,1.6623,1.6381,1.6154,1.5945,1.5755,1.5586,1.5435
1.7039,1.7068,1.7099,1.7131,1.7164,1.7197,1.7227,1.7253,1.7269,1.7269,1.7247,1.7198,1.7124,1.7032,1.6939,1.6857,1.6796,1.6759,1.6743,1.6747,1.6769,1.6808,1.6864,1.6939,1.7033,1.7146,1.7277,1.7422,1.7576,1.7731,1.7878,1.8004,1.8101,1.8157,1.8167,1.8128,1.8041,1.7909,1.7741,1.7543,1.7324,1.7094,1.686,1.6629,1.6406,1.6195,1.5999,1.582,1.5657,1.5512
1.7029,1.7056,1.7084,1.7113,1.7142,1.717,1.7194,1.7213,1.7223,1.7219,1.7196,1.7153,1.7091,1.7017,1.6941,1.6873,1.6821,1.6788,1.6773,1.6775,1.6794,1.6829,1.6881,1.6948,1.7033,1.7134,1.7249,1.7376,1.7509,1.7642,1.7767,1.7874,1.7954,1.8,1.8007,1.7971,1.7894,1.7778,1.7629,1.7453,1.7259,1.7052,1.684,1.6629,1.6424,1.6228,1.6045,1.5875,1.572,1.558
1.7018,1.7043,1.7069,1.7095,1.712,1.7143,1.7163,1.7177,1.7182,1.7175,1.7153,1.7115,1.7064,1.7003,1.694,1.6884,1.684,1.6811,1.6797,1.6799,1.6816,1.6847,1.6894,1.6955,1.7031,1.712,1.7222,1.7333,1.7448,1.7562,1.7667,1.7757,1.7824,1.7861,1.7864,1.7831,1.7762,1.7659,1.7527,1.737,1.7196,1.701,1.6818,1.6625,1.6436,1.6255,1.6083,1.5923,1.5775,1.5641
1.7007,1.703,1.7053,1.7076,1.7098,1.7117,1.7133,1.7143,1.7145,1.7137,1.7117,1.7084,1.704,1.699,1.6938,1.6892,1.6855,1.6829,1.6817,1.6819,1.6834,1.6862,1.6904,1.6959,1.7027,1.7106,1.7195,1.7292,1.7391,1.7488,1.7578,1.7653,1.7708,1.7737,1.7738,1.7706,1.7644,1.7552,1.7434,1.7294,1.7137,1.6969,1.6794,1.6618,1.6444,1.6275,1.6115,1.5964,1.5824,1.5695
1.6995,1.7017,1.7038,1.7058,1.7077,1.7093,1.7105,1.7113,1.7113,1.7104,1.7085,1.7056,1.702,1.6978,1.6935,1.6896,1.6865,1.6843,1.6833,1.6835,1.6848,1.6874,1.6911,1.696,1.7021,1.7091,1.7169,1.7253,1.7338,1.7421,1.7497,1.756,1.7605,1.7628,1.7625,1.7595,1.7538,1.7455,1.7349,1.7223,1.7081,1.6929,1.677,1.6608,1.6448,1.6291,1.6141,1.5999,1.5866,1.5743
