docs/data/wind_grid.json
[{"header":{"la1":42.85,"la2":41.18,"lo1":11.55,"lo2":14.05,"nx":36,"ny":24,"dx":0.07143,"dy":0.07261,"parameterCategory":2,"parameterNumber":2,"parameterNumberName":"eastward_wind","parameterUnit":"m.s-1"},"data":[0.1403,0.1072,0.0664,0.0184,-0.0347,-0.0891,-0.1398,-0.1811,-0.2098,-0.2265,-0.2354,-0.2429,-0.2544,-0.2731,-0.3,-0.3334,-0.3695,-0.402,-0.4239,-0.4295,-0.417,-0.3889,-0.3502,-0.3065,-0.262,-0.2197,-0.1811,-0.147,-0.1174,-0.0923,-0.0711,-0.0535,-0.0389,-0.0269,-0.017,-0.0088,0.1698,0.1326,0.0841,0.024,-0.0457,-0.1198,-0.1895,-0.2441,-0.2758,-0.2851,-0.2813,-0.2766,-0.2807,-0.2987,-0.3318,-0.3782,-0.4323,-0.4838,-0.5197,-0.5287,-0.5081,-0.4641,-0.4068,-0.3456,-0.2866,-0.2331,-0.1864,-0.1465,-0.1132,-0.0857,-0.0633,-0.0452,-0.0307,-0.0191,-0.0098,-0.0023,0.2094,0.1689,0.1119,0.0363,-0.0573,-0.1631,-0.2669,-0.3468,-0.3831,-0.3751,-0.3437,-0.3148,-0.3049,-0.3201,-0.3614,-0.4272,-0.511,-0.5969,-0.6589,-0.6731,-0.6353,-0.5617,-0.4738,-0.387,-0.309,-0.2421,-0.1863,-0.1407,-0.1039,-0.0747,-0.0517,-0.0338,-0.02,-0.0093,-0.0011,0.0053,0.2626,0.2212,0.1566,0.0631,-0.0634,-0.2202,-0.388,-0.5222,-0.569,-0.5202,-0.4297,-0.3555,-0.3222,-0.3321,-0.3832,-0.4761,-0.6085,-0.7589,-0.8738,-0.8948,-0.8168,-0.686,-0.5484,-0.4261,-0.3246,-0.2429,-0.1782,-0.1274,-0.0881,-0.0582,-0.0356,-0.0188,-0.0065,0.0024,0.009,0.0138,0.3333,0.296,0.2284,0.1181,-0.0481,-0.2806,-0.5679,-0.8298,-0.9089,-0.7586,-0.5406,-0.3892,-0.3243,-0.3271,-0.3875,-0.513,-0.7187,-0.9909,-1.2207,-1.2462,-1.0698,-0.8311,-0.619,-0.4527,-0.3263,-0.2307,-0.1584,-0.1042,-0.0641,-0.0351,-0.0144,-0.0001,0.0096,0.016,0.0202,0.023,0.4253,0.4012,0.3406,0.2231,0.0219,-0.2999,-0.7773,-1.3265,-1.5117,-1.1073,-0.6429,-0.3912,-0.3,-0.2978,-0.3613,-0.5114,-0.8025,-1.276,-1.7482,-1.7588,-1.365,-0.9574,-0.6588,-0.4515,-0.3052,-0.1998,-0.1234,-0.0687,-0.0303,-0.0044,0.0124,0.0226,0.0284,0.0312,0.0322,0.0323,0.5407,0.5439,0.5081,0.4043,0.1941,-0.1798,-0.8188,-1.7494,-2.1453,-1.3301,-0.6124,-0.3229,-0.2432,-0.2421,-0.2908,-0.4322,-0.7624,-1.4079,-2.1768,-2.1496,-1.5088,-0.974,-0.6301,-0.4063,-0.2531,-0.1453,-0.0696,-0.0182,0.0149,0.0346,0.0449,0.0489,0.0491,0.0471,0.0442,0.0411,0.6777,0.7277,0.7445,0.6855,0.5038,0.1631,-0.391,-1.167,-1.4828,-0.8222,-0.3147,-0.1745,-0.1702,-0.1699,-0.1627,-0.2417,-0.5206,-1.0681,-1.7076,-1.7326,-1.249,-0.8131,-0.5155,-0.3112,-0.1662,-0.0633,0.0063,0.0495,0.0728,0.0822,0.0827,0.078,0.0708,0.0627,0.055,0.0483,0.826,0.9466,1.0576,1.0881,0.9499,0.6616,0.3297,0.0523,0.016,0.1695,0.1531,-0.0069,-0.1332,-0.1115,0.0627,0.115,-0.154,-0.5404,-0.8733,-0.9512,-0.7801,-0.5482,-0.343,-0.1758,-0.045,0.0496,0.1087,0.1377,0.1447,0.1382,0.1247,0.1083,0.0917,0.0764,0.0633,0.0527,0.9615,1.1695,1.4279,1.63,1.5162,1.1567,0.9321,0.9432,1.1888,1.2138,0.6478,0.0881,-0.2189,-0.1673,0.4549,0.8037,0.1755,-0.2233,-0.4082,-0.4663,-0.4172,-0.3014,-0.1591,-0.015,0.1114,0.2012,0.2454,0.2504,0.2313,0.2012,0.1685,0.1371,0.1092,0.0856,0.0667,0.0523,1.0468,1.3202,1.721,2.1625,2.0662,1.5001,1.3162,1.4476,2.0512,2.3991,1.0044,0.0164,-0.5147,-0.6238,0.1599,0.7734,0.1032,-0.1441,-0.2028,-0.2236,-0.1978,-0.1157,0.0116,0.166,0.3148,0.4114,0.431,0.3929,0.331,0.2671,0.2095,0.1602,0.1195,0.087,0.0624,0.0448,1.0524,1.3176,1.6953,2.0946,2.0007,1.5643,1.5745,1.761,1.835,1.8291,0.7195,-0.2277,-0.9337,-1.5377,-1.1838,-0.4909,-0.2594,-0.0932,-0.0368,-0.0797,-0.0648,0.02,0.1662,0.3716,0.5946,0.721,0.6872,0.5652,0.4359,0.3273,0.2404,0.1714,0.1171,0.0759,0.0465,0.0272,0.9855,1.1827,1.4141,1.5874,1.5455,1.4744,1.713,2.0937,1.7956,1.0689,0.2511,-0.3821,-0.9432,-1.8265,-1.6124,-0.8951,-0.4038,0.1492,0.184,0.008,0.0241,0.127,0.3005,0.5891,0.9726,1.1716,1.0106,0.7406,0.5231,0.3667,0.2511,0.1625,0.095,0.046,0.0139,-0.0043,0.8818,1.0092,1.1334,1.2143,1.2391,1.3079,1.5337,1.8143,1.5455,0.7035,0.0042,-0.3382,-0.5134,-1.5835,-1.2442,-0.89,-0.5859,-0.1196,0.0308,0.0169,0.1128,0.2327,0.3965,0.7267,1.2808,1.5758,1.2438,0.8327,0.5539,0.3676,0.2305,0.124,0.0434,-0.0114,-0.0424,-0.0543,0.772,0.8511,0.9209,0.97,1.0052,1.0602,1.1454,1.1543,0.8565,0.3235,-0.0928,-0.3995,-0.9123,-1.574,-1.0727,-0.8904,-0.9963,-0.5199,-0.1696,0.0704,0.299,0.3914,0.4527,0.6787,1.107,1.3522,1.0974,0.753,0.5039,0.321,0.1704,0.0438,-0.0519,-0.1095,-0.1316,-0.1282,0.67,0.7179,0.757,0.783,0.7975,0.8028,0.7802,0.6699,0.4171,0.1115,0.0076,-0.2818,-0.4976,-0.8509,-0.7698,-0.7568,-0.8469,-0.5003,-0.1612,0.2268,0.6914,0.6464,0.4972,0.5516,0.7218,0.8221,0.7337,0.5656,0.401,0.2376,0.0668,-0.0954,-0.2145,-0.2686,-0.2657,-0.2303,0.5798,0.6067,0.6249,0.631,0.6223,0.5926,0.5266,0.4022,0.2189,0.0423,-0.0105,-0.1806,-0.2589,-0.2614,-0.417,-0.4391,-0.4254,-0.3236,-0.1791,0.2025,0.7452,0.6778,0.4863,0.4575,0.4878,0.4944,0.4599,0.4006,0.3033,0.143,-0.0826,-0.3235,-0.4855,-0.5171,-0.4548,-0.3598,0.5018,0.5141,0.5176,0.5093,0.4855,0.4407,0.3674,0.261,0.1312,0.0086,-0.0837,-0.1663,-0.1783,-0.1663,-0.1421,-0.1002,-0.1773,-0.3151,-0.5031,-0.0143,0.358,0.4459,0.4178,0.3976,0.3654,0.2993,0.2735,0.3002,0.2563,0.0694,-0.2741,-0.6812,-0.9166,-0.8731,-0.6893,-0.5002,0.4355,0.4377,0.4316,0.4146,0.3839,0.3364,0.2695,0.1845,0.0894,-0.0014,-0.0763,-0.128,-0.1378,-0.0709,0.2004,0.3133,0.0297,-0.1425,-0.1957,0.2878,0.3647,0.3835,0.3932,0.3826,0.3049,0.1059,0.0599,0.2664,0.2948,0.0632,-0.4526,-1.131,-1.4621,-1.2591,-0.9008,-0.6083,0.3801,0.3757,0.3639,0.3427,0.3106,0.2661,0.2092,0.1422,0.0712,0.0045,-0.0492,-0.0802,-0.0723,0.0085,0.198,0.2615,0.1303,0.1871,0.672,0.9177,0.5362,0.4358,0.4343,0.4317,0.3664,0.1188,0.0588,0.4476,0.468,0.187,-0.4354,-1.2992,-1.6937,-1.3935,-0.9549,-0.6259,0.3343,0.326,0.3112,0.289,0.2584,0.2191,0.172,0.1196,0.0662,0.0175,-0.0197,-0.0379,-0.0276,0.0206,0.094,0.1344,0.1567,0.2801,0.5497,0.6625,0.5381,0.5107,0.5295,0.5368,0.5738,0.7195,1.1084,1.0322,0.7735,0.4647,-0.0896,-0.8243,-1.2172,-1.0821,-0.7828,-0.5294,0.297,0.2865,0.2708,0.2493,0.2216,0.188,0.1496,0.1087,0.0684,0.033,0.0072,-0.0041,0.0035,0.031,0.0707,0.1124,0.1676,0.2643,0.39,0.4741,0.5312,0.6407,0.6852,0.6465,0.7292,1.0648,1.5458,1.3229,1.0637,0.8486,0.4021,-0.1479,-0.5144,-0.5825,-0.4868,-0.3586,0.2668,0.2555,0.2401,0.2202,0.1958,0.1676,0.1366,0.1047,0.0744,0.0486,0.0307,0.0237,0.0298,0.0491,0.0794,0.1197,0.1745,0.2492,0.3375,0.4321,0.5606,0.7408,0.7878,0.6999,0.7526,0.972,1.1879,1.2339,1.3906,1.2439,0.7916,0.3245,-0.0114,-0.172,-0.2045,-0.1764,0.2426,0.2313,0.2168,0.199,0.1781,0.1547,0.1298,0.105,0.0822,0.0635,0.0512,0.0474,0.0534,0.0697,0.0961,0.133,0.1822,0.2449,0.3209,0.4135,0.5333,0.6613,0.7028,0.6757,0.7197,0.8512,1.0072,1.2002,1.4298,1.305,0.9239,0.5484,0.2653,0.0907,0.0055,-0.0229]},{"header":{"la1":42.85,"la2":41.18,"lo1":11.55,"lo2":14.05,"nx":36,"ny":24,"dx":0.07143,"dy":0.07261,"parameterCategory":2,"parameterNumber":3,"parameterNumberName":"northward_wind","parameterUnit":"m.s-1"},"data":[1.2204,1.1844,1.1427,1.0965,1.0487,1.0045,0.9711,0.9557,0.9634,0.9931,1.0378,1.087,1.1307,1.1614,1.1756,1.173,1.1565,1.1316,1.1045,1.0804,1.0618,1.048,1.037,1.0267,1.0156,1.0034,0.9903,0.9769,0.9636,0.9509,0.9392,0.9287,0.9194,0.9115,0.9049,0.8995,1.2229,1.1792,1.1258,1.0632,0.9942,0.9256,0.8693,0.8401,0.8494,0.8974,0.9709,1.0504,1.1187,1.1648,1.1843,1.1776,1.1497,1.11,1.0702,1.0396,1.0213,1.0122,1.0068,1.0008,0.9924,0.9812,0.9681,0.9542,0.9403,0.9272,0.9153,0.9048,0.8958,0.8883,0.8822,0.8775,1.2317,1.1803,1.1136,1.0298,0.9298,0.8209,0.7215,0.6614,0.6694,0.7496,0.8743,1.0043,1.1105,1.1784,1.2038,1.188,1.1387,1.0716,1.0093,0.9704,0.9581,0.9618,0.9684,0.9704,0.9659,0.956,0.9427,0.928,0.9134,0.8999,0.8878,0.8776,0.8691,0.8624,0.8571,0.8533,1.2504,1.1927,1.1128,1.0042,0.8621,0.6887,0.507,0.3758,0.3714,0.5143,0.7362,0.9512,1.1137,1.2108,1.2419,1.2095,1.1216,1.0021,0.8969,0.849,0.859,0.893,0.9223,0.9366,0.9369,0.9277,0.9135,0.8975,0.882,0.868,0.8562,0.8466,0.839,0.8334,0.8293,0.8268,1.2827,1.2228,1.1334,1.0013,0.8096,0.5426,0.2099,-0.0895,-0.1425,0.1384,0.5528,0.9049,1.1427,1.2749,1.3119,1.2546,1.1023,0.8811,0.6865,0.6351,0.7105,0.8084,0.8739,0.9029,0.9065,0.8959,0.8792,0.8611,0.8445,0.8306,0.8195,0.8111,0.805,0.801,0.7987,0.7978,1.3317,1.2773,1.1879,1.0428,0.8094,0.438,-0.1248,-0.7891,-0.9976,-0.3944,0.3721,0.9036,1.2199,1.3873,1.4329,1.3495,1.1102,0.7117,0.3287,0.2981,0.5287,0.7306,0.8364,0.8743,0.8752,0.8591,0.8375,0.8166,0.7992,0.786,0.7766,0.7705,0.7668,0.7651,0.7649,0.7661,1.3993,1.3611,1.2875,1.1515,0.9097,0.4871,-0.2509,-1.3591,-1.8426,-0.7495,0.3667,1.0073,1.3656,1.5634,1.6304,1.5394,1.2317,0.6503,0.0171,0.0294,0.4393,0.7129,0.8268,0.8537,0.8406,0.813,0.7841,0.7603,0.7433,0.7326,0.7267,0.7241,0.724,0.7254,0.7281,0.7318,1.4834,1.4751,1.4387,1.3409,1.1348,0.7655,0.1514,-0.7226,-1.0655,-0.1871,0.6921,1.2315,1.5757,1.8089,1.9348,1.8773,1.5599,0.9881,0.3947,0.3338,0.6087,0.7897,0.8463,0.8345,0.7943,0.7492,0.7119,0.6868,0.6733,0.6683,0.6686,0.6718,0.6765,0.682,0.6881,0.6948,1.5768,1.6129,1.6403,1.6133,1.4615,1.1717,0.8065,0.4722,0.4178,0.7221,1.121,1.4896,1.8085,2.1064,2.3912,2.431,2.0513,1.5267,1.0929,0.9078,0.9015,0.9051,0.8668,0.7978,0.7204,0.6539,0.6096,0.5887,0.5853,0.5918,0.6024,0.6138,0.6248,0.6352,0.6452,0.6552,1.6646,1.7529,1.8733,1.9673,1.8571,1.5419,1.2646,1.0992,1.0357,1.0986,1.3546,1.6896,2.0111,2.3711,2.9959,3.2909,2.5129,1.8757,1.4855,1.2476,1.0972,0.9754,0.8503,0.7186,0.5958,0.5054,0.4611,0.4571,0.4761,0.5028,0.5289,0.5512,0.5697,0.5854,0.5996,0.6132,1.726,1.851,2.0548,2.3035,2.2298,1.7762,1.4914,1.3342,1.052,0.9174,1.4139,1.8425,2.178,2.4789,2.9823,3.3304,2.4977,1.9214,1.6029,1.3712,1.1643,0.9694,0.7741,0.5731,0.3888,0.2698,0.2431,0.2828,0.3456,0.4046,0.4515,0.4864,0.5126,0.5334,0.5515,0.5686,1.7469,1.8658,2.0509,2.2651,2.1869,1.7936,1.5835,1.5184,1.3236,1.1992,1.6134,2.0002,2.3395,2.7135,2.6468,2.4607,2.1029,1.7747,1.6002,1.3882,1.1368,0.8883,0.6337,0.3467,0.0567,-0.1072,-0.0724,0.0656,0.2033,0.3063,0.3761,0.4226,0.4547,0.4793,0.5006,0.521,1.7341,1.8161,1.9145,1.9798,1.9008,1.7197,1.6101,1.588,1.5795,1.6324,1.8747,2.1593,2.3085,2.8028,2.6374,2.1396,1.8151,1.6789,1.6359,1.3419,1.0122,0.7249,0.443,0.0639,-0.4202,-0.6718,-0.4773,-0.1592,0.0774,0.2238,0.3106,0.3628,0.3967,0.4224,0.4459,0.4698,1.7078,1.7562,1.7981,1.8086,1.7658,1.6949,1.641,1.6139,1.6521,1.8133,2.0299,2.3311,2.3164,1.1673,1.9309,1.7474,1.4823,1.5214,1.4695,1.1151,0.7045,0.4282,0.2272,-0.1444,-0.8126,-1.177,-0.7696,-0.2839,0.0132,0.1744,0.2604,0.3075,0.3366,0.3603,0.3853,0.4133,1.6832,1.7131,1.7349,1.7401,1.7273,1.708,1.6986,1.7165,1.8054,1.9888,2.1651,2.214,1.966,1.7806,1.7076,1.2787,0.7638,1.1641,1.1142,0.6353,0.0028,-0.1534,-0.027,-0.1454,-0.61,-0.9032,-0.5966,-0.2051,0.0356,0.1617,0.2229,0.2513,0.2683,0.2876,0.3149,0.3497,1.6647,1.6871,1.7047,1.7158,1.7226,1.7326,1.7574,1.8157,1.9398,2.1661,2.4745,2.5043,2.2492,1.9003,1.73,1.3116,0.9418,1.1145,0.9205,0.057,-1.3856,-1.1319,-0.301,-0.0502,-0.1545,-0.2601,-0.1665,-0.0054,0.1087,0.1668,0.185,0.1825,0.1806,0.1956,0.2301,0.2773,1.6514,1.6715,1.6898,1.7069,1.7257,1.7518,1.7942,1.8666,1.9889,2.1853,2.4231,2.3541,2.1537,2.0421,1.8232,1.5796,1.378,1.2674,1.047,0.1729,-1.5529,-1.2167,-0.2609,0.0892,0.1404,0.1317,0.1449,0.1639,0.1722,0.1625,0.1297,0.0841,0.0571,0.0738,0.1274,0.1973,1.6409,1.6604,1.68,1.701,1.7258,1.7583,1.8044,1.8707,1.9629,2.0746,2.1567,2.1351,2.0746,2.0335,1.8898,1.7676,1.5696,1.4125,1.3814,0.9875,0.1808,-0.0514,0.1569,0.2854,0.3177,0.337,0.3269,0.2618,0.1952,0.1335,0.0483,-0.0576,-0.1167,-0.0811,0.0128,0.1173,1.6311,1.6502,1.6705,1.6929,1.7192,1.7519,1.7935,1.8462,1.908,1.9685,2.0051,2.0017,1.9755,1.9429,1.9916,2.027,1.7207,1.543,1.5448,1.6459,1.1556,0.7117,0.5272,0.4428,0.4061,0.476,0.4883,0.2958,0.1643,0.0815,-0.041,-0.2194,-0.3136,-0.2347,-0.0852,0.0555,1.6208,1.6392,1.659,1.6809,1.706,1.7353,1.7697,1.8088,1.8492,1.8839,1.9031,1.9022,1.888,1.8845,1.9512,1.962,1.7603,1.7309,2.2076,2.4737,1.6092,1.0151,0.6996,0.5049,0.384,0.4558,0.4797,0.141,0.0467,0.0169,-0.0848,-0.2826,-0.3902,-0.2886,-0.118,0.0339,1.6093,1.6266,1.6451,1.6652,1.6875,1.7121,1.7391,1.7671,1.7933,1.8135,1.8233,1.821,1.8111,1.8048,1.8081,1.7767,1.701,1.7227,1.9533,1.9881,1.4683,0.9793,0.7017,0.4985,0.2621,-0.035,-0.4794,-0.3865,-0.1392,-0.0451,-0.0665,-0.18,-0.2562,-0.1949,-0.0676,0.059,1.5965,1.6122,1.6288,1.6465,1.6653,1.6851,1.7054,1.7248,1.7413,1.7523,1.7556,1.7502,1.738,1.7218,1.6994,1.6605,1.6119,1.5903,1.5887,1.464,1.1138,0.7347,0.5895,0.4851,0.1935,-0.3272,-0.9315,-0.6252,-0.2003,-0.0753,-0.0373,-0.0561,-0.0806,-0.051,0.0245,0.1142,1.5823,1.5962,1.6107,1.6256,1.6408,1.6561,1.6707,1.6835,1.6929,1.6974,1.6954,1.6863,1.67,1.6467,1.6146,1.571,1.5179,1.4577,1.3696,1.1954,0.8947,0.5748,0.5101,0.4922,0.2507,-0.1248,-0.3978,-0.2715,-0.1133,-0.0816,-0.0215,0.0165,0.0346,0.0637,0.1141,0.1776,1.567,1.579,1.5912,1.6033,1.6152,1.6264,1.6362,1.6438,1.6479,1.6473,1.641,1.6282,1.6082,1.5803,1.5432,1.4951,1.4344,1.3563,1.2463,1.0818,0.8594,0.6511,0.5697,0.5101,0.3351,0.1034,-0.0573,-0.0887,-0.096,-0.0699,0.0045,0.0669,0.1087,0.1455,0.1882,0.2377]}]