docs/data/wind_grid.json
[{"header":{"la1":42.85,"la2":41.18,"lo1":11.55,"lo2":14.05,"nx":36,"ny":24,"dx":0.07143,"dy":0.07261,"parameterCategory":2,"parameterNumber":2,"parameterNumberName":"eastward_wind","parameterUnit":"m.s-1"},"data":[-0.4297,-0.4338,-0.4359,-0.4362,-0.435,-0.4325,-0.429,-0.4247,-0.4195,-0.4143,-0.4105,-0.4098,-0.4133,-0.4217,-0.4341,-0.4488,-0.4624,-0.471,-0.4706,-0.4596,-0.4404,-0.419,-0.4015,-0.3905,-0.3849,-0.3821,-0.3799,-0.3771,-0.3736,-0.3694,-0.3649,-0.3603,-0.3557,-0.3513,-0.3472,-0.3433,-0.4479,-0.4535,-0.4564,-0.4567,-0.4549,-0.4518,-0.4478,-0.4423,-0.4348,-0.4259,-0.4181,-0.4145,-0.4175,-0.4282,-0.446,-0.4684,-0.4907,-0.5057,-0.5052,-0.4847,-0.4486,-0.4105,-0.3845,-0.3744,-0.3743,-0.377,-0.3785,-0.3777,-0.375,-0.371,-0.3663,-0.3614,-0.3565,-0.3519,-0.3476,-0.3436,-0.4707,-0.4789,-0.483,-0.483,-0.4803,-0.4767,-0.4732,-0.4681,-0.4581,-0.4429,-0.4275,-0.4181,-0.4192,-0.4326,-0.4578,-0.4922,-0.5297,-0.5584,-0.5604,-0.522,-0.449,-0.3754,-0.3377,-0.3384,-0.3545,-0.3689,-0.3767,-0.3786,-0.3767,-0.3726,-0.3676,-0.3623,-0.3571,-0.3522,-0.3477,-0.3436,-0.4997,-0.5124,-0.5188,-0.5181,-0.5129,-0.5084,-0.5083,-0.5084,-0.4973,-0.4708,-0.44,-0.4194,-0.4164,-0.4324,-0.467,-0.5191,-0.5833,-0.6424,-0.659,-0.5897,-0.4333,-0.2754,-0.2281,-0.2724,-0.327,-0.3611,-0.3767,-0.3808,-0.379,-0.3745,-0.3688,-0.363,-0.3574,-0.3523,-0.3476,-0.3434,-0.5366,-0.558,-0.5696,-0.5674,-0.5553,-0.5466,-0.5553,-0.5757,-0.5708,-0.5194,-0.4563,-0.4158,-0.4059,-0.4242,-0.4694,-0.544,-0.6509,-0.7768,-0.8522,-0.747,-0.4122,-0.0491,-0.0242,-0.1899,-0.3072,-0.3618,-0.3818,-0.3856,-0.3824,-0.3764,-0.3698,-0.3633,-0.3573,-0.3519,-0.3471,-0.3429,-0.5828,-0.6212,-0.6464,-0.6434,-0.6135,-0.5874,-0.6078,-0.6849,-0.7117,-0.5974,-0.469,-0.4005,-0.3837,-0.4044,-0.4585,-0.5542,-0.7136,-0.9618,-1.2213,-1.1219,-0.5358,0.1079,0.0897,-0.1862,-0.3287,-0.3808,-0.3945,-0.393,-0.3863,-0.3781,-0.3702,-0.363,-0.3566,-0.3511,-0.3463,-0.3421,-0.6356,-0.7063,-0.7677,-0.7743,-0.704,-0.6243,-0.6309,-0.7827,-0.8762,-0.649,-0.4466,-0.3619,-0.3462,-0.371,-0.4294,-0.5327,-0.72,-1.0718,-1.5917,-1.5359,-0.8807,-0.3823,-0.2601,-0.3499,-0.4047,-0.4176,-0.4123,-0.4012,-0.3894,-0.3787,-0.3695,-0.3618,-0.3553,-0.3499,-0.3452,-0.3412,-0.6832,-0.8019,-0.9473,-1.008,-0.8522,-0.6553,-0.5797,-0.6548,-0.7014,-0.508,-0.349,-0.293,-0.2938,-0.327,-0.3853,-0.4767,-0.6375,-0.9216,-1.272,-1.2726,-1.1026,-0.9301,-0.6838,-0.553,-0.4924,-0.4549,-0.4273,-0.4061,-0.3898,-0.3772,-0.3674,-0.3596,-0.3533,-0.3482,-0.3438,-0.3401,-0.7013,-0.853,-1.099,-1.2894,-0.9864,-0.6572,-0.4835,-0.4009,-0.3237,-0.2295,-0.193,-0.2033,-0.2326,-0.2798,-0.3432,-0.4127,-0.5257,-0.709,-0.9096,-1.0906,-1.4164,-1.3139,-0.9039,-0.6628,-0.5399,-0.4719,-0.4306,-0.4039,-0.3857,-0.3729,-0.3634,-0.3563,-0.3507,-0.3461,-0.3423,-0.3389,-0.6729,-0.7952,-0.9651,-1.0631,-0.8352,-0.5893,-0.3871,-0.2016,0.0192,0.1099,-0.0135,-0.1133,-0.1676,-0.2294,-0.333,-0.3886,-0.4544,-0.6007,-0.7593,-0.957,-1.2341,-1.1727,-0.8669,-0.6528,-0.5298,-0.4593,-0.4179,-0.3927,-0.3766,-0.3657,-0.358,-0.3522,-0.3476,-0.3439,-0.3407,-0.3379,-0.6138,-0.6839,-0.7319,-0.7058,-0.6741,-0.5172,-0.3274,-0.1166,0.3498,0.5824,0.1278,-0.0507,-0.0974,-0.138,-0.2755,-0.3736,-0.4459,-0.6203,-0.7428,-0.8038,-0.8597,-0.8254,-0.6939,-0.5652,-0.4755,-0.4213,-0.3911,-0.374,-0.3636,-0.3566,-0.3516,-0.3478,-0.3447,-0.342,-0.3396,-0.3372,-0.549,-0.592,-0.6286,-0.6597,-0.6226,-0.4556,-0.3256,-0.2485,0.0474,0.2963,0.0634,-0.0306,-0.0279,0.0163,-0.0759,-0.2706,-0.5094,-0.8876,-0.9978,-0.8151,-0.6925,-0.6157,-0.5368,-0.4608,-0.4029,-0.3702,-0.357,-0.352,-0.3492,-0.3473,-0.3457,-0.3441,-0.3425,-0.3408,-0.339,-0.3371,-0.487,-0.5126,-0.5336,-0.5376,-0.487,-0.3937,-0.3529,-0.3165,-0.3523,-0.1023,-0.0397,-0.0219,0.0072,0.0717,0.0002,-0.2399,-0.5711,-1.5544,-1.5986,-0.8866,-0.5997,-0.4796,-0.4155,-0.3711,-0.3382,-0.3238,-0.3265,-0.3326,-0.3371,-0.34,-0.3416,-0.3421,-0.3418,-0.3408,-0.3394,-0.3378,-0.43,-0.4408,-0.4435,-0.4293,-0.3917,-0.3508,-0.3554,-0.4449,-0.3691,-0.1605,-0.0589,-0.0091,0.0185,0.1532,-0.0784,-0.2383,-0.4476,-1.0135,-1.1341,-0.6947,-0.4402,-0.3354,-0.3059,-0.3037,-0.3062,-0.3057,-0.3108,-0.3208,-0.3301,-0.3369,-0.341,-0.3428,-0.343,-0.3422,-0.3409,-0.3392,-0.3803,-0.381,-0.3741,-0.3566,-0.3299,-0.3051,-0.2959,-0.2885,-0.2202,-0.1083,-0.0377,-0.016,0.0478,0.1803,-0.1088,-0.2739,-0.879,-0.613,-0.5288,-0.3508,-0.1844,-0.1443,-0.1867,-0.2406,-0.284,-0.3007,-0.3058,-0.3178,-0.3308,-0.3403,-0.3453,-0.3468,-0.3462,-0.3447,-0.3431,-0.3414,-0.3387,-0.3335,-0.3225,-0.3048,-0.2821,-0.2579,-0.2331,-0.197,-0.1335,-0.0453,0.0481,-0.0582,-0.0227,0.0205,-0.1117,-0.3899,-0.7045,-0.4079,-0.2017,-0.0539,0.11,0.0702,-0.0678,-0.1701,-0.2406,-0.2808,-0.305,-0.3259,-0.3426,-0.3525,-0.3554,-0.3536,-0.3501,-0.3472,-0.3453,-0.3438,-0.3044,-0.296,-0.283,-0.2654,-0.2435,-0.2181,-0.1879,-0.1481,-0.0944,-0.0273,0.0391,0.0005,0.0275,0.0512,-0.0232,-0.119,-0.1543,0.0187,0.1988,0.1741,0.1742,0.1315,0.0012,-0.118,-0.2131,-0.2806,-0.3246,-0.353,-0.3699,-0.3755,-0.3706,-0.3599,-0.3504,-0.3463,-0.3457,-0.3457,-0.2763,-0.2661,-0.2522,-0.2345,-0.2132,-0.188,-0.1581,-0.1222,-0.0805,-0.0375,-0.0052,0.0136,0.0574,0.0862,0.16,0.2051,0.1978,0.4762,0.7938,0.4739,0.2686,0.1575,0.0407,-0.0933,-0.2237,-0.3225,-0.3744,-0.4026,-0.4163,-0.411,-0.3879,-0.3572,-0.338,-0.3369,-0.3428,-0.3469,-0.2533,-0.242,-0.2277,-0.2104,-0.1898,-0.1659,-0.1384,-0.1073,-0.0737,-0.0402,-0.0092,0.0243,0.0745,0.1836,0.5239,0.6728,0.4126,0.5698,0.781,0.7515,0.4971,0.2717,0.1001,-0.0774,-0.2632,-0.3877,-0.4187,-0.4676,-0.4877,-0.4633,-0.4062,-0.3373,-0.305,-0.3183,-0.3382,-0.3489,-0.2343,-0.2225,-0.2083,-0.1915,-0.1719,-0.1497,-0.1247,-0.0972,-0.0679,-0.0373,-0.0044,0.0369,0.1021,0.2353,0.497,0.5909,0.4544,0.5824,1.0199,1.2178,0.6979,0.3957,0.1965,-0.0328,-0.2912,-0.4318,-0.4538,-0.6004,-0.607,-0.5449,-0.4448,-0.3312,-0.2855,-0.3122,-0.3416,-0.3551,-0.2186,-0.2068,-0.1928,-0.1767,-0.1583,-0.1376,-0.1147,-0.0898,-0.0629,-0.0336,0.0,0.0428,0.1044,0.1981,0.3125,0.3736,0.4018,0.5365,0.805,0.8924,0.6711,0.5393,0.4088,0.107,-0.2912,-0.6658,-1.0274,-0.9621,-0.7842,-0.6683,-0.538,-0.4054,-0.3422,-0.3468,-0.3622,-0.3682,-0.2058,-0.1941,-0.1805,-0.1651,-0.1478,-0.1286,-0.1075,-0.0844,-0.0593,-0.0314,0.0008,0.0403,0.0909,0.1538,0.2202,0.2761,0.3354,0.4313,0.5499,0.6153,0.6722,0.8864,0.9188,0.4141,-0.2139,-0.8272,-1.3496,-1.1519,-0.9383,-0.8367,-0.6795,-0.5293,-0.4401,-0.4062,-0.3942,-0.3859,-0.1953,-0.1838,-0.1708,-0.1562,-0.1399,-0.122,-0.1024,-0.081,-0.0576,-0.0316,-0.002,0.0327,0.0736,0.1201,0.1691,0.2186,0.274,0.3433,0.4237,0.5223,0.7342,1.195,1.3417,0.6666,-0.0648,-0.6255,-0.957,-1.0147,-1.1208,-1.037,-0.8126,-0.6309,-0.5186,-0.4575,-0.4239,-0.4025,-0.1867,-0.1756,-0.1631,-0.1493,-0.1341,-0.1174,-0.0992,-0.0794,-0.0578,-0.034,-0.0073,0.0227,0.0565,0.0936,0.1331,0.1751,0.2219,0.2772,0.346,0.4485,0.6371,0.9137,0.9524,0.5284,-0.0037,-0.4317,-0.7232,-0.9461,-1.1415,-1.0619,-0.8448,-0.67,-0.556,-0.4859,-0.4422,-0.4131]},{"header":{"la1":42.85,"la2":41.18,"lo1":11.55,"lo2":14.05,"nx":36,"ny":24,"dx":0.07143,"dy":0.07261,"parameterCategory":2,"parameterNumber":3,"parameterNumberName":"northward_wind","parameterUnit":"m.s-1"},"data":[-0.3724,-0.3586,-0.3415,-0.3212,-0.2985,-0.2753,-0.2543,-0.2388,-0.231,-0.2306,-0.2355,-0.2423,-0.2478,-0.2502,-0.2491,-0.2445,-0.2374,-0.2287,-0.2193,-0.2103,-0.2026,-0.1973,-0.1951,-0.1961,-0.1998,-0.2057,-0.213,-0.2214,-0.2305,-0.24,-0.2496,-0.2593,-0.2689,-0.2784,-0.2874,-0.2961,-0.3814,-0.3659,-0.3454,-0.3195,-0.2887,-0.2554,-0.2243,-0.2017,-0.1926,-0.1974,-0.211,-0.2267,-0.2391,-0.2455,-0.2459,-0.241,-0.2323,-0.2213,-0.2092,-0.1975,-0.1873,-0.1802,-0.1776,-0.1796,-0.1851,-0.193,-0.2025,-0.2128,-0.2236,-0.2347,-0.2458,-0.2569,-0.2678,-0.2783,-0.2884,-0.298,-0.3938,-0.3772,-0.3534,-0.3207,-0.2782,-0.2282,-0.1781,-0.1408,-0.1289,-0.1443,-0.1755,-0.2074,-0.2307,-0.2428,-0.2449,-0.2392,-0.2282,-0.2142,-0.1989,-0.1835,-0.1695,-0.1597,-0.1568,-0.1606,-0.1689,-0.1796,-0.1915,-0.2041,-0.2169,-0.2298,-0.2426,-0.2552,-0.2674,-0.2792,-0.2904,-0.3009,-0.4108,-0.3945,-0.3684,-0.3285,-0.2704,-0.1935,-0.1064,-0.0356,-0.0159,-0.0559,-0.1239,-0.185,-0.2249,-0.2441,-0.2475,-0.24,-0.2257,-0.2081,-0.1895,-0.1699,-0.1501,-0.1355,-0.1327,-0.1399,-0.152,-0.166,-0.1808,-0.1958,-0.2107,-0.2256,-0.2401,-0.2544,-0.2681,-0.2813,-0.2937,-0.3052,-0.4329,-0.4196,-0.3945,-0.3497,-0.2743,-0.1574,0.0004,0.1537,0.198,0.0948,-0.0542,-0.165,-0.2263,-0.2522,-0.2555,-0.2447,-0.2255,-0.2037,-0.1837,-0.161,-0.1322,-0.1113,-0.1101,-0.1209,-0.1361,-0.1532,-0.1707,-0.1882,-0.2054,-0.2223,-0.2388,-0.2548,-0.2703,-0.2849,-0.2986,-0.3111,-0.4601,-0.4534,-0.4353,-0.3932,-0.3061,-0.1441,0.1282,0.477,0.6021,0.3257,0.0141,-0.1629,-0.2424,-0.2704,-0.2711,-0.255,-0.2286,-0.202,-0.188,-0.1672,-0.1215,-0.1014,-0.1011,-0.1069,-0.1222,-0.1416,-0.1618,-0.1817,-0.2012,-0.2202,-0.2388,-0.2569,-0.2741,-0.2904,-0.3055,-0.3192,-0.4901,-0.4941,-0.4911,-0.4643,-0.382,-0.2001,0.1626,0.7736,1.0596,0.4851,0.0029,-0.2046,-0.2797,-0.3008,-0.2969,-0.2749,-0.2382,-0.202,-0.2021,-0.1886,-0.0939,-0.0696,-0.0769,-0.0872,-0.1074,-0.131,-0.1542,-0.1765,-0.1982,-0.2196,-0.2405,-0.2608,-0.2803,-0.2984,-0.315,-0.3298,-0.5186,-0.5339,-0.5512,-0.5519,-0.4902,-0.3402,-0.0554,0.4068,0.6106,0.1768,-0.1698,-0.2997,-0.3351,-0.3415,-0.3373,-0.3134,-0.2621,-0.2031,-0.168,-0.1025,0.0615,0.0822,0.0051,-0.0515,-0.0905,-0.1213,-0.1479,-0.1726,-0.1966,-0.2205,-0.2442,-0.2672,-0.2892,-0.3096,-0.3279,-0.3439,-0.5412,-0.5618,-0.589,-0.6084,-0.569,-0.4921,-0.3832,-0.265,-0.2614,-0.3803,-0.4348,-0.418,-0.3909,-0.3846,-0.4043,-0.3951,-0.3115,-0.2142,-0.1199,0.0461,0.3414,0.2911,0.0851,-0.0223,-0.0781,-0.1142,-0.1429,-0.1694,-0.196,-0.223,-0.2502,-0.2768,-0.3019,-0.3249,-0.3451,-0.3623,-0.5569,-0.5759,-0.5936,-0.6024,-0.6002,-0.6086,-0.638,-0.71,-0.8611,-0.9038,-0.6973,-0.5145,-0.4226,-0.4099,-0.5141,-0.5801,-0.375,-0.2269,-0.119,0.0311,0.2346,0.2152,0.0676,-0.0251,-0.0764,-0.11,-0.138,-0.166,-0.1958,-0.2272,-0.2591,-0.2904,-0.3197,-0.3459,-0.3682,-0.3862,-0.5684,-0.5866,-0.6013,-0.6054,-0.6173,-0.6975,-0.8249,-0.9727,-1.2908,-1.4653,-0.8835,-0.5481,-0.4143,-0.3835,-0.48,-0.5759,-0.3371,-0.2045,-0.1312,-0.0537,0.0254,0.04,-0.0028,-0.0476,-0.0795,-0.1039,-0.1293,-0.1598,-0.195,-0.2332,-0.2721,-0.3099,-0.3446,-0.3746,-0.3991,-0.4177,-0.5771,-0.5969,-0.6129,-0.615,-0.6421,-0.7891,-0.9963,-1.141,-1.214,-1.226,-0.8001,-0.5007,-0.38,-0.3684,-0.3114,-0.265,-0.1887,-0.1524,-0.1338,-0.0928,-0.0537,-0.0375,-0.0452,-0.0613,-0.0737,-0.086,-0.1103,-0.1481,-0.1935,-0.2421,-0.2912,-0.338,-0.3799,-0.4146,-0.4409,-0.459,-0.5827,-0.6053,-0.6289,-0.6569,-0.7224,-0.8802,-1.1209,-1.2282,-1.2743,-0.9428,-0.6355,-0.4167,-0.3335,-0.3363,-0.227,-0.0686,-0.0309,-0.156,-0.1663,-0.0925,-0.0584,-0.0457,-0.0493,-0.0559,-0.0503,-0.0457,-0.0767,-0.1318,-0.1934,-0.2569,-0.32,-0.3794,-0.4309,-0.4709,-0.4982,-0.5136,-0.5843,-0.609,-0.6395,-0.6828,-0.7578,-0.8894,-1.0866,-1.3238,-1.2024,-0.8191,-0.5506,-0.3592,-0.2988,-0.2051,-0.0622,0.2602,0.2179,-0.0011,-0.0812,-0.0449,-0.012,-0.0041,-0.0231,-0.0401,-0.0246,-0.0023,-0.0472,-0.1222,-0.2009,-0.2822,-0.3646,-0.4419,-0.5064,-0.552,-0.5774,-0.5859,-0.581,-0.6056,-0.6365,-0.6785,-0.739,-0.8236,-0.9217,-0.9763,-0.8782,-0.6864,-0.5504,-0.4453,-0.312,-0.1987,0.0041,0.3629,0.6551,0.2273,0.0395,0.0392,0.1163,0.1131,0.0349,-0.0219,-0.0306,-0.0229,-0.0608,-0.1322,-0.2207,-0.3231,-0.4333,-0.5381,-0.6211,-0.671,-0.6881,-0.6811,-0.5731,-0.595,-0.6216,-0.6543,-0.6944,-0.7382,-0.7716,-0.7656,-0.7014,-0.6271,-0.6402,-0.5872,-0.4846,-0.3095,-0.1106,0.2128,0.4728,0.1803,0.0336,0.1239,0.4241,0.3467,0.1095,-0.0024,-0.0373,-0.0494,-0.0785,-0.1429,-0.2455,-0.3812,-0.5378,-0.6894,-0.8004,-0.8488,-0.8421,-0.8037,-0.5616,-0.5796,-0.6,-0.6226,-0.6458,-0.6652,-0.672,-0.6567,-0.6223,-0.6002,-0.6275,-0.59,-0.6519,-0.6687,-0.3184,-0.1016,-0.0046,-0.0659,-0.1115,0.0583,0.4635,0.3674,0.104,-0.002,-0.0179,-0.0065,-0.0258,-0.1101,-0.256,-0.4535,-0.6926,-0.9307,-1.0864,-1.1139,-1.0495,-0.9528,-0.5481,-0.5619,-0.5764,-0.5907,-0.6031,-0.6102,-0.6082,-0.5952,-0.576,-0.5629,-0.5607,-0.5694,-0.6848,-0.6965,-0.4611,-0.3526,-0.249,-0.2712,-0.3583,-0.1717,0.0303,0.0652,-0.0056,-0.0261,0.0407,0.1571,0.1686,0.0036,-0.2384,-0.533,-0.9061,-1.3043,-1.5298,-1.4835,-1.3005,-1.1124,-0.5339,-0.544,-0.5537,-0.5622,-0.568,-0.5693,-0.5648,-0.5544,-0.5413,-0.5301,-0.5241,-0.5284,-0.547,-0.5386,-0.5836,-0.6228,-0.3902,-0.3193,-0.3346,-0.266,-0.1886,-0.1439,-0.1292,-0.0675,0.1251,0.4783,0.5531,0.1631,-0.2157,-0.6038,-1.1307,-1.7656,-2.0785,-1.878,-1.5275,-1.2408,-0.5198,-0.5269,-0.5331,-0.5377,-0.5397,-0.5384,-0.5331,-0.5243,-0.5137,-0.5035,-0.4955,-0.4911,-0.49,-0.4982,-0.5609,-0.5753,-0.4194,-0.3304,-0.3032,-0.2989,-0.2882,-0.2894,-0.269,-0.1638,0.0845,0.5225,0.6201,0.1177,-0.2564,-0.6415,-1.2044,-1.9501,-2.3053,-2.0212,-1.6027,-1.284,-0.5066,-0.5113,-0.515,-0.517,-0.5169,-0.5142,-0.5088,-0.5009,-0.4916,-0.482,-0.473,-0.4654,-0.4603,-0.4616,-0.4704,-0.4537,-0.3954,-0.3463,-0.3238,-0.3285,-0.3896,-0.49,-0.5055,-0.3608,-0.137,0.0224,-0.0634,-0.157,-0.3694,-0.656,-1.0593,-1.5957,-1.8953,-1.7596,-1.4739,-1.2245,-0.4944,-0.4974,-0.4993,-0.4997,-0.4984,-0.495,-0.4896,-0.4824,-0.474,-0.465,-0.4559,-0.4474,-0.44,-0.4342,-0.4272,-0.4113,-0.3869,-0.3694,-0.374,-0.4244,-0.5823,-0.8678,-0.9463,-0.6496,-0.3562,-0.2188,-0.201,-0.2853,-0.5607,-0.7265,-0.9005,-1.1696,-1.3685,-1.3705,-1.2487,-1.1025,-0.4835,-0.4851,-0.4858,-0.4852,-0.4831,-0.4795,-0.4743,-0.4677,-0.46,-0.4517,-0.4431,-0.4347,-0.4266,-0.4188,-0.4103,-0.4004,-0.3922,-0.3952,-0.425,-0.5152,-0.741,-1.1475,-1.2654,-0.8513,-0.5089,-0.3591,-0.3514,-0.5676,-0.905,-0.8788,-0.848,-0.9391,-1.0451,-1.0807,-1.0443,-0.9722,-0.4737,-0.4744,-0.4743,-0.473,-0.4706,-0.4669,-0.4619,-0.4559,-0.4489,-0.4414,-0.4337,-0.4259,-0.4184,-0.4114,-0.405,-0.4006,-0.4018,-0.4158,-0.456,-0.5465,-0.7222,-0.9585,-1.0128,-0.7909,-0.5708,-0.4747,-0.5138,-0.7216,-0.9518,-0.906,-0.8255,-0.8337,-0.8773,-0.9036,-0.8959,-0.8623]}]