docs/data/wind_grid.json
{"header": {"la1":42.1,"la2":41.55,"lo1":12.1,"lo2":12.95,"nx":50,"ny":50,"dx":0.01735,"dy":0.01122,"parameterCategory":2,"parameterNumber":2,"parameterNumberName":"eastward_wind","parameterUnit":"m.s-1"}, "data":
[rows 0 to 45 of 50, columns 0 to 49 of 50]
1.6569,1.6479,1.6378,1.6267,1.6145,1.6011,1.5865,1.5708,1.5539,1.5361,1.5174,1.4981,1.4784,1.4589,1.4398,1.4218,1.4055,1.3915,1.3804,1.3729,1.3695,1.3707,1.3767,1.3875,1.4032,1.4234,1.4478,1.4758,1.5068,1.5401,1.575,1.6109,1.6469,1.6823,1.7162,1.748,1.7767,1.8019,1.8229,1.8395,1.8516,1.8596,1.8639,1.865,1.8636,1.8603,1.8557,1.8502,1.8441,1.8377
1.6615,1.6523,1.6421,1.6308,1.6182,1.6043,1.5891,1.5726,1.5547,1.5357,1.5157,1.4948,1.4734,1.4519,1.4308,1.4107,1.3923,1.3763,1.3635,1.3546,1.3502,1.3508,1.3568,1.3682,1.385,1.4069,1.4333,1.4636,1.4972,1.5333,1.5711,1.6098,1.6487,1.6868,1.7234,1.7576,1.7884,1.8152,1.8374,1.8545,1.8667,1.8743,1.8777,1.8778,1.8752,1.8707,1.8649,1.8583,1.8512,1.844
1.6665,1.6573,1.647,1.6354,1.6225,1.6082,1.5924,1.575,1.5562,1.536,1.5145,1.4919,1.4686,1.445,1.4217,1.3992,1.3785,1.3602,1.3454,1.3348,1.3292,1.3292,1.3351,1.3472,1.3653,1.3889,1.4175,1.4505,1.4869,1.526,1.5668,1.6086,1.6505,1.6916,1.731,1.7677,1.8008,1.8293,1.8527,1.8704,1.8826,1.8896,1.8921,1.8909,1.8871,1.8812,1.8742,1.8664,1.8583,1.8501
1.672,1.6629,1.6525,1.6407,1.6275,1.6128,1.5963,1.5782,1.5584,1.5369,1.5139,1.4895,1.4642,1.4383,1.4125,1.3874,1.364,1.3432,1.326,1.3134,1.3064,1.3056,1.3115,1.3243,1.3437,1.3694,1.4005,1.4363,1.4758,1.5181,1.5623,1.6073,1.6524,1.6965,1.7389,1.7783,1.8137,1.8442,1.8688,1.8871,1.8991,1.9054,1.9068,1.9043,1.899,1.8917,1.8832,1.8742,1.8651,1.856
1.6781,1.669,1.6586,1.6467,1.6333,1.6182,1.6012,1.5823,1.5614,1.5387,1.5141,1.4878,1.4603,1.4319,1.4033,1.3753,1.3488,1.3251,1.3051,1.2903,1.2816,1.2799,1.2857,1.2993,1.3203,1.3482,1.3821,1.4211,1.464,1.5098,1.5574,1.6058,1.6542,1.7015,1.7469,1.7892,1.8271,1.8595,1.8855,1.9043,1.9162,1.9216,1.9217,1.9177,1.9107,1.9019,1.8921,1.8818,1.8716,1.8616
1.6847,1.6757,1.6654,1.6535,1.6399,1.6244,1.6069,1.5873,1.5655,1.5414,1.5152,1.4869,1.457,1.4259,1.3943,1.363,1.3331,1.3059,1.2828,1.2653,1.2546,1.2517,1.2575,1.2719,1.2948,1.3253,1.3624,1.4048,1.4514,1.5009,1.5522,1.6041,1.6559,1.7065,1.7549,1.8001,1.8406,1.8752,1.9025,1.9219,1.9335,1.9379,1.9366,1.9309,1.9222,1.9118,1.9005,1.889,1.8777,1.8668
1.6919,1.6831,1.6729,1.661,1.6473,1.6316,1.6137,1.5934,1.5706,1.5452,1.5173,1.487,1.4546,1.4206,1.3856,1.3506,1.3168,1.2858,1.259,1.2383,1.2252,1.221,1.2266,1.2421,1.267,1.3005,1.3411,1.3875,1.4382,1.4916,1.5467,1.6023,1.6574,1.7112,1.7627,1.8108,1.854,1.8907,1.9195,1.9394,1.9506,1.954,1.9511,1.9436,1.9332,1.9211,1.9083,1.8956,1.8832,1.8715
1.6997,1.6911,1.6811,1.6694,1.6557,1.6398,1.6216,1.6007,1.577,1.5503,1.5208,1.4883,1.4532,1.416,1.3774,1.3383,1.3002,1.2646,1.2335,1.209,1.1931,1.1873,1.1927,1.2095,1.2369,1.2738,1.3185,1.3692,1.4243,1.482,1.5411,1.6003,1.6587,1.7156,1.77,1.8209,1.8668,1.9057,1.936,1.9565,1.9673,1.9695,1.9649,1.9555,1.9433,1.9296,1.9154,1.9015,1.8882,1.8757
1.708,1.6999,1.6902,1.6787,1.6651,1.6492,1.6307,1.6092,1.5847,1.5569,1.5256,1.491,1.4532,1.4126,1.3699,1.3263,1.2832,1.2425,1.2064,1.1775,1.1581,1.1504,1.1556,1.1739,1.2043,1.2452,1.2945,1.3501,1.41,1.4723,1.5354,1.5982,1.6598,1.7195,1.7766,1.8301,1.8784,1.9195,1.9513,1.9724,1.9827,1.9837,1.9774,1.9662,1.9522,1.937,1.9215,1.9066,1.8924,1.8792
1.717,1.7093,1.7,1.6889,1.6755,1.6597,1.6411,1.6193,1.594,1.5651,1.5322,1.4953,1.4546,1.4105,1.3636,1.315,1.2663,1.2197,1.1777,1.1434,1.12,1.11,1.115,1.1351,1.1691,1.2147,1.2694,1.3305,1.3956,1.4627,1.53,1.5963,1.6607,1.7228,1.7821,1.8378,1.8884,1.9315,1.9648,1.9864,1.9964,1.9961,1.9882,1.9753,1.9597,1.9431,1.9265,1.9106,1.8958,1.882
1.7266,1.7195,1.7107,1.7,1.6871,1.6715,1.6529,1.6309,1.6051,1.5751,1.5407,1.5017,1.4581,1.4102,1.3586,1.3046,1.2497,1.1963,1.1475,1.1068,1.0784,1.0656,1.0704,1.093,1.1313,1.1826,1.2433,1.3105,1.3813,1.4535,1.5251,1.5947,1.6616,1.7256,1.7864,1.8437,1.896,1.9409,1.9755,1.9978,2.0074,2.0061,1.9967,1.9823,1.9654,1.9477,1.9302,1.9136,1.8982,1.8841
1.7368,1.7304,1.7223,1.7122,1.6998,1.6846,1.6663,1.6442,1.618,1.5872,1.5514,1.5103,1.4638,1.412,1.3557,1.2957,1.234,1.1729,1.116,1.0677,1.0332,1.0169,1.0217,1.0474,1.0912,1.1491,1.2168,1.2907,1.3678,1.4452,1.5211,1.5938,1.6628,1.7279,1.7895,1.8475,1.9008,1.947,1.9827,2.0055,2.0149,2.0128,2.0024,1.9869,1.969,1.9505,1.9325,1.9154,1.8997,1.8853
1.7477,1.742,1.7347,1.7254,1.7137,1.6992,1.6813,1.6594,1.6331,1.6016,1.5646,1.5215,1.4722,1.4166,1.3552,1.289,1.2197,1.15,1.0838,1.0263,0.9842,0.9636,0.9685,0.9984,1.0491,1.1148,1.1905,1.2718,1.3554,1.4384,1.5186,1.5942,1.6647,1.7301,1.7914,1.849,1.9024,1.949,1.9855,2.0088,2.0182,2.0157,2.0047,1.9887,1.9703,1.9515,1.9332,1.916,1.9001,1.8857
1.7591,1.7544,1.748,1.7397,1.7289,1.7152,1.6979,1.6765,1.6503,1.6186,1.5806,1.5358,1.4838,1.4244,1.3578,1.2851,1.2077,1.1285,1.0516,0.9832,0.9315,0.9056,0.911,0.9465,1.0057,1.0807,1.1652,1.2544,1.3449,1.4337,1.5182,1.5964,1.6678,1.7328,1.7927,1.8486,1.9007,1.9469,1.9835,2.0071,2.0168,2.0144,2.0035,1.9875,1.9692,1.9504,1.9323,1.9153,1.8996,1.8852
1.7711,1.7674,1.7622,1.755,1.7453,1.7327,1.7164,1.6957,1.67,1.6382,1.5996,1.5535,1.499,1.436,1.3644,1.285,1.1992,1.1098,1.0209,0.9393,0.8758,0.8429,0.8492,0.8926,0.9625,1.0482,1.142,1.2395,1.3371,1.4318,1.5205,1.6013,1.6731,1.7368,1.794,1.8469,1.8963,1.9407,1.9766,2.0003,2.0105,2.0088,1.9985,1.9832,1.9656,1.9475,1.9299,1.9133,1.898,1.884
1.7837,1.7812,1.7772,1.7713,1.763,1.7516,1.7366,1.7171,1.6921,1.6608,1.622,1.5749,1.5185,1.4521,1.3757,1.2897,1.1955,1.0954,0.9935,0.8968,0.8183,0.7763,0.7844,0.8384,0.9216,1.019,1.1225,1.2281,1.3328,1.4333,1.5265,1.6095,1.6814,1.7429,1.7965,1.845,1.8901,1.9314,1.9656,1.9889,1.9997,1.9991,1.9902,1.9762,1.9598,1.9428,1.926,1.9102,1.8955,1.8819
1.7967,1.7955,1.7929,1.7885,1.7818,1.7721,1.7587,1.7407,1.7169,1.6865,1.648,1.6004,1.5425,1.4734,1.3927,1.3004,1.198,1.0876,0.9725,0.8592,0.7621,0.7078,0.7189,0.7876,0.8865,0.9958,1.1082,1.2212,1.3326,1.4391,1.5366,1.622,1.6936,1.7525,1.8015,1.8443,1.8837,1.9204,1.9517,1.974,1.9853,1.9861,1.9789,1.9668,1.9521,1.9365,1.9209,1.906,1.8921,1.8792
1.8102,1.8104,1.8094,1.8067,1.8019,1.7941,1.7826,1.7664,1.7444,1.7153,1.6778,1.6304,1.5717,1.5005,1.416,1.3183,1.2084,1.0887,0.9618,0.8319,0.7132,0.6424,0.6582,0.7461,0.8617,0.9814,1.1007,1.2198,1.3373,1.4495,1.5516,1.6394,1.7108,1.7666,1.8103,1.8463,1.8788,1.9095,1.9367,1.9572,1.9686,1.9708,1.9656,1.9556,1.9428,1.9289,1.9147,1.901,1.888,1.8758
1.824,1.8258,1.8265,1.8258,1.823,1.8175,1.8083,1.7944,1.7746,1.7475,1.7115,1.665,1.6063,1.534,1.4467,1.3443,1.2281,1.1009,0.9653,0.823,0.683,0.5917,0.6139,0.7237,0.853,0.9785,1.1014,1.2245,1.3471,1.4649,1.5718,1.6623,1.7335,1.7861,1.824,1.8525,1.8771,1.9007,1.9227,1.9404,1.9512,1.9544,1.9512,1.9433,1.9325,1.9204,1.9078,1.8953,1.8833,1.8719
1.8381,1.8415,1.8442,1.8455,1.8451,1.8421,1.8356,1.8245,1.8074,1.7828,1.749,1.7043,1.6466,1.5742,1.4853,1.3794,1.2581,1.1256,0.9864,0.8409,0.6899,0.5796,0.6078,0.7332,0.8653,0.9886,1.1105,1.2354,1.3621,1.4852,1.5971,1.6907,1.7621,1.8114,1.8432,1.8638,1.8798,1.8954,1.9113,1.9252,1.9347,1.9383,1.9365,1.9305,1.9217,1.9113,1.9002,1.889,1.8781,1.8676
1.8523,1.8576,1.8622,1.8659,1.868,1.8679,1.8645,1.8566,1.8428,1.8213,1.7904,1.7482,1.6926,1.6214,1.5323,1.4243,1.2992,1.1631,1.0249,0.8893,0.7528,0.645,0.6709,0.7848,0.8996,1.011,1.1275,1.252,1.3817,1.5099,1.627,1.7241,1.7958,1.8421,1.8677,1.8802,1.8873,1.8945,1.9035,1.9128,1.9201,1.9234,1.9225,1.918,1.9109,1.9021,1.8924,1.8825,1.8726,1.863
1.8667,1.8738,1.8806,1.8867,1.8916,1.8946,1.8947,1.8905,1.8804,1.8627,1.8353,1.7965,1.744,1.6755,1.588,1.4794,1.3513,1.2121,1.0766,0.9595,0.8666,0.8041,0.8106,0.871,0.9495,1.0425,1.1508,1.2733,1.4052,1.5379,1.6602,1.761,1.8334,1.8767,1.8962,1.9005,1.8988,1.8975,1.8994,1.9037,1.908,1.9103,1.9096,1.9061,1.9003,1.8929,1.8845,1.8757,1.8668,1.8581
1.8809,1.8899,1.899,1.9077,1.9156,1.9221,1.9259,1.9259,1.9201,1.9066,1.8834,1.8486,1.8002,1.7359,1.6522,1.5451,1.4148,1.2711,1.1346,1.0313,0.9813,0.975,0.9605,0.9611,1.0032,1.0782,1.1783,1.298,1.4311,1.5677,1.6947,1.799,1.872,1.9124,1.9261,1.9228,1.9128,1.9036,1.8986,1.8977,1.8986,1.8992,1.8982,1.8952,1.8903,1.884,1.8768,1.869,1.861,1.8531
1.895,1.9059,1.9173,1.9287,1.9398,1.9499,1.9579,1.9625,1.9615,1.9528,1.9341,1.9037,1.8601,1.8016,1.7241,1.6212,1.4902,1.3397,1.1949,1.0895,1.0494,1.058,1.0432,1.0257,1.0504,1.1143,1.2079,1.3249,1.4581,1.5971,1.7276,1.8347,1.908,1.9458,1.9543,1.9443,1.9271,1.911,1.8999,1.894,1.8915,1.8901,1.8883,1.8853,1.881,1.8755,1.8692,1.8623,1.8552,1.8481
1.9087,1.9216,1.9352,1.9495,1.9639,1.9778,1.9903,1.9998,2.0041,2.0007,1.9868,1.9608,1.9223,1.8708,1.8021,1.7072,1.5778,1.4196,1.2594,1.1362,1.0778,1.0718,1.0671,1.0632,1.089,1.1492,1.2387,1.3527,1.4846,1.624,1.756,1.8643,1.9375,1.9729,1.9772,1.9621,1.9394,1.9179,1.9018,1.8917,1.886,1.8826,1.8798,1.8765,1.8725,1.8676,1.862,1.8559,1.8495,1.843
1.9219,1.9367,1.9527,1.9697,1.9874,2.0053,2.0225,2.0374,2.0475,2.0498,2.0408,2.0189,1.9848,1.9408,1.8837,1.8012,1.6778,1.513,1.3342,1.1861,1.1011,1.0759,1.0772,1.0899,1.1235,1.1837,1.2703,1.3806,1.5093,1.6465,1.7773,1.8848,1.9568,1.9903,1.992,1.9738,1.9478,1.9228,1.9033,1.8899,1.8815,1.8762,1.8723,1.8687,1.8647,1.8601,1.8551,1.8496,1.8439,1.838
1.9345,1.9512,1.9693,1.989,2.0101,2.032,2.0541,2.0747,2.0911,2.0996,2.0957,2.0769,2.0457,2.0083,1.9649,1.8994,1.7874,1.6202,1.4248,1.2527,1.1434,1.1008,1.1002,1.1206,1.1592,1.2194,1.3026,1.408,1.5313,1.6633,1.7898,1.8942,1.964,1.9961,1.9969,1.978,1.9511,1.9247,1.9032,1.8878,1.8774,1.8706,1.8657,1.8616,1.8575,1.8532,1.8486,1.8436,1.8385,1.8332
1.9463,1.9647,1.9849,2.0072,2.0314,2.0574,2.0843,2.1108,2.134,2.1495,2.1511,2.1344,2.103,2.0698,2.0406,1.9961,1.9005,1.7364,1.5303,1.3398,1.2108,1.1518,1.1426,1.1614,1.1996,1.2572,1.3355,1.4343,1.55,1.6742,1.7935,1.8925,1.9592,1.9906,1.9921,1.9746,1.9489,1.9229,1.9011,1.8847,1.8732,1.8653,1.8596,1.855,1.8509,1.8467,1.8424,1.8379,1.8332,1.8284
1.9572,1.9771,1.9993,2.0239,2.0511,2.0808,2.1124,2.1449,2.1753,2.1985,2.2064,2.1913,2.1559,2.1218,2.1055,2.0831,2.0066,1.8507,1.6417,1.4408,1.2974,1.2228,1.201,1.2119,1.2449,1.2971,1.3688,1.4593,1.5655,1.6796,1.7896,1.8814,1.9444,1.9753,1.9789,1.9644,1.9416,1.9176,1.8967,1.8804,1.8685,1.86,1.8538,1.8489,1.8447,1.8406,1.8366,1.8324,1.8281,1.8237
1.967,1.9883,2.0121,2.0388,2.0686,2.1016,2.1376,2.1757,2.2133,2.2451,2.2609,2.2479,2.2045,2.1624,2.1544,2.1516,2.0929,1.9487,1.7453,1.5433,1.3916,1.3039,1.2687,1.2689,1.2935,1.3382,1.4018,1.4829,1.5783,1.6809,1.7801,1.8638,1.9225,1.9531,1.9593,1.9489,1.93,1.9092,1.8902,1.8748,1.8631,1.8545,1.848,1.843,1.8387,1.8348,1.831,1.8271,1.8232,1.8192
1.9757,1.9981,2.0233,2.0516,2.0836,2.1193,2.159,2.202,2.2463,2.2867,2.312,2.3035,2.2501,2.1916,2.1842,2.1942,2.1489,2.0187,1.829,1.6351,1.4823,1.3859,1.339,1.3282,1.3434,1.3794,1.4339,1.505,1.589,1.6796,1.7676,1.8426,1.8967,1.927,1.936,1.9299,1.9155,1.8983,1.8819,1.8679,1.857,1.8486,1.8423,1.8373,1.8331,1.8293,1.8257,1.8221,1.8185,1.8148
1.9831,2.0063,2.0326,2.0622,2.0957,2.1335,2.1758,2.2225,2.272,2.3199,2.3546,2.3532,2.2924,2.2126,2.196,2.2087,2.1715,2.0568,1.8871,1.709,1.5619,1.462,1.4066,1.3862,1.3923,1.4195,1.4648,1.5256,1.5982,1.677,1.7539,1.8204,1.8698,1.8994,1.911,1.909,1.899,1.8856,1.8721,1.8601,1.8502,1.8425,1.8364,1.8316,1.8275,1.8239,1.8205,1.8172,1.8139,1.8106
1.9892,2.013,2.0399,2.0703,2.1047,2.1437,2.1875,2.2362,2.2887,2.3409,2.382,2.3871,2.3247,2.2289,2.196,2.2008,2.167,2.0681,1.9213,1.7634,1.6272,1.5285,1.4684,1.4406,1.4386,1.4575,1.4938,1.5448,1.6067,1.6742,1.7407,1.7992,1.8439,1.8725,1.886,1.8876,1.8817,1.872,1.8614,1.8514,1.8429,1.836,1.8304,1.8259,1.8221,1.8187,1.8156,1.8125,1.8095,1.8065
1.994,2.0181,2.0453,2.0759,2.1106,2.1498,2.1938,2.2427,2.2953,2.3476,2.3892,2.396,2.3371,2.24,2.1918,2.1817,2.1468,2.0619,1.9374,1.8007,1.678,1.5843,1.5226,1.4899,1.4814,1.4928,1.5209,1.5627,1.6146,1.672,1.729,1.7799,1.8202,1.8474,1.8622,1.8668,1.8643,1.858,1.8502,1.8423,1.8353,1.8293,1.8244,1.8203,1.8168,1.8137,1.8108,1.808,1.8053,1.8025
1.9974,2.0215,2.0486,2.0791,2.1134,2.1519,2.1949,2.2421,2.292,2.3405,2.3771,2.3805,2.3279,2.2417,2.1859,2.1604,2.1217,2.0473,1.9419,1.8249,1.7165,1.6296,1.5689,1.5334,1.5199,1.5251,1.546,1.5795,1.6225,1.6706,1.7192,1.7633,1.7993,1.8249,1.8404,1.8471,1.8476,1.8442,1.8389,1.833,1.8274,1.8225,1.8183,1.8147,1.8115,1.8087,1.8061,1.8036,1.8011,1.7987
1.9995,2.0234,2.05,2.0799,2.1132,2.1503,2.1911,2.2351,2.2805,2.3225,2.3512,2.3499,2.3046,2.2332,2.1771,2.1405,2.0974,2.0303,1.9402,1.84,1.745,1.6659,1.6079,1.5713,1.5542,1.5543,1.5689,1.5953,1.6303,1.6704,1.7114,1.7495,1.7814,1.8053,1.8209,1.8292,1.8319,1.8309,1.8277,1.8237,1.8196,1.8157,1.8122,1.8091,1.8064,1.8039,1.8016,1.7994,1.7972,1.7949
2.0004,2.0238,2.0497,2.0785,2.1103,2.1453,2.1832,2.2231,2.2627,2.2973,2.3182,2.3131,2.275,2.2171,2.1644,2.1221,2.0759,2.0138,1.9354,1.8491,1.7659,1.6947,1.6402,1.6037,1.5844,1.5805,1.5898,1.6099,1.6381,1.6712,1.7057,1.7384,1.7665,1.7885,1.8038,1.8131,1.8174,1.8184,1.8171,1.8147,1.8118,1.8089,1.8062,1.8037,1.8014,1.7993,1.7972,1.7953,1.7933,1.7913
2.0001,2.0227,2.0477,2.0751,2.1051,2.1376,2.1721,2.2074,2.241,2.2685,2.2827,2.2755,2.2437,2.1963,2.1483,2.1041,2.0568,1.9988,1.9295,1.8544,1.7814,1.7174,1.6668,1.6313,1.6107,1.6038,1.6088,1.6236,1.6459,1.6729,1.7018,1.7297,1.7544,1.7744,1.7891,1.7989,1.8044,1.8068,1.807,1.806,1.8043,1.8023,1.8003,1.7983,1.7965,1.7947,1.793,1.7913,1.7896,1.7879
1.9988,2.0205,2.0442,2.0701,2.098,2.1277,2.1586,2.1892,2.2172,2.2385,2.2477,2.2395,2.2126,2.1731,2.1298,2.0863,2.0394,1.9852,1.9232,1.8571,1.7927,1.7353,1.6888,1.6547,1.6335,1.6243,1.6259,1.6363,1.6537,1.6755,1.6995,1.7232,1.7447,1.7628,1.7767,1.7865,1.7928,1.7963,1.7977,1.7978,1.7971,1.7959,1.7946,1.7931,1.7917,1.7903,1.7889,1.7875,1.786,1.7845
1.9964,2.0171,2.0395,2.0636,2.0893,2.1162,2.1434,2.1696,2.1926,2.2088,2.2144,2.2058,2.1827,2.1489,2.1099,2.0684,2.0234,1.9728,1.9169,1.8582,1.801,1.7495,1.7068,1.6745,1.6532,1.6425,1.6413,1.6481,1.6612,1.6787,1.6985,1.7185,1.7372,1.7533,1.7663,1.776,1.7827,1.7869,1.7892,1.7902,1.7903,1.7898,1.7891,1.7882,1.7872,1.7861,1.785,1.7838,1.7826,1.7813
1.9932,2.0127,2.0337,2.056,2.0794,2.1035,2.1273,2.1495,2.1681,2.1803,2.1832,2.1745,2.1542,2.1247,2.0896,2.0507,2.0082,1.9613,1.9106,1.8582,1.8071,1.7607,1.7216,1.6912,1.6702,1.6584,1.6551,1.6589,1.6686,1.6824,1.6985,1.7154,1.7315,1.7458,1.7577,1.767,1.7738,1.7785,1.7815,1.7831,1.7839,1.7841,1.7839,1.7834,1.7828,1.782,1.7812,1.7803,1.7793,1.7782
1.9892,2.0076,2.0271,2.0475,2.0687,2.0901,2.1107,2.1293,2.1443,2.1533,2.1542,2.1456,2.1274,2.1013,2.0694,2.0334,1.9938,1.9505,1.9045,1.8573,1.8115,1.7696,1.7337,1.7053,1.6848,1.6724,1.6674,1.6689,1.6757,1.6864,1.6994,1.7134,1.7272,1.7398,1.7507,1.7595,1.7662,1.7711,1.7745,1.7768,1.7781,1.7788,1.779,1.7789,1.7786,1.7782,1.7776,1.7769,1.7761,1.7752
1.9846,2.0018,2.0198,2.0384,2.0575,2.0763,2.094,2.1096,2.1215,2.128,2.1275,2.1189,2.1024,2.0789,2.0499,2.0167,1.98,1.9403,1.8984,1.8559,1.8146,1.7766,1.7437,1.7171,1.6974,1.6847,1.6785,1.6781,1.6825,1.6905,1.7009,1.7125,1.7243,1.7353,1.745,1.7532,1.7597,1.7647,1.7684,1.771,1.7727,1.7738,1.7744,1.7747,1.7747,1.7745,1.7741,1.7737,1.7731,1.7723
1.9795,1.9954,2.012,2.0289,2.0459,2.0623,2.0775,2.0904,2.0998,2.1043,2.1027,2.0943,2.0791,2.0577,2.0313,2.0008,1.967,1.9306,1.8925,1.8539,1.8166,1.7821,1.7519,1.7271,1.7082,1.6954,1.6883,1.6864,1.6889,1.6947,1.7029,1.7124,1.7223,1.7319,1.7406,1.7481,1.7543,1.7592,1.763,1.7658,1.7678,1.7693,1.7702,1.7707,1.771,1.771,1.7709,1.7706,1.7702,1.7696
1.974,1.9887,2.0038,2.0191,2.0342,2.0485,2.0615,2.0721,2.0794,2.0823,2.0798,2.0716,2.0574,2.0378,2.0137,1.9857,1.9547,1.9214,1.8866,1.8517,1.8178,1.7864,1.7587,1.7356,1.7175,1.7048,1.6971,1.6941,1.6949,1.699,1.7052,1.7129,1.7212,1.7294,1.7371,1.7439,1.7497,1.7545,1.7583,1.7612,1.7635,1.7651,1.7663,1.767,1.7675,1.7678,1.7678,1.7677,1.7674,1.767
1.9682,1.9817,1.9954,2.0091,2.0225,2.035,2.0459,2.0546,2.0602,2.0618,2.0587,2.0506,2.0373,2.0193,1.9971,1.9715,1.943,1.9126,1.8809,1.8491,1.8183,1.7897,1.7642,1.7427,1.7255,1.713,1.7049,1.701,1.7006,1.7031,1.7078,1.7139,1.7207,1.7277,1.7344,1.7406,1.7459,1.7505,1.7542,1.7572,1.7595,1.7613,1.7627,1.7636,1.7643,1.7647,1.7649,1.765,1.7648,1.7646
