docs/data/wind_grid.json
[{"header":{"la1":42.85,"la2":41.18,"lo1":11.55,"lo2":14.05,"nx":36,"ny":24,"dx":0.07143,"dy":0.07261,"parameterCategory":2,"parameterNumber":2,"parameterNumberName":"eastward_wind","parameterUnit":"m.s-1"},"data":[-0.6347,-0.6342,-0.6311,-0.6254,-0.6175,-0.608,-0.5974,-0.5861,-0.5746,-0.5634,-0.5533,-0.5453,-0.5402,-0.5382,-0.5388,-0.5408,-0.542,-0.5396,-0.531,-0.5155,-0.4954,-0.476,-0.4625,-0.4568,-0.4571,-0.46,-0.463,-0.4646,-0.4646,-0.4632,-0.4607,-0.4576,-0.454,-0.4503,-0.4466,-0.4429,-0.6553,-0.6557,-0.6526,-0.646,-0.6363,-0.6246,-0.6118,-0.5983,-0.5842,-0.5698,-0.5566,-0.5462,-0.54,-0.5388,-0.5422,-0.5484,-0.5542,-0.5545,-0.5437,-0.5189,-0.484,-0.4507,-0.4315,-0.4294,-0.4378,-0.4484,-0.4566,-0.4613,-0.4628,-0.4618,-0.4593,-0.4559,-0.4521,-0.448,-0.444,-0.4402,-0.6804,-0.6827,-0.6801,-0.6722,-0.6599,-0.6452,-0.6299,-0.6143,-0.5972,-0.5785,-0.5601,-0.5455,-0.5374,-0.5371,-0.5445,-0.5577,-0.5723,-0.5798,-0.5682,-0.5271,-0.4606,-0.3968,-0.3696,-0.3817,-0.4094,-0.4343,-0.4505,-0.4589,-0.4616,-0.4608,-0.458,-0.4541,-0.4498,-0.4454,-0.441,-0.437,-0.7116,-0.7174,-0.7162,-0.7066,-0.69,-0.6705,-0.6526,-0.6365,-0.6174,-0.5918,-0.5643,-0.5424,-0.5307,-0.531,-0.5437,-0.5677,-0.5986,-0.624,-0.6192,-0.553,-0.4176,-0.2795,-0.2458,-0.3047,-0.3746,-0.4219,-0.4474,-0.4587,-0.4617,-0.4603,-0.4567,-0.4521,-0.4471,-0.4422,-0.4375,-0.4332,-0.7501,-0.763,-0.7656,-0.7541,-0.7296,-0.7011,-0.6801,-0.6695,-0.6527,-0.6148,-0.5694,-0.5349,-0.5174,-0.5174,-0.5358,-0.5743,-0.6323,-0.6981,-0.7284,-0.6393,-0.3685,-0.0464,-0.032,-0.2142,-0.3509,-0.4207,-0.4513,-0.4622,-0.4634,-0.4602,-0.4552,-0.4494,-0.4437,-0.4383,-0.4332,-0.4287,-0.7969,-0.8231,-0.8363,-0.8244,-0.7853,-0.7371,-0.709,-0.7181,-0.7188,-0.6521,-0.5714,-0.5187,-0.4938,-0.4919,-0.5142,-0.5676,-0.6615,-0.8007,-0.9363,-0.8676,-0.4527,0.1076,0.0841,-0.2109,-0.3745,-0.4417,-0.4649,-0.4693,-0.4661,-0.4598,-0.4528,-0.4458,-0.4393,-0.4334,-0.4281,-0.4234,-0.85,-0.8999,-0.939,-0.9358,-0.8708,-0.7805,-0.727,-0.7593,-0.7965,-0.6754,-0.5522,-0.4866,-0.4566,-0.4498,-0.4694,-0.5307,-0.6538,-0.863,-1.1331,-1.1084,-0.761,-0.3797,-0.2812,-0.3899,-0.4608,-0.4842,-0.4852,-0.4777,-0.4678,-0.4579,-0.4489,-0.4408,-0.4336,-0.4273,-0.4218,-0.4171,-0.9008,-0.9836,-1.0755,-1.1094,-0.9994,-0.8353,-0.7236,-0.7056,-0.7083,-0.5915,-0.4861,-0.4337,-0.4054,-0.3872,-0.3881,-0.4423,-0.5786,-0.7878,-1.001,-1.0569,-1.1094,-1.0012,-0.7513,-0.6203,-0.5631,-0.5285,-0.5024,-0.4819,-0.4657,-0.4528,-0.4424,-0.4336,-0.4262,-0.4198,-0.4143,-0.4096,-0.934,-1.0404,-1.1838,-1.2816,-1.1163,-0.8841,-0.7084,-0.5898,-0.4933,-0.4086,-0.376,-0.3672,-0.3477,-0.3055,-0.2451,-0.2641,-0.4445,-0.6722,-0.8777,-1.1301,-1.5987,-1.4836,-1.0179,-0.7549,-0.6228,-0.5495,-0.5048,-0.476,-0.4568,-0.4431,-0.4326,-0.4241,-0.4168,-0.4106,-0.4053,-0.4009,-0.9397,-1.0425,-1.1587,-1.2182,-1.1203,-0.911,-0.6963,-0.4852,-0.2326,-0.123,-0.2347,-0.305,-0.2996,-0.2307,-0.0193,0.0933,-0.3029,-0.6252,-0.842,-1.0763,-1.4014,-1.336,-0.9955,-0.7563,-0.6157,-0.5326,-0.4839,-0.4559,-0.4392,-0.4281,-0.4195,-0.4121,-0.4055,-0.3997,-0.3947,-0.3907,-0.9223,-1.0189,-1.1424,-1.3045,-1.2521,-0.9491,-0.7219,-0.4824,0.0862,0.3651,-0.1183,-0.2744,-0.2704,-0.2124,-0.0367,0.1013,-0.3723,-0.7451,-0.9274,-0.9848,-1.0273,-0.978,-0.8231,-0.6661,-0.5487,-0.4744,-0.4363,-0.4202,-0.4132,-0.4084,-0.4034,-0.3979,-0.3922,-0.3868,-0.3823,-0.3788,-0.8861,-0.9738,-1.1012,-1.2674,-1.208,-0.9305,-0.8165,-0.7867,-0.3366,0.0191,-0.2174,-0.2919,-0.2475,-0.158,-0.1914,-0.3354,-0.6717,-1.2016,-1.3479,-1.0867,-0.9001,-0.7812,-0.6647,-0.5444,-0.438,-0.3741,-0.3611,-0.3714,-0.382,-0.3867,-0.3861,-0.3823,-0.377,-0.3719,-0.3677,-0.3649,-0.8334,-0.8958,-0.969,-1.0205,-0.9673,-0.864,-0.8962,-1.1007,-0.8442,-0.472,-0.3608,-0.3354,-0.2751,-0.1089,-0.1775,-0.4682,-0.8677,-2.1208,-2.1737,-1.2314,-0.8347,-0.653,-0.5365,-0.423,-0.2977,-0.2306,-0.2654,-0.3198,-0.353,-0.367,-0.3694,-0.3656,-0.3597,-0.3541,-0.3501,-0.3482,-0.7734,-0.8092,-0.8395,-0.8468,-0.8191,-0.7942,-0.8353,-0.9141,-0.8054,-0.5368,-0.4005,-0.3698,-0.3545,-0.2214,-0.3661,-0.5294,-0.7552,-1.4431,-1.589,-1.0116,-0.6601,-0.4965,-0.4167,-0.3314,-0.19,-0.1071,-0.1961,-0.2895,-0.3368,-0.3539,-0.3547,-0.3477,-0.3388,-0.3318,-0.3282,-0.3279,-0.7161,-0.7337,-0.7435,-0.74,-0.7246,-0.7128,-0.717,-0.7078,-0.6144,-0.4714,-0.3865,-0.3617,-0.3275,-0.2951,-0.4356,-0.5728,-1.1826,-0.9284,-0.8377,-0.5894,-0.3347,-0.2591,-0.2872,-0.2851,-0.2159,-0.1635,-0.2275,-0.3031,-0.3411,-0.3498,-0.3415,-0.3259,-0.311,-0.3018,-0.2995,-0.3027,-0.6659,-0.6727,-0.6731,-0.6655,-0.6513,-0.6345,-0.6135,-0.5733,-0.498,-0.4049,-0.3336,-0.3826,-0.3563,-0.3366,-0.4339,-0.6921,-1.0054,-0.7029,-0.4692,-0.2224,0.1152,0.0523,-0.1569,-0.254,-0.2785,-0.2854,-0.3177,-0.3526,-0.3647,-0.3534,-0.3263,-0.2943,-0.2692,-0.2584,-0.2609,-0.2712,-0.6233,-0.6237,-0.619,-0.6086,-0.5926,-0.5712,-0.5419,-0.4995,-0.4423,-0.3799,-0.3335,-0.3404,-0.2823,-0.2497,-0.3257,-0.4144,-0.4504,-0.2826,-0.0899,-0.012,0.1991,0.1198,-0.1049,-0.2425,-0.3274,-0.3851,-0.4196,-0.4251,-0.404,-0.3611,-0.3024,-0.2416,-0.2012,-0.1935,-0.2092,-0.2333,-0.5874,-0.5839,-0.5762,-0.5638,-0.5465,-0.5237,-0.4943,-0.4573,-0.4145,-0.3726,-0.3399,-0.3076,-0.2425,-0.2052,-0.1186,-0.0673,-0.0967,0.1394,0.4221,0.1743,0.0779,0.0044,-0.1239,-0.2618,-0.3978,-0.5149,-0.5587,-0.5245,-0.4576,-0.3706,-0.263,-0.1529,-0.0914,-0.1013,-0.1463,-0.1928,-0.5573,-0.5512,-0.5417,-0.5283,-0.5106,-0.4883,-0.4612,-0.4296,-0.395,-0.3602,-0.3254,-0.2835,-0.2213,-0.0943,0.2938,0.4619,0.1288,0.2197,0.3895,0.3412,0.1676,0.0124,-0.1254,-0.2859,-0.4855,-0.6867,-0.7316,-0.6368,-0.5194,-0.3829,-0.2159,-0.0357,0.0489,-0.0013,-0.0888,-0.1599,-0.5318,-0.5242,-0.5137,-0.4998,-0.4825,-0.4615,-0.4368,-0.4089,-0.3785,-0.3458,-0.309,-0.2613,-0.186,-0.035,0.261,0.3625,0.1659,0.2146,0.5084,0.6413,0.2836,0.0693,-0.0826,-0.2717,-0.5196,-0.7422,-0.785,-0.7305,-0.5805,-0.4009,-0.2026,0.0127,0.1077,0.0355,-0.0691,-0.1478,-0.5102,-0.5017,-0.4906,-0.4769,-0.4601,-0.4405,-0.4179,-0.3925,-0.3644,-0.3331,-0.2962,-0.2485,-0.1799,-0.0767,0.047,0.1024,0.0974,0.1723,0.3535,0.4122,0.2523,0.1499,0.0495,-0.1736,-0.4871,-0.8035,-1.0816,-0.9473,-0.6234,-0.3988,-0.2345,-0.0774,0.0034,-0.0292,-0.0995,-0.1607,-0.4918,-0.4828,-0.4716,-0.4581,-0.4422,-0.4237,-0.4028,-0.3794,-0.3532,-0.3236,-0.2888,-0.246,-0.1915,-0.125,-0.0583,-0.0105,0.0275,0.0888,0.1683,0.2095,0.2374,0.3651,0.3804,0.0424,-0.3986,-0.8715,-1.3405,-1.0321,-0.477,-0.2884,-0.2323,-0.1694,-0.1221,-0.1219,-0.1519,-0.188,-0.4761,-0.4669,-0.4558,-0.4428,-0.4276,-0.4103,-0.3909,-0.3691,-0.3449,-0.3175,-0.286,-0.2493,-0.2065,-0.1593,-0.1125,-0.0704,-0.0292,0.019,0.0735,0.1371,0.2698,0.5605,0.6535,0.2196,-0.2575,-0.6329,-0.8181,-0.5052,-0.029,-0.0666,-0.1727,-0.1963,-0.1877,-0.1854,-0.1971,-0.2162,-0.4628,-0.4535,-0.4427,-0.4301,-0.4157,-0.3995,-0.3814,-0.3613,-0.339,-0.3141,-0.2862,-0.255,-0.2204,-0.1837,-0.1467,-0.1104,-0.0733,-0.0325,0.0158,0.0843,0.2061,0.3828,0.4085,0.1451,-0.1756,-0.4015,-0.4487,-0.2315,0.0357,-0.0208,-0.1452,-0.2004,-0.2152,-0.2202,-0.2276,-0.2389]},{"header":{"la1":42.85,"la2":41.18,"lo1":11.55,"lo2":14.05,"nx":36,"ny":24,"dx":0.07143,"dy":0.07261,"parameterCategory":2,"parameterNumber":3,"parameterNumberName":"northward_wind","parameterUnit":"m.s-1"},"data":[-0.7445,-0.7409,-0.7353,-0.7273,-0.7171,-0.7051,-0.6919,-0.6784,-0.6647,-0.6504,-0.6346,-0.616,-0.5937,-0.5673,-0.537,-0.5036,-0.4686,-0.4339,-0.4015,-0.3736,-0.3519,-0.338,-0.3327,-0.3356,-0.3448,-0.3577,-0.3725,-0.3877,-0.4026,-0.417,-0.4307,-0.4437,-0.456,-0.4675,-0.4784,-0.4886,-0.7582,-0.7551,-0.7492,-0.7402,-0.728,-0.7133,-0.6974,-0.6819,-0.6679,-0.6548,-0.6405,-0.6226,-0.5994,-0.5702,-0.5351,-0.495,-0.4519,-0.4086,-0.3684,-0.3339,-0.3071,-0.2905,-0.2866,-0.2948,-0.3111,-0.331,-0.3516,-0.3714,-0.39,-0.4072,-0.4232,-0.4381,-0.452,-0.4649,-0.4769,-0.4881,-0.7736,-0.7714,-0.7656,-0.7552,-0.7399,-0.7204,-0.699,-0.6795,-0.6651,-0.6553,-0.6456,-0.6308,-0.6079,-0.5761,-0.5354,-0.4868,-0.4327,-0.3776,-0.3271,-0.2847,-0.2508,-0.2293,-0.2275,-0.2452,-0.2732,-0.3031,-0.331,-0.3561,-0.3785,-0.3986,-0.4169,-0.4337,-0.4491,-0.4634,-0.4766,-0.4887,-0.7912,-0.7907,-0.7855,-0.7737,-0.7538,-0.7259,-0.6931,-0.6637,-0.6481,-0.6469,-0.6484,-0.6411,-0.6206,-0.5868,-0.54,-0.4807,-0.411,-0.3381,-0.2739,-0.2249,-0.1833,-0.1503,-0.1513,-0.1876,-0.2341,-0.2767,-0.3126,-0.3429,-0.3689,-0.3917,-0.4121,-0.4307,-0.4477,-0.4634,-0.4777,-0.4908,-0.8109,-0.8136,-0.8105,-0.7982,-0.7727,-0.7313,-0.675,-0.6193,-0.5979,-0.6196,-0.6478,-0.6553,-0.6395,-0.6047,-0.5521,-0.4804,-0.3885,-0.2847,-0.1976,-0.1527,-0.1153,-0.0582,-0.0638,-0.1327,-0.202,-0.2565,-0.299,-0.3332,-0.362,-0.3869,-0.4092,-0.4295,-0.448,-0.465,-0.4805,-0.4945,-0.8325,-0.8406,-0.8428,-0.8325,-0.8024,-0.7443,-0.6476,-0.5243,-0.478,-0.5636,-0.6489,-0.6782,-0.6676,-0.6327,-0.5769,-0.4942,-0.3747,-0.2167,-0.0707,-0.0506,-0.073,-0.0147,-0.0243,-0.1111,-0.1886,-0.247,-0.2919,-0.3279,-0.3582,-0.3847,-0.4086,-0.4304,-0.4504,-0.4687,-0.4853,-0.5003,-0.8541,-0.8708,-0.8838,-0.881,-0.8496,-0.7816,-0.6508,-0.4283,-0.3236,-0.5262,-0.678,-0.7188,-0.7075,-0.6736,-0.6207,-0.5355,-0.3967,-0.1838,0.0596,0.0546,-0.0517,-0.0585,-0.0745,-0.132,-0.195,-0.2482,-0.2912,-0.3268,-0.3575,-0.3849,-0.4102,-0.4335,-0.4551,-0.4748,-0.4927,-0.5086,-0.8722,-0.8991,-0.9312,-0.9448,-0.9103,-0.8487,-0.7491,-0.5788,-0.5011,-0.664,-0.7721,-0.7827,-0.7578,-0.7278,-0.6915,-0.6194,-0.4807,-0.2764,-0.0721,-0.0261,-0.0057,-0.0172,-0.086,-0.1511,-0.2079,-0.2554,-0.2949,-0.3287,-0.3591,-0.3874,-0.414,-0.4391,-0.4625,-0.4839,-0.5031,-0.5199,-0.881,-0.9127,-0.9643,-1.0049,-0.9509,-0.9135,-0.898,-0.88,-0.8984,-0.943,-0.9228,-0.861,-0.8098,-0.7911,-0.8041,-0.7707,-0.6144,-0.4168,-0.2399,-0.0727,0.1603,0.117,-0.0604,-0.1609,-0.2212,-0.2647,-0.3001,-0.3318,-0.362,-0.3915,-0.4202,-0.4477,-0.4734,-0.4967,-0.5173,-0.535,-0.8782,-0.8986,-0.9268,-0.9445,-0.911,-0.9498,-1.0288,-1.128,-1.2694,-1.2995,-1.1047,-0.9315,-0.8477,-0.8437,-0.973,-1.0518,-0.7487,-0.51,-0.339,-0.1557,0.0508,0.0356,-0.0995,-0.186,-0.2372,-0.2732,-0.3038,-0.3338,-0.3648,-0.3968,-0.4288,-0.4598,-0.4886,-0.5144,-0.5366,-0.5549,-0.8702,-0.8726,-0.8469,-0.7584,-0.7868,-0.9711,-1.1458,-1.3055,-1.6148,-1.7813,-1.2514,-0.9603,-0.8627,-0.8565,-0.9581,-1.0571,-0.7227,-0.5231,-0.4057,-0.2866,-0.1781,-0.1482,-0.1812,-0.2206,-0.251,-0.2759,-0.3016,-0.3318,-0.3662,-0.4031,-0.4406,-0.4767,-0.5098,-0.5387,-0.5625,-0.5811,-0.8657,-0.8637,-0.8343,-0.7671,-0.8113,-1.0426,-1.2826,-1.4371,-1.5093,-1.5428,-1.1649,-0.926,-0.8682,-0.9227,-0.8505,-0.686,-0.5408,-0.4994,-0.4668,-0.3644,-0.2769,-0.2334,-0.2274,-0.2383,-0.251,-0.2645,-0.2879,-0.3233,-0.3658,-0.4114,-0.4572,-0.5007,-0.5397,-0.5723,-0.5976,-0.6157,-0.8665,-0.8728,-0.8724,-0.8795,-0.9545,-1.1364,-1.3819,-1.587,-1.4757,-1.2384,-1.007,-0.8699,-0.841,-0.9749,-0.8447,-0.4136,-0.3181,-0.5875,-0.6016,-0.3815,-0.2767,-0.2309,-0.2225,-0.23,-0.2321,-0.2327,-0.2601,-0.3094,-0.3657,-0.424,-0.4818,-0.5359,-0.5828,-0.6196,-0.6455,-0.6613,-0.8677,-0.8829,-0.9026,-0.9391,-1.0147,-1.1446,-1.3175,-1.4708,-1.3788,-1.1021,-0.9119,-0.8486,-0.8322,-0.6966,-0.4282,0.1105,0.0844,-0.2759,-0.4067,-0.2819,-0.1844,-0.1486,-0.1702,-0.2043,-0.2114,-0.1997,-0.2353,-0.3003,-0.3715,-0.4455,-0.5197,-0.5887,-0.6462,-0.6875,-0.7117,-0.7216,-0.8651,-0.8841,-0.9096,-0.9475,-1.005,-1.0832,-1.1664,-1.2046,-1.1203,-0.9582,-0.8451,-0.7926,-0.7281,-0.6835,-0.2681,0.2847,0.9266,0.1778,-0.1302,-0.1024,0.0536,0.0622,-0.0629,-0.1648,-0.2066,-0.2121,-0.2437,-0.307,-0.3877,-0.4803,-0.5781,-0.6698,-0.7421,-0.7865,-0.8035,-0.8006,-0.8573,-0.8758,-0.8989,-0.9285,-0.9652,-1.0043,-1.0316,-1.0215,-0.9562,-0.8639,-0.8077,-0.791,-0.7622,-0.6535,-0.3572,0.1679,0.6351,0.1339,-0.1071,0.0656,0.5881,0.4635,0.0729,-0.1182,-0.1907,-0.2184,-0.2504,-0.3123,-0.408,-0.5304,-0.667,-0.7964,-0.8907,-0.9332,-0.9304,-0.9018,-0.8453,-0.8608,-0.8787,-0.8988,-0.9193,-0.9354,-0.9386,-0.9193,-0.8767,-0.8287,-0.8044,-0.8054,-0.925,-0.9561,-0.5621,-0.2688,-0.1358,-0.2664,-0.3588,-0.0428,0.658,0.5047,0.0768,-0.1074,-0.1592,-0.1641,-0.1906,-0.2773,-0.4169,-0.5941,-0.7986,-0.9968,-1.1253,-1.1497,-1.1,-1.0244,-0.8306,-0.8425,-0.855,-0.8672,-0.8773,-0.8818,-0.8768,-0.8597,-0.8335,-0.8087,-0.7977,-0.8197,-0.9607,-0.9745,-0.7039,-0.5714,-0.484,-0.6427,-0.8925,-0.4497,-0.0486,0.0307,-0.0795,-0.1401,-0.0996,0.0059,0.0098,-0.1667,-0.4052,-0.6684,-0.98,-1.3028,-1.484,-1.4482,-1.3037,-1.155,-0.8147,-0.8232,-0.8312,-0.8379,-0.8417,-0.8407,-0.8335,-0.8197,-0.802,-0.786,-0.7779,-0.7855,-0.8077,-0.79,-0.8055,-0.8351,-0.6395,-0.6736,-0.7685,-0.5398,-0.362,-0.2561,-0.2296,-0.1869,-0.0177,0.3439,0.4203,-0.0185,-0.4044,-0.7456,-1.1727,-1.6751,-1.9214,-1.7636,-1.4871,-1.2605,-0.7987,-0.8044,-0.809,-0.8119,-0.812,-0.8086,-0.8008,-0.7892,-0.7754,-0.7621,-0.7519,-0.7461,-0.7413,-0.7388,-0.7832,-0.7925,-0.6562,-0.5909,-0.5351,-0.5068,-0.453,-0.3843,-0.3384,-0.2645,-0.0687,0.3756,0.4784,-0.1295,-0.4981,-0.813,-1.2495,-1.8249,-2.0999,-1.8782,-1.5499,-1.2985,-0.7834,-0.7867,-0.7889,-0.7893,-0.7873,-0.7825,-0.7747,-0.7643,-0.7522,-0.7396,-0.7276,-0.7164,-0.7059,-0.6989,-0.6988,-0.6773,-0.6186,-0.5649,-0.5265,-0.5055,-0.4811,-0.4608,-0.4389,-0.3856,-0.3051,-0.2934,-0.5615,-0.6081,-0.6911,-0.8787,-1.1656,-1.5613,-1.7855,-1.6781,-1.4534,-1.256,-0.7689,-0.7705,-0.7709,-0.7697,-0.7665,-0.761,-0.7532,-0.7434,-0.7321,-0.7199,-0.7071,-0.6941,-0.6808,-0.6678,-0.6528,-0.6286,-0.5936,-0.5582,-0.531,-0.5146,-0.5135,-0.5385,-0.5449,-0.5002,-0.4924,-0.6326,-0.8814,-0.8312,-0.9098,-0.9934,-1.0837,-1.2563,-1.391,-1.3836,-1.2834,-1.165,-0.7556,-0.7559,-0.755,-0.7527,-0.7487,-0.7429,-0.7352,-0.7258,-0.715,-0.7031,-0.6904,-0.6768,-0.6625,-0.647,-0.6293,-0.6076,-0.5824,-0.5578,-0.5387,-0.53,-0.5415,-0.5829,-0.5966,-0.5582,-0.571,-0.6695,-0.7969,-0.9553,-1.2134,-1.1678,-1.0811,-1.1027,-1.156,-1.1678,-1.13,-1.0673,-0.7434,-0.7428,-0.741,-0.7379,-0.7335,-0.7275,-0.7199,-0.7109,-0.7007,-0.6893,-0.6769,-0.6635,-0.6492,-0.6338,-0.6169,-0.5982,-0.5788,-0.5607,-0.5472,-0.5419,-0.55,-0.5698,-0.5774,-0.5738,-0.6038,-0.6844,-0.8133,-1.0302,-1.2527,-1.1953,-1.0731,-1.0313,-1.0346,-1.0363,-1.0186,-0.9846]}]