docs/data/wind_grid.json
[{"header":{"la1":42.85,"la2":41.18,"lo1":11.55,"lo2":14.05,"nx":36,"ny":24,"dx":0.07143,"dy":0.07261,"parameterCategory":2,"parameterNumber":2,"parameterNumberName":"eastward_wind","parameterUnit":"m.s-1"},"data":[-0.3451,-0.3463,-0.3459,-0.3442,-0.3416,-0.3388,-0.3363,-0.3348,-0.335,-0.3374,-0.343,-0.3523,-0.3657,-0.3829,-0.4027,-0.4231,-0.441,-0.4527,-0.4546,-0.4454,-0.4277,-0.4072,-0.3902,-0.3791,-0.3729,-0.369,-0.3652,-0.3606,-0.3551,-0.3487,-0.342,-0.3351,-0.3283,-0.3218,-0.3155,-0.3097,-0.3574,-0.359,-0.3582,-0.3552,-0.3508,-0.3459,-0.3414,-0.3381,-0.3365,-0.3374,-0.3421,-0.352,-0.3679,-0.3896,-0.4161,-0.4449,-0.4715,-0.4893,-0.4909,-0.4722,-0.4377,-0.4009,-0.3756,-0.3655,-0.3647,-0.3661,-0.3658,-0.3628,-0.3577,-0.3512,-0.344,-0.3365,-0.3292,-0.3222,-0.3156,-0.3094,-0.3734,-0.3759,-0.3748,-0.3703,-0.3632,-0.3554,-0.3485,-0.3432,-0.3392,-0.3372,-0.3396,-0.3492,-0.3675,-0.3948,-0.4302,-0.4715,-0.5128,-0.5433,-0.5466,-0.5099,-0.4394,-0.3677,-0.3311,-0.3319,-0.3473,-0.3602,-0.3659,-0.3652,-0.3605,-0.3536,-0.3457,-0.3376,-0.3296,-0.3221,-0.3152,-0.3087,-0.3943,-0.3989,-0.3983,-0.3916,-0.3804,-0.3682,-0.3588,-0.3524,-0.346,-0.3387,-0.3356,-0.3428,-0.3631,-0.3966,-0.4432,-0.502,-0.5685,-0.6269,-0.6428,-0.5757,-0.4237,-0.2694,-0.2236,-0.2683,-0.3222,-0.3546,-0.3677,-0.3688,-0.3638,-0.356,-0.3471,-0.3381,-0.3295,-0.3215,-0.3142,-0.3075,-0.4214,-0.4308,-0.4323,-0.4232,-0.4049,-0.3851,-0.3731,-0.3708,-0.3647,-0.346,-0.3299,-0.3313,-0.3527,-0.3926,-0.4512,-0.5318,-0.6379,-0.7574,-0.8266,-0.7249,-0.4013,-0.0446,-0.0209,-0.1877,-0.3049,-0.3575,-0.3745,-0.3748,-0.3678,-0.3581,-0.3479,-0.3379,-0.3286,-0.3202,-0.3126,-0.3057,-0.4559,-0.4749,-0.4834,-0.4729,-0.4421,-0.406,-0.3896,-0.4061,-0.4124,-0.3647,-0.3198,-0.3115,-0.3343,-0.3802,-0.4488,-0.5496,-0.7036,-0.9337,-1.1695,-1.076,-0.5209,0.1117,0.0926,-0.1866,-0.3292,-0.3788,-0.3887,-0.3831,-0.372,-0.3596,-0.3477,-0.3367,-0.3268,-0.318,-0.3102,-0.3033,-0.4965,-0.533,-0.56,-0.5548,-0.5029,-0.432,-0.396,-0.4406,-0.4801,-0.3736,-0.2901,-0.2776,-0.3063,-0.3584,-0.4318,-0.5396,-0.7188,-1.041,-1.5066,-1.4574,-0.8662,-0.3864,-0.2656,-0.3565,-0.4093,-0.418,-0.4077,-0.3916,-0.3749,-0.3595,-0.3459,-0.3341,-0.3238,-0.3149,-0.3071,-0.3002,-0.5376,-0.5986,-0.6619,-0.6825,-0.5989,-0.4665,-0.3748,-0.3734,-0.385,-0.279,-0.2134,-0.2236,-0.2693,-0.33,-0.4027,-0.4989,-0.655,-0.9174,-1.2327,-1.2462,-1.1307,-0.9689,-0.7104,-0.5699,-0.5016,-0.4572,-0.4232,-0.3962,-0.3744,-0.3567,-0.3421,-0.3299,-0.3196,-0.3107,-0.3031,-0.2964,-0.5684,-0.6487,-0.7431,-0.7999,-0.6927,-0.5018,-0.3329,-0.2153,-0.1211,-0.0543,-0.0775,-0.1513,-0.2276,-0.3011,-0.3738,-0.4469,-0.5648,-0.7447,-0.9375,-1.1338,-1.5037,-1.3934,-0.9495,-0.6879,-0.5521,-0.4747,-0.4258,-0.3927,-0.3687,-0.3504,-0.3359,-0.324,-0.314,-0.3056,-0.2983,-0.292,-0.5816,-0.6697,-0.7595,-0.8016,-0.7496,-0.5345,-0.2893,-0.0483,0.2379,0.337,0.1177,-0.0765,-0.1868,-0.2709,-0.3641,-0.4092,-0.5095,-0.6735,-0.8317,-1.027,-1.3139,-1.2456,-0.9137,-0.6784,-0.5409,-0.4601,-0.4109,-0.3792,-0.3572,-0.3406,-0.3275,-0.3166,-0.3074,-0.2995,-0.2927,-0.2869,-0.576,-0.6768,-0.8279,-1.0713,-1.0015,-0.5828,-0.2701,0.0244,0.6747,1.0012,0.2884,-0.0408,-0.1497,-0.2073,-0.3257,-0.4021,-0.5339,-0.7455,-0.8697,-0.905,-0.9363,-0.8833,-0.7313,-0.5842,-0.481,-0.4176,-0.3806,-0.3576,-0.3412,-0.3283,-0.3175,-0.3081,-0.2998,-0.2927,-0.2865,-0.2812,-0.5466,-0.6448,-0.8054,-1.0318,-0.9465,-0.5317,-0.2882,-0.1764,0.2425,0.571,0.1505,-0.0817,-0.1224,-0.0629,-0.1827,-0.391,-0.6699,-1.1188,-1.2328,-0.9693,-0.7817,-0.6656,-0.5614,-0.4683,-0.4,-0.3614,-0.3435,-0.3329,-0.3239,-0.3154,-0.3071,-0.2992,-0.2918,-0.2852,-0.2796,-0.2749,-0.4935,-0.561,-0.6456,-0.7037,-0.6128,-0.4138,-0.3151,-0.3184,-0.27,-0.0227,-0.0615,-0.188,-0.1759,-0.0319,-0.1521,-0.4299,-0.8003,-1.9629,-2.0055,-1.0815,-0.6855,-0.511,-0.4202,-0.364,-0.3282,-0.3137,-0.3125,-0.3119,-0.3089,-0.304,-0.2976,-0.2905,-0.2834,-0.277,-0.2718,-0.2678,-0.4296,-0.4635,-0.4903,-0.4844,-0.4216,-0.336,-0.3055,-0.3632,-0.2897,-0.12,-0.1124,-0.3015,-0.3472,-0.0414,-0.2875,-0.5575,-0.7173,-1.3068,-1.4241,-0.8364,-0.4756,-0.3199,-0.2774,-0.2798,-0.2944,-0.3006,-0.2985,-0.2988,-0.2989,-0.2962,-0.2902,-0.2823,-0.2743,-0.2675,-0.2626,-0.2595,-0.3684,-0.3801,-0.3809,-0.3615,-0.3201,-0.2735,-0.2445,-0.2235,-0.1511,-0.0397,0.0116,-0.064,-0.117,-0.1036,-0.3308,-0.614,-1.0396,-0.7786,-0.6525,-0.3746,-0.0994,-0.0319,-0.1051,-0.1924,-0.2619,-0.2891,-0.2892,-0.293,-0.2964,-0.2939,-0.2855,-0.274,-0.2628,-0.2548,-0.2506,-0.2492,-0.3159,-0.3154,-0.3061,-0.2848,-0.2528,-0.216,-0.1782,-0.1293,-0.0454,0.1009,0.3424,0.1253,0.0298,-0.0797,-0.2353,-0.5383,-0.8259,-0.5017,-0.2355,0.0431,0.4124,0.3375,0.0767,-0.0924,-0.1987,-0.2556,-0.2839,-0.3009,-0.3066,-0.2999,-0.2833,-0.2624,-0.2448,-0.2354,-0.2337,-0.2362,-0.2727,-0.2659,-0.2524,-0.231,-0.2025,-0.1681,-0.127,-0.0727,0.0078,0.1367,0.3124,0.1862,0.1204,0.1177,0.0026,-0.1123,-0.1691,-0.0063,0.1911,0.2922,0.5121,0.4263,0.1668,-0.0254,-0.166,-0.2626,-0.318,-0.3399,-0.3379,-0.317,-0.281,-0.24,-0.2109,-0.2027,-0.209,-0.2197,-0.2375,-0.2273,-0.2119,-0.1908,-0.1639,-0.1313,-0.0918,-0.0426,0.0197,0.0924,0.1466,0.1466,0.1672,0.2108,0.4131,0.5105,0.351,0.4571,0.6459,0.5268,0.4502,0.3524,0.1877,-0.0042,-0.1958,-0.3508,-0.4205,-0.4221,-0.396,-0.347,-0.2739,-0.1931,-0.1459,-0.1494,-0.176,-0.2015,-0.2088,-0.1968,-0.1806,-0.1598,-0.1343,-0.1039,-0.068,-0.0259,0.0218,0.0711,0.1144,0.1571,0.2358,0.4688,1.2601,1.601,0.7826,0.6494,0.7762,0.9417,0.6998,0.4535,0.2463,0.0096,-0.2672,-0.5055,-0.5618,-0.531,-0.4805,-0.3943,-0.2659,-0.1182,-0.0484,-0.0846,-0.1445,-0.1876,-0.1852,-0.1722,-0.1558,-0.1356,-0.1115,-0.0833,-0.0509,-0.0141,0.0265,0.0701,0.1186,0.1848,0.3072,0.5912,1.186,1.3803,0.8748,0.8257,1.3884,1.6822,0.9871,0.6198,0.3793,0.0792,-0.2907,-0.5669,-0.6175,-0.6688,-0.6012,-0.4726,-0.2949,-0.0898,-0.0024,-0.0615,-0.1385,-0.1879,-0.1657,-0.1523,-0.1359,-0.1165,-0.0937,-0.0675,-0.0378,-0.0044,0.0329,0.0752,0.1269,0.1989,0.3134,0.5003,0.7313,0.813,0.7405,0.8155,1.1351,1.2539,0.9801,0.8397,0.6886,0.2938,-0.2329,-0.7108,-1.1076,-1.0121,-0.7654,-0.5898,-0.4018,-0.204,-0.1056,-0.1253,-0.1726,-0.2065,-0.1495,-0.136,-0.12,-0.1013,-0.0798,-0.0553,-0.0277,0.0033,0.0384,0.0792,0.1293,0.1947,0.2833,0.396,0.5077,0.5743,0.6108,0.6925,0.8269,0.9171,1.022,1.3518,1.4121,0.7341,-0.0838,-0.8347,-1.4432,-1.1932,-0.875,-0.7317,-0.5524,-0.3722,-0.2609,-0.2267,-0.2283,-0.2364,-0.1362,-0.1227,-0.1071,-0.0892,-0.0689,-0.0459,-0.0202,0.0088,0.0417,0.0797,0.1251,0.1804,0.2472,0.3223,0.3948,0.4548,0.5104,0.583,0.6808,0.8205,1.1338,1.7944,2.0018,1.0871,0.1312,-0.5641,-0.9491,-0.9499,-0.9624,-0.8858,-0.6785,-0.4932,-0.3717,-0.3078,-0.2788,-0.2657,-0.1251,-0.1119,-0.0969,-0.0798,-0.0606,-0.039,-0.015,0.0119,0.0423,0.0769,0.1167,0.1628,0.2148,0.2705,0.3257,0.3786,0.4333,0.4994,0.5897,0.7359,1.0096,1.4059,1.4681,0.9044,0.2166,-0.3099,-0.6347,-0.8244,-0.9697,-0.901,-0.7065,-0.5387,-0.4239,-0.3528,-0.3112,-0.2867]},{"header":{"la1":42.85,"la2":41.18,"lo1":11.55,"lo2":14.05,"nx":36,"ny":24,"dx":0.07143,"dy":0.07261,"parameterCategory":2,"parameterNumber":3,"parameterNumberName":"northward_wind","parameterUnit":"m.s-1"},"data":[-0.326,-0.3081,-0.2876,-0.2648,-0.2404,-0.2167,-0.1966,-0.1841,-0.1817,-0.1894,-0.204,-0.2209,-0.2361,-0.2472,-0.2535,-0.2555,-0.2546,-0.2524,-0.2506,-0.2504,-0.2521,-0.2556,-0.2602,-0.2658,-0.2724,-0.2801,-0.289,-0.2987,-0.3091,-0.3199,-0.3308,-0.3418,-0.3526,-0.3631,-0.3732,-0.3828,-0.3247,-0.3037,-0.2787,-0.2492,-0.2156,-0.1804,-0.1487,-0.1283,-0.1255,-0.1407,-0.1677,-0.1972,-0.222,-0.2388,-0.2473,-0.2489,-0.2459,-0.2413,-0.2379,-0.2376,-0.2408,-0.246,-0.2518,-0.2579,-0.2649,-0.2732,-0.283,-0.294,-0.3057,-0.3178,-0.3302,-0.3424,-0.3543,-0.3659,-0.3769,-0.3872,-0.3251,-0.301,-0.2711,-0.2336,-0.1869,-0.1326,-0.0786,-0.0408,-0.0356,-0.0658,-0.1167,-0.1683,-0.2083,-0.2329,-0.2435,-0.2434,-0.2365,-0.2275,-0.2214,-0.222,-0.2293,-0.2389,-0.2464,-0.2519,-0.258,-0.2665,-0.2772,-0.2895,-0.3028,-0.3165,-0.3303,-0.3439,-0.3571,-0.3698,-0.3817,-0.3929,-0.3273,-0.3005,-0.2663,-0.2206,-0.1574,-0.0728,0.0253,0.1046,0.119,0.0558,-0.0445,-0.1356,-0.1981,-0.2321,-0.2441,-0.2402,-0.2262,-0.2087,-0.1973,-0.2008,-0.2195,-0.2408,-0.2496,-0.2498,-0.2522,-0.2599,-0.2716,-0.2855,-0.3006,-0.3161,-0.3316,-0.3467,-0.3613,-0.3752,-0.3881,-0.4001,-0.3313,-0.3021,-0.2653,-0.2146,-0.1356,-0.0082,0.1747,0.3586,0.4053,0.2591,0.0513,-0.1064,-0.1978,-0.2407,-0.2518,-0.2413,-0.2153,-0.1815,-0.157,-0.1652,-0.2116,-0.2642,-0.2692,-0.2516,-0.2463,-0.2531,-0.2663,-0.2823,-0.2995,-0.317,-0.3343,-0.3511,-0.3672,-0.3824,-0.3964,-0.4092,-0.3361,-0.3034,-0.2652,-0.2174,-0.136,0.0317,0.3497,0.7838,0.9389,0.5674,0.1445,-0.1018,-0.2177,-0.2632,-0.2699,-0.2504,-0.2081,-0.1459,-0.087,-0.0956,-0.1829,-0.2848,-0.2824,-0.2449,-0.2361,-0.2451,-0.2614,-0.2803,-0.3,-0.3197,-0.339,-0.3576,-0.3753,-0.3918,-0.407,-0.4206,-0.3412,-0.299,-0.2527,-0.2155,-0.1662,-0.0092,0.4028,1.1702,1.5396,0.7796,0.1314,-0.1563,-0.2668,-0.3024,-0.3017,-0.2739,-0.217,-0.1262,-0.0201,-0.0251,-0.1104,-0.1897,-0.2159,-0.2107,-0.2183,-0.2361,-0.2576,-0.2801,-0.3026,-0.3246,-0.346,-0.3666,-0.386,-0.404,-0.4204,-0.4349,-0.3501,-0.2879,-0.2033,-0.1577,-0.1954,-0.1508,0.1314,0.6961,0.9518,0.3737,-0.0967,-0.2832,-0.3416,-0.3555,-0.3507,-0.3205,-0.2548,-0.1608,-0.0706,-0.0428,-0.0105,-0.0344,-0.1117,-0.1635,-0.1989,-0.229,-0.2567,-0.2829,-0.3079,-0.3323,-0.3559,-0.3786,-0.4001,-0.4198,-0.4373,-0.4526,-0.3751,-0.2979,-0.1443,-0.0136,-0.2046,-0.3351,-0.2925,-0.1777,-0.1893,-0.3574,-0.4456,-0.4425,-0.4206,-0.4128,-0.4252,-0.4088,-0.3194,-0.2147,-0.1246,-0.0203,0.1565,0.1179,-0.0408,-0.134,-0.1891,-0.2284,-0.2607,-0.2895,-0.3167,-0.3432,-0.3693,-0.3945,-0.4183,-0.4399,-0.4588,-0.4747,-0.4272,-0.3813,-0.2884,-0.2275,-0.4188,-0.5509,-0.6461,-0.7654,-0.9703,-1.0333,-0.7866,-0.5757,-0.4764,-0.4562,-0.5357,-0.5882,-0.3882,-0.2451,-0.1542,-0.0509,0.082,0.0632,-0.0537,-0.1387,-0.1957,-0.2376,-0.2711,-0.3005,-0.3289,-0.3577,-0.3867,-0.4151,-0.4418,-0.4657,-0.486,-0.5024,-0.4936,-0.5048,-0.5614,-0.7285,-0.7352,-0.7545,-0.9205,-1.1204,-1.5219,-1.7415,-1.0249,-0.6309,-0.4967,-0.4737,-0.5239,-0.5862,-0.3506,-0.2278,-0.1714,-0.1158,-0.0642,-0.0629,-0.1095,-0.1663,-0.2171,-0.2575,-0.2885,-0.3159,-0.3445,-0.3758,-0.4088,-0.4417,-0.4724,-0.4991,-0.5209,-0.5372,-0.5488,-0.5869,-0.6621,-0.7624,-0.7848,-0.9027,-1.1688,-1.3758,-1.4342,-1.443,-0.9242,-0.5817,-0.4935,-0.5829,-0.4604,-0.2929,-0.1896,-0.193,-0.1962,-0.1484,-0.1163,-0.1157,-0.1456,-0.1957,-0.2504,-0.2905,-0.3133,-0.3341,-0.3622,-0.3976,-0.437,-0.4766,-0.5129,-0.5432,-0.566,-0.5814,-0.5838,-0.6248,-0.6818,-0.7462,-0.8278,-1.0129,-1.3305,-1.6048,-1.4673,-1.079,-0.7185,-0.4851,-0.4127,-0.6033,-0.409,-0.0125,0.0302,-0.2718,-0.2982,-0.1483,-0.1048,-0.1084,-0.148,-0.2174,-0.2984,-0.343,-0.3441,-0.352,-0.3807,-0.4238,-0.4736,-0.5235,-0.5679,-0.6024,-0.6256,-0.638,-0.6026,-0.6413,-0.6913,-0.7558,-0.8521,-1.0141,-1.251,-1.4855,-1.3442,-0.9155,-0.602,-0.4413,-0.3613,0.1126,0.0856,0.5596,0.4356,0.0101,-0.1376,-0.0718,-0.0318,-0.0417,-0.1103,-0.2182,-0.3428,-0.3963,-0.3663,-0.3639,-0.3993,-0.4565,-0.5233,-0.5893,-0.6452,-0.6844,-0.7054,-0.7109,-0.6099,-0.645,-0.6894,-0.7467,-0.8242,-0.928,-1.0431,-1.0993,-0.9811,-0.7559,-0.582,-0.4098,-0.1101,0.3635,0.2634,0.7165,0.9407,0.3607,0.0691,0.0543,0.1573,0.1363,-0.0165,-0.1746,-0.3067,-0.3642,-0.3527,-0.3655,-0.419,-0.4997,-0.5938,-0.6855,-0.7582,-0.801,-0.8139,-0.8047,-0.6087,-0.6388,-0.6751,-0.7187,-0.77,-0.824,-0.8633,-0.8545,-0.7791,-0.7034,-0.7734,-0.4642,-0.3375,-0.0999,0.0654,0.4119,0.688,0.2738,0.0413,0.1649,0.6172,0.4933,0.1057,-0.1137,-0.2285,-0.2823,-0.3079,-0.3533,-0.4384,-0.5576,-0.6969,-0.8318,-0.9298,-0.9708,-0.9616,-0.9232,-0.6018,-0.626,-0.6535,-0.6835,-0.7136,-0.7381,-0.7464,-0.7281,-0.6893,-0.6757,-0.7454,-0.5946,-0.6493,-0.6949,-0.2914,-0.068,0.0118,-0.1317,-0.2375,0.0303,0.6718,0.5208,0.0966,-0.1025,-0.1737,-0.1914,-0.2215,-0.3081,-0.4487,-0.6314,-0.8471,-1.0595,-1.197,-1.2186,-1.1569,-1.0654,-0.5915,-0.6101,-0.6297,-0.649,-0.6656,-0.6753,-0.6736,-0.6584,-0.6363,-0.6221,-0.6147,-0.6047,-0.7412,-0.778,-0.6111,-0.553,-0.4191,-0.5264,-0.7246,-0.392,-0.0384,0.0345,-0.0804,-0.1495,-0.1171,-0.0151,-0.0138,-0.1965,-0.4427,-0.718,-1.0518,-1.4041,-1.6025,-1.5581,-1.3899,-1.2159,-0.5797,-0.5935,-0.6071,-0.6191,-0.6277,-0.6307,-0.6263,-0.6148,-0.5999,-0.587,-0.5796,-0.5887,-0.6348,-0.7141,-1.0473,-1.2107,-0.7103,-0.6334,-0.7189,-0.6583,-0.4493,-0.3056,-0.2675,-0.2219,-0.0478,0.3274,0.4067,-0.0514,-0.4508,-0.8071,-1.2672,-1.8211,-2.0952,-1.9154,-1.599,-1.337,-0.5678,-0.5779,-0.587,-0.5943,-0.5986,-0.5987,-0.5941,-0.5855,-0.5752,-0.5667,-0.5642,-0.5758,-0.6158,-0.7265,-1.0024,-1.0882,-0.7679,-0.6782,-0.8537,-0.9519,-0.6568,-0.4997,-0.4298,-0.3383,-0.1214,0.3532,0.4625,-0.1823,-0.5585,-0.8816,-1.3513,-1.9882,-2.2962,-2.0451,-1.6703,-1.3805,-0.5566,-0.5638,-0.5699,-0.5743,-0.5762,-0.5752,-0.5712,-0.565,-0.5582,-0.5533,-0.5541,-0.5661,-0.5986,-0.6658,-0.7574,-0.7724,-0.6936,-0.6743,-0.7644,-0.7973,-0.6911,-0.6473,-0.6186,-0.5231,-0.4014,-0.3835,-0.6894,-0.7204,-0.767,-0.9444,-1.2513,-1.6904,-1.941,-1.8177,-1.5599,-1.3315,-0.5464,-0.5516,-0.5557,-0.5583,-0.559,-0.5577,-0.5545,-0.5501,-0.5458,-0.5433,-0.5453,-0.555,-0.5759,-0.6084,-0.6404,-0.6478,-0.6342,-0.6375,-0.6688,-0.6948,-0.7356,-0.8613,-0.8983,-0.7364,-0.6351,-0.764,-1.0599,-0.9669,-0.9727,-1.0389,-1.1423,-1.3398,-1.4919,-1.4817,-1.365,-1.2265,-0.5374,-0.5411,-0.5439,-0.5455,-0.5456,-0.5444,-0.542,-0.539,-0.5363,-0.5352,-0.5372,-0.5439,-0.5562,-0.5725,-0.5872,-0.5948,-0.5986,-0.6098,-0.6356,-0.6833,-0.796,-1.0179,-1.0849,-0.8648,-0.7409,-0.7945,-0.9154,-1.0252,-1.2187,-1.1795,-1.1154,-1.1555,-1.2203,-1.2334,-1.1881,-1.1134,-0.5295,-0.5323,-0.5342,-0.5352,-0.5351,-0.5341,-0.5324,-0.5303,-0.5287,-0.5283,-0.53,-0.5345,-0.542,-0.5514,-0.5607,-0.5689,-0.5782,-0.5937,-0.6222,-0.6751,-0.7739,-0.9094,-0.9442,-0.8377,-0.7669,-0.7948,-0.8929,-1.0663,-1.2494,-1.1997,-1.0967,-1.0679,-1.078,-1.0807,-1.0588,-1.0169]}]