docs/data/wind_grid.json
[{"header":{"la1":42.85,"la2":41.18,"lo1":11.55,"lo2":14.05,"nx":36,"ny":24,"dx":0.07143,"dy":0.07261,"parameterCategory":2,"parameterNumber":2,"parameterNumberName":"eastward_wind","parameterUnit":"m.s-1"},"data":[1.9622,1.9681,1.9706,1.9693,1.9639,1.9539,1.9386,1.9165,1.8861,1.8467,1.7987,1.7432,1.6817,1.6158,1.5473,1.4792,1.4164,1.3653,1.3326,1.3212,1.3284,1.3464,1.367,1.3853,1.3999,1.4114,1.4206,1.4283,1.4347,1.4401,1.4447,1.4488,1.4524,1.4557,1.4588,1.4618,1.995,2.0048,2.0105,2.0116,2.0081,2.0003,1.9872,1.9662,1.9341,1.8891,1.8321,1.7654,1.6912,1.6109,1.5254,1.4375,1.3537,1.2854,1.2461,1.2434,1.2713,1.3118,1.3479,1.3732,1.3898,1.4017,1.4109,1.4186,1.4251,1.4306,1.4354,1.4396,1.4434,1.4469,1.4502,1.4533,2.0332,2.0485,2.0584,2.0619,2.0604,2.0557,2.0475,2.031,1.9987,1.9464,1.8765,1.7949,1.7053,1.6078,1.5012,1.3857,1.2682,1.1681,1.1156,1.133,1.2077,1.2935,1.3507,1.377,1.3887,1.3965,1.4035,1.4101,1.416,1.4213,1.426,1.4302,1.434,1.4376,1.441,1.4444,2.0783,2.1022,2.1179,2.1236,2.1222,2.1206,2.1222,2.1187,2.0905,2.0261,1.9349,1.8323,1.7245,1.6087,1.4781,1.3255,1.1525,0.9866,0.8975,0.9577,1.1462,1.3309,1.4065,1.4077,1.3982,1.3955,1.3979,1.4023,1.4071,1.4118,1.4161,1.4201,1.4239,1.4276,1.4312,1.4347,2.1322,2.171,2.1973,2.2039,2.1961,2.1929,2.212,2.2424,2.2301,2.1395,2.0076,1.875,1.7479,1.6162,1.4632,1.2675,1.0078,0.6993,0.4846,0.6167,1.0848,1.4963,1.5469,1.4604,1.4112,1.395,1.3922,1.3942,1.3976,1.4015,1.4054,1.4092,1.413,1.4167,1.4205,1.4242,2.196,2.2632,2.3135,2.3218,2.2901,2.2655,2.3049,2.413,2.4482,2.2891,2.0821,1.914,1.7725,1.6322,1.4671,1.238,0.876,0.299,-0.3286,-0.149,0.8752,1.6301,1.6328,1.4756,1.41,1.3895,1.3843,1.3844,1.3865,1.3895,1.3931,1.3968,1.4007,1.4046,1.4086,1.4127,2.2647,2.3858,2.4999,2.5259,2.4292,2.3278,2.3535,2.5513,2.6637,2.3936,2.1186,1.9365,1.7944,1.656,1.4955,1.2701,0.8731,0.0754,-1.201,-1.0482,0.5347,1.296,1.446,1.4161,1.3896,1.3775,1.3724,1.3711,1.3722,1.3748,1.3784,1.3824,1.3866,1.3908,1.3952,1.3997,2.3167,2.5203,2.7917,2.9167,2.6553,2.3699,2.3063,2.4253,2.4897,2.2944,2.0913,1.9428,1.8148,1.6816,1.5325,1.3547,1.0648,0.4945,-0.2842,-0.0609,0.958,1.3031,1.3651,1.3761,1.3702,1.3615,1.355,1.3522,1.3529,1.356,1.3605,1.3654,1.3703,1.3751,1.3799,1.385,2.3066,2.5613,3.0454,3.4525,2.8405,2.3289,2.1975,2.2126,2.223,2.1633,2.0631,1.9557,1.8441,1.7019,1.523,1.3923,1.2866,1.0656,0.8568,1.0697,1.6213,1.5879,1.4311,1.3814,1.3572,1.3389,1.3272,1.3233,1.3257,1.3315,1.3384,1.3451,1.3512,1.3569,1.3624,1.3681,2.2039,2.3612,2.6445,2.8279,2.3114,2.0895,2.0653,2.1073,2.185,2.2003,2.0954,1.993,1.9041,1.7461,1.3865,1.1928,1.3873,1.3901,1.3316,1.3844,1.5619,1.5556,1.4487,1.3797,1.3309,1.2958,1.2784,1.2778,1.2873,1.2999,1.3117,1.3213,1.3291,1.3356,1.3419,1.3485,2.0544,2.0417,1.8631,1.2893,1.3478,1.7918,1.9452,2.0456,2.2993,2.4324,2.1521,2.0426,2.0193,1.9452,1.5354,1.2269,1.5202,1.5914,1.5677,1.5257,1.5106,1.4855,1.4243,1.345,1.2637,1.2058,1.1899,1.2069,1.2352,1.2612,1.2808,1.2942,1.3035,1.3107,1.3176,1.3252,1.9373,1.8551,1.6253,1.2437,1.318,1.7146,1.8742,1.9396,2.0842,2.2377,2.1,2.0833,2.1655,2.3269,2.1472,1.8117,1.742,1.785,1.7708,1.6584,1.5633,1.4873,1.3967,1.2691,1.1181,1.0217,1.0345,1.1042,1.1716,1.2188,1.2477,1.2641,1.2737,1.2807,1.288,1.297,1.8762,1.8089,1.6923,1.5821,1.6239,1.7568,1.823,2.0413,1.7297,1.9337,2.024,2.1459,2.2249,2.4767,2.3438,1.9115,1.8124,1.9882,1.985,1.7438,1.6025,1.4953,1.3656,1.1549,0.8524,0.6784,0.7984,0.9844,1.1105,1.1803,1.2152,1.2308,1.2378,1.2431,1.2507,1.2618,1.8507,1.8112,1.7625,1.7312,1.7437,1.7716,1.7514,1.5956,1.6504,1.8392,1.9627,2.2471,2.3278,2.0116,1.9562,1.7396,1.7189,1.8357,1.861,1.7132,1.5912,1.4881,1.3489,1.0761,0.593,0.3137,0.6064,0.9138,1.079,1.1553,1.185,1.1919,1.1913,1.1929,1.2013,1.2167,1.8393,1.8176,1.7954,1.7818,1.7803,1.7794,1.761,1.7319,1.748,1.7818,1.8002,1.8758,1.9155,1.8088,1.8077,1.6789,1.4477,1.6437,1.6932,1.6263,1.5253,1.4592,1.3663,1.1421,0.7516,0.5198,0.7247,0.965,1.0944,1.146,1.1532,1.1396,1.1244,1.1209,1.1332,1.1579,1.832,1.8193,1.8069,1.7979,1.7923,1.786,1.7755,1.7633,1.7489,1.6974,1.5657,1.5437,1.6592,1.767,1.7545,1.6464,1.5102,1.617,1.6364,1.549,1.3809,1.3903,1.398,1.2783,1.0878,0.9679,1.0036,1.0872,1.1372,1.1414,1.1082,1.0577,1.0185,1.0116,1.0371,1.0816,1.8256,1.8172,1.809,1.8018,1.7953,1.788,1.7782,1.7638,1.7366,1.6749,1.5754,1.5904,1.5648,1.5533,1.7166,1.7246,1.6828,1.6552,1.6207,1.5496,1.3631,1.3921,1.4408,1.3802,1.2788,1.2036,1.1798,1.1819,1.1733,1.1271,1.0341,0.9189,0.8414,0.8424,0.9041,0.9873,1.8193,1.8133,1.807,1.8008,1.7944,1.7869,1.777,1.7625,1.7393,1.704,1.6687,1.6475,1.566,1.5676,1.7993,1.8683,1.7775,1.6426,1.5321,1.6245,1.5775,1.5373,1.5144,1.4471,1.3483,1.2596,1.2214,1.2176,1.1922,1.1026,0.9221,0.689,0.5512,0.5959,0.7381,0.8852,1.8132,1.8085,1.8034,1.7979,1.792,1.785,1.7761,1.7643,1.7486,1.7301,1.7138,1.7033,1.7044,1.7926,2.0921,2.2085,1.8999,1.7214,1.6666,1.8325,1.7658,1.6763,1.6022,1.5009,1.3536,1.1892,1.1501,1.2128,1.2097,1.0918,0.8053,0.3889,0.1719,0.322,0.5859,0.8052,1.8074,1.8035,1.7992,1.7945,1.7892,1.7832,1.776,1.7675,1.7579,1.7488,1.7438,1.7486,1.7782,1.8723,2.0722,2.1332,1.9378,1.8671,2.0544,2.1708,1.9197,1.7972,1.7099,1.5778,1.3864,1.1765,1.1327,1.2336,1.2528,1.1385,0.8034,0.2723,0.008,0.2238,0.5437,0.7887,1.8019,1.7987,1.7951,1.791,1.7866,1.7817,1.7763,1.7705,1.7652,1.7617,1.763,1.7736,1.8019,1.8574,1.9278,1.9455,1.9019,1.9002,1.9932,2.0349,1.9606,1.9437,1.898,1.7256,1.4944,1.3128,1.2449,1.2824,1.3412,1.2753,1.0021,0.5758,0.3339,0.4384,0.6599,0.8523,1.7968,1.7941,1.791,1.7876,1.784,1.7802,1.7763,1.7727,1.77,1.7696,1.7732,1.7835,1.8032,1.832,1.8604,1.872,1.8701,1.8826,1.9203,1.961,2.0404,2.2328,2.276,1.9676,1.6265,1.3777,1.2199,1.3225,1.5283,1.5163,1.2972,0.9977,0.7944,0.7736,0.8597,0.9678,1.7921,1.7897,1.7871,1.7844,1.7814,1.7785,1.7758,1.7736,1.7725,1.7733,1.7772,1.7853,1.798,1.814,1.8291,1.8395,1.8481,1.8647,1.8981,1.9646,2.1296,2.4631,2.5654,2.1478,1.7497,1.5107,1.4249,1.5912,1.8887,1.8067,1.5446,1.2928,1.1174,1.0446,1.0498,1.0924,1.7876,1.7856,1.7834,1.7811,1.7788,1.7766,1.7746,1.7733,1.773,1.7742,1.7775,1.7834,1.7917,1.8016,1.8115,1.8209,1.832,1.8502,1.8843,1.9522,2.0879,2.2833,2.3192,2.0746,1.8001,1.6309,1.5972,1.7385,1.9387,1.8618,1.6418,1.4434,1.3016,1.2219,1.1944,1.2003]},{"header":{"la1":42.85,"la2":41.18,"lo1":11.55,"lo2":14.05,"nx":36,"ny":24,"dx":0.07143,"dy":0.07261,"parameterCategory":2,"parameterNumber":3,"parameterNumberName":"northward_wind","parameterUnit":"m.s-1"},"data":[1.0161,1.0351,1.0597,1.0896,1.1232,1.1577,1.1891,1.2134,1.2275,1.2309,1.2253,1.2139,1.1994,1.1837,1.1674,1.1504,1.1322,1.1118,1.0886,1.0629,1.0369,1.0139,0.9967,0.9862,0.9806,0.9777,0.9755,0.9731,0.9703,0.9672,0.9639,0.9606,0.9574,0.9545,0.9519,0.9496,0.9942,1.015,1.0443,1.0823,1.1276,1.1762,1.2218,1.2566,1.2749,1.2755,1.2629,1.2433,1.2218,1.2009,1.1812,1.1618,1.1415,1.1181,1.0897,1.0556,1.0189,0.9869,0.9665,0.9585,0.9581,0.9601,0.9614,0.9611,0.9596,0.9571,0.9542,0.9512,0.9483,0.9457,0.9434,0.9414,0.9634,0.9846,1.0182,1.0663,1.1283,1.1994,1.2693,1.323,1.3475,1.3408,1.3133,1.279,1.2466,1.219,1.1956,1.1746,1.1535,1.1286,1.0948,1.0477,0.9908,0.9408,0.9167,0.9177,0.929,0.9396,0.9459,0.9482,0.9478,0.9459,0.9434,0.9407,0.9381,0.9358,0.9339,0.9323,0.9209,0.9392,0.9752,1.0343,1.1193,1.2262,1.3401,1.4317,1.4675,1.4408,1.3813,1.3206,1.2722,1.2364,1.2097,1.1885,1.1695,1.1476,1.1121,1.0471,0.9491,0.8581,0.8324,0.8604,0.8952,0.9184,0.9303,0.9347,0.935,0.9334,0.9311,0.9287,0.9265,0.9247,0.9233,0.9222,0.8638,0.873,0.9053,0.9733,1.0872,1.2486,1.4434,1.6192,1.6801,1.5986,1.4685,1.3636,1.2945,1.2508,1.2221,1.2027,1.1898,1.1809,1.1596,1.0796,0.9043,0.7171,0.7056,0.7974,0.8662,0.9012,0.9161,0.9209,0.9209,0.9191,0.9169,0.915,0.9134,0.9123,0.9115,0.9112,0.791,0.7801,0.7956,0.8628,1.0067,1.24,1.5661,1.9287,2.0587,1.8261,1.5576,1.3949,1.3075,1.2593,1.2311,1.2149,1.211,1.2285,1.2624,1.1973,0.9321,0.6304,0.64,0.779,0.8584,0.8922,0.9039,0.9059,0.9044,0.9021,0.9002,0.899,0.8983,0.8982,0.8984,0.899,0.7058,0.6602,0.6344,0.6771,0.8445,1.1482,1.6,2.2076,2.4654,1.9875,1.5849,1.3946,1.3056,1.26,1.2346,1.2217,1.2234,1.2601,1.3681,1.3377,1.0456,0.8234,0.7805,0.8343,0.8737,0.8887,0.8903,0.887,0.8833,0.8809,0.8799,0.8801,0.8811,0.8824,0.8839,0.8856,0.6201,0.5296,0.4332,0.41,0.5967,0.953,1.3985,1.9043,2.1084,1.7812,1.4981,1.3587,1.2907,1.2531,1.2295,1.219,1.222,1.2391,1.2756,1.2066,1.0006,0.9144,0.8928,0.89,0.8879,0.8792,0.868,0.859,0.8543,0.8535,0.8551,0.8581,0.8614,0.8648,0.868,0.8711,0.5524,0.4297,0.283,0.1925,0.3806,0.7455,1.1156,1.4058,1.526,1.4764,1.3844,1.3145,1.2729,1.2416,1.2055,1.1918,1.2142,1.2216,1.185,1.0537,0.8359,0.8516,0.9107,0.906,0.8791,0.8492,0.8264,0.8149,0.8133,0.8179,0.825,0.8325,0.8395,0.8455,0.8508,0.8556,0.5131,0.3771,0.2394,0.1757,0.2487,0.5843,0.9382,1.1878,1.359,1.4106,1.3422,1.2853,1.2623,1.2371,1.1429,1.0857,1.2079,1.251,1.2078,1.0791,0.9096,0.8977,0.925,0.8929,0.8342,0.7806,0.7503,0.7451,0.7559,0.7728,0.7896,0.8041,0.8157,0.825,0.8325,0.839,0.5031,0.3436,0.0997,-0.2991,-0.192,0.4441,0.8566,1.1048,1.4535,1.6127,1.347,1.2582,1.2557,1.2663,1.1896,1.1018,1.2762,1.3418,1.3102,1.2031,1.0793,1.0024,0.9384,0.8422,0.7277,0.6411,0.6154,0.6383,0.6795,0.7192,0.7509,0.7743,0.7912,0.8036,0.8134,0.8215,0.5309,0.3738,0.116,-0.2451,-0.1188,0.4945,0.8386,0.9711,1.1852,1.3925,1.2495,1.1984,1.2269,1.2291,1.4139,1.4073,1.4536,1.5149,1.4876,1.3375,1.1853,1.0559,0.9169,0.7293,0.508,0.3666,0.3847,0.487,0.5884,0.6632,0.7131,0.7457,0.7671,0.7821,0.7935,0.8031,0.5965,0.4866,0.3485,0.2498,0.3743,0.6558,0.8166,1.0604,0.7444,1.0453,1.1127,1.054,1.1276,1.3936,1.6794,1.6354,1.6429,1.733,1.711,1.4289,1.2317,1.0678,0.8697,0.5576,0.1173,-0.1341,0.0404,0.3135,0.5042,0.6176,0.6831,0.7214,0.7447,0.7604,0.7726,0.7834,0.6789,0.6201,0.5701,0.5667,0.6446,0.7516,0.7695,0.5862,0.6878,0.9857,1.0653,0.8641,0.8126,1.157,1.6018,2.0996,1.8705,1.6637,1.5986,1.3934,1.2174,1.0603,0.8437,0.4388,-0.2593,-0.6607,-0.237,0.2149,0.468,0.5989,0.667,0.7032,0.7237,0.7376,0.7496,0.7616,0.7573,0.7315,0.7199,0.7358,0.7807,0.8284,0.8431,0.8391,0.922,1.0601,1.1289,1.1206,1.1558,1.2169,1.6163,2.1837,1.467,1.5183,1.4242,1.2881,1.1618,1.0559,0.8789,0.5308,-0.0331,-0.3634,-0.0617,0.2999,0.5088,0.6144,0.6652,0.6887,0.7009,0.7108,0.7226,0.7366,0.8227,0.8145,0.8176,0.8359,0.8669,0.901,0.9317,0.9718,1.0435,1.1332,1.1979,1.2644,1.2549,1.2902,1.4511,1.5562,1.4041,1.3902,1.2972,1.1871,1.102,1.0671,0.942,0.7207,0.4495,0.2937,0.3645,0.5055,0.6032,0.6521,0.6693,0.6706,0.6694,0.6748,0.6883,0.7071,0.8741,0.875,0.8839,0.902,0.9279,0.9587,0.9938,1.038,1.0949,1.157,1.2011,1.2335,1.2709,1.2912,1.315,1.3452,1.3208,1.2439,1.1631,1.1191,1.088,1.0637,0.969,0.8443,0.7357,0.6866,0.6911,0.7029,0.7026,0.6896,0.6651,0.6362,0.6183,0.6224,0.6441,0.6729,0.9139,0.9192,0.9305,0.948,0.9712,0.9991,1.0318,1.07,1.1127,1.1549,1.1888,1.2177,1.258,1.2584,1.1633,1.1217,1.1501,1.0933,1.025,1.0522,1.0451,1.0136,0.953,0.8948,0.8818,0.9231,0.931,0.8601,0.7791,0.7101,0.641,0.5725,0.5356,0.5494,0.5914,0.6369,0.9443,0.9519,0.9638,0.9802,1.001,1.0255,1.0534,1.0842,1.1161,1.1459,1.1703,1.1872,1.1888,1.1282,0.8931,0.7931,1.0131,1.0403,1.0089,0.9823,0.9766,0.9476,0.9072,0.8945,0.96,1.1318,1.1705,0.9735,0.8165,0.7078,0.6017,0.4877,0.4325,0.472,0.5438,0.6076,0.9675,0.9759,0.9876,1.0026,1.0208,1.0417,1.0646,1.0887,1.1123,1.1332,1.1482,1.1527,1.1347,1.0631,0.9008,0.8462,0.9754,0.9993,0.9335,0.9024,0.9087,0.8547,0.813,0.8328,0.9385,1.1558,1.2056,0.9451,0.7891,0.6832,0.5769,0.4513,0.3908,0.4433,0.5262,0.5956,0.9849,0.9934,1.0044,1.0178,1.0334,1.0507,1.0692,1.0877,1.1049,1.1189,1.127,1.1251,1.1062,1.0621,1.0018,0.9764,0.9893,0.9762,0.9317,0.8947,0.812,0.6684,0.6054,0.6824,0.8041,0.873,0.8004,0.7654,0.699,0.628,0.5702,0.4996,0.4586,0.4875,0.547,0.604,0.9979,1.006,1.016,1.0276,1.0408,1.0549,1.0695,1.0835,1.0958,1.1049,1.1086,1.1044,1.0897,1.0638,1.0335,1.0099,0.99,0.9572,0.9038,0.8135,0.613,0.2819,0.1803,0.439,0.6595,0.7261,0.6973,0.6725,0.5504,0.51,0.5327,0.5379,0.5332,0.5491,0.5842,0.6243,1.0074,1.0148,1.0236,1.0336,1.0445,1.0559,1.0672,1.0776,1.0861,1.0916,1.0926,1.0877,1.0759,1.0574,1.0347,1.0095,0.9784,0.933,0.8598,0.7248,0.4468,-0.0109,-0.1393,0.2638,0.5599,0.6595,0.6494,0.5161,0.2867,0.3363,0.4656,0.5366,0.5679,0.5905,0.617,0.6467,1.0141,1.0208,1.0284,1.0368,1.0457,1.0546,1.0632,1.0707,1.0764,1.0793,1.0784,1.073,1.0623,1.0464,1.0255,0.9989,0.9633,0.912,0.8321,0.6986,0.4757,0.1978,0.1275,0.341,0.5382,0.6128,0.5815,0.4309,0.2514,0.3072,0.4457,0.5361,0.5852,0.616,0.6419,0.667]}]