docs/data/wind_grid.json
[{"header":{"la1":42.85,"la2":41.18,"lo1":11.55,"lo2":14.05,"nx":36,"ny":24,"dx":0.07143,"dy":0.07261,"parameterCategory":2,"parameterNumber":2,"parameterNumberName":"eastward_wind","parameterUnit":"m.s-1"},"data":[-0.6458,-0.6526,-0.6574,-0.66,-0.6602,-0.658,-0.6527,-0.6432,-0.6291,-0.611,-0.5909,-0.5717,-0.5559,-0.5451,-0.5393,-0.5371,-0.536,-0.5321,-0.522,-0.5044,-0.4813,-0.4584,-0.4413,-0.4321,-0.4293,-0.4297,-0.4306,-0.431,-0.4303,-0.4288,-0.4267,-0.4242,-0.4216,-0.419,-0.4165,-0.4141,-0.6711,-0.6806,-0.6875,-0.6918,-0.6939,-0.6938,-0.6904,-0.6814,-0.6646,-0.6401,-0.6116,-0.5846,-0.5634,-0.5506,-0.5463,-0.5486,-0.5531,-0.5534,-0.542,-0.5149,-0.4758,-0.4375,-0.4134,-0.4068,-0.411,-0.4183,-0.4242,-0.4274,-0.4282,-0.4273,-0.4254,-0.4229,-0.4202,-0.4176,-0.415,-0.4126,-0.701,-0.714,-0.7236,-0.73,-0.7345,-0.7383,-0.7405,-0.7356,-0.7166,-0.6819,-0.639,-0.5986,-0.5689,-0.5532,-0.5517,-0.562,-0.578,-0.5886,-0.5782,-0.5338,-0.4603,-0.3888,-0.3549,-0.3611,-0.3835,-0.4042,-0.4176,-0.4243,-0.4265,-0.426,-0.4241,-0.4215,-0.4187,-0.416,-0.4134,-0.411,-0.7365,-0.7549,-0.7682,-0.7764,-0.7827,-0.7927,-0.8079,-0.8172,-0.7995,-0.7463,-0.6758,-0.6126,-0.5696,-0.5499,-0.5528,-0.5759,-0.6134,-0.6491,-0.6502,-0.5778,-0.4272,-0.2759,-0.2342,-0.2859,-0.349,-0.3911,-0.4134,-0.4231,-0.4259,-0.4252,-0.4229,-0.42,-0.417,-0.4141,-0.4115,-0.4091,-0.7791,-0.8064,-0.8256,-0.8343,-0.8387,-0.8547,-0.8962,-0.9471,-0.9434,-0.8498,-0.7235,-0.6223,-0.5608,-0.536,-0.5443,-0.5855,-0.6589,-0.7506,-0.8012,-0.6994,-0.3895,-0.0428,-0.0224,-0.1962,-0.324,-0.3878,-0.4153,-0.4251,-0.4267,-0.4248,-0.4217,-0.4182,-0.4149,-0.412,-0.4094,-0.4071,-0.8298,-0.8733,-0.9048,-0.913,-0.904,-0.9141,-0.994,-1.1479,-1.199,-1.0036,-0.769,-0.6163,-0.5356,-0.5057,-0.5187,-0.5784,-0.6987,-0.8936,-1.0968,-1.0083,-0.4926,0.1138,0.0934,-0.1899,-0.3431,-0.4047,-0.4258,-0.4302,-0.4283,-0.4243,-0.4199,-0.4159,-0.4124,-0.4094,-0.4069,-0.4048,-0.8863,-0.9589,-1.0215,-1.0359,-0.9895,-0.9545,-1.0404,-1.3224,-1.4778,-1.1097,-0.7607,-0.5763,-0.4872,-0.454,-0.467,-0.5361,-0.6889,-0.9777,-1.3927,-1.3485,-0.8138,-0.3657,-0.2561,-0.3551,-0.4198,-0.441,-0.4421,-0.4364,-0.4292,-0.4226,-0.4171,-0.4127,-0.4092,-0.4064,-0.4042,-0.4023,-0.9378,-1.0531,-1.1862,-1.2424,-1.1181,-0.9729,-0.964,-1.1317,-1.2156,-0.9207,-0.6452,-0.4947,-0.4159,-0.3793,-0.3814,-0.443,-0.5944,-0.8517,-1.146,-1.1617,-1.0611,-0.9145,-0.682,-0.5617,-0.5093,-0.4781,-0.4555,-0.4389,-0.4269,-0.4185,-0.4126,-0.4084,-0.4053,-0.403,-0.4011,-0.3996,-0.963,-1.1086,-1.3227,-1.4781,-1.2366,-0.9685,-0.836,-0.7908,-0.7249,-0.5919,-0.4756,-0.3926,-0.3323,-0.2871,-0.253,-0.2855,-0.4478,-0.6696,-0.8749,-1.0644,-1.4,-1.3017,-0.9066,-0.6758,-0.5583,-0.4936,-0.4555,-0.4326,-0.4189,-0.4108,-0.4059,-0.4028,-0.4007,-0.3991,-0.3979,-0.3968,-0.9472,-1.0749,-1.2341,-1.3214,-1.1504,-0.9237,-0.7363,-0.584,-0.4157,-0.3222,-0.3264,-0.2991,-0.2508,-0.197,-0.0845,-0.0292,-0.3163,-0.5839,-0.7775,-0.9721,-1.2324,-1.1729,-0.8795,-0.6702,-0.5468,-0.4752,-0.435,-0.4141,-0.4039,-0.3994,-0.3973,-0.3963,-0.3957,-0.3951,-0.3946,-0.394,-0.9011,-0.9969,-1.0943,-1.1704,-1.126,-0.8857,-0.6842,-0.5151,-0.2069,-0.0637,-0.2304,-0.2273,-0.1727,-0.1262,-0.0637,-0.0144,-0.3522,-0.6662,-0.8297,-0.876,-0.9056,-0.8579,-0.7208,-0.5837,-0.4828,-0.421,-0.3916,-0.3825,-0.3824,-0.385,-0.3877,-0.3896,-0.3907,-0.3913,-0.3914,-0.3914,-0.8404,-0.9163,-1.0105,-1.1225,-1.0692,-0.822,-0.6851,-0.6406,-0.4008,-0.2014,-0.228,-0.1733,-0.092,-0.0004,-0.0698,-0.2466,-0.5669,-1.075,-1.2168,-0.9636,-0.7838,-0.6736,-0.5712,-0.4696,-0.3823,-0.3318,-0.3254,-0.3405,-0.3576,-0.3704,-0.3789,-0.3839,-0.3866,-0.388,-0.3886,-0.3889,-0.771,-0.8225,-0.8772,-0.9092,-0.8486,-0.7288,-0.7018,-0.7907,-0.6623,-0.389,-0.2292,-0.1164,-0.0511,0.0539,-0.0306,-0.3085,-0.7113,-1.9604,-2.0154,-1.0937,-0.7126,-0.5451,-0.4464,-0.3573,-0.2603,-0.209,-0.2428,-0.2971,-0.3362,-0.36,-0.3735,-0.3805,-0.3839,-0.3854,-0.3861,-0.3866,-0.6997,-0.7268,-0.7456,-0.7404,-0.6986,-0.6501,-0.6537,-0.7084,-0.6188,-0.3732,-0.1971,-0.0602,-0.0184,-0.0101,-0.1619,-0.3338,-0.5696,-1.2752,-1.4306,-0.8685,-0.5331,-0.3855,-0.3261,-0.2715,-0.1704,-0.106,-0.1837,-0.2739,-0.3289,-0.3589,-0.3739,-0.3805,-0.3827,-0.3832,-0.3835,-0.3841,-0.6336,-0.6437,-0.6442,-0.6295,-0.6003,-0.5704,-0.5545,-0.5323,-0.4365,-0.2812,-0.1644,-0.0952,-0.0152,0.1706,-0.1949,-0.3714,-0.9812,-0.7479,-0.6763,-0.4454,-0.2071,-0.1447,-0.1917,-0.2198,-0.1869,-0.1527,-0.2138,-0.2934,-0.3445,-0.3709,-0.3815,-0.3833,-0.3816,-0.3799,-0.3796,-0.3806,-0.5764,-0.5761,-0.5681,-0.5504,-0.5242,-0.4937,-0.4587,-0.406,-0.3171,-0.2034,-0.1159,-0.1003,-0.0753,-0.0481,-0.1986,-0.4884,-0.8078,-0.5211,-0.3048,-0.0796,0.2344,0.1676,-0.0549,-0.1786,-0.2316,-0.2582,-0.3027,-0.3522,-0.384,-0.3964,-0.3947,-0.3857,-0.3765,-0.3719,-0.3722,-0.3752,-0.5281,-0.5218,-0.5093,-0.4897,-0.4632,-0.4302,-0.3887,-0.3331,-0.2602,-0.1787,-0.1179,-0.1017,-0.0572,-0.0409,-0.1182,-0.2213,-0.265,-0.1028,0.0831,0.1395,0.3184,0.2374,0.0015,-0.1624,-0.2762,-0.3583,-0.4127,-0.4392,-0.444,-0.4327,-0.4087,-0.3798,-0.3589,-0.3533,-0.3585,-0.3669,-0.4877,-0.4779,-0.4629,-0.4421,-0.4154,-0.3823,-0.3418,-0.2925,-0.2358,-0.1793,-0.1343,-0.0962,-0.0404,-0.0108,0.0602,0.0999,0.0776,0.3252,0.6162,0.3526,0.2293,0.1364,-0.0134,-0.1827,-0.354,-0.5002,-0.5641,-0.5537,-0.521,-0.4762,-0.4161,-0.3517,-0.3144,-0.3168,-0.3372,-0.3567,-0.4541,-0.4421,-0.4258,-0.4048,-0.3787,-0.3473,-0.3103,-0.2681,-0.2225,-0.1771,-0.1344,-0.0896,-0.0316,0.0808,0.4269,0.578,0.2898,0.4093,0.5947,0.5599,0.3544,0.1637,-0.0076,-0.2087,-0.4531,-0.6852,-0.7398,-0.6762,-0.6094,-0.5278,-0.4182,-0.2964,-0.2394,-0.2681,-0.3155,-0.3491,-0.4262,-0.413,-0.3962,-0.3755,-0.3506,-0.3216,-0.2884,-0.2518,-0.2127,-0.1725,-0.1304,-0.0813,-0.0101,0.1273,0.3956,0.4892,0.3264,0.4121,0.7705,0.9329,0.5012,0.241,0.0513,-0.1879,-0.4914,-0.7453,-0.7941,-0.7883,-0.7126,-0.5991,-0.4475,-0.2751,-0.2023,-0.2508,-0.313,-0.3521,-0.403,-0.3893,-0.3725,-0.3525,-0.3292,-0.3025,-0.2727,-0.2402,-0.2054,-0.1684,-0.1277,-0.079,-0.013,0.0835,0.1989,0.2546,0.2649,0.3668,0.5876,0.6592,0.471,0.3536,0.2282,-0.0608,-0.4528,-0.8161,-1.1046,-1.0305,-0.8427,-0.7013,-0.5421,-0.3731,-0.2891,-0.3048,-0.343,-0.3697,-0.3837,-0.3699,-0.3535,-0.3345,-0.3127,-0.2882,-0.2612,-0.2319,-0.2004,-0.1664,-0.1287,-0.0847,-0.031,0.0332,0.0982,0.1482,0.1949,0.2714,0.3686,0.4219,0.469,0.6518,0.6757,0.2206,-0.3521,-0.8982,-1.3431,-1.1638,-0.9416,-0.8311,-0.6766,-0.5197,-0.4227,-0.392,-0.3917,-0.3967,-0.3677,-0.3541,-0.3383,-0.3203,-0.3001,-0.2776,-0.253,-0.2265,-0.1979,-0.1669,-0.133,-0.0949,-0.0519,-0.005,0.0421,0.0866,0.1333,0.1903,0.2568,0.3395,0.5208,0.9204,1.0483,0.4497,-0.2038,-0.7011,-0.9855,-1.0037,-1.0461,-0.9782,-0.7921,-0.6277,-0.5202,-0.4631,-0.4364,-0.4235,-0.3544,-0.3412,-0.3262,-0.3093,-0.2905,-0.2698,-0.2474,-0.2233,-0.1974,-0.1696,-0.1396,-0.1069,-0.0717,-0.0346,0.0032,0.0413,0.0819,0.1285,0.1863,0.2731,0.4349,0.6743,0.7064,0.331,-0.1404,-0.5156,-0.7592,-0.9212,-1.0569,-0.9949,-0.8201,-0.6702,-0.5677,-0.5039,-0.466,-0.4431]},{"header":{"la1":42.85,"la2":41.18,"lo1":11.55,"lo2":14.05,"nx":36,"ny":24,"dx":0.07143,"dy":0.07261,"parameterCategory":2,"parameterNumber":3,"parameterNumberName":"northward_wind","parameterUnit":"m.s-1"},"data":[-0.6073,-0.6069,-0.6057,-0.6038,-0.6008,-0.5967,-0.5915,-0.5853,-0.5778,-0.5686,-0.5571,-0.5426,-0.5245,-0.5029,-0.4782,-0.4514,-0.4241,-0.3984,-0.3766,-0.3601,-0.3495,-0.344,-0.3428,-0.3447,-0.349,-0.3548,-0.3616,-0.369,-0.3767,-0.3845,-0.3923,-0.4,-0.4075,-0.4148,-0.4218,-0.4285,-0.6125,-0.6124,-0.6117,-0.61,-0.6071,-0.6029,-0.5974,-0.5911,-0.5841,-0.5759,-0.5652,-0.5505,-0.531,-0.5063,-0.4769,-0.4437,-0.4092,-0.3767,-0.35,-0.3318,-0.3222,-0.3192,-0.3207,-0.3253,-0.3321,-0.3402,-0.3492,-0.3586,-0.368,-0.3773,-0.3865,-0.3954,-0.404,-0.4122,-0.4201,-0.4275,-0.6171,-0.6175,-0.6172,-0.6159,-0.6129,-0.608,-0.6013,-0.5942,-0.5881,-0.5822,-0.5741,-0.5606,-0.5403,-0.5124,-0.4772,-0.4357,-0.3906,-0.3475,-0.3139,-0.2952,-0.2901,-0.2928,-0.2985,-0.3059,-0.3151,-0.3257,-0.3369,-0.3483,-0.3596,-0.3705,-0.3811,-0.3913,-0.4011,-0.4104,-0.4191,-0.4273,-0.621,-0.6218,-0.622,-0.6212,-0.6181,-0.6114,-0.6011,-0.5906,-0.5849,-0.5845,-0.5829,-0.5734,-0.5535,-0.5227,-0.4811,-0.4285,-0.3673,-0.306,-0.2606,-0.2452,-0.2555,-0.2719,-0.2818,-0.2892,-0.2993,-0.3117,-0.3252,-0.3386,-0.3517,-0.3643,-0.3764,-0.3879,-0.3989,-0.4093,-0.4191,-0.4281,-0.6235,-0.6244,-0.6254,-0.6255,-0.6228,-0.6134,-0.5942,-0.5714,-0.5635,-0.5769,-0.591,-0.59,-0.5723,-0.5396,-0.4918,-0.4261,-0.3408,-0.2446,-0.1715,-0.167,-0.2218,-0.2736,-0.2817,-0.2784,-0.2854,-0.2989,-0.3143,-0.3298,-0.3447,-0.359,-0.3726,-0.3855,-0.3978,-0.4094,-0.4201,-0.43,-0.6239,-0.6244,-0.6257,-0.6276,-0.6276,-0.6169,-0.5819,-0.5232,-0.5006,-0.5521,-0.6011,-0.6134,-0.5987,-0.566,-0.5148,-0.4374,-0.3218,-0.1625,-0.0105,-0.02,-0.1688,-0.2863,-0.2869,-0.2668,-0.2713,-0.2867,-0.3045,-0.3221,-0.3388,-0.3547,-0.3699,-0.3843,-0.398,-0.4109,-0.4227,-0.4335,-0.6215,-0.6203,-0.6206,-0.6243,-0.6312,-0.629,-0.5859,-0.4719,-0.4117,-0.5365,-0.6291,-0.6492,-0.6348,-0.6046,-0.5573,-0.4773,-0.3406,-0.1197,0.1541,0.1386,-0.0763,-0.1953,-0.2308,-0.2373,-0.2538,-0.275,-0.296,-0.3156,-0.334,-0.3515,-0.3684,-0.3845,-0.3998,-0.4141,-0.4271,-0.4388,-0.6162,-0.6116,-0.6092,-0.6116,-0.627,-0.651,-0.6432,-0.5664,-0.5255,-0.6334,-0.7013,-0.7017,-0.6796,-0.6568,-0.6283,-0.562,-0.4258,-0.2181,-0.0027,0.0273,-0.0008,-0.045,-0.1357,-0.1961,-0.2352,-0.2647,-0.2889,-0.3103,-0.3303,-0.3496,-0.3684,-0.3865,-0.4036,-0.4195,-0.4339,-0.4465,-0.6085,-0.5989,-0.5973,-0.603,-0.6114,-0.6716,-0.7366,-0.7701,-0.8034,-0.8388,-0.8178,-0.7651,-0.7255,-0.7193,-0.7453,-0.719,-0.5632,-0.3665,-0.1949,-0.0469,0.1617,0.116,-0.068,-0.1701,-0.2241,-0.258,-0.2836,-0.306,-0.3275,-0.3489,-0.37,-0.3906,-0.4101,-0.4279,-0.4437,-0.4573,-0.5997,-0.578,-0.5606,-0.5558,-0.5542,-0.6803,-0.836,-0.9659,-1.0969,-1.1231,-0.9641,-0.8224,-0.7577,-0.7705,-0.9256,-1.0172,-0.702,-0.4612,-0.2964,-0.1286,0.0596,0.0421,-0.0914,-0.1768,-0.2245,-0.2551,-0.2791,-0.3017,-0.325,-0.3492,-0.3737,-0.3976,-0.4201,-0.4403,-0.4577,-0.4721,-0.595,-0.5542,-0.4679,-0.2894,-0.3444,-0.683,-0.9528,-1.1338,-1.3838,-1.5128,-1.0848,-0.8457,-0.7672,-0.7725,-0.9027,-1.0219,-0.674,-0.47,-0.3554,-0.2472,-0.1512,-0.1274,-0.1619,-0.201,-0.2298,-0.2515,-0.2722,-0.2956,-0.322,-0.3506,-0.38,-0.4086,-0.4351,-0.4583,-0.4774,-0.4923,-0.6035,-0.5612,-0.4687,-0.3151,-0.3924,-0.784,-1.121,-1.3036,-1.3323,-1.3313,-1.0186,-0.8176,-0.7686,-0.819,-0.754,-0.625,-0.4883,-0.432,-0.3965,-0.3119,-0.2392,-0.2041,-0.2019,-0.2145,-0.2281,-0.2406,-0.2589,-0.2857,-0.3183,-0.3539,-0.3904,-0.4257,-0.4576,-0.4844,-0.5051,-0.5197,-0.626,-0.6046,-0.5709,-0.5558,-0.6684,-0.937,-1.25,-1.489,-1.3596,-1.1084,-0.8948,-0.774,-0.7442,-0.8501,-0.7249,-0.3735,-0.2839,-0.4816,-0.4917,-0.3216,-0.2382,-0.2017,-0.1971,-0.2073,-0.2148,-0.2183,-0.2376,-0.2728,-0.315,-0.3607,-0.4075,-0.4522,-0.4915,-0.5224,-0.5441,-0.557,-0.6525,-0.6535,-0.6626,-0.7024,-0.8061,-0.98,-1.1898,-1.3605,-1.2693,-0.9981,-0.8203,-0.7628,-0.7447,-0.6089,-0.3793,0.0581,0.0563,-0.2262,-0.3346,-0.2375,-0.1584,-0.1297,-0.1507,-0.1851,-0.2017,-0.1988,-0.2197,-0.2632,-0.3157,-0.3742,-0.4354,-0.494,-0.5433,-0.5789,-0.5994,-0.6074,-0.6736,-0.6872,-0.7121,-0.7584,-0.8347,-0.9371,-1.0414,-1.0932,-1.02,-0.8749,-0.7777,-0.7247,-0.6249,-0.4945,-0.2344,0.2072,0.8461,0.1666,-0.1077,-0.0868,0.0481,0.0549,-0.0557,-0.1476,-0.1919,-0.2023,-0.2202,-0.2617,-0.3223,-0.3975,-0.4806,-0.5606,-0.6246,-0.6638,-0.6784,-0.675,-0.6855,-0.7031,-0.7292,-0.7671,-0.8169,-0.8717,-0.9139,-0.9176,-0.8688,-0.8024,-0.7849,-0.7806,-0.7053,-0.5484,-0.3037,0.1533,0.5853,0.1267,-0.0944,0.0554,0.5174,0.4077,0.0643,-0.102,-0.1652,-0.188,-0.2086,-0.2528,-0.3285,-0.4318,-0.552,-0.6687,-0.7548,-0.7934,-0.7904,-0.7635,-0.689,-0.7059,-0.7279,-0.7551,-0.7856,-0.8133,-0.8286,-0.8222,-0.7953,-0.7699,-0.7743,-0.7617,-0.8074,-0.8054,-0.4782,-0.2263,-0.1131,-0.2377,-0.3273,-0.0477,0.5778,0.4425,0.0672,-0.0886,-0.1267,-0.1239,-0.1388,-0.2057,-0.3213,-0.476,-0.6618,-0.8462,-0.9672,-0.9902,-0.9434,-0.8724,-0.6864,-0.7006,-0.7174,-0.7358,-0.7538,-0.7675,-0.7723,-0.7657,-0.7508,-0.7374,-0.7318,-0.7367,-0.8203,-0.8188,-0.5917,-0.4786,-0.4202,-0.582,-0.8113,-0.4226,-0.0618,0.0157,-0.0731,-0.114,-0.0658,0.0346,0.0464,-0.0934,-0.2923,-0.5263,-0.8177,-1.1269,-1.3022,-1.2685,-1.1307,-0.9899,-0.6799,-0.6911,-0.7032,-0.7152,-0.7255,-0.7319,-0.7324,-0.7264,-0.7161,-0.7053,-0.6969,-0.6941,-0.698,-0.6687,-0.6533,-0.6667,-0.5486,-0.6168,-0.7187,-0.5431,-0.3672,-0.2526,-0.2111,-0.1522,0.0139,0.3236,0.39,0.0505,-0.2641,-0.5717,-0.9839,-1.4789,-1.7224,-1.5687,-1.301,-1.0843,-0.6714,-0.6797,-0.6881,-0.6956,-0.7012,-0.7036,-0.7019,-0.696,-0.6871,-0.6766,-0.6658,-0.6549,-0.6417,-0.6262,-0.6406,-0.6434,-0.5676,-0.5584,-0.5828,-0.5899,-0.4773,-0.3847,-0.3204,-0.2211,-0.0152,0.3617,0.4467,0.0045,-0.2946,-0.5908,-1.0321,-1.6193,-1.8979,-1.6775,-1.3558,-1.114,-0.6618,-0.6679,-0.6734,-0.6778,-0.6803,-0.6804,-0.6774,-0.6713,-0.6627,-0.6523,-0.6404,-0.6271,-0.6124,-0.5993,-0.5923,-0.5777,-0.549,-0.5377,-0.5497,-0.5479,-0.5065,-0.4836,-0.4484,-0.3448,-0.1946,-0.0986,-0.2198,-0.2707,-0.3804,-0.5794,-0.8998,-1.3333,-1.5746,-1.4713,-1.2529,-1.0649,-0.6521,-0.6562,-0.6596,-0.6619,-0.6624,-0.6609,-0.6571,-0.6509,-0.6425,-0.6322,-0.6203,-0.6071,-0.593,-0.5792,-0.566,-0.5509,-0.5347,-0.5253,-0.5249,-0.5282,-0.5524,-0.6314,-0.6475,-0.5015,-0.3538,-0.319,-0.3897,-0.3875,-0.4711,-0.571,-0.7353,-0.9769,-1.1507,-1.1617,-1.0741,-0.9675,-0.6426,-0.6452,-0.647,-0.6477,-0.647,-0.6445,-0.6401,-0.6338,-0.6257,-0.6159,-0.6046,-0.5921,-0.5789,-0.5655,-0.5521,-0.5388,-0.5271,-0.52,-0.5208,-0.5375,-0.5992,-0.7389,-0.7829,-0.6027,-0.4464,-0.3894,-0.4018,-0.4725,-0.5794,-0.587,-0.6438,-0.7695,-0.8828,-0.9277,-0.9108,-0.8638,-0.6335,-0.6349,-0.6356,-0.6352,-0.6336,-0.6305,-0.6258,-0.6196,-0.6117,-0.6025,-0.592,-0.5806,-0.5685,-0.5562,-0.5441,-0.5327,-0.5235,-0.5185,-0.5214,-0.5401,-0.5896,-0.6674,-0.6821,-0.5845,-0.4851,-0.4416,-0.4547,-0.5235,-0.5936,-0.59,-0.6094,-0.6739,-0.7427,-0.7844,-0.7925,-0.777]}]