docs/data/wind_grid.json
[{"header":{"la1":42.85,"la2":41.18,"lo1":11.55,"lo2":14.05,"nx":36,"ny":24,"dx":0.07143,"dy":0.07261,"parameterCategory":2,"parameterNumber":2,"parameterNumberName":"eastward_wind","parameterUnit":"m.s-1"},"data":[2.3466,2.3521,2.3597,2.3691,2.3793,2.389,2.3963,2.3993,2.3963,2.3866,2.37,2.347,2.318,2.2832,2.2423,2.1946,2.1392,2.075,2.0021,1.9235,1.848,1.7889,1.7588,1.7604,1.7861,1.8243,1.8652,1.9034,1.9365,1.9642,1.987,2.0057,2.0211,2.0339,2.0447,2.054,2.3395,2.346,2.3558,2.369,2.3846,2.4006,2.4142,2.4221,2.4219,2.4122,2.3936,2.3673,2.3344,2.2952,2.2494,2.1956,2.1315,2.054,1.9597,1.849,1.7338,1.6425,1.6043,1.6241,1.6808,1.749,1.8132,1.8674,1.9109,1.9451,1.972,1.9933,2.0103,2.0242,2.0357,2.0455,2.3276,2.3342,2.3462,2.3641,2.3871,2.4127,2.4363,2.4524,2.456,2.4456,2.4231,2.3918,2.354,2.3102,2.2599,2.2009,2.1297,2.0401,1.9213,1.762,1.5714,1.411,1.3617,1.429,1.5485,1.6664,1.7624,1.8352,1.8893,1.9294,1.9596,1.9827,2.0007,2.0152,2.0271,2.0372,2.3091,2.3142,2.3274,2.3506,2.3839,2.4242,2.4646,2.4949,2.5045,2.4905,2.4598,2.4204,2.3763,2.3277,2.2736,2.2115,2.1372,2.0427,1.9067,1.6847,1.3464,1.0197,0.9631,1.1594,1.4005,1.5902,1.7225,1.8126,1.8747,1.9186,1.9503,1.9741,1.9924,2.0069,2.0189,2.029,2.2822,2.2825,2.2939,2.3219,2.3688,2.4317,2.501,2.5585,2.5779,2.5519,2.5036,2.4517,2.3998,2.3465,2.2897,2.2271,2.1556,2.0714,1.9521,1.6938,1.1075,0.3807,0.3682,0.8685,1.288,1.5491,1.7071,1.8056,1.8698,1.9135,1.9445,1.9675,1.9851,1.9991,2.0107,2.0206,2.2457,2.235,2.2379,2.2669,2.3306,2.4258,2.5411,2.6519,2.6902,2.6296,2.5493,2.4819,2.4222,2.3644,2.3059,2.2452,2.1812,2.1217,2.0791,1.9088,1.1731,-0.0041,0.0621,0.8155,1.3076,1.5755,1.7265,1.817,1.8747,1.9137,1.9414,1.9621,1.9782,1.9912,2.0021,2.0117,2.2009,2.1703,2.151,2.1698,2.2523,2.3889,2.5552,2.7307,2.7954,2.686,2.5817,2.5071,2.4417,2.3784,2.3173,2.2603,2.2067,2.1655,2.1826,2.1447,1.6975,0.9984,0.8571,1.2016,1.4924,1.6701,1.7763,1.8424,1.8861,1.9167,1.9393,1.9568,1.9708,1.9825,1.9927,2.0018,2.154,2.0964,2.0369,2.0218,2.1258,2.3129,2.5072,2.6698,2.7274,2.6689,2.5983,2.53,2.4591,2.3846,2.3132,2.2594,2.2233,2.1952,2.1848,2.1864,2.2115,2.0403,1.7539,1.6828,1.7283,1.7878,1.8351,1.8702,1.897,1.9182,1.9355,1.9498,1.9618,1.9722,1.9816,1.9904,2.116,2.0369,1.9479,1.8972,2.0065,2.2309,2.448,2.5994,2.6749,2.6831,2.6359,2.5624,2.4794,2.3805,2.2684,2.2072,2.2129,2.2187,2.2363,2.3583,2.7117,2.606,2.1878,1.9717,1.8952,1.8752,1.8761,1.8857,1.8992,1.9137,1.9272,1.9393,1.9498,1.9593,1.9681,1.9767,2.0945,2.0014,1.909,1.8675,1.9101,2.1628,2.4347,2.6319,2.7867,2.8303,2.7227,2.6098,2.5136,2.3862,2.1496,2.0284,2.1707,2.2193,2.2489,2.3587,2.577,2.5212,2.2547,2.0664,1.959,1.9015,1.8775,1.8756,1.8854,1.899,1.9124,1.924,1.9339,1.9428,1.9513,1.9601,2.093,1.9772,1.7898,1.4678,1.5581,2.098,2.468,2.6918,2.9835,3.1181,2.8158,2.6579,2.5723,2.4756,2.2167,2.0336,2.1842,2.1976,2.2009,2.2518,2.3149,2.2925,2.1775,2.0428,1.926,1.8489,1.8214,1.8295,1.8511,1.8728,1.8901,1.903,1.913,1.9216,1.9302,1.9395,2.1211,2.0065,1.807,1.5157,1.6301,2.1907,2.5481,2.6906,2.8459,2.9588,2.7948,2.7012,2.645,2.6375,2.5222,2.3295,2.2238,2.0997,2.0718,2.1542,2.2021,2.184,2.0986,1.9568,1.7922,1.6863,1.6873,1.7431,1.7984,1.8374,1.8617,1.8764,1.8862,1.8945,1.9034,1.9139,2.1794,2.1041,2.0056,1.9404,2.0749,2.3815,2.6163,2.6951,2.7121,2.7658,2.7751,2.8086,2.7413,2.6814,2.5912,2.3412,2.1883,1.8542,1.8409,2.0927,2.1685,2.1476,2.0453,1.8379,1.5365,1.3634,1.4688,1.6328,1.7411,1.7999,1.8296,1.8439,1.8519,1.8591,1.8686,1.8814,2.2504,2.2182,2.196,2.2186,2.325,2.4875,2.623,2.6851,2.7065,2.7574,2.8147,2.9787,2.9816,2.3829,2.4043,2.128,2.1458,2.04,2.0051,2.1443,2.19,2.1561,2.0351,1.7622,1.287,1.0194,1.288,1.5618,1.7041,1.769,1.7952,1.8035,1.8063,1.8115,1.8226,1.8398,2.3165,2.3121,2.3232,2.3637,2.4402,2.5363,2.6218,2.6812,2.7374,2.826,2.9069,2.8954,2.742,2.6759,2.3773,2.0772,2.1836,2.2175,2.2284,2.2471,2.2359,2.1933,2.081,1.833,1.4364,1.2093,1.388,1.5931,1.7012,1.7456,1.7553,1.7491,1.742,1.7446,1.7602,1.7861,2.3698,2.3796,2.4021,2.442,2.4993,2.566,2.6321,2.6977,2.7854,2.9474,3.2336,3.0691,2.8801,2.6486,2.4779,2.3111,2.2605,2.3269,2.3646,2.3265,2.2321,2.2189,2.15,1.9717,1.7445,1.6022,1.6108,1.6695,1.7095,1.7187,1.7006,1.6686,1.6448,1.6465,1.6744,1.7178,2.4099,2.4259,2.4511,2.487,2.5327,2.5852,2.6421,2.7075,2.7986,2.9524,3.1746,3.0234,2.7882,2.6871,2.5813,2.4868,2.4574,2.5156,2.5627,2.4483,2.2448,2.245,2.2061,2.0612,1.8879,1.7565,1.6979,1.6907,1.6943,1.6758,1.6201,1.5425,1.4907,1.5002,1.5587,1.6349,2.4388,2.4569,2.4815,2.5132,2.5513,2.5946,2.6429,2.6984,2.7664,2.8466,2.8981,2.8427,2.7341,2.6947,2.6717,2.6517,2.6283,2.7349,2.8642,2.6906,2.4914,2.3754,2.2655,2.0927,1.8788,1.6885,1.609,1.6253,1.6468,1.6193,1.5119,1.3487,1.2495,1.2934,1.4176,1.5468,2.4591,2.4772,2.5001,2.5278,2.5598,2.5957,2.6348,2.6772,2.7217,2.7609,2.7769,2.7567,2.722,2.7145,2.8017,2.8487,2.7391,2.8102,2.9176,2.9688,2.7507,2.5283,2.3365,2.1001,1.7887,1.471,1.3969,1.5104,1.5885,1.5745,1.4077,1.1082,0.943,1.068,1.29,1.4786,2.4727,2.49,2.5107,2.5346,2.5616,2.5908,2.6217,2.6529,2.6822,2.7046,2.7139,2.7092,2.702,2.7181,2.7909,2.8193,2.7723,2.8758,3.2483,3.4288,2.952,2.6563,2.4333,2.1459,1.7609,1.4004,1.3289,1.4137,1.5466,1.5836,1.4018,1.0173,0.812,0.988,1.2551,1.4647,2.4813,2.4973,2.5157,2.5364,2.5589,2.5826,2.6068,2.6301,2.6506,2.6659,2.674,2.6763,2.6794,2.6935,2.721,2.7382,2.7592,2.8614,3.0767,3.1438,2.9322,2.7852,2.6318,2.3016,1.8365,1.3767,1.0055,1.1754,1.5557,1.7014,1.5696,1.2607,1.0752,1.1649,1.3529,1.5193,2.4863,2.5008,2.517,2.5347,2.5534,2.5728,2.5918,2.6097,2.6251,2.6369,2.6447,2.6498,2.6554,2.6654,2.6799,2.697,2.7266,2.7883,2.8697,2.9058,2.9261,3.0754,3.0838,2.612,1.9835,1.3173,0.6789,1.0962,1.8469,2.0202,1.8629,1.6209,1.4582,1.4459,1.5229,1.6191,2.4885,2.5015,2.5157,2.5308,2.5465,2.5623,2.5776,2.5917,2.6038,2.6135,2.6208,2.6265,2.6324,2.6401,2.6507,2.6654,2.6888,2.7251,2.7705,2.8284,2.9744,3.3301,3.4474,2.8617,2.1947,1.6631,1.406,1.8658,2.5938,2.4885,2.1558,1.8995,1.7412,1.6801,1.6878,1.7284,2.4887,2.5002,2.5126,2.5255,2.5386,2.5517,2.5641,2.5755,2.5854,2.5935,2.6001,2.6055,2.6109,2.6172,2.6253,2.6367,2.6533,2.6775,2.7122,2.7727,2.9017,3.1076,3.1301,2.7706,2.322,2.0,1.9364,2.2719,2.7005,2.5826,2.2773,2.0513,1.911,1.8389,1.8167,1.8251]},{"header":{"la1":42.85,"la2":41.18,"lo1":11.55,"lo2":14.05,"nx":36,"ny":24,"dx":0.07143,"dy":0.07261,"parameterCategory":2,"parameterNumber":3,"parameterNumberName":"northward_wind","parameterUnit":"m.s-1"},"data":[0.2704,0.2937,0.3192,0.3463,0.3739,0.3995,0.4189,0.4275,0.4216,0.401,0.3689,0.3305,0.2901,0.2503,0.2121,0.1751,0.1389,0.1032,0.0684,0.0356,0.0069,-0.0139,-0.0238,-0.0227,-0.0137,-0.0009,0.0121,0.0236,0.0327,0.0395,0.0442,0.0471,0.0487,0.0492,0.0489,0.048,0.2822,0.3102,0.3419,0.3777,0.4171,0.4569,0.4908,0.5094,0.5043,0.4746,0.4272,0.3725,0.3184,0.2681,0.2218,0.1777,0.1343,0.0907,0.0469,0.0033,-0.0368,-0.0662,-0.0766,-0.0675,-0.0466,-0.0227,-0.0012,0.016,0.0287,0.0376,0.0435,0.0471,0.0489,0.0494,0.0489,0.0479,0.2928,0.3256,0.3641,0.4103,0.4658,0.529,0.5902,0.6303,0.629,0.5819,0.5058,0.4238,0.3498,0.2868,0.2317,0.18,0.1283,0.0749,0.0197,-0.0391,-0.1004,-0.1486,-0.1597,-0.1322,-0.0882,-0.0463,-0.0132,0.0106,0.0269,0.0376,0.0443,0.0481,0.0499,0.0502,0.0494,0.048,0.3018,0.3392,0.384,0.4407,0.5164,0.6161,0.7304,0.821,0.8319,0.7466,0.6122,0.4832,0.3816,0.3047,0.2418,0.1829,0.121,0.055,-0.0132,-0.0891,-0.1888,-0.2851,-0.2957,-0.2221,-0.1344,-0.0665,-0.0204,0.0095,0.0285,0.0402,0.047,0.0506,0.0518,0.0516,0.0503,0.0484,0.3092,0.3512,0.4006,0.4641,0.5586,0.7089,0.924,1.1397,1.1909,1.0089,0.7484,0.5419,0.4072,0.3196,0.2532,0.1889,0.1142,0.0271,-0.057,-0.1352,-0.2849,-0.5014,-0.4983,-0.3185,-0.1667,-0.0728,-0.0174,0.0154,0.0348,0.046,0.0519,0.0544,0.0548,0.0537,0.0516,0.049,0.3157,0.3646,0.4178,0.4787,0.5756,0.7722,1.1455,1.6563,1.8377,1.3927,0.8814,0.5743,0.4156,0.3293,0.2685,0.2042,0.1149,-0.0128,-0.1433,-0.1781,-0.2876,-0.6289,-0.6021,-0.3294,-0.1496,-0.0527,0.0001,0.0298,0.0463,0.0551,0.059,0.0598,0.0586,0.0562,0.0532,0.0497,0.3214,0.385,0.4515,0.5015,0.5588,0.7405,1.2213,2.1183,2.5507,1.6562,0.8875,0.54,0.3978,0.335,0.293,0.2391,0.1454,-0.0234,-0.259,-0.2444,-0.121,-0.2682,-0.3037,-0.174,-0.0678,-0.0045,0.0317,0.052,0.0626,0.0672,0.0679,0.0663,0.0631,0.0592,0.0548,0.0504,0.3202,0.4118,0.5303,0.5934,0.5437,0.5919,0.9205,1.5745,1.8692,1.1945,0.6431,0.4249,0.3597,0.3445,0.3337,0.301,0.2249,0.0892,-0.0725,-0.0203,0.2169,0.2105,0.077,0.0313,0.0391,0.0569,0.0711,0.0794,0.0824,0.0817,0.0784,0.0736,0.068,0.0622,0.0563,0.0507,0.295,0.4063,0.6137,0.7855,0.5444,0.3926,0.4535,0.5875,0.5665,0.3647,0.2617,0.2763,0.3263,0.3713,0.3974,0.3893,0.331,0.2469,0.1961,0.3069,0.6272,0.5611,0.2955,0.1679,0.1246,0.1136,0.1115,0.1092,0.1045,0.0977,0.0897,0.0812,0.0728,0.0648,0.0574,0.0506,0.2315,0.301,0.4263,0.5072,0.2741,0.1556,0.0884,-0.0429,-0.3127,-0.4089,-0.1151,0.1588,0.329,0.4262,0.4749,0.4854,0.4229,0.3567,0.322,0.3749,0.5329,0.498,0.3247,0.2201,0.1762,0.1603,0.1514,0.1412,0.1284,0.1147,0.1012,0.0886,0.0771,0.0668,0.0577,0.0497,0.1479,0.1422,0.0663,-0.1767,-0.1641,-0.0583,-0.1389,-0.3516,-0.9522,-1.2743,-0.3838,0.1293,0.3962,0.5349,0.5357,0.5114,0.4802,0.435,0.3914,0.3626,0.3634,0.3366,0.2724,0.226,0.2107,0.2078,0.1981,0.1785,0.1549,0.1323,0.1123,0.095,0.0802,0.0676,0.0568,0.0477,0.0779,0.0401,-0.0573,-0.2094,-0.2015,-0.1584,-0.2546,-0.3731,-0.6521,-0.8462,-0.2511,0.2013,0.5184,0.7907,0.7241,0.6054,0.5568,0.5294,0.4819,0.38,0.3007,0.2515,0.2232,0.2261,0.2588,0.2836,0.2671,0.2257,0.1838,0.1492,0.1216,0.0994,0.0814,0.0665,0.0543,0.0443,0.0321,-0.0035,-0.0605,-0.1202,-0.1491,-0.197,-0.2999,-0.3773,-0.369,-0.3044,-0.0345,0.2811,0.5183,0.8879,0.8242,0.7416,0.6804,0.6445,0.6116,0.3908,0.2455,0.1773,0.1732,0.235,0.3554,0.4283,0.3707,0.2795,0.2105,0.1625,0.1276,0.1009,0.0798,0.0631,0.0498,0.0391,0.0025,-0.0257,-0.0623,-0.1017,-0.1434,-0.2019,-0.279,-0.3397,-0.3172,-0.2102,-0.02,0.3198,0.4539,0.5816,0.7151,1.1238,0.9095,0.6279,0.512,0.2908,0.1179,0.0531,0.0913,0.2255,0.46,0.5914,0.4572,0.3127,0.2246,0.1685,0.1285,0.0981,0.0747,0.0567,0.0428,0.032,-0.0185,-0.0421,-0.0709,-0.1042,-0.1429,-0.1891,-0.2374,-0.2704,-0.2759,-0.2831,-0.2739,-0.1113,0.0915,-0.0478,0.6061,1.2066,0.7815,0.5562,0.3027,0.0559,-0.1541,-0.1788,-0.0514,0.139,0.3729,0.4954,0.4068,0.2968,0.2215,0.1667,0.1239,0.0905,0.0653,0.0468,0.0331,0.0228,-0.0347,-0.0555,-0.0804,-0.1091,-0.1418,-0.1779,-0.2147,-0.2522,-0.3117,-0.4752,-0.8558,-0.6609,-0.3754,-0.0316,0.2776,0.5635,0.5836,0.3206,0.026,-0.2568,-0.6076,-0.522,-0.2224,0.0137,0.2006,0.3034,0.3094,0.2701,0.2171,0.1628,0.1149,0.0774,0.0509,0.0331,0.0208,0.0118,-0.0476,-0.0665,-0.0886,-0.1138,-0.1421,-0.1734,-0.209,-0.2559,-0.3384,-0.5152,-0.8046,-0.6438,-0.5802,-0.5659,-0.1455,0.0467,0.0593,-0.1625,-0.402,-0.484,-0.698,-0.5991,-0.2964,-0.0526,0.1429,0.278,0.3301,0.3038,0.2365,0.163,0.101,0.0574,0.0313,0.0165,0.0069,-0.0005,-0.0582,-0.0756,-0.0955,-0.1181,-0.1436,-0.1726,-0.2072,-0.2532,-0.3211,-0.4173,-0.5007,-0.5111,-0.6251,-0.6638,-0.5774,-0.5809,-0.4587,-0.6941,-1.0192,-0.7242,-0.5864,-0.4735,-0.2798,-0.043,0.2221,0.4682,0.5464,0.4356,0.2858,0.1638,0.0788,0.0302,0.0096,0.0006,-0.0066,-0.0132,-0.0668,-0.083,-0.1014,-0.122,-0.1454,-0.1721,-0.2039,-0.2433,-0.2927,-0.3486,-0.3986,-0.4442,-0.5216,-0.6788,-1.2691,-1.544,-0.8482,-0.8259,-1.0056,-0.9706,-0.7304,-0.5015,-0.2868,-0.0154,0.3735,0.8622,0.9704,0.6176,0.329,0.1476,0.0448,0.0043,-0.0021,-0.0078,-0.0175,-0.0259,-0.074,-0.0891,-0.1062,-0.1253,-0.1467,-0.1712,-0.1995,-0.2326,-0.2707,-0.3124,-0.3569,-0.4121,-0.5062,-0.7204,-1.1971,-1.3533,-0.9127,-0.8605,-1.2263,-1.409,-0.8999,-0.584,-0.3529,-0.0573,0.381,0.9407,1.0599,0.6228,0.2938,0.0844,-0.0063,-0.0117,-0.0004,-0.0128,-0.03,-0.0409,-0.0799,-0.0942,-0.11,-0.1278,-0.1475,-0.1698,-0.195,-0.2235,-0.2556,-0.2917,-0.3339,-0.3897,-0.4763,-0.6191,-0.7997,-0.8565,-0.7786,-0.8121,-1.0233,-1.0906,-0.8496,-0.6787,-0.5264,-0.2278,0.188,0.5555,0.6849,0.5131,0.1428,-0.0846,-0.1201,-0.0703,-0.0367,-0.042,-0.055,-0.0622,-0.0848,-0.0982,-0.1131,-0.1296,-0.1478,-0.1681,-0.1908,-0.2161,-0.2445,-0.277,-0.3156,-0.3649,-0.4309,-0.5151,-0.5976,-0.6408,-0.6542,-0.697,-0.7741,-0.8042,-0.8015,-0.9144,-0.9195,-0.5252,-0.0344,0.3962,0.7516,0.4253,-0.2906,-0.4841,-0.361,-0.2169,-0.1347,-0.1047,-0.0956,-0.0906,-0.0888,-0.1015,-0.1154,-0.1307,-0.1476,-0.1662,-0.1868,-0.2096,-0.2352,-0.2643,-0.2983,-0.339,-0.3878,-0.4419,-0.4924,-0.5302,-0.5602,-0.5973,-0.6434,-0.697,-0.8224,-1.1291,-1.2304,-0.7483,-0.2434,0.096,0.1961,-0.3492,-1.2234,-1.0757,-0.6551,-0.3865,-0.2454,-0.1763,-0.1416,-0.1217,-0.0921,-0.104,-0.1171,-0.1314,-0.147,-0.1641,-0.1829,-0.2036,-0.2266,-0.2524,-0.2816,-0.3149,-0.3519,-0.3907,-0.4276,-0.4602,-0.4906,-0.5238,-0.565,-0.6276,-0.7492,-0.9357,-0.9627,-0.6799,-0.3585,-0.1815,-0.2596,-0.7616,-1.3529,-1.1853,-0.7653,-0.4811,-0.3205,-0.2315,-0.1807,-0.1496]}]