docs/data/wind_grid.json
[{"header":{"la1":42.85,"la2":41.18,"lo1":11.55,"lo2":14.05,"nx":36,"ny":24,"dx":0.07143,"dy":0.07261,"parameterCategory":2,"parameterNumber":2,"parameterNumberName":"eastward_wind","parameterUnit":"m.s-1"},"data":[-0.6941,-0.6994,-0.7044,-0.709,-0.713,-0.7157,-0.7162,-0.7131,-0.706,-0.6952,-0.6828,-0.6715,-0.6638,-0.6612,-0.6643,-0.6725,-0.684,-0.696,-0.7054,-0.7098,-0.7082,-0.7012,-0.6905,-0.6778,-0.6645,-0.6516,-0.6395,-0.6284,-0.6183,-0.6091,-0.6008,-0.5933,-0.5865,-0.5803,-0.5747,-0.5695,-0.7075,-0.7142,-0.7209,-0.7276,-0.7343,-0.7404,-0.744,-0.7424,-0.7334,-0.7174,-0.6978,-0.6797,-0.6675,-0.6635,-0.6686,-0.682,-0.7011,-0.7213,-0.7372,-0.744,-0.7406,-0.7288,-0.7122,-0.694,-0.6762,-0.6598,-0.6451,-0.6321,-0.6206,-0.6104,-0.6013,-0.5932,-0.5859,-0.5793,-0.5733,-0.568,-0.7228,-0.7312,-0.7398,-0.7491,-0.7599,-0.772,-0.7826,-0.7859,-0.7755,-0.7505,-0.7182,-0.6884,-0.6687,-0.6624,-0.6704,-0.6919,-0.7235,-0.7582,-0.7852,-0.7953,-0.7867,-0.7653,-0.7387,-0.7122,-0.6884,-0.6678,-0.6502,-0.6352,-0.6223,-0.6111,-0.6012,-0.5925,-0.5848,-0.5778,-0.5716,-0.566,-0.7406,-0.7509,-0.7614,-0.7733,-0.7893,-0.8112,-0.8367,-0.8539,-0.8446,-0.8032,-0.7465,-0.6965,-0.6649,-0.655,-0.6669,-0.7003,-0.7525,-0.8136,-0.862,-0.8757,-0.8534,-0.8124,-0.7691,-0.731,-0.6997,-0.6744,-0.654,-0.6371,-0.623,-0.6109,-0.6005,-0.5913,-0.5831,-0.5758,-0.5693,-0.5635,-0.7618,-0.7745,-0.7865,-0.7999,-0.8203,-0.8556,-0.9099,-0.964,-0.9655,-0.8887,-0.7831,-0.6997,-0.6521,-0.6376,-0.6539,-0.7025,-0.7863,-0.8963,-0.9888,-1.0044,-0.9468,-0.8682,-0.7996,-0.7472,-0.7082,-0.6787,-0.6559,-0.6376,-0.6226,-0.6099,-0.599,-0.5893,-0.5808,-0.5732,-0.5665,-0.5605,-0.7882,-0.8045,-0.8177,-0.8297,-0.849,-0.8945,-0.9913,-1.1301,-1.1723,-1.0132,-0.8158,-0.6878,-0.6241,-0.6055,-0.625,-0.6882,-0.8106,-1.0009,-1.1837,-1.1919,-1.056,-0.9187,-0.8215,-0.7563,-0.7115,-0.6794,-0.6553,-0.6365,-0.6211,-0.6081,-0.5967,-0.5868,-0.5779,-0.57,-0.563,-0.5569,-0.8219,-0.8455,-0.862,-0.8692,-0.8749,-0.9082,-1.0248,-1.2661,-1.3844,-1.0926,-0.7973,-0.6433,-0.5752,-0.5552,-0.5736,-0.6416,-0.7881,-1.05,-1.3423,-1.3339,-1.1119,-0.9333,-0.8227,-0.7537,-0.708,-0.676,-0.6524,-0.6339,-0.6186,-0.6054,-0.5939,-0.5835,-0.5743,-0.5661,-0.5589,-0.5526,-0.8649,-0.9042,-0.9334,-0.9381,-0.9149,-0.8945,-0.9408,-1.0996,-1.1684,-0.9118,-0.6745,-0.5585,-0.5069,-0.487,-0.4947,-0.5513,-0.6894,-0.9247,-1.1748,-1.1911,-1.0323,-0.8924,-0.7998,-0.7392,-0.6982,-0.6693,-0.6477,-0.6304,-0.6156,-0.6024,-0.5905,-0.5797,-0.5701,-0.5615,-0.5539,-0.5475,-0.9159,-0.9859,-1.0529,-1.0778,-1.0167,-0.8996,-0.8079,-0.7598,-0.683,-0.5588,-0.4841,-0.4527,-0.4311,-0.4081,-0.3836,-0.4105,-0.55,-0.7421,-0.899,-0.946,-0.8987,-0.827,-0.7647,-0.7181,-0.685,-0.6613,-0.643,-0.6273,-0.6129,-0.5994,-0.5869,-0.5754,-0.565,-0.5559,-0.548,-0.5414,-0.9648,-1.0809,-1.2299,-1.3461,-1.2545,-0.9746,-0.7305,-0.5255,-0.2867,-0.1823,-0.2877,-0.3573,-0.3638,-0.3367,-0.2468,-0.2025,-0.439,-0.6733,-0.8103,-0.8511,-0.8284,-0.7806,-0.7332,-0.6969,-0.6725,-0.6555,-0.6411,-0.6266,-0.6117,-0.597,-0.5831,-0.5703,-0.559,-0.5491,-0.5409,-0.5341,-0.9906,-1.1455,-1.3896,-1.6803,-1.5963,-1.0712,-0.7136,-0.4525,0.0437,0.2747,-0.1483,-0.3009,-0.3097,-0.2854,-0.2345,-0.194,-0.4903,-0.7932,-0.933,-0.9112,-0.8338,-0.7608,-0.7088,-0.6789,-0.6653,-0.6574,-0.6465,-0.6309,-0.613,-0.5954,-0.579,-0.5643,-0.5515,-0.5408,-0.532,-0.5251,-0.9735,-1.1216,-1.3527,-1.6213,-1.5199,-1.0087,-0.7275,-0.6318,-0.2819,-0.005,-0.2187,-0.2919,-0.2618,-0.1858,-0.2438,-0.4085,-0.7377,-1.2297,-1.3505,-1.0935,-0.873,-0.7449,-0.6821,-0.6638,-0.671,-0.6776,-0.6662,-0.6425,-0.6172,-0.5942,-0.5741,-0.5567,-0.542,-0.53,-0.5208,-0.5141,-0.9164,-1.0168,-1.1399,-1.2203,-1.1049,-0.855,-0.7404,-0.7942,-0.6698,-0.4103,-0.3281,-0.2878,-0.255,-0.1474,-0.2124,-0.4955,-0.9729,-1.9712,-1.9891,-1.2429,-0.8611,-0.6937,-0.6376,-0.6502,-0.7012,-0.7311,-0.7045,-0.6597,-0.6216,-0.5917,-0.567,-0.5461,-0.529,-0.5157,-0.5063,-0.5002,-0.8424,-0.8943,-0.9372,-0.936,-0.8596,-0.754,-0.7092,-0.7341,-0.6603,-0.4691,-0.3538,-0.2601,-0.242,-0.3756,-0.3687,-0.6292,-0.9944,-1.5178,-1.5668,-1.0427,-0.7049,-0.5679,-0.558,-0.625,-0.7389,-0.7953,-0.7377,-0.6687,-0.6208,-0.5854,-0.556,-0.5309,-0.5106,-0.496,-0.487,-0.4826,-0.7718,-0.7929,-0.8005,-0.7819,-0.7348,-0.6799,-0.6431,-0.6138,-0.5376,-0.4219,-0.3457,-0.3235,-0.3025,-0.2119,-0.431,-0.8775,-1.2892,-1.0391,-0.9051,-0.6406,-0.3898,-0.3388,-0.4292,-0.5564,-0.6898,-0.7513,-0.7099,-0.6544,-0.6116,-0.5745,-0.5397,-0.5083,-0.4837,-0.468,-0.4609,-0.46,-0.7128,-0.7178,-0.712,-0.6915,-0.6578,-0.6183,-0.5786,-0.5308,-0.4588,-0.3614,-0.2541,-0.3644,-0.3657,-0.3573,-0.4741,-0.8066,-1.0915,-0.7992,-0.5569,-0.2981,0.0348,-0.0339,-0.2849,-0.4647,-0.5877,-0.6494,-0.6547,-0.6342,-0.6021,-0.5617,-0.5166,-0.4739,-0.4425,-0.4271,-0.4254,-0.4316,-0.666,-0.663,-0.6522,-0.6325,-0.6046,-0.5712,-0.5328,-0.4863,-0.427,-0.3523,-0.2735,-0.3381,-0.4239,-0.4554,-0.4571,-0.5427,-0.5794,-0.4264,-0.2584,-0.1461,0.1026,0.0213,-0.234,-0.4177,-0.5453,-0.6246,-0.6555,-0.6451,-0.607,-0.5511,-0.4843,-0.4197,-0.3776,-0.3671,-0.3785,-0.3977,-0.6294,-0.6225,-0.6099,-0.5914,-0.5671,-0.5381,-0.5046,-0.4664,-0.4238,-0.3823,-0.3595,-0.381,-0.4391,-0.4505,-0.3896,-0.3666,-0.3338,-0.1253,0.0596,-0.0615,-0.0812,-0.134,-0.2706,-0.427,-0.5802,-0.7047,-0.7464,-0.7055,-0.6332,-0.5452,-0.44,-0.3355,-0.278,-0.2848,-0.3227,-0.3621,-0.6006,-0.5919,-0.5791,-0.5619,-0.5407,-0.5158,-0.4881,-0.4582,-0.4285,-0.4035,-0.3905,-0.3931,-0.3999,-0.3741,-0.2699,-0.2273,-0.2398,-0.08,0.0505,0.0479,-0.0569,-0.1676,-0.2902,-0.4493,-0.6531,-0.8653,-0.9107,-0.7921,-0.6706,-0.5455,-0.3932,-0.2308,-0.1567,-0.1987,-0.2732,-0.334,-0.578,-0.5686,-0.5561,-0.5404,-0.5218,-0.5008,-0.478,-0.4545,-0.4323,-0.4136,-0.4007,-0.3921,-0.3786,-0.3413,-0.268,-0.2369,-0.2166,-0.0824,0.1651,0.263,0.0193,-0.1339,-0.2588,-0.4311,-0.6665,-0.9045,-0.9512,-0.8326,-0.6991,-0.5552,-0.3827,-0.1897,-0.107,-0.1682,-0.2574,-0.3249,-0.56,-0.5505,-0.5386,-0.5245,-0.5082,-0.4902,-0.4712,-0.4521,-0.4339,-0.4177,-0.4037,-0.3898,-0.371,-0.3408,-0.3014,-0.267,-0.2157,-0.1056,0.055,0.1061,0.0018,-0.062,-0.1398,-0.3318,-0.5969,-0.8306,-0.969,-0.8938,-0.7119,-0.5639,-0.4246,-0.2759,-0.1995,-0.2265,-0.2866,-0.3385,-0.5455,-0.5363,-0.5252,-0.5124,-0.498,-0.4825,-0.4663,-0.45,-0.4341,-0.4191,-0.4045,-0.389,-0.3699,-0.3451,-0.3151,-0.2798,-0.2301,-0.1573,-0.0781,-0.0328,0.0087,0.1314,0.1479,-0.1356,-0.4946,-0.818,-1.0727,-0.9205,-0.64,-0.5288,-0.4608,-0.3792,-0.3219,-0.3147,-0.3371,-0.3655,-0.5338,-0.525,-0.5147,-0.5031,-0.4903,-0.4767,-0.4625,-0.4481,-0.4338,-0.4196,-0.4051,-0.3894,-0.3712,-0.3493,-0.3231,-0.291,-0.2499,-0.1988,-0.1425,-0.0776,0.048,0.2971,0.3728,0.0163,-0.3782,-0.6629,-0.7957,-0.6557,-0.4427,-0.4482,-0.4602,-0.4305,-0.3961,-0.3801,-0.3823,-0.3938,-0.5243,-0.5159,-0.5064,-0.4958,-0.4843,-0.4721,-0.4594,-0.4465,-0.4333,-0.4199,-0.406,-0.3909,-0.3738,-0.354,-0.3307,-0.3028,-0.2692,-0.229,-0.1808,-0.1142,-0.0021,0.151,0.173,-0.0485,-0.3219,-0.5167,-0.5881,-0.5153,-0.4142,-0.4294,-0.4547,-0.4484,-0.4307,-0.4176,-0.4135,-0.4164]},{"header":{"la1":42.85,"la2":41.18,"lo1":11.55,"lo2":14.05,"nx":36,"ny":24,"dx":0.07143,"dy":0.07261,"parameterCategory":2,"parameterNumber":3,"parameterNumberName":"northward_wind","parameterUnit":"m.s-1"},"data":[-0.7009,-0.6975,-0.6928,-0.6867,-0.6793,-0.6713,-0.6633,-0.6565,-0.6512,-0.6471,-0.643,-0.6374,-0.6289,-0.6169,-0.6012,-0.5828,-0.5631,-0.5442,-0.5284,-0.5174,-0.5116,-0.5107,-0.5131,-0.5176,-0.5233,-0.5294,-0.5358,-0.5421,-0.5483,-0.5544,-0.5604,-0.5663,-0.5721,-0.5776,-0.5829,-0.5879,-0.7068,-0.7031,-0.6975,-0.6898,-0.6801,-0.6689,-0.6579,-0.6491,-0.6441,-0.6424,-0.6417,-0.639,-0.6316,-0.6186,-0.5998,-0.5761,-0.5497,-0.5239,-0.5029,-0.4899,-0.4854,-0.4878,-0.4943,-0.5027,-0.5116,-0.5202,-0.5285,-0.5364,-0.544,-0.5512,-0.5582,-0.565,-0.5715,-0.5777,-0.5836,-0.5892,-0.7133,-0.7094,-0.703,-0.6933,-0.6798,-0.6633,-0.646,-0.6327,-0.6277,-0.6312,-0.6377,-0.6409,-0.6365,-0.6229,-0.6,-0.5688,-0.5319,-0.4946,-0.465,-0.4496,-0.449,-0.4584,-0.472,-0.4862,-0.4993,-0.5111,-0.5217,-0.5313,-0.5402,-0.5486,-0.5566,-0.5643,-0.5716,-0.5785,-0.5851,-0.5912,-0.7207,-0.7169,-0.7098,-0.6979,-0.6794,-0.6536,-0.6234,-0.5987,-0.5925,-0.607,-0.6291,-0.644,-0.6451,-0.6316,-0.6039,-0.5624,-0.5088,-0.4509,-0.4053,-0.3876,-0.3975,-0.4212,-0.4468,-0.4691,-0.4875,-0.5027,-0.5156,-0.5269,-0.5372,-0.5468,-0.5558,-0.5644,-0.5726,-0.5803,-0.5875,-0.5943,-0.7287,-0.7256,-0.7187,-0.7054,-0.6814,-0.6417,-0.586,-0.5317,-0.5181,-0.5593,-0.6151,-0.6508,-0.6602,-0.6476,-0.6151,-0.5608,-0.4822,-0.3863,-0.3076,-0.2898,-0.3267,-0.3781,-0.4215,-0.4537,-0.4775,-0.4959,-0.511,-0.5239,-0.5354,-0.546,-0.556,-0.5656,-0.5746,-0.5832,-0.5912,-0.5985,-0.7369,-0.7351,-0.7299,-0.7178,-0.6913,-0.6372,-0.5402,-0.4152,-0.3733,-0.4809,-0.6038,-0.668,-0.6856,-0.6741,-0.6387,-0.5733,-0.464,-0.3052,-0.158,-0.1483,-0.2452,-0.3392,-0.4024,-0.4431,-0.471,-0.4917,-0.5084,-0.5225,-0.535,-0.5466,-0.5576,-0.5681,-0.5781,-0.5875,-0.5962,-0.6042,-0.7443,-0.7439,-0.7416,-0.735,-0.7153,-0.6611,-0.5336,-0.3125,-0.2119,-0.4316,-0.6287,-0.7075,-0.7245,-0.7136,-0.6812,-0.6139,-0.4854,-0.2686,-0.0361,-0.0415,-0.2034,-0.3263,-0.3975,-0.4403,-0.4692,-0.4909,-0.5084,-0.5233,-0.5366,-0.5489,-0.5607,-0.5721,-0.5831,-0.5935,-0.6031,-0.6118,-0.7493,-0.7485,-0.748,-0.75,-0.7502,-0.7277,-0.6416,-0.4688,-0.394,-0.5838,-0.7322,-0.7749,-0.7749,-0.7659,-0.7489,-0.6961,-0.5739,-0.3737,-0.1681,-0.1505,-0.2618,-0.3527,-0.4086,-0.4451,-0.4722,-0.4938,-0.5116,-0.5268,-0.5404,-0.5532,-0.5657,-0.5781,-0.5903,-0.6018,-0.6123,-0.6216,-0.7505,-0.7446,-0.7378,-0.7417,-0.7704,-0.8105,-0.8249,-0.8109,-0.8316,-0.8908,-0.8942,-0.8561,-0.8256,-0.8251,-0.8532,-0.8368,-0.7073,-0.5354,-0.3959,-0.3439,-0.3613,-0.395,-0.426,-0.4538,-0.4791,-0.5012,-0.5194,-0.5342,-0.5471,-0.5597,-0.5728,-0.5864,-0.5999,-0.6129,-0.6245,-0.6345,-0.7493,-0.732,-0.7006,-0.675,-0.7259,-0.8627,-0.9905,-1.0934,-1.2116,-1.2342,-1.0708,-0.9244,-0.8593,-0.871,-0.9998,-1.0709,-0.8279,-0.6224,-0.5014,-0.4395,-0.4179,-0.4203,-0.4368,-0.4623,-0.491,-0.5162,-0.5345,-0.5469,-0.5574,-0.5688,-0.5823,-0.5974,-0.6129,-0.6276,-0.6406,-0.6513,-0.751,-0.7228,-0.6572,-0.557,-0.6018,-0.8899,-1.139,-1.2956,-1.5075,-1.6173,-1.2002,-0.9481,-0.8664,-0.8735,-0.9836,-1.0754,-0.7983,-0.6017,-0.5035,-0.4503,-0.4221,-0.417,-0.4345,-0.4705,-0.5134,-0.5469,-0.5629,-0.5676,-0.5716,-0.5802,-0.5942,-0.6117,-0.6302,-0.6475,-0.6621,-0.6732,-0.7611,-0.7373,-0.6778,-0.5857,-0.6504,-0.9963,-1.3228,-1.4973,-1.4856,-1.4529,-1.1278,-0.9114,-0.861,-0.9155,-0.8729,-0.775,-0.6243,-0.5083,-0.4612,-0.4196,-0.3885,-0.3849,-0.4168,-0.4827,-0.5618,-0.6121,-0.615,-0.5981,-0.5883,-0.5927,-0.6086,-0.6306,-0.6539,-0.6748,-0.6911,-0.7022,-0.7784,-0.7733,-0.7602,-0.7641,-0.8755,-1.1372,-1.4544,-1.7043,-1.5523,-1.2372,-0.9833,-0.8658,-0.8305,-0.936,-0.8602,-0.6062,-0.4419,-0.4611,-0.4578,-0.3706,-0.3189,-0.3166,-0.3761,-0.4997,-0.6578,-0.7395,-0.6969,-0.6325,-0.6019,-0.6038,-0.6257,-0.6564,-0.6874,-0.7132,-0.731,-0.7407,-0.7946,-0.8069,-0.8275,-0.8754,-0.9817,-1.1581,-1.3768,-1.5594,-1.4425,-1.0885,-0.8627,-0.8705,-0.8659,-0.5265,-0.5631,-0.286,-0.0531,-0.2697,-0.344,-0.2593,-0.1806,-0.1805,-0.287,-0.4877,-0.7543,-0.8793,-0.7617,-0.6438,-0.6012,-0.6107,-0.6476,-0.6942,-0.7373,-0.7691,-0.7869,-0.7922,-0.8029,-0.8232,-0.8539,-0.9036,-0.9807,-1.0829,-1.1867,-1.2285,-1.1091,-0.8796,-0.7133,-0.6411,-0.5186,-0.2243,-0.3422,0.2941,1.0449,0.2077,-0.1156,-0.0617,0.1161,0.0989,-0.1169,-0.3801,-0.6516,-0.7806,-0.6896,-0.5948,-0.5762,-0.6137,-0.6805,-0.754,-0.8151,-0.8527,-0.8658,-0.8605,-0.8016,-0.8222,-0.85,-0.8873,-0.9338,-0.9816,-1.0104,-0.9853,-0.8787,-0.7211,-0.6088,-0.4503,-0.4481,-0.3899,-0.2858,0.222,0.7152,0.1635,-0.0884,0.1375,0.7028,0.5627,0.086,-0.2227,-0.4149,-0.5031,-0.4951,-0.485,-0.5277,-0.6184,-0.7363,-0.8538,-0.9406,-0.9796,-0.9765,-0.949,-0.7926,-0.8096,-0.8301,-0.8534,-0.8764,-0.8917,-0.8862,-0.8452,-0.7636,-0.6627,-0.5963,-0.5174,-0.444,-0.4128,-0.346,-0.1811,-0.0928,-0.2623,-0.3569,0.0152,0.7701,0.6074,0.1159,-0.135,-0.2294,-0.2441,-0.2576,-0.3304,-0.4618,-0.6337,-0.8321,-1.0222,-1.1446,-1.1695,-1.1256,-1.0565,-0.7788,-0.791,-0.8038,-0.8158,-0.8237,-0.8223,-0.8046,-0.7655,-0.7065,-0.6401,-0.5808,-0.5187,-0.4453,-0.4186,-0.3952,-0.361,-0.3862,-0.6358,-0.9003,-0.4366,0.0078,0.0898,-0.0473,-0.127,-0.0759,0.0635,0.0796,-0.1207,-0.3867,-0.666,-0.9796,-1.2895,-1.459,-1.4311,-1.3043,-1.1708,-0.7626,-0.7702,-0.7768,-0.7809,-0.78,-0.7709,-0.7502,-0.7166,-0.6722,-0.6226,-0.5729,-0.5227,-0.4753,-0.4407,-0.4083,-0.4008,-0.4537,-0.6363,-0.7674,-0.5314,-0.3434,-0.2329,-0.2083,-0.1535,0.0635,0.4984,0.589,0.0929,-0.3445,-0.7138,-1.1444,-1.617,-1.8376,-1.7034,-1.4632,-1.2616,-0.7459,-0.7497,-0.7518,-0.7508,-0.7451,-0.7328,-0.7125,-0.684,-0.6486,-0.6094,-0.5689,-0.5286,-0.4906,-0.4554,-0.4219,-0.4155,-0.4593,-0.5233,-0.5197,-0.4996,-0.4458,-0.3818,-0.3335,-0.2337,0.0213,0.5435,0.6602,-0.0095,-0.4234,-0.765,-1.206,-1.7465,-1.9902,-1.8002,-1.5146,-1.2912,-0.7299,-0.7308,-0.7297,-0.7256,-0.7175,-0.7043,-0.6855,-0.661,-0.632,-0.6001,-0.5669,-0.5341,-0.503,-0.475,-0.4543,-0.4514,-0.4696,-0.4933,-0.5006,-0.4956,-0.4876,-0.4922,-0.4742,-0.3855,-0.2475,-0.1904,-0.4536,-0.5117,-0.617,-0.8234,-1.1184,-1.5026,-1.7128,-1.6212,-1.4236,-1.2474,-0.7151,-0.7139,-0.7107,-0.7049,-0.6958,-0.6827,-0.6655,-0.6444,-0.6202,-0.5938,-0.5666,-0.5399,-0.515,-0.4938,-0.4795,-0.4755,-0.4814,-0.4915,-0.5002,-0.5128,-0.5545,-0.6433,-0.6655,-0.5548,-0.4707,-0.558,-0.7768,-0.7391,-0.8376,-0.9326,-1.0338,-1.2121,-1.349,-1.35,-1.2635,-1.1585,-0.7017,-0.6991,-0.6947,-0.688,-0.6785,-0.6661,-0.6507,-0.6324,-0.6119,-0.5899,-0.5675,-0.5457,-0.5257,-0.5092,-0.4978,-0.493,-0.4945,-0.501,-0.5135,-0.5417,-0.6127,-0.742,-0.779,-0.6518,-0.5767,-0.6211,-0.7228,-0.8804,-1.1331,-1.0954,-1.0271,-1.062,-1.1245,-1.1449,-1.1164,-1.063,-0.6899,-0.6864,-0.6812,-0.6741,-0.6649,-0.6533,-0.6395,-0.6236,-0.6061,-0.5877,-0.5691,-0.5512,-0.535,-0.5216,-0.5122,-0.5074,-0.5077,-0.5136,-0.5275,-0.5569,-0.6131,-0.6878,-0.7065,-0.6503,-0.6192,-0.6579,-0.7636,-0.9656,-1.171,-1.1219,-1.0199,-0.9932,-1.0074,-1.018,-1.0083,-0.9816]}]