docs/data/wind_grid.json
[{"header":{"la1":42.85,"la2":41.18,"lo1":11.55,"lo2":14.05,"nx":36,"ny":24,"dx":0.07143,"dy":0.07261,"parameterCategory":2,"parameterNumber":2,"parameterNumberName":"eastward_wind","parameterUnit":"m.s-1"},"data":[3.2848,3.2771,3.2676,3.2566,3.2444,3.2319,3.2198,3.2092,3.2004,3.193,3.1859,3.1778,3.1677,3.1557,3.1432,3.1327,3.1261,3.1232,3.1221,3.1203,3.1163,3.1096,3.1,3.088,3.0739,3.058,3.0406,3.022,3.0027,2.9829,2.963,2.9434,2.9242,2.9059,2.8886,2.8726,3.2939,3.2851,3.2739,3.2603,3.2448,3.2285,3.213,3.2001,3.1909,3.1849,3.1798,3.1729,3.1619,3.1464,3.1288,3.1142,3.1076,3.109,3.1132,3.1157,3.1142,3.1085,3.099,3.0863,3.071,3.0535,3.0344,3.0139,2.9925,2.9707,2.9487,2.927,2.9059,2.8859,2.8672,2.8501,3.3047,3.2949,3.2815,3.2646,3.2442,3.2219,3.2003,3.1832,3.1737,3.171,3.1708,3.1673,3.1563,3.1358,3.1087,3.0853,3.0788,3.0887,3.1026,3.1113,3.1128,3.108,3.0982,3.0845,3.0677,3.0485,3.0272,3.0045,2.9807,2.9564,2.932,2.9079,2.8847,2.8628,2.8425,2.8241,3.3179,3.3072,3.2918,3.2707,3.2436,3.2117,3.1788,3.1528,3.1422,3.147,3.1574,3.1619,3.1534,3.128,3.0867,3.0469,3.0404,3.066,3.0936,3.1093,3.1133,3.1087,3.098,3.0828,3.0641,3.0426,3.0189,2.9935,2.9669,2.9397,2.9124,2.8855,2.8598,2.8357,2.8136,2.794,3.3342,3.3234,3.3064,3.2811,3.2458,3.1995,3.1461,3.1001,3.0853,3.1066,3.1385,3.1577,3.1562,3.1307,3.0797,3.0236,3.0166,3.0568,3.0941,3.1126,3.1165,3.1107,3.0983,3.081,3.0599,3.0358,3.0092,2.9807,2.9507,2.92,2.8892,2.8592,2.8305,2.8038,2.7798,2.7587,3.3543,3.3447,3.3277,3.2998,3.2566,3.1932,3.1081,3.0202,2.9917,3.0484,3.1176,3.1568,3.1661,3.1491,3.1075,3.0596,3.0507,3.0813,3.1099,3.1228,3.1229,3.114,3.0988,3.0789,3.055,3.0278,2.9978,2.9655,2.9315,2.8967,2.8618,2.8277,2.7955,2.7659,2.7397,2.7172,3.3787,3.3725,3.3583,3.3315,3.2855,3.2106,3.0968,2.957,2.9047,3.0078,3.1099,3.1628,3.1815,3.1763,3.154,3.1277,3.1176,3.1257,3.1353,3.1373,3.131,3.1179,3.0993,3.0762,3.049,3.0182,2.9842,2.9475,2.9087,2.8688,2.8289,2.79,2.7536,2.7205,2.6918,2.668,3.4073,3.407,3.3996,3.3801,3.3407,3.2704,3.16,3.028,2.9771,3.0471,3.1233,3.1741,3.1987,3.2018,3.1918,3.1779,3.1678,3.1631,3.1592,3.1517,3.1391,3.1215,3.0992,3.0725,3.0417,3.0069,2.9682,2.9262,2.8816,2.8354,2.7891,2.7443,2.7026,2.6655,2.6342,2.6091,3.439,3.4474,3.4514,3.4466,3.4251,3.3748,3.2849,3.1683,3.0774,3.0575,3.1128,3.1801,3.2146,3.2203,3.2137,3.2043,3.1953,3.1867,3.1768,3.1636,3.146,3.124,3.0978,3.0674,3.0327,2.9933,2.9493,2.901,2.8491,2.795,2.7407,2.6882,2.6401,2.5981,2.5639,2.5381,3.472,3.4911,3.5105,3.5278,3.5366,3.5214,3.4475,3.2564,2.9416,2.8175,3.0202,3.1816,3.2306,3.2277,3.218,3.2125,3.2076,3.2007,3.1898,3.1732,3.151,3.1246,3.0944,3.0603,3.0216,2.9774,2.9273,2.8713,2.8103,2.746,2.681,2.6186,2.5621,2.5143,2.4772,2.4514,3.5032,3.5336,3.5704,3.6153,3.6679,3.7187,3.7171,3.4704,2.5997,2.1983,2.925,3.2216,3.2508,3.2078,3.195,3.2052,3.2114,3.212,3.2036,3.1827,3.154,3.1221,3.088,3.0507,3.0082,2.959,2.9019,2.8365,2.7638,2.686,2.6067,2.5308,2.4634,2.4085,2.3688,2.3447,3.5291,3.5693,3.6219,3.6933,3.7941,3.9395,4.133,4.2082,3.4059,2.7682,3.1765,3.3553,3.2813,3.1123,3.1315,3.1895,3.2122,3.233,3.2306,3.1944,3.1527,3.114,3.0768,3.0376,2.9925,2.9384,2.8734,2.7966,2.7085,2.6122,2.5128,2.418,2.3358,2.2725,2.2313,2.2118,3.5467,3.593,3.655,3.7421,3.8719,4.0765,4.4038,4.7828,4.4114,3.6891,3.5255,3.6138,3.4838,3.0826,3.1111,3.1886,3.2021,3.2743,3.2742,3.1974,3.1384,3.0946,3.0582,3.0207,2.975,2.9168,2.8431,2.7521,2.6436,2.521,2.3924,2.2699,2.167,2.0937,2.054,2.0452,3.5543,3.6017,3.6644,3.7507,3.8745,4.0569,4.3114,4.5589,4.3577,3.8313,3.6455,3.8794,3.9324,3.4732,3.2827,3.1722,3.1051,3.1968,3.2198,3.1574,3.0964,3.0557,3.0296,3.0005,2.9576,2.8966,2.8139,2.7055,2.5693,2.4085,2.2352,2.0702,1.9374,1.8536,1.8223,1.8351,3.5519,3.596,3.6519,3.7241,3.8179,3.9354,4.0588,4.109,3.9543,3.7006,3.5781,3.5784,3.4993,3.3068,3.3052,3.03,2.7744,3.0284,3.119,3.0836,3.011,2.9859,2.9912,2.9802,2.944,2.8825,2.7918,2.6633,2.4893,2.2709,2.026,1.7925,1.6156,1.5241,1.5169,1.5716,3.5414,3.5792,3.6243,3.6777,3.7382,3.7985,3.8377,3.8169,3.7127,3.5804,3.5079,3.4294,3.4277,3.3833,3.3057,3.0758,2.8834,3.0387,3.0948,3.0185,2.8688,2.8874,2.9556,2.9674,2.9398,2.8832,2.7895,2.6392,2.4134,2.1063,1.743,1.3941,1.1516,1.0659,1.117,1.2488,3.5252,3.5558,3.5898,3.6262,3.6615,3.6882,3.6936,3.6642,3.6013,3.5331,3.4982,3.462,3.4596,3.459,3.3617,3.2472,3.159,3.1488,3.1364,3.0388,2.854,2.8803,2.9563,2.9702,2.9525,2.9151,2.8317,2.6583,2.3611,1.9198,1.3595,0.8123,0.4763,0.4381,0.6142,0.8766,3.5057,3.5295,3.5541,3.5778,3.5975,3.608,3.6034,3.5805,3.5438,3.5066,3.4798,3.4607,3.4676,3.4665,3.4234,3.3803,3.2789,3.2043,3.1879,3.1362,3.0339,2.9929,2.9926,2.9859,2.9881,3.0061,2.9582,2.7478,2.354,1.7316,0.8694,-0.0018,-0.4507,-0.3476,0.0522,0.5002,3.4848,3.5029,3.5203,3.5355,3.5462,3.5496,3.5433,3.5269,3.504,3.4803,3.4604,3.4464,3.4422,3.4498,3.5274,3.5633,3.3622,3.2353,3.2064,3.2061,3.1381,3.066,3.0194,2.9964,3.0306,3.1622,3.1784,2.873,2.3811,1.5936,0.3874,-0.892,-1.4305,-1.0877,-0.4168,0.2142,3.4639,3.4774,3.4896,3.4993,3.5051,3.5053,3.4993,3.4873,3.4715,3.4546,3.4392,3.4277,3.4236,3.4398,3.5062,3.5195,3.3711,3.2666,3.2686,3.2874,3.1813,3.0829,3.0162,2.98,3.0075,3.1713,3.2057,2.8378,2.3857,1.5858,0.2466,-1.2197,-1.787,-1.3342,-0.5621,0.1279,3.4435,3.4535,3.462,3.4682,3.471,3.4699,3.4644,3.455,3.4429,3.4297,3.4169,3.4063,3.4006,3.4044,3.4152,3.3958,3.3259,3.2622,3.2455,3.2317,3.1451,3.0454,2.981,2.9384,2.8997,2.8396,2.6669,2.6064,2.3731,1.7252,0.6142,-0.5886,-1.1311,-0.8751,-0.2934,0.2787,3.424,3.4314,3.4373,3.441,3.4421,3.4401,3.435,3.4271,3.417,3.4056,3.394,3.3831,3.3737,3.3659,3.3547,3.3285,3.2843,3.238,3.2008,3.1534,3.0653,2.9649,2.9261,2.9035,2.8236,2.6663,2.5071,2.5219,2.3756,1.9059,1.1487,0.3502,-0.1015,-0.0804,0.2206,0.5934,3.4056,3.4109,3.4148,3.4169,3.4168,3.4142,3.4092,3.402,3.3929,3.3824,3.371,3.3591,3.3467,3.3326,3.3139,3.2867,3.2502,3.2083,3.1617,3.0997,3.0092,2.9168,2.8987,2.8919,2.8118,2.6833,2.5795,2.5231,2.3758,2.0478,1.5671,1.0683,0.7332,0.6473,0.7561,0.9587,3.3882,3.392,3.3944,3.3952,3.3941,3.3911,3.386,3.3791,3.3703,3.3601,3.3486,3.3358,3.3213,3.3043,3.2829,3.2556,3.2217,3.1814,3.1335,3.0734,3.0007,2.9369,2.9119,2.887,2.8175,2.7192,2.6252,2.5331,2.3905,2.1578,1.8497,1.5337,1.2963,1.1887,1.203,1.2974]},{"header":{"la1":42.85,"la2":41.18,"lo1":11.55,"lo2":14.05,"nx":36,"ny":24,"dx":0.07143,"dy":0.07261,"parameterCategory":2,"parameterNumber":3,"parameterNumberName":"northward_wind","parameterUnit":"m.s-1"},"data":[0.9594,0.9324,0.9027,0.8709,0.8388,0.8091,0.7856,0.772,0.7702,0.7787,0.7922,0.8038,0.808,0.8029,0.7924,0.786,0.7942,0.821,0.862,0.9096,0.9574,1.0022,1.0428,1.0793,1.1121,1.1415,1.1681,1.1922,1.214,1.2337,1.2515,1.2675,1.2819,1.2947,1.3061,1.3162,0.9505,0.9185,0.8817,0.8404,0.7962,0.753,0.7171,0.6963,0.6958,0.714,0.741,0.7636,0.7706,0.7569,0.7284,0.7043,0.7078,0.7467,0.8079,0.8746,0.9367,0.9913,1.0384,1.0794,1.1154,1.1472,1.1756,1.2011,1.224,1.2446,1.263,1.2795,1.2941,1.3071,1.3186,1.3286,0.9445,0.9073,0.8623,0.8089,0.7475,0.6823,0.6233,0.5867,0.5869,0.6235,0.6773,0.722,0.7368,0.7108,0.6496,0.589,0.5845,0.65,0.7473,0.8415,0.9207,0.9853,1.0385,1.0833,1.1219,1.1558,1.1857,1.2125,1.2363,1.2576,1.2766,1.2934,1.3082,1.3212,1.3326,1.3424,0.943,0.901,0.8479,0.7803,0.6957,0.5956,0.493,0.4197,0.4157,0.4886,0.5953,0.6819,0.7151,0.6779,0.5693,0.4449,0.4296,0.5467,0.6967,0.8214,0.9154,0.9872,1.0444,1.0917,1.1322,1.1676,1.1988,1.2265,1.2512,1.2731,1.2924,1.3094,1.3243,1.3372,1.3483,1.3578,0.9476,0.9027,0.8431,0.7621,0.6508,0.5009,0.3187,0.1587,0.1323,0.2818,0.4931,0.6506,0.7166,0.6827,0.5431,0.3605,0.337,0.5041,0.6902,0.8285,0.9264,0.9991,1.0569,1.105,1.1465,1.1829,1.2151,1.2436,1.2689,1.2912,1.3107,1.3278,1.3426,1.3552,1.3659,1.3748,0.9595,0.9147,0.8532,0.7648,0.6326,0.4294,0.129,-0.2148,-0.3179,-0.0017,0.3966,0.6469,0.7512,0.7419,0.6337,0.4854,0.4634,0.5975,0.7506,0.8674,0.9532,1.0199,1.0752,1.1228,1.1647,1.2018,1.2347,1.2639,1.2896,1.3122,1.3318,1.3488,1.3632,1.3754,1.3855,1.3938,0.9791,0.9385,0.8818,0.7981,0.666,0.4437,0.0588,-0.5034,-0.7414,-0.1803,0.4038,0.7041,0.8224,0.8376,0.7879,0.7189,0.704,0.7626,0.8455,0.9218,0.9874,1.0451,1.0971,1.1441,1.1864,1.2243,1.258,1.2878,1.3138,1.3365,1.356,1.3726,1.3865,1.398,1.4073,1.4146,1.0052,0.9724,0.9275,0.8622,0.7602,0.5884,0.2878,-0.1584,-0.3283,0.1581,0.6174,0.8381,0.9222,0.9378,0.9177,0.8872,0.873,0.8868,0.921,0.9659,1.0163,1.0686,1.1198,1.1679,1.2117,1.2508,1.2854,1.3156,1.3418,1.3643,1.3835,1.3995,1.4127,1.4233,1.4315,1.4376,1.0354,1.0126,0.9834,0.9443,0.8894,0.8092,0.6966,0.5864,0.6162,0.8012,0.9428,1.0061,1.0257,1.0207,1.0012,0.9747,0.9506,0.9395,0.9491,0.9811,1.0297,1.0859,1.1422,1.1944,1.2411,1.282,1.3174,1.3479,1.3741,1.3962,1.4147,1.4299,1.442,1.4514,1.4583,1.4629,1.0667,1.0537,1.0396,1.025,1.0115,1.0038,1.0158,1.0851,1.2448,1.3224,1.2237,1.1443,1.1032,1.0736,1.0451,1.0091,0.9628,0.9224,0.9164,0.9553,1.0225,1.0967,1.1657,1.2256,1.2762,1.319,1.3551,1.3855,1.4112,1.4325,1.45,1.464,1.4748,1.4826,1.4878,1.4905,1.0962,1.0912,1.0884,1.0902,1.1002,1.1243,1.1725,1.2802,1.5777,1.7215,1.3895,1.2187,1.1388,1.0861,1.0563,1.0125,0.9215,0.8144,0.79,0.8743,0.9964,1.1078,1.1968,1.2658,1.3199,1.3636,1.3995,1.4292,1.4538,1.4738,1.4898,1.5023,1.5113,1.5173,1.5203,1.5208,1.1222,1.1225,1.1263,1.1355,1.1527,1.1791,1.2106,1.2469,1.4176,1.5509,1.3632,1.2468,1.1477,1.0384,1.0384,1.0072,0.8276,0.526,0.4845,0.7342,0.9731,1.1381,1.2472,1.3214,1.3755,1.4176,1.4519,1.4799,1.5025,1.5205,1.5345,1.5449,1.5519,1.5556,1.5561,1.5537,1.1442,1.1473,1.1537,1.1645,1.18,1.198,1.2085,1.1972,1.2341,1.3101,1.3088,1.3155,1.244,1.0253,1.0386,1.0194,0.7481,0.0527,0.049,0.6455,1.0179,1.2209,1.3323,1.3986,1.4451,1.4823,1.5132,1.5383,1.5579,1.5729,1.5843,1.5924,1.597,1.5981,1.5954,1.5896,1.1623,1.1666,1.1735,1.1831,1.1948,1.2061,1.2114,1.208,1.224,1.2644,1.3021,1.4127,1.4424,1.4204,1.1702,1.0522,0.863,0.4397,0.4016,0.8655,1.2136,1.391,1.4632,1.4985,1.5281,1.5578,1.5846,1.6056,1.6206,1.6312,1.6391,1.6446,1.647,1.6452,1.6388,1.6285,1.1774,1.182,1.1883,1.1962,1.205,1.2132,1.2191,1.2243,1.2355,1.2497,1.2729,1.3314,1.2696,1.0342,1.1743,1.0326,0.9036,0.9368,1.0111,1.2839,1.5734,1.6631,1.632,1.6106,1.6195,1.6441,1.6684,1.684,1.6913,1.6948,1.6983,1.7018,1.7025,1.6977,1.6865,1.6705,1.1901,1.1946,1.2003,1.2069,1.214,1.2209,1.2271,1.2328,1.236,1.2207,1.1501,1.4245,1.3653,1.2312,1.2039,1.0934,0.9963,1.1513,1.349,1.6441,2.026,1.9773,1.7865,1.7109,1.7132,1.7451,1.7712,1.7774,1.7701,1.7619,1.7601,1.7634,1.7643,1.7565,1.7389,1.7149,1.2012,1.2055,1.2107,1.2165,1.2226,1.2288,1.2346,1.2392,1.2389,1.2203,1.1696,1.2996,1.3965,1.4032,1.2852,1.2347,1.2663,1.4352,1.6156,1.781,2.0913,2.0276,1.8395,1.7795,1.8118,1.8759,1.9092,1.8926,1.8554,1.8275,1.8207,1.8287,1.8338,1.8223,1.795,1.76,1.2111,1.2153,1.2201,1.2254,1.231,1.2368,1.2424,1.2472,1.2498,1.2496,1.2595,1.3105,1.396,1.4055,1.2941,1.2779,1.4072,1.6938,1.8822,1.8265,1.8723,1.8679,1.8165,1.8265,1.9276,2.0657,2.1084,2.0317,1.9381,1.8826,1.8736,1.8954,1.9098,1.892,1.8501,1.8013,1.2202,1.2243,1.2289,1.2339,1.2393,1.245,1.2507,1.2564,1.2622,1.2697,1.2842,1.3093,1.332,1.3085,1.1919,1.1534,1.4097,1.7289,1.9019,1.9662,1.8846,1.8167,1.7979,1.8578,2.039,2.3066,2.3624,2.1564,1.9923,1.9149,1.91,1.9526,1.9783,1.9505,1.8925,1.8312,1.2286,1.2327,1.2372,1.2422,1.2475,1.2532,1.2592,1.2656,1.2729,1.2818,1.2935,1.3063,1.3112,1.288,1.2147,1.208,1.4313,1.7362,2.1205,2.2613,1.9561,1.7996,1.768,1.8413,2.0372,2.3358,2.3971,2.1277,1.9803,1.9163,1.9192,1.9716,2.0014,1.9692,1.9063,1.8417,1.2366,1.2406,1.2452,1.2501,1.2555,1.2613,1.2676,1.2746,1.2823,1.2913,1.3014,1.3111,1.3167,1.3139,1.3097,1.3521,1.4923,1.7115,1.9653,2.038,1.8599,1.7145,1.6812,1.7575,1.9049,2.0101,1.9363,1.9226,1.9143,1.8918,1.8989,1.9376,1.9604,1.9373,1.8865,1.8309,1.2441,1.2482,1.2528,1.2578,1.2633,1.2693,1.2759,1.2832,1.2914,1.3005,1.3106,1.3213,1.3322,1.3448,1.3677,1.4194,1.5144,1.642,1.7568,1.7791,1.6836,1.5516,1.5209,1.6332,1.7799,1.8503,1.8181,1.8395,1.8604,1.8574,1.8626,1.8819,1.8937,1.8803,1.8466,1.8051,1.2512,1.2554,1.2601,1.2653,1.2709,1.2771,1.284,1.2916,1.3002,1.3099,1.3208,1.3333,1.3483,1.3682,1.398,1.4446,1.5103,1.5846,1.641,1.6451,1.5758,1.4548,1.4235,1.5513,1.699,1.7897,1.8176,1.8243,1.8258,1.8228,1.824,1.8307,1.8339,1.8246,1.8027,1.7733,1.258,1.2623,1.2671,1.2724,1.2782,1.2847,1.2918,1.2998,1.3088,1.319,1.3308,1.3447,1.3618,1.3838,1.4132,1.4521,1.4991,1.5467,1.5808,1.5857,1.552,1.4959,1.4862,1.56,1.6586,1.7336,1.7731,1.7872,1.7893,1.7875,1.7868,1.7876,1.7861,1.7782,1.7627,1.7416]}]