docs/data/wind_grid.json
[{"header":{"la1":42.85,"la2":41.18,"lo1":11.55,"lo2":14.05,"nx":36,"ny":24,"dx":0.07143,"dy":0.07261,"parameterCategory":2,"parameterNumber":2,"parameterNumberName":"eastward_wind","parameterUnit":"m.s-1"},"data":[0.7721,0.8051,0.841,0.8793,0.9188,0.9572,0.992,1.0209,1.0438,1.064,1.0881,1.1241,1.1772,1.2459,1.3171,1.3669,1.3718,1.3257,1.2428,1.1445,1.0471,0.9585,0.8812,0.8148,0.7578,0.7087,0.6662,0.629,0.5962,0.5672,0.5414,0.5184,0.4978,0.4793,0.4626,0.4476,0.779,0.8167,0.859,0.9058,0.9556,1.0054,1.0504,1.0851,1.1072,1.1211,1.139,1.1766,1.2475,1.3551,1.4814,1.5788,1.5932,1.5134,1.3776,1.231,1.0985,0.9871,0.8955,0.8202,0.7576,0.705,0.66,0.6212,0.5874,0.5576,0.5313,0.508,0.4871,0.4685,0.4519,0.437,0.7829,0.8255,0.8752,0.9326,0.9972,1.0654,1.1289,1.1755,1.1957,1.1941,1.1928,1.2219,1.3088,1.4708,1.6921,1.8834,1.9126,1.7591,1.5292,1.3128,1.1385,1.004,0.8999,0.8177,0.7512,0.6962,0.6498,0.6101,0.5757,0.5456,0.5191,0.4956,0.4748,0.4563,0.4398,0.425,0.7823,0.8294,0.8867,0.9566,1.0411,1.1383,1.2371,1.3118,1.332,1.2977,1.2523,1.2516,1.3406,1.558,1.9128,2.267,2.3148,2.0223,1.656,1.3625,1.1521,1.0017,0.8907,0.8055,0.7377,0.682,0.6354,0.5956,0.5612,0.5311,0.5047,0.4814,0.4608,0.4424,0.4262,0.4118,0.7759,0.826,0.8894,0.9715,1.0791,1.2181,1.3818,1.5246,1.558,1.4558,1.3206,1.2577,1.3189,1.549,1.9893,2.4919,2.5551,2.131,1.6714,1.3437,1.1253,0.9753,0.8664,0.7833,0.7171,0.6627,0.6169,0.5777,0.5438,0.5142,0.4882,0.4653,0.445,0.4271,0.4112,0.3973,0.7621,0.8128,0.8787,0.9681,1.0946,1.279,1.54,1.8296,1.9187,1.6759,1.3828,1.2313,1.2367,1.405,1.7557,2.166,2.2296,1.893,1.517,1.2436,1.0576,0.9266,0.829,0.7527,0.6906,0.6388,0.5948,0.5569,0.524,0.4951,0.4697,0.4473,0.4276,0.4101,0.3948,0.3814,0.7407,0.7883,0.8511,0.938,1.0663,1.269,1.6008,2.0653,2.2576,1.8174,1.3693,1.1575,1.1135,1.1917,1.3695,1.5659,1.6113,1.4679,1.2691,1.0988,0.9677,0.8659,0.7843,0.717,0.6602,0.6118,0.57,0.5337,0.502,0.4741,0.4495,0.4277,0.4086,0.3917,0.377,0.3642,0.7122,0.7535,0.807,0.8798,0.9857,1.1507,1.4189,1.7937,1.9357,1.5626,1.206,1.0335,0.9797,1.0,1.0674,1.1429,1.172,1.1332,1.0546,0.9669,0.8833,0.8074,0.7397,0.6802,0.6282,0.5829,0.5433,0.5087,0.4783,0.4514,0.4276,0.4066,0.388,0.3718,0.3577,0.3456,0.6784,0.7113,0.7517,0.8033,0.872,0.967,1.0948,1.2245,1.2405,1.1141,0.9815,0.8982,0.8636,0.8651,0.8894,0.9232,0.9493,0.9531,0.9301,0.8845,0.8254,0.7621,0.7011,0.6455,0.5963,0.5532,0.5156,0.4826,0.4534,0.4276,0.4045,0.384,0.366,0.3503,0.3368,0.3255,0.6418,0.6657,0.6927,0.7233,0.7575,0.7955,0.8362,0.8718,0.8848,0.8715,0.8346,0.799,0.7863,0.7901,0.8015,0.825,0.8633,0.8993,0.9042,0.8671,0.804,0.7351,0.6708,0.6143,0.5655,0.5236,0.4875,0.4559,0.4279,0.4029,0.3804,0.3602,0.3425,0.3272,0.3144,0.3039,0.6047,0.6207,0.6366,0.6511,0.6619,0.6669,0.671,0.7038,0.8187,0.8705,0.7759,0.7432,0.7572,0.7792,0.7762,0.7904,0.8646,0.9697,1.0001,0.9261,0.8188,0.7233,0.6467,0.5855,0.5357,0.4944,0.4596,0.4294,0.4024,0.3779,0.3555,0.3353,0.3174,0.3023,0.29,0.2804,0.5686,0.5785,0.5867,0.5915,0.5899,0.5782,0.5553,0.5469,0.6696,0.7681,0.7075,0.7134,0.7732,0.8746,0.7873,0.7729,0.931,1.248,1.3024,1.0631,0.8507,0.7142,0.6236,0.5575,0.5065,0.4659,0.4327,0.4042,0.3781,0.3536,0.3303,0.309,0.2904,0.275,0.2632,0.2547,0.5344,0.5399,0.5434,0.5435,0.5382,0.5243,0.4975,0.4631,0.5017,0.5811,0.6287,0.7295,0.78,0.8475,0.7231,0.7236,0.973,1.7481,1.7607,1.1634,0.8456,0.6916,0.5983,0.53,0.4782,0.4392,0.4087,0.3822,0.3566,0.3308,0.3052,0.2812,0.2605,0.2444,0.2331,0.2262,0.5019,0.5042,0.5048,0.503,0.4982,0.4899,0.4787,0.4689,0.4718,0.4803,0.5356,0.7948,0.8754,0.6852,0.6229,0.6006,0.7361,1.2752,1.3731,0.9821,0.7701,0.6673,0.5814,0.5066,0.4521,0.4164,0.3908,0.3672,0.3409,0.3112,0.28,0.2506,0.2262,0.2087,0.1984,0.194,0.471,0.4706,0.4688,0.4653,0.4599,0.4531,0.445,0.4324,0.3993,0.3334,0.2978,0.399,0.4891,0.4317,0.4727,0.4421,0.4286,0.5931,0.7099,0.7081,0.7572,0.7271,0.599,0.4894,0.4288,0.4018,0.3862,0.366,0.3357,0.2966,0.2541,0.2146,0.1839,0.165,0.1572,0.1573,0.4413,0.4384,0.434,0.4277,0.4192,0.4075,0.3895,0.3562,0.2868,0.1453,-0.0919,0.0712,0.1731,0.2744,0.2733,0.3001,0.3506,0.3125,0.3479,0.5964,1.0612,0.9686,0.6363,0.4612,0.4067,0.4068,0.4106,0.3915,0.3478,0.2887,0.2248,0.1677,0.1277,0.1089,0.1073,0.1156,0.4126,0.4072,0.4,0.3904,0.3774,0.3592,0.3315,0.2861,0.2089,0.0798,-0.0845,-0.0052,-0.0814,-0.1602,-0.0505,-0.0417,-0.0115,-0.0596,-0.0593,0.3251,1.0711,0.9408,0.5385,0.3838,0.3934,0.4625,0.4976,0.4639,0.3849,0.2873,0.1866,0.1007,0.049,0.0358,0.0479,0.07,0.3851,0.3773,0.3673,0.3543,0.3373,0.3141,0.2815,0.2349,0.1701,0.0897,0.0182,-0.0379,-0.1887,-0.2863,-0.5463,-0.7122,-0.4851,-0.427,-0.4885,-0.273,0.1609,0.3061,0.2355,0.2556,0.4204,0.6327,0.7032,0.6013,0.4466,0.2889,0.1338,0.0051,-0.0576,-0.0529,-0.016,0.0252,0.3589,0.3489,0.3364,0.3207,0.3005,0.2744,0.2402,0.1958,0.1404,0.0764,0.0058,-0.087,-0.2398,-0.5671,-1.5165,-1.8854,-0.9513,-0.6469,-0.6902,-0.913,-0.5882,-0.2853,-0.1207,0.0978,0.483,0.938,1.0324,0.7604,0.5057,0.2894,0.0762,-0.1016,-0.169,-0.1346,-0.0686,-0.0093,0.3343,0.3224,0.3078,0.2899,0.2676,0.2398,0.2051,0.1621,0.1101,0.0477,-0.0306,-0.1424,-0.3312,-0.7159,-1.4321,-1.6482,-1.0533,-0.9177,-1.4747,-1.7663,-1.0853,-0.7381,-0.5204,-0.1604,0.3955,0.9795,1.0896,0.7607,0.5152,0.2911,0.056,-0.142,-0.2089,-0.1622,-0.0873,-0.0237,0.3113,0.2979,0.2817,0.2621,0.2384,0.2097,0.1747,0.1323,0.0811,0.0181,-0.0631,-0.1765,-0.3472,-0.6058,-0.9043,-1.0047,-0.9018,-0.9533,-1.2733,-1.4086,-1.235,-1.2576,-1.1757,-0.6612,0.0539,0.5702,0.6982,0.6432,0.4891,0.2954,0.0928,-0.0732,-0.1402,-0.1184,-0.0661,-0.0163,0.2902,0.2755,0.2581,0.2374,0.2128,0.1835,0.1485,0.1067,0.0563,-0.0054,-0.0832,-0.1846,-0.3175,-0.4792,-0.6332,-0.7225,-0.7671,-0.8638,-1.0353,-1.2121,-1.5394,-2.2165,-2.3802,-1.4592,-0.3712,0.3745,0.6927,0.6193,0.4471,0.283,0.1342,0.0177,-0.0423,-0.0482,-0.0258,0.0038,0.2709,0.2552,0.237,0.2156,0.1906,0.1611,0.1265,0.0856,0.037,-0.0213,-0.0922,-0.1785,-0.2809,-0.3933,-0.5002,-0.5889,-0.6729,-0.7863,-0.957,-1.244,-1.8572,-2.9104,-3.199,-2.0258,-0.7621,0.0545,0.4179,0.4384,0.3399,0.234,0.1401,0.0663,0.0214,0.0057,0.0103,0.0248,0.2534,0.2371,0.2183,0.1966,0.1715,0.1423,0.1085,0.069,0.023,-0.0309,-0.0941,-0.1673,-0.2497,-0.3374,-0.425,-0.5112,-0.6052,-0.7267,-0.9065,-1.2064,-1.7268,-2.387,-2.5175,-1.8013,-0.9088,-0.2639,0.0793,0.1943,0.1949,0.1578,0.1134,0.0742,0.0469,0.0338,0.0329,0.0399]},{"header":{"la1":42.85,"la2":41.18,"lo1":11.55,"lo2":14.05,"nx":36,"ny":24,"dx":0.07143,"dy":0.07261,"parameterCategory":2,"parameterNumber":3,"parameterNumberName":"northward_wind","parameterUnit":"m.s-1"},"data":[3.4313,3.4147,3.3945,3.3704,3.3424,3.3108,3.2758,3.2372,3.1931,3.1398,3.072,2.9847,2.8762,2.7526,2.6314,2.5409,2.5054,2.5286,2.5915,2.669,2.7435,2.8068,2.8574,2.8963,2.9257,2.9476,2.964,2.9761,2.9851,2.9918,2.997,3.001,3.0042,3.007,3.0095,3.0119,3.4492,3.4321,3.4104,3.3837,3.352,3.3161,3.2773,3.2365,3.1922,3.1385,3.0656,2.9619,2.8194,2.6401,2.4495,2.3033,2.2592,2.3226,2.445,2.5746,2.6851,2.7707,2.8339,2.8799,2.9129,2.9367,2.9538,2.9661,2.975,2.9816,2.9865,2.9903,2.9934,2.9961,2.9986,3.0011,3.4698,3.4523,3.4289,3.3988,3.3615,3.3181,3.272,3.2274,3.1856,3.1386,3.0686,2.9538,2.7734,2.5162,2.2073,1.9535,1.8987,2.0504,2.2789,2.4839,2.6373,2.7447,2.8185,2.8691,2.9039,2.9281,2.9449,2.9567,2.965,2.9711,2.9755,2.979,2.9819,2.9844,2.9869,2.9895,3.4935,3.4762,3.4514,3.4171,3.3715,3.315,3.2529,3.1974,3.1601,3.1327,3.0825,2.9714,2.7636,2.4229,1.9477,1.5068,1.4413,1.7575,2.1388,2.4261,2.6152,2.7362,2.8141,2.8651,2.8989,2.9216,2.937,2.9475,2.9548,2.9599,2.9637,2.9667,2.9692,2.9717,2.9742,2.9769,3.5211,3.5051,3.48,3.4419,3.386,3.3083,3.2124,3.1239,3.0875,3.1042,3.1042,3.0224,2.8192,2.4452,1.8582,1.2434,1.1674,1.6356,2.1183,2.4389,2.6325,2.7494,2.8217,2.8675,2.8971,2.9165,2.9293,2.9378,2.9436,2.9476,2.9506,2.953,2.9553,2.9576,2.9602,2.9631,3.553,3.5403,3.5174,3.4786,3.4145,3.3114,3.158,2.9849,2.9259,3.0367,3.1335,3.1064,2.9455,2.6323,2.1423,1.6252,1.5369,1.8961,2.2786,2.5344,2.6886,2.7812,2.8381,2.8738,2.8966,2.9112,2.9207,2.9268,2.9308,2.9336,2.9357,2.9376,2.9396,2.9419,2.9446,2.9478,3.589,3.5821,3.5657,3.533,3.4715,3.358,3.1553,2.8621,2.7408,2.9947,3.2018,3.221,3.1091,2.898,2.6056,2.323,2.2334,2.3577,2.5344,2.6718,2.7623,2.8198,2.8563,2.8796,2.8944,2.9038,2.9097,2.9133,2.9155,2.9171,2.9184,2.9199,2.9218,2.9241,2.9272,2.9309,3.6282,3.6297,3.6243,3.6065,3.5655,3.4805,3.3166,3.0657,2.9655,3.2006,3.3675,3.3647,3.2677,3.1233,2.9563,2.8038,2.718,2.7121,2.7479,2.7897,2.8243,2.8499,2.8677,2.8796,2.8872,2.8919,2.8946,2.896,2.8968,2.8974,2.8982,2.8994,2.9013,2.9041,2.9076,2.9121,3.6686,3.6802,3.6894,3.6932,3.6863,3.6602,3.6073,3.5463,3.557,3.6279,3.615,3.517,3.3897,3.2624,3.144,3.0373,2.9501,2.8906,2.8594,2.8499,2.8525,2.8589,2.8648,2.8691,2.8718,2.8732,2.8737,2.8738,2.8736,2.8737,2.8742,2.8756,2.8779,2.8812,2.8856,2.8911,3.7074,3.7295,3.754,3.7808,3.8098,3.841,3.8779,3.9421,4.0625,4.0832,3.8732,3.6381,3.4502,3.3087,3.2072,3.1199,3.0234,2.9272,2.862,2.8375,2.836,2.8398,2.8427,2.8444,2.8453,2.8458,2.8457,2.8453,2.845,2.8451,2.8459,2.8478,2.8508,2.8552,2.8608,2.8677,3.7419,3.7732,3.8109,3.8573,3.9154,3.9875,4.071,4.1694,4.3988,4.5176,4.0552,3.6914,3.4345,3.2514,3.1685,3.1177,2.9972,2.8282,2.735,2.7428,2.7738,2.7915,2.7987,2.8025,2.8056,2.8079,2.8092,2.8097,2.8101,2.8109,2.8126,2.8155,2.8198,2.8255,2.8328,2.8416,3.7697,3.8076,3.8545,3.9139,3.9911,4.0906,4.2069,4.2914,4.3339,4.349,4.0137,3.6995,3.3844,3.0916,3.0124,3.0865,2.9055,2.5076,2.3982,2.5681,2.6789,2.7159,2.729,2.7398,2.7503,2.7583,2.7632,2.7659,2.768,2.7704,2.7737,2.7782,2.7842,2.7919,2.8014,2.8127,3.7894,3.8307,3.8816,3.9459,4.0293,4.1384,4.2738,4.3889,4.3168,4.1457,3.9497,3.8047,3.546,2.929,2.8501,3.1409,2.8663,1.9556,1.9188,2.4225,2.5804,2.6032,2.6201,2.6494,2.6775,2.6964,2.7069,2.7128,2.7175,2.7227,2.7286,2.7355,2.7438,2.7539,2.7663,2.7806,3.8007,3.8422,3.8922,3.9537,4.0301,4.1245,4.2329,4.3213,4.2672,4.0989,3.9769,3.9743,3.9449,3.5861,3.4048,3.3898,3.2069,2.4898,2.287,2.4825,2.4379,2.3871,2.4388,2.5243,2.5885,2.6232,2.6393,2.6486,2.6574,2.6671,2.6772,2.6873,2.6983,2.7113,2.7271,2.7455,3.8043,3.8435,3.8893,3.9429,4.0048,4.0732,4.1383,4.173,4.1432,4.095,4.08,4.0359,3.9226,3.9807,3.7053,3.6789,3.806,3.3049,2.8671,2.4678,1.9731,1.8913,2.1485,2.3748,2.4938,2.5406,2.5571,2.5692,2.5852,2.6034,2.62,2.634,2.6476,2.6636,2.6837,2.7073,3.8016,3.8372,3.8773,3.9217,3.9694,4.0167,4.0563,4.0793,4.0937,4.1544,4.3149,4.2708,4.1441,3.9763,3.8419,3.7607,3.7692,3.5232,3.1134,2.1985,0.8224,1.0331,1.8433,2.2624,2.4134,2.4455,2.4492,2.4661,2.4981,2.5326,2.5595,2.5774,2.5922,2.6109,2.6363,2.6669,3.7941,3.8257,3.8601,3.8966,3.9338,3.9694,4.0007,4.0291,4.0692,4.1556,4.2908,4.2485,4.3172,4.3512,4.0002,3.8368,3.774,3.7757,3.6246,2.5404,0.7101,0.9907,1.888,2.2736,2.352,2.3122,2.2871,2.3247,2.3948,2.4595,2.5012,2.5208,2.5331,2.5537,2.5863,2.626,3.7832,3.8109,3.8403,3.8707,3.9011,3.9305,3.9588,3.9891,4.0291,4.0855,4.1401,4.1775,4.3357,4.3571,4.0643,3.9534,3.9345,4.2644,4.7051,3.645,2.4785,2.1475,2.3091,2.3793,2.269,2.0821,2.0235,2.136,2.2838,2.3947,2.4543,2.4699,2.4734,2.4955,2.538,2.5889,3.7699,3.7942,3.8194,3.8451,3.8707,3.8959,3.9212,3.9484,3.9799,4.0155,4.0493,4.0831,4.1231,4.1016,4.0726,4.0852,4.0031,4.2359,4.4681,3.9835,3.3818,2.9027,2.668,2.4706,2.1545,1.7505,1.667,1.9525,2.1994,2.3524,2.4268,2.4334,2.4239,2.4483,2.5015,2.5625,3.7551,3.7762,3.7979,3.8198,3.8415,3.863,3.8845,3.9067,3.9301,3.9534,3.9744,3.9916,4.0009,4.001,4.0349,4.0445,3.9646,4.0075,4.1237,4.1665,3.6632,3.1659,2.8345,2.5434,2.1631,1.7019,1.6106,1.9617,2.191,2.3401,2.4184,2.4224,2.4081,2.4335,2.4902,2.5542,3.7392,3.7575,3.7761,3.7946,3.8129,3.8308,3.8484,3.8656,3.8821,3.8971,3.9089,3.9163,3.9187,3.9202,3.9265,3.912,3.8718,3.8731,3.942,3.9077,3.5338,3.1213,2.8538,2.6229,2.3296,2.0962,2.1101,2.1516,2.2409,2.3525,2.425,2.4399,2.4362,2.4595,2.5087,2.5664,3.7226,3.7384,3.7542,3.7697,3.7849,3.7993,3.813,3.8256,3.8367,3.8454,3.8508,3.852,3.8488,3.8422,3.8303,3.8052,3.7679,3.7334,3.6909,3.5542,3.2409,2.8935,2.7615,2.6797,2.4726,2.2695,2.1962,2.2165,2.2939,2.3843,2.4481,2.4748,2.4858,2.5082,2.547,2.594,3.7055,3.719,3.7323,3.7451,3.7573,3.7686,3.7788,3.7874,3.794,3.7979,3.7983,3.7944,3.7858,3.7716,3.7498,3.7167,3.6706,3.6087,3.5131,3.339,3.0502,2.7455,2.6849,2.7054,2.5767,2.3997,2.298,2.3055,2.3683,2.4369,2.4885,2.5189,2.5385,2.5612,2.5924,2.6296,3.6882,3.6996,3.7105,3.7209,3.7305,3.7389,3.7459,3.7511,3.754,3.754,3.7503,3.7422,3.729,3.7093,3.6813,3.6421,3.5885,3.5143,3.4064,3.2455,3.029,2.8274,2.757,2.7427,2.6599,2.5408,2.4578,2.4398,2.4663,2.5065,2.5424,2.5692,2.5903,2.612,2.6379,2.6678]}]