docs/data/wind_grid.json
[{"header":{"la1":42.85,"la2":41.18,"lo1":11.55,"lo2":14.05,"nx":36,"ny":24,"dx":0.07143,"dy":0.07261,"parameterCategory":2,"parameterNumber":2,"parameterNumberName":"eastward_wind","parameterUnit":"m.s-1"},"data":[-0.4857,-0.5024,-0.5203,-0.5385,-0.5557,-0.5697,-0.5774,-0.5757,-0.562,-0.5359,-0.499,-0.4545,-0.4053,-0.3538,-0.3018,-0.2509,-0.2033,-0.1615,-0.1284,-0.1058,-0.0936,-0.0898,-0.0918,-0.0967,-0.1026,-0.1082,-0.113,-0.1167,-0.1194,-0.1211,-0.1221,-0.1225,-0.1225,-0.1223,-0.1218,-0.1213,-0.4987,-0.5196,-0.5429,-0.5684,-0.5945,-0.6184,-0.6355,-0.6398,-0.6262,-0.5938,-0.5458,-0.4881,-0.4258,-0.3617,-0.2973,-0.2337,-0.1731,-0.1199,-0.0792,-0.0546,-0.0461,-0.0494,-0.0593,-0.0714,-0.0831,-0.0929,-0.1007,-0.1065,-0.1105,-0.1131,-0.1147,-0.1155,-0.1157,-0.1156,-0.1152,-0.1148,-0.51,-0.5352,-0.5649,-0.5994,-0.6379,-0.6774,-0.7111,-0.7275,-0.7158,-0.6729,-0.6067,-0.5294,-0.4496,-0.3702,-0.2908,-0.2106,-0.1315,-0.0601,-0.0073,0.0187,0.0188,0.0021,-0.021,-0.0437,-0.0629,-0.0779,-0.089,-0.0968,-0.1021,-0.1054,-0.1074,-0.1084,-0.1087,-0.1087,-0.1084,-0.1081,-0.5184,-0.5477,-0.5839,-0.6287,-0.6834,-0.7466,-0.8097,-0.8519,-0.8462,-0.7837,-0.6851,-0.5778,-0.4755,-0.379,-0.2831,-0.1825,-0.0762,0.0258,0.1006,0.1268,0.1077,0.0658,0.0215,-0.0157,-0.044,-0.0644,-0.0785,-0.0881,-0.0943,-0.0981,-0.1003,-0.1013,-0.1016,-0.1015,-0.1012,-0.1009,-0.5227,-0.5551,-0.5967,-0.6515,-0.7245,-0.82,-0.9335,-1.031,-1.0433,-0.9395,-0.7797,-0.6277,-0.4998,-0.3875,-0.2768,-0.154,-0.0098,0.1457,0.2636,0.2859,0.2242,0.1376,0.0631,0.0087,-0.0287,-0.0538,-0.0703,-0.0809,-0.0875,-0.0913,-0.0933,-0.0942,-0.0943,-0.094,-0.0936,-0.0933,-0.5218,-0.5553,-0.5997,-0.6608,-0.7486,-0.8779,-1.0626,-1.2685,-1.3288,-1.135,-0.87,-0.6645,-0.5158,-0.3951,-0.2767,-0.1368,0.0491,0.2858,0.4855,0.4941,0.3508,0.2001,0.0926,0.0235,-0.0202,-0.0477,-0.0649,-0.0755,-0.0817,-0.085,-0.0865,-0.0868,-0.0865,-0.086,-0.0855,-0.0851,-0.5152,-0.5473,-0.5902,-0.6505,-0.7405,-0.8834,-1.1173,-1.4433,-1.5778,-1.2575,-0.8965,-0.6668,-0.5175,-0.4013,-0.2873,-0.1468,0.0573,0.3563,0.6447,0.6361,0.4124,0.2177,0.0957,0.0231,-0.0204,-0.0468,-0.0626,-0.0718,-0.0768,-0.079,-0.0795,-0.0791,-0.0782,-0.0773,-0.0766,-0.0761,-0.5034,-0.5315,-0.5684,-0.6195,-0.6948,-0.8124,-1.0019,-1.2622,-1.3592,-1.0948,-0.8139,-0.631,-0.5064,-0.407,-0.3087,-0.1873,-0.0134,0.2379,0.485,0.4949,0.3228,0.1668,0.067,0.0069,-0.0291,-0.0505,-0.0629,-0.0694,-0.0722,-0.0728,-0.072,-0.0706,-0.069,-0.0677,-0.0667,-0.0662,-0.4874,-0.5097,-0.5376,-0.5741,-0.6242,-0.6953,-0.793,-0.8953,-0.9196,-0.8319,-0.7057,-0.5877,-0.4929,-0.4143,-0.3355,-0.2396,-0.1147,0.038,0.1735,0.2089,0.1518,0.0775,0.0199,-0.0187,-0.0429,-0.057,-0.0644,-0.0674,-0.0675,-0.0659,-0.0635,-0.0609,-0.0586,-0.0567,-0.0556,-0.0552,-0.469,-0.4849,-0.5029,-0.5239,-0.549,-0.5809,-0.6251,-0.6888,-0.764,-0.774,-0.6737,-0.5647,-0.4858,-0.4259,-0.3638,-0.2827,-0.1827,-0.0811,-0.0036,0.0308,0.0251,0.0005,-0.0252,-0.0448,-0.0574,-0.0639,-0.0658,-0.0647,-0.0617,-0.0577,-0.0535,-0.0496,-0.0464,-0.0441,-0.0429,-0.0427,-0.4501,-0.4599,-0.4691,-0.4766,-0.4812,-0.4833,-0.4948,-0.5699,-0.8231,-0.9402,-0.6924,-0.5546,-0.4878,-0.4464,-0.3969,-0.3113,-0.1985,-0.0929,-0.035,-0.0233,-0.0316,-0.0451,-0.0574,-0.0657,-0.0694,-0.069,-0.0656,-0.0603,-0.0539,-0.0473,-0.0412,-0.0359,-0.0319,-0.0293,-0.0282,-0.0285,-0.432,-0.437,-0.4395,-0.4372,-0.4265,-0.4026,-0.363,-0.351,-0.5802,-0.7617,-0.6241,-0.5544,-0.5048,-0.4792,-0.4394,-0.3261,-0.1621,0.0125,0.0573,0.0006,-0.0448,-0.068,-0.0782,-0.0805,-0.0776,-0.0712,-0.0626,-0.053,-0.0432,-0.0339,-0.0258,-0.0192,-0.0145,-0.0119,-0.0112,-0.0123,-0.4158,-0.4175,-0.4159,-0.4083,-0.3903,-0.3537,-0.2858,-0.1996,-0.2921,-0.4797,-0.5563,-0.6461,-0.5899,-0.4861,-0.45,-0.308,-0.1034,0.2074,0.2166,0.0343,-0.0526,-0.0852,-0.094,-0.0911,-0.0821,-0.0698,-0.056,-0.042,-0.0287,-0.0167,-0.0066,0.0012,0.0064,0.0088,0.0085,0.0061,-0.4017,-0.4016,-0.3983,-0.3898,-0.3729,-0.3426,-0.2953,-0.2463,-0.2915,-0.4185,-0.5305,-0.8151,-0.858,-0.2555,-0.3442,-0.2346,-0.0826,0.0838,0.1078,-0.0144,-0.085,-0.1097,-0.1104,-0.0995,-0.083,-0.0641,-0.0449,-0.0264,-0.0095,0.0052,0.0172,0.0261,0.0315,0.0332,0.0314,0.0269,-0.3896,-0.3889,-0.3856,-0.3788,-0.3672,-0.35,-0.3304,-0.323,-0.3532,-0.4046,-0.445,-0.4932,-0.4324,-0.3046,-0.2877,-0.1117,0.054,-0.0342,-0.0588,-0.1015,-0.1378,-0.1439,-0.1289,-0.1056,-0.0795,-0.0535,-0.0288,-0.0058,0.0147,0.0323,0.0463,0.0562,0.0614,0.0617,0.0575,0.05,-0.3792,-0.3784,-0.3759,-0.3713,-0.3648,-0.3572,-0.3519,-0.3551,-0.3703,-0.3881,-0.397,-0.3329,-0.3285,-0.3006,-0.2572,-0.1241,-0.0093,-0.0888,-0.1326,-0.1592,-0.188,-0.1795,-0.1441,-0.106,-0.0698,-0.0376,-0.0085,0.0191,0.0441,0.0649,0.0807,0.0916,0.0964,0.0944,0.0866,0.0748,-0.3699,-0.3692,-0.3675,-0.3647,-0.3612,-0.358,-0.3567,-0.3592,-0.3653,-0.3726,-0.3818,-0.3378,-0.2295,-0.1788,-0.2315,-0.1996,-0.1622,-0.1687,-0.1819,-0.1857,-0.1959,-0.1852,-0.1434,-0.0952,-0.0525,-0.0206,0.009,0.0444,0.0782,0.1031,0.1199,0.1311,0.1353,0.1301,0.1172,0.1,-0.3613,-0.3607,-0.3595,-0.3576,-0.3555,-0.3536,-0.3525,-0.3525,-0.3527,-0.3507,-0.3397,-0.298,-0.1995,-0.1729,-0.2363,-0.2412,-0.2192,-0.208,-0.2057,-0.2091,-0.1945,-0.1689,-0.1246,-0.0704,-0.031,-0.0228,-0.0027,0.0612,0.1196,0.1484,0.1609,0.1699,0.1734,0.1647,0.1459,0.1229,-0.3531,-0.3526,-0.3515,-0.35,-0.3482,-0.3463,-0.3444,-0.3422,-0.3386,-0.3314,-0.3164,-0.288,-0.2524,-0.2445,-0.2746,-0.2848,-0.2478,-0.2305,-0.2343,-0.2695,-0.2248,-0.1627,-0.0978,-0.0322,-0.006,-0.0835,-0.0978,0.0792,0.1881,0.2066,0.1979,0.1969,0.1999,0.1898,0.1671,0.1401,-0.3453,-0.3446,-0.3435,-0.342,-0.34,-0.3378,-0.335,-0.3312,-0.3257,-0.3172,-0.304,-0.2861,-0.2691,-0.2635,-0.275,-0.2781,-0.2564,-0.2613,-0.3402,-0.3811,-0.2547,-0.1497,-0.0627,0.0231,0.0735,-0.0472,-0.0786,0.2627,0.3387,0.2884,0.2306,0.2064,0.2061,0.1979,0.176,0.1487,-0.3377,-0.3368,-0.3355,-0.3338,-0.3316,-0.3288,-0.3253,-0.3207,-0.3145,-0.3061,-0.2952,-0.2825,-0.2708,-0.2638,-0.2619,-0.2579,-0.2503,-0.2585,-0.2978,-0.3025,-0.2095,-0.1047,-0.0212,0.0819,0.2445,0.493,0.922,0.8489,0.5791,0.3893,0.2715,0.2177,0.2038,0.1938,0.1742,0.1491,-0.3303,-0.3292,-0.3277,-0.3257,-0.3231,-0.3199,-0.316,-0.311,-0.3046,-0.2967,-0.2873,-0.277,-0.267,-0.2587,-0.2519,-0.2446,-0.2371,-0.2336,-0.2312,-0.2033,-0.1265,-0.0398,0.003,0.0949,0.3441,0.823,1.349,1.1326,0.7188,0.4594,0.3124,0.2384,0.2065,0.1876,0.1673,0.1441,-0.3232,-0.3218,-0.32,-0.3177,-0.3149,-0.3114,-0.3071,-0.3019,-0.2956,-0.2881,-0.2795,-0.2702,-0.2608,-0.2515,-0.2423,-0.2322,-0.2209,-0.2072,-0.1859,-0.1442,-0.0743,-0.0094,0.0012,0.0739,0.3024,0.6564,0.9379,0.8816,0.6518,0.4551,0.3258,0.2501,0.2081,0.1813,0.1585,0.1362,-0.3163,-0.3147,-0.3126,-0.3101,-0.307,-0.3032,-0.2987,-0.2934,-0.2871,-0.2799,-0.2717,-0.2628,-0.2533,-0.2433,-0.2325,-0.2202,-0.2053,-0.1859,-0.1581,-0.1165,-0.0618,-0.0148,0.011,0.0779,0.2326,0.4364,0.5868,0.5981,0.5073,0.3964,0.3061,0.243,0.2012,0.1718,0.1479,0.1263]},{"header":{"la1":42.85,"la2":41.18,"lo1":11.55,"lo2":14.05,"nx":36,"ny":24,"dx":0.07143,"dy":0.07261,"parameterCategory":2,"parameterNumber":3,"parameterNumberName":"northward_wind","parameterUnit":"m.s-1"},"data":[-0.3448,-0.362,-0.3811,-0.4014,-0.4218,-0.4406,-0.4553,-0.4631,-0.4623,-0.4524,-0.4349,-0.412,-0.3858,-0.358,-0.3293,-0.3007,-0.2731,-0.2476,-0.2254,-0.207,-0.1924,-0.1807,-0.1706,-0.1613,-0.1521,-0.1428,-0.1331,-0.1233,-0.1134,-0.1036,-0.094,-0.0847,-0.0759,-0.0675,-0.0597,-0.0525,-0.349,-0.3694,-0.3929,-0.4193,-0.4474,-0.4749,-0.4979,-0.5115,-0.5117,-0.498,-0.4734,-0.4422,-0.4083,-0.3733,-0.338,-0.3028,-0.2687,-0.2375,-0.2114,-0.1917,-0.178,-0.1683,-0.1604,-0.1529,-0.1448,-0.136,-0.1265,-0.1166,-0.1064,-0.0962,-0.0861,-0.0764,-0.0672,-0.0585,-0.0504,-0.0431,-0.3507,-0.3742,-0.4027,-0.4366,-0.4753,-0.5163,-0.5536,-0.5779,-0.5804,-0.5594,-0.5221,-0.478,-0.4333,-0.3897,-0.3464,-0.3027,-0.2594,-0.2195,-0.1878,-0.1671,-0.1564,-0.1513,-0.1477,-0.1431,-0.1367,-0.1286,-0.1193,-0.1091,-0.0985,-0.0878,-0.0772,-0.067,-0.0574,-0.0483,-0.04,-0.0325,-0.3485,-0.3747,-0.4081,-0.4505,-0.5032,-0.5648,-0.6275,-0.6736,-0.6812,-0.645,-0.5836,-0.5187,-0.4601,-0.4069,-0.3549,-0.3007,-0.2439,-0.1896,-0.1483,-0.1277,-0.1249,-0.1292,-0.1327,-0.1324,-0.1281,-0.1207,-0.1114,-0.1009,-0.0897,-0.0784,-0.0672,-0.0565,-0.0464,-0.0369,-0.0284,-0.0207,-0.3413,-0.3688,-0.4059,-0.4563,-0.5249,-0.6152,-0.7222,-0.8152,-0.8366,-0.7657,-0.6567,-0.5604,-0.4861,-0.4248,-0.3653,-0.2993,-0.2232,-0.1436,-0.0838,-0.0663,-0.0817,-0.1034,-0.1173,-0.122,-0.1196,-0.1127,-0.103,-0.0918,-0.0799,-0.0678,-0.056,-0.0446,-0.0339,-0.0241,-0.0153,-0.0075,-0.3281,-0.3546,-0.3922,-0.4471,-0.5285,-0.6501,-0.8219,-1.0096,-1.0681,-0.9186,-0.7256,-0.5921,-0.5075,-0.4438,-0.3809,-0.3048,-0.2057,-0.0863,0.009,0.0172,-0.0335,-0.08,-0.1051,-0.1135,-0.1119,-0.1045,-0.094,-0.0818,-0.0689,-0.0559,-0.0432,-0.031,-0.0197,-0.0095,-0.0004,0.0074,-0.3084,-0.3308,-0.3641,-0.4157,-0.4983,-0.634,-0.8557,-1.1562,-1.2767,-1.0132,-0.7435,-0.5988,-0.5217,-0.4661,-0.4066,-0.327,-0.2129,-0.0585,0.0777,0.0753,-0.0094,-0.0719,-0.1004,-0.1083,-0.1051,-0.0962,-0.0842,-0.0706,-0.0565,-0.0423,-0.0286,-0.0156,-0.0036,0.0071,0.0164,0.0242,-0.2828,-0.2976,-0.321,-0.3593,-0.4246,-0.537,-0.7251,-0.9812,-1.0803,-0.868,-0.6733,-0.5797,-0.5336,-0.4964,-0.4465,-0.3712,-0.2624,-0.1198,0.0061,0.0171,-0.0423,-0.0862,-0.104,-0.1057,-0.0987,-0.0871,-0.0731,-0.0579,-0.0423,-0.0268,-0.0119,0.0021,0.0149,0.0261,0.0356,0.0434,-0.253,-0.2574,-0.2657,-0.282,-0.3144,-0.3756,-0.4769,-0.5975,-0.6526,-0.6185,-0.577,-0.5604,-0.5565,-0.543,-0.5037,-0.4323,-0.3336,-0.2229,-0.1328,-0.0974,-0.1014,-0.1097,-0.11,-0.1028,-0.091,-0.0764,-0.0602,-0.0432,-0.026,-0.009,0.0073,0.0225,0.0362,0.048,0.0577,0.0652,-0.2218,-0.2143,-0.2046,-0.1934,-0.1844,-0.1871,-0.222,-0.314,-0.4489,-0.5228,-0.5334,-0.5661,-0.6044,-0.616,-0.5823,-0.5015,-0.3911,-0.2817,-0.2007,-0.1556,-0.1346,-0.1223,-0.1104,-0.0965,-0.0806,-0.0633,-0.0451,-0.0264,-0.0075,0.0113,0.0294,0.0461,0.061,0.0735,0.0833,0.0903,-0.1927,-0.1737,-0.1459,-0.1059,-0.0506,0.0164,0.0604,-0.0446,-0.4629,-0.6424,-0.5328,-0.6006,-0.6851,-0.7244,-0.6877,-0.5738,-0.4141,-0.2617,-0.1735,-0.1432,-0.1303,-0.1174,-0.1021,-0.0849,-0.0666,-0.0475,-0.0278,-0.0074,0.0135,0.0345,0.0549,0.0737,0.0902,0.1035,0.1132,0.1194,-0.169,-0.1412,-0.0991,-0.0348,0.064,0.2138,0.417,0.5252,0.0066,-0.4285,-0.5003,-0.665,-0.7866,-0.8534,-0.8073,-0.6398,-0.3865,-0.1126,-0.0284,-0.077,-0.1025,-0.1004,-0.0867,-0.0689,-0.0495,-0.0295,-0.0086,0.0134,0.0367,0.0607,0.0844,0.1063,0.125,0.1393,0.1487,0.1535,-0.1534,-0.1212,-0.0722,0.0037,0.1248,0.3227,0.6391,0.9954,0.6597,-0.0697,-0.5097,-0.7817,-0.8859,-0.8988,-0.8642,-0.6748,-0.349,0.1617,0.189,-0.0152,-0.0772,-0.0819,-0.0688,-0.0502,-0.0304,-0.0102,0.0111,0.0348,0.0613,0.0899,0.1188,0.1454,0.1674,0.1829,0.1914,0.1937,-0.1467,-0.1153,-0.0685,0.0022,0.1114,0.2807,0.5245,0.7657,0.5387,-0.1296,-0.5955,-0.9008,-0.9964,-1.2141,-0.9015,-0.6953,-0.4814,-0.0745,0.0431,-0.0432,-0.0735,-0.072,-0.0541,-0.0317,-0.0111,0.008,0.0288,0.0545,0.086,0.122,0.1593,0.1936,0.2205,0.2373,0.2437,0.2414,-0.1479,-0.1217,-0.0844,-0.0317,0.0419,0.1385,0.2399,0.259,0.0254,-0.3941,-0.7046,-0.8585,-0.9874,-1.1937,-0.8807,-0.7365,-0.8295,-0.412,-0.1373,-0.0742,-0.0949,-0.0904,-0.0496,-0.0143,0.0066,0.021,0.039,0.0676,0.1079,0.1568,0.2083,0.2551,0.2894,0.3068,0.3083,0.298,-0.1548,-0.136,-0.1114,-0.0805,-0.0452,-0.014,-0.0122,-0.0913,-0.302,-0.6167,-0.9124,-0.9591,-0.8765,-0.8212,-0.6811,-0.6175,-0.6751,-0.304,-0.0235,-0.0262,-0.2063,-0.1723,-0.0502,0.0069,0.0199,0.019,0.0294,0.0647,0.1224,0.1939,0.2696,0.3369,0.3819,0.3975,0.3881,0.3639,-0.1642,-0.153,-0.1404,-0.128,-0.1205,-0.1274,-0.1663,-0.2603,-0.4239,-0.6469,-0.8624,-0.8085,-0.5128,-0.35,-0.3712,-0.2663,-0.132,0.1891,0.4187,0.2005,-0.1973,-0.1498,0.0021,0.0442,0.0195,-0.0232,-0.0276,0.0291,0.124,0.2341,0.3485,0.4491,0.5081,0.5145,0.4835,0.4369,-0.1735,-0.1687,-0.1651,-0.165,-0.1727,-0.195,-0.241,-0.3183,-0.426,-0.5442,-0.6159,-0.5533,-0.3394,-0.2248,0.0202,0.2357,0.3176,0.7632,1.1724,0.6831,0.2768,0.1454,0.138,0.0965,-0.016,-0.1595,-0.1876,-0.0568,0.1151,0.28,0.4473,0.5971,0.6713,0.6535,0.5858,0.5086,-0.1809,-0.1805,-0.1825,-0.1888,-0.2024,-0.227,-0.266,-0.3198,-0.3821,-0.4351,-0.4474,-0.3868,-0.2474,0.0196,0.6817,0.934,0.5931,0.8332,1.0944,0.963,0.6587,0.4187,0.2896,0.1603,-0.0717,-0.4231,-0.4926,-0.1524,0.1317,0.336,0.547,0.75,0.8343,0.7788,0.669,0.5633,-0.1854,-0.1876,-0.1922,-0.2007,-0.2146,-0.2354,-0.2634,-0.2963,-0.3273,-0.3435,-0.3269,-0.258,-0.1127,0.1736,0.6551,0.8184,0.6302,0.7749,1.1716,1.3253,0.8742,0.5883,0.4336,0.2742,0.0131,-0.4225,-0.5128,0.0093,0.2544,0.4034,0.5958,0.8068,0.8908,0.8207,0.6977,0.584,-0.1868,-0.19,-0.1952,-0.2032,-0.2146,-0.2295,-0.2469,-0.2638,-0.2743,-0.2696,-0.2381,-0.167,-0.0409,0.1534,0.3775,0.4974,0.5434,0.7002,0.9681,1.047,0.8353,0.6977,0.6152,0.4686,0.3067,0.3013,0.6493,0.6196,0.4813,0.475,0.5782,0.725,0.796,0.7544,0.6614,0.5666,-0.1853,-0.1884,-0.193,-0.1992,-0.2071,-0.216,-0.2246,-0.23,-0.2276,-0.2114,-0.1743,-0.109,-0.0106,0.1172,0.2503,0.3577,0.4533,0.578,0.7115,0.7709,0.7816,0.8777,0.9006,0.7008,0.5517,0.7025,1.0554,0.8949,0.6252,0.5245,0.543,0.6119,0.6567,0.6431,0.5895,0.5239,-0.1815,-0.1839,-0.187,-0.1909,-0.1952,-0.199,-0.2008,-0.1983,-0.1881,-0.1663,-0.1286,-0.0717,0.0053,0.0976,0.195,0.2884,0.381,0.4793,0.575,0.6615,0.7907,1.0214,1.0874,0.8367,0.6494,0.6825,0.8013,0.7539,0.6157,0.5295,0.5116,0.5315,0.5505,0.5453,0.5159,0.4739,-0.1758,-0.1771,-0.1787,-0.1802,-0.1812,-0.1808,-0.1777,-0.1701,-0.1555,-0.1314,-0.0954,-0.0461,0.0163,0.0887,0.1666,0.2463,0.3274,0.411,0.497,0.5941,0.7291,0.8916,0.928,0.7831,0.6471,0.6146,0.6314,0.6114,0.5534,0.5027,0.4797,0.4776,0.4801,0.4739,0.4552,0.4273]}]