docs/data/wind_grid.json
[{"header":{"la1":42.85,"la2":41.18,"lo1":11.55,"lo2":14.05,"nx":36,"ny":24,"dx":0.07143,"dy":0.07261,"parameterCategory":2,"parameterNumber":2,"parameterNumberName":"eastward_wind","parameterUnit":"m.s-1"},"data":[0.7949,0.8006,0.8068,0.8133,0.8202,0.8273,0.8344,0.8412,0.8478,0.8539,0.8595,0.8646,0.8692,0.8734,0.8772,0.8805,0.8833,0.8856,0.8872,0.8882,0.8885,0.8881,0.8872,0.8857,0.8837,0.8814,0.8787,0.8759,0.873,0.87,0.867,0.864,0.861,0.8581,0.8553,0.8526,0.793,0.7993,0.8061,0.8136,0.8214,0.8295,0.8376,0.8455,0.8529,0.8597,0.8658,0.8713,0.8762,0.8807,0.8847,0.8883,0.8914,0.8938,0.8955,0.8964,0.8966,0.8959,0.8945,0.8925,0.89,0.887,0.8838,0.8805,0.877,0.8735,0.8701,0.8667,0.8634,0.8602,0.8571,0.8542,0.7906,0.7974,0.8051,0.8135,0.8226,0.8321,0.8416,0.8507,0.8592,0.8667,0.8733,0.8791,0.8843,0.889,0.8933,0.8972,0.9005,0.9032,0.905,0.9059,0.9058,0.9047,0.9027,0.9,0.8968,0.8931,0.8893,0.8852,0.8812,0.8772,0.8732,0.8694,0.8657,0.8622,0.8588,0.8557,0.7874,0.7949,0.8034,0.8131,0.8237,0.8349,0.8463,0.8573,0.8671,0.8755,0.8825,0.8884,0.8936,0.8985,0.903,0.9073,0.9111,0.9141,0.916,0.9168,0.9164,0.9147,0.912,0.9084,0.9042,0.8997,0.8949,0.8901,0.8854,0.8808,0.8763,0.872,0.8679,0.8641,0.8604,0.857,0.7833,0.7913,0.8008,0.8119,0.8245,0.8382,0.8523,0.8658,0.8776,0.887,0.8941,0.8997,0.9046,0.9094,0.9143,0.919,0.9233,0.9268,0.9291,0.9298,0.9288,0.9263,0.9224,0.9177,0.9123,0.9066,0.9008,0.8951,0.8896,0.8843,0.8792,0.8745,0.87,0.8658,0.8619,0.8582,0.778,0.7865,0.7969,0.8095,0.8246,0.8416,0.8598,0.8774,0.8922,0.9027,0.9093,0.9136,0.9176,0.9221,0.9272,0.9326,0.9378,0.9422,0.9449,0.9454,0.9436,0.9398,0.9344,0.9279,0.921,0.9139,0.9069,0.9001,0.8937,0.8876,0.882,0.8767,0.8718,0.8673,0.8631,0.8591,0.7712,0.7798,0.791,0.8052,0.823,0.8447,0.8693,0.8939,0.914,0.9258,0.9301,0.9311,0.9329,0.9368,0.9424,0.9488,0.9553,0.961,0.9645,0.9647,0.9616,0.9557,0.9479,0.9392,0.9302,0.9213,0.9128,0.9049,0.8975,0.8907,0.8844,0.8787,0.8734,0.8685,0.864,0.8599,0.7626,0.7709,0.7822,0.7974,0.8182,0.8457,0.8802,0.9179,0.949,0.9628,0.96,0.9529,0.9508,0.9543,0.9606,0.9683,0.9769,0.985,0.9898,0.9895,0.9839,0.9746,0.9633,0.9513,0.9397,0.9287,0.9186,0.9093,0.9009,0.8934,0.8865,0.8802,0.8746,0.8694,0.8646,0.8603,0.7521,0.7593,0.7697,0.7847,0.807,0.8403,0.889,0.952,1.0102,1.0285,1.0048,0.9788,0.9716,0.9767,0.9841,0.9924,1.0041,1.017,1.0246,1.0226,1.0121,0.9968,0.9801,0.9639,0.9489,0.9355,0.9236,0.9131,0.9038,0.8954,0.888,0.8813,0.8753,0.8699,0.8649,0.8604,0.7395,0.7448,0.7529,0.7653,0.7855,0.8202,0.8824,0.9888,1.1194,1.1554,1.0686,1.0034,0.9964,1.0107,1.0177,1.0222,1.039,1.0631,1.076,1.0686,1.0476,1.0221,0.9976,0.9759,0.9572,0.9413,0.9277,0.9159,0.9057,0.8967,0.8888,0.8818,0.8755,0.8699,0.8648,0.8602,0.7254,0.7279,0.732,0.7389,0.7509,0.7746,0.8294,0.9701,1.2479,1.3413,1.1138,1.0105,1.0319,1.0796,1.0736,1.0558,1.0837,1.1375,1.1591,1.1336,1.0899,1.048,1.0134,0.9857,0.9635,0.9453,0.9302,0.9175,0.9066,0.8972,0.8889,0.8817,0.8752,0.8695,0.8643,0.8596,0.7103,0.7094,0.7086,0.7078,0.7065,0.7038,0.7036,0.7559,1.0286,1.1798,1.0221,0.9918,1.0813,1.2498,1.1634,1.0769,1.1372,1.2701,1.2967,1.2153,1.1306,1.0683,1.0239,0.9914,0.9665,0.9468,0.9308,0.9175,0.9063,0.8966,0.8882,0.8808,0.8743,0.8685,0.8633,0.8586,0.6951,0.6907,0.6851,0.6769,0.663,0.6348,0.5705,0.4546,0.554,0.8001,0.8788,1.0028,1.0747,1.2781,1.1263,1.0468,1.168,1.4343,1.4412,1.2689,1.1476,1.0734,1.0249,0.9909,0.9654,0.9454,0.9292,0.9159,0.9046,0.8949,0.8865,0.8792,0.8727,0.867,0.8618,0.8572,0.6805,0.6732,0.6636,0.6504,0.6301,0.5961,0.5353,0.4559,0.5016,0.625,0.7377,1.0624,1.1478,0.8856,0.898,0.9872,1.1202,1.3063,1.3412,1.2187,1.1211,1.0578,1.0149,0.9837,0.9599,0.9409,0.9254,0.9125,0.9015,0.8921,0.8839,0.8768,0.8705,0.8649,0.8599,0.8554,0.6673,0.6576,0.6453,0.6292,0.6075,0.5781,0.5414,0.5091,0.4911,0.4453,0.4148,0.539,0.6533,0.5309,0.7534,1.0121,1.177,1.1335,1.1429,1.1123,1.0675,1.0284,0.9969,0.9715,0.9509,0.9338,0.9195,0.9075,0.8971,0.8882,0.8805,0.8737,0.8677,0.8623,0.8575,0.8532,0.6559,0.6444,0.6302,0.6123,0.5898,0.5616,0.5268,0.4807,0.3994,0.2272,-0.0536,0.0425,0.2327,0.4695,0.6364,0.9327,1.1107,1.0599,1.0456,1.0384,1.021,0.9988,0.9768,0.9569,0.9396,0.9247,0.912,0.9011,0.8917,0.8834,0.8762,0.8699,0.8643,0.8592,0.8547,0.8506,0.6464,0.6337,0.6183,0.5992,0.5755,0.5454,0.5053,0.4462,0.3479,0.1793,-0.0301,0.0553,0.0396,0.0187,0.4297,0.7372,0.9163,0.9913,1.0264,1.0197,0.9988,0.9778,0.9588,0.9419,0.9272,0.9144,0.9033,0.8936,0.8852,0.8778,0.8713,0.8655,0.8603,0.8557,0.8515,0.8477,0.6391,0.6257,0.6096,0.59,0.5657,0.5348,0.494,0.4374,0.358,0.2581,0.1776,0.1494,0.0111,-0.0101,0.3448,0.6402,0.8524,1.0221,1.0892,1.0412,0.9933,0.9633,0.9428,0.9271,0.9142,0.9032,0.8936,0.8853,0.878,0.8715,0.8658,0.8606,0.856,0.8518,0.848,0.8446,0.634,0.6204,0.6043,0.585,0.5614,0.5322,0.4954,0.4489,0.3927,0.3334,0.2856,0.25,0.2122,0.2504,0.4218,0.6303,0.828,1.0014,1.0685,1.0269,0.9776,0.9459,0.9258,0.9116,0.9005,0.8912,0.8833,0.8764,0.8702,0.8647,0.8598,0.8553,0.8513,0.8476,0.8442,0.8411,0.6309,0.6177,0.6022,0.5839,0.5623,0.5364,0.5057,0.4701,0.4313,0.3941,0.3648,0.3477,0.3507,0.3983,0.5032,0.6422,0.7871,0.9093,0.9687,0.9653,0.9417,0.9208,0.9057,0.8946,0.8859,0.8787,0.8725,0.867,0.862,0.8575,0.8534,0.8497,0.8462,0.8431,0.8401,0.8374,0.6298,0.6172,0.6028,0.5863,0.5672,0.5454,0.521,0.4946,0.4681,0.4449,0.4293,0.4258,0.4414,0.4845,0.5578,0.6519,0.7505,0.8338,0.8843,0.901,0.8988,0.8911,0.8833,0.8766,0.8708,0.8659,0.8614,0.8574,0.8536,0.8501,0.8469,0.8439,0.841,0.8384,0.8359,0.8336,0.6303,0.6187,0.6057,0.5912,0.5749,0.5572,0.5383,0.5191,0.5015,0.4878,0.4811,0.485,0.5033,0.5394,0.5931,0.6588,0.727,0.7863,0.8282,0.8511,0.8602,0.862,0.8607,0.8583,0.8557,0.853,0.8503,0.8477,0.8451,0.8426,0.8402,0.8379,0.8357,0.8336,0.8316,0.8297,0.6321,0.6217,0.6103,0.5978,0.5843,0.5702,0.5559,0.5424,0.531,0.5236,0.5223,0.5295,0.5473,0.5768,0.6171,0.6647,0.7137,0.7578,0.7922,0.8155,0.8292,0.8364,0.8398,0.841,0.8411,0.8405,0.8394,0.8382,0.8367,0.8352,0.8336,0.832,0.8304,0.8288,0.8272,0.8257,0.6351,0.6259,0.616,0.6055,0.5945,0.5835,0.5729,0.5635,0.5565,0.5532,0.555,0.5635,0.5795,0.6036,0.6346,0.6702,0.7068,0.7407,0.769,0.7905,0.8055,0.8154,0.8216,0.8254,0.8275,0.8287,0.8291,0.829,0.8286,0.8279,0.8271,0.8261,0.8251,0.824,0.8229,0.8217]},{"header":{"la1":42.85,"la2":41.18,"lo1":11.55,"lo2":14.05,"nx":36,"ny":24,"dx":0.07143,"dy":0.07261,"parameterCategory":2,"parameterNumber":3,"parameterNumberName":"northward_wind","parameterUnit":"m.s-1"},"data":[1.6487,1.6495,1.6501,1.6505,1.6503,1.6496,1.6482,1.6458,1.6422,1.6373,1.6309,1.6231,1.6138,1.6032,1.5916,1.5794,1.5669,1.5546,1.543,1.5325,1.5233,1.5156,1.5094,1.5047,1.5013,1.4991,1.4979,1.4975,1.4977,1.4984,1.4995,1.5009,1.5025,1.5042,1.506,1.5078,1.6522,1.6534,1.6545,1.6554,1.6558,1.6557,1.6548,1.6528,1.6494,1.6444,1.6376,1.6289,1.6184,1.6062,1.5926,1.5782,1.5634,1.5489,1.5354,1.5233,1.513,1.5046,1.4983,1.4937,1.4907,1.4891,1.4886,1.4889,1.4899,1.4913,1.4931,1.4951,1.4972,1.4994,1.5017,1.504,1.6556,1.6573,1.6589,1.6604,1.6616,1.6623,1.6622,1.6608,1.6579,1.653,1.6458,1.6362,1.6242,1.61,1.5939,1.5766,1.5588,1.5415,1.5255,1.5115,1.5,1.4912,1.4848,1.4807,1.4785,1.4778,1.4782,1.4795,1.4814,1.4837,1.4863,1.489,1.4918,1.4946,1.4973,1.5001,1.6588,1.661,1.6632,1.6655,1.6677,1.6694,1.6704,1.6701,1.6679,1.6632,1.6558,1.6452,1.6314,1.6147,1.5955,1.5745,1.5528,1.5317,1.5126,1.4964,1.4836,1.4744,1.4684,1.4652,1.4642,1.4649,1.4667,1.4692,1.4723,1.4757,1.4792,1.4827,1.4862,1.4897,1.493,1.4962,1.6617,1.6644,1.6673,1.6704,1.6737,1.6769,1.6795,1.6807,1.6797,1.6757,1.6681,1.6564,1.6407,1.6209,1.5976,1.5716,1.5446,1.5185,1.4953,1.4763,1.4624,1.4533,1.4485,1.4469,1.4478,1.4504,1.454,1.4582,1.4627,1.4674,1.4719,1.4764,1.4807,1.4848,1.4887,1.4923,1.6641,1.6672,1.6708,1.6748,1.6794,1.6844,1.6892,1.6929,1.694,1.6911,1.6834,1.6706,1.6525,1.6291,1.6005,1.5679,1.5334,1.5002,1.4714,1.4493,1.4346,1.4267,1.4241,1.4253,1.4291,1.4343,1.4403,1.4465,1.4528,1.4588,1.4646,1.4701,1.4752,1.48,1.4845,1.4887,1.666,1.6693,1.6733,1.6782,1.6842,1.6914,1.6994,1.7068,1.7113,1.7103,1.7026,1.6883,1.6677,1.6401,1.6049,1.563,1.5175,1.4739,1.4375,1.412,1.3977,1.3928,1.3945,1.4002,1.4081,1.4169,1.4259,1.4345,1.4427,1.4504,1.4574,1.4639,1.4699,1.4754,1.4805,1.4852,1.6671,1.6704,1.6745,1.6797,1.6869,1.6966,1.7091,1.7228,1.7333,1.7352,1.7267,1.7103,1.6872,1.6556,1.6122,1.5568,1.4943,1.4344,1.3873,1.3588,1.3479,1.3498,1.359,1.3716,1.3853,1.3986,1.4111,1.4226,1.4329,1.4422,1.4506,1.4582,1.465,1.4712,1.4769,1.482,1.6674,1.6703,1.6739,1.6787,1.686,1.6976,1.7157,1.7403,1.7633,1.7699,1.7569,1.7361,1.712,1.6782,1.6256,1.5501,1.459,1.3715,1.3092,1.2809,1.2806,1.2961,1.3179,1.3405,1.3616,1.3804,1.3968,1.4112,1.4237,1.4347,1.4444,1.4529,1.4606,1.4674,1.4736,1.4792,1.667,1.6691,1.6714,1.6745,1.6797,1.6903,1.7127,1.7548,1.8078,1.8239,1.7926,1.763,1.7431,1.7138,1.6522,1.5449,1.402,1.2638,1.1801,1.1642,1.191,1.2323,1.2733,1.309,1.3388,1.3635,1.3839,1.4011,1.4157,1.4282,1.439,1.4485,1.4568,1.4642,1.4708,1.4768,1.6661,1.6671,1.6675,1.6673,1.667,1.6695,1.6849,1.7407,1.8557,1.8935,1.8184,1.7851,1.7827,1.7732,1.7052,1.5458,1.3051,1.0631,0.9552,0.9919,1.0804,1.1644,1.2307,1.281,1.3195,1.3495,1.3734,1.393,1.4092,1.4229,1.4347,1.4449,1.4538,1.4617,1.4687,1.4749,1.6651,1.665,1.6633,1.659,1.6504,1.6356,1.6165,1.6263,1.7577,1.836,1.8,1.8001,1.827,1.8662,1.7896,1.5541,1.1494,0.6776,0.5714,0.7712,0.9714,1.1087,1.1995,1.2617,1.3065,1.3401,1.3664,1.3874,1.4048,1.4193,1.4317,1.4424,1.4517,1.4598,1.4671,1.4736,1.6645,1.6637,1.6605,1.6531,1.6378,1.606,1.5399,1.4349,1.5094,1.7056,1.7769,1.8103,1.8477,1.8977,1.8222,1.5614,1.0362,0.1949,0.1661,0.6255,0.9229,1.0896,1.1898,1.2556,1.3019,1.3364,1.3633,1.3849,1.4026,1.4175,1.4301,1.441,1.4505,1.4588,1.4662,1.4728,1.6646,1.6637,1.6604,1.6528,1.6371,1.6052,1.5422,1.4556,1.5175,1.6953,1.7825,1.8108,1.836,2.0541,1.836,1.5799,1.2393,0.5999,0.4536,0.7591,0.985,1.1201,1.2053,1.2635,1.306,1.3386,1.3643,1.3853,1.4027,1.4174,1.43,1.4408,1.4503,1.4586,1.466,1.4726,1.6654,1.6651,1.663,1.658,1.6481,1.6309,1.607,1.598,1.6557,1.7517,1.8078,1.823,1.8681,1.9061,1.805,1.5642,1.4747,1.2415,1.0244,1.0347,1.1107,1.1813,1.2375,1.2817,1.317,1.3455,1.3689,1.3885,1.405,1.4191,1.4312,1.4418,1.451,1.4592,1.4665,1.473,1.6666,1.6673,1.6672,1.6658,1.6633,1.6606,1.663,1.683,1.7327,1.8039,1.874,1.8171,1.814,1.8196,1.7391,1.5715,1.4817,1.3739,1.2477,1.2023,1.2104,1.239,1.2722,1.3037,1.3316,1.3557,1.3763,1.3939,1.4091,1.4223,1.4338,1.4438,1.4527,1.4606,1.4676,1.4739,1.6678,1.6696,1.6714,1.6733,1.6761,1.6817,1.6938,1.7178,1.757,1.8093,1.8614,1.8217,1.7571,1.7284,1.6972,1.589,1.4682,1.3328,1.237,1.2297,1.2497,1.2744,1.3,1.3246,1.3473,1.3675,1.3854,1.401,1.4147,1.4268,1.4374,1.4468,1.4552,1.4627,1.4694,1.4754,1.6686,1.6713,1.6745,1.6784,1.684,1.6926,1.7061,1.7263,1.7528,1.7808,1.7955,1.7759,1.732,1.7139,1.6745,1.5743,1.4217,1.2143,1.1161,1.1863,1.2527,1.2928,1.3207,1.3433,1.3629,1.3802,1.3956,1.4093,1.4215,1.4323,1.442,1.4506,1.4584,1.4654,1.4717,1.4774,1.6687,1.672,1.6759,1.6807,1.6871,1.6958,1.7075,1.7223,1.7386,1.7522,1.7559,1.7445,1.723,1.697,1.647,1.5535,1.4068,1.2237,1.1417,1.1994,1.2676,1.3116,1.3402,1.3613,1.3785,1.3934,1.4066,1.4184,1.4291,1.4386,1.4473,1.4551,1.4622,1.4686,1.4745,1.4798,1.6681,1.6715,1.6756,1.6805,1.6865,1.694,1.703,1.7129,1.7223,1.7284,1.7278,1.7183,1.7,1.6709,1.6222,1.5448,1.4374,1.3236,1.2632,1.2735,1.3085,1.3394,1.3625,1.3802,1.3946,1.4071,1.4181,1.4281,1.4372,1.4456,1.4531,1.4601,1.4665,1.4723,1.4777,1.4826,1.6667,1.67,1.6738,1.6783,1.6834,1.6892,1.6956,1.7018,1.7066,1.7082,1.7048,1.6947,1.6767,1.6484,1.606,1.5467,1.474,1.4036,1.3588,1.348,1.3576,1.3729,1.3875,1.4002,1.4112,1.421,1.43,1.4382,1.4458,1.4529,1.4594,1.4655,1.4711,1.4764,1.4812,1.4857,1.6646,1.6676,1.671,1.6747,1.6787,1.6829,1.687,1.6904,1.6921,1.6909,1.6855,1.6748,1.6574,1.6319,1.5969,1.5523,1.5021,1.4549,1.4208,1.4042,1.4013,1.4056,1.4127,1.4204,1.4279,1.4351,1.4419,1.4484,1.4546,1.4604,1.466,1.4712,1.4761,1.4807,1.485,1.489,1.662,1.6645,1.6673,1.6702,1.6731,1.6759,1.6782,1.6795,1.679,1.676,1.6695,1.6586,1.6425,1.6203,1.5919,1.5582,1.5219,1.4879,1.4612,1.4443,1.4362,1.4344,1.4361,1.4396,1.444,1.4488,1.4537,1.4585,1.4634,1.4681,1.4726,1.477,1.4812,1.4852,1.489,1.4925,1.6589,1.661,1.6632,1.6653,1.6672,1.6688,1.6696,1.6694,1.6675,1.6634,1.6563,1.6458,1.6312,1.6123,1.5893,1.5631,1.5358,1.51,1.4886,1.473,1.4632,1.4583,1.4567,1.4572,1.4591,1.4618,1.4649,1.4684,1.472,1.4756,1.4793,1.4829,1.4864,1.4898,1.493,1.4962]}]