docs/data/wind_grid.json
[{"header":{"la1":42.85,"la2":41.18,"lo1":11.55,"lo2":14.05,"nx":36,"ny":24,"dx":0.07143,"dy":0.07261,"parameterCategory":2,"parameterNumber":2,"parameterNumberName":"eastward_wind","parameterUnit":"m.s-1"},"data":[2.8979,2.8821,2.8599,2.8311,2.7969,2.7593,2.7215,2.6862,2.6553,2.6284,2.6039,2.579,2.5517,2.5211,2.4873,2.4517,2.4167,2.3852,2.3606,2.3447,2.3378,2.3387,2.3455,2.3566,2.3703,2.3848,2.3989,2.4119,2.4234,2.4336,2.4424,2.4501,2.4568,2.4627,2.468,2.4729,2.9317,2.9161,2.8913,2.8566,2.8131,2.7642,2.715,2.6712,2.6363,2.6101,2.5882,2.5655,2.5381,2.5045,2.4649,2.4211,2.3764,2.336,2.3059,2.2897,2.2867,2.2931,2.306,2.3234,2.3432,2.3631,2.3814,2.3974,2.4111,2.4228,2.4326,2.4411,2.4484,2.4547,2.4604,2.4655,2.9746,2.961,2.9342,2.892,2.8349,2.7676,2.6989,2.6404,2.6007,2.579,2.5657,2.5496,2.5243,2.4878,2.4407,2.3853,2.3257,2.2706,2.232,2.2185,2.2258,2.2425,2.2634,2.2887,2.3162,2.3423,2.3651,2.3841,2.3997,2.4126,2.4233,2.4323,2.44,2.4466,2.4526,2.4579,3.0293,3.0218,2.9958,2.945,2.868,2.7702,2.6659,2.5786,2.5313,2.5246,2.5329,2.5317,2.5115,2.472,2.4158,2.3446,2.2615,2.1784,2.1228,2.1204,2.1579,2.1951,2.2229,2.2556,2.2918,2.3246,2.3514,2.3726,2.3895,2.4031,2.4143,2.4236,2.4315,2.4384,2.4445,2.4499,3.0989,3.1056,3.0874,3.0299,2.9252,2.7781,2.6071,2.4556,2.3926,2.429,2.4882,2.5147,2.502,2.4587,2.3918,2.3017,2.1835,2.043,1.9375,1.963,2.0904,2.1733,2.1953,2.2309,2.2749,2.3125,2.3414,2.3635,2.3806,2.3942,2.4054,2.4148,2.4228,2.4298,2.4359,2.4415,3.1844,3.2204,3.2277,3.1726,3.0323,2.8129,2.5297,2.2335,2.1248,2.2806,2.4426,2.5071,2.4992,2.4476,2.3686,2.2628,2.1069,1.8623,1.594,1.6514,2.0003,2.1781,2.1886,2.2246,2.271,2.3082,2.3357,2.3562,2.3723,2.3853,2.3963,2.4056,2.4136,2.4206,2.4267,2.4324,3.2802,3.3694,3.4419,3.4174,3.2295,2.9181,2.517,2.0247,1.8232,2.1744,2.441,2.5232,2.5052,2.4337,2.3372,2.2285,2.072,1.7558,1.2318,1.2922,1.906,2.1497,2.2034,2.2432,2.2812,2.3105,2.3323,2.3491,2.3632,2.3754,2.3861,2.3954,2.4034,2.4104,2.4166,2.4223,3.3658,3.5302,3.7402,3.8221,3.5384,3.1052,2.6873,2.2681,2.1013,2.3419,2.526,2.5699,2.52,2.4036,2.2619,2.1589,2.0819,1.9031,1.6067,1.6995,2.1068,2.2362,2.2581,2.2777,2.2976,2.3136,2.3266,2.3387,2.3509,2.3628,2.3739,2.3836,2.3919,2.3989,2.4051,2.4108,3.4039,3.6152,3.9805,4.2751,3.7938,3.2551,2.9089,2.672,2.5701,2.5968,2.6427,2.6379,2.5488,2.3464,2.0503,1.9116,2.0263,2.0885,2.0692,2.1676,2.3726,2.3636,2.3178,2.3088,2.3076,2.3076,2.311,2.3195,2.332,2.3459,2.3588,2.3697,2.3785,2.3857,2.3918,2.3974,3.3715,3.5288,3.7631,3.9031,3.5519,3.2477,3.0307,2.8625,2.7159,2.6628,2.7141,2.721,2.6227,2.3262,1.5825,1.183,1.8638,2.1851,2.2692,2.3131,2.3674,2.369,2.3449,2.3215,2.2967,2.2775,2.273,2.2837,2.3028,2.3231,2.3404,2.3535,2.363,2.3701,2.3759,2.3816,3.2981,3.3627,3.3628,3.1899,3.1818,3.1907,3.1113,2.9804,2.6323,2.4628,2.7481,2.8306,2.7794,2.5697,1.7883,1.2017,2.0002,2.3177,2.3978,2.4059,2.3985,2.3856,2.3572,2.3062,2.2429,2.1971,2.1927,2.2214,2.2605,2.2947,2.3194,2.3353,2.345,2.3513,2.3566,2.3621,3.2285,3.2511,3.2257,3.1472,3.1501,3.193,3.2365,3.2603,2.9555,2.7137,2.8976,2.9846,2.9737,2.9687,2.7425,2.3992,2.4099,2.4942,2.5174,2.4948,2.4638,2.4247,2.3601,2.2494,2.1051,2.0131,2.0381,2.1251,2.2076,2.2647,2.2983,2.3156,2.3237,2.3279,2.3319,2.3375,3.1772,3.1913,3.1878,3.1746,3.1807,3.2259,3.3385,3.4964,3.3515,3.1095,3.1057,3.2126,3.1721,3.0726,2.9608,2.6592,2.5641,2.592,2.5931,2.5549,2.518,2.4627,2.3576,2.151,1.8311,1.6443,1.7883,2.0098,2.1607,2.2427,2.2809,2.2945,2.2969,2.2968,2.2991,2.3053,3.1401,3.1531,3.1599,3.1658,3.1829,3.2285,3.3154,3.4117,3.3518,3.2219,3.2338,3.4497,3.4957,3.0946,2.8417,2.4647,2.5069,2.5843,2.5971,2.5868,2.5621,2.507,2.3801,2.0917,1.5523,1.2314,1.5807,1.9538,2.1538,2.2416,2.2697,2.2691,2.2593,2.2522,2.253,2.2621,3.1118,3.1245,3.1354,3.1478,3.1678,3.2018,3.2479,3.2811,3.2712,3.2734,3.3186,3.3337,3.284,3.3677,2.8302,2.4041,2.4999,2.5811,2.6135,2.6176,2.6113,2.572,2.4567,2.2022,1.7565,1.4863,1.7496,2.0574,2.2156,2.267,2.2607,2.23,2.1993,2.1833,2.186,2.2033,3.089,3.1014,3.1136,3.1276,3.1461,3.1705,3.1983,3.2239,3.2579,3.3533,3.5608,3.4085,3.3174,3.1907,2.9368,2.6755,2.5798,2.6227,2.6343,2.6441,2.6684,2.6468,2.556,2.407,2.212,2.1019,2.1776,2.2915,2.3347,2.3082,2.2389,2.157,2.0949,2.0725,2.0876,2.1245,3.0696,3.0815,3.0938,3.1075,3.1239,3.1437,3.1671,3.1969,3.2475,3.353,3.5189,3.4158,3.3672,3.3473,3.076,2.8808,2.7514,2.6554,2.5935,2.6365,2.6791,2.6693,2.6254,2.5787,2.557,2.5788,2.604,2.5704,2.4774,2.3435,2.1797,2.0156,1.9095,1.8953,1.9481,2.025,3.0525,3.0636,3.0753,3.0881,3.1029,3.1204,3.1418,3.1702,3.2121,3.2707,3.3185,3.3143,3.3603,3.3605,3.2151,3.1154,2.8842,2.5667,2.3126,2.593,2.6879,2.6868,2.6801,2.7132,2.8404,3.0425,3.0872,2.8811,2.617,2.3545,2.0621,1.7648,1.599,1.6346,1.7724,1.9155,3.0367,3.047,3.0577,3.0695,3.0827,3.098,3.1165,3.1395,3.168,3.199,3.2219,3.2333,3.2495,3.2746,3.4647,3.5616,3.062,2.6832,2.5342,2.8186,2.7952,2.7343,2.7223,2.8039,3.0803,3.6137,3.7313,3.1674,2.7038,2.3373,1.9145,1.4321,1.1975,1.3472,1.61,1.8267,3.0218,3.0311,3.0408,3.0513,3.0628,3.0757,3.0906,3.1077,3.1265,3.1445,3.1586,3.1692,3.1853,3.2387,3.4108,3.4514,3.112,2.9158,3.1019,3.2462,2.9153,2.7493,2.7087,2.7934,3.0811,3.6887,3.8291,3.0822,2.6477,2.307,1.8638,1.2963,1.0283,1.2422,1.5581,1.8001,3.0075,3.0158,3.0244,3.0334,3.0431,3.0536,3.065,3.0772,3.0893,3.1003,3.109,3.1166,3.1285,3.1564,3.1967,3.1688,3.0422,2.9605,3.0223,3.0391,2.8351,2.6484,2.5872,2.6619,2.8128,2.8836,2.5965,2.5463,2.4657,2.2706,1.97,1.5652,1.3387,1.4419,1.6595,1.8504,2.9937,3.001,3.0083,3.0159,3.0238,3.0319,3.0403,3.0485,3.0561,3.0623,3.0667,3.0697,3.073,3.0768,3.0721,3.0378,2.9742,2.9193,2.8893,2.8207,2.6391,2.3904,2.3163,2.4693,2.5828,2.4913,2.232,2.3076,2.2794,2.2005,2.0844,1.8878,1.7401,1.7405,1.835,1.9486,2.9803,2.9865,2.9927,2.9988,3.005,3.011,3.0167,3.0219,3.026,3.0286,3.0292,3.0277,3.0237,3.0154,2.9978,2.9651,2.9187,2.8666,2.8048,2.7005,2.4993,2.2005,2.1208,2.3455,2.4764,2.4441,2.3435,2.2389,2.0623,2.0892,2.1228,2.0636,1.989,1.9655,1.9961,2.0538,2.9673,2.9725,2.9774,2.9823,2.9868,2.991,2.9945,2.9972,2.9987,2.9984,2.9959,2.9907,2.9821,2.9683,2.9469,2.9158,2.8747,2.8236,2.7561,2.6553,2.5005,2.3206,2.2711,2.3759,2.4486,2.4306,2.3468,2.1934,2.0352,2.0729,2.1438,2.1479,2.1218,2.1064,2.1157,2.1443]},{"header":{"la1":42.85,"la2":41.18,"lo1":11.55,"lo2":14.05,"nx":36,"ny":24,"dx":0.07143,"dy":0.07261,"parameterCategory":2,"parameterNumber":3,"parameterNumberName":"northward_wind","parameterUnit":"m.s-1"},"data":[1.1008,1.0852,1.0663,1.044,1.0192,0.9937,0.9703,0.9521,0.9411,0.9366,0.9353,0.9327,0.9249,0.9099,0.8879,0.8607,0.8324,0.8082,0.7933,0.7906,0.799,0.8141,0.8307,0.8461,0.8604,0.8749,0.8905,0.9072,0.9249,0.943,0.9613,0.9792,0.9966,1.0133,1.029,1.0438,1.1066,1.0893,1.0669,1.039,1.0058,0.9699,0.936,0.9108,0.8994,0.9013,0.9098,0.9161,0.9132,0.898,0.8704,0.8334,0.7929,0.758,0.7385,0.741,0.7627,0.7921,0.8174,0.8349,0.8482,0.8617,0.8775,0.8956,0.9152,0.9356,0.956,0.976,0.9952,1.0134,1.0306,1.0465,1.1155,1.097,1.0713,1.0363,0.9909,0.9373,0.8833,0.8428,0.8297,0.8449,0.8739,0.8978,0.9045,0.89,0.8549,0.8029,0.7421,0.6874,0.6595,0.6744,0.7272,0.7878,0.8253,0.8376,0.8421,0.8504,0.8649,0.8841,0.906,0.9288,0.9517,0.9739,0.9951,1.015,1.0335,1.0506,1.1283,1.1103,1.0825,1.0401,0.9783,0.8956,0.8013,0.7243,0.7042,0.7495,0.8221,0.8793,0.9025,0.89,0.8451,0.7714,0.6766,0.5823,0.5321,0.5725,0.7013,0.8367,0.8845,0.8646,0.8424,0.8394,0.8517,0.8725,0.8971,0.923,0.9486,0.9733,0.9966,1.0183,1.0383,1.0566,1.146,1.1313,1.1049,1.0578,0.9775,0.8514,0.6786,0.509,0.4624,0.5835,0.7522,0.8676,0.9139,0.904,0.8477,0.7462,0.5979,0.4215,0.3008,0.3772,0.6808,1.0029,1.0308,0.9098,0.8392,0.8236,0.836,0.8603,0.889,0.9185,0.9473,0.9747,1.0003,1.0238,1.0453,1.0646,1.1681,1.1614,1.1436,1.0998,1.0068,0.8317,0.5313,0.1382,-0.0019,0.3239,0.6867,0.8814,0.9484,0.9383,0.8717,0.7438,0.5296,0.2045,-0.1269,-0.0442,0.5329,1.1312,1.1185,0.897,0.8061,0.7956,0.8164,0.8478,0.8819,0.9158,0.9482,0.9785,1.0065,1.0319,1.0548,1.0752,1.1924,1.1993,1.2014,1.1755,1.0852,0.8881,0.4901,-0.2034,-0.535,0.1468,0.7185,0.952,1.0142,0.9959,0.9246,0.7877,0.5362,0.0802,-0.555,-0.5012,0.1711,0.6596,0.7927,0.7405,0.7294,0.7555,0.7946,0.8362,0.8769,0.9156,0.9518,0.9853,1.0158,1.0432,1.0675,1.0888,1.213,1.2367,1.2737,1.2854,1.2026,1.0338,0.7348,0.2272,0.0024,0.5349,0.9538,1.0941,1.107,1.0712,1.0059,0.8884,0.6643,0.2778,-0.1797,-0.2267,-0.1305,0.0394,0.3516,0.5382,0.6429,0.7166,0.776,0.8278,0.8749,0.9184,0.9588,0.9956,1.0289,1.0583,1.084,1.106,1.2217,1.2532,1.3255,1.3919,1.2841,1.1757,1.0947,1.0257,1.0901,1.2729,1.3281,1.2747,1.2049,1.1478,1.1056,1.0339,0.8508,0.5699,0.2619,-0.0688,-0.6425,-0.496,0.0917,0.4242,0.5946,0.6947,0.7651,0.8232,0.8757,0.9245,0.9695,1.0103,1.0466,1.0781,1.105,1.1275,1.215,1.2275,1.2609,1.2855,1.2116,1.2375,1.3449,1.5648,1.9586,2.1041,1.7439,1.4359,1.2786,1.2045,1.2066,1.2174,1.0015,0.7513,0.4952,0.1387,-0.3479,-0.2733,0.1612,0.4457,0.6003,0.6917,0.7588,0.8193,0.8777,0.9333,0.9846,1.0303,1.0701,1.1038,1.1317,1.1543,1.2025,1.1834,1.1234,0.9709,1.0053,1.2377,1.4569,1.7962,2.7319,3.2213,2.0634,1.5079,1.3096,1.2345,1.2189,1.23,1.0128,0.7972,0.628,0.4552,0.2764,0.2656,0.4097,0.5465,0.6307,0.6855,0.7412,0.8075,0.8778,0.945,1.0052,1.0573,1.1011,1.137,1.1655,1.1873,1.1996,1.1702,1.0991,0.9794,1.0277,1.2737,1.459,1.5937,2.1495,2.572,1.8663,1.4595,1.3079,1.2738,1.2091,1.0783,0.9014,0.665,0.5721,0.5991,0.5825,0.5757,0.6051,0.6307,0.626,0.6269,0.6824,0.7769,0.875,0.9615,1.0341,1.094,1.1423,1.18,1.2082,1.2281,1.2101,1.1921,1.1621,1.1419,1.2014,1.3359,1.4321,1.418,1.5237,1.688,1.5477,1.4042,1.3169,1.2878,1.206,0.9479,0.7803,0.3154,0.2918,0.6257,0.7143,0.7249,0.7129,0.6558,0.5259,0.4453,0.555,0.7304,0.8776,0.9899,1.0767,1.1448,1.1974,1.236,1.2623,1.2784,1.2272,1.2234,1.2224,1.2378,1.2866,1.3587,1.4152,1.4305,1.453,1.4673,1.4168,1.4204,1.4024,1.0649,0.9959,0.5559,0.7086,0.6197,0.5551,0.7419,0.7963,0.7954,0.7718,0.6639,0.3898,0.2061,0.437,0.7175,0.9099,1.042,1.14,1.2154,1.2716,1.3095,1.3313,1.3402,1.2435,1.2482,1.2584,1.2793,1.3138,1.3553,1.3896,1.4066,1.4031,1.3724,1.3434,1.3647,1.362,1.5431,0.986,0.5015,1.2858,1.0278,0.9409,0.8919,0.7882,0.7683,0.8048,0.7438,0.5226,0.3706,0.5616,0.8141,0.9961,1.1272,1.2302,1.3123,1.372,1.4069,1.4193,1.4158,1.2558,1.2641,1.2765,1.2947,1.3181,1.3424,1.3607,1.3656,1.3494,1.3011,1.2067,1.4365,1.4016,1.3255,1.1519,1.0983,1.3128,1.2435,1.2108,0.9638,0.4594,0.5446,0.8144,0.8778,0.8189,0.779,0.8631,1.0011,1.1285,1.2425,1.3494,1.4437,1.5099,1.5373,1.5313,1.5062,1.2641,1.273,1.2845,1.2987,1.3145,1.3289,1.338,1.3371,1.3215,1.2835,1.2214,1.3239,1.3764,1.3624,1.2649,1.2509,1.359,1.5997,1.7494,1.2754,0.4375,0.5602,0.909,1.0269,1.0552,1.08,1.1284,1.1923,1.2711,1.3717,1.4955,1.6211,1.7027,1.7128,1.6704,1.6094,1.2692,1.2776,1.2873,1.2982,1.3091,1.3181,1.3231,1.3219,1.3135,1.2999,1.2955,1.3228,1.3648,1.3661,1.3092,1.3392,1.5651,2.2521,2.9505,2.0138,1.3047,1.1008,1.1428,1.1905,1.2328,1.2818,1.3151,1.3393,1.3916,1.4941,1.6599,1.8565,1.9702,1.9376,1.8282,1.7147,1.2722,1.2796,1.2878,1.2962,1.3042,1.3105,1.3142,1.3145,1.3118,1.309,1.3114,1.322,1.3329,1.3238,1.2664,1.2514,1.5883,2.238,2.6905,2.2902,1.815,1.4858,1.3579,1.3307,1.354,1.3947,1.4086,1.4277,1.4782,1.589,1.8091,2.1169,2.2764,2.1642,1.9654,1.798,1.2739,1.2804,1.2873,1.2941,1.3004,1.3055,1.309,1.3108,1.3116,1.3128,1.3164,1.3227,1.3282,1.3243,1.2911,1.3056,1.5752,1.9923,2.4478,2.5995,2.0294,1.6469,1.4776,1.4219,1.4249,1.4302,1.4324,1.5,1.5461,1.641,1.8645,2.2182,2.398,2.2455,2.0135,1.8304,1.2749,1.2806,1.2866,1.2924,1.2977,1.3024,1.3062,1.3091,1.3119,1.3154,1.3205,1.3276,1.3366,1.3471,1.3645,1.4272,1.5935,1.8575,2.1675,2.233,1.9048,1.6281,1.5049,1.4684,1.485,1.548,1.6564,1.6396,1.6093,1.6544,1.8008,2.0434,2.1864,2.1091,1.9486,1.8039,1.2754,1.2806,1.2859,1.2911,1.296,1.3005,1.3047,1.3086,1.3128,1.3179,1.3247,1.3342,1.3475,1.3674,1.4013,1.4646,1.572,1.7138,1.8362,1.8327,1.6765,1.5115,1.4596,1.4732,1.5184,1.6268,1.7671,1.7057,1.6456,1.6537,1.7139,1.8298,1.917,1.9067,1.8315,1.7421,1.2758,1.2806,1.2854,1.2902,1.295,1.2995,1.3041,1.3087,1.314,1.3204,1.3286,1.3399,1.3555,1.3783,1.4124,1.4632,1.5315,1.6052,1.6534,1.6372,1.5483,1.441,1.4186,1.4611,1.5152,1.5925,1.6578,1.6585,1.6681,1.6615,1.6659,1.7078,1.7501,1.7559,1.7246,1.6745,1.276,1.2805,1.2851,1.2897,1.2943,1.299,1.3039,1.3091,1.3151,1.3224,1.3315,1.3435,1.3596,1.3814,1.4108,1.4487,1.4926,1.5337,1.5569,1.5479,1.5068,1.459,1.4451,1.4668,1.5047,1.5531,1.5979,1.6353,1.6698,1.6593,1.6418,1.6472,1.6605,1.6623,1.6462,1.6167]}]