docs/data/wind_grid.json
[{"header":{"la1":42.22,"la2":41.45,"lo1":11.9,"lo2":12.97,"nx":16,"ny":12,"dx":0.07133,"dy":0.07,"parameterCategory":2,"parameterNumber":2,"parameterNumberName":"eastward_wind","parameterUnit":"m.s-1"},"data":[0.0248,0.105,0.2419,0.4058,0.4483,0.285,0.0701,-0.0916,-0.2088,-0.3172,-0.4496,-0.6135,-0.7756,-0.8809,-0.9045,-0.8666,-0.0183,0.0609,0.2642,0.6407,0.8139,0.4468,0.0873,-0.1092,-0.2232,-0.3255,-0.489,-0.7423,-1.0151,-1.1642,-1.1427,-1.0309,-0.1049,-0.0952,0.0476,0.5758,0.9036,0.4039,0.0237,-0.1533,-0.2472,-0.3147,-0.512,-0.9267,-1.4448,-1.651,-1.4743,-1.2123,-0.2058,-0.3341,-0.5087,-0.2715,0.1938,0.1064,-0.0904,-0.1937,-0.2841,-0.2919,-0.5116,-1.1252,-2.1332,-2.3688,-1.8118,-1.3404,-0.2546,-0.4522,-0.7949,-0.7101,-0.1407,-0.0294,-0.2008,-0.289,-0.1403,-0.2265,-0.486,-1.0717,-2.2676,-2.544,-1.8153,-1.3003,-0.2194,-0.3445,-0.4818,-0.3602,-0.025,0.0857,-0.0816,-0.1836,-0.0324,-0.1591,-0.48,-0.8007,-1.249,-1.584,-1.3567,-1.0696,-0.1392,-0.1702,-0.1537,-0.0054,0.2561,0.478,0.3174,0.106,-0.0672,-0.14,-0.5072,-0.7993,-0.7852,-0.875,-0.8497,-0.7645,-0.0622,-0.0406,0.0295,0.1849,0.4624,0.9479,0.5592,0.2875,0.1689,-0.0286,-0.3256,-0.5438,-0.5137,-0.4415,-0.4417,-0.4771,-0.0079,0.033,0.1096,0.2375,0.4251,0.6113,0.4932,0.3956,0.4582,0.1321,-0.1312,-0.2528,-0.1557,-0.0083,-0.0986,-0.2465,0.0231,0.0656,0.1297,0.2171,0.3146,0.3749,0.3518,0.3384,0.3241,0.1445,-0.0344,-0.0937,0.048,0.2016,0.0671,-0.1174,0.0364,0.0732,0.1212,0.1771,0.2291,0.2577,0.2546,0.2366,0.1924,0.0958,-0.0061,-0.0419,0.0277,0.0983,0.0309,-0.0908,0.038,0.0674,0.1018,0.1374,0.167,0.1822,0.1791,0.1587,0.1178,0.056,-0.0062,-0.0375,-0.0262,-0.0119,-0.0437,-0.1086]},{"header":{"la1":42.22,"la2":41.45,"lo1":11.9,"lo2":12.97,"nx":16,"ny":12,"dx":0.07133,"dy":0.07,"parameterCategory":2,"parameterNumber":3,"parameterNumberName":"northward_wind","parameterUnit":"m.s-1"},"data":[-0.8215,-0.9327,-1.0642,-1.1957,-1.1803,-0.8922,-0.5308,-0.2773,-0.1349,-0.0547,-0.0073,0.0123,0.0102,0.0028,0.0027,0.0096,-0.9008,-1.0466,-1.2344,-1.5291,-1.6624,-1.119,-0.5253,-0.2152,-0.0904,-0.0229,0.0276,0.0346,0.0009,-0.0269,-0.0226,-0.0024,-0.9705,-1.1539,-1.3349,-1.588,-1.7827,-1.0558,-0.3784,-0.1143,-0.0961,-0.034,0.0682,0.0549,-0.0637,-0.1254,-0.0816,-0.0236,-1.0182,-1.2877,-1.5725,-1.5044,-1.1647,-0.5972,-0.1211,0.019,-0.2431,-0.072,0.1617,0.1041,-0.2398,-0.3357,-0.1568,-0.0367,-0.9925,-1.3219,-1.7912,-1.6873,-0.8367,-0.2344,0.0837,0.1657,0.3359,0.2845,0.4038,0.3598,-0.2312,-0.3849,-0.1305,-0.0095,-0.8524,-1.0731,-1.2892,-1.0801,-0.4432,0.0027,0.1967,0.317,0.6679,0.5691,0.8105,1.1726,0.5683,0.1031,0.0502,0.0512,-0.6486,-0.717,-0.6969,-0.4598,-0.0832,0.1798,0.3759,0.4919,0.7004,0.6334,1.1101,1.872,1.0726,0.4068,0.1536,0.0693,-0.4577,-0.4393,-0.3455,-0.1507,0.0851,0.2053,0.3988,0.4912,0.4787,0.5503,0.8111,1.0644,0.6685,0.1873,0.0063,-0.0177,-0.312,-0.2618,-0.1643,-0.0217,0.1285,0.23,0.3274,0.3987,0.404,0.4427,0.5014,0.4213,-0.0253,-0.4298,-0.3451,-0.1802,-0.21,-0.1541,-0.0708,0.0331,0.1381,0.2259,0.3007,0.3602,0.3806,0.3716,0.3199,0.0968,-0.4382,-0.8086,-0.5706,-0.2952,-0.1408,-0.0886,-0.0205,0.0577,0.1362,0.2062,0.2644,0.3062,0.3205,0.2985,0.2152,0.005,-0.3509,-0.5786,-0.4736,-0.2854,-0.0941,-0.0482,0.0071,0.0677,0.1279,0.1822,0.226,0.2545,0.2606,0.2349,0.1606,0.018,-0.1712,-0.2974,-0.2869,-0.2056]}]