docs/data/wind_grid.json
[{"header":{"la1":42.85,"la2":41.18,"lo1":11.55,"lo2":14.05,"nx":36,"ny":24,"dx":0.07143,"dy":0.07261,"parameterCategory":2,"parameterNumber":2,"parameterNumberName":"eastward_wind","parameterUnit":"m.s-1"},"data":[-0.7619,-0.7685,-0.773,-0.7753,-0.7753,-0.7724,-0.7658,-0.7544,-0.7373,-0.715,-0.6895,-0.6638,-0.6407,-0.6218,-0.6075,-0.5972,-0.5892,-0.5811,-0.5708,-0.5574,-0.5422,-0.5286,-0.5201,-0.5179,-0.5203,-0.5246,-0.5287,-0.5314,-0.5327,-0.5326,-0.5315,-0.5297,-0.5274,-0.5249,-0.5223,-0.5197,-0.7876,-0.797,-0.8039,-0.8084,-0.8106,-0.8104,-0.8065,-0.7959,-0.776,-0.7467,-0.7118,-0.6767,-0.6463,-0.6231,-0.6074,-0.5981,-0.5921,-0.5854,-0.5735,-0.5539,-0.5286,-0.5057,-0.494,-0.4955,-0.5049,-0.5157,-0.5243,-0.5296,-0.5321,-0.5325,-0.5314,-0.5294,-0.5268,-0.524,-0.5211,-0.5183,-0.8177,-0.8308,-0.8408,-0.8478,-0.8531,-0.8579,-0.8607,-0.8552,-0.8333,-0.793,-0.742,-0.6916,-0.6503,-0.6213,-0.6048,-0.5982,-0.5972,-0.595,-0.5826,-0.5521,-0.5051,-0.4607,-0.4442,-0.4577,-0.483,-0.5055,-0.5206,-0.529,-0.5326,-0.5331,-0.5317,-0.5292,-0.5262,-0.523,-0.5198,-0.5167,-0.8532,-0.8719,-0.8858,-0.8951,-0.9033,-0.9159,-0.9338,-0.9446,-0.9247,-0.8645,-0.7834,-0.7074,-0.6501,-0.6139,-0.5972,-0.5964,-0.6057,-0.6149,-0.607,-0.5603,-0.4659,-0.3674,-0.3467,-0.3977,-0.4569,-0.4976,-0.5202,-0.5309,-0.5346,-0.5345,-0.5323,-0.5291,-0.5255,-0.5218,-0.5182,-0.5147,-0.8956,-0.9231,-0.943,-0.9533,-0.9606,-0.9815,-1.0298,-1.0871,-1.0833,-0.9796,-0.8376,-0.7197,-0.6409,-0.5966,-0.581,-0.5895,-0.6169,-0.6512,-0.6646,-0.6061,-0.422,-0.1864,-0.1793,-0.3279,-0.4409,-0.4996,-0.5262,-0.5363,-0.5384,-0.5367,-0.5331,-0.5289,-0.5245,-0.5202,-0.5161,-0.5124,-0.9457,-0.9891,-1.0212,-1.0311,-1.0258,-1.0434,-1.1362,-1.3074,-1.364,-1.1498,-0.8901,-0.7158,-0.6152,-0.5638,-0.55,-0.5705,-0.6238,-0.7027,-0.7727,-0.7355,-0.4788,-0.0679,-0.0887,-0.3296,-0.4649,-0.521,-0.5411,-0.5456,-0.5437,-0.5392,-0.5338,-0.5283,-0.523,-0.518,-0.5135,-0.5095,-1.0012,-1.0733,-1.136,-1.1515,-1.1089,-1.0826,-1.186,-1.4988,-1.6691,-1.2675,-0.8842,-0.6758,-0.5655,-0.5095,-0.4953,-0.5263,-0.6071,-0.7342,-0.8664,-0.8618,-0.722,-0.4669,-0.394,-0.4847,-0.5426,-0.5615,-0.5624,-0.5566,-0.5489,-0.541,-0.5336,-0.5268,-0.5206,-0.5151,-0.5102,-0.5059,-1.0516,-1.1658,-1.298,-1.3543,-1.233,-1.0954,-1.1006,-1.2908,-1.3841,-1.0642,-0.7626,-0.5917,-0.4917,-0.4297,-0.4031,-0.4358,-0.5427,-0.6969,-0.8333,-0.9214,-1.1016,-1.0452,-0.8148,-0.6907,-0.6362,-0.6047,-0.5823,-0.5652,-0.5518,-0.5409,-0.5318,-0.524,-0.5172,-0.5112,-0.5059,-0.5014,-1.0759,-1.2199,-1.4328,-1.5878,-1.3477,-1.0845,-0.9591,-0.9205,-0.8545,-0.7126,-0.5848,-0.4876,-0.4062,-0.3276,-0.2484,-0.2569,-0.4232,-0.6304,-0.8247,-1.1174,-1.6638,-1.5469,-1.0727,-0.817,-0.6943,-0.6293,-0.5912,-0.5669,-0.5502,-0.5378,-0.5279,-0.5196,-0.5123,-0.506,-0.5006,-0.4959,-1.0593,-1.1848,-1.3423,-1.429,-1.2574,-1.0343,-0.8506,-0.6985,-0.5263,-0.4295,-0.4317,-0.396,-0.3283,-0.231,-0.0144,0.0967,-0.2872,-0.6009,-0.8221,-1.0849,-1.4523,-1.3919,-1.0495,-0.8209,-0.6945,-0.6237,-0.583,-0.5587,-0.5429,-0.5313,-0.5218,-0.5134,-0.506,-0.4994,-0.4938,-0.4892,-1.0129,-1.1055,-1.1982,-1.2663,-1.2235,-0.9922,-0.794,-0.6235,-0.3082,-0.1608,-0.336,-0.3311,-0.2635,-0.186,-0.02,0.108,-0.3496,-0.714,-0.9018,-0.9812,-1.0504,-1.0188,-0.8789,-0.7419,-0.6462,-0.5884,-0.5573,-0.5408,-0.5304,-0.5218,-0.5137,-0.5057,-0.498,-0.4912,-0.4854,-0.4808,-0.9528,-1.0252,-1.1141,-1.2191,-1.1674,-0.9281,-0.793,-0.7471,-0.5052,-0.3045,-0.3402,-0.2893,-0.1994,-0.0951,-0.1464,-0.2986,-0.6293,-1.1388,-1.2873,-1.0629,-0.9109,-0.8195,-0.7298,-0.642,-0.5713,-0.5304,-0.5176,-0.5163,-0.5152,-0.5111,-0.5045,-0.4965,-0.4882,-0.4808,-0.4748,-0.4705,-0.885,-0.9337,-0.985,-1.0144,-0.9546,-0.8371,-0.8091,-0.8951,-0.7688,-0.5013,-0.3526,-0.2563,-0.1826,-0.0467,-0.1327,-0.4146,-0.8113,-1.9949,-2.0485,-1.1928,-0.8451,-0.6975,-0.6161,-0.5511,-0.4894,-0.458,-0.4714,-0.492,-0.5017,-0.5016,-0.4952,-0.4858,-0.4759,-0.4673,-0.4611,-0.4573,-0.8158,-0.841,-0.858,-0.8516,-0.8097,-0.7609,-0.7626,-0.8149,-0.7269,-0.4877,-0.325,-0.2281,-0.1951,-0.1174,-0.2847,-0.4496,-0.7078,-1.3768,-1.5157,-0.9945,-0.6853,-0.5533,-0.509,-0.4824,-0.4353,-0.4045,-0.4409,-0.4792,-0.4956,-0.4958,-0.4863,-0.4728,-0.4593,-0.4489,-0.4427,-0.4403,-0.7523,-0.7611,-0.7604,-0.7449,-0.715,-0.6842,-0.6668,-0.6432,-0.5466,-0.3887,-0.2726,-0.2242,-0.165,-0.0204,-0.3379,-0.4992,-1.2933,-0.9493,-0.8399,-0.6131,-0.3865,-0.3309,-0.3854,-0.4319,-0.4365,-0.4258,-0.4554,-0.4895,-0.502,-0.4954,-0.4771,-0.4546,-0.4349,-0.4221,-0.4171,-0.4179,-0.6976,-0.6965,-0.6877,-0.6694,-0.6425,-0.611,-0.5747,-0.5197,-0.425,-0.2927,-0.1581,-0.2004,-0.2,-0.2008,-0.3625,-0.6995,-1.0973,-0.7499,-0.5065,-0.2779,0.0361,-0.0317,-0.2575,-0.3873,-0.4503,-0.4802,-0.5079,-0.527,-0.524,-0.5006,-0.4641,-0.4252,-0.3951,-0.3809,-0.3808,-0.3888,-0.6519,-0.6451,-0.6322,-0.6122,-0.5852,-0.5515,-0.5086,-0.4502,-0.3699,-0.2687,-0.1712,-0.1918,-0.1759,-0.1693,-0.2954,-0.4345,-0.497,-0.3313,-0.1407,-0.0824,0.114,0.0297,-0.2126,-0.3748,-0.4849,-0.5604,-0.5993,-0.5977,-0.5647,-0.5101,-0.4412,-0.3725,-0.327,-0.3164,-0.3303,-0.3527,-0.6141,-0.6041,-0.589,-0.5682,-0.5413,-0.5079,-0.4666,-0.4154,-0.3545,-0.2906,-0.2416,-0.2167,-0.1694,-0.1545,-0.1737,-0.1799,-0.1849,0.0867,0.4057,0.0913,-0.029,-0.1082,-0.2492,-0.4067,-0.5685,-0.712,-0.7624,-0.7111,-0.6241,-0.5216,-0.4012,-0.2807,-0.2135,-0.2222,-0.2674,-0.3134,-0.5831,-0.5713,-0.5552,-0.5344,-0.5087,-0.4776,-0.4408,-0.3985,-0.3525,-0.3076,-0.2697,-0.2375,-0.2014,-0.1459,0.0403,0.1275,-0.0335,0.1235,0.3021,0.1537,-0.0028,-0.1384,-0.2763,-0.4498,-0.6794,-0.9344,-0.9914,-0.8429,-0.6899,-0.535,-0.3524,-0.1571,-0.0657,-0.1183,-0.2092,-0.2814,-0.5577,-0.545,-0.5288,-0.5088,-0.4848,-0.4568,-0.425,-0.39,-0.3536,-0.3179,-0.2846,-0.2516,-0.2103,-0.1348,0.0191,0.0739,-0.0195,0.0428,0.2039,0.2637,0.0444,-0.1208,-0.263,-0.453,-0.7174,-0.9948,-1.0512,-0.9182,-0.7423,-0.5536,-0.341,-0.1063,-0.003,-0.0802,-0.1901,-0.2708,-0.5369,-0.524,-0.5082,-0.4894,-0.4675,-0.4426,-0.4151,-0.3857,-0.3553,-0.3251,-0.2952,-0.2635,-0.2246,-0.1698,-0.1037,-0.0723,-0.0677,-0.0132,0.0943,0.1223,0.0097,-0.0785,-0.1757,-0.3775,-0.6674,-0.9564,-1.1699,-1.0512,-0.7698,-0.5592,-0.3851,-0.2088,-0.1175,-0.1513,-0.2244,-0.2863,-0.52,-0.5072,-0.4922,-0.4747,-0.4548,-0.4327,-0.4088,-0.3836,-0.3576,-0.3313,-0.3046,-0.2763,-0.2442,-0.2072,-0.1705,-0.1431,-0.1189,-0.0803,-0.0342,-0.0163,-0.0101,0.0647,0.0644,-0.2068,-0.5774,-0.9756,-1.355,-1.1051,-0.649,-0.482,-0.4082,-0.3225,-0.2607,-0.255,-0.2829,-0.3172,-0.5062,-0.4939,-0.4797,-0.4635,-0.4456,-0.426,-0.405,-0.383,-0.3604,-0.3374,-0.3139,-0.2895,-0.2635,-0.2364,-0.2101,-0.1863,-0.1627,-0.1353,-0.106,-0.0731,0.0058,0.2003,0.2649,-0.0671,-0.4534,-0.7681,-0.9251,-0.6745,-0.2964,-0.3189,-0.3788,-0.3696,-0.3414,-0.3285,-0.3341,-0.349,-0.4949,-0.4832,-0.4699,-0.4551,-0.4389,-0.4214,-0.4029,-0.3836,-0.3638,-0.3436,-0.3231,-0.3022,-0.2808,-0.2594,-0.2385,-0.2185,-0.1984,-0.1769,-0.1519,-0.1149,-0.0415,0.0738,0.0856,-0.1196,-0.3785,-0.5686,-0.6151,-0.4494,-0.2454,-0.2838,-0.3619,-0.3835,-0.3775,-0.3697,-0.3689,-0.3744]},{"header":{"la1":42.85,"la2":41.18,"lo1":11.55,"lo2":14.05,"nx":36,"ny":24,"dx":0.07143,"dy":0.07261,"parameterCategory":2,"parameterNumber":3,"parameterNumberName":"northward_wind","parameterUnit":"m.s-1"},"data":[-0.7282,-0.7253,-0.7209,-0.7149,-0.7074,-0.6986,-0.6891,-0.6794,-0.6699,-0.6601,-0.6491,-0.6356,-0.6189,-0.5986,-0.5749,-0.549,-0.5223,-0.4968,-0.4748,-0.4578,-0.4464,-0.4403,-0.4388,-0.4412,-0.4464,-0.4539,-0.4629,-0.4728,-0.4832,-0.4938,-0.5044,-0.5149,-0.525,-0.5347,-0.544,-0.5528,-0.7361,-0.7334,-0.7288,-0.7221,-0.713,-0.7021,-0.6903,-0.6792,-0.6697,-0.6614,-0.6523,-0.6401,-0.6229,-0.6003,-0.5726,-0.5408,-0.5074,-0.4754,-0.4485,-0.4292,-0.418,-0.4136,-0.4144,-0.4192,-0.4271,-0.4372,-0.4488,-0.4612,-0.4738,-0.4864,-0.4988,-0.5107,-0.5222,-0.5331,-0.5435,-0.5531,-0.7447,-0.7424,-0.7378,-0.7301,-0.7186,-0.7038,-0.6874,-0.6728,-0.6634,-0.6587,-0.6546,-0.6458,-0.6295,-0.6048,-0.5721,-0.5326,-0.4895,-0.4477,-0.4141,-0.3934,-0.3853,-0.3853,-0.3895,-0.3969,-0.4073,-0.4203,-0.4347,-0.4498,-0.4649,-0.4796,-0.4939,-0.5075,-0.5204,-0.5325,-0.5439,-0.5545,-0.7539,-0.7527,-0.7485,-0.7398,-0.725,-0.7033,-0.6768,-0.6532,-0.6427,-0.6468,-0.6543,-0.6535,-0.64,-0.6137,-0.5753,-0.5258,-0.4681,-0.4102,-0.3659,-0.3469,-0.3507,-0.3623,-0.3702,-0.3771,-0.3883,-0.4037,-0.4212,-0.4392,-0.4569,-0.4739,-0.4901,-0.5054,-0.5198,-0.5332,-0.5457,-0.5572,-0.7638,-0.7644,-0.7616,-0.7528,-0.7342,-0.7017,-0.6544,-0.6057,-0.5892,-0.6159,-0.6504,-0.6649,-0.6565,-0.6294,-0.5854,-0.5239,-0.4448,-0.3572,-0.2901,-0.2788,-0.318,-0.3624,-0.3687,-0.3632,-0.3708,-0.388,-0.4087,-0.4298,-0.4503,-0.4696,-0.4878,-0.5048,-0.5207,-0.5355,-0.5491,-0.5615,-0.7736,-0.7773,-0.7782,-0.7716,-0.7509,-0.7064,-0.6235,-0.5098,-0.4676,-0.5568,-0.6484,-0.6852,-0.6822,-0.6551,-0.6077,-0.5349,-0.4288,-0.2891,-0.1622,-0.1611,-0.2676,-0.3746,-0.3737,-0.3469,-0.352,-0.3729,-0.3978,-0.4224,-0.4456,-0.4672,-0.4874,-0.5062,-0.5236,-0.5398,-0.5544,-0.5677,-0.782,-0.7906,-0.7988,-0.7982,-0.7793,-0.7318,-0.6224,-0.4152,-0.3139,-0.5173,-0.675,-0.7233,-0.7197,-0.6937,-0.6488,-0.5724,-0.4456,-0.2532,-0.0385,-0.0433,-0.1645,-0.2602,-0.2975,-0.3044,-0.3276,-0.3585,-0.3892,-0.4176,-0.4434,-0.4672,-0.4892,-0.5098,-0.5289,-0.5464,-0.5622,-0.5763,-0.7863,-0.8008,-0.8238,-0.836,-0.8149,-0.7814,-0.7109,-0.56,-0.4883,-0.6531,-0.7667,-0.7847,-0.7676,-0.7459,-0.7181,-0.6532,-0.5213,-0.3285,-0.1402,-0.0755,0.0079,-0.0194,-0.1513,-0.2419,-0.3019,-0.3475,-0.3847,-0.4163,-0.4442,-0.4699,-0.4938,-0.5162,-0.537,-0.556,-0.573,-0.5879,-0.7823,-0.7976,-0.8412,-0.8843,-0.8316,-0.8251,-0.8474,-0.8511,-0.8768,-0.9252,-0.9125,-0.8592,-0.8158,-0.8073,-0.8345,-0.8088,-0.6496,-0.4484,-0.2601,-0.0352,0.3322,0.2591,-0.0384,-0.2019,-0.2896,-0.3454,-0.3861,-0.4192,-0.4484,-0.4756,-0.5014,-0.5258,-0.5486,-0.5693,-0.5875,-0.6031,-0.7686,-0.7643,-0.7748,-0.7871,-0.7405,-0.8344,-0.9727,-1.0967,-1.2338,-1.2615,-1.0846,-0.9245,-0.8464,-0.854,-1.0184,-1.1168,-0.7858,-0.5304,-0.3418,-0.1128,0.1752,0.1447,-0.0735,-0.2171,-0.3011,-0.3553,-0.3945,-0.4266,-0.4558,-0.4843,-0.5123,-0.5394,-0.5647,-0.5874,-0.6069,-0.6229,-0.7542,-0.718,-0.6259,-0.4153,-0.4719,-0.8287,-1.1038,-1.29,-1.5563,-1.6955,-1.2225,-0.9498,-0.8468,-0.8384,-0.9847,-1.1191,-0.7506,-0.5316,-0.402,-0.27,-0.1444,-0.1219,-0.1904,-0.2688,-0.3311,-0.3762,-0.4092,-0.4373,-0.4657,-0.4958,-0.5271,-0.5579,-0.5866,-0.6118,-0.6326,-0.6488,-0.7542,-0.711,-0.6091,-0.4367,-0.5177,-0.9318,-1.2864,-1.4803,-1.5058,-1.4998,-1.1532,-0.9197,-0.8341,-0.8377,-0.7902,-0.6873,-0.5487,-0.4777,-0.4357,-0.3523,-0.2777,-0.2489,-0.2687,-0.3161,-0.3683,-0.4062,-0.4287,-0.4497,-0.4769,-0.5101,-0.5466,-0.5831,-0.6166,-0.645,-0.667,-0.6825,-0.7715,-0.7492,-0.7117,-0.6928,-0.8098,-1.0927,-1.426,-1.6846,-1.5419,-1.2627,-1.023,-0.8789,-0.8247,-0.8535,-0.7469,-0.4247,-0.3326,-0.4985,-0.5072,-0.3635,-0.29,-0.2653,-0.2858,-0.3416,-0.4109,-0.4494,-0.4517,-0.4608,-0.4881,-0.5276,-0.573,-0.6183,-0.6588,-0.691,-0.7134,-0.7267,-0.795,-0.796,-0.8048,-0.8453,-0.9535,-1.1371,-1.3609,-1.5449,-1.445,-1.1481,-0.95,-0.8698,-0.8519,-0.7799,-0.4606,0.0313,0.0157,-0.2643,-0.3681,-0.2831,-0.2087,-0.1917,-0.2436,-0.3374,-0.447,-0.4939,-0.4679,-0.4664,-0.4986,-0.55,-0.6099,-0.6692,-0.7197,-0.7561,-0.777,-0.7846,-0.814,-0.8283,-0.854,-0.902,-0.9819,-1.09,-1.201,-1.2563,-1.1776,-1.0229,-0.9187,-0.8567,-0.7965,-0.7939,-0.3419,0.1854,0.7664,0.1016,-0.1634,-0.1296,0.0234,0.0211,-0.1317,-0.2862,-0.4104,-0.4636,-0.4518,-0.4615,-0.5085,-0.5804,-0.6641,-0.7457,-0.8109,-0.8506,-0.8648,-0.8603,-0.8243,-0.8428,-0.87,-0.9094,-0.9617,-1.0194,-1.0643,-1.0689,-1.0191,-0.9566,-0.9596,-0.8953,-0.8428,-0.7227,-0.4273,0.0689,0.499,0.0496,-0.1573,0.0317,0.5714,0.4382,0.0161,-0.2131,-0.3273,-0.3783,-0.4,-0.4393,-0.5152,-0.6219,-0.7457,-0.8648,-0.9518,-0.9902,-0.9859,-0.9571,-0.8264,-0.8441,-0.867,-0.8955,-0.9275,-0.9568,-0.9734,-0.9678,-0.9426,-0.9244,-0.9448,-0.9085,-0.9647,-0.9734,-0.6119,-0.335,-0.2083,-0.3239,-0.4009,-0.0784,0.6433,0.4806,0.0231,-0.187,-0.2596,-0.2754,-0.3016,-0.3815,-0.5112,-0.6765,-0.8679,-1.054,-1.1746,-1.1964,-1.1477,-1.0742,-0.8226,-0.8375,-0.855,-0.8742,-0.8932,-0.9078,-0.9134,-0.9077,-0.8945,-0.8845,-0.8817,-0.8863,-0.9845,-0.9865,-0.7369,-0.6109,-0.5312,-0.6763,-0.902,-0.4918,-0.0955,-0.0188,-0.1418,-0.2171,-0.1881,-0.0878,-0.0848,-0.2599,-0.492,-0.7432,-1.0385,-1.3443,-1.516,-1.481,-1.342,-1.1989,-0.815,-0.8267,-0.8393,-0.8519,-0.8627,-0.8697,-0.8707,-0.8655,-0.8562,-0.8468,-0.8398,-0.8389,-0.8468,-0.8199,-0.8188,-0.8402,-0.6761,-0.7165,-0.8103,-0.6281,-0.4421,-0.3271,-0.3023,-0.267,-0.1053,0.2544,0.3307,-0.1103,-0.4898,-0.816,-1.2211,-1.6984,-1.9329,-1.7818,-1.517,-1.2995,-0.8054,-0.8142,-0.8229,-0.8307,-0.8367,-0.8394,-0.8381,-0.8326,-0.8242,-0.8144,-0.8044,-0.7946,-0.7831,-0.7721,-0.8008,-0.8065,-0.6973,-0.6626,-0.6744,-0.6793,-0.5622,-0.4689,-0.419,-0.349,-0.1601,0.2837,0.3869,-0.2298,-0.5871,-0.8822,-1.2939,-1.8409,-2.1032,-1.8912,-1.5768,-1.3356,-0.795,-0.8013,-0.807,-0.8116,-0.8144,-0.8146,-0.8118,-0.8059,-0.7975,-0.7873,-0.7757,-0.7628,-0.7489,-0.7376,-0.7333,-0.7146,-0.6709,-0.6432,-0.6437,-0.6364,-0.585,-0.5487,-0.5237,-0.4737,-0.4035,-0.4106,-0.7085,-0.7395,-0.7839,-0.9448,-1.2122,-1.5885,-1.8025,-1.6994,-1.484,-1.2944,-0.7845,-0.7888,-0.7923,-0.7947,-0.7953,-0.7939,-0.7901,-0.7838,-0.7754,-0.7651,-0.7531,-0.7397,-0.7254,-0.7112,-0.6966,-0.6766,-0.6515,-0.6313,-0.6201,-0.6098,-0.6037,-0.6255,-0.632,-0.5893,-0.5937,-0.7654,-1.0616,-0.9735,-0.9809,-1.041,-1.1271,-1.2939,-1.4236,-1.4166,-1.3204,-1.2065,-0.7744,-0.7771,-0.779,-0.7797,-0.779,-0.7764,-0.772,-0.7655,-0.7571,-0.747,-0.7354,-0.7224,-0.7083,-0.6936,-0.6777,-0.6601,-0.6418,-0.6261,-0.6155,-0.6118,-0.6256,-0.6704,-0.6852,-0.6461,-0.6663,-0.7813,-0.9181,-1.0299,-1.219,-1.1805,-1.1136,-1.1421,-1.1962,-1.2085,-1.1724,-1.1122,-0.7648,-0.7663,-0.767,-0.7666,-0.7649,-0.7616,-0.7568,-0.7503,-0.7422,-0.7325,-0.7215,-0.7093,-0.6961,-0.6822,-0.6676,-0.6526,-0.6382,-0.6261,-0.6183,-0.6179,-0.6301,-0.6541,-0.6631,-0.6589,-0.6909,-0.7737,-0.8927,-1.0698,-1.2489,-1.2012,-1.1012,-1.0706,-1.0778,-1.0812,-1.0647,-1.0321]}]