docs/data/wind_grid.json
[{"header":{"la1":42.85,"la2":41.18,"lo1":11.55,"lo2":14.05,"nx":36,"ny":24,"dx":0.07143,"dy":0.07261,"parameterCategory":2,"parameterNumber":2,"parameterNumberName":"eastward_wind","parameterUnit":"m.s-1"},"data":[1.404,1.3719,1.3323,1.2857,1.2343,1.1823,1.1355,1.1002,1.0805,1.0766,1.0849,1.0993,1.1137,1.1236,1.1257,1.1175,1.0966,1.0611,1.0103,0.9473,0.8819,0.8294,0.8039,0.8098,0.8407,0.8853,0.9343,0.9817,1.0249,1.0631,1.0964,1.1253,1.1505,1.1724,1.1916,1.2086,1.429,1.3934,1.3463,1.2873,1.2184,1.1454,1.078,1.0279,1.004,1.0074,1.0302,1.061,1.09,1.1111,1.1209,1.1168,1.0956,1.0527,0.9833,0.8875,0.7797,0.6913,0.6543,0.6754,0.7353,0.8092,0.8817,0.946,1.0008,1.0467,1.0852,1.1177,1.1453,1.1689,1.1893,1.2071,1.4652,1.4277,1.3732,1.2988,1.2049,1.0982,0.9942,0.916,0.8846,0.9031,0.9538,1.0127,1.064,1.1008,1.1214,1.1248,1.1076,1.0613,0.9712,0.8242,0.6345,0.471,0.418,0.4822,0.6018,0.7244,0.8294,0.9138,0.9808,1.0343,1.0774,1.1129,1.1424,1.1672,1.1885,1.2069,1.5162,1.481,1.4219,1.3305,1.2023,1.0416,0.8701,0.7334,0.6862,0.7399,0.847,0.9541,1.0374,1.094,1.1281,1.1432,1.1386,1.103,1.0036,0.7857,0.4322,0.094,0.0287,0.2144,0.4505,0.644,0.7868,0.891,0.9685,1.0276,1.0741,1.1114,1.1421,1.1676,1.1893,1.2079,1.5857,1.5612,1.5053,1.4004,1.2301,0.9879,0.6917,0.4222,0.3349,0.4795,0.7058,0.8913,1.0152,1.0928,1.1405,1.1705,1.1906,1.1981,1.1419,0.8678,0.2188,-0.5277,-0.5494,-0.0763,0.3301,0.5955,0.7675,0.884,0.9668,1.0283,1.0759,1.1137,1.1445,1.1701,1.1917,1.2102,1.6755,1.6754,1.6407,1.5367,1.3251,0.9788,0.4817,-0.0839,-0.2849,0.1028,0.5579,0.8446,1.006,1.0986,1.1557,1.1988,1.2506,1.3459,1.4661,1.2511,0.3079,-0.9039,-0.8471,-0.1461,0.3307,0.6101,0.7825,0.8966,0.9769,1.0365,1.0826,1.1194,1.1494,1.1743,1.1954,1.2134,1.7812,1.824,1.8423,1.7728,1.5343,1.094,0.4121,-0.5353,-0.9434,-0.1674,0.5068,0.8457,1.0173,1.1113,1.1691,1.2162,1.2834,1.4449,1.7983,1.7074,0.7822,-0.0302,-0.1636,0.1718,0.4804,0.69,0.8297,0.9263,0.9968,1.0506,1.0932,1.1278,1.1563,1.18,1.2001,1.2174,1.8879,1.9857,2.0938,2.1142,1.8607,1.3627,0.7073,-0.0671,-0.3816,0.1485,0.6325,0.8991,1.0446,1.1261,1.1756,1.2164,1.2704,1.3694,1.5215,1.3518,0.8094,0.5512,0.4719,0.5436,0.6766,0.7977,0.8918,0.9638,1.0208,1.0673,1.1057,1.1376,1.1643,1.1866,1.2054,1.2217,1.9739,2.1098,2.2804,2.3912,2.1438,1.6493,1.1212,0.6802,0.4856,0.5749,0.7761,0.9562,1.0705,1.1335,1.1677,1.1976,1.246,1.2833,1.2417,0.9667,0.4801,0.5172,0.6822,0.762,0.8294,0.8915,0.9466,0.9963,1.0416,1.0823,1.1177,1.1476,1.1724,1.1931,1.2106,1.2256,2.0275,2.1777,2.3335,2.406,2.3044,1.8663,1.3739,0.965,0.604,0.5031,0.7591,0.979,1.0799,1.1224,1.1384,1.1427,1.2374,1.3007,1.2496,1.0152,0.6601,0.6622,0.8233,0.8969,0.926,0.9462,0.9731,1.0098,1.0515,1.0919,1.1273,1.1565,1.18,1.199,1.2148,1.2286,2.0489,2.2252,2.5016,2.9634,2.833,2.0545,1.5051,1.072,0.239,-0.1706,0.6612,0.9991,1.0662,1.067,1.109,1.1401,1.2886,1.4233,1.4275,1.2796,1.0855,1.0036,1.0061,0.9944,0.9596,0.9347,0.9468,0.9904,1.0445,1.0942,1.134,1.1639,1.1862,1.2032,1.2171,1.2294,2.0295,2.2022,2.4918,2.904,2.753,2.018,1.5818,1.3783,0.8629,0.4097,0.8812,1.057,1.0261,0.9144,0.9492,1.1974,1.4316,1.7168,1.7698,1.5615,1.3674,1.2389,1.1429,1.0274,0.8866,0.7999,0.831,0.9268,1.0211,1.0919,1.1397,1.1704,1.1903,1.2042,1.2157,1.2266,1.97,2.0891,2.2401,2.3467,2.1968,1.859,1.654,1.3525,1.7132,1.2871,1.1858,1.0581,0.9896,0.7537,0.7814,1.256,1.5553,2.2251,2.253,1.7648,1.5271,1.3767,1.2205,0.9832,0.6439,0.4497,0.599,0.8321,0.9972,1.0949,1.1485,1.1762,1.1904,1.1994,1.2079,1.2179,1.8945,1.9579,2.0111,2.0116,1.9193,1.7899,1.7565,1.9636,1.8634,1.5664,1.3997,0.9489,0.8089,1.2213,1.2496,1.2951,1.5214,1.9346,2.0125,1.7592,1.5998,1.474,1.2924,0.9533,0.3664,0.0255,0.3926,0.7885,1.0095,1.1174,1.1642,1.1796,1.1821,1.1833,1.1889,1.1998,1.8261,1.8558,1.8701,1.8547,1.808,1.7589,1.7496,1.7778,1.7639,1.7641,1.7987,1.6818,1.5982,1.9481,1.4867,1.3414,2.1212,1.8231,1.7581,1.7,1.666,1.5924,1.4142,1.0944,0.5916,0.2967,0.5744,0.906,1.0899,1.1674,1.1844,1.1724,1.1545,1.1458,1.1512,1.1678,1.7735,1.7874,1.7905,1.7795,1.7585,1.7409,1.7412,1.7643,1.8268,2.0125,2.4003,2.4579,2.1599,1.8561,1.7007,1.7561,2.0338,1.7922,1.674,1.6919,1.8177,1.7608,1.5587,1.3311,1.0814,0.9429,1.0169,1.15,1.226,1.2351,1.196,1.1357,1.0864,1.0692,1.0837,1.1167,1.736,1.7438,1.7454,1.7411,1.7348,1.7339,1.7476,1.7872,1.8782,2.0734,2.3654,2.3196,2.3389,2.3413,1.9146,1.7898,1.7451,1.6043,1.4966,1.621,1.8393,1.793,1.6374,1.5136,1.4237,1.3907,1.4028,1.4085,1.3781,1.3004,1.1758,1.035,0.9394,0.9267,0.9752,1.0445,1.7101,1.7161,1.7191,1.7202,1.7227,1.7315,1.7531,1.7961,1.8721,1.9858,2.096,2.1539,2.3384,2.3614,2.02,1.8874,1.706,1.3529,1.0169,1.4418,1.6678,1.7045,1.6711,1.6409,1.6488,1.6974,1.7093,1.6399,1.5227,1.3515,1.1042,0.824,0.662,0.6953,0.8267,0.96,1.6922,1.698,1.7028,1.7077,1.7152,1.7286,1.7518,1.7893,1.8436,1.91,1.9731,2.0274,2.0828,2.0745,2.0957,2.1286,1.7947,1.4432,1.2619,1.6047,1.6905,1.7181,1.7305,1.7489,1.8087,1.9196,1.9438,1.8242,1.6535,1.4027,1.008,0.5153,0.2715,0.4227,0.6839,0.8924,1.6795,1.6857,1.6918,1.699,1.7089,1.7235,1.7451,1.7752,1.8135,1.8563,1.8972,1.9318,1.9571,1.9774,2.0505,2.0618,1.8393,1.6912,1.8309,1.9432,1.8038,1.8035,1.83,1.853,1.9042,1.9833,2.0007,1.9424,1.7772,1.4957,1.0235,0.3923,0.0973,0.324,0.6477,0.8844,1.6701,1.6766,1.6836,1.6919,1.7025,1.7167,1.7355,1.7592,1.7869,1.8163,1.844,1.8672,1.8851,1.9017,1.9191,1.8965,1.8172,1.7717,1.8257,1.8702,1.8776,1.9553,2.0028,1.9803,1.987,2.075,2.2167,2.133,1.9129,1.6521,1.2503,0.7322,0.4512,0.5529,0.7724,0.955,1.6627,1.6694,1.6768,1.6854,1.6959,1.7088,1.7247,1.7435,1.7642,1.7854,1.805,1.8214,1.834,1.8423,1.843,1.8272,1.8004,1.7911,1.8184,1.8771,2.0085,2.2474,2.3258,2.1536,2.0657,2.1661,2.3773,2.236,2.0088,1.8377,1.5508,1.1924,0.9494,0.9093,0.9825,1.0766,1.6567,1.6634,1.6708,1.6792,1.689,1.7006,1.714,1.729,1.745,1.7608,1.7754,1.7876,1.7966,1.8016,1.8015,1.796,1.7913,1.8004,1.8377,1.9257,2.1245,2.468,2.5658,2.2717,2.0966,2.106,2.1645,2.1057,2.0778,2.0043,1.7694,1.497,1.2912,1.194,1.18,1.2052,1.6514,1.658,1.6652,1.6732,1.6822,1.6924,1.7038,1.7161,1.7287,1.7411,1.7524,1.762,1.7693,1.7741,1.7765,1.7785,1.7849,1.804,1.8479,1.9359,2.0965,2.3059,2.3601,2.2018,2.0697,2.0341,2.0375,2.0435,2.0848,2.0296,1.846,1.6421,1.4781,1.3752,1.3269,1.3141]},{"header":{"la1":42.85,"la2":41.18,"lo1":11.55,"lo2":14.05,"nx":36,"ny":24,"dx":0.07143,"dy":0.07261,"parameterCategory":2,"parameterNumber":3,"parameterNumberName":"northward_wind","parameterUnit":"m.s-1"},"data":[0.5165,0.4969,0.4737,0.4472,0.4185,0.3896,0.3641,0.3454,0.3361,0.3361,0.3423,0.3504,0.3563,0.3568,0.3503,0.3355,0.3117,0.2784,0.236,0.1873,0.1394,0.103,0.0879,0.0968,0.1248,0.1636,0.206,0.2477,0.2864,0.3213,0.3525,0.3803,0.405,0.4271,0.4467,0.4643,0.5227,0.5005,0.4729,0.4395,0.4009,0.3602,0.3227,0.2958,0.2854,0.2917,0.3088,0.3285,0.3437,0.3505,0.3469,0.3321,0.3049,0.2634,0.2059,0.1333,0.0556,-0.0054,-0.0276,-0.0064,0.0439,0.1054,0.1662,0.2214,0.2696,0.3112,0.3471,0.3782,0.4053,0.4291,0.45,0.4686,0.5327,0.5085,0.4763,0.4343,0.3819,0.3215,0.262,0.2181,0.2045,0.2234,0.2616,0.3014,0.3313,0.3471,0.3481,0.3345,0.3055,0.2573,0.1824,0.0731,-0.0611,-0.1737,-0.2057,-0.1521,-0.057,0.0413,0.1273,0.1985,0.2569,0.305,0.3452,0.3792,0.4083,0.4336,0.4556,0.4748,0.5477,0.5229,0.4873,0.4364,0.3654,0.2736,0.1716,0.0894,0.0668,0.1135,0.1943,0.2693,0.321,0.3483,0.3551,0.3445,0.3175,0.2694,0.1831,0.0251,-0.22,-0.4531,-0.4926,-0.3507,-0.1701,-0.0186,0.0967,0.1839,0.2512,0.3046,0.348,0.3841,0.4147,0.4409,0.4636,0.4834,0.5687,0.546,0.5105,0.4531,0.3617,0.2239,0.0414,-0.1338,-0.1845,-0.0676,0.1044,0.2375,0.3171,0.3565,0.3687,0.3622,0.3424,0.3107,0.2438,0.0509,-0.3866,-0.901,-0.9113,-0.564,-0.2592,-0.0536,0.085,0.1828,0.2553,0.3115,0.3565,0.3936,0.4248,0.4514,0.4744,0.4943,0.5955,0.5789,0.5497,0.4945,0.3894,0.1998,-0.1117,-0.5032,-0.643,-0.3379,0.0129,0.2225,0.3271,0.3741,0.3891,0.3856,0.3753,0.3802,0.405,0.261,-0.3422,-1.168,-1.1252,-0.6153,-0.2579,-0.0399,0.1011,0.1989,0.2709,0.3264,0.3709,0.4077,0.4388,0.4653,0.4882,0.5079,0.6264,0.619,0.604,0.5656,0.467,0.2536,-0.1608,-0.8363,-1.1471,-0.5279,0.0033,0.2506,0.3573,0.4018,0.4159,0.412,0.4032,0.4308,0.5688,0.5149,-0.026,-0.5545,-0.6363,-0.3836,-0.1446,0.0256,0.1451,0.2319,0.2974,0.349,0.3912,0.4265,0.4566,0.4826,0.505,0.5244,0.6577,0.659,0.6596,0.6495,0.5817,0.4031,0.0643,-0.4553,-0.6809,-0.2305,0.1531,0.3292,0.4036,0.4364,0.45,0.4449,0.4235,0.4132,0.4436,0.3363,0.0282,-0.1282,-0.175,-0.1086,0.0077,0.1178,0.2068,0.2767,0.3323,0.3778,0.4163,0.4494,0.4783,0.5034,0.5251,0.5438,0.6871,0.6922,0.6919,0.6891,0.6694,0.5724,0.4018,0.2103,0.147,0.2518,0.362,0.4217,0.4485,0.4691,0.497,0.5007,0.4553,0.3973,0.3218,0.1402,-0.1513,-0.1274,-0.0151,0.0602,0.1366,0.2102,0.2739,0.327,0.3717,0.4106,0.4451,0.4759,0.5034,0.5277,0.5487,0.5666,0.7156,0.727,0.7302,0.7285,0.7499,0.7196,0.6626,0.5954,0.5381,0.5147,0.5048,0.4877,0.4702,0.4804,0.5665,0.6177,0.4987,0.4111,0.3246,0.1701,-0.041,-0.0326,0.0905,0.1757,0.2397,0.2934,0.3385,0.3772,0.4122,0.445,0.4761,0.5054,0.5321,0.5558,0.5761,0.593,0.7427,0.7673,0.8085,0.8838,0.8795,0.8525,0.8815,0.8497,0.6319,0.5291,0.5723,0.5177,0.4532,0.428,0.5269,0.6132,0.4834,0.4191,0.3703,0.2933,0.2048,0.184,0.2273,0.281,0.3286,0.3669,0.3968,0.4232,0.4502,0.479,0.5086,0.5377,0.5646,0.5884,0.6082,0.624,0.7637,0.7945,0.8405,0.8941,0.9036,0.9653,1.136,1.2533,0.9452,0.6762,0.6326,0.5231,0.4048,0.2902,0.336,0.4068,0.4098,0.4187,0.4151,0.38,0.3415,0.3254,0.3385,0.3689,0.4035,0.4295,0.4453,0.4612,0.4833,0.5112,0.5422,0.5734,0.6023,0.6269,0.6464,0.6605,0.7769,0.8062,0.8425,0.8812,0.932,1.0621,1.3214,1.5918,1.3972,0.9378,0.6862,0.5055,0.395,0.2414,0.2716,0.303,0.3337,0.4493,0.461,0.4219,0.4052,0.3992,0.4071,0.4291,0.4591,0.477,0.479,0.4876,0.5097,0.5415,0.578,0.6147,0.6476,0.674,0.6927,0.7043,0.7841,0.8112,0.8444,0.8869,0.9537,1.0757,1.2709,1.4792,1.3455,0.974,0.732,0.4684,0.3764,0.3411,0.3189,0.1149,0.1855,0.3657,0.43,0.434,0.4323,0.4323,0.442,0.4605,0.4865,0.4992,0.4933,0.502,0.5302,0.5716,0.619,0.6656,0.7052,0.7339,0.7507,0.7574,0.7872,0.8123,0.8433,0.8838,0.9409,1.0218,1.1168,1.1694,1.0891,0.9497,0.8748,0.7982,0.6966,0.8537,0.3869,0.0598,0.0154,0.2718,0.4144,0.4465,0.4224,0.4221,0.45,0.4706,0.4851,0.493,0.4916,0.5066,0.5464,0.6043,0.6703,0.7333,0.7831,0.8135,0.825,0.8225,0.7871,0.8096,0.8366,0.8699,0.9107,0.957,0.9967,1.0069,0.9811,0.9772,1.0647,1.2545,1.0627,0.804,0.5604,0.2956,0.1566,0.3665,0.5035,0.4732,0.3023,0.3373,0.4419,0.472,0.4692,0.4628,0.4639,0.492,0.5549,0.6422,0.7395,0.8298,0.8945,0.9234,0.9213,0.9014,0.7844,0.8039,0.8262,0.8518,0.8796,0.9068,0.9272,0.9363,0.9432,0.9808,1.061,1.1189,1.2482,1.2699,0.806,0.5876,0.5355,0.6492,0.7472,0.6092,0.299,0.3472,0.4685,0.4745,0.4253,0.3697,0.361,0.4278,0.5462,0.6873,0.8369,0.9738,1.0601,1.0766,1.0438,0.993,0.7801,0.7965,0.8146,0.834,0.8537,0.872,0.8868,0.8989,0.9152,0.9465,0.9916,1.0574,1.2667,1.2911,0.9329,0.807,0.7843,0.957,1.1436,0.9227,0.6803,0.58,0.5513,0.475,0.3204,0.1239,0.086,0.2785,0.5201,0.7441,0.9699,1.1841,1.3005,1.2778,1.1852,1.0881,0.7749,0.7887,0.8033,0.8184,0.8333,0.8472,0.8597,0.8723,0.8881,0.9106,0.9406,0.9824,1.0328,1.0075,0.9518,0.9559,0.9099,1.05,1.2023,1.2629,1.0092,0.7804,0.6369,0.4779,0.1781,-0.342,-0.4541,0.0948,0.5244,0.821,1.1155,1.429,1.5788,1.4819,1.31,1.1656,0.7694,0.781,0.793,0.8051,0.817,0.8283,0.8392,0.8504,0.8635,0.8793,0.8979,0.9176,0.9303,0.9266,0.937,0.9461,0.9527,1.1215,1.5953,1.8186,1.2302,0.8844,0.698,0.5272,0.2239,-0.387,-0.5274,0.2573,0.6696,0.9272,1.2,1.53,1.6873,1.5568,1.358,1.2,0.7639,0.7737,0.7838,0.7938,0.8036,0.8131,0.8224,0.8319,0.8421,0.8533,0.8649,0.8754,0.8827,0.8878,0.8976,0.912,0.9564,1.1,1.3715,1.4446,1.1248,0.8558,0.7176,0.6237,0.5182,0.5136,0.8921,0.9293,0.9637,1.0824,1.2196,1.4068,1.5165,1.4495,1.3119,1.1857,0.7586,0.7671,0.7756,0.784,0.7923,0.8004,0.8083,0.8162,0.8242,0.8324,0.8404,0.8476,0.8539,0.8607,0.871,0.8895,0.9292,1.0044,1.0877,1.0719,0.9101,0.7286,0.6678,0.6842,0.7372,0.9695,1.3478,1.2495,1.297,1.3322,1.29,1.3011,1.3289,1.3012,1.2273,1.1435,0.7536,0.761,0.7683,0.7755,0.7826,0.7895,0.7962,0.8028,0.8093,0.8157,0.8218,0.8276,0.8335,0.8404,0.8503,0.866,0.8909,0.9224,0.9392,0.9019,0.7894,0.643,0.609,0.6943,0.8089,0.9909,1.1867,1.396,1.7579,1.6595,1.4155,1.2892,1.2406,1.2038,1.1545,1.0975,0.749,0.7554,0.7618,0.768,0.7742,0.7801,0.7859,0.7915,0.7969,0.8022,0.8072,0.8122,0.8175,0.8238,0.832,0.843,0.8564,0.8676,0.865,0.8334,0.7669,0.6899,0.6711,0.7325,0.8374,0.983,1.176,1.4866,1.8173,1.7118,1.4515,1.2855,1.1999,1.1476,1.1027,1.0579]}]