docs/data/wind_grid.json
[{"header":{"la1":42.85,"la2":41.18,"lo1":11.55,"lo2":14.05,"nx":36,"ny":24,"dx":0.07143,"dy":0.07261,"parameterCategory":2,"parameterNumber":2,"parameterNumberName":"eastward_wind","parameterUnit":"m.s-1"},"data":[-1.0227,-1.0325,-1.0435,-1.0554,-1.0677,-1.0796,-1.0899,-1.0976,-1.1025,-1.106,-1.1115,-1.1224,-1.1415,-1.1682,-1.1972,-1.2186,-1.223,-1.2077,-1.1786,-1.1438,-1.1096,-1.0789,-1.0523,-1.0296,-1.0101,-0.9934,-0.9788,-0.9659,-0.9546,-0.9445,-0.9355,-0.9274,-0.9202,-0.9137,-0.908,-0.9029,-1.026,-1.0375,-1.0509,-1.0661,-1.0827,-1.0994,-1.1139,-1.1237,-1.1275,-1.1271,-1.1284,-1.1386,-1.1641,-1.2065,-1.2581,-1.2991,-1.3075,-1.2791,-1.2294,-1.1762,-1.1289,-1.0897,-1.0579,-1.0319,-1.0104,-0.9921,-0.9765,-0.9629,-0.9509,-0.9404,-0.931,-0.9227,-0.9152,-0.9086,-0.9028,-0.8976,-1.0285,-1.0419,-1.0581,-1.0776,-1.1004,-1.1251,-1.1479,-1.1629,-1.1652,-1.1565,-1.1471,-1.1514,-1.1823,-1.2471,-1.3383,-1.4181,-1.4324,-1.3742,-1.2873,-1.2072,-1.1443,-1.0967,-1.0603,-1.0318,-1.0086,-0.9892,-0.9728,-0.9586,-0.9462,-0.9353,-0.9256,-0.9171,-0.9095,-0.9028,-0.8968,-0.8917,-1.0298,-1.0447,-1.0639,-1.0885,-1.1198,-1.1576,-1.197,-1.2256,-1.2277,-1.2019,-1.1691,-1.157,-1.1871,-1.2754,-1.4238,-1.5718,-1.5929,-1.4775,-1.3363,-1.2266,-1.1504,-1.0973,-1.0585,-1.0286,-1.0046,-0.9846,-0.9676,-0.953,-0.9403,-0.9291,-0.9192,-0.9105,-0.9028,-0.896,-0.89,-0.8849,-1.0293,-1.0453,-1.0666,-1.0961,-1.1373,-1.1942,-1.2649,-1.3277,-1.3372,-1.2764,-1.196,-1.1508,-1.1666,-1.2618,-1.4503,-1.6634,-1.6902,-1.52,-1.3421,-1.2205,-1.1426,-1.0901,-1.052,-1.0224,-0.9983,-0.9782,-0.961,-0.9461,-0.9331,-0.9218,-0.9118,-0.9029,-0.8951,-0.8882,-0.8823,-0.8772,-1.0266,-1.0426,-1.0647,-1.0966,-1.1454,-1.2227,-1.3406,-1.4789,-1.5197,-1.3854,-1.219,-1.1255,-1.1143,-1.1854,-1.3421,-1.5237,-1.5548,-1.4232,-1.2824,-1.1854,-1.1217,-1.0767,-1.0422,-1.014,-0.9903,-0.9701,-0.9527,-0.9377,-0.9247,-0.9132,-0.9031,-0.8942,-0.8863,-0.8794,-0.8734,-0.8684,-1.022,-1.0367,-1.057,-1.0869,-1.1349,-1.2182,-1.3688,-1.5977,-1.697,-1.4543,-1.1976,-1.0685,-1.0333,-1.0671,-1.1561,-1.2573,-1.2932,-1.2518,-1.1902,-1.1384,-1.0971,-1.0622,-1.0315,-1.0044,-0.9808,-0.9604,-0.943,-0.9279,-0.9149,-0.9034,-0.8932,-0.8842,-0.8762,-0.8692,-0.8633,-0.8585,-1.0158,-1.0282,-1.0447,-1.0679,-1.1035,-1.1645,-1.2764,-1.4523,-1.5183,-1.2981,-1.0823,-0.9719,-0.9312,-0.9403,-0.9881,-1.0526,-1.1023,-1.1228,-1.1215,-1.1066,-1.0824,-1.0531,-1.0229,-0.9947,-0.9701,-0.9491,-0.9315,-0.9166,-0.9036,-0.8922,-0.882,-0.8728,-0.8647,-0.8576,-0.8518,-0.8471,-1.0089,-1.0189,-1.031,-1.0457,-1.0642,-1.0878,-1.1176,-1.1398,-1.1007,-0.9954,-0.9093,-0.8523,-0.8167,-0.813,-0.8506,-0.9221,-1.0042,-1.0721,-1.1093,-1.1121,-1.0892,-1.0542,-1.0175,-0.9847,-0.9575,-0.9357,-0.9181,-0.9035,-0.8909,-0.8796,-0.8693,-0.8599,-0.8515,-0.8443,-0.8384,-0.8339,-1.0024,-1.0105,-1.0195,-1.0287,-1.036,-1.0357,-1.0136,-0.9401,-0.8002,-0.7237,-0.7522,-0.7401,-0.694,-0.6707,-0.7147,-0.8284,-0.9766,-1.109,-1.1779,-1.1732,-1.1249,-1.0657,-1.013,-0.9717,-0.9413,-0.9191,-0.9023,-0.8887,-0.8768,-0.8657,-0.8551,-0.8452,-0.8362,-0.8286,-0.8227,-0.8185,-0.9967,-1.0041,-1.0123,-1.0211,-1.029,-1.0317,-1.0131,-0.9134,-0.6063,-0.4653,-0.6578,-0.6564,-0.5581,-0.4781,-0.5393,-0.7445,-1.0226,-1.282,-1.3826,-1.3124,-1.1876,-1.0788,-1.0012,-0.9505,-0.9186,-0.8982,-0.884,-0.8724,-0.8616,-0.8506,-0.8393,-0.8283,-0.8183,-0.81,-0.8039,-0.8002,-0.9918,-0.9993,-1.0085,-1.0207,-1.0379,-1.0642,-1.1032,-1.1115,-0.8491,-0.6307,-0.6861,-0.6108,-0.4256,-0.1867,-0.3021,-0.6745,-1.1732,-1.7385,-1.8484,-1.5346,-1.248,-1.0685,-0.9669,-0.9132,-0.8862,-0.8723,-0.8635,-0.8555,-0.846,-0.8346,-0.8217,-0.8085,-0.7966,-0.7872,-0.781,-0.7781,-0.9872,-0.9949,-1.0054,-1.0209,-1.0461,-1.0913,-1.1745,-1.2827,-1.163,-0.899,-0.7446,-0.6022,-0.4458,-0.099,-0.2168,-0.7022,-1.3513,-2.4665,-2.4859,-1.6833,-1.2185,-0.9909,-0.8896,-0.8522,-0.8427,-0.8427,-0.8431,-0.8398,-0.8314,-0.8182,-0.8018,-0.7846,-0.7693,-0.7582,-0.7521,-0.7509,-0.9824,-0.9899,-1.0005,-1.0162,-1.0413,-1.0829,-1.1476,-1.2155,-1.1476,-0.9509,-0.7922,-0.5988,-0.53,-0.504,-0.5559,-0.8715,-1.2964,-1.9396,-2.0141,-1.4167,-0.9915,-0.7983,-0.7527,-0.7662,-0.7924,-0.8145,-0.8271,-0.8289,-0.82,-0.8021,-0.7786,-0.754,-0.7333,-0.7199,-0.7148,-0.7169,-0.977,-0.9837,-0.9929,-1.0059,-1.0245,-1.0501,-1.0789,-1.0888,-1.0414,-0.9677,-0.9166,-0.8275,-0.7148,-0.6903,-0.7513,-1.1128,-1.4198,-1.3166,-1.227,-0.8969,-0.5436,-0.4591,-0.56,-0.6699,-0.7482,-0.7975,-0.8229,-0.8276,-0.8144,-0.7867,-0.75,-0.7123,-0.6829,-0.6672,-0.6655,-0.6742,-0.9711,-0.9766,-0.9837,-0.9928,-1.004,-1.0162,-1.0246,-1.0208,-1.0066,-1.0224,-1.1226,-1.0756,-0.969,-0.8428,-0.8838,-1.0965,-1.2838,-1.0624,-0.816,-0.4504,0.0631,-0.0282,-0.379,-0.6028,-0.7319,-0.8056,-0.8399,-0.8425,-0.8184,-0.7722,-0.7117,-0.6513,-0.6085,-0.5925,-0.6001,-0.6215,-0.965,-0.9691,-0.9741,-0.9798,-0.9859,-0.9912,-0.9937,-0.9934,-0.999,-1.0358,-1.1136,-1.0755,-1.1131,-1.1424,-0.9838,-0.9673,-0.9236,-0.7032,-0.4746,-0.2966,0.1443,0.0231,-0.3633,-0.6125,-0.7638,-0.8523,-0.8883,-0.88,-0.8355,-0.7585,-0.6574,-0.558,-0.4964,-0.4875,-0.5163,-0.56,-0.9589,-0.9618,-0.9651,-0.9685,-0.9718,-0.9743,-0.976,-0.9786,-0.9871,-1.0075,-1.0311,-1.0482,-1.1399,-1.1581,-1.016,-0.9449,-0.771,-0.3456,0.0036,-0.2888,-0.2956,-0.3324,-0.5117,-0.6942,-0.8423,-0.942,-0.9723,-0.9416,-0.8676,-0.7474,-0.5831,-0.4202,-0.3365,-0.3526,-0.421,-0.4972,-0.9531,-0.955,-0.957,-0.959,-0.9608,-0.9622,-0.9638,-0.9666,-0.9728,-0.9833,-0.9959,-1.0123,-1.0365,-1.0337,-1.0429,-1.0529,-0.8,-0.4107,-0.2003,-0.466,-0.5239,-0.5644,-0.6608,-0.7905,-0.9301,-1.0432,-1.0643,-1.0095,-0.9107,-0.7469,-0.5069,-0.2628,-0.1622,-0.2228,-0.3405,-0.4493,-0.9477,-0.9489,-0.95,-0.951,-0.9519,-0.9528,-0.9538,-0.9559,-0.9595,-0.9649,-0.9714,-0.9784,-0.9841,-0.9881,-1.0174,-1.0123,-0.8299,-0.6351,-0.6425,-0.6928,-0.6511,-0.6917,-0.7672,-0.8629,-0.978,-1.0722,-1.0884,-1.06,-0.9609,-0.7735,-0.4918,-0.2044,-0.0974,-0.1794,-0.3163,-0.436,-0.9428,-0.9433,-0.9438,-0.9442,-0.9445,-0.9448,-0.9452,-0.9461,-0.9476,-0.9497,-0.9517,-0.9529,-0.9521,-0.9499,-0.9453,-0.9104,-0.8184,-0.7219,-0.6885,-0.6959,-0.7271,-0.7964,-0.8578,-0.9142,-1.002,-1.1063,-1.2007,-1.1613,-1.0243,-0.8299,-0.5743,-0.327,-0.2197,-0.2639,-0.3658,-0.4641,-0.9382,-0.9383,-0.9384,-0.9383,-0.938,-0.9378,-0.9375,-0.9373,-0.9372,-0.9369,-0.936,-0.9335,-0.9286,-0.9197,-0.9031,-0.87,-0.8187,-0.7683,-0.7441,-0.7574,-0.8196,-0.9158,-0.9539,-0.9538,-1.0157,-1.1492,-1.2836,-1.2201,-1.06,-0.8825,-0.687,-0.5098,-0.4132,-0.4102,-0.4593,-0.521,-0.934,-0.9338,-0.9335,-0.933,-0.9323,-0.9315,-0.9306,-0.9296,-0.9282,-0.9263,-0.9234,-0.9188,-0.9116,-0.9004,-0.8831,-0.8581,-0.8277,-0.8017,-0.7936,-0.8166,-0.8845,-0.9808,-1.0035,-0.9722,-1.0027,-1.0912,-1.1643,-1.1357,-1.0321,-0.9034,-0.7677,-0.6472,-0.5693,-0.5436,-0.556,-0.5862,-0.9302,-0.9297,-0.9291,-0.9282,-0.9272,-0.926,-0.9246,-0.9229,-0.9206,-0.9177,-0.9137,-0.9081,-0.9002,-0.8892,-0.8747,-0.8568,-0.8385,-0.8255,-0.8258,-0.8476,-0.8953,-0.952,-0.9711,-0.9622,-0.9786,-1.0211,-1.0529,-1.0395,-0.9822,-0.9006,-0.8115,-0.7303,-0.6712,-0.6408,-0.6353,-0.6457]},{"header":{"la1":42.85,"la2":41.18,"lo1":11.55,"lo2":14.05,"nx":36,"ny":24,"dx":0.07143,"dy":0.07261,"parameterCategory":2,"parameterNumber":3,"parameterNumberName":"northward_wind","parameterUnit":"m.s-1"},"data":[-0.4253,-0.4101,-0.3927,-0.3737,-0.3544,-0.3371,-0.3251,-0.3216,-0.3292,-0.3481,-0.3763,-0.4105,-0.4472,-0.4831,-0.5144,-0.5364,-0.5459,-0.5432,-0.5322,-0.5178,-0.5035,-0.491,-0.4809,-0.4731,-0.4675,-0.4638,-0.4617,-0.461,-0.4615,-0.4628,-0.465,-0.4676,-0.4707,-0.4741,-0.4775,-0.4809,-0.4249,-0.4064,-0.384,-0.3579,-0.3296,-0.3019,-0.2802,-0.2708,-0.2789,-0.3055,-0.3464,-0.3956,-0.4479,-0.4998,-0.5463,-0.5791,-0.5899,-0.5795,-0.5573,-0.5329,-0.5114,-0.4941,-0.4811,-0.4717,-0.4652,-0.4611,-0.459,-0.4586,-0.4594,-0.4614,-0.4641,-0.4675,-0.4712,-0.4752,-0.4793,-0.4832,-0.4272,-0.4052,-0.377,-0.3419,-0.3005,-0.2559,-0.2162,-0.1939,-0.2011,-0.2403,-0.3021,-0.3734,-0.4468,-0.5206,-0.5914,-0.6434,-0.6553,-0.6283,-0.5862,-0.5473,-0.517,-0.4949,-0.4792,-0.4684,-0.4614,-0.4572,-0.4554,-0.4555,-0.457,-0.4597,-0.4633,-0.4675,-0.4721,-0.4768,-0.4816,-0.4862,-0.4335,-0.4086,-0.3746,-0.329,-0.2699,-0.1986,-0.1252,-0.074,-0.0756,-0.1387,-0.2377,-0.3421,-0.4406,-0.5386,-0.6413,-0.7258,-0.7382,-0.6811,-0.6107,-0.5555,-0.5173,-0.4915,-0.4742,-0.4628,-0.4558,-0.452,-0.4508,-0.4516,-0.4541,-0.4578,-0.4625,-0.4678,-0.4734,-0.4791,-0.4847,-0.49,-0.4451,-0.4189,-0.3806,-0.325,-0.2454,-0.1359,-0.002,0.1153,0.1334,0.0187,-0.1522,-0.3048,-0.4269,-0.5385,-0.661,-0.774,-0.7876,-0.7032,-0.6133,-0.5501,-0.5092,-0.4827,-0.4654,-0.4545,-0.4482,-0.4452,-0.4451,-0.4471,-0.4508,-0.4559,-0.4619,-0.4685,-0.4754,-0.4823,-0.4889,-0.495,-0.4632,-0.4384,-0.3996,-0.3387,-0.2425,-0.0913,0.1328,0.3874,0.4638,0.2323,-0.0677,-0.2782,-0.4129,-0.5151,-0.6164,-0.7084,-0.7228,-0.6565,-0.5819,-0.5276,-0.4917,-0.4681,-0.4529,-0.4435,-0.4385,-0.437,-0.4383,-0.4418,-0.4472,-0.454,-0.4617,-0.47,-0.4785,-0.4867,-0.4945,-0.5014,-0.4882,-0.4685,-0.4352,-0.3787,-0.282,-0.1131,0.179,0.598,0.7728,0.3676,-0.058,-0.293,-0.4163,-0.4917,-0.5502,-0.5948,-0.6034,-0.5727,-0.5302,-0.494,-0.4674,-0.449,-0.437,-0.43,-0.4269,-0.4273,-0.4305,-0.436,-0.4434,-0.4524,-0.4623,-0.4727,-0.483,-0.4929,-0.5019,-0.5099,-0.5191,-0.5085,-0.4874,-0.4478,-0.3746,-0.2403,-0.0017,0.3433,0.4757,0.1344,-0.193,-0.3638,-0.448,-0.4915,-0.5151,-0.5259,-0.5225,-0.5051,-0.4814,-0.4588,-0.4406,-0.4273,-0.4187,-0.4143,-0.4136,-0.4162,-0.4217,-0.4297,-0.4397,-0.4513,-0.4639,-0.4769,-0.4896,-0.5014,-0.512,-0.5209,-0.5537,-0.5552,-0.5518,-0.5388,-0.5073,-0.4436,-0.3354,-0.2106,-0.1839,-0.2862,-0.3924,-0.461,-0.4995,-0.516,-0.5149,-0.5017,-0.4827,-0.4626,-0.4438,-0.4275,-0.4141,-0.4045,-0.3987,-0.3969,-0.3987,-0.4038,-0.412,-0.4229,-0.4362,-0.4512,-0.4672,-0.4835,-0.4991,-0.5132,-0.5255,-0.5354,-0.5887,-0.6034,-0.6201,-0.6378,-0.6537,-0.6608,-0.6467,-0.6027,-0.5506,-0.529,-0.5323,-0.5432,-0.5564,-0.5607,-0.5416,-0.5026,-0.463,-0.4349,-0.4164,-0.4016,-0.3894,-0.381,-0.3771,-0.3776,-0.382,-0.39,-0.4014,-0.4159,-0.4331,-0.4524,-0.4729,-0.4934,-0.5126,-0.5296,-0.5436,-0.5544,-0.6201,-0.6472,-0.6828,-0.73,-0.7919,-0.8665,-0.9278,-0.8839,-0.6341,-0.5287,-0.5951,-0.5977,-0.6146,-0.6363,-0.6006,-0.5159,-0.4452,-0.4153,-0.4019,-0.3836,-0.3664,-0.3563,-0.3532,-0.356,-0.3633,-0.3746,-0.3896,-0.4083,-0.4306,-0.4556,-0.482,-0.5081,-0.532,-0.5524,-0.5682,-0.5794,-0.6444,-0.6808,-0.7307,-0.801,-0.9017,-1.0454,-1.2305,-1.335,-0.9731,-0.6759,-0.6551,-0.6281,-0.6679,-0.7784,-0.7053,-0.5178,-0.4067,-0.4227,-0.4285,-0.3789,-0.3427,-0.3273,-0.3251,-0.331,-0.342,-0.3569,-0.3761,-0.4,-0.4288,-0.4614,-0.496,-0.5297,-0.5599,-0.5842,-0.6017,-0.6125,-0.6591,-0.7002,-0.7568,-0.8377,-0.9572,-1.1388,-1.4101,-1.6977,-1.446,-0.9294,-0.6871,-0.6409,-0.6528,-0.8183,-0.7305,-0.4181,-0.2882,-0.5104,-0.5219,-0.3682,-0.306,-0.2874,-0.2893,-0.3012,-0.3173,-0.3363,-0.3598,-0.3899,-0.4273,-0.4708,-0.5171,-0.5618,-0.6003,-0.6293,-0.6476,-0.6561,-0.6633,-0.7038,-0.7587,-0.835,-0.9441,-1.1014,-1.3145,-1.516,-1.3481,-0.8726,-0.6232,-0.6644,-0.6727,-0.342,-0.3978,-0.0532,0.1961,-0.2102,-0.3557,-0.2798,-0.2367,-0.2255,-0.2412,-0.2658,-0.2888,-0.311,-0.3382,-0.3756,-0.4251,-0.4846,-0.5489,-0.61,-0.66,-0.6939,-0.7108,-0.7136,-0.6578,-0.6935,-0.7397,-0.8001,-0.8785,-0.9755,-1.0742,-1.1037,-0.9337,-0.6299,-0.4391,-0.4292,-0.3771,-0.2113,-0.1774,0.6544,1.5838,0.4673,-0.0683,-0.1649,-0.1208,-0.1204,-0.1778,-0.2274,-0.2567,-0.2776,-0.3057,-0.352,-0.4195,-0.5042,-0.5968,-0.6834,-0.7496,-0.7873,-0.7977,-0.7883,-0.6449,-0.6733,-0.7076,-0.7481,-0.7929,-0.8342,-0.8506,-0.8001,-0.6426,-0.3942,-0.1236,-0.2735,-0.2986,-0.2587,-0.1132,0.5372,1.1534,0.3695,-0.1168,-0.1361,0.0854,0.0408,-0.1184,-0.197,-0.22,-0.2261,-0.249,-0.3084,-0.4054,-0.5309,-0.6697,-0.7972,-0.8859,-0.9224,-0.915,-0.8823,-0.6275,-0.648,-0.6705,-0.6933,-0.7124,-0.7193,-0.6991,-0.6327,-0.5077,-0.3292,-0.145,-0.227,-0.2545,-0.2333,-0.1982,-0.0302,0.035,-0.2861,-0.5383,-0.3169,0.0949,0.0413,-0.1309,-0.1873,-0.1693,-0.1315,-0.1396,-0.2267,-0.376,-0.5663,-0.7794,-0.9737,-1.0917,-1.1125,-1.0659,-0.9928,-0.6081,-0.6215,-0.6343,-0.6442,-0.6475,-0.638,-0.6077,-0.5498,-0.4644,-0.3661,-0.2948,-0.2826,-0.2573,-0.2538,-0.3294,-0.3582,-0.427,-0.8649,-1.2839,-0.7326,-0.3255,-0.2128,-0.2185,-0.1886,-0.0841,0.0548,0.073,-0.0902,-0.3316,-0.6112,-0.9321,-1.2299,-1.3802,-1.354,-1.2367,-1.106,-0.5889,-0.5966,-0.6023,-0.6041,-0.599,-0.5836,-0.5543,-0.5096,-0.4533,-0.396,-0.3534,-0.332,-0.326,-0.3653,-0.5115,-0.5705,-0.5609,-0.8595,-1.0834,-0.7653,-0.539,-0.3828,-0.2931,-0.1909,0.015,0.345,0.4082,0.0516,-0.3068,-0.6602,-1.092,-1.5141,-1.6869,-1.5827,-1.3802,-1.1929,-0.571,-0.5746,-0.5756,-0.5727,-0.5641,-0.5478,-0.5227,-0.4894,-0.4511,-0.4144,-0.3864,-0.3723,-0.3783,-0.4224,-0.5172,-0.5553,-0.5614,-0.6692,-0.7134,-0.701,-0.5793,-0.4326,-0.3284,-0.2213,-0.0206,0.3608,0.4408,-0.0598,-0.3775,-0.6967,-1.1492,-1.62,-1.7981,-1.6593,-1.4256,-1.2201,-0.5551,-0.5558,-0.554,-0.5488,-0.5391,-0.5241,-0.5036,-0.4786,-0.4518,-0.4269,-0.4083,-0.4,-0.4067,-0.4332,-0.4736,-0.5035,-0.5333,-0.5874,-0.6354,-0.6287,-0.5219,-0.398,-0.3238,-0.2774,-0.2255,-0.2537,-0.5492,-0.5533,-0.5356,-0.7094,-1.0524,-1.4277,-1.5968,-1.5201,-1.3459,-1.1765,-0.5414,-0.5402,-0.5369,-0.5307,-0.5212,-0.5081,-0.4916,-0.4727,-0.4532,-0.4358,-0.423,-0.4176,-0.4217,-0.4362,-0.4572,-0.4791,-0.5027,-0.5287,-0.5416,-0.5118,-0.417,-0.2984,-0.2601,-0.2967,-0.3683,-0.5793,-0.8779,-0.768,-0.6369,-0.7029,-0.9093,-1.1479,-1.286,-1.2816,-1.1933,-1.0845,-0.5298,-0.5275,-0.5234,-0.5171,-0.5083,-0.4971,-0.4838,-0.4693,-0.4548,-0.4421,-0.4328,-0.4286,-0.4305,-0.4383,-0.4503,-0.4639,-0.477,-0.4853,-0.478,-0.4377,-0.3482,-0.2311,-0.204,-0.2853,-0.3948,-0.5486,-0.6855,-0.6794,-0.6395,-0.6804,-0.7988,-0.9402,-1.0396,-1.0665,-1.0361,-0.9784,-0.52,-0.5171,-0.5128,-0.5067,-0.4988,-0.4894,-0.4786,-0.4672,-0.4561,-0.4465,-0.4393,-0.4357,-0.4359,-0.4398,-0.4461,-0.4532,-0.4584,-0.4575,-0.4436,-0.4079,-0.3452,-0.2751,-0.2584,-0.3123,-0.3952,-0.488,-0.5627,-0.593,-0.6075,-0.6482,-0.7224,-0.8086,-0.877,-0.9094,-0.9068,-0.8812]}]