docs/data/wind_grid.json
[{"header":{"la1":42.22,"la2":41.45,"lo1":11.9,"lo2":12.97,"nx":16,"ny":12,"dx":0.07133,"dy":0.07,"parameterCategory":2,"parameterNumber":2,"parameterNumberName":"eastward_wind","parameterUnit":"m.s-1"},"data":[1.2764,1.334,1.4332,1.553,1.6074,1.574,1.5535,1.5825,1.634,1.6854,1.7447,1.8262,1.9148,1.9728,1.9798,1.9472,1.2141,1.2678,1.4112,1.669,1.7886,1.6334,1.5618,1.6135,1.6974,1.7453,1.7984,1.9209,2.0789,2.1672,2.1443,2.0615,1.1205,1.1206,1.2221,1.6032,1.8333,1.5943,1.5377,1.6595,1.852,1.8517,1.8431,2.0441,2.3686,2.5012,2.3735,2.1877,1.0176,0.9143,0.7799,0.9633,1.3471,1.4076,1.4854,1.6521,2.1286,1.9502,1.83,2.1592,2.8365,2.9986,2.6076,2.2775,0.9538,0.8026,0.5562,0.6163,1.0414,1.2522,1.4785,1.5931,1.5581,1.6279,1.7158,2.0828,2.9234,3.12,2.6095,2.2523,0.9468,0.8432,0.7378,0.7869,0.9391,1.0445,1.2781,1.406,1.3187,1.3608,1.6133,1.8412,2.1821,2.4402,2.2936,2.1014,0.965,0.9065,0.862,0.8442,0.7827,0.6541,0.7091,0.9085,1.0369,1.2293,1.5894,1.8199,1.843,1.9578,1.9686,1.9166,0.9817,0.9371,0.8889,0.8147,0.6461,0.295,0.4544,0.6303,0.8328,1.0903,1.4234,1.6508,1.706,1.745,1.7683,1.7724,0.9939,0.9519,0.8981,0.8157,0.681,0.5298,0.5696,0.5563,0.4502,0.9013,1.2593,1.4912,1.6169,1.6652,1.6773,1.687,1.0061,0.9673,0.9183,0.8538,0.776,0.7153,0.7016,0.6556,0.6542,0.9125,1.2016,1.436,1.6128,1.6784,1.6577,1.6446,1.021,0.9877,0.9484,0.9034,0.8584,0.826,0.8128,0.8127,0.8632,1.0106,1.2077,1.4026,1.5627,1.6336,1.6264,1.6106,1.0388,1.0117,0.9823,0.9522,0.9258,0.9095,0.9084,0.9284,0.9847,1.0879,1.2239,1.3657,1.4842,1.5508,1.5692,1.5691]},{"header":{"la1":42.22,"la2":41.45,"lo1":11.9,"lo2":12.97,"nx":16,"ny":12,"dx":0.07133,"dy":0.07,"parameterCategory":2,"parameterNumber":3,"parameterNumberName":"northward_wind","parameterUnit":"m.s-1"},"data":[2.5013,2.5286,2.5754,2.6313,2.6511,2.6141,2.5644,2.5244,2.4844,2.4283,2.3451,2.2389,2.1343,2.0633,2.0395,2.0506,2.4822,2.5075,2.5754,2.6988,2.7555,2.6642,2.5867,2.5481,2.516,2.4567,2.3423,2.1751,2.003,1.9061,1.9065,1.9573,2.4469,2.4446,2.4904,2.6718,2.7805,2.6604,2.5954,2.5744,2.5649,2.5103,2.3481,2.0747,1.7614,1.6345,1.7211,1.853,2.4066,2.349,2.2717,2.3659,2.5674,2.6007,2.6088,2.605,2.6117,2.5615,2.3526,1.9577,1.3731,1.2372,1.5324,1.7753,2.3882,2.3023,2.1535,2.1919,2.4654,2.5879,2.6501,2.669,2.6023,2.5425,2.3455,1.9743,1.2944,1.1396,1.5217,1.7825,2.4047,2.3511,2.2924,2.3504,2.5163,2.6139,2.6556,2.6619,2.6171,2.5536,2.3173,2.1036,1.8415,1.6419,1.7431,1.8784,2.439,2.4262,2.4339,2.4973,2.6018,2.6828,2.683,2.6586,2.6744,2.5409,2.272,2.0982,2.0734,1.9739,1.956,1.9904,2.4702,2.479,2.5066,2.5642,2.6522,2.7697,2.7201,2.6553,2.5711,2.4967,2.3301,2.1909,2.1343,2.0798,2.0576,2.0632,2.4905,2.5064,2.5349,2.5793,2.6372,2.6887,2.6597,2.5532,2.5027,2.4801,2.3693,2.2432,2.1269,2.056,2.0654,2.0901,2.5006,2.5165,2.5396,2.569,2.5992,2.6144,2.5933,2.5418,2.5085,2.4652,2.3715,2.2413,2.084,2.0002,2.0464,2.0986,2.5031,2.5164,2.533,2.551,2.5656,2.569,2.5549,2.5272,2.4941,2.4445,2.3641,2.2521,2.1257,2.0579,2.0798,2.1213,2.5007,2.5109,2.522,2.5323,2.5387,2.5373,2.5256,2.5039,2.4725,2.4268,2.3619,2.2797,2.1969,2.1468,2.1423,2.1594]}]