docs/data/wind_grid.json
{"header": {"la1":42.1,"la2":41.55,"lo1":12.1,"lo2":12.95,"nx":50,"ny":50,"dx":0.01735,"dy":0.01122,"parameterCategory":2,"parameterNumber":2,"parameterNumberName":"eastward_wind","parameterUnit":"m.s-1"}, "data":
[rows 0 to 45 of 50, columns 0 to 49 of 50]
1.6202,1.612,1.6026,1.5918,1.5796,1.5659,1.5507,1.534,1.5157,1.496,1.475,1.4527,1.4296,1.4057,1.3815,1.3573,1.3336,1.3107,1.2889,1.2686,1.2499,1.2328,1.2173,1.2031,1.1897,1.1768,1.1638,1.1504,1.136,1.1204,1.1035,1.0852,1.0657,1.0453,1.0246,1.0042,0.9848,0.9673,0.9524,0.9408,0.9328,0.9285,0.9278,0.9301,0.9352,0.9423,0.9511,0.961,0.9717,0.9828
1.6299,1.6218,1.6124,1.6016,1.5892,1.5753,1.5597,1.5425,1.5235,1.5029,1.4808,1.4574,1.4328,1.4075,1.3817,1.3559,1.3306,1.3062,1.2832,1.2619,1.2425,1.2251,1.2095,1.1955,1.1826,1.1702,1.1577,1.1447,1.1305,1.1149,1.0977,1.0788,1.0585,1.0369,1.0148,0.9928,0.9719,0.953,0.9371,0.9248,0.9166,0.9126,0.9124,0.9157,0.9218,0.9302,0.9401,0.9512,0.963,0.9751
1.64,1.6321,1.6228,1.612,1.5996,1.5854,1.5695,1.5517,1.532,1.5105,1.4873,1.4625,1.4365,1.4095,1.3819,1.3544,1.3273,1.3012,1.2767,1.2543,1.2341,1.2163,1.2008,1.1871,1.1748,1.1631,1.1513,1.1388,1.1251,1.1096,1.0921,1.0727,1.0514,1.0286,1.005,0.9814,0.9588,0.9384,0.9213,0.9082,0.8998,0.8961,0.8967,0.901,0.9084,0.918,0.9293,0.9416,0.9545,0.9676
1.6506,1.643,1.6338,1.6231,1.6106,1.5963,1.58,1.5617,1.5413,1.5188,1.4944,1.4683,1.4406,1.4118,1.3822,1.3526,1.3235,1.2955,1.2694,1.2456,1.2246,1.2064,1.1909,1.1778,1.1662,1.1554,1.1446,1.1329,1.1196,1.1044,1.0868,1.0668,1.0446,1.0206,0.9954,0.97,0.9455,0.9235,0.905,0.8912,0.8826,0.8792,0.8807,0.8862,0.895,0.9061,0.9187,0.9323,0.9464,0.9605
1.6618,1.6544,1.6455,1.6349,1.6224,1.608,1.5914,1.5726,1.5514,1.528,1.5024,1.4747,1.4452,1.4144,1.3827,1.3507,1.3193,1.2891,1.261,1.2357,1.2136,1.1951,1.1798,1.1673,1.1567,1.1471,1.1375,1.1268,1.1143,1.0993,1.0817,1.0613,1.0382,1.0129,0.9861,0.9587,0.9323,0.9084,0.8885,0.8738,0.865,0.8621,0.8646,0.8715,0.8818,0.8944,0.9085,0.9235,0.9387,0.9539
1.6736,1.6666,1.6579,1.6475,1.6351,1.6206,1.6037,1.5844,1.5626,1.5382,1.5113,1.482,1.4506,1.4175,1.3833,1.3488,1.3146,1.2819,1.2515,1.2244,1.2011,1.1821,1.167,1.1554,1.1462,1.1381,1.1299,1.1205,1.1089,1.0945,1.077,1.0562,1.0323,1.0057,0.9772,0.9479,0.9193,0.8934,0.8719,0.8563,0.8473,0.8451,0.8487,0.8571,0.869,0.8832,0.8989,0.9152,0.9316,0.9478
1.6859,1.6793,1.6711,1.6609,1.6487,1.6341,1.6171,1.5974,1.5749,1.5495,1.5212,1.4902,1.4567,1.4213,1.3843,1.3468,1.3096,1.2738,1.2407,1.2114,1.1867,1.1671,1.1525,1.142,1.1344,1.1282,1.1219,1.1141,1.1037,1.09,1.0726,1.0516,1.027,0.9992,0.969,0.9376,0.9068,0.8787,0.8555,0.8389,0.8299,0.8283,0.8332,0.8432,0.8569,0.8728,0.8899,0.9076,0.9252,0.9424
1.6988,1.6928,1.685,1.6752,1.6632,1.6488,1.6316,1.6116,1.5884,1.562,1.5324,1.4996,1.4639,1.4258,1.3858,1.3449,1.3041,1.2648,1.2285,1.1965,1.1701,1.1499,1.1357,1.1267,1.1213,1.1175,1.1134,1.1075,1.0985,1.0857,1.0687,1.0475,1.0223,0.9934,0.9617,0.9283,0.8952,0.8648,0.8398,0.8221,0.813,0.8122,0.8185,0.8303,0.8457,0.8633,0.882,0.9009,0.9196,0.9377
1.7124,1.7069,1.6997,1.6904,1.6787,1.6645,1.6474,1.627,1.6033,1.576,1.545,1.5103,1.4723,1.4313,1.3879,1.3432,1.2984,1.255,1.2148,1.1796,1.151,1.13,1.1165,1.1093,1.1066,1.1057,1.1044,1.1008,1.0935,1.0817,1.0653,1.0441,1.0184,0.9887,0.9555,0.9203,0.8849,0.8522,0.8252,0.8065,0.7973,0.7974,0.8052,0.8187,0.8358,0.8551,0.8752,0.8953,0.9149,0.9338
1.7265,1.7218,1.7152,1.7065,1.6954,1.6815,1.6644,1.644,1.6198,1.5915,1.5592,1.5227,1.4822,1.4381,1.391,1.342,1.2925,1.2443,1.1994,1.1602,1.1289,1.1069,1.0942,1.0895,1.0901,1.0929,1.095,1.0941,1.0887,1.0782,1.0623,1.0413,1.0154,0.985,0.9507,0.9138,0.8764,0.8414,0.8125,0.7927,0.7835,0.7844,0.7936,0.8088,0.8277,0.8484,0.8697,0.8909,0.9113,0.9309
1.7413,1.7374,1.7316,1.7236,1.7131,1.6997,1.6829,1.6625,1.6379,1.6089,1.5753,1.5369,1.4939,1.4465,1.3954,1.3417,1.2868,1.2329,1.1823,1.1382,1.1035,1.0801,1.0685,1.067,1.0718,1.0792,1.0852,1.0874,1.0842,1.075,1.0598,1.039,1.0131,0.9824,0.9475,0.9094,0.8702,0.8332,0.8024,0.7815,0.7722,0.774,0.7845,0.8012,0.8215,0.8435,0.8658,0.8878,0.909,0.929
1.7567,1.7537,1.7488,1.7417,1.732,1.7193,1.703,1.6827,1.658,1.6284,1.5935,1.5533,1.5077,1.4569,1.4015,1.3426,1.2817,1.2211,1.1638,1.1135,1.0742,1.049,1.0388,1.0413,1.0517,1.0645,1.0753,1.081,1.0801,1.0722,1.0578,1.0374,1.0116,0.9811,0.946,0.9073,0.8668,0.8282,0.7958,0.7739,0.7644,0.7668,0.7785,0.7964,0.8177,0.8406,0.8637,0.8863,0.9078,0.9282
1.7726,1.7707,1.7669,1.7609,1.7522,1.7403,1.7247,1.7048,1.6801,1.65,1.6142,1.5722,1.524,1.4697,1.4098,1.3452,1.2777,1.2094,1.144,1.0858,1.0405,1.0129,1.0045,1.0123,1.0296,1.0493,1.0655,1.0751,1.0766,1.07,1.0562,1.0361,1.0108,0.9807,0.9462,0.9076,0.8668,0.8271,0.7935,0.7706,0.761,0.7637,0.776,0.7946,0.8167,0.8401,0.8635,0.8863,0.908,0.9286
1.7892,1.7885,1.7859,1.7811,1.7736,1.7628,1.7481,1.7289,1.7044,1.6742,1.6375,1.594,1.5433,1.4855,1.4209,1.3504,1.2756,1.1987,1.1236,1.0556,1.0023,0.9711,0.965,0.9799,1.0062,1.034,1.0565,1.0701,1.0738,1.0683,1.0549,1.0351,1.0104,0.9813,0.9479,0.9104,0.8701,0.8303,0.796,0.7725,0.7625,0.7651,0.7776,0.7964,0.8185,0.8419,0.8653,0.888,0.9096,0.93
1.8063,1.8069,1.8058,1.8024,1.7963,1.7868,1.7733,1.755,1.7312,1.7011,1.6639,1.6191,1.5661,1.5049,1.4357,1.359,1.2765,1.1901,1.1038,1.0236,0.9595,0.923,0.9199,0.9444,0.9821,1.0196,1.0488,1.0664,1.0721,1.0672,1.0538,1.0341,1.01,0.9822,0.9507,0.9154,0.8768,0.8378,0.8038,0.7799,0.7694,0.7715,0.7834,0.8016,0.8232,0.8461,0.869,0.8913,0.9125,0.9326
1.8239,1.826,1.8265,1.8247,1.8203,1.8124,1.8004,1.7834,1.7605,1.7308,1.6935,1.6477,1.5929,1.5285,1.4548,1.3721,1.2817,1.1854,1.0866,0.9915,0.9127,0.8683,0.8693,0.9069,0.9591,1.0076,1.0436,1.0647,1.0716,1.0666,1.0527,1.0328,1.0091,0.9829,0.954,0.9217,0.8861,0.8494,0.8164,0.7927,0.7815,0.7826,0.7934,0.8103,0.8308,0.8526,0.8746,0.8961,0.9168,0.9363
1.8419,1.8457,1.8479,1.848,1.8455,1.8395,1.8294,1.814,1.7925,1.7637,1.7267,1.6804,1.624,1.557,1.4791,1.3907,1.2927,1.1867,1.075,0.9627,0.8646,0.8081,0.8146,0.8701,0.9398,0.9998,1.0419,1.0654,1.0725,1.0666,1.0514,1.0307,1.0073,0.9828,0.957,0.9286,0.8971,0.8638,0.8329,0.8099,0.7982,0.798,0.807,0.8222,0.8409,0.8612,0.882,0.9024,0.9222,0.9411
1.8604,1.8659,1.8701,1.8723,1.8719,1.8682,1.8602,1.847,1.8272,1.7998,1.7636,1.7173,1.6601,1.5909,1.5095,1.4159,1.3112,1.1967,1.0732,0.9434,0.8209,0.7464,0.7602,0.8395,0.9288,0.999,1.0449,1.069,1.075,1.067,1.0496,1.0274,1.0039,0.9811,0.9586,0.9348,0.9084,0.8796,0.852,0.8303,0.8183,0.8166,0.8235,0.8365,0.8531,0.8716,0.8909,0.91,0.9287,0.9467
1.8791,1.8866,1.8928,1.8974,1.8995,1.8983,1.893,1.8822,1.8648,1.8393,1.8044,1.7588,1.7013,1.6308,1.5466,1.4489,1.3387,1.2177,1.0863,0.9426,0.7944,0.6949,0.7179,0.8255,0.932,1.0077,1.0539,1.076,1.079,1.0676,1.0469,1.0224,0.9983,0.9769,0.9578,0.9391,0.9184,0.8951,0.8716,0.8521,0.8403,0.8372,0.842,0.8526,0.867,0.8835,0.901,0.9187,0.9362,0.9532
1.898,1.9075,1.9161,1.9232,1.9281,1.9299,1.9276,1.9198,1.9052,1.8822,1.8493,1.805,1.748,1.6771,1.5912,1.4904,1.3762,1.2516,1.1182,0.9716,0.8079,0.6824,0.7138,0.844,0.9558,1.028,1.0691,1.0863,1.0844,1.0681,1.0431,1.0153,0.99,0.9696,0.9539,0.9404,0.9259,0.9087,0.8901,0.8735,0.8624,0.8585,0.8614,0.8698,0.8819,0.8963,0.912,0.9282,0.9445,0.9604
1.9169,1.9287,1.9397,1.9496,1.9575,1.9626,1.9638,1.9596,1.9484,1.9284,1.8981,1.8558,1.8002,1.7299,1.6436,1.5409,1.424,1.2984,1.1698,1.0375,0.8901,0.7629,0.7919,0.9116,1.0036,1.0599,1.0901,1.0994,1.0908,1.0683,1.0378,1.0059,0.9786,0.9589,0.9465,0.9381,0.9299,0.9192,0.9059,0.893,0.8834,0.8793,0.8808,0.8872,0.8973,0.9098,0.9237,0.9384,0.9533,0.9682
1.9359,1.9499,1.9636,1.9764,1.9877,1.9965,2.0016,2.0014,1.9942,1.9778,1.9506,1.911,1.8576,1.7891,1.7037,1.6006,1.482,1.3562,1.2363,1.1327,1.0446,0.9755,0.9775,1.027,1.0707,1.1004,1.1154,1.1145,1.0978,1.0681,1.0311,0.9944,0.9645,0.9451,0.9357,0.9324,0.9304,0.926,0.9185,0.9096,0.9023,0.8986,0.8994,0.9044,0.9127,0.9234,0.9358,0.949,0.9627,0.9764
1.9546,1.971,1.9874,2.0034,2.0182,2.0311,2.0406,2.0451,2.0424,2.0303,2.0067,1.9702,1.9196,1.854,1.7714,1.6694,1.5497,1.4226,1.3088,1.2332,1.2142,1.2301,1.1984,1.1564,1.1438,1.1443,1.1426,1.1305,1.105,1.0674,1.0234,0.9813,0.9485,0.9292,0.9225,0.9239,0.9279,0.9297,0.9278,0.9233,0.9187,0.9161,0.9168,0.9208,0.9278,0.9371,0.9479,0.9598,0.9723,0.985
1.9729,1.9917,2.011,2.0302,2.049,2.0662,2.0806,2.0902,2.0928,2.0855,2.066,2.0326,1.9853,1.9236,1.8455,1.7469,1.6268,1.4957,1.3802,1.3152,1.3273,1.3774,1.339,1.2561,1.2081,1.1858,1.1693,1.1465,1.1121,1.0666,1.0156,0.968,0.9323,0.9128,0.9086,0.9143,0.9235,0.9309,0.9343,0.9341,0.9325,0.9316,0.9326,0.9363,0.9423,0.9504,0.9601,0.9708,0.9822,0.9939
1.9907,2.0119,2.0341,2.0567,2.0795,2.1014,2.1211,2.1366,2.145,2.1432,2.128,2.0977,2.0532,1.9959,1.9245,1.8322,1.7133,1.5759,1.4493,1.3741,1.3751,1.4118,1.385,1.3117,1.2557,1.2213,1.1939,1.1619,1.1194,1.0665,1.009,0.9565,0.9181,0.8985,0.8962,0.9055,0.919,0.9311,0.939,0.9429,0.9443,0.9452,0.947,0.9506,0.9561,0.9634,0.972,0.9817,0.9921,1.0029
2.0077,2.0314,2.0564,2.0825,2.1094,2.1362,2.1616,2.1835,2.1987,2.2031,2.1924,2.1645,2.1216,2.0684,2.0054,1.9231,1.8089,1.6648,1.521,1.4222,1.3934,1.4038,1.3868,1.3367,1.2879,1.25,1.2157,1.1764,1.127,1.068,1.0053,0.9489,0.9084,0.8886,0.8876,0.8993,0.9159,0.9315,0.9431,0.9504,0.9545,0.9573,0.9601,0.964,0.9692,0.9759,0.9837,0.9925,1.002,1.012
2.0239,2.0498,2.0776,2.1071,2.1381,2.17,2.2015,2.2304,2.2533,2.2648,2.2591,2.2326,2.1887,2.1375,2.0841,2.016,1.9111,1.7632,1.6014,1.4752,1.414,1.3988,1.3832,1.3498,1.3106,1.2732,1.2349,1.1902,1.1356,1.0721,1.0059,0.9471,0.9052,0.8851,0.8846,0.8973,0.9156,0.9334,0.9476,0.9574,0.9638,0.9683,0.9722,0.9765,0.9817,0.9879,0.9951,1.0032,1.0119,1.0211
2.0389,2.067,2.0974,2.1302,2.1653,2.2022,2.2399,2.2764,2.3078,2.3278,2.3282,2.3021,2.2533,2.1998,2.1553,2.1049,2.0145,1.8676,1.6916,1.5411,1.4511,1.4123,1.3901,1.363,1.3297,1.2931,1.2523,1.2038,1.1456,1.0794,1.0116,0.952,0.9096,0.889,0.888,0.9005,0.9189,0.9375,0.9531,0.9647,0.9728,0.9787,0.9836,0.9883,0.9935,0.9995,1.0062,1.0137,1.0218,1.0302
2.0526,2.0827,2.1156,2.1514,2.1903,2.232,2.2759,2.3201,2.3609,2.3912,2.3996,2.3738,2.3152,2.2521,2.2134,2.1823,2.1097,1.9691,1.7862,1.6182,1.5049,1.4444,1.4104,1.3812,1.3487,1.3117,1.2687,1.2176,1.1575,1.0904,1.0228,0.9637,0.9215,0.9002,0.898,0.9088,0.9261,0.9443,0.9603,0.9727,0.982,0.9889,0.9945,0.9997,1.005,1.0107,1.0171,1.024,1.0315,1.0394
2.0649,2.0967,2.1317,2.1702,2.2125,2.2586,2.3082,2.3601,2.4107,2.4528,2.4722,2.4489,2.3759,2.2928,2.2538,2.2403,2.1859,2.0558,1.8742,1.6979,1.5682,1.4891,1.4413,1.405,1.3694,1.3303,1.2851,1.2322,1.1713,1.1048,1.0387,0.9813,0.9399,0.9178,0.9136,0.9221,0.9372,0.954,0.9693,0.9819,0.9916,0.9991,1.0053,1.0107,1.0161,1.0217,1.0277,1.0342,1.0412,1.0484
2.0755,2.1088,2.1456,2.1863,2.2313,2.2812,2.3358,2.3944,2.4545,2.509,2.5424,2.5263,2.4378,2.3237,2.2755,2.2739,2.2345,2.1176,1.9455,1.7705,1.6322,1.5391,1.4781,1.4329,1.392,1.3494,1.3019,1.2478,1.187,1.1222,1.0586,1.0035,0.9631,0.9403,0.9338,0.9393,0.9516,0.9662,0.9802,0.9922,1.0019,1.0097,1.016,1.0216,1.027,1.0324,1.0382,1.0443,1.0507,1.0575
2.0845,2.1188,2.1569,2.1993,2.2465,2.2991,2.3574,2.4214,2.489,2.5546,2.6025,2.5982,2.4997,2.3507,2.2837,2.2844,2.254,2.1514,1.9949,1.8291,1.6899,1.5882,1.5167,1.4627,1.4157,1.3692,1.3194,1.2644,1.2044,1.1418,1.0813,1.0289,0.9897,0.9661,0.9573,0.9596,0.9687,0.9807,0.9929,1.0038,1.013,1.0206,1.0269,1.0325,1.0378,1.0431,1.0485,1.0542,1.0602,1.0665
2.0916,2.1267,2.1656,2.209,2.2575,2.3117,2.3723,2.4392,2.5114,2.5838,2.6416,2.6484,2.5495,2.3784,2.2892,2.2797,2.2511,2.1614,2.0233,1.8719,1.7375,1.6324,1.5538,1.4925,1.4398,1.3894,1.3374,1.282,1.2232,1.1631,1.1057,1.056,1.018,0.9939,0.9828,0.9819,0.9878,0.997,1.0071,1.0166,1.0249,1.032,1.0381,1.0435,1.0486,1.0536,1.0587,1.064,1.0696,1.0755
2.0969,2.1323,2.1716,2.2154,2.2643,2.3189,2.3799,2.4473,2.5199,2.593,2.652,2.6616,2.5694,2.402,2.2981,2.27,2.2359,2.1559,2.0354,1.9001,1.7742,1.6698,1.5873,1.5207,1.4634,1.4096,1.3558,1.3002,1.2428,1.1853,1.131,1.0838,1.0471,1.0224,1.0093,1.0056,1.0083,1.0146,1.0225,1.0303,1.0376,1.044,1.0496,1.0547,1.0594,1.0641,1.0689,1.0738,1.079,1.0844
2.1003,2.1356,2.1748,2.2184,2.2668,2.3206,2.3803,2.4455,2.5148,2.5826,2.6344,2.6387,2.5562,2.4119,2.3068,2.2602,2.217,2.1427,2.0369,1.9167,1.8008,1.6999,1.6162,1.5465,1.4857,1.4294,1.3744,1.3189,1.2629,1.2079,1.1564,1.1116,1.076,1.051,1.0362,1.0298,1.0296,1.0332,1.0388,1.0449,1.0508,1.0563,1.0613,1.0659,1.0703,1.0746,1.079,1.0836,1.0883,1.0933
2.1018,2.1368,2.1754,2.2181,2.2652,2.3171,2.374,2.435,2.498,2.5566,2.5968,2.5933,2.5222,2.4057,2.3089,2.2502,2.1981,2.1267,2.0322,1.9251,1.8191,1.7232,1.6404,1.5693,1.5065,1.4485,1.3927,1.3376,1.2831,1.2304,1.1815,1.1388,1.1043,1.079,1.0627,1.0541,1.0513,1.0524,1.0557,1.06,1.0646,1.0691,1.0734,1.0774,1.0813,1.0852,1.0892,1.0933,1.0976,1.1021
2.1016,2.1359,2.1735,2.2147,2.2599,2.3091,2.362,2.4174,2.4724,2.5204,2.5489,2.5395,2.4798,2.3873,2.3019,2.2382,2.1801,2.1102,2.0241,1.9278,1.8309,1.7406,1.66,1.589,1.5253,1.4665,1.4105,1.3561,1.3032,1.2526,1.2059,1.1651,1.1315,1.1061,1.0887,1.0781,1.073,1.0718,1.073,1.0756,1.0788,1.0822,1.0856,1.089,1.0923,1.0957,1.0993,1.103,1.1069,1.111
2.0997,2.133,2.1692,2.2086,2.2513,2.2971,2.3454,2.3945,2.4412,2.479,2.4978,2.4852,2.4355,2.3615,2.2871,2.2231,2.1622,2.0938,2.0141,1.9267,1.8378,1.7531,1.6756,1.6057,1.5422,1.4833,1.4276,1.3741,1.3227,1.2741,1.2294,1.1902,1.1576,1.1321,1.1137,1.1015,1.0945,1.0912,1.0905,1.0914,1.0932,1.0955,1.098,1.1007,1.1034,1.1063,1.1094,1.1126,1.1161,1.1198
2.0963,2.1283,2.1629,2.2002,2.24,2.282,2.3254,2.3681,2.4068,2.436,2.4476,2.4337,2.3921,2.3315,2.2666,2.205,2.1439,2.0775,2.0032,1.9229,1.841,1.7617,1.6877,1.6197,1.557,1.4988,1.4438,1.3914,1.3415,1.2947,1.2519,1.2141,1.1823,1.1568,1.1377,1.1242,1.1154,1.1103,1.1079,1.1072,1.1077,1.1089,1.1105,1.1124,1.1146,1.1169,1.1195,1.1223,1.1253,1.1285
2.0915,2.122,2.1548,2.1897,2.2264,2.2646,2.303,2.3396,2.3713,2.3934,2.3999,2.3858,2.3504,2.2996,2.2425,2.1845,2.1251,2.0612,1.9915,1.9173,1.8414,1.7672,1.6968,1.6311,1.57,1.5128,1.4589,1.4078,1.3595,1.3144,1.2732,1.2367,1.2056,1.1803,1.1605,1.146,1.1358,1.1291,1.1251,1.123,1.1223,1.1224,1.1231,1.1242,1.1257,1.1275,1.1295,1.1319,1.1344,1.1372
2.0854,2.1143,2.1451,2.1775,2.2112,2.2454,2.2791,2.3102,2.3359,2.3524,2.3553,2.3414,2.3107,2.2671,2.2164,2.1624,2.1055,2.0447,1.9793,1.9103,1.8398,1.7703,1.7035,1.6404,1.5812,1.5254,1.4729,1.4232,1.3764,1.333,1.2933,1.258,1.2276,1.2024,1.1822,1.1668,1.1554,1.1474,1.1421,1.1387,1.1367,1.1358,1.1356,1.136,1.1368,1.138,1.1396,1.1414,1.1435,1.1459
2.0782,2.1055,2.1342,2.164,2.1946,2.2251,2.2544,2.2806,2.3013,2.3134,2.3138,2.3003,2.2732,2.2349,2.1894,2.1393,2.0856,2.0281,1.9667,1.9023,1.8366,1.7714,1.7082,1.6479,1.5907,1.5367,1.4857,1.4376,1.3924,1.3504,1.3121,1.2779,1.2482,1.2232,1.2028,1.1866,1.1743,1.1652,1.1586,1.154,1.151,1.1491,1.1481,1.1477,1.1479,1.1485,1.1495,1.1509,1.1526,1.1545
2.07,2.0956,2.1222,2.1496,2.1772,2.2042,2.2295,2.2515,2.268,2.2766,2.2752,2.2621,2.2376,2.2035,2.1622,2.1159,2.0655,2.0113,1.9538,1.8936,1.8322,1.771,1.7112,1.6537,1.5988,1.5467,1.4974,1.4509,1.4073,1.3668,1.3298,1.2966,1.2676,1.2428,1.2222,1.2055,1.1924,1.1823,1.1747,1.1691,1.1651,1.1623,1.1604,1.1594,1.1589,1.159,1.1595,1.1603,1.1616,1.1631
2.0611,2.0849,2.1095,2.1344,2.1592,2.183,2.2048,2.223,2.2361,2.242,2.2392,2.2265,2.2041,2.1731,2.1355,2.0925,2.0454,1.9946,1.9406,1.8844,1.8269,1.7694,1.7128,1.6581,1.6056,1.5555,1.508,1.4632,1.4211,1.382,1.3463,1.3141,1.2857,1.2612,1.2405,1.2234,1.2096,1.1987,1.1902,1.1837,1.1788,1.1752,1.1726,1.1709,1.1698,1.1693,1.1693,1.1697,1.1705,1.1716
2.0515,2.0736,2.0962,2.1188,2.1409,2.1618,2.1804,2.1956,2.2058,2.2095,2.2056,2.1932,2.1724,2.1441,2.1094,2.0696,2.0256,1.978,1.9274,1.8747,1.8209,1.7668,1.7134,1.6613,1.6112,1.5632,1.5175,1.4744,1.4338,1.3961,1.3616,1.3303,1.3026,1.2784,1.2577,1.2404,1.2261,1.2145,1.2052,1.1979,1.1922,1.1879,1.1846,1.1822,1.1805,1.1795,1.179,1.1789,1.1793,1.18
2.0414,2.0618,2.0825,2.1029,2.1225,2.1408,2.1566,2.1691,2.1769,2.1789,2.1741,2.162,2.1425,2.1163,2.0843,2.0473,2.0061,1.9616,1.9142,1.8649,1.8143,1.7634,1.713,1.6636,1.6158,1.5699,1.5261,1.4846,1.4455,1.4092,1.3758,1.3455,1.3184,1.2945,1.2739,1.2564,1.2417,1.2296,1.2197,1.2117,1.2053,1.2003,1.1963,1.1933,1.1911,1.1895,1.1885,1.188,1.188,1.1883
