docs/data/wind_grid.json
{"header": {"la1":42.1,"la2":41.55,"lo1":12.1,"lo2":12.95,"nx":50,"ny":50,"dx":0.01735,"dy":0.01122,"parameterCategory":2,"parameterNumber":2,"parameterNumberName":"eastward_wind","parameterUnit":"m.s-1"}, "data":
[rows 0 to 45 of 50, columns 0 to 49 of 50]
1.3484,1.3413,1.3337,1.3257,1.3173,1.3084,1.2992,1.2897,1.28,1.2703,1.2608,1.2516,1.2431,1.2357,1.2298,1.2258,1.2243,1.226,1.2315,1.2415,1.2567,1.2778,1.3056,1.3407,1.3837,1.4348,1.4946,1.563,1.64,1.7253,1.8182,1.9179,2.0227,2.1307,2.2392,2.3451,2.4447,2.5343,2.6106,2.671,2.7144,2.7407,2.7511,2.7475,2.7326,2.7089,2.6789,2.6446,2.6078,2.5698
1.3467,1.3393,1.3313,1.3229,1.3139,1.3044,1.2945,1.2841,1.2734,1.2626,1.2517,1.2412,1.2312,1.2221,1.2145,1.2088,1.2056,1.2056,1.2095,1.2181,1.2323,1.2527,1.2803,1.3156,1.3595,1.4123,1.4744,1.5459,1.6269,1.717,1.8158,1.9221,2.0346,2.151,2.2687,2.3838,2.4922,2.5895,2.6717,2.7358,2.7805,2.8057,2.8131,2.8053,2.7852,2.756,2.7204,2.6809,2.6393,2.5971
1.3453,1.3376,1.3293,1.3205,1.3109,1.3008,1.2901,1.2789,1.2672,1.2551,1.243,1.2309,1.2193,1.2086,1.1991,1.1914,1.1863,1.1844,1.1866,1.1936,1.2065,1.226,1.2532,1.2888,1.3334,1.3878,1.4522,1.527,1.612,1.7071,1.8118,1.9251,2.0456,2.1711,2.2985,2.4237,2.5418,2.6477,2.7365,2.8046,2.8504,2.8742,2.878,2.865,2.839,2.8036,2.762,2.7169,2.6703,2.6236
1.3444,1.3364,1.3278,1.3185,1.3085,1.2977,1.2863,1.2741,1.2614,1.2481,1.2346,1.221,1.2077,1.195,1.1835,1.1738,1.1665,1.1625,1.1627,1.1679,1.1793,1.1978,1.2244,1.26,1.3055,1.3614,1.4282,1.5061,1.5952,1.6954,1.8061,1.9266,2.0554,2.1904,2.3283,2.4644,2.5933,2.7087,2.8047,2.8772,2.924,2.9457,2.9451,2.9262,2.8935,2.8512,2.8031,2.752,2.7001,2.6489
1.3438,1.3356,1.3267,1.317,1.3065,1.2952,1.283,1.27,1.2562,1.2417,1.2267,1.2114,1.1963,1.1816,1.1679,1.1559,1.1463,1.1399,1.1378,1.1411,1.1507,1.1679,1.1938,1.2294,1.2755,1.3329,1.4021,1.4833,1.5765,1.6817,1.7985,1.9262,2.0635,2.2084,2.3573,2.5053,2.6459,2.7718,2.8759,2.953,3.0006,3.0198,3.014,2.9882,2.9479,2.8982,2.8431,2.7858,2.7284,2.6726
1.3437,1.3353,1.3262,1.3161,1.3052,1.2933,1.2804,1.2665,1.2516,1.2358,1.2193,1.2024,1.1852,1.1684,1.1524,1.1379,1.1257,1.1167,1.1121,1.1131,1.1207,1.1364,1.1614,1.1968,1.2436,1.3025,1.374,1.4584,1.5558,1.6661,1.7889,1.9237,2.0694,2.2242,2.3846,2.5452,2.6987,2.8361,2.9491,3.0311,3.0794,3.0953,3.0834,3.05,3.0014,2.9437,2.8812,2.8175,2.7547,2.6942
1.3441,1.3356,1.3262,1.3159,1.3045,1.2921,1.2785,1.2637,1.2477,1.2307,1.2127,1.1939,1.1747,1.1556,1.137,1.1198,1.1048,1.093,1.0856,1.084,1.0894,1.1034,1.1273,1.1624,1.2097,1.2701,1.344,1.4317,1.5332,1.6483,1.7769,1.9186,2.0725,2.2372,2.4092,2.583,2.7501,2.9003,3.023,3.1103,3.1591,3.1711,3.1522,3.1102,3.0528,2.9866,2.9166,2.8465,2.7783,2.7134
1.3449,1.3363,1.3268,1.3163,1.3046,1.2916,1.2774,1.2618,1.2448,1.2264,1.2068,1.1862,1.1649,1.1433,1.122,1.1019,1.0838,1.0689,1.0584,1.0539,1.0568,1.0688,1.0914,1.1261,1.174,1.2358,1.3122,1.4032,1.5087,1.6286,1.7626,1.9106,2.0722,2.2462,2.4297,2.6168,2.7984,2.9622,3.0955,3.1886,3.2376,3.2451,3.2185,3.1673,3.1005,3.0257,2.9483,2.8719,2.7986,2.7296
1.3463,1.3377,1.3281,1.3174,1.3054,1.2921,1.2772,1.2608,1.2428,1.2231,1.2019,1.1794,1.1558,1.1316,1.1075,1.0842,1.0628,1.0444,1.0306,1.0229,1.023,1.0328,1.054,1.0881,1.1365,1.1999,1.2788,1.3731,1.4827,1.607,1.746,1.8996,2.0679,2.2502,2.4444,2.6447,2.8411,3.0193,3.1639,3.2632,3.3123,3.3148,3.28,3.2192,3.143,3.0598,2.9752,2.893,2.815,2.7424
1.3482,1.3397,1.3301,1.3193,1.3071,1.2934,1.278,1.2609,1.2419,1.221,1.1982,1.1737,1.1477,1.1208,1.0936,1.067,1.0419,1.0199,1.0024,0.9912,0.9882,0.9955,1.0151,1.0487,1.0975,1.1626,1.2441,1.3419,1.4553,1.5839,1.7272,1.8854,2.059,2.2483,2.4517,2.6643,2.8751,3.0681,3.2248,3.3305,3.3798,3.3771,3.3339,3.2636,3.1784,3.0873,2.9963,2.9089,2.827,2.7513
1.3508,1.3423,1.3328,1.322,1.3097,1.2957,1.28,1.2622,1.2423,1.2201,1.1957,1.1692,1.1409,1.1111,1.0807,1.0504,1.0215,0.9954,0.9739,0.959,0.9526,0.9573,0.9751,1.008,1.0574,1.1242,1.2085,1.3098,1.4272,1.5596,1.7066,1.8681,2.0453,2.2393,2.4499,2.6728,2.8972,3.1047,3.2736,3.3862,3.4358,3.4282,3.377,3.298,3.2048,3.1069,3.0104,2.9189,2.8339,2.7559
1.3539,1.3456,1.3363,1.3255,1.3133,1.2992,1.2831,1.2648,1.244,1.2207,1.1947,1.1662,1.1354,1.1028,1.0689,1.0348,1.0017,0.9713,0.9456,0.9265,0.9167,0.9184,0.9343,0.9665,1.0166,1.0853,1.1726,1.2775,1.3988,1.5348,1.6846,1.8481,2.0267,2.2228,2.4374,2.6679,2.9035,3.1244,3.3052,3.4249,3.4754,3.4637,3.4059,3.3198,3.2201,3.117,3.0167,2.9223,2.8353,2.7559
1.3576,1.3496,1.3405,1.33,1.3179,1.3038,1.2876,1.2688,1.2473,1.2229,1.1955,1.165,1.1317,1.096,1.0585,1.0203,0.9829,0.948,0.9177,0.8944,0.8808,0.8795,0.8934,0.9249,0.9757,1.0464,1.1369,1.2457,1.3709,1.5102,1.6619,1.8258,2.0035,2.1984,2.4133,2.6473,2.8908,3.1226,3.3143,3.4411,3.4935,3.4795,3.4172,3.3264,3.2227,3.1166,3.0143,2.9186,2.8309,2.7511
1.3619,1.3544,1.3457,1.3355,1.3236,1.3097,1.2934,1.2744,1.2523,1.227,1.1981,1.1657,1.1299,1.0911,1.0499,1.0075,0.9654,0.9257,0.8907,0.8631,0.8457,0.8414,0.8533,0.884,0.9355,1.0084,1.1022,1.215,1.3443,1.4867,1.6396,1.8023,1.9765,2.1665,2.3771,2.6097,2.8563,3.0954,3.2959,3.4296,3.4853,3.4715,3.408,3.3158,3.2112,3.1048,3.0026,2.9075,2.8204,2.7414
1.3668,1.3598,1.3516,1.342,1.3305,1.3169,1.3008,1.2817,1.2592,1.2331,1.2029,1.1687,1.1304,1.0884,1.0434,0.9965,0.9496,0.9049,0.8652,0.8334,0.8124,0.8053,0.8151,0.845,0.8971,0.9721,1.0693,1.1864,1.3198,1.4651,1.6187,1.7788,1.9469,2.1283,2.3297,2.5552,2.7989,3.0404,3.2465,3.3866,3.4474,3.4372,3.3765,3.287,3.185,3.0813,2.9816,2.8888,2.8039,2.7268
1.3723,1.366,1.3585,1.3495,1.3386,1.3256,1.3098,1.2908,1.2682,1.2414,1.2101,1.1742,1.1335,1.0883,1.0394,0.988,0.9359,0.8861,0.8417,0.8061,0.7823,0.7729,0.7808,0.8094,0.8617,0.9386,1.0391,1.1606,1.2983,1.4467,1.6004,1.7566,1.9164,2.0856,2.273,2.4852,2.7197,2.9576,3.1655,3.3109,3.3785,3.3757,3.3224,3.2398,3.1443,3.0462,2.9515,2.8629,2.7815,2.7074
1.3785,1.3729,1.3662,1.358,1.348,1.3357,1.3205,1.3019,1.2793,1.2522,1.22,1.1825,1.1395,1.0913,1.0384,0.9822,0.9249,0.8697,0.8208,0.7823,0.757,0.7465,0.7525,0.779,0.8305,0.9086,1.0124,1.1383,1.2806,1.4322,1.586,1.7374,1.8869,2.041,2.2099,2.4034,2.6222,2.8502,3.0556,3.2047,3.2808,3.2888,3.2471,3.1756,3.09,3.0005,2.9129,2.8303,2.7537,2.6836
1.3852,1.3805,1.3747,1.3676,1.3586,1.3473,1.333,1.3151,1.2929,1.2656,1.2327,1.1938,1.1488,1.0976,1.0409,0.9798,0.9169,0.8562,0.8028,0.7623,0.738,0.7287,0.7326,0.7553,0.8044,0.8829,0.9896,1.1201,1.2675,1.4227,1.5765,1.7227,1.8608,1.9973,2.1444,2.3146,2.5121,2.7248,2.9231,3.0741,3.1592,3.1807,3.154,3.0968,3.0241,2.9454,2.8669,2.7916,2.7211,2.6558
1.3924,1.3888,1.3841,1.3782,1.3705,1.3605,1.3474,1.3306,1.309,1.2819,1.2486,1.2086,1.1616,1.1077,1.0472,0.9813,0.9125,0.8456,0.7874,0.7457,0.7254,0.7212,0.7226,0.7382,0.7831,0.8616,0.9711,1.1065,1.2593,1.4187,1.5732,1.7142,1.8401,1.9578,2.0809,2.2248,2.3973,2.5902,2.7775,2.928,3.0218,3.0578,3.0478,3.0072,2.9491,2.883,2.8148,2.7479,2.6842,2.6246
1.4002,1.3976,1.3943,1.3898,1.3837,1.3753,1.3638,1.3483,1.3278,1.3013,1.2678,1.227,1.1783,1.1219,1.0579,0.9872,0.9123,0.8383,0.7737,0.7296,0.7146,0.7199,0.7182,0.724,0.7646,0.8437,0.9568,1.0975,1.2564,1.4207,1.5764,1.7128,1.8267,1.9253,2.0238,2.1402,2.2858,2.4562,2.6295,2.7768,2.8775,2.9274,2.9343,2.9106,2.868,2.8152,2.7581,2.7003,2.6441,2.5905
1.4084,1.4071,1.4052,1.4024,1.3981,1.3916,1.3821,1.3684,1.3495,1.3239,1.2906,1.2491,1.1991,1.1405,1.0734,0.9983,0.9169,0.8345,0.7606,0.7085,0.692,0.7041,0.7012,0.7027,0.7449,0.828,0.9463,1.0932,1.2586,1.4285,1.5864,1.7189,1.8217,1.9019,1.9766,2.0662,2.1849,2.3319,2.4891,2.6303,2.7351,2.7966,2.8189,2.8114,2.7839,2.7443,2.6984,2.65,2.6015,2.5542
1.4169,1.417,1.4168,1.4158,1.4136,1.4094,1.4023,1.3911,1.3741,1.3499,1.3172,1.2752,1.2239,1.1635,1.094,1.015,0.9272,0.835,0.7477,0.6781,0.6395,0.635,0.6408,0.6631,0.7207,0.8137,0.9395,1.0933,1.2656,1.4415,1.6023,1.7322,1.8252,1.8888,1.9417,2.0067,2.1002,2.2242,2.364,2.4964,2.6019,2.6716,2.7065,2.7132,2.6995,2.6725,2.6374,2.5982,2.5572,2.5163
1.4257,1.4273,1.4288,1.4299,1.4301,1.4287,1.4245,1.4162,1.4019,1.3796,1.3477,1.3052,1.2526,1.1906,1.1194,1.0378,0.9445,0.8418,0.7373,0.641,0.5599,0.5117,0.5372,0.6068,0.6931,0.8015,0.9366,1.0976,1.2766,1.4583,1.6224,1.7507,1.8358,1.8854,1.9196,1.9632,2.0342,2.1365,2.2585,2.3799,2.4827,2.5568,2.6009,2.6191,2.6173,2.6015,2.5764,2.5458,2.5123,2.4775
1.4347,1.4379,1.4413,1.4447,1.4475,1.4492,1.4485,1.4438,1.4329,1.4132,1.3824,1.3393,1.2848,1.221,1.149,1.0667,0.9699,0.8576,0.735,0.6099,0.4884,0.4073,0.4463,0.5547,0.6694,0.7938,0.9384,1.1059,1.2905,1.477,1.644,1.7715,1.8507,1.8893,1.9088,1.935,1.9868,2.0694,2.1737,2.2826,2.3797,2.4547,2.5045,2.5312,2.5391,2.5328,2.5166,2.4939,2.4672,2.4384
1.4437,1.4485,1.454,1.4598,1.4656,1.4708,1.4741,1.4738,1.4672,1.4509,1.4216,1.3775,1.32,1.2536,1.1813,1.1006,1.0039,0.8852,0.7473,0.5998,0.4575,0.3708,0.4103,0.5286,0.6585,0.7943,0.946,1.118,1.3058,1.4951,1.6638,1.7907,1.8659,1.8971,1.9061,1.9192,1.9554,2.0207,2.1083,2.2039,2.293,2.3659,2.4185,2.4509,2.466,2.4676,2.4589,2.4432,2.4228,2.3995
1.4526,1.4592,1.4666,1.475,1.484,1.493,1.501,1.506,1.5048,1.4932,1.466,1.4202,1.3576,1.2863,1.2134,1.1372,1.0453,0.9258,0.7789,0.6194,0.4742,0.3951,0.4277,0.536,0.6662,0.8057,0.96,1.1332,1.3212,1.5102,1.6784,1.8042,1.8771,1.9043,1.9074,1.9117,1.936,1.9868,2.0591,2.1415,2.2215,2.2902,2.3428,2.3785,2.3989,2.4064,2.4041,2.3944,2.3795,2.3612
1.4614,1.4696,1.4791,1.4901,1.5024,1.5156,1.5287,1.5399,1.5456,1.5402,1.5164,1.4682,1.3973,1.3168,1.2416,1.1722,1.0909,0.9777,0.8301,0.6688,0.5299,0.459,0.4817,0.5723,0.6926,0.8283,0.9804,1.1508,1.3352,1.5204,1.6853,1.809,1.8808,1.9072,1.9084,1.9082,1.9242,1.9633,2.0224,2.0924,2.163,2.2262,2.2771,2.3141,2.3377,2.3498,2.3524,2.3478,2.3377,2.3238
1.4698,1.4795,1.4911,1.5047,1.5203,1.5379,1.5566,1.5748,1.5889,1.592,1.5739,1.5235,1.4397,1.3428,1.2611,1.2001,1.1348,1.0352,0.8954,0.7403,0.6109,0.545,0.5567,0.6285,0.7342,0.8608,1.0062,1.1699,1.3471,1.5248,1.6836,1.8038,1.8752,1.9033,1.906,1.9048,1.916,1.9464,1.9946,2.0536,2.1151,2.1722,2.2202,2.257,2.2825,2.2977,2.3042,2.3036,2.2977,2.2877
1.4777,1.4889,1.5024,1.5185,1.5374,1.5592,1.5837,1.6096,1.6335,1.648,1.6393,1.5884,1.4868,1.3628,1.2677,1.2154,1.17,1.0899,0.965,0.8222,0.7032,0.6398,0.6412,0.6956,0.7855,0.9001,1.0355,1.1895,1.3563,1.5237,1.6738,1.7892,1.8604,1.8917,1.8984,1.8991,1.9083,1.9329,1.9724,2.0221,2.0755,2.1264,2.1709,2.2065,2.2328,2.25,2.2594,2.2621,2.2596,2.253
1.4849,1.4976,1.5128,1.5311,1.5529,1.5788,1.609,1.6427,1.6774,1.7059,1.7117,1.6656,1.543,1.3781,1.2599,1.2155,1.1918,1.134,1.0288,0.9025,0.7949,0.7337,0.7267,0.7666,0.8416,0.9432,1.0668,1.2089,1.3631,1.518,1.6579,1.7673,1.8381,1.8733,1.8854,1.8899,1.8993,1.9203,1.9536,1.9958,2.042,2.0873,2.128,2.1619,2.1881,2.2065,2.2179,2.2232,2.2235,2.2198
1.4914,1.5052,1.5219,1.5421,1.5666,1.596,1.6311,1.6721,1.7176,1.7615,1.7866,1.7536,1.6125,1.3947,1.2438,1.2051,1.2009,1.1642,1.0801,0.973,0.8782,0.8205,0.8077,0.8363,0.8983,0.9871,1.0982,1.2273,1.3678,1.5093,1.638,1.7408,1.8108,1.8498,1.8676,1.8768,1.888,1.9074,1.9363,1.9727,2.0129,2.0532,2.0904,2.1223,2.1478,2.1669,2.1797,2.1869,2.1895,2.1881
1.4971,1.5118,1.5297,1.5514,1.5778,1.61,1.649,1.6959,1.7503,1.8081,1.8535,1.841,1.6927,1.4234,1.2362,1.1972,1.2042,1.183,1.1183,1.0304,0.9494,0.8968,0.8812,0.9014,0.9526,1.0298,1.1286,1.2446,1.3712,1.499,1.6164,1.7123,1.7809,1.8231,1.8463,1.8604,1.8743,1.8934,1.9195,1.9516,1.9872,2.0232,2.057,2.0868,2.1115,2.1306,2.1443,2.1531,2.1574,2.1581
1.5019,1.5172,1.5359,1.5586,1.5863,1.6202,1.6617,1.7121,1.772,1.8387,1.8981,1.9038,1.7623,1.47,1.2569,1.2062,1.2109,1.1964,1.1464,1.0758,1.0082,0.9621,0.9459,0.9605,1.0031,1.0699,1.1573,1.2606,1.3738,1.4885,1.5948,1.6839,1.7505,1.795,1.8229,1.8417,1.8585,1.8782,1.9027,1.9317,1.9636,1.9961,2.027,2.0549,2.0785,2.0975,2.1117,2.1215,2.1273,2.1297
1.5057,1.5214,1.5404,1.5636,1.5919,1.6264,1.6685,1.7197,1.7806,1.8487,1.9102,1.9205,1.7926,1.5205,1.3061,1.236,1.2261,1.2099,1.169,1.112,1.0565,1.0172,1.002,1.013,1.0488,1.1069,1.1838,1.2754,1.3761,1.4786,1.5746,1.6569,1.7211,1.7671,1.7986,1.8214,1.8411,1.8619,1.8856,1.9126,1.9417,1.9713,1.9998,2.0258,2.0484,2.067,2.0815,2.0921,2.0991,2.1028
1.5085,1.5243,1.5433,1.5664,1.5944,1.6284,1.6695,1.7188,1.7763,1.8384,1.8905,1.8926,1.7792,1.5545,1.3626,1.2772,1.2489,1.2258,1.1891,1.1422,1.0966,1.0636,1.0503,1.0591,1.0897,1.1403,1.208,1.289,1.3783,1.4697,1.5564,1.6323,1.6938,1.7403,1.7744,1.8005,1.8228,1.8448,1.8683,1.8939,1.921,1.9484,1.9748,1.9992,2.0208,2.0389,2.0536,2.0647,2.0725,2.0773
1.5103,1.5259,1.5446,1.5672,1.5942,1.6266,1.6652,1.7104,1.7611,1.8124,1.8495,1.8395,1.7414,1.5671,1.4077,1.3177,1.2747,1.2438,1.2085,1.1683,1.1305,1.1031,1.0919,1.0995,1.1261,1.1704,1.23,1.3016,1.3808,1.4623,1.5405,1.6104,1.6689,1.7152,1.7511,1.7796,1.804,1.8272,1.8509,1.8757,1.9012,1.9268,1.9516,1.9747,1.9953,2.013,2.0276,2.0391,2.0475,2.0533
1.5112,1.5263,1.5444,1.5659,1.5914,1.6215,1.6565,1.6961,1.7384,1.7773,1.7993,1.7803,1.6975,1.5645,1.4364,1.3503,1.2992,1.2625,1.2274,1.1918,1.1599,1.1371,1.128,1.1349,1.1583,1.1973,1.2499,1.3133,1.3836,1.4564,1.527,1.5914,1.6467,1.6923,1.7291,1.7592,1.7854,1.8096,1.8336,1.8578,1.8822,1.9065,1.9299,1.9518,1.9716,1.9888,2.0033,2.0151,2.0241,2.0305
1.5112,1.5257,1.5429,1.563,1.5865,1.6137,1.6445,1.6779,1.7113,1.7388,1.7488,1.725,1.6562,1.554,1.4516,1.3736,1.3203,1.2805,1.2456,1.2134,1.1858,1.1667,1.1595,1.166,1.1869,1.2214,1.268,1.3242,1.3868,1.4519,1.5158,1.575,1.6272,1.6716,1.7086,1.7399,1.7672,1.7923,1.8164,1.8403,1.864,1.8872,1.9096,1.9305,1.9495,1.9663,1.9807,1.9926,2.002,2.0091
1.5104,1.5241,1.5401,1.5587,1.58,1.6039,1.6302,1.6575,1.6828,1.7007,1.7022,1.6771,1.62,1.54,1.4576,1.389,1.3371,1.2968,1.2628,1.2331,1.209,1.1929,1.1872,1.1935,1.2123,1.2431,1.2845,1.3345,1.3902,1.4487,1.5066,1.5611,1.6102,1.6531,1.6899,1.7216,1.7497,1.7754,1.7997,1.8234,1.8465,1.8689,1.8904,1.9105,1.9289,1.9453,1.9595,1.9715,1.9812,1.9887
1.509,1.5218,1.5365,1.5533,1.5721,1.5928,1.6147,1.6363,1.6547,1.6652,1.6613,1.6366,1.589,1.5252,1.458,1.3985,1.3501,1.311,1.2785,1.2513,1.2299,1.2162,1.2118,1.2179,1.2349,1.2625,1.2995,1.3441,1.394,1.4466,1.4993,1.5495,1.5956,1.6368,1.6729,1.7047,1.7331,1.7591,1.7836,1.8071,1.8297,1.8515,1.8722,1.8917,1.9095,1.9255,1.9396,1.9516,1.9615,1.9695
1.507,1.5187,1.5321,1.547,1.5635,1.581,1.5989,1.6155,1.6282,1.6333,1.6261,1.6028,1.5627,1.5107,1.4553,1.4039,1.3599,1.3233,1.2928,1.2678,1.2489,1.2371,1.2337,1.2397,1.2552,1.2801,1.3132,1.3532,1.3981,1.4456,1.4935,1.5398,1.5831,1.6224,1.6576,1.6892,1.7176,1.7437,1.7682,1.7914,1.8136,1.8349,1.8551,1.8739,1.8913,1.907,1.9209,1.9329,1.943,1.9513
1.5045,1.5152,1.5271,1.5402,1.5544,1.569,1.5832,1.5956,1.6039,1.6051,1.5961,1.5745,1.5404,1.4974,1.451,1.4067,1.3673,1.3336,1.3055,1.2829,1.266,1.2559,1.2534,1.2592,1.2735,1.296,1.3259,1.3618,1.4023,1.4453,1.4891,1.5319,1.5724,1.6099,1.644,1.6749,1.7031,1.7292,1.7535,1.7765,1.7983,1.8191,1.8388,1.8572,1.8741,1.8895,1.9032,1.9152,1.9255,1.934
1.5017,1.5112,1.5218,1.5332,1.5451,1.5571,1.5682,1.5771,1.5819,1.5805,1.5706,1.5508,1.5215,1.4853,1.4461,1.4078,1.3729,1.3425,1.317,1.2965,1.2816,1.2729,1.2712,1.2768,1.29,1.3105,1.3375,1.37,1.4066,1.4458,1.4858,1.5254,1.5633,1.5989,1.6318,1.662,1.6898,1.7155,1.7396,1.7623,1.7838,1.8042,1.8234,1.8413,1.8579,1.873,1.8866,1.8985,1.9089,1.9176
1.4986,1.5071,1.5163,1.526,1.536,1.5456,1.554,1.5601,1.5624,1.5592,1.549,1.5309,1.5055,1.4747,1.4413,1.4081,1.3773,1.3502,1.3272,1.3089,1.2958,1.2884,1.2873,1.2928,1.305,1.3237,1.3483,1.3778,1.411,1.4467,1.4835,1.5202,1.5557,1.5894,1.621,1.6503,1.6775,1.7028,1.7266,1.7489,1.7701,1.79,1.8088,1.8264,1.8426,1.8575,1.8709,1.8828,1.8932,1.9021
1.4953,1.5028,1.5107,1.519,1.5271,1.5347,1.5409,1.5448,1.5452,1.5408,1.5306,1.5141,1.4919,1.4654,1.4367,1.408,1.381,1.3568,1.3364,1.3202,1.3087,1.3024,1.3019,1.3073,1.3187,1.3359,1.3583,1.3852,1.4155,1.4482,1.482,1.516,1.5493,1.5813,1.6115,1.6398,1.6663,1.6911,1.7144,1.7363,1.7571,1.7766,1.795,1.8122,1.8282,1.8428,1.856,1.8679,1.8783,1.8873
1.492,1.4985,1.5053,1.5121,1.5187,1.5245,1.5289,1.5311,1.53,1.5249,1.515,1.5,1.4805,1.4575,1.4327,1.4077,1.3841,1.3628,1.3447,1.3304,1.3205,1.3153,1.3152,1.3205,1.3312,1.3471,1.3676,1.3922,1.42,1.4499,1.4812,1.5128,1.544,1.5742,1.603,1.6303,1.656,1.6802,1.703,1.7245,1.7448,1.764,1.782,1.7989,1.8145,1.8289,1.842,1.8537,1.8642,1.8733
