docs/data/wind_grid.json
[{"header":{"la1":42.85,"la2":41.18,"lo1":11.55,"lo2":14.05,"nx":36,"ny":24,"dx":0.07143,"dy":0.07261,"parameterCategory":2,"parameterNumber":2,"parameterNumberName":"eastward_wind","parameterUnit":"m.s-1"},"data":[-0.0515,-0.0595,-0.0669,-0.0738,-0.0803,-0.0866,-0.0923,-0.0975,-0.1021,-0.1069,-0.1136,-0.124,-0.1395,-0.1606,-0.1866,-0.2156,-0.2441,-0.2677,-0.2817,-0.2837,-0.2744,-0.2579,-0.2385,-0.2188,-0.1991,-0.1791,-0.1588,-0.1385,-0.1186,-0.0996,-0.0817,-0.0652,-0.0501,-0.0363,-0.0238,-0.0125,-0.0629,-0.0721,-0.0804,-0.088,-0.0953,-0.1025,-0.1093,-0.1147,-0.118,-0.1201,-0.1238,-0.1325,-0.149,-0.1743,-0.2078,-0.2474,-0.288,-0.322,-0.3406,-0.3382,-0.3174,-0.2881,-0.26,-0.2364,-0.2149,-0.1933,-0.1707,-0.1479,-0.1255,-0.1043,-0.0847,-0.0667,-0.0505,-0.0359,-0.0228,-0.011,-0.0767,-0.0876,-0.097,-0.1054,-0.1137,-0.1229,-0.1326,-0.1401,-0.1419,-0.1385,-0.1356,-0.1399,-0.1561,-0.186,-0.2294,-0.2843,-0.3444,-0.3973,-0.4242,-0.4109,-0.3628,-0.3065,-0.2668,-0.2443,-0.2263,-0.2055,-0.1814,-0.156,-0.131,-0.1075,-0.086,-0.0667,-0.0495,-0.0342,-0.0206,-0.0086,-0.094,-0.1074,-0.1183,-0.1271,-0.1361,-0.1487,-0.1657,-0.1807,-0.1822,-0.1678,-0.1504,-0.1451,-0.1589,-0.1936,-0.249,-0.3251,-0.4172,-0.5073,-0.5554,-0.5187,-0.403,-0.2837,-0.2346,-0.2339,-0.2319,-0.2159,-0.1907,-0.1625,-0.1345,-0.1087,-0.0854,-0.0649,-0.0469,-0.0311,-0.0173,-0.0052,-0.1156,-0.1334,-0.1469,-0.1552,-0.1626,-0.1787,-0.2113,-0.2501,-0.2577,-0.2177,-0.1689,-0.1457,-0.1549,-0.194,-0.2623,-0.3641,-0.5053,-0.673,-0.7885,-0.7159,-0.4391,-0.1637,-0.1333,-0.2078,-0.2375,-0.2268,-0.1989,-0.1666,-0.1354,-0.1072,-0.0824,-0.061,-0.0425,-0.0266,-0.0128,-0.0008,-0.1424,-0.1687,-0.188,-0.1949,-0.1939,-0.2069,-0.2637,-0.3651,-0.4019,-0.2965,-0.1843,-0.1359,-0.1409,-0.1847,-0.2635,-0.3879,-0.587,-0.8943,-1.2165,-1.1317,-0.5803,-0.0644,-0.0696,-0.2185,-0.2592,-0.2414,-0.2055,-0.1675,-0.1326,-0.1023,-0.0765,-0.0547,-0.0362,-0.0205,-0.007,0.0046,-0.1736,-0.2155,-0.2505,-0.259,-0.2361,-0.2227,-0.2847,-0.4691,-0.5684,-0.3494,-0.1672,-0.1056,-0.1149,-0.1663,-0.2509,-0.3802,-0.6035,-1.0247,-1.6473,-1.5874,-0.8894,-0.4356,-0.3108,-0.3256,-0.3044,-0.2579,-0.2079,-0.1629,-0.1249,-0.0934,-0.0674,-0.0458,-0.0279,-0.0128,-0.0,0.0109,-0.2037,-0.2688,-0.339,-0.3673,-0.3029,-0.2248,-0.2251,-0.3385,-0.397,-0.2193,-0.0818,-0.0491,-0.0784,-0.1455,-0.2367,-0.3484,-0.5233,-0.8457,-1.2612,-1.2646,-1.0707,-0.8939,-0.6295,-0.4579,-0.3474,-0.2649,-0.2007,-0.1505,-0.1112,-0.08,-0.0549,-0.0346,-0.0178,-0.0039,0.0079,0.0179,-0.2218,-0.3049,-0.413,-0.4841,-0.3699,-0.2193,-0.1282,-0.0907,-0.0441,0.0285,0.0532,0.0257,-0.0363,-0.1334,-0.2577,-0.3501,-0.4298,-0.596,-0.8122,-1.0201,-1.3997,-1.2821,-0.8078,-0.5166,-0.3518,-0.2486,-0.1786,-0.1285,-0.0911,-0.0623,-0.0395,-0.0212,-0.0063,0.006,0.0164,0.0253,-0.2193,-0.3018,-0.3935,-0.4401,-0.368,-0.2058,-0.0483,0.0865,0.2384,0.2982,0.2023,0.103,0.0112,-0.1202,-0.3632,-0.491,-0.4,-0.4653,-0.6102,-0.8356,-1.1719,-1.0974,-0.7244,-0.4592,-0.3006,-0.2035,-0.1409,-0.0977,-0.0658,-0.0412,-0.0219,-0.0064,0.0061,0.0164,0.0251,0.0327,-0.1981,-0.278,-0.3833,-0.5277,-0.4802,-0.2035,0.003,0.1679,0.4775,0.6277,0.3202,0.1639,0.066,-0.0463,-0.2976,-0.479,-0.3652,-0.4527,-0.5507,-0.6132,-0.6837,-0.6425,-0.479,-0.3192,-0.2078,-0.1384,-0.0943,-0.0628,-0.0382,-0.0188,-0.0035,0.0086,0.0184,0.0264,0.0334,0.0396,-0.1599,-0.2329,-0.3428,-0.4916,-0.4316,-0.1431,0.0274,0.0936,0.2988,0.4577,0.3055,0.2066,0.115,0.0251,-0.034,-0.1585,-0.3338,-0.6908,-0.7895,-0.5758,-0.4343,-0.3446,-0.2521,-0.1675,-0.1094,-0.0766,-0.0534,-0.0315,-0.0123,0.0028,0.0142,0.0228,0.0295,0.0352,0.0404,0.0453,-0.1062,-0.1559,-0.2152,-0.2536,-0.185,-0.0373,0.037,0.0028,0.0848,0.2488,0.2901,0.2814,0.2085,0.0365,0.0344,-0.033,-0.3215,-1.3958,-1.4402,-0.6161,-0.277,-0.1362,-0.071,-0.0447,-0.0487,-0.0566,-0.0379,-0.0105,0.0097,0.0222,0.0298,0.0346,0.0383,0.0416,0.0452,0.0492,-0.0454,-0.0697,-0.0873,-0.0794,-0.0282,0.0414,0.0723,0.053,0.1153,0.2762,0.3591,0.3732,0.3591,0.2752,0.1385,0.0639,-0.1063,-0.7349,-0.8772,-0.3504,-0.0358,0.0886,0.1005,0.0509,-0.0417,-0.093,-0.0431,0.0059,0.0295,0.0388,0.0418,0.0425,0.0429,0.0441,0.0466,0.0502,0.013,0.0063,0.0091,0.0287,0.0666,0.1106,0.1445,0.1789,0.2707,0.4289,0.5456,0.512,0.4054,0.3936,0.1949,0.0671,-0.2404,-0.1538,-0.1141,0.1121,0.3487,0.3948,0.2993,0.1688,0.0277,-0.0422,-0.0033,0.0359,0.0502,0.0515,0.048,0.0439,0.0412,0.0409,0.0433,0.0477,0.0643,0.0681,0.08,0.1029,0.1363,0.1768,0.2239,0.2914,0.4124,0.6335,0.9894,0.7841,0.6056,0.4106,0.2802,0.0848,-0.0991,0.109,0.3014,0.5249,0.8337,0.7603,0.5048,0.3146,0.174,0.0963,0.0776,0.0739,0.0665,0.056,0.0451,0.0358,0.0303,0.0299,0.0341,0.041,0.1079,0.1177,0.1341,0.1586,0.1915,0.233,0.2866,0.3626,0.4812,0.6759,0.9382,0.7815,0.6084,0.5535,0.4552,0.3792,0.3698,0.5438,0.7376,0.7967,0.9335,0.8575,0.6211,0.426,0.2782,0.1807,0.125,0.091,0.0662,0.0465,0.0294,0.015,0.0071,0.0089,0.018,0.0302,0.1445,0.1577,0.1765,0.2019,0.2345,0.2755,0.3277,0.3959,0.4855,0.5924,0.6697,0.6476,0.6046,0.611,0.7214,0.7928,0.7694,1.0045,1.2435,1.1081,0.98,0.8539,0.6838,0.4907,0.3107,0.181,0.1135,0.0714,0.0402,0.0193,0.0007,-0.0187,-0.0292,-0.0217,-0.0031,0.017,0.175,0.1902,0.2102,0.2356,0.2671,0.3056,0.3524,0.4085,0.4726,0.5363,0.5827,0.6058,0.6382,0.7661,1.2234,1.425,1.0664,1.1987,1.4269,1.6835,1.3568,1.0319,0.7895,0.5438,0.291,0.122,0.0806,0.0193,-0.0184,-0.0261,-0.0338,-0.055,-0.0689,-0.053,-0.0229,0.0056,0.2005,0.2167,0.237,0.2618,0.2916,0.3268,0.3677,0.4138,0.4632,0.5117,0.5557,0.6011,0.6748,0.8444,1.1931,1.3213,1.16,1.4048,2.2991,2.7271,1.7529,1.2543,0.9633,0.6418,0.2826,0.0752,0.0417,-0.1223,-0.1308,-0.0909,-0.0655,-0.0707,-0.0828,-0.0647,-0.0308,0.001,0.2217,0.2384,0.2584,0.2822,0.31,0.342,0.378,0.4174,0.4592,0.5021,0.5471,0.6007,0.6785,0.8019,0.9579,1.0513,1.1247,1.3946,1.925,2.1108,1.7165,1.5024,1.3183,0.8844,0.3253,-0.1771,-0.632,-0.5383,-0.2951,-0.1718,-0.1031,-0.0728,-0.0671,-0.0516,-0.0238,0.0051,0.2394,0.2561,0.2756,0.2983,0.3241,0.3533,0.3855,0.4205,0.458,0.498,0.5423,0.5951,0.6631,0.7501,0.8469,0.9389,1.0527,1.2407,1.4739,1.607,1.7097,2.0657,2.1314,1.3738,0.4737,-0.3497,-1.0303,-0.7437,-0.3741,-0.2493,-0.1548,-0.089,-0.0563,-0.0339,-0.0096,0.0152,0.2541,0.2705,0.2894,0.3108,0.3349,0.3617,0.3911,0.423,0.4575,0.495,0.5369,0.5856,0.6436,0.7119,0.7881,0.8725,0.9758,1.1096,1.2654,1.4487,1.8104,2.5606,2.7961,1.7663,0.704,-0.0577,-0.4728,-0.435,-0.3748,-0.3239,-0.2025,-0.108,-0.0533,-0.0201,0.0056,0.0283,0.2663,0.2823,0.3004,0.3207,0.3432,0.3681,0.3951,0.4246,0.4564,0.4913,0.5301,0.5741,0.6245,0.6819,0.7465,0.8202,0.9075,1.0136,1.1452,1.3325,1.6567,2.1148,2.189,1.5556,0.7915,0.218,-0.1192,-0.2759,-0.3699,-0.3247,-0.2014,-0.1039,-0.0429,-0.0048,0.022,0.0433]},{"header":{"la1":42.85,"la2":41.18,"lo1":11.55,"lo2":14.05,"nx":36,"ny":24,"dx":0.07143,"dy":0.07261,"parameterCategory":2,"parameterNumber":3,"parameterNumberName":"northward_wind","parameterUnit":"m.s-1"},"data":[0.0327,0.052,0.0735,0.0968,0.1213,0.1451,0.1654,0.1787,0.1827,0.1772,0.1651,0.1503,0.1363,0.1253,0.1178,0.1136,0.1117,0.1108,0.1096,0.1069,0.1022,0.0948,0.0843,0.0706,0.0541,0.0355,0.0157,-0.0046,-0.0247,-0.0443,-0.0632,-0.0811,-0.098,-0.1139,-0.1286,-0.1422,0.0368,0.0592,0.085,0.1146,0.1476,0.182,0.2131,0.2339,0.2386,0.2269,0.2042,0.1786,0.1564,0.1403,0.1308,0.1268,0.1266,0.1279,0.1287,0.1272,0.1229,0.1153,0.1038,0.0878,0.068,0.0456,0.0222,-0.0012,-0.0241,-0.0461,-0.0669,-0.0865,-0.1047,-0.1217,-0.1373,-0.1516,0.0395,0.0652,0.0958,0.1327,0.1776,0.2291,0.2804,0.3172,0.3247,0.3001,0.2567,0.2121,0.1769,0.1542,0.1426,0.1397,0.1426,0.148,0.1518,0.1514,0.1468,0.1391,0.1267,0.1075,0.0829,0.0556,0.0277,0.0005,-0.0255,-0.0499,-0.0727,-0.0939,-0.1135,-0.1315,-0.148,-0.1629,0.0408,0.0696,0.1045,0.1489,0.2083,0.287,0.3779,0.4522,0.4682,0.4149,0.3283,0.2497,0.1955,0.1647,0.1517,0.1514,0.1601,0.173,0.1823,0.1814,0.1732,0.1651,0.1528,0.1291,0.0975,0.0638,0.0307,-0.0005,-0.0296,-0.0564,-0.0812,-0.104,-0.1248,-0.1438,-0.161,-0.1765,0.0409,0.0732,0.1113,0.1601,0.2327,0.3488,0.5155,0.6837,0.7289,0.6017,0.4208,0.285,0.2068,0.1691,0.1564,0.1606,0.1786,0.2062,0.2286,0.2235,0.1987,0.1873,0.1786,0.1486,0.1083,0.0677,0.0296,-0.0055,-0.0374,-0.0665,-0.093,-0.1171,-0.1391,-0.1589,-0.1768,-0.1927,0.0407,0.0789,0.1205,0.1667,0.2388,0.388,0.6749,1.0676,1.2093,0.8806,0.5103,0.2995,0.2029,0.1643,0.1548,0.1644,0.194,0.2476,0.3073,0.2965,0.2249,0.1942,0.1891,0.1553,0.1096,0.0641,0.022,-0.016,-0.0502,-0.081,-0.1088,-0.134,-0.1568,-0.1774,-0.1957,-0.2118,0.0402,0.0924,0.1482,0.1865,0.2226,0.3545,0.723,1.4152,1.7478,1.0713,0.5047,0.2638,0.1774,0.1499,0.1458,0.1586,0.1951,0.271,0.3863,0.3753,0.2549,0.2013,0.1791,0.1447,0.0986,0.051,0.0065,-0.0334,-0.0689,-0.1006,-0.1292,-0.1551,-0.1785,-0.1996,-0.2183,-0.2345,0.0337,0.1129,0.2217,0.2788,0.2166,0.2287,0.4761,0.9867,1.2195,0.7086,0.308,0.1679,0.1366,0.1313,0.1283,0.1376,0.1729,0.2361,0.312,0.3063,0.2546,0.2224,0.1776,0.1293,0.0781,0.0277,-0.0184,-0.0589,-0.0945,-0.126,-0.1547,-0.1809,-0.2048,-0.2263,-0.2452,-0.2613,0.0047,0.1025,0.3014,0.4731,0.2231,0.0528,0.0858,0.1909,0.1815,0.0425,-0.0005,0.0493,0.1045,0.1207,0.0923,0.0821,0.1322,0.1874,0.2254,0.2439,0.2796,0.2612,0.1808,0.1099,0.0479,-0.0073,-0.0546,-0.0941,-0.1277,-0.1578,-0.1857,-0.2119,-0.2362,-0.2581,-0.2772,-0.293,-0.0605,-0.007,0.1068,0.1835,-0.0599,-0.1798,-0.2444,-0.3532,-0.567,-0.6222,-0.3182,-0.0367,0.1168,0.1454,0.0099,-0.0786,0.0885,0.1675,0.1922,0.212,0.2473,0.2291,0.1516,0.0723,0.0008,-0.0596,-0.106,-0.1407,-0.1692,-0.1958,-0.2223,-0.2486,-0.2736,-0.2962,-0.3154,-0.3307,-0.143,-0.1689,-0.2712,-0.5519,-0.5356,-0.4073,-0.4872,-0.6686,-1.1415,-1.403,-0.5486,-0.0323,0.2061,0.2731,0.0973,-0.0604,0.1374,0.1834,0.1775,0.1767,0.1765,0.152,0.092,0.0111,-0.0726,-0.1394,-0.1793,-0.201,-0.2186,-0.2394,-0.2643,-0.2915,-0.3183,-0.3422,-0.3616,-0.3758,-0.2071,-0.2667,-0.3941,-0.5815,-0.5716,-0.5248,-0.6716,-0.8304,-0.9605,-1.0253,-0.3937,0.0919,0.3565,0.507,0.4431,0.3291,0.2837,0.184,0.1351,0.149,0.1411,0.1044,0.0351,-0.0684,-0.1866,-0.2675,-0.2844,-0.2747,-0.2728,-0.2863,-0.3113,-0.3419,-0.3724,-0.3987,-0.4184,-0.4307,-0.2414,-0.2952,-0.3738,-0.4531,-0.4925,-0.5733,-0.7774,-0.9931,-0.8624,-0.5501,-0.1259,0.2833,0.4792,0.5886,0.5716,0.5595,0.4446,0.0452,0.005,0.1355,0.1391,0.0925,-0.0008,-0.1554,-0.3585,-0.4729,-0.423,-0.3511,-0.3235,-0.333,-0.3636,-0.4026,-0.4404,-0.4705,-0.4899,-0.4985,-0.2555,-0.2968,-0.3473,-0.4002,-0.4585,-0.5543,-0.7093,-0.862,-0.7534,-0.401,-0.0344,0.442,0.6205,0.8105,0.6689,0.9229,0.7653,0.3152,0.1508,0.1825,0.1801,0.1294,0.0068,-0.2043,-0.5141,-0.6765,-0.528,-0.3966,-0.3583,-0.3769,-0.4239,-0.4799,-0.5303,-0.5656,-0.5825,-0.5834,-0.2594,-0.2912,-0.3283,-0.3701,-0.4201,-0.4855,-0.56,-0.5946,-0.5089,-0.3509,-0.2063,0.0399,0.3616,0.5922,0.6602,1.0218,1.1097,0.6046,0.3077,0.256,0.3193,0.2722,0.084,-0.1524,-0.4232,-0.5648,-0.4684,-0.3777,-0.3698,-0.4197,-0.4999,-0.5863,-0.6569,-0.6972,-0.7057,-0.6905,-0.2583,-0.2831,-0.3113,-0.3425,-0.3769,-0.4127,-0.44,-0.4395,-0.4103,-0.4385,-0.6854,-0.4011,-0.1495,0.1916,0.3746,0.6671,0.8667,0.4701,0.2155,0.3046,0.7284,0.5998,0.1962,-0.0607,-0.2278,-0.3097,-0.3071,-0.3075,-0.3625,-0.4684,-0.6059,-0.7447,-0.8463,-0.8865,-0.8715,-0.8244,-0.2548,-0.2742,-0.2952,-0.3174,-0.3393,-0.3582,-0.3694,-0.3708,-0.3795,-0.4565,-0.65,-0.4813,-0.5343,-0.5854,-0.0902,0.1278,0.1788,-0.0071,-0.1536,0.1091,0.7678,0.6107,0.1699,-0.0366,-0.1052,-0.1083,-0.1201,-0.1974,-0.3389,-0.53,-0.7611,-0.992,-1.1417,-1.1626,-1.09,-0.9839,-0.2506,-0.2656,-0.2813,-0.2969,-0.3112,-0.3225,-0.3299,-0.3357,-0.3502,-0.3875,-0.4283,-0.4449,-0.6424,-0.704,-0.5378,-0.5108,-0.3582,-0.5027,-0.7352,-0.4078,-0.029,0.061,-0.0469,-0.0908,-0.0053,0.1638,0.1914,-0.0173,-0.2979,-0.6055,-0.9775,-1.3715,-1.5937,-1.5423,-1.3508,-1.1525,-0.2465,-0.2583,-0.2703,-0.2817,-0.2918,-0.3001,-0.3069,-0.3142,-0.3264,-0.3464,-0.3725,-0.4154,-0.506,-0.6556,-1.1955,-1.451,-0.7636,-0.6809,-0.8144,-0.8752,-0.5954,-0.3856,-0.3053,-0.1937,0.099,0.6319,0.748,0.1927,-0.2771,-0.685,-1.2077,-1.8369,-2.1485,-1.9443,-1.585,-1.2875,-0.2432,-0.2527,-0.2621,-0.2711,-0.2792,-0.2865,-0.2934,-0.3015,-0.3131,-0.3305,-0.3573,-0.4036,-0.4924,-0.6913,-1.1328,-1.2767,-0.8595,-0.8223,-1.2757,-1.5097,-0.9594,-0.7126,-0.5917,-0.3921,-0.0,0.6776,0.8296,0.067,-0.3721,-0.745,-1.2882,-2.0229,-2.3768,-2.0899,-1.6634,-1.3343,-0.2408,-0.2488,-0.2567,-0.2643,-0.2715,-0.2786,-0.286,-0.2951,-0.3074,-0.3255,-0.3535,-0.3991,-0.4771,-0.6086,-0.7759,-0.8315,-0.7713,-0.8357,-1.0954,-1.2043,-1.0621,-1.0755,-1.0433,-0.7637,-0.3963,-0.2077,-0.4767,-0.5133,-0.5715,-0.7772,-1.1468,-1.6701,-1.9658,-1.8267,-1.5341,-1.2756,-0.2394,-0.2464,-0.2534,-0.2603,-0.2673,-0.2745,-0.2827,-0.2927,-0.306,-0.3247,-0.352,-0.3926,-0.4518,-0.5304,-0.6107,-0.6608,-0.6946,-0.7734,-0.9062,-1.0374,-1.2657,-1.7535,-1.8884,-1.3043,-0.7779,-0.6559,-0.8614,-0.7634,-0.7332,-0.8071,-0.9714,-1.2397,-1.4364,-1.4347,-1.3069,-1.1529,-0.2389,-0.2453,-0.2518,-0.2585,-0.2655,-0.2731,-0.2818,-0.2926,-0.3065,-0.3252,-0.3506,-0.3851,-0.4301,-0.4836,-0.5387,-0.5897,-0.6458,-0.7279,-0.8514,-1.0538,-1.4859,-2.2819,-2.5175,-1.6784,-1.0092,-0.7667,-0.7583,-0.7816,-0.8574,-0.851,-0.8815,-0.997,-1.1081,-1.1417,-1.1002,-1.0212,-0.2392,-0.2452,-0.2515,-0.2581,-0.2653,-0.2732,-0.2825,-0.2937,-0.3078,-0.326,-0.3494,-0.3791,-0.4155,-0.4576,-0.5036,-0.554,-0.6151,-0.6989,-0.8243,-1.0319,-1.3954,-1.8788,-1.988,-1.5214,-1.0562,-0.826,-0.7677,-0.8042,-0.8718,-0.8565,-0.8443,-0.8839,-0.9365,-0.9622,-0.9499,-0.9099]}]