docs/data/wind_grid.json
[{"header":{"la1":42.85,"la2":41.18,"lo1":11.55,"lo2":14.05,"nx":36,"ny":24,"dx":0.07143,"dy":0.07261,"parameterCategory":2,"parameterNumber":2,"parameterNumberName":"eastward_wind","parameterUnit":"m.s-1"},"data":[-0.5956,-0.6027,-0.6085,-0.6128,-0.6155,-0.616,-0.6136,-0.6069,-0.5952,-0.579,-0.5605,-0.5425,-0.5276,-0.5173,-0.5118,-0.51,-0.5095,-0.5073,-0.5004,-0.4876,-0.4705,-0.4533,-0.4405,-0.434,-0.4322,-0.4325,-0.433,-0.4326,-0.4311,-0.4288,-0.426,-0.4229,-0.4197,-0.4165,-0.4136,-0.4108,-0.6161,-0.6255,-0.6335,-0.64,-0.6453,-0.649,-0.6495,-0.6441,-0.6301,-0.6079,-0.581,-0.555,-0.5345,-0.5218,-0.517,-0.5186,-0.5227,-0.524,-0.5164,-0.4962,-0.4665,-0.4372,-0.4191,-0.415,-0.4192,-0.4253,-0.4297,-0.4314,-0.4308,-0.4287,-0.4258,-0.4225,-0.419,-0.4157,-0.4127,-0.4098,-0.6398,-0.6523,-0.6629,-0.6721,-0.681,-0.6902,-0.698,-0.6979,-0.6824,-0.65,-0.6084,-0.5689,-0.5395,-0.5233,-0.5204,-0.5282,-0.5415,-0.5511,-0.5444,-0.5109,-0.4538,-0.3978,-0.3722,-0.3792,-0.3989,-0.4162,-0.4265,-0.4308,-0.431,-0.4288,-0.4256,-0.4219,-0.4182,-0.4147,-0.4115,-0.4086,-0.6674,-0.6841,-0.698,-0.7097,-0.7224,-0.7407,-0.7643,-0.7805,-0.767,-0.7157,-0.646,-0.5832,-0.5401,-0.5193,-0.5194,-0.5375,-0.5678,-0.5969,-0.5991,-0.5441,-0.4257,-0.3041,-0.2723,-0.3186,-0.3732,-0.4084,-0.4257,-0.4319,-0.432,-0.4292,-0.4253,-0.4211,-0.4171,-0.4133,-0.41,-0.4071,-0.7,-0.7231,-0.7412,-0.7542,-0.7683,-0.7975,-0.8527,-0.9144,-0.916,-0.8225,-0.6949,-0.5933,-0.5316,-0.5054,-0.5098,-0.5426,-0.6012,-0.6726,-0.7117,-0.6355,-0.3927,-0.108,-0.0934,-0.2456,-0.3563,-0.4095,-0.4303,-0.4356,-0.434,-0.4297,-0.4247,-0.4199,-0.4154,-0.4115,-0.4082,-0.4052,-0.7382,-0.7723,-0.7985,-0.8108,-0.8169,-0.849,-0.9519,-1.1251,-1.1833,-0.9819,-0.7418,-0.5877,-0.507,-0.4762,-0.485,-0.5337,-0.6296,-0.7777,-0.9248,-0.8638,-0.4775,0.0244,0.005,-0.2459,-0.3789,-0.4287,-0.4424,-0.4418,-0.4364,-0.4297,-0.4234,-0.4179,-0.4132,-0.4092,-0.4059,-0.4031,-0.7806,-0.8343,-0.8803,-0.8944,-0.8733,-0.8754,-0.9964,-1.3099,-1.4765,-1.0918,-0.7327,-0.5471,-0.4596,-0.427,-0.4371,-0.4957,-0.6207,-0.8406,-1.1295,-1.1051,-0.7636,-0.4119,-0.3174,-0.4034,-0.4542,-0.465,-0.459,-0.4482,-0.4374,-0.4282,-0.4207,-0.4148,-0.41,-0.4063,-0.4032,-0.4007,-0.8202,-0.9024,-0.9926,-1.0305,-0.9546,-0.8734,-0.9079,-1.1048,-1.1988,-0.8921,-0.6111,-0.4635,-0.3895,-0.3562,-0.3582,-0.4136,-0.5458,-0.7573,-0.983,-1.0408,-1.0921,-0.9891,-0.7429,-0.607,-0.5418,-0.501,-0.4716,-0.4502,-0.4347,-0.4238,-0.4159,-0.4103,-0.406,-0.4027,-0.4001,-0.3979,-0.843,-0.9465,-1.0851,-1.1788,-1.0336,-0.8591,-0.768,-0.7383,-0.6738,-0.5389,-0.4295,-0.3583,-0.3077,-0.2689,-0.2384,-0.2699,-0.4235,-0.6312,-0.8361,-1.0965,-1.5787,-1.462,-0.9899,-0.7236,-0.5891,-0.5144,-0.4699,-0.4426,-0.4259,-0.4154,-0.4088,-0.4043,-0.401,-0.3986,-0.3966,-0.3949,-0.8393,-0.9374,-1.0494,-1.1076,-1.0126,-0.8363,-0.6704,-0.5166,-0.327,-0.2271,-0.2617,-0.2618,-0.229,-0.1838,-0.0781,-0.0255,-0.3065,-0.5721,-0.7785,-1.024,-1.3691,-1.3036,-0.9544,-0.7128,-0.5731,-0.4924,-0.4467,-0.4221,-0.4094,-0.4029,-0.3993,-0.3971,-0.3955,-0.3941,-0.3929,-0.3919,-0.8135,-0.9018,-1.0096,-1.1414,-1.0954,-0.8322,-0.6321,-0.4491,-0.0717,0.1092,-0.1488,-0.192,-0.1559,-0.1173,-0.0593,-0.0123,-0.3471,-0.6625,-0.8347,-0.9024,-0.9604,-0.9188,-0.7661,-0.613,-0.5014,-0.433,-0.3998,-0.3881,-0.3861,-0.3872,-0.3886,-0.3895,-0.3898,-0.3897,-0.3893,-0.3889,-0.7708,-0.8491,-0.96,-1.1032,-1.0477,-0.7855,-0.6536,-0.6108,-0.3212,-0.0834,-0.1678,-0.1484,-0.0821,0.0027,-0.0664,-0.2425,-0.5633,-1.0734,-1.2189,-0.9739,-0.8049,-0.6997,-0.5944,-0.4861,-0.3925,-0.338,-0.3295,-0.3434,-0.3593,-0.3711,-0.3785,-0.3828,-0.3848,-0.3857,-0.3859,-0.3859,-0.714,-0.7687,-0.8317,-0.8736,-0.8162,-0.6996,-0.6848,-0.79,-0.6458,-0.3492,-0.2004,-0.1042,-0.046,0.0548,-0.0287,-0.3049,-0.7084,-1.9599,-2.0157,-1.0979,-0.7218,-0.5574,-0.4582,-0.3655,-0.2636,-0.2095,-0.2432,-0.2975,-0.3359,-0.3589,-0.3716,-0.3782,-0.3811,-0.3823,-0.3828,-0.3831,-0.6512,-0.6807,-0.7039,-0.7038,-0.6668,-0.6245,-0.6371,-0.7007,-0.6066,-0.3534,-0.1826,-0.0558,-0.017,-0.0094,-0.1588,-0.3296,-0.5664,-1.2741,-1.431,-0.8714,-0.5387,-0.3925,-0.3327,-0.2754,-0.1698,-0.1034,-0.182,-0.2721,-0.3265,-0.3558,-0.3704,-0.3767,-0.3787,-0.3791,-0.3793,-0.3799,-0.5915,-0.6035,-0.607,-0.5961,-0.5711,-0.5461,-0.5354,-0.5169,-0.4217,-0.2683,-0.1561,-0.0906,-0.0125,0.1709,-0.1915,-0.3672,-0.98,-0.747,-0.6776,-0.4489,-0.2117,-0.1499,-0.1966,-0.2223,-0.1861,-0.1503,-0.2108,-0.2891,-0.3394,-0.3655,-0.3761,-0.3779,-0.3762,-0.3746,-0.3745,-0.3757,-0.5391,-0.5406,-0.535,-0.5203,-0.4976,-0.4707,-0.4393,-0.3896,-0.3039,-0.195,-0.1137,-0.0992,-0.0729,-0.0449,-0.1944,-0.4849,-0.8064,-0.5214,-0.3085,-0.085,0.2314,0.1638,-0.0597,-0.1808,-0.2297,-0.2531,-0.2952,-0.3432,-0.3749,-0.388,-0.3871,-0.3786,-0.3698,-0.3655,-0.3662,-0.3696,-0.4948,-0.4901,-0.4796,-0.4625,-0.4389,-0.4088,-0.3703,-0.3177,-0.2483,-0.1712,-0.1151,-0.0989,-0.0545,-0.0378,-0.1105,-0.2137,-0.2619,-0.1057,0.0752,0.1293,0.3146,0.2321,-0.0051,-0.1639,-0.2696,-0.3438,-0.3942,-0.4213,-0.4292,-0.4209,-0.3989,-0.371,-0.3507,-0.3456,-0.3515,-0.3606,-0.4577,-0.4492,-0.436,-0.4174,-0.3931,-0.3625,-0.3245,-0.2779,-0.2241,-0.1705,-0.1277,-0.0904,-0.0359,-0.0044,0.0822,0.1259,0.086,0.3191,0.612,0.3294,0.2064,0.1193,-0.0247,-0.1831,-0.3375,-0.4652,-0.5229,-0.5215,-0.4993,-0.4613,-0.4048,-0.3417,-0.3047,-0.3078,-0.3292,-0.3496,-0.4267,-0.4161,-0.4014,-0.3821,-0.3581,-0.3288,-0.294,-0.254,-0.2106,-0.1671,-0.1256,-0.0807,-0.0203,0.1032,0.4901,0.6581,0.3088,0.3914,0.5608,0.481,0.2958,0.1286,-0.0265,-0.209,-0.4243,-0.6156,-0.661,-0.6284,-0.5829,-0.5116,-0.4065,-0.2855,-0.2284,-0.2578,-0.3066,-0.3416,-0.401,-0.3891,-0.3737,-0.3546,-0.3315,-0.3043,-0.273,-0.2382,-0.2008,-0.1618,-0.1202,-0.0702,0.0049,0.1547,0.4524,0.5531,0.3393,0.3684,0.6294,0.7475,0.4066,0.1898,0.0221,-0.1942,-0.4642,-0.6706,-0.709,-0.7448,-0.6892,-0.5845,-0.4364,-0.2642,-0.1907,-0.2401,-0.304,-0.3445,-0.3796,-0.3671,-0.3517,-0.3331,-0.3113,-0.2862,-0.258,-0.227,-0.1936,-0.1575,-0.1172,-0.0677,0.0011,0.1035,0.2261,0.2769,0.2602,0.319,0.4813,0.5335,0.3847,0.2927,0.1824,-0.0832,-0.4459,-0.7898,-1.0868,-1.0148,-0.8289,-0.6907,-0.5328,-0.3634,-0.2789,-0.2952,-0.3347,-0.3626,-0.362,-0.3493,-0.3341,-0.3164,-0.2959,-0.2729,-0.2473,-0.2194,-0.189,-0.1559,-0.1186,-0.0745,-0.0201,0.0452,0.1093,0.152,0.1817,0.2333,0.3051,0.3478,0.3971,0.5725,0.5962,0.1733,-0.3648,-0.8945,-1.3422,-1.1596,-0.9358,-0.8256,-0.6704,-0.5125,-0.4148,-0.3842,-0.3846,-0.3904,-0.3474,-0.3348,-0.3201,-0.3033,-0.2843,-0.2631,-0.2399,-0.2145,-0.1871,-0.1571,-0.124,-0.0865,-0.0442,0.0014,0.0452,0.0826,0.1178,0.1602,0.2123,0.2839,0.4517,0.8231,0.9418,0.3847,-0.2293,-0.7063,-0.9846,-1.0017,-1.0454,-0.9767,-0.7887,-0.6229,-0.5145,-0.4572,-0.4306,-0.4181,-0.3354,-0.3231,-0.3091,-0.2933,-0.2756,-0.2562,-0.235,-0.2121,-0.1873,-0.1606,-0.1317,-0.1003,-0.0665,-0.0317,0.0022,0.0344,0.0667,0.1034,0.1509,0.2271,0.3747,0.5954,0.6245,0.2741,-0.1693,-0.5268,-0.7621,-0.9212,-1.0567,-0.9942,-0.8181,-0.667,-0.5637,-0.4995,-0.4614,-0.4386]},{"header":{"la1":42.85,"la2":41.18,"lo1":11.55,"lo2":14.05,"nx":36,"ny":24,"dx":0.07143,"dy":0.07261,"parameterCategory":2,"parameterNumber":3,"parameterNumberName":"northward_wind","parameterUnit":"m.s-1"},"data":[-0.6139,-0.6135,-0.6124,-0.6106,-0.6078,-0.604,-0.5993,-0.5936,-0.587,-0.579,-0.569,-0.5563,-0.5405,-0.5216,-0.5001,-0.4768,-0.4533,-0.4316,-0.4136,-0.4004,-0.3924,-0.3885,-0.3874,-0.3883,-0.3905,-0.3937,-0.3978,-0.4025,-0.4078,-0.4134,-0.4192,-0.4252,-0.4312,-0.4373,-0.4431,-0.4489,-0.6185,-0.6184,-0.6176,-0.616,-0.6133,-0.6093,-0.6042,-0.5984,-0.5922,-0.5852,-0.576,-0.5634,-0.5464,-0.5249,-0.4991,-0.4704,-0.4407,-0.4132,-0.3915,-0.3776,-0.3715,-0.3706,-0.3722,-0.3749,-0.3783,-0.3826,-0.3878,-0.3936,-0.4,-0.4067,-0.4136,-0.4206,-0.4276,-0.4345,-0.4412,-0.4476,-0.6226,-0.6229,-0.6225,-0.6212,-0.6182,-0.6134,-0.607,-0.6003,-0.5948,-0.5901,-0.5836,-0.5724,-0.5548,-0.5305,-0.4997,-0.4635,-0.4246,-0.3881,-0.3609,-0.3479,-0.3479,-0.354,-0.3595,-0.3632,-0.3668,-0.3717,-0.3777,-0.3847,-0.3922,-0.4001,-0.4082,-0.4163,-0.4243,-0.4322,-0.4397,-0.4469,-0.6259,-0.6265,-0.6266,-0.6257,-0.6225,-0.6158,-0.6056,-0.5952,-0.5901,-0.5909,-0.5909,-0.5837,-0.5668,-0.5399,-0.5033,-0.4573,-0.4042,-0.3517,-0.3147,-0.3064,-0.3239,-0.3466,-0.3562,-0.3562,-0.3569,-0.361,-0.3676,-0.3757,-0.3845,-0.3937,-0.4031,-0.4124,-0.4216,-0.4305,-0.439,-0.447,-0.6278,-0.6285,-0.6292,-0.6293,-0.6264,-0.6168,-0.5975,-0.5745,-0.5669,-0.5813,-0.5973,-0.5987,-0.584,-0.5554,-0.5132,-0.4553,-0.3807,-0.2973,-0.2356,-0.238,-0.3013,-0.3659,-0.3729,-0.355,-0.3476,-0.3501,-0.3574,-0.3667,-0.3769,-0.3876,-0.3984,-0.4091,-0.4196,-0.4297,-0.4393,-0.4482,-0.6276,-0.6278,-0.6289,-0.6307,-0.6304,-0.6195,-0.5841,-0.5247,-0.502,-0.5546,-0.6056,-0.6202,-0.6085,-0.5797,-0.5343,-0.4656,-0.3637,-0.2241,-0.0914,-0.104,-0.2538,-0.3876,-0.3861,-0.3464,-0.3342,-0.3374,-0.3465,-0.3576,-0.3695,-0.3818,-0.3942,-0.4066,-0.4186,-0.43,-0.4408,-0.4506,-0.6248,-0.6232,-0.6232,-0.6267,-0.6334,-0.631,-0.5873,-0.4725,-0.4118,-0.5378,-0.6321,-0.6542,-0.6423,-0.6155,-0.5733,-0.5018,-0.3803,-0.1855,0.0557,0.0409,-0.1606,-0.2826,-0.3159,-0.3095,-0.3122,-0.3223,-0.3348,-0.3482,-0.3621,-0.3764,-0.3908,-0.405,-0.4188,-0.4318,-0.4439,-0.4548,-0.6191,-0.614,-0.6113,-0.6135,-0.6288,-0.6526,-0.6442,-0.5669,-0.5259,-0.6342,-0.703,-0.7049,-0.6846,-0.6642,-0.6393,-0.5796,-0.4564,-0.2714,-0.0822,-0.0579,-0.0889,-0.1314,-0.2112,-0.2594,-0.2867,-0.3062,-0.3228,-0.3387,-0.3548,-0.3714,-0.3882,-0.4048,-0.4208,-0.4356,-0.4492,-0.4611,-0.6111,-0.601,-0.5991,-0.6048,-0.613,-0.6728,-0.7371,-0.7699,-0.8027,-0.838,-0.8178,-0.7663,-0.7279,-0.723,-0.7506,-0.7279,-0.5812,-0.4006,-0.2486,-0.1233,0.0495,0.0111,-0.1429,-0.226,-0.2671,-0.2916,-0.3105,-0.3285,-0.3473,-0.3669,-0.3868,-0.4064,-0.4251,-0.4422,-0.4573,-0.4703,-0.6021,-0.5799,-0.5622,-0.5572,-0.5554,-0.681,-0.8359,-0.9644,-1.0931,-1.1186,-0.9616,-0.8216,-0.7578,-0.7711,-0.9265,-1.0186,-0.7096,-0.4802,-0.3317,-0.189,-0.0335,-0.0474,-0.1551,-0.2216,-0.2564,-0.2779,-0.2964,-0.3165,-0.3389,-0.3627,-0.387,-0.4107,-0.4327,-0.4524,-0.4694,-0.4833,-0.5973,-0.5559,-0.469,-0.2897,-0.3447,-0.6833,-0.9523,-1.1313,-1.3761,-1.5024,-1.0803,-0.8436,-0.7656,-0.7708,-0.9015,-1.0215,-0.6753,-0.4779,-0.3739,-0.2814,-0.2011,-0.1798,-0.2041,-0.2298,-0.246,-0.2589,-0.2762,-0.3003,-0.3289,-0.3594,-0.3898,-0.4188,-0.4452,-0.4681,-0.4868,-0.5014,-0.6059,-0.5629,-0.4698,-0.3154,-0.3927,-0.7843,-1.1206,-1.3025,-1.3279,-1.3244,-1.0149,-0.8152,-0.7663,-0.8171,-0.7498,-0.6175,-0.4816,-0.4311,-0.4022,-0.3278,-0.265,-0.2331,-0.2256,-0.2253,-0.2221,-0.2237,-0.2434,-0.2779,-0.3177,-0.358,-0.3969,-0.4331,-0.465,-0.4915,-0.5119,-0.5263,-0.6285,-0.6065,-0.5722,-0.5567,-0.6691,-0.9373,-1.2499,-1.489,-1.3589,-1.1061,-0.8925,-0.7719,-0.7417,-0.8488,-0.7182,-0.3506,-0.264,-0.4784,-0.4917,-0.3295,-0.2547,-0.221,-0.21,-0.2011,-0.1769,-0.1618,-0.1951,-0.2517,-0.3083,-0.3615,-0.4115,-0.4571,-0.496,-0.5264,-0.5476,-0.5605,-0.6553,-0.6558,-0.6644,-0.7037,-0.8071,-0.9806,-1.1899,-1.3604,-1.2689,-0.997,-0.8188,-0.7617,-0.7436,-0.6073,-0.3549,0.1242,0.1008,-0.214,-0.333,-0.2456,-0.1764,-0.1503,-0.1624,-0.1702,-0.1352,-0.1014,-0.1561,-0.2357,-0.3075,-0.3743,-0.438,-0.4962,-0.5443,-0.5786,-0.5988,-0.607,-0.6766,-0.6898,-0.7142,-0.7601,-0.836,-0.938,-1.0419,-1.0933,-1.0198,-0.8743,-0.7768,-0.7233,-0.6226,-0.4938,-0.2045,0.2814,0.8642,0.1812,-0.1077,-0.1037,0.0143,0.0196,-0.0772,-0.1431,-0.1446,-0.1292,-0.1726,-0.244,-0.3199,-0.4001,-0.4825,-0.5594,-0.6201,-0.6574,-0.6718,-0.6694,-0.6888,-0.7061,-0.7318,-0.7693,-0.8188,-0.8731,-0.9149,-0.9183,-0.8692,-0.8024,-0.7848,-0.7804,-0.704,-0.5435,-0.2879,0.1768,0.5973,0.1336,-0.1013,0.0227,0.4445,0.3426,0.0273,-0.1181,-0.1616,-0.1743,-0.2028,-0.2582,-0.3383,-0.439,-0.5524,-0.6613,-0.7412,-0.7773,-0.7751,-0.7509,-0.6927,-0.7093,-0.731,-0.7579,-0.788,-0.8154,-0.8304,-0.8236,-0.7964,-0.7706,-0.7745,-0.7619,-0.8074,-0.8052,-0.4767,-0.2232,-0.1109,-0.2401,-0.3377,-0.0813,0.4987,0.3727,0.0233,-0.1214,-0.1573,-0.158,-0.1765,-0.2401,-0.3463,-0.4878,-0.6577,-0.8264,-0.9372,-0.9584,-0.9158,-0.8512,-0.6906,-0.7046,-0.721,-0.7392,-0.7569,-0.7703,-0.7749,-0.768,-0.7529,-0.7394,-0.7337,-0.7389,-0.8227,-0.8235,-0.6112,-0.5045,-0.4352,-0.5888,-0.8135,-0.4401,-0.1003,-0.0288,-0.1147,-0.1591,-0.1262,-0.0493,-0.0432,-0.1615,-0.333,-0.5407,-0.8038,-1.0848,-1.2444,-1.2135,-1.0876,-0.9591,-0.6846,-0.6956,-0.7074,-0.7192,-0.7293,-0.7356,-0.7359,-0.7299,-0.7196,-0.7089,-0.7011,-0.7,-0.7076,-0.6907,-0.7174,-0.7485,-0.5823,-0.6284,-0.7238,-0.5537,-0.3894,-0.2854,-0.252,-0.207,-0.0737,0.177,0.2303,-0.0492,-0.3153,-0.5859,-0.9571,-1.4066,-1.6282,-1.4879,-1.2436,-1.0457,-0.6765,-0.6847,-0.6929,-0.7003,-0.7057,-0.7081,-0.7064,-0.7007,-0.692,-0.6822,-0.6727,-0.6644,-0.657,-0.656,-0.7009,-0.7129,-0.6044,-0.5752,-0.5888,-0.5926,-0.4952,-0.4168,-0.3639,-0.2794,-0.1056,0.2061,0.2761,-0.0874,-0.3415,-0.6034,-1.0014,-1.5346,-1.7881,-1.5873,-1.2939,-1.0733,-0.6675,-0.6734,-0.6788,-0.6831,-0.6857,-0.6857,-0.6829,-0.6771,-0.6691,-0.6596,-0.6493,-0.6389,-0.6295,-0.6253,-0.6291,-0.6166,-0.5782,-0.5569,-0.562,-0.5603,-0.532,-0.5251,-0.4998,-0.4019,-0.2618,-0.1707,-0.2613,-0.3075,-0.4103,-0.5902,-0.8805,-1.2743,-1.4937,-1.3995,-1.2003,-1.0288,-0.6582,-0.6623,-0.6656,-0.6679,-0.6685,-0.6672,-0.6636,-0.6578,-0.6501,-0.6409,-0.6307,-0.62,-0.6097,-0.6008,-0.592,-0.578,-0.5593,-0.5469,-0.5459,-0.5541,-0.5936,-0.6957,-0.7196,-0.5624,-0.4048,-0.3519,-0.393,-0.4006,-0.4863,-0.579,-0.7294,-0.9496,-1.1077,-1.1176,-1.0376,-0.9403,-0.6492,-0.6518,-0.6536,-0.6544,-0.6538,-0.6516,-0.6475,-0.6417,-0.6343,-0.6256,-0.6158,-0.6055,-0.5949,-0.5845,-0.5736,-0.5616,-0.5501,-0.5435,-0.5472,-0.572,-0.652,-0.8206,-0.8725,-0.669,-0.4934,-0.4206,-0.4202,-0.4848,-0.5826,-0.5906,-0.6446,-0.7602,-0.8637,-0.9046,-0.889,-0.8461,-0.6406,-0.6421,-0.6428,-0.6425,-0.6411,-0.6383,-0.634,-0.6283,-0.6213,-0.6131,-0.6039,-0.5942,-0.5841,-0.5739,-0.5636,-0.5539,-0.546,-0.5431,-0.5502,-0.577,-0.6406,-0.736,-0.7552,-0.6438,-0.529,-0.4733,-0.4762,-0.5342,-0.5953,-0.593,-0.613,-0.673,-0.7362,-0.7741,-0.7815,-0.7672]}]