docs/data/wind_grid.json
{"header": {"la1":42.1,"la2":41.55,"lo1":12.1,"lo2":12.95,"nx":50,"ny":50,"dx":0.01735,"dy":0.01122,"parameterCategory":2,"parameterNumber":2,"parameterNumberName":"eastward_wind","parameterUnit":"m.s-1"}, "data":
[rows 0 to 39 of 50, columns 0 to 49 of 50]
-1.2004,-1.2001,-1.1999,-1.1998,-1.1997,-1.1997,-1.1998,-1.2,-1.2002,-1.2004,-1.2007,-1.201,-1.2014,-1.2019,-1.2027,-1.2037,-1.2052,-1.2074,-1.2105,-1.2147,-1.2202,-1.2273,-1.2363,-1.2471,-1.2599,-1.2748,-1.2915,-1.3101,-1.3302,-1.3518,-1.3745,-1.3979,-1.4218,-1.4455,-1.4688,-1.4908,-1.5111,-1.5291,-1.5441,-1.556,-1.5645,-1.5697,-1.5719,-1.5715,-1.5689,-1.5647,-1.5593,-1.5531,-1.5463,-1.5392
-1.1981,-1.1978,-1.1975,-1.1973,-1.1971,-1.1971,-1.1971,-1.1972,-1.1973,-1.1974,-1.1975,-1.1976,-1.1977,-1.1979,-1.1983,-1.1989,-1.2,-1.2017,-1.2043,-1.208,-1.2133,-1.2203,-1.2292,-1.2403,-1.2536,-1.2691,-1.2868,-1.3064,-1.3278,-1.3507,-1.3748,-1.3998,-1.4253,-1.4508,-1.4757,-1.4994,-1.5212,-1.5404,-1.5564,-1.5688,-1.5773,-1.5823,-1.5839,-1.5827,-1.5792,-1.574,-1.5676,-1.5604,-1.5528,-1.5449
-1.1958,-1.1954,-1.195,-1.1947,-1.1946,-1.1944,-1.1944,-1.1943,-1.1943,-1.1943,-1.1942,-1.1941,-1.194,-1.1939,-1.1938,-1.194,-1.1945,-1.1956,-1.1977,-1.2009,-1.2058,-1.2126,-1.2216,-1.2329,-1.2467,-1.2629,-1.2815,-1.3022,-1.3249,-1.3492,-1.3749,-1.4015,-1.4287,-1.456,-1.4828,-1.5083,-1.5317,-1.5523,-1.5692,-1.5821,-1.5908,-1.5954,-1.5963,-1.5941,-1.5895,-1.5833,-1.5758,-1.5676,-1.5591,-1.5505
-1.1935,-1.193,-1.1925,-1.1922,-1.1919,-1.1918,-1.1916,-1.1915,-1.1914,-1.1913,-1.191,-1.1907,-1.1903,-1.1898,-1.1893,-1.1889,-1.1888,-1.1893,-1.1906,-1.1933,-1.1977,-1.2042,-1.2132,-1.2247,-1.2391,-1.2561,-1.2757,-1.2976,-1.3217,-1.3475,-1.3748,-1.4031,-1.4321,-1.4612,-1.4899,-1.5173,-1.5425,-1.5645,-1.5826,-1.5961,-1.6047,-1.6088,-1.6089,-1.6057,-1.5999,-1.5925,-1.5839,-1.5746,-1.5652,-1.5558
-1.1911,-1.1905,-1.19,-1.1896,-1.1893,-1.1891,-1.1889,-1.1887,-1.1885,-1.1883,-1.1879,-1.1874,-1.1866,-1.1858,-1.1848,-1.1837,-1.1829,-1.1826,-1.1832,-1.1852,-1.189,-1.1951,-1.204,-1.2158,-1.2307,-1.2486,-1.2693,-1.2926,-1.3181,-1.3455,-1.3744,-1.4045,-1.4353,-1.4663,-1.497,-1.5263,-1.5534,-1.5771,-1.5963,-1.6104,-1.619,-1.6226,-1.6217,-1.6172,-1.6102,-1.6014,-1.5917,-1.5814,-1.571,-1.5608
-1.1887,-1.188,-1.1874,-1.187,-1.1866,-1.1863,-1.1861,-1.1859,-1.1856,-1.1853,-1.1848,-1.184,-1.1831,-1.1818,-1.1802,-1.1785,-1.1769,-1.1757,-1.1754,-1.1764,-1.1795,-1.1851,-1.1939,-1.2059,-1.2215,-1.2403,-1.2623,-1.287,-1.3141,-1.3431,-1.3738,-1.4056,-1.4382,-1.4712,-1.5039,-1.5353,-1.5644,-1.5897,-1.6102,-1.6249,-1.6335,-1.6364,-1.6344,-1.6286,-1.6202,-1.6101,-1.5991,-1.5877,-1.5764,-1.5653
-1.1862,-1.1855,-1.1848,-1.1843,-1.1839,-1.1836,-1.1833,-1.1831,-1.1828,-1.1824,-1.1817,-1.1808,-1.1796,-1.1779,-1.1758,-1.1733,-1.1708,-1.1685,-1.167,-1.167,-1.1691,-1.1742,-1.1827,-1.1951,-1.2114,-1.2314,-1.2547,-1.281,-1.3098,-1.3405,-1.3729,-1.4065,-1.4409,-1.4757,-1.5104,-1.5439,-1.575,-1.6022,-1.624,-1.6394,-1.6479,-1.65,-1.6468,-1.6396,-1.6297,-1.6182,-1.6059,-1.5935,-1.5813,-1.5695
-1.1837,-1.1829,-1.1822,-1.1816,-1.1811,-1.1808,-1.1805,-1.1802,-1.1799,-1.1795,-1.1788,-1.1777,-1.1762,-1.1741,-1.1714,-1.1682,-1.1646,-1.1611,-1.1582,-1.1569,-1.1579,-1.1622,-1.1705,-1.1832,-1.2004,-1.2216,-1.2466,-1.2746,-1.3052,-1.3377,-1.3718,-1.4071,-1.4432,-1.4798,-1.5163,-1.5519,-1.5851,-1.6142,-1.6374,-1.6534,-1.6617,-1.663,-1.6586,-1.6499,-1.6385,-1.6256,-1.6121,-1.5986,-1.5856,-1.5731
-1.1811,-1.1802,-1.1794,-1.1788,-1.1783,-1.1779,-1.1777,-1.1774,-1.1771,-1.1767,-1.1759,-1.1748,-1.173,-1.1705,-1.1672,-1.1631,-1.1584,-1.1535,-1.149,-1.146,-1.1455,-1.1489,-1.157,-1.1701,-1.1883,-1.2111,-1.2379,-1.2678,-1.3004,-1.3348,-1.3706,-1.4075,-1.4451,-1.4833,-1.5215,-1.5589,-1.5941,-1.6251,-1.6498,-1.6665,-1.6747,-1.6751,-1.6693,-1.6591,-1.6462,-1.632,-1.6174,-1.603,-1.5891,-1.5761
-1.1785,-1.1775,-1.1767,-1.176,-1.1754,-1.175,-1.1748,-1.1746,-1.1743,-1.1739,-1.1732,-1.172,-1.17,-1.1672,-1.1633,-1.1583,-1.1523,-1.1457,-1.1393,-1.1342,-1.132,-1.1342,-1.1419,-1.1557,-1.1752,-1.1999,-1.2287,-1.2609,-1.2955,-1.3318,-1.3694,-1.4077,-1.4466,-1.486,-1.5256,-1.5646,-1.6017,-1.6345,-1.6607,-1.6781,-1.6862,-1.6857,-1.6786,-1.6669,-1.6527,-1.6372,-1.6216,-1.6064,-1.592,-1.5784
-1.1759,-1.1747,-1.1738,-1.173,-1.1725,-1.1721,-1.1718,-1.1717,-1.1715,-1.1712,-1.1706,-1.1694,-1.1673,-1.1642,-1.1598,-1.1538,-1.1464,-1.1379,-1.1292,-1.1216,-1.1172,-1.1179,-1.1252,-1.1397,-1.161,-1.1879,-1.2193,-1.2539,-1.2907,-1.3291,-1.3683,-1.4079,-1.4478,-1.488,-1.5285,-1.5687,-1.6073,-1.6418,-1.6693,-1.6875,-1.6954,-1.6942,-1.6859,-1.673,-1.6575,-1.6411,-1.6247,-1.6089,-1.5939,-1.5799
-1.1731,-1.1719,-1.1708,-1.17,-1.1694,-1.169,-1.1688,-1.1687,-1.1687,-1.1685,-1.168,-1.167,-1.165,-1.1617,-1.1567,-1.1498,-1.1409,-1.1303,-1.1188,-1.1081,-1.1008,-1.0996,-1.1065,-1.1222,-1.1457,-1.1755,-1.2097,-1.247,-1.2863,-1.3267,-1.3675,-1.4082,-1.4488,-1.4893,-1.5301,-1.5709,-1.6104,-1.6463,-1.6751,-1.6939,-1.7019,-1.7,-1.6908,-1.6769,-1.6605,-1.6434,-1.6264,-1.6102,-1.5949,-1.5807
-1.1703,-1.1689,-1.1678,-1.1669,-1.1662,-1.1658,-1.1656,-1.1657,-1.1658,-1.1659,-1.1656,-1.1648,-1.1629,-1.1596,-1.1542,-1.1465,-1.1361,-1.123,-1.1082,-1.0937,-1.0827,-1.079,-1.0856,-1.1029,-1.1295,-1.1627,-1.2003,-1.2407,-1.2826,-1.325,-1.3673,-1.4089,-1.4497,-1.49,-1.5304,-1.571,-1.6108,-1.6474,-1.6771,-1.6966,-1.7047,-1.7025,-1.6927,-1.6783,-1.6615,-1.644,-1.6267,-1.6103,-1.5949,-1.5807
-1.1674,-1.1659,-1.1646,-1.1636,-1.1629,-1.1625,-1.1624,-1.1625,-1.1629,-1.1632,-1.1633,-1.1628,-1.1612,-1.158,-1.1525,-1.1441,-1.1321,-1.1165,-1.0979,-1.0786,-1.0627,-1.0558,-1.062,-1.082,-1.1126,-1.1501,-1.1916,-1.2352,-1.2798,-1.3244,-1.3681,-1.4104,-1.451,-1.4905,-1.5296,-1.5691,-1.6083,-1.6449,-1.6751,-1.6951,-1.7035,-1.7014,-1.6915,-1.677,-1.6602,-1.6427,-1.6256,-1.6093,-1.594,-1.5798
-1.1645,-1.1628,-1.1613,-1.1602,-1.1594,-1.1589,-1.1589,-1.1592,-1.1598,-1.1605,-1.161,-1.161,-1.1599,-1.157,-1.1516,-1.1427,-1.1295,-1.1113,-1.0884,-1.063,-1.0407,-1.0294,-1.0356,-1.0595,-1.0957,-1.1384,-1.1841,-1.231,-1.2783,-1.325,-1.3701,-1.4129,-1.453,-1.4911,-1.5282,-1.5655,-1.603,-1.6387,-1.6687,-1.689,-1.6979,-1.6963,-1.687,-1.6729,-1.6566,-1.6397,-1.6229,-1.607,-1.5921,-1.5782
-1.1614,-1.1595,-1.1579,-1.1566,-1.1557,-1.1552,-1.1552,-1.1556,-1.1565,-1.1576,-1.1587,-1.1593,-1.1589,-1.1567,-1.1516,-1.1427,-1.1286,-1.108,-1.0805,-1.048,-1.017,-0.9997,-1.0063,-1.0361,-1.0797,-1.1285,-1.1786,-1.2287,-1.2786,-1.3273,-1.3738,-1.4169,-1.4563,-1.4924,-1.5268,-1.561,-1.5956,-1.6293,-1.6583,-1.6786,-1.6881,-1.6874,-1.6792,-1.6662,-1.651,-1.6349,-1.6189,-1.6036,-1.5892,-1.5758
-1.1583,-1.1562,-1.1543,-1.1528,-1.1517,-1.1512,-1.1511,-1.1517,-1.1529,-1.1545,-1.1563,-1.1577,-1.1582,-1.1569,-1.1527,-1.1442,-1.1298,-1.1075,-1.0758,-1.035,-0.9927,-0.9668,-0.9746,-1.0134,-1.0666,-1.1219,-1.1759,-1.2288,-1.281,-1.3317,-1.3795,-1.4229,-1.4614,-1.4952,-1.5261,-1.5563,-1.5871,-1.6176,-1.6448,-1.6646,-1.6747,-1.6753,-1.6686,-1.6572,-1.6434,-1.6285,-1.6136,-1.5992,-1.5855,-1.5726
-1.1551,-1.1527,-1.1506,-1.1489,-1.1476,-1.1468,-1.1468,-1.1475,-1.149,-1.1511,-1.1536,-1.1561,-1.1578,-1.1578,-1.1548,-1.1474,-1.1337,-1.1109,-1.076,-1.0272,-0.9707,-0.9325,-0.9428,-0.9948,-1.0591,-1.1202,-1.1771,-1.2318,-1.2857,-1.3382,-1.3874,-1.4313,-1.4688,-1.5001,-1.5272,-1.5526,-1.5786,-1.605,-1.6295,-1.6483,-1.6587,-1.6606,-1.6558,-1.6463,-1.6342,-1.6209,-1.6073,-1.5939,-1.581,-1.5688
-1.1518,-1.1491,-1.1467,-1.1447,-1.1431,-1.1421,-1.142,-1.1428,-1.1445,-1.1472,-1.1506,-1.1542,-1.1574,-1.159,-1.1579,-1.1523,-1.1403,-1.1189,-1.0837,-1.0293,-0.9579,-0.9032,-0.9178,-0.9868,-1.0612,-1.1254,-1.1827,-1.2379,-1.2929,-1.347,-1.3977,-1.4423,-1.4789,-1.5077,-1.5307,-1.551,-1.5714,-1.593,-1.614,-1.631,-1.6414,-1.6446,-1.6416,-1.6341,-1.6239,-1.6123,-1.6,-1.5878,-1.5759,-1.5645
-1.1484,-1.1454,-1.1426,-1.1402,-1.1383,-1.1371,-1.1367,-1.1374,-1.1394,-1.1427,-1.147,-1.152,-1.1569,-1.1605,-1.1616,-1.1587,-1.1497,-1.132,-1.1007,-1.0478,-0.9677,-0.896,-0.9158,-0.9997,-1.0772,-1.1387,-1.1932,-1.247,-1.3024,-1.358,-1.4104,-1.4559,-1.492,-1.5183,-1.5371,-1.5521,-1.5667,-1.5828,-1.5996,-1.6143,-1.6242,-1.6282,-1.6268,-1.6213,-1.6129,-1.603,-1.5922,-1.5812,-1.5703,-1.5597
-1.145,-1.1416,-1.1384,-1.1356,-1.1332,-1.1315,-1.1309,-1.1314,-1.1335,-1.1373,-1.1427,-1.1492,-1.1561,-1.1621,-1.1659,-1.1661,-1.1613,-1.1496,-1.1275,-1.0876,-1.0193,-0.9467,-0.9665,-1.0448,-1.1093,-1.1601,-1.208,-1.2588,-1.3139,-1.3708,-1.4252,-1.472,-1.5078,-1.5319,-1.5467,-1.5563,-1.565,-1.5754,-1.5876,-1.5993,-1.6081,-1.6124,-1.6122,-1.6083,-1.6017,-1.5933,-1.5839,-1.5741,-1.5642,-1.5545
-1.1415,-1.1377,-1.1341,-1.1307,-1.1277,-1.1255,-1.1244,-1.1246,-1.1267,-1.131,-1.1374,-1.1456,-1.1547,-1.1634,-1.1703,-1.1741,-1.1741,-1.1699,-1.1611,-1.146,-1.1199,-1.0871,-1.0907,-1.1227,-1.1545,-1.1873,-1.2259,-1.2726,-1.3267,-1.3849,-1.4413,-1.4898,-1.5257,-1.5479,-1.5589,-1.5633,-1.5662,-1.5711,-1.5784,-1.5868,-1.5939,-1.5979,-1.5984,-1.5957,-1.5905,-1.5836,-1.5755,-1.5669,-1.558,-1.5491
-1.1381,-1.1338,-1.1296,-1.1256,-1.1219,-1.119,-1.1172,-1.1169,-1.1188,-1.1233,-1.1308,-1.1409,-1.1527,-1.1645,-1.1746,-1.182,-1.1868,-1.1904,-1.196,-1.2093,-1.2375,-1.2667,-1.2454,-1.2118,-1.2037,-1.2165,-1.2451,-1.2872,-1.3402,-1.3994,-1.4579,-1.5081,-1.5443,-1.5649,-1.5725,-1.5722,-1.5698,-1.5693,-1.572,-1.5769,-1.5818,-1.5851,-1.5858,-1.5839,-1.5798,-1.574,-1.5671,-1.5595,-1.5515,-1.5434
-1.1346,-1.1298,-1.125,-1.1203,-1.1159,-1.112,-1.1093,-1.1082,-1.1095,-1.1141,-1.1225,-1.1348,-1.1496,-1.165,-1.1787,-1.1896,-1.1984,-1.2084,-1.2257,-1.2604,-1.3224,-1.3808,-1.3499,-1.2816,-1.2464,-1.2435,-1.2637,-1.3016,-1.3533,-1.4132,-1.4735,-1.5254,-1.562,-1.5813,-1.5859,-1.5815,-1.5745,-1.5694,-1.5678,-1.5693,-1.5719,-1.5739,-1.5744,-1.5729,-1.5696,-1.5648,-1.5588,-1.5521,-1.545,-1.5377
-1.1312,-1.1259,-1.1204,-1.1149,-1.1095,-1.1046,-1.1007,-1.0983,-1.0987,-1.103,-1.1122,-1.1268,-1.1454,-1.1652,-1.1828,-1.1967,-1.2084,-1.2224,-1.2464,-1.2905,-1.358,-1.4116,-1.3855,-1.3194,-1.2765,-1.2657,-1.2803,-1.315,-1.3653,-1.4254,-1.4868,-1.5397,-1.5767,-1.5949,-1.5972,-1.5897,-1.5791,-1.5702,-1.565,-1.5634,-1.5637,-1.5644,-1.5643,-1.5629,-1.5601,-1.5559,-1.5508,-1.5449,-1.5385,-1.5319
-1.1279,-1.122,-1.1158,-1.1094,-1.103,-1.0968,-1.0914,-1.0874,-1.0863,-1.0896,-1.0993,-1.1164,-1.1398,-1.1652,-1.1874,-1.204,-1.2167,-1.2317,-1.2575,-1.3011,-1.3591,-1.3986,-1.3811,-1.3314,-1.2939,-1.282,-1.2941,-1.3266,-1.3755,-1.435,-1.4963,-1.5495,-1.5863,-1.6038,-1.6047,-1.5953,-1.5823,-1.5708,-1.5628,-1.5585,-1.5568,-1.5561,-1.5553,-1.5538,-1.5512,-1.5476,-1.543,-1.5378,-1.5321,-1.5262
-1.1248,-1.1183,-1.1113,-1.1041,-1.0965,-1.0888,-1.0816,-1.0755,-1.0721,-1.0736,-1.0831,-1.1029,-1.1324,-1.1654,-1.1936,-1.2123,-1.2243,-1.2375,-1.2608,-1.2988,-1.344,-1.3719,-1.3621,-1.3294,-1.3019,-1.2931,-1.305,-1.3361,-1.3834,-1.4412,-1.5013,-1.5536,-1.5898,-1.6068,-1.6072,-1.5972,-1.5832,-1.5701,-1.5603,-1.5542,-1.5507,-1.5488,-1.5473,-1.5455,-1.543,-1.5397,-1.5356,-1.531,-1.5259,-1.5204
-1.1218,-1.1147,-1.1071,-1.0989,-1.0901,-1.0808,-1.0715,-1.0628,-1.0564,-1.0549,-1.0629,-1.085,-1.1223,-1.1663,-1.2025,-1.2232,-1.2325,-1.2413,-1.2595,-1.2898,-1.324,-1.3446,-1.3408,-1.3215,-1.3042,-1.3002,-1.3133,-1.3435,-1.3887,-1.444,-1.5015,-1.5518,-1.5869,-1.6038,-1.6046,-1.5951,-1.5813,-1.5679,-1.5571,-1.5497,-1.5451,-1.5421,-1.5399,-1.5378,-1.5353,-1.5322,-1.5285,-1.5243,-1.5197,-1.5148
-1.1191,-1.1115,-1.1031,-1.094,-1.084,-1.0731,-1.0615,-1.0498,-1.0395,-1.0336,-1.0381,-1.0614,-1.1083,-1.1677,-1.2152,-1.2375,-1.2422,-1.2446,-1.2563,-1.2791,-1.3048,-1.3212,-1.3219,-1.3124,-1.3037,-1.3045,-1.3192,-1.3487,-1.3915,-1.4435,-1.4974,-1.5448,-1.5784,-1.5952,-1.5971,-1.5891,-1.5765,-1.5637,-1.5529,-1.5449,-1.5394,-1.5358,-1.533,-1.5306,-1.528,-1.5251,-1.5217,-1.5179,-1.5137,-1.5092
-1.1167,-1.1086,-1.0996,-1.0896,-1.0784,-1.0659,-1.0521,-1.0372,-1.0224,-1.0106,-1.009,-1.0306,-1.0881,-1.1688,-1.2313,-1.2545,-1.2529,-1.2481,-1.2531,-1.2691,-1.2887,-1.3026,-1.3066,-1.304,-1.3019,-1.307,-1.3232,-1.3519,-1.3921,-1.4402,-1.4899,-1.5338,-1.5655,-1.5824,-1.5858,-1.5798,-1.5692,-1.5576,-1.5474,-1.5394,-1.5337,-1.5295,-1.5264,-1.5238,-1.5212,-1.5183,-1.5152,-1.5117,-1.5079,-1.5038
-1.1146,-1.1061,-1.0966,-1.0858,-1.0736,-1.0596,-1.0437,-1.0257,-1.0063,-0.9878,-0.9776,-0.9934,-1.0595,-1.1664,-1.2471,-1.2703,-1.262,-1.251,-1.2504,-1.261,-1.276,-1.2883,-1.2946,-1.2968,-1.2997,-1.3082,-1.3256,-1.3534,-1.3908,-1.4347,-1.48,-1.5201,-1.5499,-1.5668,-1.5718,-1.5681,-1.5598,-1.55,-1.5408,-1.5333,-1.5276,-1.5233,-1.52,-1.5172,-1.5146,-1.5118,-1.5089,-1.5057,-1.5022,-1.4984
-1.113,-1.1041,-1.0941,-1.0828,-1.0697,-1.0546,-1.037,-1.0164,-0.993,-0.9682,-0.9488,-0.955,-1.0242,-1.1553,-1.254,-1.2779,-1.2659,-1.2515,-1.2476,-1.2544,-1.2662,-1.2774,-1.2853,-1.2909,-1.2974,-1.3084,-1.3266,-1.3534,-1.388,-1.4279,-1.4686,-1.5051,-1.5328,-1.5496,-1.5561,-1.5548,-1.5488,-1.541,-1.5332,-1.5265,-1.5211,-1.5169,-1.5136,-1.5108,-1.5082,-1.5055,-1.5028,-1.4998,-1.4966,-1.4932
-1.1118,-1.1027,-1.0924,-1.0806,-1.067,-1.0511,-1.0324,-1.0102,-0.9841,-0.9552,-0.9292,-0.9269,-0.9926,-1.1335,-1.243,-1.2714,-1.2618,-1.2486,-1.2441,-1.2488,-1.2587,-1.2692,-1.2781,-1.2861,-1.2951,-1.3079,-1.3266,-1.3522,-1.3841,-1.4201,-1.4567,-1.4897,-1.5154,-1.532,-1.5398,-1.5406,-1.5369,-1.5311,-1.5248,-1.5191,-1.5142,-1.5103,-1.5071,-1.5044,-1.5019,-1.4994,-1.4968,-1.4941,-1.4912,-1.488
-1.1111,-1.1019,-1.0914,-1.0794,-1.0656,-1.0494,-1.0302,-1.0075,-0.9808,-0.951,-0.9239,-0.9194,-0.9786,-1.1086,-1.2158,-1.2518,-1.2502,-1.242,-1.2393,-1.2437,-1.2526,-1.2627,-1.2725,-1.2821,-1.2929,-1.3069,-1.3257,-1.3501,-1.3794,-1.412,-1.4448,-1.4746,-1.4984,-1.5146,-1.5234,-1.5261,-1.5245,-1.5206,-1.5159,-1.5112,-1.5071,-1.5036,-1.5007,-1.4981,-1.4957,-1.4934,-1.491,-1.4885,-1.4858,-1.483
-1.1108,-1.1016,-1.0911,-1.0792,-1.0654,-1.0494,-1.0306,-1.0085,-0.9832,-0.9558,-0.9328,-0.9321,-0.9846,-1.0912,-1.1849,-1.2262,-1.2343,-1.233,-1.2336,-1.2388,-1.2474,-1.2576,-1.2679,-1.2787,-1.2907,-1.3055,-1.3242,-1.3473,-1.3743,-1.4037,-1.4333,-1.4602,-1.4822,-1.498,-1.5075,-1.5117,-1.5119,-1.5098,-1.5066,-1.503,-1.4997,-1.4967,-1.4941,-1.4918,-1.4897,-1.4875,-1.4854,-1.4831,-1.4806,-1.478
-1.1111,-1.1019,-1.0916,-1.0799,-1.0665,-1.0511,-1.0333,-1.0129,-0.9903,-0.9676,-0.9513,-0.9562,-1.0017,-1.0839,-1.1601,-1.2022,-1.2179,-1.2231,-1.2274,-1.234,-1.243,-1.2533,-1.2642,-1.2757,-1.2886,-1.3038,-1.3222,-1.344,-1.3689,-1.3956,-1.4223,-1.4467,-1.4672,-1.4825,-1.4924,-1.4978,-1.4995,-1.499,-1.4971,-1.4946,-1.4921,-1.4897,-1.4876,-1.4856,-1.4836,-1.4817,-1.4798,-1.4777,-1.4755,-1.4732
-1.1118,-1.1028,-1.0928,-1.0816,-1.0688,-1.0543,-1.038,-1.0199,-1.001,-0.9836,-0.974,-0.9831,-1.0216,-1.0838,-1.1441,-1.1834,-1.2034,-1.2136,-1.2212,-1.2294,-1.2391,-1.2497,-1.261,-1.2731,-1.2865,-1.3019,-1.3198,-1.3405,-1.3635,-1.3878,-1.412,-1.4343,-1.4533,-1.468,-1.4782,-1.4845,-1.4875,-1.4883,-1.4876,-1.4862,-1.4845,-1.4827,-1.481,-1.4793,-1.4777,-1.476,-1.4743,-1.4725,-1.4705,-1.4684
-1.1129,-1.1043,-1.0947,-1.084,-1.0721,-1.0588,-1.0443,-1.0288,-1.0136,-1.0013,-0.9971,-1.0083,-1.0402,-1.0878,-1.1352,-1.1703,-1.1919,-1.2054,-1.2155,-1.2253,-1.2356,-1.2467,-1.2584,-1.2708,-1.2845,-1.2998,-1.3172,-1.3368,-1.3581,-1.3804,-1.4024,-1.4228,-1.4405,-1.4546,-1.465,-1.4719,-1.476,-1.4778,-1.4782,-1.4778,-1.4768,-1.4756,-1.4744,-1.4731,-1.4718,-1.4704,-1.4689,-1.4673,-1.4656,-1.4637
-1.1145,-1.1062,-1.0971,-1.0872,-1.0762,-1.0643,-1.0516,-1.0388,-1.0271,-1.019,-1.0185,-1.0302,-1.0566,-1.0936,-1.1314,-1.162,-1.1836,-1.1988,-1.2107,-1.2217,-1.2327,-1.2441,-1.2561,-1.2688,-1.2825,-1.2977,-1.3145,-1.333,-1.3528,-1.3734,-1.3935,-1.4124,-1.4289,-1.4424,-1.4528,-1.4602,-1.465,-1.4678,-1.4691,-1.4694,-1.4692,-1.4686,-1.4679,-1.467,-1.4659,-1.4648,-1.4636,-1.4622,-1.4607,-1.459
-1.1164,-1.1086,-1.1001,-1.0909,-1.0809,-1.0704,-1.0597,-1.0493,-1.0406,-1.0357,-1.0375,-1.049,-1.0709,-1.1003,-1.1309,-1.1574,-1.1781,-1.1939,-1.2069,-1.2187,-1.2302,-1.2419,-1.2541,-1.2669,-1.2806,-1.2955,-1.3117,-1.3293,-1.3478,-1.3668,-1.3854,-1.4028,-1.4182,-1.4312,-1.4415,-1.4492,-1.4546,-1.4581,-1.4602,-1.4613,-1.4617,-1.4617,-1.4614,-1.4609,-1.4602,-1.4593,-1.4584,-1.4572,-1.4559,-1.4545
