docs/data/wind_grid.json
{"header": {"la1":42.1,"la2":41.55,"lo1":12.1,"lo2":12.95,"nx":50,"ny":50,"dx":0.01735,"dy":0.01122,"parameterCategory":2,"parameterNumber":2,"parameterNumberName":"eastward_wind","parameterUnit":"m.s-1"}, "data":
[rows 0 to 45 of 50, columns 0 to 49 of 50]
2.285,2.0113,1.7596,1.5772,1.5039,1.552,1.6996,1.9035,2.12,2.3185,2.4833,2.6102,2.7011,2.7602,2.7921,2.801,2.7904,2.7639,2.7253,2.6797,2.6337,2.5953,2.5718,2.5683,2.5856,2.621,2.6695,2.7261,2.7868,2.8492,2.9119,2.9745,3.0369,3.0991,3.1606,3.2208,3.2782,3.3311,3.3776,3.4161,3.4454,3.4652,3.4762,3.4796,3.4769,3.4698,3.4599,3.4484,3.4362,3.424
2.3766,2.0893,1.8229,1.6295,1.5513,1.5993,1.7483,1.9524,2.167,2.3618,2.522,2.644,2.7299,2.7839,2.8104,2.8133,2.7955,2.7602,2.7108,2.6527,2.5937,2.5438,2.513,2.508,2.5294,2.5727,2.6306,2.6965,2.7653,2.8346,2.9031,2.9709,3.0382,3.1053,3.172,3.2376,3.3004,3.3584,3.4091,3.4505,3.4811,3.5006,3.5098,3.5104,3.5044,3.4938,3.4805,3.4659,3.451,3.4366
2.5093,2.2159,1.9418,1.7419,1.6587,1.701,1.8417,2.035,2.2379,2.4214,2.5717,2.6852,2.7638,2.8115,2.832,2.8284,2.8031,2.7582,2.6967,2.6239,2.5489,2.4846,2.4447,2.4383,2.4658,2.5197,2.5895,2.6662,2.7442,2.8208,2.8953,2.9682,3.0403,3.1124,3.1846,3.256,3.3249,3.3886,3.4442,3.4889,3.5207,3.5395,3.5464,3.5436,3.5335,3.5189,3.5018,3.4837,3.4659,3.449
2.6845,2.3923,2.1168,1.9137,1.8237,1.8534,1.9756,2.1475,2.3295,2.4949,2.6305,2.7326,2.8023,2.8427,2.8568,2.8468,2.8138,2.759,2.6841,2.5943,2.4998,2.4173,2.366,2.3586,2.3949,2.4628,2.5472,2.6366,2.7244,2.8084,2.8886,2.9664,3.0432,3.1203,3.1981,3.2758,3.3515,3.4219,3.4831,3.5314,3.5645,3.5822,3.5861,3.579,3.5642,3.5448,3.5234,3.5016,3.4806,3.4612
2.8993,2.6144,2.3415,2.1357,2.0354,2.0452,2.1401,2.2821,2.4363,2.5785,2.6961,2.7847,2.8444,2.8772,2.885,2.8688,2.8286,2.7638,2.6749,2.5658,2.4479,2.3426,2.2769,2.2693,2.3179,2.4039,2.5058,2.6091,2.707,2.7981,2.8836,2.9658,3.0469,3.1288,3.2123,3.2969,3.3801,3.458,3.5256,3.5781,3.6125,3.6286,3.6286,3.6163,3.596,3.5713,3.545,3.5192,3.4949,3.4728
3.1468,2.8724,2.6028,2.3922,2.2766,2.2604,2.3221,2.4293,2.5518,2.668,2.7657,2.8398,2.8892,2.9146,2.9167,2.8952,2.8486,2.7746,2.6716,2.5417,2.3966,2.2632,2.1796,2.1728,2.2381,2.3465,2.4683,2.5861,2.6936,2.7909,2.8807,2.9664,3.0511,3.1375,3.2267,3.3185,3.41,3.4965,3.5715,3.6287,3.6644,3.6783,3.6735,3.6551,3.6283,3.5976,3.5662,3.5361,3.5084,3.4837
3.4161,3.1524,2.8836,2.664,2.5285,2.4826,2.5085,2.5794,2.6693,2.759,2.8366,2.8962,2.9357,2.9545,2.9519,2.9264,2.8749,2.7933,2.6774,2.5266,2.3518,2.1855,2.0804,2.0757,2.1621,2.2962,2.4386,2.5699,2.6855,2.7875,2.8802,2.9683,3.0557,3.1459,3.2406,3.3398,3.4405,3.5366,3.62,3.6827,3.7195,3.7306,3.72,3.6945,3.6604,3.6232,3.5863,3.5519,3.5208,3.4935
3.6937,3.4382,3.1661,2.9329,2.7744,2.6975,2.6884,2.7244,2.7834,2.8478,2.9064,2.9525,2.9831,2.9964,2.9907,2.963,2.9088,2.8219,2.6958,2.5266,2.3228,2.1215,1.9923,1.9907,2.101,2.261,2.4217,2.5635,2.6843,2.7886,2.8823,2.9712,3.0602,3.1533,3.2531,3.3598,3.4702,3.577,3.6699,3.7386,3.7766,3.7841,3.7668,3.7332,3.6913,3.6472,3.6048,3.5661,3.5318,3.5021
3.9643,3.7135,3.4341,3.1842,3.0016,2.8952,2.854,2.8587,2.8899,2.9317,2.9731,3.0073,3.0305,3.04,3.033,3.0054,2.9511,2.8622,2.73,2.5482,2.3217,2.0895,1.9373,1.9385,2.0699,2.2501,2.4225,2.5691,2.6908,2.7944,2.887,2.975,3.0641,3.1591,3.2631,3.377,3.4973,3.6156,3.7191,3.7944,3.8335,3.8368,3.8119,3.7696,3.7196,3.6687,3.6209,3.5781,3.5409,3.5091
4.2124,3.9635,3.6745,3.4075,3.2023,3.0698,3.0009,2.9789,2.9863,3.0086,3.0353,3.0596,3.0771,3.0846,3.0786,3.0537,3.0022,2.9148,2.7819,2.5961,2.3601,2.1109,1.9432,1.9441,2.085,2.2715,2.4443,2.5878,2.7054,2.8049,2.8938,2.9791,3.0668,3.1622,3.2694,3.3896,3.5196,3.6497,3.7644,3.847,3.8871,3.8858,3.8529,3.8018,3.7438,3.6864,3.6338,3.5875,3.5479,3.5144
4.4242,4.1757,3.878,3.5962,3.3724,3.2185,3.1272,3.0835,3.0715,3.0777,3.0923,3.1086,3.1222,3.1297,3.1269,3.1074,3.0618,2.9793,2.8506,2.6705,2.4423,2.199,2.0303,2.0248,2.1552,2.3281,2.4873,2.6192,2.7274,2.8194,2.9023,2.9829,3.0674,3.1617,3.2704,3.3957,3.5344,3.676,3.8019,3.8919,3.9332,3.9273,3.8867,3.8274,3.7622,3.6993,3.6427,3.5937,3.5523,3.5177
4.5884,4.3413,4.0387,3.7473,3.5104,3.3409,3.2329,3.1725,3.1452,3.1386,3.1436,3.1537,3.1651,3.1743,3.1771,3.1659,3.1291,3.0537,2.9319,2.7645,2.56,2.3458,2.1928,2.1753,2.2748,2.4149,2.5479,2.6608,2.7553,2.8369,2.9116,2.9857,3.0653,3.1565,3.2649,3.3932,3.5389,3.6905,3.8268,3.9239,3.9666,3.9569,3.9098,3.8438,3.7731,3.7062,3.6469,3.5962,3.5539,3.5188
4.6979,4.4554,4.1541,3.8602,3.617,3.4382,3.3189,3.2466,3.2079,3.1916,3.189,3.1947,3.2049,3.2173,3.2277,3.2278,3.2025,3.1352,3.0195,2.866,2.6925,2.521,2.3952,2.3648,2.4227,2.5197,2.6194,2.7088,2.7867,2.8558,2.9207,2.9866,3.0595,3.1458,3.2515,3.3803,3.5303,3.6893,3.8342,3.9375,3.982,3.9702,3.9191,3.849,3.7752,3.7063,3.6459,3.5949,3.5525,3.5176
4.7511,4.5175,4.2248,3.9364,3.6942,3.5124,3.387,3.3072,3.2607,3.2371,3.2289,3.2311,3.2411,3.2573,3.2768,3.2907,3.2796,3.2199,3.1057,2.961,2.8158,2.6872,2.5919,2.5528,2.5726,2.6274,2.6937,2.7589,2.8192,2.8748,2.9285,2.9847,3.0492,3.1285,3.2292,3.3557,3.5065,3.6694,3.8198,3.928,3.975,3.9635,3.9118,3.8412,3.7674,3.699,3.6395,3.5895,3.5482,3.5143
4.7516,4.5315,4.2546,3.9794,3.7451,3.5659,3.4394,3.3559,3.3046,3.2761,3.2636,3.2631,3.2728,3.2927,3.3215,3.3508,3.3562,3.3031,3.1837,3.0384,2.9121,2.8179,2.7501,2.7098,2.7035,2.7259,2.764,2.8073,2.8505,2.8922,2.9339,2.9791,3.0335,3.1039,3.1971,3.3183,3.4663,3.6291,3.7814,3.8927,3.9431,3.935,3.8868,3.8198,3.7495,3.6844,3.6277,3.5802,3.5409,3.5088
4.7079,4.5048,4.2495,3.9938,3.7733,3.6019,3.4783,3.3944,3.3409,3.3094,3.2938,3.2908,3.2997,3.3219,3.3583,3.4022,3.4251,3.3776,3.2468,3.092,2.9733,2.902,2.857,2.8232,2.8056,2.8082,2.8259,2.8512,2.8789,2.9069,2.9358,2.9689,3.0116,3.0711,3.1548,3.268,3.4099,3.5686,3.7194,3.8319,3.8867,3.8853,3.8449,3.7856,3.7222,3.6628,3.611,3.5673,3.5311,3.5015
4.6311,4.4473,4.2175,3.9857,3.7833,3.6234,3.5061,3.4247,3.3711,3.338,3.3201,3.3147,3.3218,3.3437,3.3837,3.4374,3.4742,3.4315,3.2885,3.1202,2.9995,2.9398,2.9141,2.8944,2.8786,2.873,2.8778,2.8892,2.9032,2.9178,2.9334,2.953,2.9826,3.0296,3.1019,3.2051,3.3384,3.4903,3.6368,3.7494,3.8095,3.8175,3.7885,3.7403,3.6867,3.6354,3.5899,3.5512,3.5191,3.4925
4.5331,4.3696,4.1668,3.9611,3.7794,3.6338,3.5252,3.4484,3.3965,3.3631,3.3435,3.3356,3.3395,3.3582,3.3958,3.4498,3.4905,3.4502,3.3028,3.1272,2.9989,2.9397,2.9314,2.933,2.9283,2.9227,2.9203,2.9211,2.923,2.9244,2.9259,2.9308,2.9455,2.9784,3.0382,3.1304,3.2542,3.3979,3.539,3.6513,3.7174,3.7368,3.7215,3.6868,3.645,3.6034,3.5656,3.5329,3.5053,3.4824
4.4247,4.2812,4.1051,3.9259,3.766,3.6362,3.5379,3.4672,3.4182,3.3855,3.365,3.3545,3.3542,3.3669,3.3961,3.4396,3.4704,3.4287,3.2911,3.1237,2.9893,2.9204,2.9268,2.9537,2.964,2.9617,2.9551,2.9474,2.9381,2.9263,2.9127,2.9012,2.8993,2.9169,2.9635,3.045,3.1598,3.2961,3.4324,3.5447,3.6175,3.6491,3.6486,3.6285,3.5995,3.5685,3.5391,3.5129,3.4904,3.4714
4.3148,4.19,4.039,3.8852,3.7468,3.6332,3.5461,3.4825,3.4375,3.4064,3.3855,3.3726,3.3677,3.3726,3.3897,3.4156,3.4281,3.3835,3.2671,3.1243,2.9953,2.9141,2.9281,2.9745,2.9952,2.9947,2.9844,2.969,2.9489,2.9234,2.8935,2.8638,2.8435,2.8445,2.8782,2.9505,3.0588,3.1899,3.3232,3.4368,3.5166,3.5602,3.5742,3.5687,3.5527,3.5324,3.5117,3.4923,3.4751,3.4601
4.2094,4.1018,3.9735,3.843,3.7249,3.6272,3.5515,3.4956,3.4554,3.4266,3.4059,3.3911,3.3818,3.3789,3.3831,3.3907,3.3853,3.3398,3.248,3.1387,3.035,2.9578,2.9675,3.0114,3.0291,3.0253,3.0099,2.9868,2.9559,2.9161,2.8685,2.8186,2.7779,2.7616,2.7834,2.8493,2.9546,3.0842,3.2171,3.3333,3.4202,3.475,3.5024,3.5105,3.5068,3.4969,3.4846,3.472,3.46,3.4491
4.1124,4.0201,3.912,3.8024,3.7029,3.6201,3.5556,3.5077,3.4727,3.447,3.4272,3.4112,3.3983,3.3887,3.382,3.3749,3.3566,3.3126,3.2423,3.1667,3.1053,3.0629,3.0575,3.0685,3.068,3.0551,3.0328,3.0016,2.9597,2.9052,2.8385,2.7666,2.7038,2.6699,2.6818,2.745,2.8516,2.9835,3.1188,3.2388,3.3324,3.3971,3.4362,3.4563,3.4637,3.4634,3.459,3.4527,3.4457,3.4387
4.0258,3.947,3.8564,3.765,3.6822,3.6132,3.5595,3.5196,3.4903,3.4681,3.4499,3.4336,3.4183,3.4038,3.3893,3.3721,3.346,3.3041,3.2492,3.2007,3.1817,3.1864,3.1657,3.1331,3.108,3.0834,3.0534,3.0141,2.9614,2.8918,2.8055,2.7103,2.6247,2.5738,2.5784,2.643,2.755,2.8923,3.0318,3.1563,3.256,3.3289,3.3778,3.408,3.4249,3.4331,3.4357,3.4352,3.4328,3.4294
3.9502,3.8833,3.8076,3.7321,3.664,3.6076,3.564,3.532,3.5087,3.4906,3.4747,3.4589,3.4424,3.4249,3.4057,3.3826,3.3517,3.3107,3.2646,3.2317,3.2363,3.2652,3.2408,3.1855,3.1433,3.1089,3.0719,3.0249,2.962,2.8781,2.7727,2.6547,2.5469,2.4809,2.4812,2.5505,2.6705,2.8148,2.9592,3.0878,3.1924,3.2718,3.3285,3.3669,3.3917,3.4069,3.4157,3.4201,3.4218,3.4216
3.8853,3.8287,3.766,3.7041,3.6489,3.6037,3.5696,3.5454,3.5284,3.515,3.5019,3.4871,3.4702,3.4515,3.4303,3.4043,3.3706,3.3287,3.2848,3.2557,3.2612,3.2864,3.2678,3.216,3.17,3.1305,3.0882,3.0348,2.963,2.8666,2.7445,2.6066,2.4799,2.4021,2.4007,2.476,2.6041,2.7545,2.9029,3.0344,3.1425,3.2266,3.289,3.3336,3.3647,3.3857,3.3994,3.4081,3.4131,3.4156
3.8303,3.7827,3.731,3.6809,3.6369,3.6019,3.5767,3.5602,3.5497,3.5414,3.5317,3.5182,3.5012,3.4822,3.4613,3.4351,3.3998,3.3554,3.309,3.2755,3.2694,3.28,3.2673,3.2294,3.1884,3.1482,3.1028,3.0446,2.9659,2.8601,2.7257,2.5737,2.4341,2.3489,2.3475,2.4274,2.5606,2.7142,2.8641,2.9966,3.1064,3.1933,3.2596,3.3088,3.3445,3.3698,3.3875,3.3995,3.4072,3.4119
3.7841,3.7444,3.7022,3.6622,3.628,3.602,3.5851,3.5762,3.5727,3.5702,3.5643,3.552,3.5342,3.515,3.4959,3.4722,3.4368,3.3891,3.3378,3.2966,3.2768,3.273,3.2621,3.2357,3.2017,3.1632,3.1165,3.0553,2.9723,2.861,2.7203,2.5621,2.4178,2.3304,2.3292,2.4099,2.5429,2.6952,2.8431,2.9742,3.0838,3.1718,3.2403,3.2924,3.3313,3.3597,3.3802,3.3946,3.4043,3.4105
3.7457,3.7128,3.6788,3.6474,3.6218,3.604,3.5948,3.5934,3.5971,3.6014,3.6,3.5884,3.5681,3.5473,3.531,3.5123,3.4786,3.4279,3.3711,3.3226,3.2919,3.2767,3.2635,3.2428,3.214,3.1775,3.1306,3.0679,2.9831,2.8707,2.7304,2.5745,2.4339,2.3492,2.3476,2.4243,2.5512,2.6971,2.8395,2.9668,3.0743,3.1617,3.2309,3.2845,3.3252,3.3556,3.3778,3.3936,3.4045,3.4117
3.7138,3.6869,3.66,3.636,3.6178,3.6073,3.6052,3.6112,3.6226,3.6345,3.6387,3.6275,3.6021,3.5765,3.5626,3.5508,3.5207,3.4681,3.4073,3.3537,3.3156,3.2921,3.2748,3.2549,3.2282,3.1929,3.1459,3.0831,2.999,2.8895,2.7554,2.6092,2.479,2.4008,2.398,2.4668,2.5828,2.718,2.852,2.9732,3.0771,3.1626,3.2313,3.285,3.3264,3.3575,3.3804,3.3968,3.4081,3.4155
3.6873,3.6657,3.6448,3.6273,3.6155,3.6113,3.6157,3.6286,3.648,3.6685,3.6801,3.67,3.6361,3.6005,3.5867,3.5825,3.5573,3.5047,3.4426,3.3874,3.3459,3.317,3.2952,3.2733,3.2462,3.2106,3.1636,3.1015,3.02,2.9164,2.7928,2.661,2.5455,2.4761,2.472,2.5308,2.6331,2.7551,2.8786,2.9924,3.0913,3.174,3.2409,3.2938,3.3346,3.3654,3.388,3.4041,3.4151,3.4221
3.6654,3.6484,3.6327,3.6206,3.6142,3.6155,3.6255,3.6446,3.6715,3.7013,3.7223,3.7153,3.6709,3.6191,3.6009,3.6024,3.5823,3.5326,3.4735,3.4211,3.38,3.3488,3.3232,3.298,3.2686,3.2317,3.1842,3.1231,3.0455,2.9497,2.8387,2.7236,2.6244,2.5648,2.5599,2.6088,2.6969,2.8051,2.9173,3.0229,3.1162,3.1951,3.2596,3.3106,3.3499,3.3794,3.4007,3.4156,3.4255,3.4314
3.6472,3.6341,3.6228,3.6153,3.6134,3.6191,3.6336,3.6578,3.691,3.7291,3.76,3.759,3.7056,3.6345,3.6066,3.6089,3.593,3.5498,3.4985,3.4532,3.4164,3.3856,3.3575,3.3285,3.2956,3.2562,3.2078,3.1479,3.0746,2.9874,2.8897,2.7912,2.708,2.6582,2.6535,2.6941,2.7694,2.8645,2.9658,3.0632,3.1508,3.2256,3.2869,3.3353,3.3721,3.3992,3.4184,3.4312,3.4391,3.4434
3.6319,3.6222,3.6146,3.6108,3.6126,3.6216,3.6394,3.667,3.7041,3.7476,3.7856,3.7906,3.7337,3.6489,3.6094,3.6062,3.5926,3.5584,3.5187,3.4844,3.4553,3.4272,3.3973,3.3642,3.3269,3.2841,3.2342,3.1754,3.1064,3.0276,2.9425,2.8595,2.7909,2.7504,2.747,2.7814,2.8464,2.9305,3.0222,3.1122,3.1943,3.2648,3.3225,3.3674,3.401,3.4248,3.4408,3.4507,3.456,3.4579
3.619,3.6122,3.6075,3.6067,3.6112,3.6227,3.6424,3.6713,3.7095,3.7537,3.7926,3.7992,3.7449,3.6604,3.6135,3.6015,3.5882,3.5635,3.5377,3.517,3.4978,3.4738,3.4423,3.4044,3.3617,3.3148,3.2628,3.2047,3.1397,3.0687,2.9951,2.9255,2.8698,2.8379,2.8368,2.8675,2.925,3.0006,3.0847,3.1686,3.2458,3.3122,3.3659,3.4068,3.4362,3.4558,3.4677,3.4738,3.4757,3.4747
3.6079,3.6034,3.6012,3.6027,3.6091,3.622,3.6422,3.6707,3.707,3.7475,3.7811,3.7845,3.7371,3.6648,3.6179,3.5991,3.5856,3.5703,3.5592,3.5539,3.546,3.5261,3.4921,3.4481,3.3991,3.3472,3.2927,3.235,3.1736,3.1095,3.0457,2.9878,2.9431,2.9191,2.9212,2.9503,3.0032,3.073,3.1517,3.2311,3.3045,3.3671,3.4167,3.453,3.4773,3.4917,3.4986,3.5002,3.498,3.4935
3.5982,3.5956,3.5953,3.5984,3.6061,3.6195,3.6393,3.6658,3.6981,3.732,3.7573,3.7564,3.7179,3.6615,3.6202,3.5991,3.5874,3.5817,3.5859,3.5969,3.6005,3.5835,3.5451,3.4937,3.4374,3.3802,3.323,3.2654,3.2071,3.149,3.0937,3.0455,3.0102,2.9935,2.9993,3.0288,3.0796,3.1464,3.222,3.2987,3.3694,3.4288,3.4741,3.5052,3.5237,3.5321,3.5331,3.5293,3.5225,3.514
3.5895,3.5885,3.5896,3.5939,3.6022,3.6154,3.6339,3.6575,3.6848,3.7114,3.7288,3.725,3.6951,3.6531,3.6195,3.6005,3.5931,3.5978,3.6175,3.6449,3.6591,3.6429,3.5982,3.5383,3.4745,3.4122,3.3525,3.2949,3.2394,3.1865,3.1383,3.0984,3.0712,3.0611,3.0712,3.1025,3.1534,3.2195,3.2943,3.3701,3.4393,3.496,3.5372,3.5626,3.5744,3.5759,3.5704,3.5607,3.5486,3.5357
3.5817,3.5818,3.584,3.589,3.5975,3.61,3.6266,3.647,3.6691,3.6892,3.7005,3.6956,3.673,3.6423,3.6167,3.6025,3.6012,3.6165,3.6507,3.6927,3.7152,3.6981,3.6465,3.5785,3.5082,3.4416,3.3799,3.3227,3.2697,3.2214,3.1794,3.1466,3.1264,3.1223,3.1369,3.1712,3.2239,3.2914,3.3674,3.444,3.5129,3.5675,3.6044,3.6237,3.6283,3.6223,3.6096,3.5934,3.5758,3.5582
3.5744,3.5755,3.5784,3.5838,3.592,3.6035,3.6182,3.6353,3.6529,3.6676,3.6748,3.6699,3.6532,3.6312,3.6129,3.6044,3.6098,3.6342,3.6795,3.7315,3.759,3.7405,3.684,3.6107,3.5362,3.4669,3.4044,3.3481,3.2977,3.2535,3.217,3.1903,3.1762,3.1776,3.1969,3.2349,3.2907,3.361,3.4397,3.5185,3.5882,3.6413,3.6739,3.6868,3.6838,3.6698,3.6495,3.6266,3.6032,3.5809
3.5677,3.5694,3.5728,3.5782,3.586,3.5964,3.6091,3.6232,3.637,3.6478,3.6523,3.6481,3.636,3.6207,3.6087,3.6057,3.6168,3.6476,3.6984,3.7538,3.7825,3.7638,3.7064,3.6321,3.5567,3.4871,3.4251,3.3705,3.3229,3.2827,3.2509,3.2296,3.2209,3.2275,3.2513,3.2934,3.3531,3.4272,3.5098,3.5917,3.6628,3.7147,3.7433,3.7497,3.7388,3.7167,3.6889,3.6592,3.6302,3.6031
3.5613,3.5635,3.5671,3.5724,3.5797,3.5889,3.5997,3.6113,3.6221,3.63,3.633,3.6298,3.6213,3.6112,3.6043,3.6059,3.621,3.6544,3.7049,3.7573,3.7839,3.7666,3.7128,3.6419,3.5692,3.5017,3.4418,3.3896,3.3452,3.3088,3.2815,3.2648,3.261,3.2722,3.3004,3.3466,3.4104,3.4888,3.5755,3.6609,3.7338,3.7848,3.8095,3.8097,3.7913,3.7614,3.7263,3.6903,3.6559,3.6244
3.5552,3.5577,3.5614,3.5665,3.5731,3.5813,3.5904,3.5998,3.6083,3.6144,3.6165,3.6143,3.6087,3.6025,3.5997,3.6046,3.6217,3.6543,3.7001,3.7454,3.7678,3.7528,3.7054,3.6414,3.5742,3.5109,3.4545,3.4056,3.3646,3.3319,3.3087,3.2964,3.2968,3.3122,3.3444,3.3944,3.4621,3.5445,3.6351,3.7237,3.7982,3.8483,3.8695,3.864,3.8388,3.802,3.7604,3.7187,3.6795,3.644
3.5493,3.552,3.5557,3.5605,3.5665,3.5736,3.5813,3.5891,3.5958,3.6006,3.6023,3.601,3.5977,3.5945,3.5946,3.6016,3.619,3.6486,3.6874,3.7239,3.7413,3.7285,3.6886,3.633,3.573,3.5154,3.4635,3.4185,3.3812,3.3523,3.3329,3.3244,3.3286,3.3476,3.3832,3.4366,3.5075,3.593,3.6865,3.7774,3.8529,3.902,3.9201,3.91,3.8793,3.8368,3.7899,3.7435,3.7003,3.6614
3.5437,3.5464,3.55,3.5545,3.5599,3.5661,3.5726,3.579,3.5845,3.5883,3.59,3.5895,3.5879,3.5869,3.589,3.597,3.6134,3.6388,3.6701,3.6982,3.7107,3.6996,3.6666,3.6196,3.5674,3.5162,3.4693,3.4287,3.3953,3.3701,3.3542,3.3492,3.3567,3.3787,3.4171,3.4729,3.5459,3.6333,3.7284,3.8201,3.8954,3.9433,3.959,3.9455,3.9109,3.8645,3.8138,3.764,3.7178,3.6763
3.5382,3.541,3.5444,3.5485,3.5534,3.5588,3.5644,3.5697,3.5743,3.5775,3.5791,3.5794,3.579,3.5795,3.5828,3.591,3.6056,3.6266,3.651,3.6716,3.6799,3.6702,3.6429,3.6036,3.5589,3.5142,3.4727,3.4366,3.4071,3.3854,3.3729,3.3709,3.3813,3.4057,3.446,3.5033,3.5773,3.665,3.7596,3.8504,3.9244,3.9707,3.9845,3.9691,3.9325,3.884,3.8313,3.7795,3.7314,3.6882
3.5329,3.5356,3.5389,3.5427,3.5471,3.5518,3.5565,3.5611,3.5649,3.5677,3.5694,3.5702,3.5707,3.5722,3.5762,3.5839,3.5965,3.6133,3.6317,3.6464,3.6513,3.6423,3.6196,3.5869,3.549,3.5104,3.4742,3.4425,3.4169,3.3987,3.3892,3.3899,3.4025,3.4288,3.4702,3.5279,3.6014,3.6877,3.7801,3.8682,3.9396,3.9838,3.9966,3.9807,3.9439,3.8952,3.8422,3.7898,3.741,3.697
