docs/data/wind_grid.json
[{"header":{"la1":42.22,"la2":41.45,"lo1":11.9,"lo2":12.97,"nx":16,"ny":12,"dx":0.07133,"dy":0.07,"parameterCategory":2,"parameterNumber":2,"parameterNumberName":"eastward_wind","parameterUnit":"m.s-1"},"data":[1.383,1.4938,1.6501,1.8222,1.8297,1.5348,1.1445,0.842,0.6499,0.5439,0.4827,0.4307,0.3825,0.3538,0.3549,0.379,1.4091,1.5405,1.7707,2.17,2.3519,1.7771,1.1347,0.7286,0.499,0.416,0.3919,0.3414,0.2679,0.2288,0.25,0.3047,1.404,1.517,1.7073,2.1703,2.4816,1.7174,0.9965,0.55,0.2309,0.2277,0.3065,0.2459,0.0952,0.035,0.1142,0.2272,1.3776,1.4597,1.5232,1.6219,1.6894,1.2738,0.8077,0.4598,-0.1207,0.07,0.2801,0.1711,-0.1581,-0.2377,-0.0187,0.1741,1.3392,1.4147,1.4839,1.4741,1.3162,1.0151,0.7023,0.5769,0.3859,0.3314,0.3473,0.2042,-0.2056,-0.3034,-0.0199,0.1901,1.2848,1.3412,1.3867,1.346,1.1971,1.0124,0.7686,0.6126,0.4979,0.485,0.4088,0.3166,0.169,0.0605,0.1607,0.2845,1.2212,1.2493,1.2589,1.2355,1.2267,1.2727,1.05,0.7857,0.5358,0.5396,0.4254,0.3145,0.3441,0.3408,0.3695,0.4142,1.1625,1.1757,1.1819,1.1987,1.3041,1.6735,1.2624,0.9214,0.688,0.6099,0.5134,0.4388,0.4791,0.5414,0.5552,0.5443,1.1138,1.1213,1.1298,1.1557,1.2325,1.339,1.1451,0.7561,0.6171,0.6518,0.6059,0.5906,0.6759,0.7712,0.7278,0.6554,1.0732,1.0769,1.0819,1.0934,1.1109,1.0954,0.9728,0.7783,0.6882,0.6835,0.6649,0.6827,0.7942,0.8889,0.8152,0.7199,1.0383,1.0382,1.0368,1.034,1.0232,0.9868,0.91,0.8152,0.7501,0.7183,0.7022,0.7175,0.7805,0.8289,0.7945,0.7328,1.008,1.0043,0.9979,0.987,0.9674,0.9326,0.8812,0.8237,0.7757,0.743,0.7253,0.7274,0.7491,0.7658,0.7537,0.7236]},{"header":{"la1":42.22,"la2":41.45,"lo1":11.9,"lo2":12.97,"nx":16,"ny":12,"dx":0.07133,"dy":0.07,"parameterCategory":2,"parameterNumber":3,"parameterNumberName":"northward_wind","parameterUnit":"m.s-1"},"data":[-0.4103,-0.5485,-0.7335,-0.9319,-0.9284,-0.551,-0.0639,0.2934,0.4977,0.5893,0.6113,0.5969,0.5687,0.5436,0.5287,0.5217,-0.4668,-0.6377,-0.9088,-1.3691,-1.5785,-0.8475,-0.0364,0.4351,0.6599,0.7233,0.6998,0.6397,0.5721,0.5279,0.5151,0.5165,-0.4944,-0.6682,-0.9041,-1.3964,-1.7409,-0.7583,0.1728,0.6552,0.8871,0.8903,0.7924,0.6637,0.5218,0.4569,0.4745,0.5023,-0.4956,-0.685,-0.8685,-0.9125,-0.7938,-0.1536,0.5033,0.8489,1.075,1.0164,0.8712,0.677,0.3817,0.3074,0.4206,0.4908,-0.4537,-0.6657,-0.9412,-0.8823,-0.3317,0.2501,0.7738,0.98,1.1691,1.0644,0.9544,0.7992,0.3743,0.2711,0.4318,0.5031,-0.3468,-0.492,-0.6272,-0.4919,-0.0583,0.3355,0.721,0.9777,1.3677,1.103,1.0974,1.2252,0.856,0.5721,0.5379,0.5345,-0.2045,-0.2563,-0.2523,-0.1207,0.0633,0.1446,0.3889,0.6949,1.0258,0.9841,1.1968,1.5976,1.1405,0.7467,0.5923,0.538,-0.0737,-0.0744,-0.0356,0.0399,0.0605,-0.1776,0.1786,0.4588,0.6441,0.7837,0.9737,1.1259,0.8908,0.6031,0.4936,0.4775,0.0273,0.0443,0.081,0.1222,0.1236,0.0759,0.2309,0.4176,0.4225,0.603,0.7319,0.719,0.4638,0.2253,0.2758,0.3733,0.1015,0.1229,0.1542,0.1871,0.2116,0.2453,0.3324,0.4212,0.4614,0.5424,0.5918,0.5059,0.2126,0.0,0.1388,0.2996,0.1562,0.1781,0.2064,0.238,0.2717,0.3146,0.3725,0.43,0.475,0.5142,0.5197,0.4378,0.2545,0.1301,0.1912,0.2997,0.1975,0.2187,0.2449,0.2748,0.3083,0.3469,0.39,0.432,0.4668,0.489,0.4841,0.4332,0.345,0.2823,0.2915,0.3391]}]