docs/data/wind_grid.json
[{"header":{"la1":42.85,"la2":41.18,"lo1":11.55,"lo2":14.05,"nx":36,"ny":24,"dx":0.07143,"dy":0.07261,"parameterCategory":2,"parameterNumber":2,"parameterNumberName":"eastward_wind","parameterUnit":"m.s-1"},"data":[4.8116,4.8303,4.8503,4.8711,4.8915,4.9091,4.9208,4.923,4.913,4.8901,4.8558,4.8132,4.7651,4.7135,4.6597,4.6041,4.5469,4.4883,4.4289,4.3701,4.3149,4.2677,4.2319,4.2071,4.1894,4.1738,4.1571,4.1378,4.116,4.0923,4.0675,4.0424,4.0178,3.9943,3.9722,3.9518,4.8246,4.8469,4.8722,4.9002,4.93,4.9588,4.9815,4.9917,4.9838,4.9564,4.9129,4.8594,4.8009,4.7401,4.6779,4.6143,4.5488,4.481,4.4106,4.3381,4.2678,4.2093,4.1718,4.1545,4.1474,4.1408,4.1295,4.1125,4.0909,4.0661,4.0396,4.0129,3.9866,3.9617,3.9385,3.9173,4.8338,4.8596,4.8904,4.9272,4.9698,5.0158,5.0578,5.0833,5.0798,5.0439,4.9842,4.9136,4.8407,4.7688,4.6975,4.6253,4.5507,4.4727,4.3894,4.2973,4.1993,4.1171,4.0785,4.0806,4.096,4.1045,4.1007,4.086,4.0637,4.037,4.0083,3.9793,3.9511,3.9246,3.9002,3.8784,4.838,4.8662,4.9018,4.9478,5.007,5.0794,5.1561,5.2133,5.2197,5.1652,5.0738,4.9752,4.8832,4.7989,4.7185,4.6376,4.5534,4.4651,4.3702,4.2546,4.1038,3.9631,3.9274,3.9804,4.039,4.0693,4.073,4.0588,4.0342,4.0044,3.9725,3.9407,3.9103,3.8821,3.8566,3.8343,4.8354,4.8642,4.9022,4.9555,5.0328,5.1424,5.2815,5.41,5.4412,5.3394,5.1826,5.0399,4.9248,4.829,4.7415,4.6531,4.5581,4.458,4.3591,4.2353,4.0011,3.7155,3.7045,3.8738,3.9942,4.0436,4.0491,4.0311,4.0014,3.9667,3.9307,3.8956,3.8628,3.833,3.8066,3.7839,4.8253,4.8519,4.888,4.9421,5.0322,5.1835,5.4185,5.7018,5.7997,5.5725,5.2927,5.0946,4.9596,4.8574,4.7678,4.6756,4.5692,4.4482,4.3457,4.2707,4.0155,3.5679,3.5906,3.8528,3.9926,4.0353,4.0294,4.0008,3.9626,3.9215,3.8808,3.8423,3.8071,3.7758,3.7488,3.7262,4.8075,4.8304,4.8609,4.9048,4.99,5.1642,5.4774,5.9497,6.1598,5.7375,5.3457,5.1212,4.9823,4.883,4.799,4.7113,4.6005,4.4541,4.3121,4.3027,4.2125,3.9544,3.8882,3.9867,4.0411,4.0397,4.0077,3.9625,3.9135,3.8653,3.8199,3.7783,3.7411,3.7089,3.6817,3.6599,4.7817,4.8026,4.8363,4.8664,4.9138,5.0697,5.3522,5.7232,5.8746,5.5884,5.3038,5.1188,4.9945,4.9059,4.8353,4.7632,4.6658,4.5332,4.4059,4.3961,4.4467,4.3764,4.2315,4.1498,4.0947,4.0352,3.9709,3.9073,3.848,3.7939,3.7449,3.7012,3.6628,3.6302,3.6037,3.5835,4.7447,4.7607,4.8249,4.8922,4.838,4.9438,5.1701,5.3815,5.472,5.4082,5.2631,5.1153,5.0041,4.927,4.873,4.8256,4.7493,4.6474,4.5605,4.554,4.6741,4.6225,4.4006,4.2307,4.1026,3.9943,3.9017,3.8242,3.7591,3.7027,3.6527,3.6082,3.5697,3.5377,3.5127,3.4951,4.6941,4.6717,4.6796,4.6979,4.6052,4.7944,5.0683,5.2955,5.4895,5.5243,5.3209,5.1287,5.0175,4.9508,4.9018,4.8833,4.819,4.7372,4.6616,4.6144,4.6346,4.5838,4.4021,4.2098,4.0364,3.8912,3.7812,3.7016,3.6405,3.5881,3.5405,3.497,3.4592,3.4285,3.4062,3.3926,4.6453,4.5575,4.3595,3.9313,4.0299,4.6455,5.0487,5.3181,5.7542,5.9689,5.4158,5.1315,5.037,5.0032,4.9339,4.8948,4.8513,4.8125,4.758,4.6688,4.5819,4.4796,4.3137,4.098,3.8744,3.6952,3.5872,3.5295,3.489,3.449,3.4066,3.3649,3.328,3.2994,3.2809,3.2732,4.6277,4.5227,4.3034,3.9584,4.0833,4.7057,5.1061,5.2818,5.5049,5.661,5.2961,5.0902,5.061,5.1485,5.0521,4.9013,4.8672,4.9417,4.9303,4.7653,4.5964,4.4253,4.2045,3.9087,3.5812,3.3553,3.2952,3.3067,3.3091,3.2873,3.2502,3.2087,3.1718,3.1453,3.1324,3.1334,4.6476,4.5801,4.4789,4.4061,4.5487,4.885,5.1689,5.2999,5.2819,5.2407,5.1161,5.0472,5.0322,5.1978,5.0804,4.8069,4.8266,5.2097,5.2177,4.8526,4.6188,4.3984,4.1042,3.6679,3.1226,2.8182,2.9156,3.0617,3.1167,3.1076,3.069,3.0228,2.9831,2.9589,2.9543,2.9685,4.6849,4.66,4.6411,4.6657,4.7788,4.9601,5.1336,5.2404,5.21,5.0966,5.0135,5.0617,5.0516,4.5913,4.7365,4.4818,4.6373,4.9678,5.0273,4.8137,4.6245,4.4052,4.0616,3.4986,2.7113,2.326,2.6284,2.8661,2.9288,2.9084,2.8555,2.7964,2.7497,2.7287,2.7376,2.7729,4.7193,4.7203,4.7342,4.776,4.8543,4.9554,5.0476,5.0945,5.0643,4.9843,4.9192,4.8859,4.8068,4.6956,4.6459,4.4256,4.8429,4.8055,4.8181,4.7585,4.6769,4.5016,4.1255,3.5488,2.8643,2.5268,2.6442,2.7334,2.7267,2.6727,2.5943,2.5116,2.4517,2.4365,2.4699,2.5403,4.7423,4.7549,4.7776,4.8152,4.8672,4.9244,4.9697,4.9848,4.9601,4.9105,4.8775,4.7527,4.7696,4.7621,4.7275,4.7293,4.8443,4.8086,4.799,4.7915,4.8794,4.7373,4.2434,3.6544,3.101,2.7489,2.5883,2.5039,2.4465,2.3752,2.267,2.1424,2.057,2.0554,2.1363,2.2666,4.7538,4.7699,4.7924,4.8221,4.8567,4.8902,4.9135,4.9187,4.9041,4.88,4.8679,4.8201,4.8346,4.8523,4.802,4.7945,4.818,4.8616,4.8909,4.8453,4.9184,4.7693,4.2282,3.5787,2.9175,2.3715,2.0697,2.0145,2.0455,2.0142,1.8676,1.6555,1.5163,1.5512,1.7274,1.9576,4.756,4.772,4.7916,4.8143,4.838,4.8589,4.8727,4.876,4.8696,4.8582,4.8465,4.8369,4.858,4.869,4.8696,4.8831,4.8861,5.0035,5.1478,4.9448,4.7664,4.5269,4.0414,3.2943,2.3022,1.2834,0.9047,1.2296,1.5706,1.6435,1.4237,1.0234,0.778,0.9116,1.2671,1.6446,4.7515,4.7661,4.7824,4.7998,4.8167,4.8309,4.8403,4.8436,4.8417,4.8369,4.832,4.8318,4.8435,4.875,4.9913,5.0456,4.9424,5.0233,5.1339,5.0887,4.8149,4.4316,3.8777,2.9802,1.5177,-0.4485,-0.9053,0.4029,1.1971,1.3668,1.0356,0.3382,-0.058,0.2711,0.8684,1.3983,4.7426,4.7553,4.7686,4.7821,4.7946,4.8049,4.812,4.8154,4.8157,4.8145,4.8139,4.8176,4.8319,4.8729,4.9696,5.0037,4.9373,5.0057,5.2897,5.4281,4.9254,4.4535,3.8798,2.9433,1.4012,-0.7549,-1.2321,0.4339,1.1491,1.2645,0.8929,0.0729,-0.3876,0.0414,0.7292,1.3051,4.7306,4.7413,4.7522,4.7627,4.7722,4.78,4.7854,4.7886,4.7898,4.7901,4.7912,4.7956,4.8077,4.8333,4.8697,4.8834,4.881,4.9424,5.1059,5.1378,4.8627,4.5889,4.1867,3.3284,2.0919,1.1358,1.3066,1.3579,1.3216,1.2684,1.0271,0.5099,0.1795,0.4234,0.9195,1.3895,4.7165,4.7255,4.7342,4.7424,4.7496,4.7554,4.7595,4.7619,4.7629,4.7633,4.764,4.7667,4.773,4.784,4.7957,4.8007,4.8051,4.8301,4.8703,4.866,4.8608,5.0636,5.0227,4.0333,2.7577,1.9341,1.8699,1.6622,1.2299,1.126,1.1433,1.0161,0.8919,0.9909,1.2657,1.5843,4.701,4.7083,4.7153,4.7215,4.7268,4.7309,4.7336,4.7349,4.735,4.7343,4.7334,4.7329,4.7333,4.7343,4.7338,4.7301,4.7255,4.7253,4.7304,4.757,4.9348,5.5019,5.7014,4.5463,3.2046,2.2877,1.8303,1.3038,0.5445,0.7025,1.0996,1.2753,1.3313,1.4224,1.5913,1.804,4.6845,4.6903,4.6956,4.7002,4.7038,4.7063,4.7075,4.7074,4.7061,4.7037,4.7004,4.6964,4.6915,4.6853,4.6765,4.6644,4.6499,4.6357,4.6292,4.6591,4.8054,5.1066,5.106,4.358,3.3724,2.5548,1.9111,1.1571,0.4515,0.6512,1.1388,1.4383,1.5949,1.714,1.8492,2.0056]},{"header":{"la1":42.85,"la2":41.18,"lo1":11.55,"lo2":14.05,"nx":36,"ny":24,"dx":0.07143,"dy":0.07261,"parameterCategory":2,"parameterNumber":3,"parameterNumberName":"northward_wind","parameterUnit":"m.s-1"},"data":[0.4957,0.5027,0.5088,0.5139,0.518,0.5206,0.5211,0.5182,0.5111,0.4996,0.4843,0.4666,0.4473,0.4271,0.4063,0.3855,0.3659,0.3498,0.3391,0.3352,0.337,0.342,0.3473,0.3511,0.353,0.3533,0.3524,0.3506,0.3481,0.345,0.3413,0.3374,0.3332,0.3289,0.3247,0.3206,0.5099,0.5188,0.5266,0.5335,0.5397,0.545,0.5483,0.5473,0.5397,0.5249,0.5046,0.4815,0.4572,0.432,0.4057,0.3784,0.3519,0.3297,0.3165,0.3152,0.3239,0.3365,0.3469,0.3528,0.3551,0.3551,0.3538,0.3517,0.3487,0.3451,0.341,0.3364,0.3317,0.3269,0.3222,0.3176,0.5265,0.5378,0.5478,0.5566,0.5653,0.575,0.5842,0.5881,0.5808,0.5604,0.5314,0.4998,0.4689,0.438,0.4051,0.3689,0.3308,0.2973,0.279,0.2839,0.3082,0.3363,0.354,0.36,0.3601,0.3584,0.3561,0.3532,0.3497,0.3454,0.3406,0.3354,0.3299,0.3245,0.3191,0.314,0.5462,0.5612,0.5737,0.584,0.5951,0.6111,0.6325,0.6496,0.6453,0.6131,0.5666,0.5213,0.4822,0.4457,0.4059,0.3577,0.3004,0.2434,0.2112,0.2295,0.2923,0.3546,0.379,0.376,0.3684,0.363,0.359,0.3553,0.351,0.3459,0.3403,0.3341,0.3278,0.3215,0.3154,0.3097,0.5702,0.5913,0.6077,0.6182,0.6285,0.6512,0.6964,0.7489,0.7568,0.695,0.6103,0.5431,0.4958,0.4563,0.4114,0.3495,0.2615,0.1534,0.0761,0.1172,0.2744,0.4158,0.4323,0.3982,0.3769,0.3674,0.3622,0.3578,0.3527,0.3467,0.3399,0.3325,0.3251,0.3177,0.3108,0.3044,0.5995,0.6321,0.6572,0.6666,0.6661,0.6863,0.7672,0.9071,0.9575,0.8135,0.6512,0.5568,0.5071,0.4711,0.4269,0.3548,0.2293,0.024,-0.1987,-0.1421,0.2028,0.4635,0.4637,0.4046,0.3793,0.3703,0.3656,0.3609,0.3549,0.3477,0.3393,0.3305,0.3215,0.3129,0.3049,0.2978,0.6326,0.6874,0.7369,0.7497,0.7168,0.7007,0.7923,1.0478,1.1826,0.8917,0.6483,0.5493,0.5141,0.4923,0.4577,0.3886,0.2467,-0.0443,-0.4981,-0.4487,0.0789,0.3372,0.3911,0.3818,0.3752,0.3727,0.3701,0.3653,0.3582,0.3491,0.3387,0.3277,0.3169,0.3067,0.2975,0.2895,0.6613,0.7506,0.8606,0.9088,0.8032,0.6891,0.7011,0.8675,0.9524,0.7236,0.5561,0.5155,0.5206,0.5229,0.5034,0.4531,0.3436,0.1212,-0.1751,-0.1207,0.1833,0.2965,0.3433,0.3654,0.3752,0.379,0.378,0.3725,0.3631,0.3511,0.3377,0.3239,0.3105,0.2984,0.2877,0.2788,0.6677,0.781,0.9687,1.1158,0.8853,0.6492,0.5453,0.5132,0.4615,0.3856,0.3972,0.4708,0.5389,0.5671,0.5494,0.5168,0.4671,0.3602,0.2439,0.2464,0.3215,0.3283,0.3499,0.373,0.3872,0.3935,0.3924,0.3843,0.3707,0.354,0.336,0.3182,0.3017,0.2871,0.2748,0.2651,0.6388,0.7275,0.8552,0.93,0.7465,0.5586,0.4002,0.2361,0.0144,-0.0483,0.1995,0.4419,0.5915,0.6401,0.5559,0.4937,0.554,0.5316,0.4628,0.3956,0.3532,0.3551,0.3785,0.3984,0.4134,0.421,0.4177,0.4035,0.3821,0.3575,0.3328,0.3096,0.2889,0.2715,0.2575,0.2471,0.587,0.6315,0.6536,0.6086,0.5852,0.4686,0.2969,0.0859,-0.4207,-0.6843,0.0353,0.4683,0.7078,0.8107,0.6636,0.5278,0.6583,0.6865,0.6402,0.5438,0.4602,0.4254,0.4233,0.4369,0.4581,0.471,0.4622,0.4343,0.3978,0.3607,0.3264,0.296,0.2703,0.2496,0.2341,0.2235,0.533,0.5549,0.5665,0.5711,0.54,0.3937,0.2422,0.1398,-0.1297,-0.3183,0.171,0.5631,0.8705,1.168,1.0495,0.8592,0.8438,0.9057,0.8743,0.6984,0.5563,0.4826,0.4617,0.4842,0.5352,0.5674,0.5418,0.4806,0.4164,0.3605,0.3136,0.2744,0.2427,0.2186,0.202,0.1922,0.4838,0.4934,0.4968,0.4868,0.4327,0.3228,0.2197,0.185,0.1592,0.1553,0.3654,0.6508,0.8795,1.292,1.193,1.0354,1.0113,1.2006,1.1789,0.7966,0.5872,0.4914,0.473,0.5332,0.6694,0.7533,0.6692,0.5356,0.429,0.3503,0.2892,0.24,0.2015,0.1739,0.1574,0.1505,0.4403,0.4399,0.4313,0.4072,0.3579,0.288,0.2244,0.1928,0.191,0.2294,0.3723,0.7005,0.8252,0.8515,0.9985,1.3392,1.1825,1.0618,0.9929,0.7118,0.5212,0.4383,0.4411,0.549,0.803,0.9642,0.7757,0.5578,0.4161,0.3205,0.2467,0.1862,0.1394,0.1088,0.0948,0.0945,0.4034,0.3964,0.3818,0.3561,0.3178,0.2723,0.2309,0.2026,0.1801,0.1461,0.134,0.2525,0.3903,0.1396,0.8618,1.4062,1.0958,0.8955,0.6936,0.5014,0.3646,0.3255,0.3583,0.4704,0.6905,0.8279,0.6793,0.4903,0.3604,0.2642,0.1796,0.1034,0.0445,0.012,0.0062,0.0199,0.3731,0.3627,0.3464,0.3229,0.2926,0.2582,0.2231,0.1845,0.1214,-0.0273,-0.3342,-0.3149,-0.0503,0.265,0.5712,0.8565,0.905,0.6531,0.4062,0.2666,0.1971,0.2052,0.2537,0.3308,0.4331,0.4886,0.4378,0.3502,0.2704,0.1853,0.0831,-0.024,-0.1046,-0.1352,-0.1197,-0.0778,0.3485,0.3368,0.3204,0.2992,0.2732,0.2431,0.208,0.1614,0.0833,-0.0692,-0.3008,-0.2266,-0.1893,-0.1665,0.2014,0.377,0.3838,0.1572,-0.0616,0.0125,0.1472,0.1499,0.161,0.1976,0.2224,0.2159,0.1993,0.1964,0.1776,0.1007,-0.0464,-0.2244,-0.3476,-0.3616,-0.2939,-0.1987,0.3286,0.3164,0.3005,0.2809,0.2573,0.2294,0.1954,0.1505,0.0866,-0.0006,-0.0793,-0.107,-0.2154,-0.2499,-0.1832,-0.1949,-0.1166,-0.4173,-0.7988,-0.3848,-0.1049,0.0038,0.0513,0.0779,0.0443,-0.057,-0.0735,0.0489,0.1214,0.0413,-0.2059,-0.5403,-0.7418,-0.6912,-0.5112,-0.3293,0.3123,0.3,0.2847,0.2664,0.2445,0.2187,0.1876,0.149,0.1013,0.0474,-0.0034,-0.0526,-0.1278,-0.2718,-0.7964,-1.0405,-0.4727,-0.5449,-0.7685,-0.7014,-0.4165,-0.1933,-0.0746,-0.0198,-0.0972,-0.4251,-0.4985,-0.052,0.1649,0.0606,-0.3472,-0.9507,-1.2623,-1.0601,-0.7104,-0.4303,0.2989,0.2867,0.272,0.2547,0.2345,0.2108,0.183,0.1503,0.1125,0.0709,0.0258,-0.0296,-0.1193,-0.3146,-0.7379,-0.8809,-0.5357,-0.563,-0.9855,-1.1849,-0.6514,-0.3615,-0.2081,-0.08,-0.0615,-0.4253,-0.5218,0.2227,0.4149,0.2321,-0.303,-1.1055,-1.4911,-1.1912,-0.7615,-0.4469,0.2876,0.2757,0.2617,0.2454,0.2266,0.2049,0.18,0.1515,0.1192,0.0828,0.0402,-0.0152,-0.0983,-0.2317,-0.3992,-0.4642,-0.4291,-0.5142,-0.7691,-0.8571,-0.6453,-0.5428,-0.443,-0.1758,0.164,0.5598,1.2646,1.181,0.8777,0.591,0.0669,-0.6361,-1.0175,-0.8847,-0.5959,-0.3563,0.2783,0.2667,0.2533,0.238,0.2205,0.2005,0.178,0.1525,0.1236,0.0905,0.0513,0.0018,-0.0635,-0.1462,-0.2301,-0.2854,-0.3249,-0.4022,-0.5157,-0.5903,-0.6801,-0.9544,-1.0073,-0.4583,0.2513,1.1044,2.0079,1.6613,1.3377,1.1094,0.614,0.0417,-0.3279,-0.4006,-0.3142,-0.1969,0.2704,0.2593,0.2465,0.232,0.2157,0.1973,0.1767,0.1535,0.1273,0.0973,0.0623,0.0204,-0.0297,-0.0864,-0.1429,-0.1929,-0.2431,-0.3081,-0.3921,-0.5091,-0.7688,-1.3137,-1.4843,-0.7168,0.1418,0.8826,1.3894,1.5592,1.903,1.6904,1.0808,0.5309,0.165,-0.0076,-0.0488,-0.0287,0.2639,0.2532,0.241,0.2274,0.2121,0.1951,0.1761,0.1549,0.1312,0.1043,0.0736,0.0385,-0.0013,-0.0443,-0.0883,-0.1323,-0.1796,-0.237,-0.3138,-0.4357,-0.6619,-0.9886,-1.0362,-0.5467,0.089,0.6449,1.0837,1.5244,1.9724,1.7787,1.2324,0.7589,0.4324,0.2395,0.1451,0.1107]}]