docs/data/wind_grid.json
[{"header":{"la1":42.85,"la2":41.18,"lo1":11.55,"lo2":14.05,"nx":36,"ny":24,"dx":0.07143,"dy":0.07261,"parameterCategory":2,"parameterNumber":2,"parameterNumberName":"eastward_wind","parameterUnit":"m.s-1"},"data":[0.8557,0.8617,0.8716,0.8852,0.9014,0.9181,0.9328,0.9426,0.9454,0.9401,0.9272,0.9078,0.8831,0.8547,0.8241,0.794,0.7685,0.7528,0.752,0.7681,0.797,0.8305,0.86,0.8814,0.8953,0.9044,0.911,0.9164,0.9211,0.9254,0.9292,0.9325,0.9354,0.9379,0.94,0.9418,0.8346,0.8408,0.8531,0.8716,0.8951,0.9208,0.9442,0.9607,0.9663,0.9597,0.942,0.9157,0.8828,0.8446,0.8024,0.7589,0.7195,0.6937,0.6925,0.722,0.775,0.8323,0.8754,0.8991,0.9093,0.9138,0.9169,0.9201,0.9235,0.927,0.9303,0.9333,0.9358,0.938,0.9398,0.9414,0.8063,0.8115,0.8258,0.8505,0.8847,0.9245,0.9629,0.991,1.0012,0.9913,0.9654,0.9289,0.8851,0.8347,0.7773,0.7139,0.6506,0.6033,0.5975,0.6525,0.7569,0.8627,0.9241,0.9397,0.935,0.9282,0.9249,0.9247,0.9265,0.9291,0.9317,0.9342,0.9363,0.9381,0.9395,0.9408,0.7683,0.7697,0.7843,0.8161,0.8656,0.9281,0.9931,1.0435,1.0615,1.0428,1.0002,0.9478,0.8903,0.8259,0.7503,0.6594,0.5549,0.459,0.4288,0.5299,0.7523,0.967,1.043,1.0144,0.9716,0.9451,0.9331,0.9293,0.9295,0.9312,0.9333,0.9352,0.9368,0.938,0.939,0.9398,0.7182,0.7098,0.7197,0.7576,0.8281,0.9268,1.0399,1.1372,1.1703,1.1255,1.0478,0.9709,0.8976,0.8194,0.7255,0.6017,0.432,0.2261,0.0961,0.2601,0.7501,1.2193,1.2646,1.1096,1.0047,0.957,0.9385,0.9327,0.9321,0.9333,0.9348,0.9361,0.9371,0.9377,0.9381,0.9384,0.6546,0.6257,0.6188,0.6566,0.7537,0.905,1.0971,1.2947,1.3641,1.2447,1.0985,0.9912,0.9038,0.8146,0.7075,0.5577,0.3127,-0.0992,-0.5631,-0.3825,0.5708,1.3984,1.3892,1.1319,1.004,0.9553,0.9386,0.9341,0.934,0.9351,0.9362,0.9368,0.937,0.9368,0.9365,0.9362,0.5809,0.5148,0.4646,0.4829,0.6139,0.8321,1.1086,1.4379,1.5712,1.3296,1.119,0.9986,0.9055,0.8077,0.6937,0.5445,0.2815,-0.289,-1.2598,-1.1318,0.1935,0.9354,1.0901,1.0164,0.9621,0.9406,0.9347,0.9345,0.9358,0.937,0.9374,0.9371,0.9362,0.9351,0.934,0.933,0.5104,0.3926,0.2553,0.2061,0.3943,0.6975,0.9962,1.2813,1.3907,1.2281,1.0836,0.9928,0.9036,0.7885,0.6547,0.5326,0.3732,0.0055,-0.5585,-0.3799,0.3969,0.7092,0.8464,0.9013,0.9183,0.9261,0.9317,0.9357,0.9381,0.9389,0.9383,0.9367,0.9345,0.9321,0.93,0.9283,0.4675,0.3136,0.0888,-0.0743,0.2032,0.5744,0.8484,1.0244,1.0898,1.0698,1.0359,0.9937,0.9118,0.7489,0.507,0.3833,0.4381,0.4017,0.3023,0.4509,0.7614,0.7738,0.8081,0.8667,0.9034,0.9232,0.9339,0.9393,0.9413,0.9408,0.9385,0.9351,0.9311,0.9272,0.9239,0.9215,0.4679,0.3266,0.1547,0.0627,0.2373,0.5279,0.7735,0.9109,0.9639,0.984,1.0155,1.0229,0.9629,0.7418,0.1383,-0.192,0.3792,0.6299,0.6753,0.7133,0.7759,0.7992,0.8398,0.8852,0.9157,0.9327,0.9413,0.9448,0.9449,0.9422,0.9375,0.9315,0.9253,0.9195,0.9149,0.9117,0.5019,0.3835,0.2424,0.0815,0.1467,0.5094,0.7633,0.8781,0.9233,0.926,1.0192,1.0869,1.0882,0.9547,0.3245,-0.1628,0.5513,0.8417,0.9039,0.8914,0.8754,0.8814,0.9047,0.9273,0.941,0.9471,0.9498,0.9503,0.9479,0.9423,0.9343,0.9249,0.9156,0.9075,0.9015,0.8979,0.5573,0.4574,0.3171,0.1354,0.2132,0.5807,0.7903,0.8462,0.905,0.9571,1.0719,1.1802,1.2436,1.2978,1.1455,0.9244,0.9914,1.0992,1.1148,1.0563,1.0075,0.9843,0.9765,0.9707,0.9611,0.9531,0.952,0.9524,0.9488,0.9401,0.9275,0.9134,0.9,0.8891,0.8818,0.8783,0.6287,0.5614,0.4847,0.4369,0.525,0.7138,0.8172,0.8028,0.86,1.0077,1.1573,1.2959,1.351,1.3876,1.3509,1.2863,1.2595,1.2786,1.2689,1.1672,1.1048,1.0665,1.0355,0.9997,0.9566,0.9323,0.9405,0.9502,0.9475,0.9344,0.9154,0.8944,0.8753,0.861,0.8529,0.8509,0.7052,0.671,0.6465,0.655,0.7187,0.807,0.8534,0.8444,0.9013,1.0675,1.2217,1.3954,1.4534,1.4743,1.408,1.5058,1.4322,1.317,1.2721,1.2144,1.1686,1.1305,1.0846,1.0202,0.9342,0.8917,0.9257,0.949,0.9451,0.9243,0.8947,0.8631,0.836,0.818,0.8107,0.8127,0.7756,0.7635,0.7635,0.7846,0.8283,0.8794,0.9179,0.9509,1.0276,1.1528,1.2542,1.3073,1.3619,1.4021,1.4246,1.5488,1.4844,1.3722,1.2889,1.2444,1.222,1.1922,1.136,1.0594,0.9697,0.9238,0.9453,0.9578,0.9424,0.9071,0.8602,0.8116,0.7727,0.7515,0.7489,0.7602,0.8351,0.8352,0.8452,0.8679,0.9022,0.9426,0.9851,1.0376,1.1173,1.2288,1.3513,1.2323,1.2537,1.313,1.355,1.4161,1.4365,1.3585,1.2943,1.2678,1.2789,1.2568,1.186,1.1114,1.0444,1.0036,0.9901,0.9737,0.9374,0.8792,0.8039,0.7262,0.6689,0.6477,0.6595,0.6902,0.8833,0.89,0.904,0.9264,0.9566,0.993,1.0356,1.0882,1.1562,1.2418,1.3301,1.2627,1.1499,1.1185,1.2651,1.3257,1.3369,1.3063,1.2771,1.2776,1.2903,1.2733,1.2128,1.1487,1.0952,1.0585,1.0294,0.9903,0.9296,0.8389,0.7158,0.5839,0.4966,0.4871,0.5349,0.6028,0.922,0.932,0.9475,0.9692,0.9967,1.0296,1.068,1.1126,1.1627,1.2119,1.2396,1.2148,1.1219,1.1079,1.2366,1.2853,1.2959,1.2644,1.2123,1.2925,1.3013,1.2734,1.2261,1.1693,1.1218,1.0967,1.0706,1.0111,0.9227,0.7912,0.5917,0.3568,0.2201,0.2557,0.3802,0.5078,0.953,0.9645,0.9804,1.0008,1.0257,1.0548,1.0876,1.1233,1.1594,1.1903,1.2072,1.2041,1.1908,1.2107,1.2743,1.2939,1.2969,1.3011,1.3102,1.4499,1.3918,1.3143,1.2492,1.1832,1.1323,1.1415,1.1407,1.0308,0.915,0.7545,0.4647,0.069,-0.1338,0.0018,0.2388,0.4328,0.9778,0.9899,1.0054,1.0244,1.0467,1.0719,1.0995,1.1281,1.1557,1.1791,1.1954,1.2047,1.2144,1.238,1.2751,1.291,1.311,1.3896,1.6353,1.7578,1.4982,1.3686,1.2895,1.2018,1.1194,1.1306,1.1379,0.9694,0.8912,0.7614,0.4459,-0.043,-0.2845,-0.0893,0.1978,0.4148,0.9977,1.0098,1.0245,1.0419,1.0618,1.0837,1.107,1.1306,1.1531,1.1731,1.1896,1.2038,1.219,1.2392,1.2625,1.284,1.3189,1.3992,1.5426,1.5937,1.4895,1.4315,1.3784,1.254,1.0871,0.9071,0.672,0.7338,0.8732,0.8462,0.6097,0.2271,0.0089,0.102,0.2991,0.4685,1.0137,1.0254,1.0392,1.0551,1.0728,1.0918,1.1118,1.1319,1.1512,1.1691,1.1854,1.2007,1.2167,1.2347,1.2546,1.2779,1.3115,1.3641,1.4265,1.4614,1.4872,1.5791,1.5937,1.3802,1.1032,0.7825,0.4352,0.6507,1.01,1.0477,0.8638,0.5997,0.4184,0.399,0.4742,0.568,1.0265,1.0377,1.0506,1.065,1.0808,1.0975,1.1149,1.1324,1.1494,1.1657,1.1812,1.1963,1.2118,1.2283,1.2467,1.2684,1.2962,1.332,1.3726,1.4196,1.5131,1.7102,1.7725,1.4889,1.1786,0.9281,0.8006,1.0294,1.4007,1.3271,1.0847,0.8589,0.7023,0.6365,0.6395,0.675,1.0368,1.0474,1.0593,1.0724,1.0866,1.1015,1.1168,1.1323,1.1475,1.1623,1.1768,1.191,1.2056,1.2209,1.2376,1.2567,1.2795,1.307,1.3407,1.3884,1.4719,1.5915,1.6096,1.4359,1.2244,1.0755,1.0504,1.2264,1.4565,1.3813,1.1714,0.9898,0.862,0.7899,0.7637,0.7668]},{"header":{"la1":42.85,"la2":41.18,"lo1":11.55,"lo2":14.05,"nx":36,"ny":24,"dx":0.07143,"dy":0.07261,"parameterCategory":2,"parameterNumber":3,"parameterNumberName":"northward_wind","parameterUnit":"m.s-1"},"data":[0.5995,0.6118,0.6232,0.6334,0.642,0.6478,0.6489,0.6432,0.6288,0.6059,0.5767,0.5446,0.5126,0.4833,0.4578,0.4371,0.422,0.4132,0.4113,0.4155,0.4228,0.4285,0.4279,0.419,0.4034,0.3842,0.3643,0.3452,0.3277,0.3121,0.2982,0.2859,0.275,0.2653,0.2567,0.2491,0.6227,0.6384,0.6535,0.668,0.6818,0.6939,0.7014,0.6994,0.6839,0.654,0.6142,0.5707,0.529,0.4919,0.4607,0.4359,0.4183,0.4094,0.4114,0.4243,0.4442,0.4611,0.4645,0.4513,0.427,0.399,0.3719,0.3477,0.3268,0.3089,0.2935,0.2802,0.2686,0.2585,0.2496,0.2417,0.6482,0.668,0.6873,0.7069,0.7279,0.7504,0.7706,0.7788,0.7635,0.722,0.6637,0.6023,0.5467,0.5001,0.4621,0.4319,0.41,0.3995,0.4057,0.4332,0.4781,0.519,0.5284,0.5022,0.4592,0.4158,0.3787,0.3484,0.3238,0.3038,0.2871,0.2729,0.2608,0.2503,0.2412,0.2333,0.6765,0.7014,0.7255,0.75,0.7791,0.8178,0.8637,0.8975,0.8878,0.8235,0.73,0.6389,0.5645,0.5071,0.462,0.4253,0.396,0.3788,0.3855,0.4338,0.53,0.6282,0.6432,0.5779,0.4969,0.4306,0.3814,0.3451,0.3176,0.2959,0.2784,0.2638,0.2514,0.2408,0.2316,0.2237,0.7084,0.7405,0.7699,0.7974,0.8321,0.8914,0.9861,1.0859,1.0988,0.9807,0.814,0.6755,0.5787,0.512,0.4617,0.4181,0.3768,0.3416,0.3332,0.3983,0.5873,0.8226,0.8264,0.6633,0.5239,0.4337,0.3754,0.3356,0.3068,0.2847,0.2671,0.2525,0.2402,0.2296,0.2205,0.2127,0.7445,0.7887,0.827,0.8538,0.8818,0.9533,1.1222,1.3775,1.4656,1.2056,0.897,0.6975,0.5833,0.5146,0.4648,0.4166,0.3592,0.2895,0.2286,0.2765,0.5463,0.9448,0.9232,0.6735,0.5078,0.4137,0.3564,0.3183,0.2909,0.27,0.2531,0.2391,0.2271,0.2168,0.2079,0.2003,0.7832,0.8497,0.9107,0.9375,0.9315,0.9728,1.18,1.6315,1.8593,1.361,0.9088,0.6817,0.573,0.5172,0.4785,0.432,0.3612,0.2571,0.1314,0.1463,0.3507,0.6007,0.6515,0.5355,0.4346,0.3685,0.3246,0.2935,0.2703,0.2518,0.2365,0.2234,0.2121,0.2022,0.1936,0.1863,0.8162,0.9169,1.0353,1.0899,1.0047,0.9414,1.0475,1.3554,1.4981,1.1195,0.7837,0.6201,0.5502,0.5267,0.5171,0.4828,0.4017,0.2901,0.1894,0.1681,0.1593,0.2204,0.3307,0.3591,0.3399,0.3114,0.2854,0.2639,0.2461,0.231,0.2177,0.2058,0.1951,0.1856,0.1774,0.1704,0.8253,0.95,1.143,1.2878,1.0749,0.8802,0.8358,0.8683,0.8403,0.7076,0.5962,0.5389,0.5246,0.5516,0.6107,0.6106,0.4869,0.3445,0.2362,0.1283,-0.0552,-0.0107,0.1638,0.2443,0.2633,0.2579,0.2455,0.2324,0.2201,0.2085,0.1972,0.1864,0.1762,0.167,0.159,0.1524,0.7974,0.8988,1.0344,1.1121,0.9438,0.7833,0.6727,0.582,0.4633,0.4004,0.4383,0.4689,0.5005,0.5776,0.7928,0.9086,0.5913,0.3653,0.2376,0.1321,0.0096,0.0284,0.1338,0.1934,0.213,0.2135,0.2079,0.2011,0.1937,0.1852,0.1756,0.1653,0.1551,0.1458,0.1379,0.1318,0.7445,0.8045,0.844,0.8198,0.7982,0.6943,0.5696,0.456,0.2501,0.1503,0.3399,0.4249,0.4783,0.5502,0.7545,0.911,0.5393,0.2932,0.1785,0.1385,0.1144,0.1197,0.1507,0.1727,0.1775,0.174,0.1714,0.1703,0.1677,0.1619,0.1531,0.1424,0.1314,0.1214,0.1134,0.1078,0.686,0.7245,0.7561,0.781,0.7523,0.6207,0.5138,0.4619,0.342,0.249,0.3413,0.4046,0.4698,0.5458,0.5458,0.5084,0.3335,0.0615,-0.0268,0.0643,0.1213,0.1451,0.1568,0.1555,0.1412,0.1289,0.1313,0.1398,0.1434,0.1396,0.1298,0.117,0.1038,0.0924,0.084,0.0792,0.6287,0.6529,0.6723,0.6764,0.6326,0.5459,0.4905,0.4992,0.4552,0.3647,0.3502,0.3821,0.4381,0.5609,0.5219,0.4102,0.2286,-0.3584,-0.393,-0.0209,0.1083,0.1486,0.1548,0.1355,0.0926,0.0654,0.0854,0.1125,0.1234,0.1191,0.1054,0.0875,0.0701,0.0563,0.0477,0.0445,0.5744,0.5856,0.5889,0.5761,0.5395,0.4918,0.4655,0.4713,0.4337,0.3389,0.3031,0.3584,0.3933,0.4653,0.4212,0.4375,0.3266,-0.0444,-0.1533,0.0369,0.131,0.1619,0.159,0.1246,0.0496,0.0035,0.0525,0.0986,0.1114,0.101,0.0779,0.0505,0.026,0.0089,0.0011,0.0014,0.5256,0.5273,0.5214,0.5043,0.476,0.4438,0.4179,0.3926,0.3323,0.2302,0.1597,0.1993,0.2667,0.213,0.3574,0.4452,0.3163,0.2178,0.128,0.1451,0.1858,0.195,0.1768,0.1406,0.0787,0.0403,0.0764,0.1103,0.1102,0.084,0.0432,-0.0006,-0.0363,-0.0566,-0.0608,-0.0529,0.4833,0.4793,0.469,0.4512,0.4263,0.3968,0.3631,0.3162,0.2341,0.0848,-0.1568,-0.0027,0.0997,0.2026,0.2665,0.305,0.2858,0.2331,0.1874,0.1996,0.2624,0.2477,0.2003,0.1715,0.1484,0.1371,0.147,0.1483,0.1201,0.0651,-0.0061,-0.0778,-0.1301,-0.1512,-0.1441,-0.1206,0.4475,0.4401,0.4277,0.4095,0.3856,0.3559,0.3181,0.2653,0.1839,0.0511,-0.1267,-0.0278,0.0121,0.0103,0.1491,0.1977,0.2052,0.1822,0.1642,0.1924,0.2712,0.2524,0.2046,0.1964,0.215,0.2426,0.2505,0.2157,0.1426,0.0413,-0.0804,-0.2002,-0.2776,-0.2894,-0.2541,-0.2014,0.4174,0.4081,0.3945,0.3764,0.3531,0.3242,0.2876,0.2402,0.178,0.1034,0.0457,0.0399,-0.0032,-0.0169,0.0355,0.0462,0.1068,0.1241,0.1105,0.1422,0.1792,0.1866,0.1824,0.2129,0.2966,0.4079,0.4328,0.328,0.1786,0.011,-0.1869,-0.3904,-0.5039,-0.4796,-0.3854,-0.287,0.392,0.3817,0.3678,0.35,0.328,0.3012,0.2688,0.23,0.1856,0.1406,0.105,0.0809,0.0523,0.0098,-0.1474,-0.2217,0.0101,0.0967,0.1063,0.1097,0.1176,0.122,0.1392,0.211,0.3859,0.6693,0.7309,0.4601,0.2085,-0.0231,-0.304,-0.6247,-0.7804,-0.6802,-0.5035,-0.3563,0.3707,0.3598,0.3461,0.3292,0.3088,0.2848,0.2571,0.2259,0.1926,0.1601,0.1313,0.1048,0.0724,0.0111,-0.1221,-0.1623,-0.0061,0.075,0.0925,0.0931,0.0694,0.0377,0.0482,0.1491,0.3697,0.7121,0.787,0.4479,0.1853,-0.0559,-0.3533,-0.7203,-0.893,-0.7535,-0.545,-0.3826,0.3526,0.3418,0.3285,0.3126,0.2941,0.2729,0.2492,0.2235,0.197,0.1707,0.1456,0.1202,0.0897,0.0469,-0.0031,-0.0123,0.03,0.0629,0.0717,0.0579,-0.0222,-0.142,-0.165,-0.0181,0.2108,0.3944,0.4045,0.3089,0.0949,-0.1094,-0.314,-0.5612,-0.6985,-0.63,-0.4865,-0.3579,0.3373,0.3267,0.314,0.2993,0.2825,0.2638,0.2434,0.2217,0.1994,0.1771,0.1549,0.1321,0.1072,0.0799,0.0559,0.0467,0.0504,0.049,0.0278,-0.0381,-0.2169,-0.5277,-0.613,-0.2957,0.0333,0.2465,0.3753,0.2309,-0.124,-0.2621,-0.3067,-0.3923,-0.463,-0.4514,-0.3831,-0.3029,0.3242,0.314,0.302,0.2885,0.2733,0.2566,0.2387,0.2199,0.2006,0.1811,0.1615,0.1415,0.1211,0.1007,0.0828,0.0691,0.0562,0.0339,-0.0145,-0.1245,-0.3781,-0.8231,-0.9513,-0.4996,-0.1122,0.0874,0.1284,-0.1432,-0.5766,-0.5171,-0.369,-0.3272,-0.3324,-0.3247,-0.2912,-0.2439,0.3131,0.3032,0.292,0.2795,0.2656,0.2507,0.2348,0.2181,0.201,0.1837,0.1662,0.1485,0.1306,0.1129,0.0958,0.0783,0.0569,0.0238,-0.0352,-0.1463,-0.3475,-0.6114,-0.6717,-0.4245,-0.1722,-0.0508,-0.0877,-0.3428,-0.639,-0.5633,-0.3894,-0.3007,-0.2681,-0.2492,-0.225,-0.1937]}]