docs/data/wind_grid.json
[{"header":{"la1":42.85,"la2":41.18,"lo1":11.55,"lo2":14.05,"nx":36,"ny":24,"dx":0.07143,"dy":0.07261,"parameterCategory":2,"parameterNumber":2,"parameterNumberName":"eastward_wind","parameterUnit":"m.s-1"},"data":[-0.734,-0.742,-0.7509,-0.7607,-0.7712,-0.7816,-0.7914,-0.8,-0.8075,-0.8153,-0.8256,-0.8411,-0.8637,-0.8923,-0.922,-0.9438,-0.9496,-0.9374,-0.9124,-0.8822,-0.8523,-0.8254,-0.8021,-0.7821,-0.765,-0.7503,-0.7374,-0.7261,-0.7162,-0.7073,-0.6994,-0.6924,-0.6861,-0.6804,-0.6754,-0.6709,-0.7349,-0.744,-0.7545,-0.7666,-0.7799,-0.7935,-0.8061,-0.8162,-0.8231,-0.8286,-0.837,-0.854,-0.884,-0.9278,-0.9782,-1.0176,-1.0269,-1.0026,-0.9592,-0.9126,-0.871,-0.8366,-0.8086,-0.7856,-0.7666,-0.7505,-0.7367,-0.7247,-0.7141,-0.7049,-0.6967,-0.6894,-0.6829,-0.6771,-0.672,-0.6674,-0.7351,-0.7453,-0.7577,-0.7727,-0.7901,-0.8091,-0.8273,-0.8407,-0.8464,-0.8464,-0.8484,-0.8633,-0.9005,-0.9658,-1.0521,-1.1258,-1.1398,-1.0889,-1.0124,-0.9419,-0.8864,-0.8445,-0.8123,-0.787,-0.7665,-0.7493,-0.7347,-0.7222,-0.7112,-0.7016,-0.6932,-0.6857,-0.6791,-0.6732,-0.668,-0.6635,-0.7342,-0.7454,-0.7597,-0.7781,-0.8013,-0.8292,-0.8584,-0.8806,-0.8857,-0.8739,-0.8605,-0.8655,-0.9052,-0.9932,-1.1306,-1.2642,-1.2834,-1.1818,-1.0574,-0.9608,-0.8938,-0.8468,-0.8124,-0.7858,-0.7644,-0.7467,-0.7316,-0.7186,-0.7074,-0.6975,-0.6889,-0.6813,-0.6746,-0.6686,-0.6634,-0.6589,-0.7319,-0.7437,-0.7594,-0.7809,-0.8109,-0.8518,-0.9023,-0.9473,-0.9564,-0.9201,-0.8742,-0.8571,-0.8882,-0.9836,-1.1561,-1.3461,-1.3698,-1.2204,-1.0643,-0.9576,-0.8889,-0.8424,-0.8085,-0.7821,-0.7605,-0.7425,-0.7271,-0.7139,-0.7025,-0.6925,-0.6837,-0.6761,-0.6693,-0.6634,-0.6582,-0.6537,-0.7279,-0.7395,-0.7555,-0.7786,-0.8138,-0.8688,-0.9519,-1.0482,-1.0774,-0.9897,-0.8849,-0.8343,-0.845,-0.9197,-1.0633,-1.2243,-1.2519,-1.1372,-1.0143,-0.9291,-0.8727,-0.8327,-0.8018,-0.7764,-0.7551,-0.737,-0.7214,-0.7081,-0.6965,-0.6865,-0.6777,-0.67,-0.6632,-0.6573,-0.6522,-0.6478,-0.7224,-0.7327,-0.7472,-0.7687,-0.8031,-0.8627,-0.9691,-1.1285,-1.197,-1.0336,-0.8664,-0.7901,-0.781,-0.823,-0.9063,-0.9961,-1.0275,-0.9913,-0.9369,-0.8907,-0.8536,-0.8222,-0.7945,-0.77,-0.7486,-0.7302,-0.7145,-0.7011,-0.6895,-0.6795,-0.6707,-0.663,-0.6563,-0.6504,-0.6453,-0.641,-0.7155,-0.7239,-0.7352,-0.7515,-0.7771,-0.8212,-0.9017,-1.0264,-1.0737,-0.9254,-0.7849,-0.7202,-0.7049,-0.7245,-0.7711,-0.8276,-0.869,-0.8845,-0.8811,-0.866,-0.8433,-0.8165,-0.7891,-0.7636,-0.7412,-0.7221,-0.7062,-0.6928,-0.6814,-0.6715,-0.6628,-0.6551,-0.6483,-0.6424,-0.6374,-0.6333,-0.7081,-0.7142,-0.7218,-0.7313,-0.744,-0.7614,-0.7846,-0.8041,-0.7816,-0.7144,-0.6637,-0.636,-0.6237,-0.6325,-0.6688,-0.7281,-0.7936,-0.8466,-0.8742,-0.8735,-0.8517,-0.8198,-0.7868,-0.7571,-0.7324,-0.7124,-0.6963,-0.6832,-0.6721,-0.6625,-0.6538,-0.6461,-0.6393,-0.6333,-0.6284,-0.6245,-0.7009,-0.7051,-0.7095,-0.7139,-0.7169,-0.7155,-0.7012,-0.6557,-0.568,-0.5228,-0.5526,-0.5588,-0.541,-0.5359,-0.5754,-0.6642,-0.7796,-0.8832,-0.9359,-0.9282,-0.8848,-0.8326,-0.7858,-0.7487,-0.7209,-0.7002,-0.6846,-0.6722,-0.6618,-0.6525,-0.6439,-0.636,-0.6289,-0.6228,-0.6179,-0.6142,-0.6945,-0.6974,-0.7004,-0.7028,-0.7036,-0.7001,-0.6835,-0.6206,-0.4322,-0.3445,-0.4854,-0.5044,-0.4537,-0.4096,-0.4586,-0.6116,-0.8266,-1.0326,-1.1109,-1.0484,-0.9411,-0.8475,-0.7798,-0.7342,-0.7043,-0.6845,-0.6707,-0.66,-0.6507,-0.6418,-0.633,-0.6246,-0.6169,-0.6104,-0.6054,-0.602,-0.689,-0.6914,-0.6942,-0.6975,-0.7019,-0.7092,-0.7217,-0.7195,-0.5716,-0.45,-0.5068,-0.4816,-0.3722,-0.2198,-0.3,-0.5685,-0.9567,-1.4156,-1.503,-1.238,-0.9967,-0.8449,-0.7568,-0.7074,-0.6802,-0.6648,-0.655,-0.6472,-0.6394,-0.6307,-0.6211,-0.6114,-0.6025,-0.5952,-0.5902,-0.5873,-0.6841,-0.6866,-0.6897,-0.6946,-0.7031,-0.7203,-0.7556,-0.8056,-0.7463,-0.6178,-0.554,-0.4964,-0.3983,-0.1623,-0.2418,-0.5904,-1.1045,-2.0219,-2.0368,-1.3663,-0.9804,-0.7909,-0.7019,-0.6629,-0.6474,-0.6417,-0.6389,-0.6353,-0.629,-0.6198,-0.6082,-0.5958,-0.5846,-0.5761,-0.571,-0.5692,-0.6797,-0.6821,-0.6855,-0.6908,-0.7001,-0.7169,-0.7446,-0.7749,-0.7439,-0.6565,-0.5897,-0.5215,-0.4898,-0.4074,-0.459,-0.7151,-1.0661,-1.5869,-1.6443,-1.1515,-0.811,-0.6543,-0.6052,-0.6004,-0.6088,-0.6188,-0.6256,-0.6268,-0.6215,-0.6098,-0.5936,-0.5762,-0.5609,-0.5506,-0.5461,-0.5465,-0.6754,-0.6775,-0.6806,-0.6852,-0.6924,-0.703,-0.7155,-0.7207,-0.7031,-0.6795,-0.6624,-0.6076,-0.5347,-0.4997,-0.5778,-0.9206,-1.2255,-1.0807,-0.9885,-0.7398,-0.495,-0.4283,-0.4744,-0.5302,-0.573,-0.6027,-0.6202,-0.6257,-0.6191,-0.6015,-0.5763,-0.5493,-0.5274,-0.5151,-0.5127,-0.5176,-0.6711,-0.6728,-0.6752,-0.6785,-0.683,-0.6884,-0.6931,-0.6945,-0.6968,-0.7276,-0.8248,-0.7046,-0.6439,-0.5847,-0.6429,-0.8746,-1.0771,-0.843,-0.6274,-0.4005,-0.1235,-0.1702,-0.3542,-0.4768,-0.5536,-0.6023,-0.6291,-0.6365,-0.6251,-0.5957,-0.5532,-0.509,-0.4767,-0.4637,-0.4676,-0.4815,-0.6668,-0.668,-0.6696,-0.6717,-0.6742,-0.677,-0.6796,-0.6834,-0.6953,-0.7341,-0.8079,-0.733,-0.6809,-0.6753,-0.651,-0.6854,-0.6681,-0.4682,-0.2766,-0.2285,-0.0671,-0.1284,-0.3244,-0.4664,-0.5635,-0.6259,-0.6578,-0.6638,-0.6432,-0.5932,-0.52,-0.4452,-0.3979,-0.3895,-0.4088,-0.4388,-0.6626,-0.6632,-0.6641,-0.6652,-0.6665,-0.668,-0.67,-0.6739,-0.6829,-0.6996,-0.7105,-0.6907,-0.6809,-0.6752,-0.6263,-0.5875,-0.4658,-0.1001,0.2094,-0.0863,-0.1981,-0.2582,-0.3724,-0.4962,-0.6033,-0.6722,-0.7013,-0.7073,-0.6776,-0.5972,-0.473,-0.347,-0.2816,-0.2919,-0.3408,-0.3947,-0.6584,-0.6586,-0.6588,-0.6592,-0.6596,-0.6602,-0.6612,-0.6633,-0.6671,-0.6712,-0.6703,-0.6607,-0.6489,-0.6283,-0.5994,-0.5887,-0.4389,-0.1174,0.0788,-0.098,-0.2168,-0.3126,-0.415,-0.5363,-0.655,-0.7103,-0.7212,-0.7607,-0.7357,-0.6174,-0.4248,-0.23,-0.1508,-0.1959,-0.2826,-0.3611,-0.6544,-0.6541,-0.6538,-0.6535,-0.6532,-0.6529,-0.6528,-0.6528,-0.6527,-0.6514,-0.6467,-0.6372,-0.6228,-0.6022,-0.5859,-0.5686,-0.4458,-0.2558,-0.1297,-0.1093,-0.218,-0.3246,-0.4268,-0.559,-0.7034,-0.7455,-0.7476,-0.881,-0.8395,-0.6715,-0.4249,-0.1866,-0.1011,-0.1638,-0.2657,-0.3525,-0.6505,-0.6498,-0.6491,-0.6482,-0.6472,-0.6461,-0.6448,-0.6431,-0.6406,-0.6365,-0.6297,-0.6191,-0.6039,-0.5839,-0.5602,-0.5211,-0.4375,-0.3191,-0.2126,-0.1887,-0.2544,-0.3134,-0.3842,-0.5355,-0.7589,-1.0048,-1.294,-1.2296,-0.9966,-0.7585,-0.5063,-0.2883,-0.1977,-0.2294,-0.3041,-0.3743,-0.6468,-0.6458,-0.6446,-0.6433,-0.6417,-0.6398,-0.6375,-0.6345,-0.6305,-0.6248,-0.6167,-0.6053,-0.5898,-0.5695,-0.5424,-0.5028,-0.4437,-0.3719,-0.3109,-0.286,-0.2777,-0.2306,-0.2343,-0.4314,-0.7571,-1.1773,-1.5609,-1.4067,-1.0856,-0.8284,-0.611,-0.4407,-0.352,-0.3431,-0.3753,-0.4169,-0.6434,-0.642,-0.6405,-0.6387,-0.6366,-0.6341,-0.631,-0.6272,-0.6221,-0.6155,-0.6067,-0.595,-0.5798,-0.56,-0.5343,-0.5005,-0.4579,-0.4109,-0.3688,-0.3327,-0.2732,-0.1505,-0.1131,-0.3363,-0.6723,-1.0204,-1.253,-1.2122,-1.0262,-0.8382,-0.6773,-0.5522,-0.475,-0.4455,-0.4479,-0.4649,-0.6402,-0.6385,-0.6367,-0.6346,-0.6321,-0.6291,-0.6254,-0.621,-0.6154,-0.6083,-0.5992,-0.5877,-0.5732,-0.5551,-0.5325,-0.505,-0.4731,-0.439,-0.405,-0.367,-0.3091,-0.2306,-0.2249,-0.3757,-0.6076,-0.8316,-0.9742,-0.989,-0.9119,-0.8042,-0.6993,-0.612,-0.5509,-0.5173,-0.5056,-0.5074]},{"header":{"la1":42.85,"la2":41.18,"lo1":11.55,"lo2":14.05,"nx":36,"ny":24,"dx":0.07143,"dy":0.07261,"parameterCategory":2,"parameterNumber":3,"parameterNumberName":"northward_wind","parameterUnit":"m.s-1"},"data":[-0.5553,-0.5443,-0.5313,-0.5166,-0.5008,-0.4848,-0.4701,-0.4582,-0.4494,-0.4427,-0.4355,-0.4247,-0.4083,-0.3865,-0.3633,-0.3457,-0.3402,-0.3484,-0.3659,-0.3871,-0.4076,-0.4255,-0.4406,-0.4532,-0.4638,-0.473,-0.4812,-0.4887,-0.4957,-0.5024,-0.5088,-0.5149,-0.5208,-0.5265,-0.5319,-0.537,-0.5589,-0.5462,-0.5307,-0.5123,-0.4915,-0.4699,-0.45,-0.435,-0.4265,-0.4232,-0.42,-0.4108,-0.3904,-0.358,-0.3192,-0.2883,-0.2804,-0.298,-0.3298,-0.3635,-0.3926,-0.4159,-0.4341,-0.4484,-0.4601,-0.47,-0.4787,-0.4867,-0.4942,-0.5014,-0.5083,-0.515,-0.5214,-0.5275,-0.5334,-0.5388,-0.5642,-0.55,-0.5316,-0.5083,-0.4804,-0.4494,-0.4197,-0.398,-0.39,-0.3944,-0.4015,-0.3985,-0.3755,-0.3279,-0.2618,-0.2044,-0.1931,-0.2316,-0.289,-0.3409,-0.3803,-0.4088,-0.4295,-0.445,-0.4572,-0.4675,-0.4766,-0.485,-0.493,-0.5007,-0.5081,-0.5154,-0.5224,-0.5291,-0.5354,-0.5413,-0.572,-0.5566,-0.5353,-0.5065,-0.4687,-0.4224,-0.3734,-0.336,-0.327,-0.3481,-0.3778,-0.3906,-0.3701,-0.3064,-0.2009,-0.097,-0.0819,-0.1601,-0.2549,-0.3266,-0.3744,-0.4059,-0.4274,-0.443,-0.4552,-0.4655,-0.4747,-0.4835,-0.4919,-0.5002,-0.5083,-0.5163,-0.5239,-0.5312,-0.5381,-0.5445,-0.5831,-0.5674,-0.5443,-0.5103,-0.4608,-0.392,-0.3068,-0.2305,-0.2132,-0.2706,-0.3477,-0.3912,-0.3827,-0.3144,-0.1814,-0.0334,-0.0149,-0.1307,-0.2503,-0.3298,-0.3782,-0.4082,-0.428,-0.4423,-0.4537,-0.4636,-0.4729,-0.482,-0.4909,-0.4999,-0.5089,-0.5176,-0.5261,-0.5342,-0.5417,-0.5485,-0.5978,-0.5837,-0.5611,-0.5248,-0.4662,-0.3724,-0.231,-0.0689,-0.0185,-0.1564,-0.321,-0.4076,-0.4183,-0.3656,-0.2543,-0.1287,-0.1071,-0.1963,-0.2908,-0.3535,-0.3913,-0.4147,-0.4304,-0.4422,-0.4522,-0.4615,-0.4708,-0.4803,-0.49,-0.4999,-0.5099,-0.5197,-0.5291,-0.5381,-0.5463,-0.5538,-0.6163,-0.606,-0.5875,-0.5552,-0.4978,-0.3943,-0.2097,0.0608,0.1746,-0.0849,-0.3407,-0.4532,-0.4748,-0.4433,-0.3775,-0.3075,-0.284,-0.3134,-0.3554,-0.3874,-0.4084,-0.4223,-0.4325,-0.4413,-0.4497,-0.4586,-0.4681,-0.4782,-0.489,-0.5001,-0.5114,-0.5225,-0.5332,-0.5433,-0.5523,-0.5604,-0.6379,-0.6335,-0.6233,-0.6025,-0.5618,-0.4834,-0.3368,-0.1146,-0.0282,-0.2574,-0.4584,-0.5348,-0.5439,-0.5207,-0.4809,-0.439,-0.4122,-0.4056,-0.4099,-0.4163,-0.4219,-0.4268,-0.4319,-0.438,-0.4453,-0.454,-0.4642,-0.4755,-0.4878,-0.5006,-0.5137,-0.5266,-0.5388,-0.5501,-0.5602,-0.5689,-0.661,-0.664,-0.6648,-0.661,-0.6482,-0.6192,-0.5676,-0.5105,-0.5193,-0.5973,-0.638,-0.6333,-0.6122,-0.5848,-0.5512,-0.5137,-0.4798,-0.4551,-0.4398,-0.431,-0.4264,-0.425,-0.4265,-0.4308,-0.4378,-0.4473,-0.4588,-0.472,-0.4864,-0.5016,-0.5171,-0.5322,-0.5465,-0.5593,-0.5705,-0.5798,-0.6835,-0.6942,-0.7067,-0.7209,-0.7368,-0.7538,-0.7736,-0.8102,-0.8847,-0.9061,-0.8062,-0.7151,-0.6654,-0.635,-0.6006,-0.5552,-0.5083,-0.4706,-0.4453,-0.4294,-0.4196,-0.4146,-0.4142,-0.4183,-0.4264,-0.4377,-0.4516,-0.4675,-0.485,-0.5034,-0.5221,-0.5401,-0.5569,-0.5717,-0.584,-0.5939,-0.7031,-0.7206,-0.7431,-0.7727,-0.8118,-0.8622,-0.9198,-0.978,-1.0978,-1.1621,-0.9114,-0.7532,-0.6973,-0.6812,-0.6466,-0.5798,-0.5092,-0.4583,-0.43,-0.4133,-0.4014,-0.3943,-0.3936,-0.3992,-0.41,-0.4247,-0.4422,-0.462,-0.4836,-0.5064,-0.5293,-0.5514,-0.5714,-0.5884,-0.602,-0.612,-0.7182,-0.7403,-0.7696,-0.8094,-0.8644,-0.9393,-1.0307,-1.0951,-1.0864,-1.0692,-0.8753,-0.7404,-0.7112,-0.7483,-0.706,-0.5884,-0.4803,-0.4222,-0.4033,-0.3882,-0.3717,-0.3613,-0.3615,-0.3714,-0.3878,-0.4079,-0.4304,-0.4554,-0.4825,-0.5111,-0.54,-0.5675,-0.5917,-0.6114,-0.6259,-0.6356,-0.7274,-0.7516,-0.7836,-0.8271,-0.8877,-0.973,-1.0876,-1.194,-1.1177,-0.9454,-0.7918,-0.7032,-0.6875,-0.7663,-0.7213,-0.5416,-0.407,-0.3954,-0.394,-0.3581,-0.3247,-0.307,-0.3119,-0.3325,-0.3592,-0.3871,-0.4161,-0.4473,-0.4817,-0.5185,-0.5558,-0.5908,-0.6206,-0.6433,-0.6582,-0.6663,-0.7308,-0.7544,-0.7849,-0.8253,-0.8794,-0.9523,-1.0436,-1.1246,-1.0614,-0.8675,-0.7313,-0.6814,-0.6648,-0.5262,-0.5666,-0.3592,-0.1778,-0.2971,-0.3414,-0.2959,-0.2326,-0.2068,-0.2337,-0.2807,-0.325,-0.3628,-0.3983,-0.4368,-0.4808,-0.5293,-0.5791,-0.6251,-0.6625,-0.6882,-0.702,-0.7061,-0.7288,-0.7499,-0.7759,-0.8083,-0.8482,-0.8949,-0.9403,-0.9552,-0.8876,-0.7629,-0.6755,-0.6405,-0.6082,-0.5923,-0.483,0.0085,0.5234,-0.0211,-0.2321,-0.1787,-0.0246,-0.0078,-0.1175,-0.2215,-0.2897,-0.3347,-0.3742,-0.4205,-0.478,-0.5445,-0.6137,-0.6766,-0.7243,-0.7521,-0.7613,-0.7572,-0.7229,-0.7402,-0.7604,-0.7834,-0.8081,-0.8309,-0.8425,-0.8261,-0.7681,-0.6848,-0.6203,-0.6078,-0.608,-0.5827,-0.4672,-0.0678,0.2901,-0.0911,-0.2605,-0.0568,0.3938,0.3101,-0.0014,-0.1795,-0.2602,-0.2983,-0.3341,-0.3903,-0.4698,-0.5652,-0.6655,-0.755,-0.8167,-0.843,-0.8402,-0.8206,-0.7144,-0.7277,-0.7422,-0.757,-0.7701,-0.778,-0.7746,-0.753,-0.7115,-0.6601,-0.6215,-0.6202,-0.6494,-0.6565,-0.5451,-0.3991,-0.3239,-0.4569,-0.5292,-0.1943,0.4322,0.3247,-0.0214,-0.1882,-0.2353,-0.2333,-0.2532,-0.3308,-0.451,-0.5929,-0.7426,-0.8745,-0.9539,-0.969,-0.9403,-0.8945,-0.7046,-0.7144,-0.7242,-0.7328,-0.7387,-0.7392,-0.7314,-0.7133,-0.6864,-0.658,-0.6387,-0.6369,-0.664,-0.6689,-0.6299,-0.6051,-0.5957,-0.7954,-1.0206,-0.6138,-0.2044,-0.1046,-0.1903,-0.2387,-0.193,-0.0907,-0.0812,-0.2257,-0.4233,-0.6297,-0.8488,-1.0448,-1.1427,-1.1267,-1.0524,-0.9695,-0.6946,-0.7015,-0.7077,-0.7123,-0.7141,-0.7116,-0.7037,-0.69,-0.6725,-0.6553,-0.6433,-0.6402,-0.6468,-0.6617,-0.7323,-0.7661,-0.6947,-0.8099,-0.9232,-0.7379,-0.5389,-0.3997,-0.3507,-0.2977,-0.1377,0.1576,0.2152,-0.1162,-0.4203,-0.6762,-0.9604,-1.2301,-1.3397,-1.2739,-1.1459,-1.0273,-0.685,-0.6897,-0.6934,-0.6955,-0.6952,-0.6918,-0.6848,-0.6746,-0.6627,-0.6513,-0.643,-0.6401,-0.6451,-0.6673,-0.7256,-0.7452,-0.7012,-0.7285,-0.7755,-0.787,-0.6516,-0.5322,-0.4623,-0.3814,-0.2034,0.1604,0.2376,-0.2518,-0.5166,-0.7269,-1.0077,-1.2993,-1.4101,-1.3232,-1.1765,-1.0469,-0.676,-0.6791,-0.6812,-0.6818,-0.6805,-0.677,-0.6712,-0.6635,-0.6549,-0.6468,-0.6408,-0.6385,-0.6422,-0.6552,-0.6757,-0.6828,-0.6772,-0.6916,-0.7249,-0.7251,-0.6534,-0.5934,-0.5551,-0.5007,-0.44,-0.4815,-0.8065,-0.7919,-0.707,-0.7726,-0.9623,-1.1844,-1.2863,-1.238,-1.1288,-1.0221,-0.668,-0.6699,-0.6709,-0.6706,-0.6689,-0.6656,-0.6608,-0.6548,-0.6483,-0.6423,-0.6376,-0.6355,-0.6369,-0.6423,-0.6492,-0.6528,-0.6545,-0.6611,-0.6694,-0.6624,-0.6419,-0.6441,-0.6436,-0.6044,-0.6186,-0.8334,-1.1687,-1.033,-0.8284,-0.7993,-0.8908,-1.0208,-1.099,-1.0933,-1.0367,-0.9674,-0.6608,-0.6619,-0.6622,-0.6615,-0.6596,-0.6566,-0.6526,-0.6478,-0.6427,-0.6379,-0.634,-0.6317,-0.6314,-0.6328,-0.635,-0.6365,-0.6378,-0.6397,-0.6408,-0.639,-0.6441,-0.6735,-0.6838,-0.6492,-0.6682,-0.7977,-0.9395,-0.9149,-0.824,-0.7951,-0.8342,-0.9022,-0.9534,-0.9647,-0.9425,-0.9042,-0.6544,-0.655,-0.6548,-0.6539,-0.652,-0.6493,-0.6459,-0.6419,-0.6378,-0.6338,-0.6304,-0.628,-0.6266,-0.6262,-0.6262,-0.6264,-0.6265,-0.6268,-0.6272,-0.6293,-0.6388,-0.6573,-0.6628,-0.6513,-0.667,-0.7263,-0.7867,-0.7976,-0.7771,-0.77,-0.7907,-0.8269,-0.8584,-0.8718,-0.8657,-0.8466]}]