docs/data/wind_grid.json
[{"header":{"la1":42.85,"la2":41.18,"lo1":11.55,"lo2":14.05,"nx":36,"ny":24,"dx":0.07143,"dy":0.07261,"parameterCategory":2,"parameterNumber":2,"parameterNumberName":"eastward_wind","parameterUnit":"m.s-1"},"data":[0.4056,0.3864,0.3625,0.3342,0.3032,0.2727,0.247,0.2307,0.2274,0.2373,0.258,0.2849,0.3136,0.3408,0.3638,0.3807,0.3892,0.3867,0.3716,0.3444,0.3099,0.2764,0.2518,0.2388,0.2353,0.2367,0.2395,0.2418,0.2428,0.2427,0.2417,0.2402,0.2385,0.2367,0.2351,0.2335,0.4201,0.3981,0.3686,0.3313,0.2877,0.242,0.2014,0.1747,0.169,0.1855,0.2188,0.2603,0.3028,0.3417,0.3746,0.3998,0.4143,0.4137,0.3926,0.3494,0.2917,0.2372,0.2033,0.1939,0.2001,0.2113,0.2213,0.228,0.2316,0.2328,0.2326,0.2315,0.2301,0.2286,0.2271,0.2259,0.4416,0.4178,0.3826,0.3341,0.2725,0.2023,0.1348,0.0874,0.0766,0.1058,0.1621,0.2274,0.2897,0.3441,0.3899,0.4268,0.4522,0.4584,0.432,0.3619,0.2575,0.1598,0.1138,0.1213,0.1516,0.181,0.2016,0.2138,0.22,0.2225,0.2228,0.222,0.2208,0.2196,0.2184,0.2175,0.4726,0.4496,0.4104,0.3496,0.2634,0.1541,0.0365,-0.0552,-0.0781,-0.0209,0.0808,0.1859,0.2759,0.3492,0.4099,0.4625,0.5074,0.5343,0.5128,0.4016,0.198,0.0005,-0.0543,0.011,0.0931,0.1506,0.1837,0.2009,0.2088,0.2118,0.2122,0.2116,0.2106,0.2097,0.2089,0.2084,0.5155,0.4985,0.4608,0.3901,0.2744,0.1065,-0.104,-0.2977,-0.3528,-0.2249,-0.0281,0.1411,0.2658,0.3586,0.434,0.5045,0.5805,0.6593,0.686,0.5333,0.1316,-0.302,-0.3285,-0.1156,0.0455,0.131,0.1722,0.1908,0.1982,0.2005,0.2006,0.1999,0.1992,0.1986,0.1983,0.1984,0.5714,0.5692,0.5443,0.474,0.3311,0.0906,-0.2684,-0.6909,-0.8391,-0.5216,-0.1418,0.1102,0.2674,0.3752,0.4607,0.5449,0.6564,0.8323,1.0291,0.8942,0.2359,-0.498,-0.4751,-0.1409,0.0496,0.1345,0.1699,0.1833,0.1873,0.1878,0.1871,0.1864,0.1861,0.1862,0.1867,0.1875,0.6376,0.6614,0.6689,0.6213,0.4647,0.1656,-0.3246,-1.0413,-1.3584,-0.7331,-0.1754,0.1202,0.2882,0.4016,0.4906,0.5753,0.6954,0.9417,1.3752,1.3054,0.5685,0.0149,-0.103,0.0229,0.1168,0.1587,0.1728,0.1751,0.1736,0.1718,0.1707,0.1705,0.1712,0.1723,0.1739,0.1757,0.7052,0.7617,0.8216,0.8298,0.6737,0.3524,-0.1007,-0.6722,-0.907,-0.4665,-0.0592,0.1757,0.3254,0.4394,0.534,0.6068,0.6837,0.8388,1.0742,0.9859,0.6295,0.4285,0.2734,0.2112,0.1936,0.1816,0.1695,0.1594,0.1531,0.1503,0.1501,0.1516,0.154,0.1568,0.1599,0.163,0.7615,0.841,0.933,0.9885,0.8538,0.5555,0.2179,-0.069,-0.1771,-0.0779,0.0862,0.2359,0.3607,0.4852,0.6202,0.692,0.6862,0.7087,0.7427,0.6775,0.594,0.5585,0.4175,0.3012,0.2269,0.1774,0.1455,0.1279,0.121,0.1209,0.1244,0.1293,0.1346,0.1399,0.1449,0.1495,0.8001,0.8929,0.9835,1.0236,0.981,0.7156,0.4179,0.1915,0.0237,-0.0099,0.1252,0.263,0.369,0.5068,0.7853,0.9318,0.7385,0.6709,0.6505,0.6083,0.5751,0.5347,0.4197,0.2978,0.198,0.1267,0.0862,0.0717,0.0733,0.0823,0.0933,0.104,0.1135,0.1219,0.1292,0.1357,0.8192,0.9359,1.123,1.4443,1.3595,0.8519,0.5185,0.2904,-0.1021,-0.2885,0.0945,0.2688,0.3333,0.4125,0.7069,0.9263,0.7196,0.6913,0.6782,0.6133,0.5392,0.4626,0.3542,0.2236,0.0974,0.0083,-0.0253,-0.0171,0.0082,0.0352,0.0584,0.077,0.0917,0.1036,0.1134,0.1217,0.8098,0.9272,1.1254,1.4076,1.3088,0.8288,0.5688,0.4786,0.1955,-0.0226,0.1962,0.2825,0.2688,0.205,0.3251,0.5345,0.6572,0.8391,0.8653,0.6879,0.5295,0.4017,0.2636,0.0909,-0.0976,-0.2166,-0.2115,-0.1417,-0.0701,-0.0155,0.0233,0.0508,0.0708,0.0861,0.0982,0.1082,0.7716,0.8537,0.9579,1.0325,0.9347,0.7117,0.589,0.6079,0.5258,0.3688,0.3347,0.2788,0.2284,0.1361,0.2185,0.4435,0.6548,1.2367,1.2535,0.7621,0.5055,0.3365,0.1648,-0.081,-0.4131,-0.6008,-0.4774,-0.2824,-0.1447,-0.0596,-0.0064,0.0285,0.0527,0.0704,0.0842,0.0956,0.7208,0.7656,0.8034,0.8053,0.7425,0.6475,0.5902,0.5866,0.5592,0.5014,0.4403,0.2454,0.1606,0.1357,0.3298,0.438,0.5719,0.9108,0.965,0.6422,0.4055,0.2455,0.0803,-0.2072,-0.7007,-0.9836,-0.6865,-0.3685,-0.186,-0.0851,-0.0253,0.0129,0.0389,0.0578,0.0723,0.0843,0.6735,0.6955,0.7067,0.6969,0.6632,0.6214,0.5939,0.5866,0.597,0.6422,0.6711,0.5428,0.3416,0.118,0.3948,0.4616,0.824,0.6754,0.5887,0.4041,0.2084,0.1117,0.025,-0.1862,-0.5605,-0.7834,-0.5786,-0.3291,-0.1759,-0.0867,-0.0313,0.0052,0.0305,0.0488,0.063,0.0748,0.6359,0.6472,0.6507,0.6438,0.6284,0.6127,0.6073,0.6225,0.6803,0.8405,1.1796,0.842,0.6918,0.5198,0.5438,0.627,0.7591,0.5714,0.3804,0.1726,-0.081,-0.0631,-0.0166,-0.1061,-0.2691,-0.3698,-0.3224,-0.2203,-0.1347,-0.0726,-0.0275,0.0052,0.0283,0.0446,0.0568,0.0673,0.6078,0.6149,0.6176,0.6158,0.6119,0.6113,0.6214,0.6533,0.7281,0.8887,1.1404,0.9708,1.0562,1.1456,0.8009,0.6985,0.5813,0.3309,0.0955,0.0197,-0.1368,-0.1029,-0.036,-0.0656,-0.1308,-0.1736,-0.1714,-0.14,-0.0985,-0.0568,-0.0187,0.0127,0.034,0.0464,0.0545,0.0622,0.5869,0.5928,0.5966,0.599,0.6023,0.6102,0.6281,0.6632,0.7244,0.8142,0.8957,0.9382,1.1535,1.2286,1.1036,1.0388,0.6193,-0.0149,-0.4685,-0.1488,-0.0618,-0.05,-0.0443,-0.0663,-0.1024,-0.1304,-0.1345,-0.1144,-0.0835,-0.0478,-0.008,0.0296,0.0514,0.0562,0.0564,0.0592,0.5708,0.5766,0.5817,0.587,0.5943,0.6062,0.626,0.6574,0.7024,0.7578,0.8147,0.8814,0.9896,1.1521,1.7359,1.9995,0.8795,0.0388,-0.3352,-0.2175,-0.1165,-0.081,-0.085,-0.0999,-0.1223,-0.1597,-0.1672,-0.1209,-0.0831,-0.048,0.0005,0.0556,0.0811,0.0721,0.06,0.0568,0.5576,0.5635,0.5695,0.5765,0.5856,0.5985,0.6173,0.6435,0.6775,0.7182,0.765,0.8252,0.9207,1.1251,1.6074,1.7244,0.8895,0.1983,-0.2428,-0.3532,-0.1924,-0.1691,-0.1834,-0.1698,-0.1471,-0.1647,-0.1711,-0.1046,-0.0833,-0.0616,-0.0084,0.0647,0.096,0.0775,0.0583,0.0523,0.5461,0.552,0.5584,0.5658,0.5753,0.5877,0.6041,0.6254,0.6516,0.6826,0.7195,0.7671,0.8375,0.9511,1.0837,1.0226,0.6581,0.2325,-0.1027,-0.2233,-0.2457,-0.3634,-0.4168,-0.3166,-0.1848,-0.0904,0.0002,-0.0264,-0.0928,-0.1041,-0.0549,0.0192,0.0583,0.0547,0.045,0.0435,0.5354,0.5411,0.5474,0.5546,0.5634,0.5743,0.588,0.6046,0.6242,0.6468,0.6728,0.7035,0.7405,0.7785,0.7856,0.6979,0.4944,0.2409,0.014,-0.1652,-0.4132,-0.8184,-0.9407,-0.5909,-0.2678,-0.0626,0.0869,-0.0072,-0.184,-0.2106,-0.1403,-0.0577,-0.0052,0.0156,0.0239,0.0316,0.525,0.5303,0.5361,0.5426,0.5502,0.5592,0.5698,0.5821,0.5958,0.6105,0.6258,0.6405,0.6516,0.6504,0.6188,0.5353,0.3952,0.2193,0.0283,-0.2011,-0.5817,-1.1861,-1.3559,-0.8031,-0.3621,-0.1457,-0.0747,-0.201,-0.4208,-0.3733,-0.2329,-0.1249,-0.0574,-0.0192,0.0035,0.0199,0.5148,0.5195,0.5245,0.53,0.5361,0.543,0.5506,0.5588,0.5672,0.575,0.581,0.5834,0.5782,0.5588,0.5158,0.4405,0.3308,0.1918,0.0238,-0.1956,-0.5144,-0.8947,-0.9874,-0.6811,-0.3751,-0.2154,-0.1882,-0.3003,-0.4537,-0.4017,-0.2637,-0.1562,-0.0856,-0.0404,-0.0104,0.0117]},{"header":{"la1":42.85,"la2":41.18,"lo1":11.55,"lo2":14.05,"nx":36,"ny":24,"dx":0.07143,"dy":0.07261,"parameterCategory":2,"parameterNumber":3,"parameterNumberName":"northward_wind","parameterUnit":"m.s-1"},"data":[-0.1636,-0.1802,-0.1999,-0.2225,-0.247,-0.2713,-0.2925,-0.3071,-0.3127,-0.309,-0.298,-0.2829,-0.2666,-0.2512,-0.2378,-0.2272,-0.2201,-0.2173,-0.2195,-0.2261,-0.2347,-0.2411,-0.2415,-0.2341,-0.22,-0.2017,-0.1815,-0.1611,-0.1412,-0.1223,-0.1047,-0.0882,-0.073,-0.059,-0.0461,-0.0344,-0.1595,-0.1782,-0.2019,-0.2307,-0.2641,-0.2993,-0.3314,-0.3539,-0.3615,-0.3535,-0.334,-0.3096,-0.2852,-0.2635,-0.2453,-0.2311,-0.2215,-0.2182,-0.2233,-0.2373,-0.2565,-0.2726,-0.2768,-0.2664,-0.2456,-0.2201,-0.1936,-0.1683,-0.1447,-0.123,-0.1031,-0.0849,-0.0684,-0.0533,-0.0397,-0.0273,-0.1513,-0.1716,-0.1992,-0.2356,-0.2815,-0.3342,-0.3861,-0.4241,-0.4356,-0.4183,-0.3825,-0.3421,-0.3057,-0.2758,-0.2517,-0.2324,-0.2182,-0.2121,-0.2199,-0.2462,-0.2866,-0.3227,-0.3325,-0.3131,-0.2783,-0.2406,-0.2055,-0.1742,-0.1464,-0.1218,-0.0998,-0.08,-0.0622,-0.0461,-0.0317,-0.0188,-0.1379,-0.1582,-0.1883,-0.2327,-0.2951,-0.3756,-0.4647,-0.5364,-0.557,-0.518,-0.4483,-0.3802,-0.3267,-0.2873,-0.2568,-0.2309,-0.2082,-0.1932,-0.1991,-0.2435,-0.328,-0.4099,-0.4251,-0.378,-0.3155,-0.2601,-0.2146,-0.1771,-0.1455,-0.1182,-0.0942,-0.0729,-0.054,-0.037,-0.022,-0.0086,-0.1181,-0.1353,-0.1646,-0.2146,-0.2956,-0.417,-0.5756,-0.7267,-0.772,-0.6763,-0.5331,-0.4193,-0.3451,-0.2971,-0.2617,-0.2285,-0.1916,-0.1529,-0.1374,-0.2001,-0.3702,-0.557,-0.5633,-0.4489,-0.3456,-0.2717,-0.2175,-0.1753,-0.1407,-0.1114,-0.0859,-0.0634,-0.0434,-0.0258,-0.0102,0.0034,-0.092,-0.1014,-0.1229,-0.1707,-0.2658,-0.4345,-0.7044,-1.0378,-1.1574,-0.9065,-0.6185,-0.4456,-0.355,-0.3046,-0.2688,-0.2306,-0.1756,-0.0898,0.0031,-0.0542,-0.337,-0.6474,-0.6349,-0.4678,-0.3468,-0.2674,-0.2108,-0.1671,-0.1314,-0.101,-0.0744,-0.051,-0.0303,-0.0121,0.0039,0.0177,-0.0616,-0.0578,-0.0609,-0.0921,-0.1869,-0.3831,-0.7444,-1.317,-1.5773,-1.0677,-0.6358,-0.4374,-0.3515,-0.3105,-0.2822,-0.2462,-0.1817,-0.0539,0.1563,0.1233,-0.2189,-0.4478,-0.481,-0.3973,-0.3123,-0.246,-0.1945,-0.1528,-0.1176,-0.0869,-0.0598,-0.0357,-0.0144,0.0043,0.0205,0.0344,-0.032,-0.0129,0.0126,0.0157,-0.0668,-0.2482,-0.5518,-0.9983,-1.192,-0.8282,-0.5238,-0.3894,-0.3374,-0.3184,-0.3069,-0.2821,-0.226,-0.1255,-0.0004,-0.0577,-0.2828,-0.3622,-0.3577,-0.3184,-0.2657,-0.2155,-0.1718,-0.1339,-0.1001,-0.0696,-0.0421,-0.0173,0.0047,0.0238,0.0402,0.0539,-0.0097,0.0174,0.0631,0.1004,0.0258,-0.101,-0.2612,-0.4384,-0.5119,-0.4445,-0.3672,-0.33,-0.3234,-0.3332,-0.3493,-0.3431,-0.291,-0.2231,-0.188,-0.269,-0.4628,-0.4388,-0.334,-0.272,-0.2251,-0.1843,-0.1475,-0.1132,-0.0806,-0.0499,-0.0214,0.0045,0.0273,0.0469,0.0633,0.0766,0.0031,0.025,0.0527,0.0682,0.0389,0.013,-0.0241,-0.1011,-0.206,-0.2619,-0.2692,-0.2891,-0.3177,-0.3514,-0.4109,-0.439,-0.3483,-0.2704,-0.2393,-0.2858,-0.3983,-0.3853,-0.2932,-0.2309,-0.1901,-0.1577,-0.1269,-0.0946,-0.0613,-0.0285,0.0023,0.0299,0.054,0.0742,0.0904,0.1031,0.0107,0.0257,0.0323,0.0149,0.0283,0.1194,0.2171,0.1781,-0.1686,-0.3353,-0.231,-0.272,-0.3214,-0.355,-0.4125,-0.4484,-0.3558,-0.2611,-0.2107,-0.2197,-0.2535,-0.2537,-0.2185,-0.1849,-0.1629,-0.144,-0.118,-0.0831,-0.0441,-0.0058,0.0293,0.06,0.0859,0.1067,0.1226,0.1341,0.0176,0.032,0.0383,0.0253,0.0605,0.2611,0.5626,0.7499,0.2785,-0.1248,-0.1726,-0.2763,-0.3356,-0.3318,-0.369,-0.4075,-0.3395,-0.1638,-0.0912,-0.1347,-0.1599,-0.1609,-0.1511,-0.1488,-0.1605,-0.1648,-0.1362,-0.0846,-0.0299,0.0194,0.0615,0.0965,0.1246,0.146,0.161,0.1705,0.0239,0.0423,0.0622,0.0909,0.1779,0.4094,0.8262,1.2921,0.9207,0.2164,-0.1405,-0.3042,-0.371,-0.3284,-0.3868,-0.5192,-0.4097,0.0954,0.1421,-0.0627,-0.0961,-0.0928,-0.0967,-0.1322,-0.2111,-0.2595,-0.1976,-0.098,-0.0138,0.0512,0.102,0.1421,0.1727,0.1943,0.2075,0.2137,0.0275,0.0496,0.0801,0.1305,0.2292,0.4178,0.716,1.0191,0.7947,0.1777,-0.1882,-0.327,-0.3759,-0.6485,-0.6189,-0.8492,-0.6961,-0.2147,-0.0298,-0.062,-0.0403,-0.0236,-0.0379,-0.1122,-0.2849,-0.3969,-0.2596,-0.0942,0.0189,0.0971,0.1556,0.2008,0.234,0.2549,0.2645,0.265,0.0263,0.0483,0.0794,0.1265,0.2008,0.3108,0.4389,0.4909,0.303,-0.0335,-0.2678,-0.3991,-0.5696,-0.8801,-0.7158,-0.9389,-0.9723,-0.5184,-0.1827,-0.0255,0.0451,0.0622,0.0421,-0.0347,-0.1934,-0.2937,-0.1777,-0.0252,0.0842,0.1636,0.2268,0.2776,0.3138,0.3326,0.3352,0.3261,0.0203,0.0387,0.0631,0.0956,0.1374,0.1823,0.2071,0.1641,0.0153,-0.1879,-0.3104,-0.4619,-0.5206,-0.6243,-0.6204,-0.7098,-0.7872,-0.3805,-0.018,0.1253,0.1214,0.1283,0.1322,0.0896,0.0147,-0.0267,0.0188,0.1011,0.1788,0.2495,0.3176,0.3786,0.4205,0.4344,0.4234,0.3979,0.0109,0.0239,0.0394,0.0568,0.073,0.08,0.0628,0.0021,-0.1074,-0.2367,-0.3175,-0.414,-0.5882,-0.6539,-0.5024,-0.4235,-0.2584,0.1646,0.5255,0.4132,0.1642,0.182,0.2306,0.2171,0.1873,0.1745,0.1913,0.2288,0.2795,0.3448,0.427,0.5128,0.568,0.5698,0.5316,0.4788,0.0002,0.0079,0.0155,0.0213,0.0218,0.0113,-0.0182,-0.0731,-0.1514,-0.2384,-0.3168,-0.4084,-0.5821,-0.6095,-0.3799,-0.2169,0.1094,0.9101,1.6036,0.9619,0.5543,0.4153,0.3786,0.3451,0.3113,0.2874,0.2887,0.3191,0.3652,0.4351,0.5489,0.6897,0.772,0.743,0.6537,0.5604,-0.0099,-0.0065,-0.0048,-0.0062,-0.0136,-0.0303,-0.06,-0.1044,-0.1607,-0.2218,-0.2814,-0.3409,-0.3909,-0.3597,-0.2675,-0.2342,0.2007,0.9821,1.4993,1.3817,0.9831,0.6932,0.5585,0.476,0.3934,0.2883,0.2666,0.3668,0.434,0.5059,0.6572,0.8858,1.0076,0.9182,0.7593,0.6241,-0.0182,-0.018,-0.0198,-0.025,-0.0353,-0.0526,-0.0782,-0.112,-0.1517,-0.1927,-0.23,-0.2574,-0.2622,-0.2301,-0.2019,-0.1505,0.2503,0.8901,1.7408,2.0639,1.2972,0.9151,0.754,0.6305,0.4969,0.318,0.2795,0.4764,0.5102,0.5401,0.6883,0.9601,1.1024,0.9804,0.7942,0.6465,-0.0243,-0.0258,-0.0294,-0.036,-0.0464,-0.0616,-0.0818,-0.1061,-0.1325,-0.1575,-0.1762,-0.1827,-0.1694,-0.1317,-0.071,0.0559,0.347,0.81,1.3728,1.5558,1.2546,1.1144,1.041,0.861,0.6909,0.6748,0.8768,0.7878,0.5775,0.5098,0.6041,0.8068,0.9279,0.8663,0.7372,0.6209,-0.0279,-0.0303,-0.0344,-0.0408,-0.0499,-0.0618,-0.0765,-0.0927,-0.1084,-0.1209,-0.1259,-0.1189,-0.0942,-0.0465,0.0328,0.1666,0.3824,0.6725,0.9612,1.1221,1.2319,1.5179,1.5981,1.197,0.8754,0.8799,1.1473,0.9004,0.4569,0.3545,0.4469,0.5915,0.6886,0.6909,0.635,0.5656,-0.0292,-0.0317,-0.0355,-0.0409,-0.0479,-0.0564,-0.0659,-0.0753,-0.0828,-0.0858,-0.0811,-0.0651,-0.0332,0.0196,0.1004,0.2191,0.382,0.579,0.7815,0.9844,1.3006,1.8655,2.0344,1.4306,0.966,0.8221,0.7985,0.4816,0.0291,0.0916,0.288,0.4353,0.5234,0.5529,0.5395,0.5052,-0.0286,-0.0307,-0.0337,-0.0376,-0.0424,-0.0476,-0.0527,-0.0565,-0.0576,-0.0537,-0.0425,-0.0208,0.0148,0.0679,0.1431,0.2442,0.3725,0.5232,0.6917,0.8945,1.1866,1.5532,1.6354,1.2858,0.9335,0.732,0.5684,0.268,-0.0322,0.0413,0.2272,0.3566,0.4315,0.4651,0.4687,0.4537]}]