docs/data/wind_grid.json
{"header": {"la1":42.1,"la2":41.55,"lo1":12.1,"lo2":12.95,"nx":50,"ny":50,"dx":0.01735,"dy":0.01122,"parameterCategory":2,"parameterNumber":3,"parameterNumberName":"northward_wind","parameterUnit":"m.s-1"}, "data":
[rows 0 to 40 of 50, columns 0 to 49 of 50]
0.1395,0.0804,0.0343,0.0079,0.0003,0.0018,-0.0007,-0.0167,-0.0488,-0.0943,-0.1478,-0.204,-0.259,-0.3103,-0.3565,-0.3974,-0.4329,-0.4636,-0.4898,-0.5118,-0.5293,-0.542,-0.5491,-0.5502,-0.5453,-0.5353,-0.5209,-0.5031,-0.4826,-0.46,-0.4355,-0.4092,-0.3814,-0.3521,-0.3219,-0.2915,-0.2617,-0.2338,-0.2089,-0.1879,-0.1716,-0.1602,-0.1532,-0.1501,-0.15,-0.1521,-0.1555,-0.1596,-0.1639,-0.1681
0.1733,0.104,0.0483,0.0153,0.0042,0.0044,0.001,-0.0165,-0.051,-0.0993,-0.1557,-0.2145,-0.2717,-0.3245,-0.3718,-0.4132,-0.4492,-0.4802,-0.5068,-0.5295,-0.548,-0.5615,-0.5689,-0.5696,-0.5636,-0.5517,-0.5351,-0.5152,-0.4926,-0.468,-0.4414,-0.4131,-0.3829,-0.3511,-0.318,-0.2845,-0.2517,-0.2208,-0.1935,-0.1709,-0.1538,-0.1424,-0.1364,-0.1347,-0.1363,-0.1401,-0.1452,-0.1508,-0.1564,-0.1617
0.221,0.1408,0.0744,0.0325,0.0152,0.011,0.004,-0.017,-0.055,-0.1065,-0.1658,-0.2271,-0.2861,-0.3402,-0.3883,-0.43,-0.466,-0.497,-0.5239,-0.5473,-0.5668,-0.5814,-0.5895,-0.5898,-0.5823,-0.5683,-0.5494,-0.5271,-0.5024,-0.4757,-0.4472,-0.4167,-0.3841,-0.3496,-0.3135,-0.2767,-0.2403,-0.2062,-0.1761,-0.1516,-0.1337,-0.1227,-0.1178,-0.1179,-0.1216,-0.1275,-0.1346,-0.1419,-0.1489,-0.1554
0.2856,0.1945,0.1159,0.0627,0.0357,0.0232,0.0092,-0.0176,-0.0603,-0.1158,-0.1781,-0.2417,-0.3024,-0.3575,-0.4059,-0.4476,-0.4833,-0.5139,-0.5408,-0.5647,-0.5854,-0.6014,-0.6104,-0.6104,-0.6014,-0.5849,-0.5634,-0.5387,-0.5118,-0.4831,-0.4526,-0.42,-0.3852,-0.3479,-0.3086,-0.268,-0.2277,-0.1898,-0.1565,-0.1299,-0.1113,-0.1008,-0.0976,-0.0999,-0.1061,-0.1144,-0.1236,-0.1328,-0.1414,-0.1491
0.3695,0.2675,0.1751,0.1075,0.0668,0.0418,0.0172,-0.0179,-0.0668,-0.1268,-0.1923,-0.2582,-0.3204,-0.3763,-0.4249,-0.4661,-0.5009,-0.5307,-0.557,-0.5812,-0.6031,-0.621,-0.6313,-0.6311,-0.6202,-0.601,-0.5766,-0.5494,-0.5205,-0.49,-0.4577,-0.4232,-0.3861,-0.346,-0.3033,-0.2587,-0.214,-0.1717,-0.1348,-0.1058,-0.0865,-0.0769,-0.0757,-0.0808,-0.0899,-0.101,-0.1126,-0.1238,-0.134,-0.143
0.4736,0.3604,0.2523,0.1669,0.1082,0.0667,0.0281,-0.0177,-0.0742,-0.1393,-0.2083,-0.2765,-0.34,-0.3966,-0.4451,-0.4856,-0.5191,-0.5473,-0.5724,-0.5963,-0.6193,-0.6393,-0.6513,-0.651,-0.6379,-0.6158,-0.5886,-0.559,-0.5282,-0.4962,-0.4624,-0.4263,-0.387,-0.3442,-0.2979,-0.249,-0.1994,-0.1522,-0.111,-0.0795,-0.0595,-0.0511,-0.0524,-0.0608,-0.0733,-0.0875,-0.1018,-0.1151,-0.127,-0.1372
0.5964,0.4715,0.3453,0.2386,0.1581,0.0965,0.0413,-0.017,-0.0822,-0.153,-0.2257,-0.2963,-0.3612,-0.4184,-0.4667,-0.5062,-0.5378,-0.5638,-0.5868,-0.6095,-0.6331,-0.6552,-0.6692,-0.6688,-0.6535,-0.6283,-0.5985,-0.567,-0.5348,-0.5017,-0.4668,-0.4292,-0.3881,-0.3427,-0.2929,-0.2394,-0.1844,-0.1316,-0.0857,-0.0511,-0.0305,-0.0237,-0.0283,-0.0405,-0.0568,-0.0744,-0.0914,-0.1069,-0.1204,-0.1318
0.7341,0.5967,0.4499,0.3188,0.2135,0.1294,0.0558,-0.0162,-0.0909,-0.1678,-0.2444,-0.3174,-0.3839,-0.4418,-0.49,-0.5283,-0.5577,-0.5805,-0.6002,-0.6205,-0.6436,-0.6672,-0.6832,-0.6828,-0.6653,-0.6375,-0.6057,-0.573,-0.5401,-0.5063,-0.4707,-0.4322,-0.3896,-0.3419,-0.2886,-0.2304,-0.1696,-0.1107,-0.0594,-0.0215,-0.0004,0.0044,-0.0038,-0.0204,-0.0408,-0.062,-0.0818,-0.0994,-0.1144,-0.1269
0.8799,0.7292,0.56,0.4024,0.2707,0.163,0.0703,-0.0159,-0.1002,-0.1835,-0.2641,-0.3397,-0.408,-0.4669,-0.5153,-0.5524,-0.5792,-0.5981,-0.6132,-0.6294,-0.65,-0.6737,-0.6909,-0.6905,-0.6716,-0.6423,-0.6097,-0.5768,-0.5439,-0.5101,-0.4744,-0.4355,-0.3918,-0.3421,-0.2856,-0.2228,-0.1561,-0.0905,-0.0333,0.0082,0.0298,0.0322,0.0198,-0.0014,-0.0261,-0.0508,-0.0734,-0.0929,-0.1093,-0.1227
1.0249,0.8606,0.6685,0.484,0.3258,0.1948,0.0833,-0.0167,-0.1105,-0.1999,-0.2845,-0.3629,-0.4332,-0.4937,-0.5428,-0.5792,-0.6032,-0.6174,-0.6265,-0.6367,-0.6526,-0.6738,-0.6906,-0.6901,-0.6711,-0.6422,-0.6105,-0.5785,-0.5464,-0.5133,-0.478,-0.4391,-0.3949,-0.3439,-0.2848,-0.2176,-0.145,-0.0725,-0.0091,0.0363,0.0584,0.0581,0.0413,0.0154,-0.0135,-0.0415,-0.0665,-0.0877,-0.1051,-0.1192
1.1581,0.9813,0.7677,0.5579,0.3749,0.2222,0.0934,-0.0193,-0.1218,-0.2169,-0.3052,-0.3864,-0.4593,-0.5221,-0.5728,-0.6094,-0.6309,-0.6396,-0.6414,-0.6437,-0.6526,-0.6682,-0.6821,-0.6814,-0.664,-0.6376,-0.6083,-0.5784,-0.5479,-0.516,-0.4817,-0.4434,-0.3994,-0.3477,-0.2867,-0.2159,-0.1378,-0.0587,0.0111,0.0605,0.083,0.0801,0.0591,0.0288,-0.0039,-0.0347,-0.0615,-0.0839,-0.1021,-0.1166
1.2684,1.0814,0.8499,0.6188,0.4145,0.2431,0.0993,-0.0244,-0.1343,-0.2343,-0.326,-0.41,-0.4858,-0.5519,-0.6056,-0.6436,-0.6633,-0.6661,-0.659,-0.6518,-0.6518,-0.6597,-0.6684,-0.667,-0.6524,-0.63,-0.6043,-0.5771,-0.5486,-0.5185,-0.4856,-0.4486,-0.4055,-0.3541,-0.2921,-0.2188,-0.1363,-0.0512,0.0245,0.0777,0.1009,0.0959,0.0713,0.0374,0.0019,-0.0308,-0.0588,-0.0819,-0.1004,-0.1149
1.346,1.1526,0.9088,0.6621,0.4417,0.2556,0.1001,-0.0323,-0.1481,-0.2517,-0.3461,-0.4327,-0.5118,-0.5822,-0.6407,-0.6823,-0.7015,-0.6978,-0.68,-0.6618,-0.6519,-0.6513,-0.6539,-0.6512,-0.6396,-0.6215,-0.5995,-0.5753,-0.5492,-0.5211,-0.4902,-0.4551,-0.4137,-0.3635,-0.3018,-0.2274,-0.1418,-0.0522,0.0283,0.0851,0.1092,0.1029,0.0762,0.0402,0.0033,-0.0302,-0.0586,-0.0816,-0.0999,-0.1141
1.384,1.1887,0.9397,0.6846,0.4543,0.2585,0.0949,-0.0433,-0.1629,-0.2689,-0.3651,-0.4538,-0.5362,-0.6118,-0.6771,-0.725,-0.7458,-0.7352,-0.7043,-0.6731,-0.6533,-0.6449,-0.642,-0.6379,-0.6286,-0.6139,-0.5953,-0.5738,-0.55,-0.5242,-0.4956,-0.463,-0.4242,-0.3763,-0.3163,-0.2423,-0.1557,-0.0635,0.0204,0.0799,0.1055,0.0994,0.0724,0.0364,-0.0004,-0.0333,-0.061,-0.0832,-0.1007,-0.1141
1.3801,1.1878,0.9407,0.685,0.4514,0.2513,0.0837,-0.0574,-0.1786,-0.2854,-0.3822,-0.4722,-0.5576,-0.6387,-0.7124,-0.7697,-0.795,-0.7774,-0.7304,-0.6839,-0.6543,-0.64,-0.6337,-0.6287,-0.6208,-0.6085,-0.5923,-0.573,-0.5514,-0.5279,-0.5021,-0.4726,-0.4373,-0.3929,-0.336,-0.2642,-0.1786,-0.086,-0.0007,0.0607,0.0883,0.0843,0.0594,0.0256,-0.009,-0.04,-0.0658,-0.0865,-0.1026,-0.1149
1.3365,1.1515,0.913,0.6637,0.4333,0.2342,0.0666,-0.0744,-0.195,-0.3009,-0.3969,-0.487,-0.5742,-0.6602,-0.7427,-0.8114,-0.8443,-0.8204,-0.7549,-0.6918,-0.6532,-0.6351,-0.6279,-0.6235,-0.6166,-0.6057,-0.5908,-0.5731,-0.5534,-0.5324,-0.5098,-0.4842,-0.4533,-0.4135,-0.361,-0.293,-0.2103,-0.1196,-0.0347,0.0278,0.0581,0.0581,0.0377,0.0083,-0.0223,-0.0499,-0.0729,-0.0912,-0.1055,-0.1163
1.2598,1.085,0.8602,0.6232,0.4016,0.2081,0.0442,-0.0938,-0.2116,-0.3148,-0.4085,-0.4971,-0.5846,-0.6735,-0.7627,-0.8419,-0.8832,-0.8546,-0.7719,-0.6939,-0.6483,-0.6287,-0.6232,-0.6209,-0.6153,-0.605,-0.5908,-0.5741,-0.5562,-0.5378,-0.5188,-0.4979,-0.4724,-0.4383,-0.3914,-0.3285,-0.2502,-0.1629,-0.0799,-0.0168,0.0169,0.0224,0.0086,-0.0145,-0.0395,-0.0624,-0.0817,-0.0971,-0.109,-0.1181
1.1583,0.9957,0.7878,0.5672,0.3585,0.1745,0.0175,-0.1151,-0.2282,-0.3271,-0.4169,-0.5023,-0.5877,-0.6761,-0.7674,-0.8514,-0.8973,-0.8663,-0.7746,-0.6897,-0.6406,-0.6206,-0.6186,-0.6201,-0.6161,-0.606,-0.5919,-0.5759,-0.5596,-0.544,-0.5293,-0.5139,-0.4948,-0.4675,-0.4271,-0.3701,-0.2968,-0.2137,-0.1332,-0.0697,-0.032,-0.0198,-0.0257,-0.041,-0.0593,-0.0768,-0.0917,-0.1037,-0.113,-0.12
1.0414,0.8916,0.7022,0.5002,0.3072,0.1352,-0.0125,-0.1377,-0.2445,-0.3377,-0.4221,-0.5025,-0.5832,-0.6674,-0.7547,-0.8346,-0.8771,-0.8465,-0.7604,-0.6816,-0.6339,-0.6128,-0.6146,-0.621,-0.6187,-0.6083,-0.5938,-0.5781,-0.5634,-0.551,-0.5412,-0.5324,-0.5209,-0.5014,-0.468,-0.417,-0.3487,-0.2694,-0.1911,-0.1269,-0.0849,-0.0653,-0.0626,-0.0696,-0.0805,-0.092,-0.1021,-0.1104,-0.1169,-0.1217
0.9174,0.7803,0.6094,0.4267,0.2507,0.0923,-0.0447,-0.1612,-0.2605,-0.3468,-0.4246,-0.4984,-0.5722,-0.6486,-0.7265,-0.7952,-0.8289,-0.8026,-0.7353,-0.6745,-0.634,-0.6109,-0.6147,-0.6252,-0.6232,-0.6117,-0.5962,-0.5805,-0.5675,-0.5587,-0.5546,-0.5534,-0.5507,-0.5399,-0.5138,-0.4682,-0.4038,-0.3272,-0.2501,-0.1845,-0.1378,-0.1109,-0.0996,-0.0982,-0.1018,-0.1071,-0.1124,-0.1169,-0.1204,-0.123
0.793,0.668,0.5146,0.3507,0.1918,0.0476,-0.0779,-0.185,-0.276,-0.3547,-0.425,-0.491,-0.5563,-0.6227,-0.6885,-0.7438,-0.7692,-0.7517,-0.7089,-0.6719,-0.6455,-0.6245,-0.6271,-0.6357,-0.6304,-0.6159,-0.5986,-0.5828,-0.5715,-0.5667,-0.5692,-0.5769,-0.5843,-0.5828,-0.5638,-0.5225,-0.4601,-0.3844,-0.3071,-0.2392,-0.1878,-0.1539,-0.1346,-0.1252,-0.1217,-0.1211,-0.1216,-0.1224,-0.123,-0.1235
0.6731,0.5592,0.4219,0.2755,0.1329,0.0026,-0.1114,-0.2087,-0.2911,-0.3617,-0.4241,-0.4817,-0.5376,-0.5933,-0.6468,-0.6905,-0.7119,-0.706,-0.687,-0.6746,-0.6701,-0.664,-0.6609,-0.6553,-0.6403,-0.6204,-0.6005,-0.5844,-0.5751,-0.5748,-0.5847,-0.6024,-0.6208,-0.6292,-0.6167,-0.5779,-0.5154,-0.4386,-0.3595,-0.2887,-0.2326,-0.1924,-0.1658,-0.1493,-0.1393,-0.1332,-0.1292,-0.1265,-0.1245,-0.123
0.5609,0.457,0.3339,0.2033,0.0757,-0.0414,-0.1443,-0.2321,-0.306,-0.3685,-0.4227,-0.4716,-0.5181,-0.5633,-0.606,-0.6413,-0.6624,-0.6684,-0.6702,-0.6812,-0.7047,-0.7249,-0.712,-0.6814,-0.6515,-0.6244,-0.6015,-0.585,-0.5778,-0.5825,-0.6003,-0.6287,-0.6589,-0.6771,-0.6699,-0.6317,-0.567,-0.4873,-0.4053,-0.3312,-0.2707,-0.2249,-0.1921,-0.1693,-0.1536,-0.1425,-0.1346,-0.1287,-0.1243,-0.121
0.458,0.363,0.2525,0.1358,0.0217,-0.0835,-0.176,-0.2549,-0.3207,-0.3754,-0.4216,-0.4621,-0.4994,-0.5349,-0.5683,-0.5976,-0.6201,-0.6368,-0.6557,-0.6875,-0.7367,-0.7787,-0.7576,-0.7049,-0.6605,-0.6263,-0.6006,-0.5841,-0.5793,-0.5889,-0.6147,-0.6539,-0.6958,-0.723,-0.7197,-0.6803,-0.6119,-0.5283,-0.4429,-0.3655,-0.301,-0.2505,-0.2125,-0.1844,-0.1638,-0.1486,-0.1372,-0.1286,-0.1222,-0.1174
0.3652,0.2781,0.1784,0.0739,-0.0284,-0.123,-0.2063,-0.2771,-0.3355,-0.3829,-0.4216,-0.4541,-0.4828,-0.5093,-0.5344,-0.5588,-0.5826,-0.6076,-0.6397,-0.6868,-0.7509,-0.7992,-0.7765,-0.7158,-0.6633,-0.6244,-0.597,-0.5811,-0.5788,-0.5932,-0.6264,-0.6752,-0.7272,-0.7619,-0.7609,-0.7194,-0.6471,-0.5597,-0.4713,-0.391,-0.3232,-0.2688,-0.2265,-0.1941,-0.1695,-0.1508,-0.1366,-0.1258,-0.1177,-0.1118
0.2824,0.2023,0.1121,0.018,-0.0741,-0.1594,-0.2348,-0.2985,-0.3504,-0.3914,-0.4232,-0.4483,-0.469,-0.4871,-0.5044,-0.5236,-0.5473,-0.5778,-0.6184,-0.6738,-0.7403,-0.7844,-0.7656,-0.7099,-0.6572,-0.6174,-0.5901,-0.5756,-0.5759,-0.5945,-0.6334,-0.6894,-0.7486,-0.7881,-0.7881,-0.7448,-0.6697,-0.5799,-0.4895,-0.4072,-0.3369,-0.2795,-0.2337,-0.1979,-0.1702,-0.1488,-0.1324,-0.12,-0.1108,-0.1042
0.2093,0.1354,0.0533,-0.0319,-0.1152,-0.1926,-0.2612,-0.3191,-0.3656,-0.4012,-0.427,-0.4453,-0.4585,-0.4686,-0.4782,-0.4914,-0.5131,-0.5457,-0.5903,-0.6472,-0.7084,-0.7457,-0.7333,-0.6886,-0.6418,-0.6047,-0.5794,-0.5671,-0.5701,-0.5918,-0.6342,-0.6938,-0.756,-0.7972,-0.7976,-0.7537,-0.6781,-0.5879,-0.497,-0.4138,-0.3419,-0.2823,-0.234,-0.1956,-0.1655,-0.1421,-0.1242,-0.1108,-0.101,-0.0942
0.1452,0.0768,0.0018,-0.0757,-0.1516,-0.2224,-0.2854,-0.3386,-0.3811,-0.4125,-0.4335,-0.4457,-0.4517,-0.454,-0.4556,-0.4622,-0.4803,-0.5122,-0.5564,-0.6099,-0.663,-0.6943,-0.6883,-0.6559,-0.6181,-0.5865,-0.5649,-0.5556,-0.561,-0.5845,-0.6278,-0.687,-0.7478,-0.7877,-0.7878,-0.7453,-0.6717,-0.5835,-0.4939,-0.4108,-0.3382,-0.2771,-0.227,-0.1868,-0.1551,-0.1305,-0.1118,-0.0981,-0.0883,-0.0817
0.0893,0.0259,-0.043,-0.1139,-0.1835,-0.2487,-0.3071,-0.3569,-0.3967,-0.4255,-0.4431,-0.4501,-0.4489,-0.4432,-0.437,-0.4371,-0.4508,-0.4797,-0.5201,-0.5668,-0.6109,-0.6376,-0.637,-0.6158,-0.5879,-0.5633,-0.5467,-0.5408,-0.5484,-0.5725,-0.6142,-0.6695,-0.7252,-0.7611,-0.7607,-0.7209,-0.6516,-0.5673,-0.4802,-0.3984,-0.3257,-0.2638,-0.2126,-0.1713,-0.1387,-0.1137,-0.095,-0.0816,-0.0724,-0.0666
0.0408,-0.0181,-0.0816,-0.1467,-0.2108,-0.2713,-0.3261,-0.3734,-0.4118,-0.4398,-0.4558,-0.4588,-0.4505,-0.436,-0.4226,-0.4178,-0.4277,-0.4517,-0.4848,-0.5221,-0.5569,-0.5791,-0.5827,-0.5708,-0.5526,-0.5358,-0.5249,-0.5229,-0.5324,-0.556,-0.5943,-0.6432,-0.6913,-0.7216,-0.72,-0.6835,-0.6195,-0.5402,-0.4567,-0.3766,-0.3045,-0.2423,-0.1905,-0.1487,-0.1161,-0.0914,-0.0735,-0.0611,-0.0533,-0.0489
-0.0011,-0.0559,-0.1145,-0.1746,-0.2339,-0.2903,-0.342,-0.3876,-0.4256,-0.4544,-0.471,-0.472,-0.4565,-0.4325,-0.4131,-0.4063,-0.4134,-0.4305,-0.453,-0.4783,-0.5027,-0.5202,-0.5265,-0.5226,-0.5137,-0.5049,-0.5001,-0.5021,-0.5132,-0.5356,-0.5693,-0.6106,-0.6499,-0.6736,-0.6702,-0.6365,-0.5778,-0.5036,-0.4238,-0.3458,-0.2744,-0.2123,-0.1604,-0.1189,-0.087,-0.0635,-0.0472,-0.0367,-0.0308,-0.0285
-0.0372,-0.0882,-0.1424,-0.1979,-0.2529,-0.3056,-0.3546,-0.3988,-0.4369,-0.4673,-0.4863,-0.4876,-0.4661,-0.4326,-0.4091,-0.4028,-0.4071,-0.415,-0.424,-0.4349,-0.4479,-0.4601,-0.4684,-0.4717,-0.4717,-0.4711,-0.4727,-0.4787,-0.4912,-0.512,-0.5408,-0.5742,-0.6045,-0.6212,-0.6152,-0.5833,-0.5287,-0.459,-0.3824,-0.3062,-0.2355,-0.1736,-0.1222,-0.0815,-0.0511,-0.0298,-0.016,-0.0082,-0.0052,-0.0055
-0.0681,-0.1155,-0.1657,-0.2171,-0.2681,-0.3173,-0.3637,-0.4063,-0.4443,-0.476,-0.4976,-0.5005,-0.4756,-0.4356,-0.4099,-0.4038,-0.4039,-0.4008,-0.3944,-0.3894,-0.3901,-0.3971,-0.4076,-0.4182,-0.4273,-0.4351,-0.4431,-0.4531,-0.467,-0.486,-0.5099,-0.5358,-0.5577,-0.5674,-0.5579,-0.5262,-0.4742,-0.4074,-0.3331,-0.258,-0.1877,-0.1261,-0.0754,-0.0364,-0.0084,0.0098,0.0201,0.0242,0.0237,0.02
-0.0944,-0.1386,-0.185,-0.2325,-0.2798,-0.3257,-0.3693,-0.4099,-0.4468,-0.4784,-0.5008,-0.5042,-0.4789,-0.4381,-0.4118,-0.4034,-0.3971,-0.3821,-0.3594,-0.3376,-0.3261,-0.3289,-0.3431,-0.3622,-0.3809,-0.3974,-0.412,-0.426,-0.4412,-0.4586,-0.4779,-0.4969,-0.5109,-0.5139,-0.5002,-0.4672,-0.4157,-0.3502,-0.2765,-0.2015,-0.131,-0.0696,-0.0201,0.0166,0.0412,0.0553,0.061,0.0605,0.0556,0.0478
-0.1168,-0.1578,-0.2008,-0.2447,-0.2883,-0.3308,-0.3714,-0.4095,-0.4442,-0.4739,-0.4943,-0.4967,-0.4733,-0.4367,-0.4105,-0.3971,-0.3822,-0.3544,-0.3149,-0.2759,-0.253,-0.254,-0.2746,-0.3041,-0.3336,-0.3591,-0.3801,-0.3981,-0.4144,-0.4303,-0.4456,-0.4584,-0.4653,-0.4616,-0.4431,-0.4072,-0.3545,-0.288,-0.2134,-0.137,-0.0655,-0.0041,0.0439,0.0774,0.0975,0.1063,0.1063,0.1002,0.0901,0.0776
-0.1358,-0.1738,-0.2136,-0.254,-0.2941,-0.3333,-0.3706,-0.4056,-0.4371,-0.4635,-0.4805,-0.481,-0.4608,-0.4297,-0.4035,-0.3837,-0.3584,-0.3166,-0.2593,-0.2028,-0.1701,-0.1728,-0.2035,-0.2457,-0.2867,-0.3212,-0.3485,-0.37,-0.3875,-0.4019,-0.4135,-0.4208,-0.4212,-0.4111,-0.3872,-0.3472,-0.2912,-0.2218,-0.1443,-0.0652,0.0083,0.07,0.1161,0.1457,0.1602,0.1624,0.1556,0.1429,0.1268,0.109
-0.1517,-0.187,-0.2236,-0.2608,-0.2976,-0.3334,-0.3674,-0.3989,-0.4268,-0.4492,-0.4625,-0.4615,-0.4444,-0.4178,-0.3912,-0.3643,-0.3276,-0.2709,-0.1953,-0.1219,-0.0816,-0.0898,-0.1334,-0.1895,-0.2421,-0.2851,-0.318,-0.3427,-0.3609,-0.374,-0.3822,-0.3845,-0.379,-0.3627,-0.3328,-0.2875,-0.2266,-0.1525,-0.0701,0.0133,0.0897,0.152,0.1959,0.2206,0.2283,0.2227,0.208,0.1879,0.1652,0.1416
-0.1651,-0.1978,-0.2315,-0.2655,-0.2992,-0.3317,-0.3623,-0.3903,-0.4145,-0.433,-0.4429,-0.4409,-0.4261,-0.4024,-0.3746,-0.3411,-0.2935,-0.2227,-0.1308,-0.043,0.0018,-0.0138,-0.0707,-0.1397,-0.2022,-0.2522,-0.2897,-0.3167,-0.3353,-0.347,-0.352,-0.3498,-0.3387,-0.3163,-0.2802,-0.2287,-0.1615,-0.0809,0.0079,0.0971,0.1774,0.2406,0.2818,0.3008,0.3005,0.2861,0.2626,0.2344,0.2044,0.1747
-0.1762,-0.2064,-0.2374,-0.2686,-0.2992,-0.3285,-0.3559,-0.3805,-0.4012,-0.4162,-0.4234,-0.4206,-0.4071,-0.3849,-0.3555,-0.3166,-0.2603,-0.179,-0.0762,0.0198,0.0658,0.044,-0.0224,-0.1,-0.1693,-0.224,-0.2644,-0.2927,-0.3112,-0.3212,-0.3233,-0.3168,-0.3005,-0.2721,-0.2297,-0.1713,-0.0969,-0.0085,0.0881,0.1843,0.2692,0.3335,0.3717,0.3841,0.375,0.3509,0.318,0.2811,0.2436,0.2076
-0.1855,-0.2134,-0.2418,-0.2702,-0.298,-0.3244,-0.3487,-0.3702,-0.3877,-0.3998,-0.4048,-0.4011,-0.3882,-0.3665,-0.3359,-0.2932,-0.2318,-0.1457,-0.0405,0.0554,0.0995,0.0753,0.0066,-0.0735,-0.1449,-0.2013,-0.2427,-0.2713,-0.2889,-0.2971,-0.2962,-0.2857,-0.2644,-0.2304,-0.1814,-0.116,-0.0337,0.0631,0.1685,0.2723,0.3623,0.4276,0.4625,0.4677,0.4493,0.4151,0.3724,0.3268,0.2819,0.2396
-0.1931,-0.2188,-0.2449,-0.2708,-0.2959,-0.3195,-0.3411,-0.3597,-0.3745,-0.3841,-0.3873,-0.3828,-0.3701,-0.3486,-0.3173,-0.2729,-0.2103,-0.1257,-0.0263,0.0616,0.1015,0.0793,0.0153,-0.0605,-0.1294,-0.1845,-0.225,-0.2525,-0.2687,-0.2747,-0.2708,-0.2566,-0.2306,-0.1911,-0.136,-0.0635,0.0267,0.1322,0.2462,0.3577,0.4527,0.519,0.5502,0.5483,0.5205,0.4763,0.4242,0.3702,0.3181,0.2699
