docs/data/wind_grid.json
[{"header":{"la1":42.85,"la2":41.18,"lo1":11.55,"lo2":14.05,"nx":36,"ny":24,"dx":0.07143,"dy":0.07261,"parameterCategory":2,"parameterNumber":2,"parameterNumberName":"eastward_wind","parameterUnit":"m.s-1"},"data":[-0.6398,-0.6649,-0.6929,-0.7225,-0.7512,-0.775,-0.7883,-0.7851,-0.761,-0.7154,-0.6519,-0.577,-0.497,-0.4172,-0.341,-0.2711,-0.21,-0.1603,-0.1247,-0.1048,-0.1001,-0.1079,-0.1244,-0.1458,-0.1692,-0.1926,-0.2147,-0.235,-0.253,-0.2689,-0.2827,-0.2946,-0.3048,-0.3136,-0.3211,-0.3277,-0.6511,-0.6827,-0.7201,-0.7626,-0.8076,-0.8499,-0.8805,-0.8882,-0.8639,-0.8057,-0.7207,-0.6208,-0.5166,-0.4152,-0.32,-0.2329,-0.1562,-0.0936,-0.0502,-0.0296,-0.0311,-0.0496,-0.0783,-0.1112,-0.1442,-0.1753,-0.2032,-0.2278,-0.249,-0.2671,-0.2823,-0.2951,-0.3059,-0.3149,-0.3226,-0.3291,-0.6574,-0.6957,-0.7439,-0.8027,-0.871,-0.9428,-1.0049,-1.036,-1.0147,-0.9356,-0.8147,-0.6765,-0.5389,-0.4102,-0.292,-0.1836,-0.0855,-0.0031,0.053,0.0738,0.0599,0.0224,-0.0254,-0.0745,-0.1199,-0.1601,-0.1946,-0.2237,-0.2479,-0.2679,-0.2843,-0.2977,-0.3087,-0.3177,-0.3251,-0.3314,-0.6559,-0.6999,-0.7589,-0.8368,-0.9361,-1.0541,-1.1742,-1.256,-1.2465,-1.1281,-0.9422,-0.7434,-0.5605,-0.3993,-0.2554,-0.1222,0.0051,0.1205,0.201,0.2208,0.1812,0.1097,0.0322,-0.0387,-0.0992,-0.1494,-0.1906,-0.224,-0.2508,-0.2722,-0.2892,-0.3027,-0.3134,-0.3219,-0.3289,-0.3346,-0.6432,-0.6897,-0.7571,-0.8537,-0.9896,-1.1733,-1.3963,-1.5925,-1.62,-1.4155,-1.1042,-0.8123,-0.5731,-0.3774,-0.2092,-0.0513,0.113,0.2855,0.4184,0.4344,0.339,0.2075,0.0876,-0.0096,-0.0862,-0.1464,-0.1936,-0.2305,-0.259,-0.2809,-0.2976,-0.3104,-0.3201,-0.3277,-0.3337,-0.3386,-0.6159,-0.6592,-0.7281,-0.8368,-1.0053,-1.2625,-1.6384,-2.0722,-2.2053,-1.8009,-1.2662,-0.8572,-0.5629,-0.3374,-0.1508,0.0222,0.2188,0.4753,0.7168,0.7203,0.5132,0.2933,0.1259,0.0041,-0.0862,-0.1543,-0.206,-0.2449,-0.2737,-0.2947,-0.31,-0.321,-0.329,-0.335,-0.3396,-0.3433,-0.5717,-0.6023,-0.6605,-0.7666,-0.9485,-1.2483,-1.7408,-2.4514,-2.757,-2.0592,-1.3156,-0.8398,-0.5167,-0.2697,-0.0704,0.0981,0.2849,0.5824,0.9394,0.9246,0.6027,0.3207,0.1278,-0.0065,-0.1042,-0.1769,-0.2305,-0.2691,-0.2961,-0.3144,-0.3266,-0.3346,-0.3399,-0.3436,-0.3463,-0.3485,-0.5103,-0.5149,-0.5431,-0.6247,-0.7953,-1.081,-1.5106,-2.0735,-2.2884,-1.7478,-1.1682,-0.7567,-0.4385,-0.166,0.0624,0.2139,0.3178,0.4935,0.739,0.7369,0.494,0.2598,0.0853,-0.0447,-0.1434,-0.2173,-0.2701,-0.3056,-0.3277,-0.3406,-0.3475,-0.3509,-0.3524,-0.353,-0.3533,-0.3537,-0.4369,-0.3984,-0.3657,-0.3887,-0.54,-0.8177,-1.136,-1.4051,-1.4788,-1.2994,-0.997,-0.6714,-0.3584,-0.03,0.3155,0.482,0.4186,0.3879,0.4309,0.4163,0.301,0.1529,0.0135,-0.1069,-0.2054,-0.2795,-0.3289,-0.357,-0.3698,-0.3734,-0.3722,-0.3691,-0.3655,-0.3624,-0.36,-0.3584,-0.3654,-0.2705,-0.1343,-0.0265,-0.163,-0.5491,-0.8952,-1.1339,-1.3104,-1.3034,-0.9962,-0.6391,-0.3223,0.0632,0.7427,1.0691,0.6027,0.3795,0.3182,0.2658,0.1771,0.0606,-0.0657,-0.1884,-0.2946,-0.3716,-0.4139,-0.4273,-0.4234,-0.4122,-0.3995,-0.3878,-0.3782,-0.3708,-0.3654,-0.3618,-0.3192,-0.1812,0.0601,0.3695,0.268,-0.3643,-0.808,-1.0828,-1.5427,-1.7633,-1.0887,-0.6282,-0.3549,-0.0854,0.5991,1.068,0.5592,0.3987,0.3517,0.2603,0.136,-0.0001,-0.144,-0.2915,-0.4241,-0.511,-0.5376,-0.5211,-0.4881,-0.4546,-0.4265,-0.4047,-0.3884,-0.3766,-0.3685,-0.3632,-0.3169,-0.187,0.0349,0.3098,0.189,-0.4261,-0.8296,-0.9934,-1.2418,-1.41,-0.9331,-0.5885,-0.4144,-0.3832,-0.1755,0.1992,0.3576,0.5579,0.5801,0.3584,0.1405,-0.0427,-0.2236,-0.4237,-0.62,-0.7313,-0.7177,-0.6393,-0.5581,-0.4946,-0.4488,-0.4164,-0.3936,-0.378,-0.3678,-0.3615,-0.3526,-0.2722,-0.1674,-0.1048,-0.2576,-0.6007,-0.8732,-0.988,-0.972,-0.9081,-0.7196,-0.6076,-0.4802,-0.4468,-0.3484,-0.008,0.3555,0.9882,0.9907,0.4528,0.1294,-0.0871,-0.2996,-0.5758,-0.9028,-1.0677,-0.9534,-0.7624,-0.6169,-0.5217,-0.4599,-0.4188,-0.3912,-0.3731,-0.3619,-0.3557,-0.4016,-0.3685,-0.3457,-0.3715,-0.4875,-0.6671,-0.8314,-0.9294,-0.8891,-0.7366,-0.6136,-0.7263,-0.7086,0.1016,-0.1141,0.0961,0.3942,0.6991,0.7042,0.3208,0.0485,-0.1382,-0.3443,-0.6695,-1.1412,-1.3779,-1.126,-0.8257,-0.6358,-0.5234,-0.4536,-0.408,-0.3781,-0.3595,-0.3492,-0.3448,-0.444,-0.4378,-0.4465,-0.4847,-0.5591,-0.6536,-0.7363,-0.7717,-0.7214,-0.6108,-0.52,-0.4536,-0.2379,0.0935,-0.0156,0.3787,0.8527,0.4535,0.2681,0.0824,-0.0653,-0.1724,-0.3334,-0.6086,-0.9967,-1.2022,-1.011,-0.7605,-0.5952,-0.4933,-0.4268,-0.3815,-0.3517,-0.3348,-0.3279,-0.3279,-0.4731,-0.478,-0.4936,-0.5242,-0.5684,-0.6156,-0.6485,-0.648,-0.6042,-0.5454,-0.5482,-0.3444,-0.2806,-0.1484,-0.0806,0.2628,0.6081,0.2572,0.0329,-0.0791,-0.1143,-0.156,-0.297,-0.4847,-0.6812,-0.7828,-0.7253,-0.6096,-0.5118,-0.4386,-0.3818,-0.3378,-0.3087,-0.296,-0.2965,-0.3045,-0.4902,-0.4979,-0.5119,-0.5325,-0.557,-0.5785,-0.5877,-0.5765,-0.5458,-0.5173,-0.5284,-0.4179,-0.3226,-0.2973,-0.2625,-0.1514,-0.0401,-0.0906,-0.1611,-0.18,-0.1287,-0.1699,-0.3052,-0.4227,-0.5015,-0.5268,-0.5055,-0.4653,-0.4213,-0.3747,-0.3241,-0.2754,-0.2441,-0.2395,-0.254,-0.2755,-0.4987,-0.5058,-0.5161,-0.5287,-0.5413,-0.5497,-0.5491,-0.5368,-0.5147,-0.4903,-0.4635,-0.414,-0.3548,-0.3647,-0.5508,-0.6094,-0.411,-0.2734,-0.2247,-0.2874,-0.2912,-0.3148,-0.3828,-0.4293,-0.4288,-0.3964,-0.3708,-0.3586,-0.3438,-0.3151,-0.2614,-0.1927,-0.1523,-0.1641,-0.2037,-0.2448,-0.5019,-0.5074,-0.5142,-0.5213,-0.5271,-0.5292,-0.5253,-0.5146,-0.4984,-0.4796,-0.4602,-0.4448,-0.4583,-0.5991,-1.1147,-1.3184,-0.7065,-0.399,-0.3324,-0.4649,-0.4727,-0.4866,-0.5084,-0.4836,-0.4013,-0.3234,-0.3028,-0.2811,-0.278,-0.269,-0.2092,-0.1027,-0.0456,-0.0865,-0.1598,-0.2218,-0.502,-0.5059,-0.5101,-0.5139,-0.5161,-0.5154,-0.5111,-0.5029,-0.4921,-0.4814,-0.4754,-0.4846,-0.5372,-0.7052,-1.0727,-1.1785,-0.7752,-0.5602,-0.616,-0.6731,-0.6361,-0.6983,-0.7172,-0.6057,-0.4079,-0.287,-0.268,-0.167,-0.2054,-0.2472,-0.1999,-0.0708,-0.0021,-0.0601,-0.1486,-0.2181,-0.5008,-0.5033,-0.5058,-0.5076,-0.5081,-0.5067,-0.503,-0.4976,-0.4917,-0.4881,-0.4913,-0.5103,-0.561,-0.6623,-0.7917,-0.8148,-0.7024,-0.6258,-0.6458,-0.6949,-0.8415,-1.1005,-1.1664,-0.886,-0.4683,-0.084,0.2817,0.1592,-0.1426,-0.2806,-0.2618,-0.1568,-0.0915,-0.121,-0.1837,-0.2387,-0.4989,-0.5006,-0.502,-0.5028,-0.5027,-0.5013,-0.4989,-0.496,-0.4939,-0.4949,-0.5024,-0.5215,-0.5579,-0.6114,-0.6633,-0.6799,-0.6643,-0.6659,-0.7215,-0.8716,-1.2611,-1.9283,-2.1049,-1.4141,-0.6369,0.0387,0.6206,0.2845,-0.2927,-0.4441,-0.3921,-0.2963,-0.2313,-0.2225,-0.2459,-0.2761,-0.497,-0.4981,-0.499,-0.4994,-0.4992,-0.4984,-0.4973,-0.4964,-0.4969,-0.5004,-0.5091,-0.5256,-0.551,-0.5831,-0.6142,-0.6372,-0.6594,-0.7056,-0.8127,-1.0563,-1.6081,-2.5412,-2.8013,-1.8232,-0.8755,-0.2563,0.0266,-0.2805,-0.7657,-0.7132,-0.5398,-0.4165,-0.3432,-0.312,-0.3084,-0.3177,-0.4953,-0.4961,-0.4967,-0.497,-0.4971,-0.497,-0.4969,-0.4976,-0.4998,-0.5046,-0.5135,-0.5275,-0.547,-0.5708,-0.597,-0.626,-0.6655,-0.7332,-0.86,-1.1021,-1.5372,-2.0949,-2.2098,-1.6338,-0.9733,-0.5407,-0.3953,-0.5764,-0.8335,-0.7689,-0.6031,-0.4853,-0.4138,-0.3752,-0.3586,-0.355]},{"header":{"la1":42.85,"la2":41.18,"lo1":11.55,"lo2":14.05,"nx":36,"ny":24,"dx":0.07143,"dy":0.07261,"parameterCategory":2,"parameterNumber":3,"parameterNumberName":"northward_wind","parameterUnit":"m.s-1"},"data":[-0.2518,-0.2839,-0.3186,-0.3551,-0.3913,-0.424,-0.4487,-0.4606,-0.4563,-0.4358,-0.4024,-0.3613,-0.3175,-0.2745,-0.2343,-0.1976,-0.1647,-0.1356,-0.1101,-0.0877,-0.0679,-0.0497,-0.0328,-0.0165,-0.0007,0.0149,0.0303,0.0455,0.0607,0.0759,0.0909,0.1057,0.1201,0.1342,0.1477,0.1606,-0.2655,-0.3036,-0.3466,-0.3941,-0.4443,-0.4929,-0.5326,-0.5544,-0.551,-0.5218,-0.4733,-0.4155,-0.357,-0.3024,-0.2534,-0.21,-0.1721,-0.1394,-0.1118,-0.0886,-0.0687,-0.0509,-0.0342,-0.0181,-0.0022,0.0134,0.0291,0.0448,0.0606,0.0765,0.0924,0.1082,0.1237,0.1387,0.1531,0.1668,-0.2756,-0.3198,-0.372,-0.4334,-0.503,-0.5765,-0.643,-0.6846,-0.6843,-0.6391,-0.5639,-0.4794,-0.3998,-0.3306,-0.2714,-0.2206,-0.1767,-0.1395,-0.1094,-0.086,-0.0672,-0.0507,-0.0349,-0.0194,-0.0039,0.0117,0.0275,0.0436,0.0601,0.0769,0.0939,0.1108,0.1275,0.1437,0.1592,0.1737,-0.2801,-0.3296,-0.391,-0.468,-0.5633,-0.6753,-0.7903,-0.8743,-0.8834,-0.806,-0.6801,-0.5519,-0.4436,-0.3575,-0.2881,-0.2293,-0.1778,-0.1339,-0.1004,-0.0778,-0.0623,-0.0488,-0.035,-0.0206,-0.0058,0.0093,0.025,0.0415,0.0587,0.0766,0.095,0.1135,0.1317,0.1493,0.166,0.1817,-0.2771,-0.3296,-0.398,-0.4896,-0.6141,-0.7802,-0.9816,-1.1609,-1.1986,-1.0483,-0.822,-0.6256,-0.4827,-0.381,-0.3039,-0.2381,-0.1766,-0.1205,-0.0799,-0.0607,-0.0531,-0.0454,-0.0347,-0.0221,-0.0086,0.0056,0.0209,0.0376,0.0558,0.0752,0.0955,0.116,0.1362,0.1556,0.1739,0.1908,-0.2649,-0.3168,-0.3868,-0.4864,-0.6344,-0.8592,-1.1887,-1.568,-1.6892,-1.368,-0.9614,-0.6803,-0.5082,-0.3997,-0.3219,-0.2526,-0.1785,-0.1003,-0.043,-0.0322,-0.0408,-0.0416,-0.0346,-0.0245,-0.0132,-0.0007,0.0137,0.0308,0.0504,0.072,0.095,0.1183,0.1411,0.1628,0.183,0.2014,-0.2434,-0.2897,-0.3531,-0.4477,-0.5986,-0.8501,-1.2748,-1.8897,-2.1514,-1.581,-1.0087,-0.6871,-0.5134,-0.4149,-0.3492,-0.2842,-0.1994,-0.094,-0.0103,-0.0092,-0.034,-0.0402,-0.0358,-0.0289,-0.0213,-0.0119,0.0012,0.0188,0.0408,0.0661,0.0931,0.1203,0.1467,0.1713,0.1938,0.2138,-0.214,-0.2498,-0.2976,-0.3712,-0.4969,-0.7135,-1.0713,-1.5629,-1.7574,-1.3287,-0.8999,-0.6432,-0.502,-0.4335,-0.3992,-0.3513,-0.2594,-0.1408,-0.0497,-0.0333,-0.0424,-0.0423,-0.039,-0.0374,-0.0363,-0.032,-0.0209,-0.0016,0.025,0.0562,0.0894,0.1224,0.1534,0.1818,0.2069,0.2287,-0.1802,-0.2028,-0.2284,-0.2685,-0.3517,-0.5059,-0.7315,-0.9744,-1.0825,-0.9808,-0.7775,-0.5924,-0.4865,-0.4632,-0.4984,-0.4907,-0.3645,-0.217,-0.1175,-0.0715,-0.0526,-0.0441,-0.0448,-0.0536,-0.0646,-0.069,-0.06,-0.0358,-0.0003,0.0413,0.0841,0.1251,0.1623,0.1951,0.2232,0.2469,-0.1464,-0.1577,-0.1618,-0.1645,-0.204,-0.3119,-0.4712,-0.6995,-1.0004,-1.0852,-0.8068,-0.5648,-0.4685,-0.4913,-0.6673,-0.7626,-0.4801,-0.2555,-0.1344,-0.074,-0.0464,-0.0405,-0.0542,-0.0842,-0.1183,-0.1378,-0.1288,-0.0921,-0.0384,0.0209,0.0782,0.13,0.1749,0.2128,0.244,0.2692,-0.1155,-0.1219,-0.1182,-0.1032,-0.1118,-0.1662,-0.2453,-0.5022,-1.343,-1.7545,-0.9033,-0.5226,-0.4419,-0.477,-0.6416,-0.7677,-0.4399,-0.2025,-0.0862,-0.0378,-0.0211,-0.03,-0.0698,-0.1405,-0.221,-0.2675,-0.25,-0.1809,-0.0914,-0.0033,0.0746,0.1401,0.1938,0.2368,0.2707,0.2968,-0.0868,-0.0933,-0.0957,-0.095,-0.0904,-0.0499,0.0435,0.0657,-0.6129,-1.1528,-0.6494,-0.424,-0.4266,-0.5148,-0.4902,-0.419,-0.2497,-0.051,0.0249,0.0246,0.0176,-0.0127,-0.0919,-0.2366,-0.415,-0.5131,-0.4564,-0.3092,-0.1546,-0.0241,0.0794,0.16,0.2223,0.2698,0.3052,0.3311,-0.057,-0.0622,-0.0647,-0.0603,-0.0302,0.0623,0.2503,0.4945,0.2426,-0.2208,-0.3004,-0.3512,-0.4079,-0.5442,-0.4846,-0.3022,-0.1296,0.1257,0.1462,0.0822,0.0609,0.014,-0.1087,-0.3663,-0.7423,-0.9411,-0.7592,-0.4546,-0.2055,-0.0268,0.1016,0.1956,0.2647,0.3146,0.3496,0.3732,-0.0252,-0.0263,-0.0221,-0.0065,0.0338,0.1151,0.2444,0.377,0.2806,0.0433,-0.089,-0.3669,-0.4669,-0.3674,-0.2818,-0.2321,-0.1757,0.0347,0.1126,0.1152,0.1051,0.0548,-0.0863,-0.4331,-1.0415,-1.3704,-0.9933,-0.5215,-0.2005,0.0082,0.1512,0.253,0.3252,0.3745,0.4059,0.4243,0.0074,0.0107,0.0201,0.0397,0.0748,0.1281,0.1914,0.2327,0.2154,0.2051,0.2203,0.1164,-0.0352,-0.0134,-0.0984,-0.2876,-0.5775,-0.1208,0.1181,0.1703,0.1314,0.0913,-0.0034,-0.2942,-0.8123,-1.1049,-0.8046,-0.3976,-0.1073,0.0911,0.2332,0.3363,0.4076,0.452,0.4755,0.4847,0.0392,0.0458,0.0579,0.0774,0.106,0.1426,0.1821,0.2194,0.2708,0.4014,0.6594,0.6298,0.4514,0.2283,0.1459,-0.0994,-0.3436,0.0576,0.3076,0.2586,0.0214,0.0479,0.098,-0.0454,-0.3011,-0.4502,-0.3546,-0.151,0.0448,0.2097,0.3441,0.4469,0.5151,0.5497,0.5591,0.5538,0.0695,0.0784,0.0919,0.1111,0.1365,0.1679,0.2053,0.2534,0.33,0.469,0.6558,0.6355,0.8291,0.9396,0.5509,0.4027,0.3765,0.5957,0.7596,0.5127,0.0351,0.0917,0.2245,0.1633,0.0239,-0.0743,-0.0647,0.0401,0.1878,0.3383,0.4748,0.5843,0.6499,0.6678,0.6542,0.628,0.0979,0.1086,0.1233,0.1426,0.1673,0.198,0.2365,0.2872,0.3576,0.4505,0.5451,0.6488,0.9416,1.0423,0.9526,0.9879,0.8991,1.1319,1.4052,1.0426,0.639,0.4789,0.4361,0.3274,0.1426,-0.0512,-0.086,0.0804,0.286,0.4616,0.6148,0.7426,0.8077,0.7983,0.7514,0.6998,0.1244,0.1365,0.1523,0.1722,0.197,0.2278,0.2661,0.3144,0.375,0.4476,0.531,0.6409,0.7985,1.0016,1.5562,1.7934,1.2548,1.2915,1.4826,1.5513,1.1908,0.8717,0.6818,0.4784,0.1406,-0.3726,-0.4793,0.0196,0.3838,0.5877,0.7447,0.888,0.9523,0.9095,0.8298,0.7574,0.1491,0.1624,0.179,0.1995,0.2246,0.2551,0.2924,0.3377,0.3922,0.4571,0.5356,0.6376,0.7828,1.0338,1.4935,1.643,1.3274,1.409,2.0102,2.2916,1.5686,1.1643,0.9434,0.6935,0.2944,-0.3707,-0.5157,0.2653,0.6043,0.7414,0.839,0.9459,0.9983,0.9493,0.8659,0.7906,0.1719,0.1861,0.2034,0.2243,0.2495,0.2795,0.3155,0.3582,0.4089,0.4692,0.5426,0.6362,0.7631,0.9413,1.1457,1.2349,1.2308,1.3813,1.7435,1.865,1.5722,1.42,1.3094,1.0428,0.7397,0.6622,1.0938,1.0716,0.9576,0.9413,0.9286,0.9381,0.9521,0.9224,0.8634,0.8015,0.193,0.2078,0.2256,0.2467,0.2716,0.3011,0.3356,0.3761,0.4236,0.4797,0.5467,0.6287,0.7297,0.8488,0.9659,1.051,1.1253,1.2505,1.4149,1.511,1.5945,1.8661,1.9327,1.4916,1.1294,1.2149,1.6446,1.4374,1.2543,1.187,1.0683,0.9782,0.9333,0.8969,0.8516,0.8019,0.2122,0.2275,0.2455,0.2666,0.2912,0.3198,0.353,0.3913,0.4357,0.4873,0.5474,0.6176,0.6983,0.7862,0.8734,0.9542,1.0381,1.1409,1.2619,1.408,1.6873,2.2147,2.3707,1.7783,1.322,1.2527,1.3611,1.3935,1.5249,1.4397,1.2164,1.0514,0.9561,0.8963,0.8472,0.801,0.2297,0.2453,0.2634,0.2843,0.3084,0.336,0.3677,0.4039,0.4452,0.4922,0.5458,0.6062,0.6731,0.7444,0.8173,0.8914,0.9709,1.063,1.1759,1.3339,1.5918,1.9288,2.0008,1.6652,1.3473,1.2371,1.2684,1.3898,1.5566,1.4783,1.2634,1.0901,0.9773,0.9028,0.8472,0.8004]}]