docs/data/wind_grid.json
[{"header":{"la1":42.85,"la2":41.18,"lo1":11.55,"lo2":14.05,"nx":36,"ny":24,"dx":0.07143,"dy":0.07261,"parameterCategory":2,"parameterNumber":2,"parameterNumberName":"eastward_wind","parameterUnit":"m.s-1"},"data":[-0.7361,-0.7407,-0.7442,-0.7463,-0.7468,-0.7451,-0.7405,-0.7315,-0.7173,-0.6981,-0.6754,-0.6516,-0.6288,-0.6086,-0.5915,-0.5776,-0.5663,-0.5569,-0.5486,-0.5413,-0.5351,-0.5312,-0.531,-0.5347,-0.5408,-0.5474,-0.5532,-0.5575,-0.5603,-0.5617,-0.5621,-0.5617,-0.5609,-0.5598,-0.5585,-0.5572,-0.7528,-0.7594,-0.7649,-0.7691,-0.7721,-0.7734,-0.7715,-0.7638,-0.7477,-0.723,-0.6925,-0.6604,-0.6306,-0.6053,-0.5849,-0.5691,-0.5567,-0.5463,-0.5366,-0.5267,-0.517,-0.5102,-0.5103,-0.5179,-0.5295,-0.541,-0.5501,-0.5562,-0.5598,-0.5614,-0.5616,-0.561,-0.5599,-0.5584,-0.5569,-0.5553,-0.7719,-0.7813,-0.7892,-0.796,-0.8023,-0.8088,-0.8135,-0.8108,-0.7937,-0.7603,-0.7164,-0.6713,-0.6314,-0.5994,-0.5754,-0.5578,-0.5445,-0.5332,-0.522,-0.5083,-0.4907,-0.4756,-0.4755,-0.4923,-0.5151,-0.5347,-0.5482,-0.5562,-0.5602,-0.5617,-0.5615,-0.5604,-0.5587,-0.5569,-0.555,-0.5531,-0.794,-0.8072,-0.8183,-0.8275,-0.8375,-0.8521,-0.8709,-0.8828,-0.8681,-0.8188,-0.7503,-0.6836,-0.6291,-0.5889,-0.5612,-0.5426,-0.5291,-0.5168,-0.504,-0.4865,-0.4533,-0.4139,-0.4133,-0.4543,-0.4994,-0.531,-0.5492,-0.5583,-0.562,-0.5627,-0.5616,-0.5597,-0.5574,-0.555,-0.5527,-0.5505,-0.8201,-0.8391,-0.8543,-0.8649,-0.8764,-0.9007,-0.9471,-0.9989,-0.9982,-0.9137,-0.7954,-0.6936,-0.6201,-0.5707,-0.5399,-0.5221,-0.5096,-0.4942,-0.4773,-0.4642,-0.4122,-0.3058,-0.3102,-0.4122,-0.4925,-0.5355,-0.5555,-0.5634,-0.5652,-0.5641,-0.5617,-0.5587,-0.5556,-0.5526,-0.5499,-0.5474,-0.8504,-0.8798,-0.903,-0.9135,-0.9177,-0.9444,-1.0323,-1.1802,-1.2293,-1.0542,-0.8399,-0.6914,-0.598,-0.5399,-0.5071,-0.4935,-0.4868,-0.4633,-0.4181,-0.429,-0.4229,-0.2381,-0.2556,-0.4199,-0.515,-0.5547,-0.5685,-0.5711,-0.5692,-0.5655,-0.5613,-0.5571,-0.5531,-0.5495,-0.5462,-0.5434,-0.8837,-0.932,-0.9755,-0.9889,-0.967,-0.9659,-1.0701,-1.3386,-1.4804,-1.1517,-0.8373,-0.6604,-0.5565,-0.4903,-0.4536,-0.4484,-0.4624,-0.4462,-0.3361,-0.3642,-0.5636,-0.5055,-0.4732,-0.5391,-0.5779,-0.5881,-0.586,-0.5797,-0.5726,-0.5659,-0.5598,-0.5543,-0.5495,-0.5453,-0.5416,-0.5385,-0.9127,-0.9893,-1.0815,-1.1224,-1.0416,-0.9605,-0.9928,-1.1652,-1.2466,-0.9875,-0.7415,-0.595,-0.4956,-0.4153,-0.359,-0.3594,-0.4214,-0.48,-0.4762,-0.6108,-0.9897,-1.0145,-0.8192,-0.7071,-0.6544,-0.623,-0.6011,-0.5851,-0.5732,-0.5639,-0.5563,-0.5499,-0.5444,-0.5397,-0.5356,-0.5324,-0.9228,-1.0188,-1.1716,-1.2883,-1.1103,-0.9339,-0.8671,-0.8572,-0.8139,-0.7042,-0.6027,-0.5174,-0.428,-0.315,-0.1791,-0.1536,-0.3198,-0.5063,-0.6738,-1.0103,-1.6474,-1.5321,-1.0608,-0.8172,-0.702,-0.6409,-0.6053,-0.5831,-0.5686,-0.5583,-0.5502,-0.5434,-0.5375,-0.5323,-0.528,-0.5247,-0.9039,-0.9808,-1.0863,-1.1471,-1.0099,-0.8744,-0.7711,-0.6738,-0.5465,-0.4751,-0.486,-0.4567,-0.3783,-0.2278,0.1294,0.317,-0.1709,-0.5184,-0.744,-1.0282,-1.4298,-1.3761,-1.0379,-0.8179,-0.6974,-0.6299,-0.5918,-0.5704,-0.5576,-0.5486,-0.5413,-0.5345,-0.5283,-0.5228,-0.5183,-0.515,-0.8659,-0.9094,-0.9363,-0.9119,-0.8958,-0.8201,-0.7225,-0.6101,-0.3658,-0.247,-0.4169,-0.4272,-0.3597,-0.245,0.0776,0.3226,-0.2553,-0.644,-0.835,-0.9316,-1.0213,-1.0029,-0.8718,-0.7398,-0.645,-0.587,-0.5579,-0.5457,-0.54,-0.5353,-0.5297,-0.5232,-0.5166,-0.5107,-0.5059,-0.5028,-0.8248,-0.8512,-0.871,-0.8839,-0.865,-0.7819,-0.7241,-0.6958,-0.5205,-0.3765,-0.4444,-0.4302,-0.3517,-0.2566,-0.2484,-0.2999,-0.5839,-1.0329,-1.1699,-0.9968,-0.8832,-0.8112,-0.7294,-0.6397,-0.5596,-0.5117,-0.5027,-0.511,-0.5184,-0.5199,-0.5162,-0.5094,-0.5017,-0.4948,-0.4898,-0.4871,-0.7862,-0.8024,-0.815,-0.8175,-0.7913,-0.7458,-0.7407,-0.7927,-0.7164,-0.561,-0.4977,-0.4712,-0.3937,-0.2368,-0.2834,-0.45,-0.7659,-1.7565,-1.804,-1.1071,-0.825,-0.7017,-0.6241,-0.545,-0.4526,-0.4019,-0.4305,-0.4739,-0.4984,-0.5055,-0.5018,-0.4926,-0.4822,-0.4737,-0.4684,-0.4668,-0.751,-0.7587,-0.7615,-0.7546,-0.7352,-0.7154,-0.7204,-0.7498,-0.7039,-0.5847,-0.518,-0.5291,-0.5119,-0.2455,-0.3747,-0.3996,-0.6542,-1.2514,-1.3737,-0.9495,-0.691,-0.5763,-0.5294,-0.476,-0.3704,-0.3044,-0.3777,-0.4536,-0.4885,-0.4953,-0.4864,-0.4708,-0.4551,-0.4439,-0.439,-0.4399,-0.7205,-0.7223,-0.7196,-0.7107,-0.6966,-0.6834,-0.6771,-0.668,-0.6254,-0.5598,-0.5162,-0.4923,-0.419,-0.3152,-0.4299,-0.4245,-1.213,-0.9241,-0.8373,-0.6377,-0.4245,-0.3728,-0.4231,-0.4433,-0.3954,-0.3531,-0.4082,-0.4702,-0.4951,-0.4903,-0.468,-0.4391,-0.4141,-0.3998,-0.3974,-0.4041,-0.6952,-0.6935,-0.6883,-0.6792,-0.667,-0.6535,-0.6389,-0.6173,-0.5818,-0.5391,-0.5094,-0.5003,-0.488,-0.462,-0.5275,-0.7446,-1.0793,-0.7959,-0.5885,-0.3527,0.0037,-0.0711,-0.3128,-0.4279,-0.4603,-0.4688,-0.4962,-0.5206,-0.5181,-0.4886,-0.4405,-0.3876,-0.3475,-0.3315,-0.3379,-0.357,-0.6745,-0.6709,-0.6647,-0.6557,-0.6441,-0.6304,-0.6139,-0.5928,-0.5661,-0.5376,-0.5161,-0.5221,-0.5857,-0.6212,-0.5902,-0.6449,-0.6603,-0.503,-0.3255,-0.2188,0.0763,-0.0209,-0.2917,-0.4426,-0.5269,-0.58,-0.6058,-0.5962,-0.5548,-0.4863,-0.3946,-0.2984,-0.2346,-0.225,-0.2549,-0.2984,-0.6578,-0.6533,-0.6467,-0.638,-0.6272,-0.6145,-0.5996,-0.5826,-0.5644,-0.5485,-0.5418,-0.5576,-0.6198,-0.6446,-0.6438,-0.6457,-0.5258,-0.1961,0.1146,-0.1534,-0.1992,-0.2433,-0.3701,-0.4983,-0.621,-0.7319,-0.7645,-0.7014,-0.6034,-0.4818,-0.3224,-0.1482,-0.0486,-0.0696,-0.1511,-0.2346,-0.6443,-0.6395,-0.633,-0.6248,-0.6151,-0.604,-0.5918,-0.579,-0.5672,-0.5589,-0.5586,-0.5716,-0.6,-0.6431,-0.7747,-0.8297,-0.553,-0.2251,-0.033,-0.2187,-0.2992,-0.361,-0.447,-0.5628,-0.7261,-0.9379,-0.9841,-0.8134,-0.6513,-0.4811,-0.2422,0.0495,0.1936,0.1026,-0.0557,-0.1838,-0.6335,-0.6286,-0.6224,-0.615,-0.6066,-0.5972,-0.5875,-0.5781,-0.5702,-0.5658,-0.5673,-0.5772,-0.5988,-0.6452,-0.748,-0.7695,-0.5675,-0.3725,-0.2944,-0.2969,-0.3467,-0.417,-0.4938,-0.5969,-0.756,-0.9787,-1.0271,-0.8301,-0.675,-0.5006,-0.2311,0.128,0.2974,0.1648,-0.0274,-0.1709,-0.6247,-0.62,-0.6143,-0.6077,-0.6004,-0.5927,-0.5849,-0.5778,-0.5723,-0.5695,-0.5708,-0.5776,-0.5916,-0.6154,-0.6417,-0.6239,-0.5352,-0.4302,-0.358,-0.347,-0.3985,-0.4607,-0.5169,-0.5931,-0.7056,-0.8073,-0.8136,-0.7746,-0.6822,-0.5491,-0.3368,-0.0564,0.0975,0.0365,-0.0939,-0.2051,-0.6176,-0.6131,-0.6079,-0.6021,-0.5959,-0.5894,-0.5831,-0.5775,-0.5732,-0.5709,-0.5711,-0.5744,-0.5805,-0.5875,-0.5875,-0.5667,-0.5208,-0.4669,-0.4288,-0.4254,-0.4574,-0.4958,-0.5175,-0.5684,-0.6579,-0.7437,-0.7935,-0.7606,-0.6869,-0.6118,-0.4765,-0.2977,-0.1744,-0.1597,-0.2082,-0.2688,-0.6118,-0.6076,-0.6029,-0.5978,-0.5924,-0.5869,-0.5816,-0.577,-0.5732,-0.5708,-0.5698,-0.5701,-0.5709,-0.5699,-0.5632,-0.5465,-0.5201,-0.4917,-0.473,-0.4729,-0.4906,-0.5066,-0.508,-0.5486,-0.6224,-0.6919,-0.7282,-0.7112,-0.6986,-0.6704,-0.573,-0.4499,-0.3541,-0.3122,-0.3139,-0.3365,-0.607,-0.6031,-0.5989,-0.5943,-0.5896,-0.5848,-0.5803,-0.5762,-0.5727,-0.5699,-0.5679,-0.5663,-0.5642,-0.5603,-0.5527,-0.5403,-0.5241,-0.5083,-0.4984,-0.4982,-0.5061,-0.5136,-0.5214,-0.5519,-0.6012,-0.6472,-0.674,-0.6845,-0.6998,-0.6791,-0.6067,-0.5208,-0.4499,-0.4071,-0.3912,-0.3933]},{"header":{"la1":42.85,"la2":41.18,"lo1":11.55,"lo2":14.05,"nx":36,"ny":24,"dx":0.07143,"dy":0.07261,"parameterCategory":2,"parameterNumber":3,"parameterNumberName":"northward_wind","parameterUnit":"m.s-1"},"data":[-0.7195,-0.7171,-0.7119,-0.7039,-0.693,-0.6797,-0.6646,-0.6482,-0.6306,-0.6114,-0.5896,-0.5643,-0.5348,-0.5009,-0.463,-0.4219,-0.3794,-0.3375,-0.2986,-0.265,-0.2387,-0.221,-0.2129,-0.2135,-0.2208,-0.2322,-0.2456,-0.2596,-0.2734,-0.2865,-0.2987,-0.3101,-0.3207,-0.3305,-0.3395,-0.3479,-0.7387,-0.7373,-0.7323,-0.7235,-0.7109,-0.6952,-0.6776,-0.6594,-0.6412,-0.6223,-0.6008,-0.575,-0.5433,-0.5055,-0.4616,-0.4127,-0.3609,-0.3094,-0.2617,-0.221,-0.1894,-0.1694,-0.1629,-0.1689,-0.1833,-0.2019,-0.2214,-0.2403,-0.258,-0.2741,-0.2887,-0.302,-0.3141,-0.3252,-0.3352,-0.3444,-0.7606,-0.7607,-0.7564,-0.7465,-0.7309,-0.7108,-0.6884,-0.6668,-0.6481,-0.6313,-0.6126,-0.5879,-0.555,-0.5132,-0.4625,-0.4038,-0.3396,-0.2749,-0.216,-0.1668,-0.1285,-0.1045,-0.1006,-0.1159,-0.1417,-0.1701,-0.1972,-0.2218,-0.2435,-0.2627,-0.2797,-0.2949,-0.3085,-0.3207,-0.3318,-0.3418,-0.7856,-0.7887,-0.7857,-0.7746,-0.7543,-0.7261,-0.6937,-0.6643,-0.6448,-0.6346,-0.6237,-0.6036,-0.5711,-0.5259,-0.4679,-0.397,-0.3156,-0.2316,-0.1579,-0.1018,-0.0571,-0.0249,-0.0248,-0.0563,-0.0987,-0.1393,-0.1748,-0.2051,-0.2309,-0.2531,-0.2723,-0.2892,-0.3041,-0.3175,-0.3294,-0.3402,-0.8142,-0.8226,-0.8233,-0.8115,-0.7845,-0.7424,-0.6893,-0.639,-0.6161,-0.624,-0.633,-0.6232,-0.5932,-0.5459,-0.4812,-0.3965,-0.291,-0.1747,-0.0777,-0.0246,0.0137,0.0586,0.054,-0.0008,-0.0615,-0.1137,-0.1567,-0.1919,-0.2211,-0.2457,-0.2668,-0.2851,-0.3012,-0.3156,-0.3283,-0.3398,-0.8463,-0.8643,-0.8737,-0.864,-0.8284,-0.7662,-0.6762,-0.5715,-0.5316,-0.5907,-0.6435,-0.6498,-0.6235,-0.576,-0.5079,-0.4112,-0.2761,-0.1045,0.0465,0.0772,0.0663,0.0939,0.0876,0.0284,-0.0385,-0.097,-0.1447,-0.1833,-0.2148,-0.2411,-0.2635,-0.283,-0.3001,-0.3153,-0.3288,-0.3408,-0.8794,-0.9139,-0.9432,-0.9436,-0.8967,-0.8124,-0.686,-0.4987,-0.4144,-0.5685,-0.6745,-0.69,-0.6638,-0.6189,-0.5551,-0.456,-0.2989,-0.0699,0.1648,0.1702,0.133,0.1198,0.0911,0.0388,-0.0282,-0.0895,-0.1397,-0.1798,-0.2124,-0.2395,-0.2627,-0.283,-0.3009,-0.3168,-0.3309,-0.3434,-0.9067,-0.9635,-1.0345,-1.0655,-0.9918,-0.8852,-0.7737,-0.6236,-0.5572,-0.6825,-0.7564,-0.7486,-0.7129,-0.6751,-0.6312,-0.5475,-0.3883,-0.1569,0.0662,0.1701,0.3433,0.3428,0.188,0.0664,-0.0228,-0.0902,-0.1415,-0.1815,-0.2137,-0.2409,-0.2644,-0.2853,-0.3039,-0.3204,-0.3351,-0.3479,-0.9161,-0.9853,-1.1053,-1.2025,-1.0616,-0.9446,-0.9004,-0.8763,-0.8884,-0.9189,-0.8879,-0.8189,-0.7619,-0.7397,-0.7519,-0.7128,-0.5352,-0.2989,-0.0573,0.2642,0.795,0.6975,0.2997,0.0854,-0.0291,-0.1004,-0.15,-0.1876,-0.2183,-0.2448,-0.2685,-0.2899,-0.3092,-0.3265,-0.3416,-0.3547,-0.901,-0.9465,-1.0165,-1.0604,-0.9553,-0.9492,-1.0053,-1.089,-1.2144,-1.238,-1.052,-0.8819,-0.7943,-0.7894,-0.9308,-1.0163,-0.6875,-0.4067,-0.167,0.155,0.5698,0.5309,0.2332,0.0451,-0.0586,-0.1214,-0.164,-0.1969,-0.225,-0.2507,-0.2747,-0.297,-0.3173,-0.3354,-0.3511,-0.3643,-0.8735,-0.8795,-0.8387,-0.6894,-0.7204,-0.932,-1.0984,-1.2435,-1.5279,-1.6813,-1.1873,-0.9062,-0.7976,-0.781,-0.9065,-1.0236,-0.6699,-0.4315,-0.2655,-0.0817,0.1008,0.1399,0.0546,-0.038,-0.1045,-0.1488,-0.1803,-0.2068,-0.2324,-0.2579,-0.283,-0.3069,-0.3288,-0.348,-0.3643,-0.3775,-0.8527,-0.845,-0.794,-0.6897,-0.7372,-0.9869,-1.2162,-1.3572,-1.4272,-1.4607,-1.1091,-0.8751,-0.7862,-0.7762,-0.7384,-0.6478,-0.4989,-0.3835,-0.3133,-0.2145,-0.1143,-0.0652,-0.0735,-0.1095,-0.1471,-0.1741,-0.1938,-0.2146,-0.239,-0.266,-0.2938,-0.3206,-0.345,-0.3658,-0.3825,-0.3952,-0.8435,-0.8443,-0.8326,-0.8272,-0.8992,-1.0774,-1.3048,-1.4905,-1.3899,-1.1825,-0.9703,-0.8298,-0.7817,-0.7892,-0.7093,-0.4549,-0.3337,-0.3549,-0.3488,-0.2482,-0.1701,-0.1272,-0.1228,-0.1453,-0.1751,-0.1918,-0.2007,-0.2181,-0.2443,-0.2754,-0.3082,-0.3399,-0.3681,-0.3908,-0.4076,-0.4189,-0.8392,-0.8509,-0.8652,-0.8961,-0.967,-1.0895,-1.2479,-1.3841,-1.306,-1.07,-0.9006,-0.8086,-0.7951,-0.8494,-0.523,-0.1683,-0.0968,-0.2096,-0.2649,-0.1996,-0.1275,-0.0941,-0.109,-0.1477,-0.1878,-0.2014,-0.2017,-0.2188,-0.2495,-0.2877,-0.3287,-0.3682,-0.4019,-0.4269,-0.4426,-0.4505,-0.8333,-0.8506,-0.8734,-0.9085,-0.963,-1.0373,-1.1161,-1.1551,-1.0908,-0.9679,-0.8852,-0.8307,-0.7889,-0.7957,-0.4284,-0.047,0.7211,0.0915,-0.1252,-0.0901,0.0402,0.0547,-0.0364,-0.12,-0.1744,-0.1942,-0.1984,-0.2183,-0.2557,-0.3048,-0.3592,-0.4114,-0.4534,-0.48,-0.4917,-0.4924,-0.8235,-0.8413,-0.8635,-0.8924,-0.9287,-0.9684,-0.9991,-1.0,-0.9612,-0.9209,-0.9476,-0.8938,-0.8345,-0.7199,-0.4582,0.0123,0.479,0.0561,-0.1248,0.0305,0.4519,0.3604,0.0674,-0.077,-0.139,-0.1646,-0.1804,-0.2098,-0.2604,-0.3284,-0.4057,-0.4796,-0.534,-0.5596,-0.5602,-0.5467,-0.8097,-0.8256,-0.8438,-0.8647,-0.8869,-0.9066,-0.917,-0.9116,-0.8945,-0.8915,-0.9291,-0.8907,-0.9206,-0.9175,-0.5865,-0.3197,-0.1829,-0.2725,-0.3353,-0.0601,0.5068,0.3942,0.0773,-0.0578,-0.1008,-0.1099,-0.127,-0.1771,-0.2573,-0.3589,-0.4758,-0.589,-0.6628,-0.6782,-0.6526,-0.6128,-0.7934,-0.8063,-0.82,-0.834,-0.8469,-0.8562,-0.8589,-0.8539,-0.8456,-0.8431,-0.8458,-0.8457,-0.9231,-0.9163,-0.6604,-0.5243,-0.4467,-0.5789,-0.802,-0.388,-0.0346,0.0463,-0.0225,-0.066,-0.0513,0.0028,0.0012,-0.1038,-0.2436,-0.3959,-0.5746,-0.7587,-0.8621,-0.8435,-0.7644,-0.6837,-0.7758,-0.7856,-0.7952,-0.8041,-0.8111,-0.8148,-0.8141,-0.809,-0.8019,-0.7951,-0.7886,-0.7828,-0.7794,-0.7314,-0.6717,-0.6677,-0.5439,-0.5798,-0.6592,-0.4071,-0.2406,-0.1327,-0.0944,-0.0706,0.0102,0.2023,0.2422,-0.0142,-0.2392,-0.4362,-0.681,-0.9674,-1.1074,-1.0192,-0.8655,-0.741,-0.7577,-0.7648,-0.7711,-0.7763,-0.7794,-0.7797,-0.7768,-0.7708,-0.7625,-0.7524,-0.7401,-0.7242,-0.7005,-0.6654,-0.6516,-0.6407,-0.539,-0.4646,-0.3543,-0.3014,-0.2561,-0.1519,-0.0891,-0.0631,0.0027,0.2218,0.2745,-0.0822,-0.2932,-0.472,-0.7221,-1.0514,-1.2082,-1.0831,-0.8996,-0.761,-0.7398,-0.7446,-0.7484,-0.7507,-0.7512,-0.7493,-0.7447,-0.7373,-0.7274,-0.7149,-0.6992,-0.6791,-0.6533,-0.6239,-0.5976,-0.5612,-0.4945,-0.4169,-0.3399,-0.2876,-0.186,-0.0344,0.0337,-0.0158,-0.0858,-0.1611,-0.363,-0.3813,-0.4064,-0.5053,-0.67,-0.8992,-1.0289,-0.9692,-0.8443,-0.736,-0.7226,-0.7254,-0.7272,-0.7275,-0.726,-0.7223,-0.7163,-0.7078,-0.6967,-0.6826,-0.6652,-0.6439,-0.6182,-0.5888,-0.5558,-0.5138,-0.4571,-0.3888,-0.313,-0.213,-0.0185,0.2838,0.3739,0.1324,-0.1173,-0.3519,-0.5792,-0.52,-0.5207,-0.5591,-0.6152,-0.7203,-0.8018,-0.8008,-0.7473,-0.684,-0.7062,-0.7075,-0.7076,-0.7063,-0.7033,-0.6984,-0.6913,-0.6818,-0.6698,-0.6549,-0.6368,-0.6152,-0.5896,-0.56,-0.5252,-0.4827,-0.4294,-0.3632,-0.2766,-0.1401,0.1204,0.5395,0.6566,0.2627,-0.0873,-0.3195,-0.462,-0.5434,-0.6634,-0.6411,-0.6041,-0.6267,-0.6644,-0.6764,-0.6594,-0.6283,-0.6908,-0.6907,-0.6896,-0.687,-0.6829,-0.677,-0.669,-0.6589,-0.6463,-0.6311,-0.6129,-0.5914,-0.5662,-0.5369,-0.5024,-0.461,-0.4101,-0.3458,-0.2587,-0.1272,0.0814,0.3379,0.3969,0.1655,-0.095,-0.2853,-0.4238,-0.5613,-0.6813,-0.6528,-0.5953,-0.5825,-0.5928,-0.6003,-0.5957,-0.5813]}]