docs/data/wind_grid.json
[{"header":{"la1":42.85,"la2":41.18,"lo1":11.55,"lo2":14.05,"nx":36,"ny":24,"dx":0.07143,"dy":0.07261,"parameterCategory":2,"parameterNumber":2,"parameterNumberName":"eastward_wind","parameterUnit":"m.s-1"},"data":[-0.3799,-0.3814,-0.381,-0.3789,-0.3754,-0.3713,-0.3671,-0.3634,-0.3606,-0.3594,-0.3608,-0.3656,-0.3742,-0.3863,-0.401,-0.4162,-0.4289,-0.4354,-0.4324,-0.4189,-0.3977,-0.3748,-0.3565,-0.3453,-0.3398,-0.337,-0.3344,-0.3308,-0.3261,-0.3206,-0.3146,-0.3084,-0.3023,-0.2964,-0.2908,-0.2856,-0.3958,-0.398,-0.3974,-0.3942,-0.3891,-0.383,-0.3769,-0.3714,-0.3666,-0.3632,-0.3629,-0.3673,-0.3775,-0.3935,-0.414,-0.4366,-0.4569,-0.4683,-0.4639,-0.4399,-0.401,-0.3612,-0.3349,-0.3255,-0.3266,-0.3301,-0.3317,-0.3303,-0.3264,-0.3209,-0.3145,-0.3079,-0.3014,-0.2951,-0.2893,-0.284,-0.416,-0.4197,-0.4192,-0.4145,-0.4068,-0.3981,-0.39,-0.3828,-0.3754,-0.3683,-0.3643,-0.367,-0.3785,-0.3992,-0.4278,-0.4617,-0.4952,-0.5177,-0.5135,-0.4703,-0.3939,-0.3182,-0.2808,-0.2842,-0.3035,-0.32,-0.3285,-0.3299,-0.3267,-0.321,-0.3141,-0.3069,-0.2999,-0.2933,-0.2873,-0.2818,-0.4419,-0.4486,-0.449,-0.4424,-0.4304,-0.4176,-0.4079,-0.401,-0.3915,-0.3773,-0.3652,-0.3635,-0.3756,-0.4017,-0.4406,-0.4908,-0.5474,-0.5952,-0.6016,-0.5268,-0.3672,-0.2058,-0.1597,-0.211,-0.2724,-0.3105,-0.3273,-0.3308,-0.3275,-0.3209,-0.3131,-0.3052,-0.2977,-0.2908,-0.2846,-0.279,-0.4752,-0.4881,-0.4917,-0.4825,-0.4627,-0.4419,-0.4318,-0.4328,-0.4251,-0.396,-0.3657,-0.3547,-0.3666,-0.3985,-0.4491,-0.52,-0.6132,-0.7171,-0.7727,-0.6644,-0.3331,0.038,0.0608,-0.1209,-0.2505,-0.3105,-0.3316,-0.3342,-0.3288,-0.3204,-0.3113,-0.3025,-0.2946,-0.2874,-0.2811,-0.2756,-0.5169,-0.5423,-0.5552,-0.5447,-0.5099,-0.4706,-0.4584,-0.488,-0.4985,-0.4306,-0.3612,-0.3363,-0.3488,-0.3873,-0.4485,-0.539,-0.6766,-0.8818,-1.092,-0.9971,-0.4479,0.2044,0.1829,-0.1177,-0.2742,-0.3307,-0.3438,-0.3398,-0.3299,-0.3187,-0.3081,-0.2985,-0.2902,-0.283,-0.2768,-0.2715,-0.5656,-0.6137,-0.6512,-0.6478,-0.5854,-0.5031,-0.4697,-0.5394,-0.5939,-0.4502,-0.3314,-0.3004,-0.32,-0.3671,-0.4356,-0.5344,-0.6956,-0.9839,-1.4021,-1.3563,-0.8012,-0.3196,-0.1976,-0.2984,-0.3581,-0.3698,-0.3605,-0.3448,-0.3289,-0.3147,-0.3027,-0.2927,-0.2844,-0.2775,-0.2716,-0.2666,-0.6133,-0.6938,-0.7822,-0.814,-0.7049,-0.5425,-0.4416,-0.4533,-0.4722,-0.3358,-0.2427,-0.2398,-0.2806,-0.341,-0.4142,-0.5057,-0.6461,-0.8801,-1.162,-1.1806,-1.0973,-0.9391,-0.671,-0.5254,-0.4545,-0.4077,-0.3718,-0.344,-0.3228,-0.3067,-0.2944,-0.2848,-0.2771,-0.2708,-0.2655,-0.2611,-0.6453,-0.7501,-0.8882,-0.9807,-0.8187,-0.5765,-0.3865,-0.2601,-0.1554,-0.0734,-0.0871,-0.1575,-0.2347,-0.315,-0.4002,-0.4764,-0.5779,-0.7359,-0.9128,-1.1131,-1.5066,-1.3914,-0.9262,-0.6502,-0.5042,-0.4193,-0.366,-0.3315,-0.3088,-0.2935,-0.2826,-0.2745,-0.2681,-0.2629,-0.2586,-0.2549,-0.6513,-0.7563,-0.8733,-0.9322,-0.8364,-0.5935,-0.3316,-0.0707,0.2454,0.3595,0.1299,-0.0715,-0.1865,-0.2843,-0.4174,-0.4846,-0.5441,-0.6839,-0.8297,-1.0209,-1.3128,-1.2402,-0.8909,-0.6372,-0.4831,-0.3899,-0.3348,-0.3033,-0.2855,-0.2747,-0.2676,-0.2623,-0.258,-0.2543,-0.2511,-0.2483,-0.6338,-0.7385,-0.8824,-1.0905,-1.0229,-0.6249,-0.3129,0.0015,0.7213,1.0817,0.3181,-0.0255,-0.1367,-0.2019,-0.3649,-0.477,-0.5682,-0.7659,-0.883,-0.9088,-0.9315,-0.8684,-0.6993,-0.528,-0.3987,-0.3167,-0.275,-0.2586,-0.2534,-0.2517,-0.2505,-0.2491,-0.2472,-0.2452,-0.2432,-0.2414,-0.5942,-0.6907,-0.8404,-1.0461,-0.9647,-0.574,-0.3527,-0.2547,0.2345,0.6138,0.1763,-0.0561,-0.0941,-0.0267,-0.1487,-0.3974,-0.6908,-1.154,-1.2686,-0.9867,-0.7809,-0.6465,-0.5164,-0.3842,-0.2685,-0.1998,-0.1869,-0.2007,-0.2165,-0.2274,-0.2335,-0.2361,-0.2367,-0.2362,-0.2352,-0.2343,-0.5341,-0.6,-0.6799,-0.7332,-0.6462,-0.4627,-0.396,-0.4854,-0.3291,-0.0282,-0.0369,-0.1329,-0.1298,0.0342,-0.0776,-0.4243,-0.8189,-2.0335,-2.0777,-1.1102,-0.6885,-0.4898,-0.3625,-0.2416,-0.1106,-0.0413,-0.0796,-0.1411,-0.1831,-0.207,-0.2194,-0.2251,-0.2271,-0.2274,-0.2272,-0.227,-0.4656,-0.4987,-0.524,-0.5177,-0.4579,-0.3808,-0.3635,-0.416,-0.3269,-0.1219,-0.0792,-0.1954,-0.2391,-0.1904,-0.3021,-0.56,-0.7268,-1.3475,-1.4725,-0.8599,-0.4783,-0.2993,-0.2157,-0.1323,0.006,0.0882,-0.0036,-0.1055,-0.165,-0.1962,-0.2111,-0.2171,-0.2186,-0.2186,-0.2187,-0.2193,-0.4009,-0.4122,-0.4124,-0.3928,-0.3525,-0.3083,-0.2808,-0.2543,-0.1624,-0.018,0.0575,-0.0272,-0.138,-0.2013,-0.363,-0.6163,-1.0372,-0.7921,-0.6724,-0.3874,-0.1008,-0.0177,-0.0555,-0.0671,-0.0116,0.0344,-0.0318,-0.1167,-0.1706,-0.1985,-0.2099,-0.2118,-0.2101,-0.2085,-0.2087,-0.2105,-0.3455,-0.3446,-0.3346,-0.3126,-0.2797,-0.2414,-0.1995,-0.1401,-0.0335,0.1583,0.4839,0.1456,0.0174,-0.1265,-0.2693,-0.5534,-0.8306,-0.5126,-0.2463,0.036,0.4113,0.3418,0.1065,-0.0119,-0.0537,-0.0723,-0.1138,-0.1637,-0.1984,-0.214,-0.2144,-0.2063,-0.1976,-0.1937,-0.1952,-0.1997,-0.3,-0.2926,-0.2781,-0.2554,-0.2249,-0.1871,-0.14,-0.0745,0.0267,0.1952,0.4338,0.2336,0.0812,0.0517,-0.0473,-0.1529,-0.1958,-0.0142,0.1977,0.2892,0.51,0.4258,0.1825,0.0244,-0.0775,-0.1477,-0.1977,-0.2297,-0.2442,-0.2405,-0.2206,-0.193,-0.1726,-0.1682,-0.1755,-0.1864,-0.2629,-0.252,-0.2355,-0.2127,-0.1835,-0.1473,-0.1022,-0.0443,0.0307,0.1193,0.1794,0.1477,0.1121,0.1348,0.3184,0.4075,0.294,0.4752,0.7337,0.527,0.4273,0.3372,0.1904,0.0302,-0.1211,-0.2397,-0.2978,-0.3135,-0.3072,-0.277,-0.2225,-0.1588,-0.1212,-0.1253,-0.1487,-0.1716,-0.2328,-0.2199,-0.2026,-0.1803,-0.1527,-0.1193,-0.0793,-0.0321,0.0212,0.0738,0.1119,0.1349,0.1834,0.3746,1.0555,1.3502,0.6719,0.6278,0.7854,0.845,0.6201,0.4071,0.23,0.0333,-0.1847,-0.3496,-0.3894,-0.4078,-0.3917,-0.3277,-0.2223,-0.0991,-0.0408,-0.0715,-0.1228,-0.1605,-0.2081,-0.1944,-0.177,-0.1555,-0.1298,-0.0996,-0.0648,-0.0258,0.0161,0.058,0.099,0.1497,0.2467,0.4854,0.9948,1.1635,0.7455,0.7232,1.1769,1.4053,0.8434,0.538,0.3348,0.0823,-0.2184,-0.4053,-0.4366,-0.5566,-0.5178,-0.4059,-0.2516,-0.0764,-0.002,-0.0524,-0.1183,-0.1613,-0.1879,-0.1739,-0.1569,-0.1365,-0.1127,-0.0854,-0.0547,-0.021,0.0153,0.0541,0.0982,0.1572,0.2519,0.4101,0.6083,0.6816,0.6268,0.6962,0.9607,1.0569,0.8346,0.7217,0.5937,0.2534,-0.2047,-0.6395,-1.0518,-0.9511,-0.6891,-0.5143,-0.3452,-0.1743,-0.0902,-0.1071,-0.148,-0.1778,-0.1714,-0.1574,-0.1409,-0.1217,-0.0997,-0.0748,-0.0473,-0.017,0.016,0.0527,0.0958,0.151,0.2257,0.3218,0.4184,0.4781,0.5134,0.5862,0.7012,0.7792,0.8742,1.1627,1.2153,0.6253,-0.0997,-0.8058,-1.4235,-1.1476,-0.7767,-0.6258,-0.4699,-0.317,-0.2228,-0.1942,-0.1963,-0.204,-0.1578,-0.1441,-0.1283,-0.1102,-0.0898,-0.067,-0.0419,-0.0143,0.0161,0.0502,0.0897,0.1371,0.1943,0.2589,0.3221,0.3756,0.4259,0.4905,0.5762,0.6984,0.9719,1.5459,1.7258,0.9292,0.0859,-0.5476,-0.9047,-0.8528,-0.7877,-0.7274,-0.5675,-0.4172,-0.3167,-0.2637,-0.24,-0.2298,-0.1466,-0.1334,-0.1183,-0.1013,-0.0823,-0.0613,-0.0382,-0.013,0.0149,0.0458,0.0808,0.1208,0.1659,0.2143,0.2629,0.3098,0.3587,0.4175,0.4972,0.6252,0.8638,1.2082,1.262,0.7702,0.166,-0.2998,-0.5771,-0.7022,-0.7844,-0.7341,-0.5873,-0.4543,-0.3609,-0.3025,-0.2683,-0.2485]},{"header":{"la1":42.85,"la2":41.18,"lo1":11.55,"lo2":14.05,"nx":36,"ny":24,"dx":0.07143,"dy":0.07261,"parameterCategory":2,"parameterNumber":3,"parameterNumberName":"northward_wind","parameterUnit":"m.s-1"},"data":[-0.451,-0.4324,-0.41,-0.3842,-0.3558,-0.3273,-0.3021,-0.2843,-0.2766,-0.2789,-0.288,-0.2993,-0.3086,-0.3136,-0.3133,-0.3085,-0.3006,-0.2914,-0.283,-0.277,-0.2741,-0.2747,-0.2786,-0.2856,-0.2951,-0.3064,-0.319,-0.3322,-0.3457,-0.3592,-0.3725,-0.3854,-0.3979,-0.4098,-0.4212,-0.4319,-0.4574,-0.4361,-0.4092,-0.3762,-0.3375,-0.2963,-0.2582,-0.2315,-0.2227,-0.232,-0.253,-0.2764,-0.2947,-0.3046,-0.3055,-0.299,-0.2875,-0.2742,-0.2624,-0.2547,-0.2516,-0.253,-0.2584,-0.2675,-0.2796,-0.2937,-0.3089,-0.3245,-0.3401,-0.3555,-0.3704,-0.3849,-0.3987,-0.4117,-0.4241,-0.4356,-0.4673,-0.4439,-0.4123,-0.3704,-0.3172,-0.2549,-0.1927,-0.1473,-0.1352,-0.159,-0.2035,-0.2485,-0.2813,-0.2982,-0.3003,-0.2905,-0.2729,-0.2528,-0.2361,-0.227,-0.2254,-0.2289,-0.2363,-0.248,-0.2633,-0.2808,-0.2991,-0.3174,-0.3353,-0.3527,-0.3695,-0.3855,-0.4006,-0.4149,-0.4283,-0.4406,-0.4817,-0.4574,-0.4222,-0.3712,-0.2988,-0.2027,-0.0933,-0.0046,0.0173,-0.0392,-0.1328,-0.2168,-0.2717,-0.2974,-0.2997,-0.2843,-0.2565,-0.2243,-0.1992,-0.1909,-0.1968,-0.2058,-0.215,-0.2289,-0.2477,-0.2688,-0.2904,-0.3115,-0.3319,-0.3513,-0.3699,-0.3875,-0.4041,-0.4197,-0.4341,-0.4473,-0.5012,-0.4782,-0.4427,-0.3857,-0.2929,-0.1476,0.0521,0.2483,0.3026,0.1626,-0.0384,-0.1886,-0.2722,-0.3063,-0.3068,-0.2828,-0.239,-0.1837,-0.1399,-0.1376,-0.1692,-0.1946,-0.2016,-0.2135,-0.2345,-0.259,-0.2837,-0.3075,-0.3302,-0.3517,-0.3721,-0.3914,-0.4095,-0.4263,-0.4418,-0.4558,-0.5252,-0.5061,-0.4756,-0.4217,-0.3183,-0.1207,0.2244,0.6756,0.8371,0.4699,0.054,-0.1847,-0.2928,-0.3296,-0.3255,-0.2912,-0.2265,-0.1304,-0.0356,-0.042,-0.1334,-0.1963,-0.1985,-0.2036,-0.2253,-0.2524,-0.2797,-0.3059,-0.3307,-0.3542,-0.3765,-0.3975,-0.4171,-0.4353,-0.4519,-0.4667,-0.5519,-0.5375,-0.5156,-0.4782,-0.3914,-0.1814,0.2738,1.0656,1.4394,0.6821,0.0413,-0.2392,-0.3426,-0.37,-0.3591,-0.3173,-0.237,-0.1019,0.0699,0.0598,-0.0769,-0.1494,-0.1746,-0.1917,-0.2187,-0.2492,-0.279,-0.3072,-0.3339,-0.3592,-0.3833,-0.4061,-0.4275,-0.4471,-0.4647,-0.4804,-0.5794,-0.5659,-0.5439,-0.5248,-0.4904,-0.35,-0.0062,0.588,0.8519,0.2798,-0.1839,-0.3653,-0.4181,-0.4242,-0.4095,-0.3683,-0.2862,-0.1608,-0.0285,-0.0105,-0.0284,-0.0586,-0.1235,-0.1738,-0.214,-0.2494,-0.2815,-0.3114,-0.3397,-0.3669,-0.393,-0.4179,-0.4411,-0.4623,-0.4811,-0.4975,-0.6094,-0.5943,-0.5503,-0.5087,-0.5589,-0.5466,-0.4334,-0.2851,-0.2805,-0.4403,-0.5268,-0.5237,-0.4986,-0.4821,-0.4802,-0.4546,-0.3624,-0.2476,-0.1462,-0.0553,0.0809,0.0488,-0.0825,-0.1635,-0.2149,-0.2539,-0.2873,-0.3182,-0.348,-0.3773,-0.4058,-0.4332,-0.4587,-0.4818,-0.5019,-0.5188,-0.6455,-0.6443,-0.6213,-0.6028,-0.6843,-0.7314,-0.7742,-0.8597,-1.0384,-1.0923,-0.8582,-0.6573,-0.5595,-0.5288,-0.5748,-0.6085,-0.4344,-0.2984,-0.2053,-0.1057,0.013,-0.0024,-0.1025,-0.1754,-0.225,-0.263,-0.2958,-0.327,-0.3584,-0.3904,-0.4223,-0.4531,-0.4816,-0.5068,-0.5282,-0.5455,-0.6838,-0.7094,-0.7579,-0.8582,-0.8634,-0.8916,-1.0308,-1.203,-1.559,-1.7572,-1.0878,-0.7172,-0.5911,-0.5644,-0.5771,-0.6096,-0.4091,-0.2974,-0.24,-0.1802,-0.1257,-0.1193,-0.1563,-0.2013,-0.2412,-0.2746,-0.3048,-0.3361,-0.3702,-0.4065,-0.4433,-0.4788,-0.5113,-0.5392,-0.5618,-0.579,-0.7131,-0.7518,-0.8104,-0.877,-0.8984,-1.0183,-1.2682,-1.4641,-1.4958,-1.4862,-0.9991,-0.6793,-0.6029,-0.7036,-0.5738,-0.3801,-0.2742,-0.281,-0.2819,-0.2235,-0.181,-0.1706,-0.1884,-0.2217,-0.2566,-0.2847,-0.3108,-0.3432,-0.3826,-0.426,-0.4704,-0.5128,-0.5506,-0.5817,-0.6053,-0.6214,-0.7291,-0.7682,-0.8169,-0.8699,-0.9435,-1.1184,-1.4253,-1.7037,-1.5518,-1.1584,-0.8117,-0.604,-0.5344,-0.7414,-0.548,-0.1183,-0.07,-0.3756,-0.3999,-0.2309,-0.172,-0.1626,-0.186,-0.2285,-0.269,-0.2901,-0.3102,-0.3474,-0.3965,-0.451,-0.5065,-0.5589,-0.6039,-0.6387,-0.6622,-0.6753,-0.7342,-0.7708,-0.8157,-0.8731,-0.9611,-1.1138,-1.3428,-1.5713,-1.4282,-0.9998,-0.6992,-0.5883,-0.5155,0.088,-0.013,0.4519,0.3239,-0.0957,-0.2349,-0.152,-0.0954,-0.0924,-0.1451,-0.2192,-0.2776,-0.2907,-0.306,-0.3531,-0.4159,-0.4856,-0.5569,-0.6235,-0.6785,-0.717,-0.738,-0.7443,-0.7311,-0.764,-0.8043,-0.8559,-0.9268,-1.0236,-1.1326,-1.1842,-1.0617,-0.8312,-0.6578,-0.5034,-0.2043,0.2623,0.1677,0.6044,0.7725,0.2424,-0.0213,-0.0142,0.1081,0.095,-0.0517,-0.1862,-0.2669,-0.2915,-0.3152,-0.3701,-0.446,-0.5348,-0.629,-0.7173,-0.7863,-0.827,-0.8399,-0.8323,-0.722,-0.7497,-0.7825,-0.8215,-0.8673,-0.9158,-0.9498,-0.9353,-0.8519,-0.7603,-0.7971,-0.5385,-0.4146,-0.1786,-0.0237,0.2947,0.5397,0.1652,-0.0359,0.1149,0.6004,0.4715,0.069,-0.1478,-0.2467,-0.2908,-0.3293,-0.3921,-0.4846,-0.6015,-0.7325,-0.8572,-0.9473,-0.9852,-0.9772,-0.9427,-0.7088,-0.7307,-0.755,-0.7811,-0.8067,-0.8264,-0.8296,-0.8052,-0.7574,-0.7278,-0.773,-0.6441,-0.6852,-0.7184,-0.357,-0.153,-0.0784,-0.2046,-0.2904,-0.0094,0.6606,0.5011,0.053,-0.1594,-0.2398,-0.2677,-0.3052,-0.3894,-0.5187,-0.6841,-0.8787,-1.0701,-1.1938,-1.2131,-1.157,-1.074,-0.6936,-0.71,-0.7268,-0.7427,-0.7553,-0.7608,-0.7543,-0.7335,-0.7042,-0.6811,-0.6664,-0.6528,-0.7657,-0.7965,-0.6585,-0.6087,-0.4786,-0.5656,-0.74,-0.426,-0.0755,-0.0087,-0.14,-0.2306,-0.2285,-0.1623,-0.1707,-0.3265,-0.5371,-0.7768,-1.0718,-1.3856,-1.5627,-1.5219,-1.3698,-1.2123,-0.6779,-0.6896,-0.7006,-0.7096,-0.7148,-0.7141,-0.7055,-0.6893,-0.6691,-0.6506,-0.6382,-0.6417,-0.68,-0.7555,-1.0778,-1.2344,-0.7543,-0.6686,-0.7407,-0.6887,-0.4932,-0.3641,-0.3442,-0.3259,-0.2015,0.0947,0.1565,-0.227,-0.5631,-0.8682,-1.271,-1.762,-2.0062,-1.8445,-1.5598,-1.3234,-0.6629,-0.671,-0.6778,-0.6824,-0.6837,-0.6806,-0.6724,-0.66,-0.6456,-0.6329,-0.6264,-0.6337,-0.669,-0.7735,-1.0364,-1.1179,-0.8105,-0.7185,-0.8777,-0.9687,-0.7026,-0.5711,-0.5223,-0.4559,-0.2855,0.1057,0.1961,-0.356,-0.6708,-0.9426,-1.3503,-1.9124,-2.1861,-1.9615,-1.6252,-1.3642,-0.6491,-0.6545,-0.6586,-0.6606,-0.6599,-0.6561,-0.6491,-0.6396,-0.6296,-0.6214,-0.6189,-0.6275,-0.6563,-0.7189,-0.8054,-0.819,-0.7425,-0.7211,-0.8022,-0.8353,-0.7555,-0.7434,-0.7339,-0.6484,-0.5443,-0.5436,-0.8295,-0.8459,-0.8627,-1.0031,-1.2651,-1.6494,-1.8702,-1.7592,-1.5277,-1.3217,-0.6368,-0.6404,-0.6426,-0.6431,-0.6416,-0.6378,-0.6321,-0.625,-0.618,-0.6129,-0.6122,-0.6192,-0.6373,-0.6671,-0.6968,-0.7034,-0.6904,-0.6941,-0.7266,-0.7631,-0.8342,-1.005,-1.0576,-0.8759,-0.7637,-0.8863,-1.1726,-1.0704,-1.04,-1.0849,-1.17,-1.3402,-1.4721,-1.4607,-1.3546,-1.229,-0.6261,-0.6284,-0.6295,-0.6292,-0.6274,-0.624,-0.6194,-0.6142,-0.6092,-0.6059,-0.6058,-0.6105,-0.6208,-0.6354,-0.6491,-0.6566,-0.6615,-0.6754,-0.7076,-0.7713,-0.9191,-1.1961,-1.2779,-1.0165,-0.8642,-0.9045,-1.0142,-1.0913,-1.2366,-1.2018,-1.1452,-1.1776,-1.2318,-1.2405,-1.1977,-1.1288,-0.6169,-0.6183,-0.6187,-0.6181,-0.6163,-0.6134,-0.6098,-0.6059,-0.6024,-0.6002,-0.6002,-0.6032,-0.6093,-0.6177,-0.6266,-0.6353,-0.6465,-0.666,-0.7023,-0.7704,-0.8958,-1.0639,-1.1074,-0.9775,-0.8832,-0.8944,-0.9734,-1.112,-1.2606,-1.2178,-1.1277,-1.0999,-1.1057,-1.1052,-1.0831,-1.0434]}]