docs/data/wind_grid.json
[{"header":{"la1":42.85,"la2":41.18,"lo1":11.55,"lo2":14.05,"nx":36,"ny":24,"dx":0.07143,"dy":0.07261,"parameterCategory":2,"parameterNumber":2,"parameterNumberName":"eastward_wind","parameterUnit":"m.s-1"},"data":[1.5418,1.4982,1.4479,1.3924,1.3344,1.2791,1.2328,1.2025,1.1928,1.2036,1.2302,1.2655,1.3025,1.336,1.3632,1.3834,1.3969,1.4051,1.41,1.4131,1.4156,1.4176,1.4188,1.4192,1.4186,1.4177,1.4168,1.4165,1.4173,1.4196,1.4233,1.4284,1.4347,1.4421,1.4503,1.459,1.5529,1.5019,1.4402,1.3685,1.2899,1.2109,1.1423,1.097,1.0848,1.1065,1.1526,1.2093,1.2648,1.3119,1.3478,1.3721,1.3863,1.393,1.3957,1.3976,1.4001,1.4028,1.4046,1.4049,1.4036,1.4015,1.3995,1.3984,1.3989,1.4013,1.4057,1.4119,1.4197,1.4287,1.4385,1.4487,1.5737,1.5155,1.441,1.3488,1.2407,1.1243,1.0163,0.942,0.9246,0.9671,1.0488,1.1411,1.2242,1.2896,1.3357,1.3636,1.3763,1.3783,1.3762,1.3761,1.3797,1.3849,1.3885,1.3889,1.3864,1.3825,1.3787,1.3764,1.3765,1.3793,1.3849,1.3928,1.4025,1.4136,1.4256,1.4379,1.6082,1.5449,1.4578,1.3416,1.1937,1.0188,0.8393,0.7043,0.6733,0.7597,0.9103,1.0621,1.1846,1.2726,1.3296,1.3598,1.3671,1.3581,1.3455,1.3425,1.3511,1.363,1.3704,1.3711,1.3665,1.3595,1.3531,1.3491,1.3489,1.3526,1.36,1.3704,1.383,1.3969,1.4116,1.4264,1.6614,1.5978,1.502,1.3622,1.1664,0.9069,0.5993,0.3287,0.2592,0.4471,0.7353,0.9814,1.1539,1.2661,1.3332,1.3634,1.3595,1.3276,1.2916,1.286,1.3108,1.3381,1.3519,1.3517,1.3426,1.3306,1.32,1.314,1.3138,1.3194,1.3299,1.3441,1.3607,1.3786,1.3968,1.4147,1.7381,1.6834,1.5889,1.4345,1.1942,0.8357,0.3327,-0.2239,-0.4049,0.0233,0.56,0.925,1.1444,1.2756,1.3503,1.3793,1.3598,1.287,1.2007,1.1971,1.2628,1.3165,1.3361,1.3306,1.3125,1.2919,1.2756,1.2674,1.2683,1.2776,1.2934,1.3133,1.3356,1.3587,1.3814,1.4032,1.8417,1.8107,1.7363,1.5879,1.3269,0.9026,0.2362,-0.6692,-1.0422,-0.2621,0.5046,0.9306,1.1655,1.3038,1.3838,1.4147,1.3861,1.2739,1.1202,1.125,1.2417,1.3129,1.3262,1.3055,1.2708,1.2369,1.2129,1.2034,1.2082,1.2247,1.249,1.2777,1.308,1.3379,1.3662,1.3924,1.9715,1.9855,1.9615,1.8528,1.6057,1.1865,0.5709,-0.1927,-0.4901,0.0861,0.6548,0.999,1.2093,1.3462,1.4357,1.4763,1.457,1.3621,1.2264,1.2167,1.299,1.3379,1.3201,1.2687,1.2068,1.1534,1.1208,1.1133,1.1277,1.1576,1.196,1.2375,1.2786,1.3172,1.3522,1.3835,2.1182,2.2035,2.2776,2.2623,2.0475,1.6325,1.1341,0.6758,0.4567,0.5548,0.8113,1.0642,1.2484,1.3889,1.5107,1.5719,1.5593,1.5126,1.4476,1.4145,1.4094,1.3785,1.3061,1.2055,1.1015,1.0206,0.9808,0.984,1.0197,1.0736,1.1342,1.194,1.2493,1.2984,1.3411,1.3777,2.2579,2.4333,2.6663,2.848,2.6668,2.1242,1.5955,1.096,0.5463,0.3646,0.7424,1.077,1.254,1.396,1.6155,1.7199,1.6544,1.6534,1.6429,1.5955,1.5206,1.4133,1.2674,1.0926,0.9216,0.8013,0.762,0.7971,0.8768,0.9724,1.0663,1.1507,1.2234,1.2845,1.3352,1.3769,2.353,2.5955,2.9815,3.4411,3.3128,2.5193,1.9849,1.424,0.0052,-0.6657,0.5774,1.0895,1.21,1.2759,1.5375,1.7174,1.7047,1.8281,1.8761,1.7854,1.627,1.4321,1.1897,0.8982,0.6093,0.4269,0.4142,0.5307,0.6963,0.859,0.9992,1.114,1.206,1.2792,1.3372,1.3832,2.375,2.6078,2.9649,3.3694,3.2404,2.6188,2.4295,2.3994,1.2135,0.2637,0.9226,1.1614,1.1222,0.9793,1.1444,1.4868,1.8041,2.222,2.3083,2.0255,1.7255,1.4303,1.069,0.5895,0.0674,-0.2264,-0.1325,0.1744,0.4926,0.7508,0.9467,1.0935,1.204,1.2875,1.3507,1.3988,2.3333,2.4974,2.6973,2.8413,2.7454,2.5708,2.7331,3.1733,2.6737,1.6998,1.3769,1.161,1.0531,0.878,1.0063,1.453,1.9599,2.8904,2.9081,2.2091,1.7674,1.4037,0.9361,0.1926,-0.7869,-1.2946,-0.8886,-0.2121,0.3194,0.6816,0.9283,1.1012,1.225,1.3144,1.3791,1.4259,2.2645,2.3626,2.4558,2.5025,2.4823,2.4901,2.6564,2.9093,2.6664,2.0295,1.6196,1.0348,0.8486,1.0569,1.2941,1.5743,1.897,2.4624,2.5463,2.0789,1.6905,1.3556,0.8806,-0.0438,-1.5382,-2.3205,-1.4571,-0.4078,0.2744,0.693,0.9637,1.148,1.2762,1.365,1.4256,1.4665,2.1974,2.2553,2.3032,2.3298,2.341,2.3712,2.4405,2.4768,2.3398,2.1467,2.039,1.7937,1.542,1.5875,1.5512,1.7045,1.7377,1.9624,2.0427,1.8117,1.4805,1.2699,0.9619,0.2114,-1.0301,-1.7167,-1.0511,-0.1719,0.4232,0.8034,1.0599,1.2393,1.3629,1.4435,1.4928,1.5216,2.1426,2.1793,2.2089,2.2292,2.2443,2.2629,2.2821,2.2792,2.2601,2.3568,2.7352,2.5352,2.2121,1.8567,1.828,1.8322,1.8124,1.9689,1.9877,1.6386,1.0506,1.0736,1.0927,0.7001,0.0908,-0.2609,-0.0711,0.334,0.6967,0.9822,1.2056,1.3747,1.4894,1.5539,1.5822,1.5907,2.1005,2.126,2.1471,2.1634,2.1765,2.1886,2.1992,2.2111,2.2529,2.4047,2.6927,2.5233,2.4483,2.4545,2.1684,2.1083,2.1328,2.2835,2.3333,1.8431,1.0194,1.0957,1.2483,1.0626,0.7665,0.5792,0.5903,0.7426,0.9529,1.172,1.3791,1.5523,1.6616,1.6996,1.6925,1.6701,2.0686,2.0879,2.1045,2.1184,2.1304,2.1419,2.1554,2.1773,2.2228,2.3056,2.3842,2.3902,2.4946,2.5368,2.4781,2.5158,2.4705,2.7431,3.0838,2.4675,1.837,1.5885,1.4882,1.2897,1.02,0.7864,0.74,0.8987,1.1164,1.3343,1.5598,1.7691,1.8826,1.8756,1.8132,1.7501,2.0442,2.0599,2.0741,2.0868,2.0988,2.1115,2.1274,2.1507,2.1863,2.2333,2.2787,2.3211,2.3924,2.5205,2.9436,3.1282,2.71,2.8021,3.0024,2.8118,2.3768,1.9905,1.7242,1.4439,1.0472,0.5161,0.4063,0.8775,1.2293,1.4655,1.7162,1.9873,2.1131,2.0409,1.9143,1.8132,2.0253,2.0389,2.0517,2.0639,2.0762,2.0898,2.1064,2.1284,2.1572,2.1923,2.2321,2.2825,2.3647,2.5368,2.8868,2.9997,2.7249,2.745,3.0799,3.2342,2.6492,2.2126,1.9209,1.6189,1.1887,0.5199,0.375,1.1156,1.4192,1.5755,1.7875,2.0691,2.1986,2.0986,1.9515,1.8408,2.0103,2.0225,2.0345,2.0464,2.0589,2.0728,2.0893,2.1097,2.1349,2.1655,2.203,2.253,2.3283,2.4469,2.5914,2.6425,2.6013,2.6573,2.8593,2.9008,2.5839,2.3206,2.1336,1.8759,1.594,1.5254,1.9609,1.8926,1.6816,1.6509,1.7576,1.9476,2.0561,2.0108,1.9135,1.8295,1.998,2.0093,2.0207,2.0324,2.0448,2.0586,2.0746,2.0936,2.1165,2.144,2.178,2.2216,2.2793,2.3511,2.4207,2.4592,2.4755,2.5156,2.5744,2.5605,2.4701,2.4708,2.4483,2.1668,1.9204,2.0481,2.5276,2.2074,1.7319,1.6271,1.6824,1.7928,1.8731,1.88,1.8425,1.7964,1.9876,1.9983,2.0091,2.0204,2.0325,2.0459,2.0611,2.0788,2.0995,2.1241,2.1534,2.1889,2.2309,2.2768,2.3187,2.3488,2.3703,2.3924,2.4097,2.4099,2.439,2.6014,2.6619,2.3378,2.0537,2.0197,2.0832,1.8193,1.4686,1.4959,1.6042,1.6965,1.76,1.7851,1.7803,1.7613,1.9785,1.9886,1.9989,2.0098,2.0214,2.0341,2.0484,2.0646,2.0831,2.1045,2.1291,2.1571,2.1879,2.2193,2.2477,2.2701,2.2871,2.3004,2.3104,2.3242,2.3727,2.4739,2.4819,2.281,2.0644,1.9464,1.8496,1.635,1.4286,1.4701,1.5776,1.656,1.7065,1.7327,1.7397,1.7347]},{"header":{"la1":42.85,"la2":41.18,"lo1":11.55,"lo2":14.05,"nx":36,"ny":24,"dx":0.07143,"dy":0.07261,"parameterCategory":2,"parameterNumber":3,"parameterNumberName":"northward_wind","parameterUnit":"m.s-1"},"data":[0.1555,0.1275,0.0952,0.0593,0.0211,-0.0167,-0.0507,-0.0772,-0.0939,-0.1007,-0.1002,-0.0959,-0.0906,-0.086,-0.0823,-0.0792,-0.0759,-0.0718,-0.0664,-0.0593,-0.0503,-0.0397,-0.0277,-0.0146,-0.0009,0.0135,0.0285,0.0442,0.0605,0.0774,0.0947,0.1123,0.13,0.1475,0.1647,0.1813,0.1636,0.1317,0.0934,0.0488,-0.0007,-0.0517,-0.0985,-0.134,-0.153,-0.1555,-0.1468,-0.1342,-0.1228,-0.1145,-0.109,-0.1051,-0.1014,-0.097,-0.0911,-0.0831,-0.0728,-0.0605,-0.0468,-0.0322,-0.017,-0.0013,0.0149,0.0319,0.0497,0.0683,0.0874,0.1069,0.1265,0.1459,0.1648,0.183,0.1769,0.1415,0.0966,0.0412,-0.0243,-0.0961,-0.1651,-0.2172,-0.2398,-0.2321,-0.2066,-0.1789,-0.1579,-0.145,-0.1379,-0.1334,-0.1294,-0.1246,-0.1182,-0.1092,-0.0972,-0.0827,-0.0669,-0.0506,-0.0341,-0.0173,0.0001,0.0184,0.0378,0.0582,0.0795,0.1013,0.1232,0.1448,0.1657,0.1857,0.1975,0.1597,0.1087,0.0409,-0.046,-0.1503,-0.2599,-0.3466,-0.3766,-0.3446,-0.2836,-0.2291,-0.1945,-0.1772,-0.1696,-0.165,-0.1601,-0.1542,-0.1471,-0.1371,-0.123,-0.1058,-0.0876,-0.0697,-0.0522,-0.0348,-0.0166,0.003,0.0241,0.0469,0.0708,0.0955,0.1202,0.1444,0.1677,0.1898,0.2275,0.19,0.1352,0.0561,-0.056,-0.2073,-0.3907,-0.5561,-0.6067,-0.5143,-0.3777,-0.2791,-0.2294,-0.2113,-0.2064,-0.2022,-0.194,-0.1838,-0.175,-0.1648,-0.1486,-0.1283,-0.1078,-0.0891,-0.0718,-0.0546,-0.0361,-0.0154,0.0079,0.0336,0.061,0.0893,0.1175,0.145,0.1712,0.1956,0.2685,0.2359,0.1831,0.0985,-0.0347,-0.2399,-0.5375,-0.8743,-0.988,-0.7469,-0.4675,-0.3141,-0.2576,-0.2491,-0.2542,-0.2515,-0.2337,-0.2091,-0.1938,-0.1862,-0.1701,-0.1477,-0.1266,-0.109,-0.0937,-0.0783,-0.0603,-0.0385,-0.0123,0.0174,0.0495,0.0827,0.1155,0.1471,0.1766,0.2037,0.3212,0.3002,0.2587,0.1812,0.0442,-0.1898,-0.5812,-1.1365,-1.3685,-0.8987,-0.4816,-0.3119,-0.2766,-0.2979,-0.3272,-0.3291,-0.2913,-0.2327,-0.1958,-0.1933,-0.1826,-0.1619,-0.1436,-0.1307,-0.1206,-0.1093,-0.0928,-0.0693,-0.0388,-0.0029,0.036,0.0758,0.1146,0.1512,0.1848,0.2149,0.3839,0.3824,0.3647,0.3118,0.1965,-0.0118,-0.3526,-0.8171,-1.0057,-0.6479,-0.357,-0.2671,-0.2914,-0.3713,-0.4548,-0.4729,-0.3999,-0.2913,-0.2191,-0.2021,-0.1899,-0.1726,-0.1612,-0.1578,-0.1578,-0.1538,-0.1396,-0.1127,-0.0746,-0.0289,0.0202,0.0692,0.1158,0.1586,0.1968,0.2301,0.4514,0.477,0.4976,0.4881,0.41,0.2513,0.0353,-0.1854,-0.2801,-0.2261,-0.1793,-0.2076,-0.3095,-0.4804,-0.6943,-0.7646,-0.5943,-0.3992,-0.2819,-0.228,-0.1996,-0.1838,-0.1834,-0.1969,-0.2148,-0.2233,-0.2113,-0.1765,-0.124,-0.062,0.0023,0.0641,0.1208,0.1709,0.2141,0.2507,0.5145,0.5698,0.6402,0.6947,0.6512,0.5128,0.3703,0.2209,0.062,-0.0235,-0.0612,-0.1603,-0.3241,-0.5819,-1.0817,-1.3235,-0.8235,-0.4841,-0.325,-0.2466,-0.2068,-0.1956,-0.2141,-0.2582,-0.3096,-0.3395,-0.3267,-0.2722,-0.1918,-0.1026,-0.0157,0.0632,0.1321,0.1905,0.239,0.2784,0.5613,0.6363,0.7448,0.8614,0.8394,0.7122,0.6625,0.5307,0.0779,-0.1261,-0.0063,-0.1323,-0.3331,-0.5603,-1.0201,-1.3365,-0.7801,-0.4622,-0.3234,-0.2464,-0.204,-0.2037,-0.2552,-0.357,-0.4755,-0.5442,-0.5179,-0.4147,-0.2804,-0.1474,-0.0291,0.0712,0.154,0.2209,0.274,0.3151,0.5849,0.6584,0.7576,0.8544,0.8479,0.843,1.0039,1.1186,0.5891,0.1373,0.0888,-0.1226,-0.3706,-0.5862,-0.6188,-0.6432,-0.5114,-0.3817,-0.3149,-0.238,-0.187,-0.2001,-0.303,-0.5113,-0.7727,-0.9167,-0.832,-0.6132,-0.3822,-0.1858,-0.0285,0.0954,0.1922,0.2666,0.3225,0.3634,0.5893,0.6484,0.7166,0.7756,0.8178,0.9394,1.2418,1.6128,1.283,0.6041,0.1904,-0.1501,-0.369,-0.6282,-0.5766,-0.4462,-0.3888,-0.3736,-0.3547,-0.2203,-0.1442,-0.1695,-0.3347,-0.7092,-1.2603,-1.5514,-1.2835,-0.8338,-0.4637,-0.1953,0.0002,0.1455,0.2536,0.3326,0.3882,0.4256,0.5838,0.6298,0.6803,0.7334,0.8039,0.9379,1.1662,1.4019,1.2199,0.6996,0.2982,-0.2113,-0.4003,-0.5333,-0.3717,-0.3905,-0.4443,-0.353,-0.2785,-0.132,-0.0537,-0.0906,-0.2956,-0.8096,-1.7009,-2.1811,-1.6296,-0.9361,-0.4603,-0.1466,0.0725,0.2315,0.3462,0.4251,0.4753,0.5042,0.5747,0.612,0.6537,0.7022,0.7663,0.858,0.9677,1.0241,0.9166,0.7454,0.6454,0.4377,0.0612,-0.1184,-0.1741,-0.5394,-1.0161,-0.4139,-0.1018,0.0395,0.0802,0.0358,-0.1491,-0.6061,-1.3692,-1.7949,-1.3551,-0.7562,-0.3244,-0.024,0.1969,0.3616,0.4778,0.5503,0.5877,0.6008,0.5648,0.5956,0.6302,0.6699,0.7169,0.7703,0.817,0.8324,0.8224,0.9038,1.2138,1.3233,0.8941,0.3194,0.1222,-0.3148,-0.6986,-0.1672,0.1876,0.2392,0.1424,0.1287,0.0324,-0.2478,-0.6317,-0.8425,-0.6951,-0.3907,-0.0972,0.1558,0.3703,0.5413,0.6573,0.7153,0.7282,0.7151,0.5547,0.5803,0.6084,0.6392,0.6724,0.7055,0.7336,0.7566,0.8005,0.9371,1.1844,1.1528,1.2125,1.2233,0.5699,0.2534,0.1951,0.5033,0.7559,0.539,0.1803,0.1901,0.1817,0.0258,-0.1686,-0.2805,-0.2459,-0.0913,0.1233,0.3547,0.5814,0.7755,0.8953,0.9256,0.8955,0.8422,0.5451,0.5663,0.5891,0.6131,0.6378,0.6622,0.6861,0.7144,0.7619,0.8442,0.9337,0.9948,1.2433,1.2717,0.7797,0.6252,0.6796,1.1721,1.6397,1.0786,0.6295,0.4497,0.3507,0.2018,0.0071,-0.1743,-0.1883,0.0144,0.2817,0.5458,0.8148,1.0625,1.1939,1.1725,1.0742,0.9684,0.5362,0.554,0.5727,0.5921,0.6119,0.632,0.6535,0.6798,0.716,0.7634,0.8128,0.8639,0.924,0.8845,0.797,0.8004,0.8488,1.2465,1.5609,1.422,1.0453,0.7302,0.5306,0.3324,0.021,-0.4727,-0.5706,-0.0191,0.4235,0.7303,1.0329,1.3465,1.4919,1.3969,1.2226,1.0694,0.5283,0.5434,0.5591,0.5754,0.592,0.6092,0.628,0.6499,0.6763,0.7065,0.7371,0.7648,0.7818,0.7768,0.7849,0.8023,0.8856,1.1854,1.701,1.9033,1.3,0.9114,0.6953,0.4951,0.1709,-0.4618,-0.6018,0.2671,0.6952,0.934,1.1722,1.4591,1.5959,1.4769,1.2846,1.1209,0.5213,0.5345,0.548,0.5619,0.5763,0.5913,0.6074,0.6253,0.6451,0.6663,0.687,0.7054,0.7196,0.7325,0.7541,0.7923,0.8918,1.1152,1.4441,1.5311,1.2228,0.9895,0.8625,0.7235,0.5903,0.6357,1.154,1.1664,1.1316,1.2007,1.268,1.3823,1.4569,1.3905,1.2549,1.1218,0.5154,0.5269,0.5388,0.551,0.5636,0.5768,0.5907,0.6056,0.6214,0.6378,0.6541,0.6699,0.6858,0.7049,0.7328,0.779,0.8622,0.993,1.1285,1.1602,1.0878,1.073,1.0645,0.9419,0.9173,1.2282,1.7582,1.598,1.5986,1.5925,1.4501,1.3625,1.3321,1.2799,1.1927,1.0955,0.5103,0.5206,0.5312,0.5421,0.5534,0.5651,0.5773,0.5901,0.6036,0.6176,0.632,0.6472,0.6643,0.6857,0.7151,0.758,0.82,0.8975,0.9682,1.0071,1.0432,1.1471,1.1834,1.0522,1.0389,1.2402,1.5005,1.7569,2.2209,2.0726,1.682,1.4306,1.3026,1.2205,1.1433,1.065,0.506,0.5154,0.525,0.5349,0.5451,0.5556,0.5666,0.5781,0.5902,0.6029,0.6165,0.6315,0.6489,0.6705,0.6985,0.7354,0.7821,0.8351,0.8868,0.9346,0.995,1.0755,1.0974,1.0458,1.0647,1.2093,1.4528,1.8603,2.2996,2.148,1.752,1.466,1.2972,1.1909,1.1097,1.038]}]