docs/data/wind_grid.json
[{"header":{"la1":42.22,"la2":41.45,"lo1":11.9,"lo2":12.97,"nx":16,"ny":12,"dx":0.07133,"dy":0.07,"parameterCategory":2,"parameterNumber":2,"parameterNumberName":"eastward_wind","parameterUnit":"m.s-1"},"data":[-0.5804,-0.5437,-0.4865,-0.4204,-0.3969,-0.4378,-0.4861,-0.5165,-0.5507,-0.6195,-0.736,-0.8856,-1.0299,-1.1257,-1.1566,-1.14,-0.5966,-0.5597,-0.4784,-0.3374,-0.2726,-0.3793,-0.455,-0.4655,-0.4711,-0.5469,-0.7216,-0.9644,-1.2015,-1.3313,-1.3297,-1.2599,-0.6299,-0.6174,-0.5579,-0.3619,-0.2428,-0.388,-0.4464,-0.4032,-0.323,-0.4102,-0.6946,-1.0975,-1.5208,-1.6869,-1.5714,-1.3935,-0.6699,-0.7048,-0.7576,-0.6692,-0.4911,-0.4785,-0.4615,-0.375,-0.1324,-0.2774,-0.6912,-1.268,-2.0303,-2.2023,-1.8167,-1.4906,-0.6949,-0.7519,-0.8578,-0.8289,-0.628,-0.5391,-0.4885,-0.448,-0.2591,-0.3818,-0.7559,-1.3017,-2.1433,-2.3294,-1.829,-1.4705,-0.6962,-0.7316,-0.7715,-0.7384,-0.6441,-0.584,-0.5218,-0.4343,-0.1751,-0.4347,-0.907,-1.3111,-1.537,-1.702,-1.5254,-1.3159,-0.6872,-0.6995,-0.703,-0.6823,-0.6556,-0.6499,-0.6361,-0.5454,-0.3641,-0.5649,-1.0661,-1.4891,-1.3067,-1.2412,-1.1757,-1.0995,-0.6802,-0.6832,-0.6812,-0.6743,-0.6737,-0.6921,-0.6914,-0.7026,-0.7252,-0.7377,-0.9454,-1.142,-1.0376,-0.8868,-0.8517,-0.8759,-0.6782,-0.6793,-0.6791,-0.6795,-0.6849,-0.6965,-0.7277,-0.9155,-1.0595,-0.8522,-0.8438,-0.84,-0.6465,-0.443,-0.5292,-0.6771,-0.6796,-0.6811,-0.6831,-0.6872,-0.6961,-0.7146,-0.7625,-0.8762,-0.9316,-0.8466,-0.7863,-0.6842,-0.4121,-0.2016,-0.3592,-0.562,-0.6827,-0.685,-0.6885,-0.6946,-0.7052,-0.7244,-0.7585,-0.8041,-0.8236,-0.7974,-0.7459,-0.644,-0.4622,-0.3402,-0.4152,-0.5518,-0.6864,-0.6893,-0.6935,-0.7001,-0.7103,-0.7256,-0.7463,-0.7669,-0.7746,-0.7611,-0.7247,-0.6576,-0.5659,-0.5067,-0.5269,-0.593]},{"header":{"la1":42.22,"la2":41.45,"lo1":11.9,"lo2":12.97,"nx":16,"ny":12,"dx":0.07133,"dy":0.07,"parameterCategory":2,"parameterNumber":3,"parameterNumberName":"northward_wind","parameterUnit":"m.s-1"},"data":[-0.996,-1.0509,-1.1125,-1.1716,-1.1633,-1.0299,-0.8604,-0.7349,-0.6514,-0.5836,-0.5174,-0.4572,-0.4124,-0.3851,-0.3709,-0.365,-1.0416,-1.1141,-1.2001,-1.3278,-1.3852,-1.1421,-0.8748,-0.7291,-0.6561,-0.5889,-0.5021,-0.4216,-0.3717,-0.3492,-0.3397,-0.3375,-1.0838,-1.179,-1.2645,-1.3623,-1.44,-1.1239,-0.8318,-0.7139,-0.6933,-0.6269,-0.4835,-0.3685,-0.3291,-0.3241,-0.3149,-0.3116,-1.1148,-1.2605,-1.4141,-1.3703,-1.1866,-0.9389,-0.7558,-0.6996,-0.7791,-0.6758,-0.4232,-0.2741,-0.3201,-0.3473,-0.3018,-0.287,-1.105,-1.2845,-1.5379,-1.4838,-1.0515,-0.7903,-0.7222,-0.7315,-0.6463,-0.5346,-0.2293,-0.0239,-0.2703,-0.3494,-0.2661,-0.2566,-1.0322,-1.154,-1.2727,-1.1679,-0.8511,-0.6588,-0.6411,-0.6405,-0.605,-0.391,0.2029,0.7953,0.3004,-0.0803,-0.1728,-0.2254,-0.9236,-0.9646,-0.9588,-0.8388,-0.644,-0.5071,-0.4658,-0.4447,-0.3428,-0.2417,0.5862,1.5815,0.7349,0.1034,-0.134,-0.2308,-0.8203,-0.8147,-0.7688,-0.6671,-0.5327,-0.4188,-0.4141,-0.3997,-0.3437,-0.2083,0.2405,0.6539,0.3179,-0.0997,-0.2628,-0.3058,-0.7396,-0.7163,-0.6673,-0.592,-0.5068,-0.4432,-0.4129,-0.3431,-0.3002,-0.2549,-0.0833,-0.0124,-0.2829,-0.5599,-0.5152,-0.4253,-0.6812,-0.6541,-0.6117,-0.5571,-0.5002,-0.4522,-0.4091,-0.3542,-0.3208,-0.2906,-0.2411,-0.2972,-0.5876,-0.8086,-0.667,-0.5095,-0.6397,-0.6137,-0.5787,-0.5372,-0.4943,-0.454,-0.4154,-0.3777,-0.3483,-0.3255,-0.3198,-0.3867,-0.5584,-0.6799,-0.6206,-0.5174,-0.6098,-0.5864,-0.5572,-0.5242,-0.4899,-0.4564,-0.4245,-0.3954,-0.3718,-0.3568,-0.3607,-0.4027,-0.4812,-0.539,-0.5304,-0.4869]}]