docs/data/wind_grid.json
[{"header":{"la1":42.85,"la2":41.18,"lo1":11.55,"lo2":14.05,"nx":36,"ny":24,"dx":0.07143,"dy":0.07261,"parameterCategory":2,"parameterNumber":2,"parameterNumberName":"eastward_wind","parameterUnit":"m.s-1"},"data":[-0.5797,-0.5847,-0.5887,-0.5917,-0.5935,-0.5936,-0.5914,-0.5859,-0.5763,-0.563,-0.5471,-0.5305,-0.5149,-0.5018,-0.4916,-0.4842,-0.4792,-0.4756,-0.4726,-0.4696,-0.4667,-0.4649,-0.465,-0.4675,-0.4711,-0.4746,-0.4768,-0.4775,-0.4766,-0.4746,-0.4716,-0.4681,-0.4644,-0.4605,-0.4566,-0.4529,-0.5916,-0.5985,-0.6043,-0.6091,-0.6127,-0.6151,-0.615,-0.6105,-0.5995,-0.5818,-0.5596,-0.5364,-0.5154,-0.4985,-0.4861,-0.4779,-0.4729,-0.4695,-0.4663,-0.462,-0.4566,-0.4523,-0.4526,-0.458,-0.4659,-0.4728,-0.4772,-0.4787,-0.4779,-0.4755,-0.4719,-0.4678,-0.4634,-0.4589,-0.4546,-0.4504,-0.6056,-0.6151,-0.6233,-0.63,-0.6362,-0.6424,-0.6474,-0.6467,-0.6349,-0.6102,-0.5773,-0.5437,-0.5145,-0.4923,-0.4774,-0.4687,-0.4644,-0.4618,-0.4586,-0.4518,-0.4402,-0.4289,-0.4287,-0.4415,-0.4582,-0.4713,-0.4786,-0.481,-0.4799,-0.4767,-0.4723,-0.4672,-0.462,-0.4569,-0.452,-0.4474,-0.6224,-0.6359,-0.6471,-0.6558,-0.6643,-0.6763,-0.6921,-0.703,-0.6929,-0.6554,-0.6029,-0.5517,-0.5106,-0.4815,-0.4638,-0.4554,-0.4528,-0.4517,-0.4489,-0.4397,-0.4146,-0.382,-0.3811,-0.4144,-0.4497,-0.4721,-0.4825,-0.4849,-0.4827,-0.4782,-0.4724,-0.4663,-0.4601,-0.4542,-0.4487,-0.4437,-0.643,-0.6631,-0.6792,-0.689,-0.697,-0.715,-0.7521,-0.7946,-0.7955,-0.7298,-0.6373,-0.5577,-0.5003,-0.4628,-0.4423,-0.4357,-0.4368,-0.4369,-0.4333,-0.4282,-0.3854,-0.2926,-0.296,-0.383,-0.4484,-0.4798,-0.4906,-0.4909,-0.4863,-0.4796,-0.4721,-0.4646,-0.4574,-0.4507,-0.4446,-0.4391,-0.6677,-0.7009,-0.7278,-0.7379,-0.7357,-0.7506,-0.8191,-0.9388,-0.9794,-0.841,-0.6717,-0.5538,-0.4785,-0.4312,-0.4072,-0.405,-0.4154,-0.4155,-0.3923,-0.407,-0.402,-0.2344,-0.2498,-0.3942,-0.4725,-0.4997,-0.5039,-0.4986,-0.4899,-0.4803,-0.4707,-0.4617,-0.4534,-0.4459,-0.4392,-0.4333,-0.6947,-0.7531,-0.8101,-0.8267,-0.7903,-0.7691,-0.8471,-1.0654,-1.1802,-0.9186,-0.6695,-0.5275,-0.4398,-0.38,-0.3472,-0.3512,-0.3854,-0.4021,-0.3293,-0.3567,-0.5414,-0.4868,-0.4528,-0.5066,-0.5323,-0.5315,-0.5202,-0.5062,-0.4922,-0.4793,-0.4677,-0.4572,-0.4478,-0.4396,-0.4323,-0.4262,-0.7133,-0.8118,-0.9465,-1.0101,-0.8848,-0.7624,-0.7778,-0.9232,-0.9926,-0.7887,-0.595,-0.4754,-0.385,-0.3012,-0.2367,-0.2401,-0.3249,-0.4191,-0.4483,-0.5891,-0.9678,-0.9914,-0.7885,-0.6668,-0.604,-0.5634,-0.5334,-0.51,-0.4912,-0.4755,-0.4621,-0.4504,-0.4402,-0.4313,-0.4237,-0.4173,-0.7014,-0.8243,-1.0685,-1.2781,-0.9639,-0.7115,-0.6569,-0.6682,-0.6472,-0.5678,-0.49,-0.4177,-0.3281,-0.1941,-0.0182,0.0205,-0.1861,-0.4186,-0.6183,-0.9776,-1.6418,-1.5214,-1.029,-0.7721,-0.6475,-0.5785,-0.5354,-0.5062,-0.4847,-0.4677,-0.4534,-0.441,-0.4301,-0.4208,-0.4129,-0.4065,-0.6434,-0.7132,-0.8509,-0.9425,-0.6694,-0.5659,-0.5483,-0.5159,-0.4417,-0.3966,-0.407,-0.3806,-0.2988,-0.11,0.3702,0.6257,0.0087,-0.4136,-0.6747,-0.9844,-1.4108,-1.355,-0.9996,-0.7678,-0.6395,-0.5656,-0.5209,-0.4922,-0.4718,-0.4554,-0.4412,-0.4285,-0.4172,-0.4075,-0.3995,-0.3932,-0.5639,-0.5411,-0.4227,-0.0808,-0.1203,-0.4031,-0.49,-0.4654,-0.3124,-0.2313,-0.3627,-0.3758,-0.3191,-0.1858,0.2767,0.6282,-0.0937,-0.5477,-0.7645,-0.875,-0.9751,-0.9585,-0.8219,-0.6845,-0.5858,-0.5238,-0.4885,-0.4678,-0.4527,-0.439,-0.4256,-0.4127,-0.4009,-0.3908,-0.3828,-0.377,-0.5058,-0.4464,-0.2995,-0.0627,-0.1145,-0.3867,-0.5082,-0.532,-0.4213,-0.3284,-0.3945,-0.4007,-0.3596,-0.3243,-0.2388,-0.2084,-0.4927,-0.968,-1.116,-0.9393,-0.8258,-0.7547,-0.6722,-0.5827,-0.5049,-0.4571,-0.4405,-0.4359,-0.4299,-0.4199,-0.407,-0.3934,-0.3806,-0.3699,-0.362,-0.3571,-0.4818,-0.4353,-0.3606,-0.2944,-0.3351,-0.454,-0.5465,-0.6068,-0.5589,-0.4723,-0.4534,-0.4574,-0.4081,-0.3202,-0.299,-0.4055,-0.6995,-1.7317,-1.7825,-1.0534,-0.7651,-0.6415,-0.5649,-0.4913,-0.4126,-0.3706,-0.3842,-0.4035,-0.4076,-0.3998,-0.3857,-0.3697,-0.3549,-0.3433,-0.3358,-0.3324,-0.4787,-0.4527,-0.4239,-0.4117,-0.4375,-0.4901,-0.5422,-0.5793,-0.5594,-0.5094,-0.492,-0.5277,-0.514,-0.2346,-0.3523,-0.3662,-0.5658,-1.1758,-1.3212,-0.889,-0.6319,-0.5182,-0.4712,-0.4253,-0.3474,-0.3026,-0.3457,-0.3828,-0.3905,-0.3801,-0.361,-0.3397,-0.3211,-0.3083,-0.3021,-0.3017,-0.4828,-0.4701,-0.4601,-0.4603,-0.4753,-0.5003,-0.525,-0.5389,-0.5348,-0.5303,-0.534,-0.5133,-0.4159,-0.2981,-0.3849,-0.3715,-0.8137,-0.7412,-0.7422,-0.5744,-0.377,-0.3258,-0.3678,-0.387,-0.3575,-0.3306,-0.3584,-0.383,-0.3809,-0.3602,-0.3302,-0.2993,-0.2746,-0.2607,-0.2579,-0.2632,-0.4876,-0.4817,-0.4787,-0.4811,-0.49,-0.5029,-0.5156,-0.525,-0.535,-0.5656,-0.6422,-0.5958,-0.5188,-0.4255,-0.4551,-0.5689,-0.7485,-0.6182,-0.5035,-0.3087,0.0187,-0.0479,-0.2623,-0.3601,-0.3878,-0.3927,-0.4019,-0.4008,-0.3779,-0.3378,-0.2888,-0.2411,-0.2069,-0.1938,-0.1994,-0.2159,-0.4911,-0.4885,-0.488,-0.4905,-0.4962,-0.5039,-0.5123,-0.5216,-0.5365,-0.5702,-0.6283,-0.5843,-0.5198,-0.4983,-0.5062,-0.5378,-0.5369,-0.4302,-0.3043,-0.2032,0.0834,-0.0027,-0.2389,-0.3602,-0.4241,-0.4622,-0.4703,-0.4392,-0.3813,-0.3099,-0.23,-0.1533,-0.1047,-0.0988,-0.1238,-0.1601,-0.4932,-0.4922,-0.4926,-0.4948,-0.4988,-0.5041,-0.5105,-0.5186,-0.5301,-0.5465,-0.5578,-0.5436,-0.5177,-0.5185,-0.5745,-0.5901,-0.4806,-0.2187,0.0251,-0.1841,-0.1933,-0.2118,-0.3041,-0.3957,-0.4928,-0.5969,-0.6149,-0.513,-0.3891,-0.2739,-0.1499,-0.0235,0.0467,0.0287,-0.0352,-0.1019,-0.4942,-0.4939,-0.4947,-0.4965,-0.4995,-0.5035,-0.5084,-0.5145,-0.5219,-0.5296,-0.5339,-0.5331,-0.5374,-0.5798,-0.7496,-0.8202,-0.5378,-0.2632,-0.1189,-0.2992,-0.3235,-0.3291,-0.3652,-0.4332,-0.5746,-0.841,-0.8981,-0.5965,-0.3751,-0.228,-0.0644,0.1299,0.2268,0.1607,0.0436,-0.0552,-0.4943,-0.4944,-0.4952,-0.4968,-0.4991,-0.5021,-0.5058,-0.5103,-0.5152,-0.5201,-0.5246,-0.5307,-0.5475,-0.5996,-0.7245,-0.7561,-0.5585,-0.4083,-0.429,-0.4749,-0.4,-0.384,-0.3957,-0.4321,-0.5453,-0.8529,-0.9261,-0.4702,-0.2794,-0.1744,-0.0244,0.1915,0.2991,0.2086,0.071,-0.0376,-0.4939,-0.4941,-0.4949,-0.4961,-0.4979,-0.5003,-0.5031,-0.5063,-0.5099,-0.5139,-0.5186,-0.526,-0.541,-0.57,-0.606,-0.5972,-0.5221,-0.452,-0.4392,-0.4428,-0.4212,-0.4158,-0.4136,-0.3993,-0.3749,-0.2762,0.0578,0.0158,-0.1131,-0.1232,-0.0486,0.0905,0.174,0.1277,0.032,-0.0545,-0.493,-0.4933,-0.4939,-0.4949,-0.4963,-0.4981,-0.5002,-0.5026,-0.5053,-0.5084,-0.5123,-0.518,-0.5267,-0.5379,-0.544,-0.5307,-0.496,-0.4602,-0.4408,-0.4339,-0.4356,-0.4556,-0.457,-0.3934,-0.2629,0.0267,0.441,0.2293,-0.039,-0.0975,-0.0854,-0.0293,0.0168,0.0083,-0.0379,-0.0923,-0.4918,-0.4921,-0.4926,-0.4933,-0.4944,-0.4956,-0.4971,-0.4988,-0.5007,-0.5029,-0.5055,-0.5087,-0.5123,-0.5147,-0.5122,-0.5006,-0.4806,-0.4593,-0.444,-0.4379,-0.4479,-0.4863,-0.4997,-0.4114,-0.2628,-0.0605,0.0988,0.0167,-0.0865,-0.0985,-0.1075,-0.0962,-0.0796,-0.0807,-0.102,-0.1337,-0.4904,-0.4906,-0.491,-0.4915,-0.4922,-0.493,-0.494,-0.4951,-0.4962,-0.4974,-0.4986,-0.4997,-0.5001,-0.4987,-0.4938,-0.4841,-0.4704,-0.4557,-0.4437,-0.4378,-0.4426,-0.4599,-0.4569,-0.3926,-0.2855,-0.1674,-0.0892,-0.0861,-0.0966,-0.1046,-0.1232,-0.1317,-0.1325,-0.1369,-0.15,-0.1698]},{"header":{"la1":42.85,"la2":41.18,"lo1":11.55,"lo2":14.05,"nx":36,"ny":24,"dx":0.07143,"dy":0.07261,"parameterCategory":2,"parameterNumber":3,"parameterNumberName":"northward_wind","parameterUnit":"m.s-1"},"data":[-0.6607,-0.664,-0.6652,-0.6641,-0.6605,-0.6542,-0.6448,-0.6317,-0.6142,-0.5919,-0.5647,-0.5329,-0.4972,-0.458,-0.4162,-0.3726,-0.3285,-0.286,-0.247,-0.2133,-0.1865,-0.1678,-0.1574,-0.1545,-0.1573,-0.1635,-0.1713,-0.1795,-0.1876,-0.1952,-0.2022,-0.2086,-0.2144,-0.2197,-0.2246,-0.2291,-0.682,-0.6872,-0.69,-0.6901,-0.6876,-0.6823,-0.6739,-0.6614,-0.6436,-0.6194,-0.5889,-0.5528,-0.5118,-0.4667,-0.4178,-0.366,-0.3131,-0.2615,-0.2145,-0.1746,-0.1435,-0.123,-0.1143,-0.1161,-0.1249,-0.137,-0.1497,-0.1619,-0.173,-0.1829,-0.1917,-0.1996,-0.2066,-0.2129,-0.2185,-0.2237,-0.7055,-0.7132,-0.718,-0.7195,-0.7179,-0.7139,-0.7073,-0.6966,-0.6792,-0.653,-0.6183,-0.5767,-0.5298,-0.4779,-0.4211,-0.3593,-0.2946,-0.231,-0.1738,-0.1266,-0.0902,-0.067,-0.0611,-0.0709,-0.089,-0.1091,-0.1279,-0.1446,-0.159,-0.1713,-0.1819,-0.1912,-0.1993,-0.2065,-0.2129,-0.2187,-0.7316,-0.743,-0.7505,-0.7531,-0.7518,-0.7486,-0.745,-0.7386,-0.7233,-0.6944,-0.6535,-0.605,-0.5515,-0.4929,-0.4276,-0.3539,-0.2732,-0.1919,-0.1216,-0.0687,-0.0279,0.0006,0.0024,-0.0207,-0.0521,-0.0819,-0.1074,-0.1286,-0.1462,-0.1607,-0.173,-0.1836,-0.1927,-0.2008,-0.2079,-0.2143,-0.7609,-0.7782,-0.7898,-0.7932,-0.7898,-0.7854,-0.7857,-0.7886,-0.7793,-0.7455,-0.6942,-0.6368,-0.577,-0.5129,-0.4401,-0.3535,-0.2507,-0.1402,-0.0491,0.0005,0.0338,0.0692,0.0661,0.0255,-0.0197,-0.0585,-0.0899,-0.1151,-0.1353,-0.1517,-0.1654,-0.177,-0.1871,-0.1959,-0.2037,-0.2107,-0.7934,-0.8208,-0.8407,-0.8453,-0.8346,-0.8224,-0.8246,-0.8438,-0.8482,-0.8032,-0.7361,-0.6696,-0.6056,-0.5395,-0.4635,-0.3663,-0.2366,-0.0762,0.063,0.0923,0.0819,0.0969,0.0926,0.0519,0.0024,-0.0415,-0.077,-0.1049,-0.1269,-0.1447,-0.1593,-0.1717,-0.1825,-0.192,-0.2004,-0.2079,-0.8272,-0.8722,-0.9121,-0.9226,-0.8936,-0.8584,-0.8517,-0.881,-0.8995,-0.8447,-0.7703,-0.701,-0.637,-0.5747,-0.5039,-0.4055,-0.2568,-0.0444,0.169,0.1752,0.1492,0.1347,0.1087,0.0689,0.0167,-0.0311,-0.0693,-0.0986,-0.1214,-0.1397,-0.1548,-0.1678,-0.1792,-0.1892,-0.1982,-0.2061,-0.8552,-0.9256,-1.0107,-1.0492,-0.9759,-0.8926,-0.8659,-0.8776,-0.8847,-0.8572,-0.8013,-0.7334,-0.6709,-0.6195,-0.5682,-0.4855,-0.3373,-0.1234,0.0826,0.1841,0.3591,0.3612,0.2148,0.1045,0.0279,-0.0272,-0.067,-0.0963,-0.1188,-0.1368,-0.152,-0.1653,-0.1772,-0.1878,-0.1973,-0.2057,-0.8637,-0.9502,-1.0913,-1.2013,-1.0413,-0.9054,-0.8765,-0.8993,-0.9315,-0.9294,-0.8623,-0.7726,-0.7046,-0.6711,-0.6677,-0.6255,-0.4683,-0.2538,-0.0268,0.2843,0.799,0.706,0.3279,0.1292,0.0276,-0.0321,-0.0709,-0.0981,-0.1188,-0.1358,-0.1508,-0.1643,-0.1768,-0.1881,-0.1981,-0.2069,-0.844,-0.9081,-0.9994,-1.054,-0.9295,-0.8647,-0.8742,-0.9592,-1.1218,-1.1685,-0.9812,-0.8136,-0.7284,-0.7131,-0.8096,-0.8692,-0.6023,-0.3578,-0.1327,0.18,0.5827,0.5478,0.2682,0.0957,0.0041,-0.0484,-0.0809,-0.1033,-0.1208,-0.1362,-0.1508,-0.1649,-0.1782,-0.1904,-0.2012,-0.2103,-0.8077,-0.8333,-0.8261,-0.7369,-0.7422,-0.7996,-0.8388,-0.9681,-1.4157,-1.6516,-1.0979,-0.8271,-0.733,-0.7151,-0.7988,-0.8787,-0.5995,-0.3952,-0.2373,-0.0529,0.1315,0.1766,0.1024,0.0209,-0.0371,-0.0739,-0.096,-0.1108,-0.1238,-0.1375,-0.1521,-0.1673,-0.1822,-0.1957,-0.2073,-0.2168,-0.773,-0.7817,-0.7647,-0.7189,-0.725,-0.7589,-0.7575,-0.7737,-1.0831,-1.322,-0.986,-0.7916,-0.7277,-0.7149,-0.6938,-0.6091,-0.4794,-0.3747,-0.3012,-0.1902,-0.0766,-0.0158,-0.0143,-0.0443,-0.081,-0.1062,-0.1155,-0.1195,-0.1266,-0.1387,-0.1546,-0.1723,-0.1898,-0.2054,-0.218,-0.2275,-0.7457,-0.7522,-0.7487,-0.7396,-0.7382,-0.7327,-0.6918,-0.6126,-0.7094,-0.8675,-0.8243,-0.7387,-0.7266,-0.7428,-0.6975,-0.4696,-0.3628,-0.3632,-0.3498,-0.2303,-0.1282,-0.0681,-0.054,-0.0777,-0.1234,-0.1509,-0.1403,-0.1269,-0.1272,-0.1393,-0.1588,-0.1815,-0.2035,-0.222,-0.2356,-0.2442,-0.7235,-0.7304,-0.7329,-0.7323,-0.7297,-0.7202,-0.6935,-0.6555,-0.6955,-0.783,-0.7852,-0.6973,-0.6923,-1.0053,-0.5672,-0.2057,-0.1963,-0.2737,-0.2805,-0.1791,-0.0759,-0.0237,-0.0293,-0.0762,-0.1558,-0.1989,-0.159,-0.1259,-0.1221,-0.1385,-0.1664,-0.1984,-0.2279,-0.2502,-0.2637,-0.2695,-0.7042,-0.7111,-0.7157,-0.7183,-0.7191,-0.7174,-0.7135,-0.7172,-0.7539,-0.8194,-0.8647,-0.841,-0.8253,-0.8881,-0.4951,-0.1195,0.1279,-0.1151,-0.1531,-0.0467,0.1056,0.1327,0.0563,-0.0304,-0.118,-0.1626,-0.1312,-0.1035,-0.1076,-0.1367,-0.1812,-0.2299,-0.2715,-0.2979,-0.3082,-0.3067,-0.6865,-0.6934,-0.699,-0.7037,-0.7082,-0.7136,-0.7231,-0.7446,-0.794,-0.9007,-1.0932,-1.0524,-0.9152,-0.7462,-0.5139,-0.2025,0.025,-0.0908,-0.069,0.1288,0.493,0.4182,0.1733,0.0434,-0.0262,-0.0568,-0.0544,-0.0547,-0.0812,-0.1356,-0.2105,-0.2896,-0.3503,-0.3784,-0.3771,-0.3593,-0.6698,-0.6764,-0.6825,-0.6885,-0.6953,-0.7045,-0.7194,-0.7462,-0.7977,-0.8992,-1.0522,-0.9751,-0.8297,-0.7489,-0.5583,-0.3595,-0.2102,-0.1109,-0.0086,0.1729,0.557,0.4658,0.2133,0.0991,0.0594,0.0524,0.0474,0.0192,-0.0414,-0.1373,-0.2659,-0.4012,-0.4926,-0.5113,-0.4781,-0.428,-0.6537,-0.6599,-0.6658,-0.6721,-0.6796,-0.6895,-0.7043,-0.7275,-0.7642,-0.8151,-0.852,-0.8201,-0.7687,-0.7296,-0.5848,-0.4607,-0.2735,-0.0433,0.0825,0.1167,0.2333,0.2449,0.1732,0.1314,0.1394,0.177,0.1814,0.1192,0.0133,-0.14,-0.3563,-0.5973,-0.7365,-0.7125,-0.6088,-0.5048,-0.6378,-0.6432,-0.6487,-0.6545,-0.6612,-0.6697,-0.6812,-0.6969,-0.7169,-0.7363,-0.7415,-0.7209,-0.6847,-0.6357,-0.6287,-0.6393,-0.3347,-0.0365,0.1109,0.2029,0.1851,0.1693,0.1577,0.1646,0.2162,0.3156,0.3368,0.225,0.0781,-0.1297,-0.4559,-0.8624,-1.0633,-0.9409,-0.7309,-0.5659,-0.622,-0.6265,-0.631,-0.6356,-0.6407,-0.6467,-0.6539,-0.6621,-0.67,-0.6735,-0.6669,-0.646,-0.6131,-0.5797,-0.5929,-0.5777,-0.325,-0.0275,0.3194,0.4494,0.2425,0.1874,0.1889,0.2063,0.2592,0.3531,0.3742,0.2834,0.1454,-0.0758,-0.4552,-0.9667,-1.2059,-1.0232,-0.7643,-0.5776,-0.6062,-0.6097,-0.6129,-0.6161,-0.6192,-0.6223,-0.6252,-0.6274,-0.6272,-0.6222,-0.6093,-0.5867,-0.5553,-0.5208,-0.4877,-0.4177,-0.2581,-0.0375,0.2003,0.2892,0.2383,0.2571,0.2819,0.2695,0.2833,0.3442,0.4093,0.3595,0.227,0.0397,-0.2777,-0.695,-0.9219,-0.8416,-0.6684,-0.5263,-0.5906,-0.5929,-0.5948,-0.5963,-0.5973,-0.5977,-0.597,-0.5946,-0.5891,-0.5789,-0.5623,-0.5379,-0.5056,-0.4658,-0.4146,-0.3371,-0.2199,-0.0734,0.0682,0.1666,0.2674,0.4392,0.4971,0.3749,0.3139,0.369,0.4772,0.4126,0.3159,0.2023,-0.0319,-0.3259,-0.5249,-0.5602,-0.5055,-0.4349,-0.5751,-0.5763,-0.5768,-0.5767,-0.5758,-0.5738,-0.5702,-0.5644,-0.5553,-0.5418,-0.5227,-0.4969,-0.4636,-0.4216,-0.3674,-0.2956,-0.2029,-0.0948,0.018,0.1391,0.3191,0.595,0.6718,0.4514,0.3249,0.3303,0.3735,0.3837,0.4454,0.3758,0.1563,-0.0802,-0.2543,-0.3379,-0.354,-0.3389,-0.5601,-0.5601,-0.5593,-0.5578,-0.5551,-0.5511,-0.5452,-0.537,-0.5255,-0.5099,-0.4893,-0.4627,-0.4293,-0.3876,-0.3359,-0.2717,-0.1944,-0.1057,-0.0062,0.113,0.2738,0.4581,0.5076,0.39,0.2977,0.2828,0.3089,0.3698,0.4616,0.4027,0.2198,0.0339,-0.1098,-0.1996,-0.244,-0.2594]}]