docs/data/wind_grid.json
[{"header":{"la1":42.85,"la2":41.18,"lo1":11.55,"lo2":14.05,"nx":36,"ny":24,"dx":0.07143,"dy":0.07261,"parameterCategory":2,"parameterNumber":2,"parameterNumberName":"eastward_wind","parameterUnit":"m.s-1"},"data":[-0.2709,-0.2793,-0.2893,-0.3004,-0.3121,-0.3232,-0.332,-0.3367,-0.336,-0.3298,-0.3193,-0.3065,-0.2936,-0.2825,-0.2747,-0.2715,-0.2743,-0.2843,-0.3023,-0.3271,-0.355,-0.3795,-0.3953,-0.4,-0.3955,-0.3852,-0.3721,-0.358,-0.3441,-0.3307,-0.3181,-0.3063,-0.2954,-0.2851,-0.2757,-0.267,-0.2684,-0.2783,-0.2907,-0.3053,-0.3218,-0.3385,-0.3529,-0.3613,-0.361,-0.3514,-0.3348,-0.315,-0.2954,-0.2785,-0.266,-0.2593,-0.2603,-0.2716,-0.2962,-0.3342,-0.3796,-0.4195,-0.4417,-0.4436,-0.4312,-0.4124,-0.392,-0.3724,-0.3544,-0.3379,-0.323,-0.3093,-0.2968,-0.2854,-0.2749,-0.2654,-0.2638,-0.2751,-0.29,-0.309,-0.3322,-0.3581,-0.3826,-0.3988,-0.4,-0.3845,-0.3574,-0.3264,-0.2969,-0.272,-0.2528,-0.2405,-0.2369,-0.2467,-0.278,-0.3371,-0.4162,-0.4863,-0.517,-0.5072,-0.4773,-0.4438,-0.4132,-0.3868,-0.3641,-0.3444,-0.327,-0.3114,-0.2974,-0.2847,-0.2732,-0.2628,-0.2564,-0.2685,-0.2857,-0.3095,-0.3415,-0.3818,-0.4254,-0.4588,-0.4644,-0.4371,-0.3903,-0.3409,-0.2974,-0.262,-0.2344,-0.2138,-0.2002,-0.1994,-0.2306,-0.3213,-0.4697,-0.6061,-0.6429,-0.5961,-0.5312,-0.476,-0.4331,-0.3995,-0.3723,-0.3494,-0.3297,-0.3123,-0.2967,-0.2828,-0.2702,-0.2591,-0.2455,-0.2576,-0.2758,-0.3033,-0.3452,-0.4063,-0.4851,-0.5587,-0.5775,-0.5216,-0.435,-0.3565,-0.2946,-0.2467,-0.2096,-0.179,-0.1484,-0.1155,-0.115,-0.239,-0.5256,-0.8102,-0.8286,-0.6938,-0.5786,-0.5011,-0.4478,-0.4085,-0.3778,-0.3524,-0.3307,-0.3116,-0.2946,-0.2794,-0.2659,-0.2539,-0.2309,-0.2419,-0.2593,-0.2871,-0.3353,-0.4194,-0.5538,-0.7176,-0.7747,-0.6441,-0.4828,-0.3666,-0.2848,-0.2232,-0.1761,-0.1379,-0.0897,0.0064,0.1353,0.0175,-0.4744,-0.9358,-0.9246,-0.7296,-0.595,-0.5108,-0.4541,-0.4127,-0.3802,-0.3532,-0.3298,-0.3091,-0.2907,-0.2743,-0.2598,-0.2471,-0.2126,-0.2229,-0.2396,-0.2623,-0.3046,-0.3985,-0.5789,-0.8576,-0.9822,-0.7327,-0.5002,-0.3609,-0.2641,-0.1864,-0.1262,-0.0872,-0.0461,0.0849,0.4065,0.3349,-0.3324,-0.7116,-0.7648,-0.6724,-0.5768,-0.5049,-0.4525,-0.4124,-0.3797,-0.3518,-0.327,-0.3048,-0.2849,-0.2672,-0.2517,-0.2382,-0.1902,-0.2027,-0.2299,-0.251,-0.2612,-0.333,-0.4924,-0.7153,-0.8079,-0.6353,-0.4626,-0.3399,-0.2343,-0.1291,-0.0364,0.0026,-0.0113,0.0107,0.1245,-0.0614,-0.6331,-0.7954,-0.7179,-0.6289,-0.5522,-0.4925,-0.4468,-0.4098,-0.3778,-0.3489,-0.3225,-0.2984,-0.2767,-0.2576,-0.241,-0.2269,-0.1599,-0.1719,-0.2314,-0.2956,-0.2199,-0.2415,-0.3611,-0.4867,-0.5452,-0.5118,-0.4276,-0.326,-0.2093,-0.0503,0.1509,0.225,0.0877,-0.0602,-0.2048,-0.579,-1.2555,-1.1659,-0.7947,-0.6196,-0.5337,-0.4813,-0.4425,-0.4087,-0.3766,-0.3457,-0.3165,-0.2897,-0.2658,-0.2449,-0.2272,-0.2126,-0.1184,-0.1006,-0.1137,-0.1329,-0.0338,-0.1166,-0.2614,-0.3953,-0.5257,-0.5626,-0.4574,-0.3401,-0.2182,-0.0015,0.5027,0.7698,0.2579,-0.0537,-0.2651,-0.587,-1.0325,-1.0059,-0.7333,-0.5828,-0.5143,-0.4773,-0.447,-0.4143,-0.3788,-0.3429,-0.3089,-0.2781,-0.2511,-0.2283,-0.2095,-0.1946,-0.0775,-0.0075,0.1385,0.4465,0.3883,0.0189,-0.1874,-0.3424,-0.6637,-0.8193,-0.5178,-0.3729,-0.2857,-0.1377,0.3804,0.7681,0.1996,-0.0755,-0.2275,-0.3968,-0.5783,-0.6297,-0.5721,-0.523,-0.5055,-0.4963,-0.4732,-0.4337,-0.387,-0.3408,-0.2988,-0.2623,-0.2314,-0.2063,-0.1866,-0.1718,-0.0606,0.0258,0.1906,0.4356,0.3664,0.0259,-0.1217,-0.1605,-0.415,-0.6166,-0.472,-0.4106,-0.3843,-0.3974,-0.2438,-0.0187,-0.0491,-0.141,-0.2022,-0.2783,-0.3685,-0.4287,-0.4579,-0.4918,-0.5438,-0.574,-0.5432,-0.4741,-0.401,-0.337,-0.2835,-0.2396,-0.2043,-0.1769,-0.1568,-0.143,-0.0736,-0.0106,0.0766,0.1463,0.0879,-0.0478,-0.0818,-0.0042,-0.1159,-0.3347,-0.4248,-0.507,-0.4869,-0.4664,-0.3793,-0.1648,-0.1263,-0.185,-0.1982,-0.2296,-0.2843,-0.3395,-0.4035,-0.5083,-0.6697,-0.763,-0.6736,-0.5293,-0.4121,-0.3249,-0.2583,-0.2063,-0.1663,-0.1372,-0.1179,-0.1066,-0.1028,-0.0682,-0.0348,-0.0248,-0.0582,-0.1051,-0.1073,-0.0657,-0.1304,-0.3015,-0.4305,-0.6549,-0.6986,-0.323,-0.2336,-0.0054,-0.065,-0.1601,-0.1884,-0.2106,-0.2455,-0.2912,-0.3679,-0.5246,-0.814,-0.9883,-0.7881,-0.5546,-0.3994,-0.2944,-0.2168,-0.1572,-0.113,-0.0833,-0.0668,-0.0607,-0.134,-0.118,-0.108,-0.1118,-0.1313,-0.154,-0.1656,-0.1791,-0.2403,-0.3406,-0.4209,-0.4743,-0.4344,-0.392,-0.1925,0.0334,-0.146,-0.1503,-0.1749,-0.1963,-0.2185,-0.2499,-0.3181,-0.4597,-0.7022,-0.8477,-0.693,-0.4901,-0.3442,-0.2379,-0.1537,-0.0864,-0.0377,-0.0095,0.0002,-0.0032,-0.1609,-0.155,-0.1544,-0.1616,-0.1764,-0.195,-0.216,-0.2474,-0.3024,-0.3811,-0.465,-0.4685,-0.4119,-0.3281,-0.2336,-0.1542,-0.1665,-0.1588,-0.1615,-0.1806,-0.2009,-0.214,-0.2632,-0.3512,-0.464,-0.5243,-0.469,-0.3617,-0.2557,-0.1577,-0.066,0.014,0.0695,0.0926,0.0878,0.067,-0.182,-0.1814,-0.1847,-0.1931,-0.2065,-0.2242,-0.2469,-0.2782,-0.3223,-0.3815,-0.4455,-0.4184,-0.3083,-0.2495,-0.254,-0.2155,-0.1797,-0.1351,-0.1049,-0.1462,-0.1947,-0.2013,-0.2266,-0.2704,-0.3148,-0.3333,-0.3084,-0.2469,-0.1634,-0.0649,0.0466,0.1549,0.2243,0.2334,0.1988,0.1486,-0.1981,-0.2001,-0.2051,-0.2137,-0.226,-0.242,-0.2622,-0.2874,-0.3177,-0.3493,-0.3674,-0.3446,-0.27,-0.248,-0.2933,-0.2857,-0.2022,-0.0573,0.0658,-0.0739,-0.1528,-0.18,-0.1977,-0.2192,-0.2469,-0.2755,-0.2634,-0.1872,-0.0874,0.0286,0.1796,0.3477,0.4436,0.4172,0.3267,0.2328,-0.2099,-0.2132,-0.2188,-0.227,-0.2379,-0.2515,-0.2677,-0.2861,-0.3053,-0.3213,-0.327,-0.3164,-0.2977,-0.308,-0.4055,-0.4471,-0.2551,-0.0831,0.0028,-0.0796,-0.1278,-0.1557,-0.1686,-0.1798,-0.2223,-0.3482,-0.3725,-0.1703,-0.0162,0.1127,0.3056,0.5645,0.698,0.6044,0.4387,0.2996,-0.2185,-0.2223,-0.2278,-0.2352,-0.2444,-0.2554,-0.2678,-0.2808,-0.293,-0.3019,-0.3051,-0.3023,-0.3011,-0.321,-0.3899,-0.4054,-0.2677,-0.1509,-0.1026,-0.1001,-0.1241,-0.1423,-0.1429,-0.1334,-0.154,-0.3243,-0.3668,-0.0185,0.1,0.1774,0.3559,0.649,0.7995,0.6716,0.4773,0.3243,-0.2245,-0.2283,-0.2333,-0.2397,-0.2474,-0.256,-0.2652,-0.2743,-0.2822,-0.2878,-0.2901,-0.2901,-0.2915,-0.3003,-0.3143,-0.3006,-0.2406,-0.1743,-0.1307,-0.1208,-0.1344,-0.1427,-0.1309,-0.0859,0.0015,0.1731,0.5378,0.4583,0.2535,0.2069,0.3022,0.5007,0.6208,0.5557,0.4208,0.2997,-0.2285,-0.232,-0.2365,-0.2419,-0.248,-0.2546,-0.2614,-0.2678,-0.273,-0.2765,-0.2779,-0.2778,-0.2773,-0.277,-0.273,-0.256,-0.223,-0.1857,-0.1581,-0.1473,-0.1513,-0.1645,-0.1589,-0.0812,0.0938,0.4524,0.9399,0.6626,0.2584,0.1653,0.2082,0.3113,0.3886,0.3817,0.3193,0.2449,-0.231,-0.2342,-0.238,-0.2424,-0.2472,-0.2522,-0.2571,-0.2615,-0.2648,-0.2668,-0.2672,-0.2661,-0.2636,-0.2591,-0.2506,-0.2353,-0.2135,-0.1898,-0.1703,-0.1596,-0.1618,-0.1863,-0.1958,-0.1042,0.0711,0.3127,0.4882,0.3079,0.0528,0.0644,0.1271,0.191,0.2387,0.2489,0.2253,0.1848,-0.2323,-0.2351,-0.2382,-0.2418,-0.2455,-0.2492,-0.2526,-0.2555,-0.2575,-0.2583,-0.2577,-0.2556,-0.2518,-0.2457,-0.2366,-0.2235,-0.2071,-0.1895,-0.1737,-0.1623,-0.1588,-0.1657,-0.1582,-0.0907,0.0278,0.1556,0.214,0.1298,0.0206,0.0392,0.0883,0.1276,0.155,0.1643,0.155,0.1328]},{"header":{"la1":42.85,"la2":41.18,"lo1":11.55,"lo2":14.05,"nx":36,"ny":24,"dx":0.07143,"dy":0.07261,"parameterCategory":2,"parameterNumber":3,"parameterNumberName":"northward_wind","parameterUnit":"m.s-1"},"data":[-0.5605,-0.567,-0.5721,-0.5755,-0.5771,-0.5765,-0.5728,-0.5648,-0.5516,-0.5326,-0.5084,-0.4801,-0.4488,-0.4152,-0.38,-0.3439,-0.3081,-0.2746,-0.2452,-0.2214,-0.204,-0.1925,-0.1861,-0.1836,-0.1835,-0.1847,-0.1862,-0.1873,-0.1877,-0.1872,-0.1859,-0.1837,-0.1808,-0.1775,-0.1738,-0.17,-0.5807,-0.5895,-0.5966,-0.602,-0.6058,-0.6079,-0.607,-0.601,-0.5875,-0.5654,-0.5362,-0.502,-0.4646,-0.4249,-0.3831,-0.3395,-0.2956,-0.2544,-0.2191,-0.1924,-0.1748,-0.165,-0.1615,-0.1625,-0.166,-0.1705,-0.1747,-0.178,-0.1799,-0.1803,-0.1795,-0.1775,-0.1746,-0.1711,-0.1671,-0.1631,-0.6035,-0.6151,-0.6246,-0.6322,-0.6386,-0.6448,-0.6495,-0.6484,-0.6356,-0.6087,-0.5712,-0.5283,-0.4834,-0.4367,-0.3872,-0.3342,-0.2791,-0.2265,-0.1832,-0.1542,-0.1388,-0.1333,-0.1341,-0.1395,-0.1475,-0.156,-0.1634,-0.1691,-0.1726,-0.174,-0.1735,-0.1715,-0.1683,-0.1644,-0.1601,-0.1556,-0.6295,-0.6451,-0.6576,-0.6669,-0.6755,-0.6873,-0.703,-0.714,-0.7048,-0.6684,-0.6154,-0.5592,-0.5051,-0.4514,-0.394,-0.3294,-0.2579,-0.1867,-0.1308,-0.1026,-0.0979,-0.1024,-0.1084,-0.1173,-0.1294,-0.1421,-0.1532,-0.1614,-0.1664,-0.1685,-0.1681,-0.1658,-0.1621,-0.1576,-0.1526,-0.1475,-0.6597,-0.6819,-0.6986,-0.7084,-0.7161,-0.7333,-0.769,-0.8106,-0.8135,-0.754,-0.6688,-0.5922,-0.5287,-0.4701,-0.4065,-0.3292,-0.2337,-0.1282,-0.0456,-0.0259,-0.0569,-0.0893,-0.0957,-0.0997,-0.1132,-0.13,-0.1449,-0.1557,-0.162,-0.1645,-0.1637,-0.1606,-0.1559,-0.1504,-0.1444,-0.1385,-0.695,-0.729,-0.7547,-0.7638,-0.7614,-0.7749,-0.839,-0.9519,-0.9916,-0.8691,-0.7217,-0.6205,-0.5519,-0.4943,-0.4299,-0.3426,-0.2174,-0.0506,0.1033,0.1079,-0.0019,-0.0938,-0.0946,-0.084,-0.0986,-0.1207,-0.1399,-0.1531,-0.1603,-0.1623,-0.1604,-0.1558,-0.1496,-0.1425,-0.1353,-0.1285,-0.7338,-0.7897,-0.839,-0.8519,-0.8197,-0.7997,-0.8702,-1.0711,-1.1758,-0.9483,-0.7421,-0.6341,-0.5732,-0.5267,-0.4719,-0.385,-0.2393,-0.0109,0.2523,0.2458,0.0994,0.0047,-0.0344,-0.0524,-0.0838,-0.1159,-0.1403,-0.1555,-0.1623,-0.1627,-0.1585,-0.1514,-0.1428,-0.1337,-0.1249,-0.1168,-0.7681,-0.857,-0.9627,-1.0083,-0.9103,-0.8032,-0.8105,-0.9447,-1.0134,-0.8501,-0.7055,-0.6316,-0.5939,-0.5705,-0.541,-0.4716,-0.3284,-0.1074,0.119,0.1897,0.2693,0.2389,0.0957,-0.0061,-0.0737,-0.1202,-0.1496,-0.165,-0.1695,-0.1662,-0.158,-0.1471,-0.1351,-0.1234,-0.1125,-0.103,-0.781,-0.8936,-1.0682,-1.1995,-0.994,-0.7781,-0.6984,-0.7145,-0.7332,-0.7011,-0.6562,-0.6264,-0.6166,-0.6262,-0.6503,-0.6213,-0.4697,-0.2587,-0.0453,0.2076,0.6166,0.5345,0.2001,0.0145,-0.0847,-0.1421,-0.1731,-0.185,-0.1833,-0.1732,-0.1585,-0.142,-0.1256,-0.1104,-0.0972,-0.0862,-0.7606,-0.8552,-0.9816,-1.0529,-0.894,-0.697,-0.5656,-0.5513,-0.6289,-0.6747,-0.6444,-0.6296,-0.6384,-0.6766,-0.8045,-0.8724,-0.6105,-0.3655,-0.1538,0.1068,0.434,0.3968,0.1406,-0.0317,-0.1334,-0.1919,-0.2179,-0.2193,-0.2053,-0.1836,-0.1591,-0.1349,-0.1127,-0.0935,-0.0778,-0.0655,-0.7164,-0.7784,-0.8383,-0.8757,-0.8317,-0.5899,-0.3719,-0.3542,-0.6706,-0.8347,-0.6576,-0.6391,-0.6553,-0.6807,-0.7972,-0.8877,-0.6151,-0.3774,-0.2096,-0.071,0.0557,0.0689,-0.0252,-0.1351,-0.2263,-0.2823,-0.2944,-0.2729,-0.236,-0.1957,-0.1575,-0.1234,-0.0944,-0.0708,-0.0525,-0.0393,-0.664,-0.7053,-0.7571,-0.8285,-0.7619,-0.423,-0.058,0.1316,-0.2756,-0.6243,-0.6108,-0.6591,-0.6766,-0.6437,-0.6709,-0.6759,-0.5181,-0.2329,-0.1076,-0.1246,-0.1127,-0.1145,-0.1645,-0.2586,-0.3715,-0.4397,-0.4198,-0.349,-0.2723,-0.2054,-0.1497,-0.104,-0.0674,-0.0394,-0.0193,-0.0062,-0.6102,-0.6302,-0.6473,-0.6395,-0.5208,-0.2305,0.1863,0.5967,0.2839,-0.3023,-0.5865,-0.7191,-0.749,-0.6416,-0.677,-0.7257,-0.5246,0.139,0.1944,-0.1005,-0.1685,-0.1936,-0.2496,-0.3788,-0.5869,-0.708,-0.6039,-0.4359,-0.302,-0.2037,-0.1293,-0.0716,-0.0276,0.004,0.0246,0.0359,-0.5607,-0.562,-0.5489,-0.5016,-0.3869,-0.1827,0.1002,0.3657,0.1778,-0.3438,-0.6527,-0.7874,-0.8383,-1.122,-0.8777,-1.0109,-0.7632,-0.2089,-0.0362,-0.155,-0.1969,-0.2215,-0.2817,-0.4472,-0.7815,-0.986,-0.7519,-0.4804,-0.3006,-0.1788,-0.0888,-0.02,0.0307,0.0643,0.0828,0.0892,-0.5209,-0.5122,-0.4891,-0.442,-0.3614,-0.2479,-0.1264,-0.0801,-0.2497,-0.5701,-0.8032,-0.8742,-0.9327,-1.0814,-0.9164,-1.0554,-0.5538,-0.4485,-0.2658,-0.2076,-0.2109,-0.2233,-0.2636,-0.3978,-0.6631,-0.8269,-0.651,-0.4188,-0.2487,-0.1223,-0.0219,0.0576,0.1146,0.1475,0.1592,0.1558,-0.492,-0.4811,-0.4605,-0.4273,-0.3825,-0.3353,-0.3108,-0.3549,-0.5145,-0.7919,-1.1372,-1.0605,-0.9429,-0.8524,-0.7624,-0.6614,-0.4906,-0.3618,-0.1975,-0.1657,-0.2484,-0.2376,-0.2213,-0.2874,-0.4065,-0.4754,-0.4149,-0.2902,-0.1602,-0.0377,0.0748,0.1697,0.2343,0.2619,0.2584,0.2368,-0.4719,-0.463,-0.4488,-0.4303,-0.4113,-0.4012,-0.4169,-0.4806,-0.6121,-0.8241,-1.0786,-0.972,-0.7481,-0.641,-0.5567,-0.4348,-0.2952,-0.0523,0.1397,0.008,-0.2348,-0.2137,-0.1627,-0.1927,-0.2554,-0.2975,-0.2773,-0.1926,-0.0714,0.0634,0.2021,0.3271,0.4046,0.4167,0.3822,0.3301,-0.4577,-0.4518,-0.4439,-0.436,-0.4319,-0.4382,-0.4642,-0.519,-0.6062,-0.7143,-0.7882,-0.7422,-0.6242,-0.5366,-0.2302,-0.0245,0.0379,0.4318,0.8595,0.3728,0.0603,-0.0392,-0.0671,-0.1179,-0.2105,-0.3206,-0.3276,-0.1837,-0.0031,0.1715,0.3563,0.5382,0.6375,0.6122,0.5218,0.4259,-0.4465,-0.4433,-0.4399,-0.4381,-0.4408,-0.4518,-0.4751,-0.5129,-0.5619,-0.608,-0.6233,-0.5807,-0.4758,-0.2324,0.4287,0.6995,0.293,0.4824,0.7312,0.5393,0.2987,0.1325,0.0449,-0.0449,-0.2259,-0.5679,-0.6393,-0.2344,0.0754,0.2865,0.5102,0.7663,0.893,0.8036,0.6429,0.5037,-0.4365,-0.4351,-0.4342,-0.4352,-0.4397,-0.4495,-0.4658,-0.4878,-0.5105,-0.5235,-0.5112,-0.4562,-0.3336,-0.075,0.3973,0.5635,0.3217,0.389,0.6513,0.7535,0.437,0.2555,0.1662,0.0701,-0.1239,-0.5644,-0.6663,-0.0324,0.2581,0.4178,0.6038,0.859,0.9889,0.8735,0.6911,0.5402,-0.4266,-0.4261,-0.4262,-0.4277,-0.4314,-0.4378,-0.4468,-0.4564,-0.4622,-0.4569,-0.4305,-0.3713,-0.2639,-0.093,0.1106,0.2131,0.2251,0.3164,0.4959,0.5532,0.4241,0.3631,0.3315,0.2522,0.1779,0.242,0.6552,0.6395,0.5596,0.5843,0.6457,0.7675,0.8466,0.7827,0.6538,0.531,-0.4164,-0.416,-0.416,-0.4168,-0.4186,-0.4212,-0.4239,-0.4247,-0.42,-0.4049,-0.3732,-0.3183,-0.2352,-0.1261,-0.0125,0.074,0.1411,0.2256,0.3212,0.3778,0.4253,0.5558,0.5981,0.4562,0.419,0.6794,1.1383,0.9608,0.8496,0.816,0.7319,0.6999,0.6983,0.6594,0.5823,0.4957,-0.4058,-0.4051,-0.4044,-0.4039,-0.4034,-0.4026,-0.4005,-0.3952,-0.3844,-0.3645,-0.3322,-0.2843,-0.2198,-0.1425,-0.062,0.0127,0.0835,0.1582,0.2363,0.3213,0.4628,0.7112,0.7842,0.5731,0.5038,0.6518,0.8515,0.9637,1.1962,1.0987,0.8553,0.7062,0.6335,0.5801,0.5205,0.4556,-0.3949,-0.3935,-0.3918,-0.3899,-0.3874,-0.3837,-0.378,-0.369,-0.3546,-0.333,-0.302,-0.2603,-0.2082,-0.148,-0.0839,-0.0193,0.046,0.1146,0.1899,0.2832,0.4186,0.5848,0.6318,0.5354,0.5018,0.5882,0.743,0.9778,1.2389,1.1401,0.8863,0.7066,0.6017,0.5327,0.4748,0.4196]}]