docs/data/wind_grid.json
[{"header":{"la1":42.85,"la2":41.18,"lo1":11.55,"lo2":14.05,"nx":36,"ny":24,"dx":0.07143,"dy":0.07261,"parameterCategory":2,"parameterNumber":2,"parameterNumberName":"eastward_wind","parameterUnit":"m.s-1"},"data":[-0.5824,-0.5919,-0.6021,-0.6126,-0.6223,-0.6299,-0.6333,-0.6304,-0.6194,-0.5997,-0.5722,-0.5385,-0.5002,-0.4586,-0.4146,-0.3698,-0.3264,-0.288,-0.2584,-0.2405,-0.2346,-0.2387,-0.2493,-0.2632,-0.2777,-0.2914,-0.3034,-0.3135,-0.3218,-0.3284,-0.3336,-0.3377,-0.3408,-0.3431,-0.3449,-0.3463,-0.5908,-0.6029,-0.6166,-0.6316,-0.6471,-0.6612,-0.6708,-0.6719,-0.6611,-0.6374,-0.6025,-0.5599,-0.5122,-0.4605,-0.4053,-0.3474,-0.2897,-0.2378,-0.1989,-0.1785,-0.1773,-0.1906,-0.2118,-0.2352,-0.2575,-0.2768,-0.2928,-0.3057,-0.3158,-0.3235,-0.3294,-0.3339,-0.3372,-0.3396,-0.3414,-0.3428,-0.5981,-0.6129,-0.6305,-0.6513,-0.6748,-0.699,-0.7196,-0.729,-0.7196,-0.6892,-0.6425,-0.587,-0.5271,-0.4635,-0.3947,-0.3194,-0.2401,-0.1657,-0.1109,-0.0881,-0.0976,-0.1284,-0.1671,-0.2047,-0.2371,-0.2632,-0.2836,-0.2991,-0.3108,-0.3195,-0.3259,-0.3305,-0.3338,-0.3362,-0.3379,-0.3392,-0.6036,-0.6209,-0.6425,-0.6698,-0.7037,-0.7435,-0.7835,-0.8102,-0.8052,-0.7621,-0.6944,-0.6193,-0.5446,-0.4684,-0.3846,-0.287,-0.1747,-0.0608,0.0235,0.0479,0.0138,-0.0502,-0.1171,-0.1743,-0.2189,-0.2522,-0.2768,-0.2946,-0.3075,-0.3167,-0.3232,-0.3277,-0.3308,-0.3329,-0.3344,-0.3354,-0.6065,-0.6256,-0.6505,-0.684,-0.7296,-0.7905,-0.8641,-0.928,-0.9354,-0.8649,-0.7569,-0.6531,-0.5625,-0.4758,-0.3789,-0.2564,-0.0969,0.0873,0.2312,0.2532,0.1633,0.0391,-0.069,-0.1496,-0.2065,-0.2461,-0.2736,-0.2928,-0.306,-0.3151,-0.3213,-0.3253,-0.328,-0.3296,-0.3307,-0.3314,-0.6062,-0.6258,-0.6522,-0.6893,-0.744,-0.827,-0.9483,-1.0859,-1.1262,-0.9945,-0.8157,-0.678,-0.5764,-0.4864,-0.3842,-0.2428,-0.03,0.2632,0.5209,0.5287,0.3287,0.1158,-0.0381,-0.139,-0.2042,-0.2469,-0.2752,-0.2941,-0.3066,-0.3149,-0.3202,-0.3234,-0.3252,-0.3262,-0.3266,-0.3269,-0.6026,-0.621,-0.646,-0.682,-0.7372,-0.8281,-0.9822,-1.2031,-1.2955,-1.0744,-0.8293,-0.6786,-0.5819,-0.5007,-0.4064,-0.2663,-0.0306,0.3486,0.7334,0.7205,0.4066,0.1298,-0.0454,-0.1507,-0.2152,-0.2557,-0.2817,-0.2985,-0.3092,-0.3158,-0.3196,-0.3215,-0.3222,-0.3222,-0.322,-0.3218,-0.5959,-0.6116,-0.6324,-0.6616,-0.7058,-0.7776,-0.8988,-1.0736,-1.1393,-0.9517,-0.7625,-0.6512,-0.5798,-0.5184,-0.4449,-0.3325,-0.1397,0.1761,0.5079,0.5177,0.2691,0.0437,-0.0999,-0.1862,-0.2389,-0.2717,-0.2924,-0.3054,-0.3132,-0.3174,-0.3192,-0.3193,-0.3186,-0.3175,-0.3164,-0.3156,-0.587,-0.599,-0.6139,-0.6332,-0.6596,-0.6971,-0.7486,-0.8001,-0.7974,-0.7294,-0.663,-0.6151,-0.5767,-0.5389,-0.4909,-0.4178,-0.3003,-0.1283,0.043,0.0854,0.0005,-0.1049,-0.1842,-0.2366,-0.2704,-0.292,-0.3056,-0.3137,-0.3178,-0.3191,-0.3184,-0.3164,-0.3139,-0.3114,-0.3094,-0.3079,-0.5771,-0.5852,-0.5941,-0.6038,-0.6141,-0.6243,-0.6318,-0.6275,-0.6009,-0.5836,-0.5928,-0.5922,-0.5798,-0.5612,-0.5342,-0.4928,-0.4335,-0.358,-0.2806,-0.2321,-0.2263,-0.2447,-0.2679,-0.2877,-0.3025,-0.3127,-0.3191,-0.3221,-0.3222,-0.3202,-0.3165,-0.3121,-0.3075,-0.3034,-0.3002,-0.2983,-0.5672,-0.5721,-0.5761,-0.5786,-0.5783,-0.5742,-0.5664,-0.5542,-0.5242,-0.509,-0.5624,-0.591,-0.5923,-0.5831,-0.5682,-0.545,-0.522,-0.5029,-0.4688,-0.4153,-0.3686,-0.3419,-0.3308,-0.3281,-0.329,-0.3304,-0.3309,-0.3294,-0.3257,-0.32,-0.313,-0.3055,-0.2984,-0.2924,-0.2882,-0.2859,-0.5583,-0.5607,-0.5615,-0.5596,-0.5537,-0.5434,-0.5337,-0.5315,-0.5176,-0.5247,-0.5764,-0.6181,-0.6137,-0.5977,-0.5895,-0.5742,-0.5814,-0.6245,-0.6147,-0.5269,-0.4457,-0.3942,-0.3661,-0.3524,-0.3464,-0.3432,-0.3401,-0.3351,-0.3278,-0.3181,-0.3069,-0.2955,-0.2853,-0.2773,-0.2721,-0.2698,-0.5506,-0.5515,-0.5506,-0.5467,-0.5384,-0.5246,-0.511,-0.5803,-0.4614,-0.5392,-0.6177,-0.7056,-0.676,-0.5995,-0.5939,-0.5834,-0.6162,-0.7489,-0.7438,-0.579,-0.4665,-0.4042,-0.3733,-0.3597,-0.3543,-0.3513,-0.3472,-0.3399,-0.3287,-0.3139,-0.2972,-0.2806,-0.2663,-0.256,-0.2503,-0.2489,-0.5442,-0.5445,-0.5432,-0.5392,-0.5312,-0.5166,-0.4891,-0.4225,-0.4498,-0.5555,-0.6482,-0.8264,-0.8472,-0.4447,-0.5603,-0.5852,-0.6144,-0.674,-0.6635,-0.5308,-0.4243,-0.3704,-0.3534,-0.3522,-0.3553,-0.3572,-0.3546,-0.3454,-0.3293,-0.3075,-0.2825,-0.2583,-0.2385,-0.2257,-0.2204,-0.2215,-0.5389,-0.5392,-0.5383,-0.5355,-0.5302,-0.5212,-0.5079,-0.4991,-0.5274,-0.5887,-0.643,-0.6809,-0.6347,-0.5992,-0.5633,-0.6094,-0.6699,-0.5901,-0.5187,-0.4152,-0.3157,-0.2892,-0.3109,-0.3362,-0.3551,-0.3662,-0.367,-0.3554,-0.3316,-0.2985,-0.2606,-0.2245,-0.197,-0.1822,-0.1797,-0.1862,-0.5344,-0.535,-0.5348,-0.5338,-0.5319,-0.5297,-0.5296,-0.5387,-0.5668,-0.6156,-0.672,-0.6783,-0.6246,-0.5584,-0.5464,-0.5805,-0.6213,-0.5206,-0.4138,-0.2966,-0.1561,-0.178,-0.2658,-0.3243,-0.3632,-0.3875,-0.3929,-0.3758,-0.3387,-0.2868,-0.2276,-0.1723,-0.1341,-0.1194,-0.1248,-0.142,-0.5302,-0.5312,-0.5318,-0.5323,-0.533,-0.5348,-0.54,-0.552,-0.5748,-0.6112,-0.6548,-0.6248,-0.4782,-0.404,-0.4835,-0.4976,-0.4739,-0.382,-0.2934,-0.2418,-0.1324,-0.162,-0.2589,-0.3312,-0.3908,-0.4359,-0.4471,-0.416,-0.354,-0.2718,-0.1781,-0.0916,-0.0391,-0.0311,-0.0544,-0.0901,-0.5262,-0.5274,-0.5286,-0.5299,-0.5318,-0.535,-0.5407,-0.5502,-0.564,-0.5796,-0.5835,-0.5423,-0.4233,-0.3869,-0.4399,-0.4339,-0.3861,-0.2419,-0.1269,-0.2115,-0.2228,-0.2367,-0.2876,-0.3563,-0.4448,-0.5334,-0.5526,-0.4833,-0.3775,-0.2534,-0.1092,0.0259,0.0942,0.0811,0.0254,-0.037,-0.5221,-0.5234,-0.5247,-0.5262,-0.5283,-0.5313,-0.5355,-0.5411,-0.547,-0.5496,-0.5411,-0.5117,-0.4667,-0.4385,-0.4157,-0.4041,-0.3636,-0.2422,-0.166,-0.2119,-0.242,-0.2664,-0.305,-0.3763,-0.5044,-0.6798,-0.7141,-0.5543,-0.3939,-0.234,-0.0371,0.1568,0.2365,0.1877,0.0925,0.0038,-0.5178,-0.519,-0.5202,-0.5215,-0.5231,-0.5251,-0.5274,-0.5295,-0.5303,-0.5271,-0.5165,-0.4962,-0.4694,-0.4416,-0.4145,-0.401,-0.3613,-0.2826,-0.2165,-0.2016,-0.2366,-0.2596,-0.2904,-0.3591,-0.4904,-0.6918,-0.7327,-0.5147,-0.3704,-0.2215,-0.0121,0.2056,0.2883,0.2234,0.1137,0.0166,-0.5133,-0.5142,-0.5151,-0.516,-0.5169,-0.5177,-0.5182,-0.5179,-0.5156,-0.51,-0.4995,-0.4835,-0.463,-0.44,-0.4173,-0.3945,-0.3568,-0.3007,-0.2465,-0.228,-0.2313,-0.2194,-0.2282,-0.2917,-0.3835,-0.4253,-0.3291,-0.322,-0.3115,-0.2208,-0.0584,0.1161,0.1945,0.1584,0.0764,-0.0039,-0.5087,-0.5092,-0.5097,-0.51,-0.5101,-0.5099,-0.509,-0.5069,-0.503,-0.4964,-0.4864,-0.4725,-0.4554,-0.4358,-0.4144,-0.3894,-0.3565,-0.316,-0.2771,-0.2458,-0.1995,-0.1191,-0.099,-0.1932,-0.2872,-0.2865,-0.2071,-0.2409,-0.2718,-0.2265,-0.1256,-0.0139,0.0499,0.0472,0.0051,-0.0471,-0.5039,-0.5041,-0.5041,-0.5039,-0.5032,-0.5021,-0.5002,-0.497,-0.4922,-0.4852,-0.4755,-0.4631,-0.4479,-0.4303,-0.4101,-0.3864,-0.3579,-0.3249,-0.2887,-0.2435,-0.165,-0.0434,-0.0111,-0.1299,-0.2369,-0.2674,-0.2531,-0.2577,-0.2628,-0.2347,-0.1762,-0.11,-0.0645,-0.053,-0.0684,-0.0969,-0.4992,-0.499,-0.4985,-0.4978,-0.4965,-0.4947,-0.492,-0.4881,-0.4828,-0.4756,-0.4664,-0.4548,-0.441,-0.4249,-0.4062,-0.3845,-0.3593,-0.33,-0.2953,-0.2491,-0.1809,-0.1016,-0.0837,-0.1521,-0.2258,-0.2616,-0.2692,-0.2696,-0.2642,-0.2441,-0.2094,-0.1701,-0.1397,-0.1261,-0.1289,-0.1427]},{"header":{"la1":42.85,"la2":41.18,"lo1":11.55,"lo2":14.05,"nx":36,"ny":24,"dx":0.07143,"dy":0.07261,"parameterCategory":2,"parameterNumber":3,"parameterNumberName":"northward_wind","parameterUnit":"m.s-1"},"data":[-0.5264,-0.5286,-0.5307,-0.5326,-0.534,-0.5346,-0.5339,-0.5312,-0.5261,-0.5178,-0.5059,-0.4902,-0.4704,-0.4466,-0.4193,-0.3895,-0.3594,-0.3316,-0.3091,-0.2942,-0.2873,-0.2871,-0.2914,-0.298,-0.3053,-0.3123,-0.3185,-0.3237,-0.3281,-0.3316,-0.3345,-0.3369,-0.3389,-0.3407,-0.3422,-0.3435,-0.53,-0.5328,-0.5359,-0.5389,-0.5417,-0.5437,-0.5444,-0.543,-0.5386,-0.5303,-0.5176,-0.4999,-0.4769,-0.4482,-0.4141,-0.3756,-0.3353,-0.2977,-0.2684,-0.2514,-0.2472,-0.2528,-0.2638,-0.2765,-0.2887,-0.2992,-0.308,-0.3151,-0.3207,-0.3251,-0.3286,-0.3315,-0.3338,-0.3358,-0.3375,-0.3391,-0.533,-0.5366,-0.5406,-0.545,-0.5493,-0.5533,-0.5561,-0.5565,-0.5533,-0.5454,-0.532,-0.5123,-0.4858,-0.4516,-0.4091,-0.3584,-0.3026,-0.2489,-0.2082,-0.189,-0.1917,-0.2086,-0.2309,-0.2527,-0.2713,-0.2863,-0.2979,-0.3067,-0.3135,-0.3187,-0.3228,-0.326,-0.3286,-0.3308,-0.3327,-0.3345,-0.5353,-0.5396,-0.5446,-0.5503,-0.5566,-0.5631,-0.5686,-0.5717,-0.5704,-0.5631,-0.5491,-0.5278,-0.498,-0.4581,-0.4057,-0.3389,-0.2593,-0.1777,-0.1163,-0.0958,-0.1147,-0.1534,-0.194,-0.2283,-0.2548,-0.2743,-0.2887,-0.2991,-0.3069,-0.3127,-0.3171,-0.3206,-0.3234,-0.3258,-0.3279,-0.3297,-0.5366,-0.5413,-0.5471,-0.5543,-0.5628,-0.5721,-0.5812,-0.5877,-0.5888,-0.5825,-0.5684,-0.5461,-0.5141,-0.4694,-0.4074,-0.3216,-0.2075,-0.0765,0.0253,0.0438,-0.0123,-0.0904,-0.1576,-0.2068,-0.2411,-0.2647,-0.2811,-0.2926,-0.3009,-0.307,-0.3116,-0.3152,-0.3181,-0.3206,-0.3228,-0.3248,-0.5365,-0.5413,-0.5477,-0.556,-0.5666,-0.5791,-0.5921,-0.6019,-0.6049,-0.6004,-0.5883,-0.567,-0.5345,-0.4875,-0.4191,-0.3167,-0.1628,0.0439,0.2217,0.2291,0.1001,-0.0353,-0.1315,-0.1934,-0.2328,-0.2585,-0.2755,-0.2873,-0.2956,-0.3016,-0.3062,-0.3098,-0.3127,-0.3152,-0.3175,-0.3197,-0.5348,-0.5392,-0.5454,-0.5542,-0.5664,-0.582,-0.5985,-0.6091,-0.6105,-0.6127,-0.6089,-0.5911,-0.5598,-0.5136,-0.4451,-0.3381,-0.1638,0.1034,0.3646,0.3568,0.1547,-0.02,-0.1284,-0.1926,-0.2315,-0.256,-0.2721,-0.2831,-0.2908,-0.2965,-0.3008,-0.3042,-0.3071,-0.3096,-0.312,-0.3142,-0.5314,-0.5346,-0.5395,-0.5475,-0.5601,-0.5785,-0.6002,-0.6149,-0.6202,-0.6358,-0.6398,-0.6217,-0.59,-0.5466,-0.4847,-0.3896,-0.2378,-0.0091,0.2179,0.2278,0.073,-0.0654,-0.1525,-0.2045,-0.2363,-0.2566,-0.2701,-0.2794,-0.2862,-0.2912,-0.2951,-0.2983,-0.3011,-0.3036,-0.306,-0.3084,-0.5264,-0.5273,-0.5294,-0.5342,-0.5445,-0.5642,-0.5964,-0.6386,-0.6831,-0.7114,-0.6975,-0.6611,-0.6231,-0.5826,-0.5302,-0.4537,-0.3428,-0.2004,-0.0714,-0.0345,-0.0814,-0.1433,-0.1906,-0.2225,-0.2436,-0.258,-0.2682,-0.2756,-0.2812,-0.2855,-0.289,-0.2919,-0.2945,-0.297,-0.2995,-0.3021,-0.5203,-0.5179,-0.5152,-0.5135,-0.5159,-0.5298,-0.5706,-0.6659,-0.8231,-0.8878,-0.7892,-0.7021,-0.6523,-0.6145,-0.572,-0.5089,-0.4194,-0.3198,-0.2387,-0.1972,-0.1927,-0.2061,-0.2227,-0.2371,-0.2487,-0.2577,-0.2649,-0.2707,-0.2752,-0.2789,-0.282,-0.2847,-0.2872,-0.2897,-0.2923,-0.2951,-0.5139,-0.5076,-0.4987,-0.4868,-0.4735,-0.4654,-0.4859,-0.6105,-1.014,-1.204,-0.8674,-0.7247,-0.6691,-0.6305,-0.602,-0.5478,-0.4485,-0.3372,-0.2671,-0.2417,-0.2346,-0.2339,-0.2368,-0.2417,-0.2476,-0.2536,-0.2591,-0.2639,-0.2679,-0.2713,-0.2741,-0.2766,-0.279,-0.2815,-0.2843,-0.2874,-0.5087,-0.4987,-0.4833,-0.4599,-0.4252,-0.3787,-0.3388,-0.3624,-0.6446,-0.9403,-0.7879,-0.7266,-0.6776,-0.5933,-0.6104,-0.5781,-0.4323,-0.2311,-0.1671,-0.2075,-0.2283,-0.2307,-0.2306,-0.2334,-0.2385,-0.2443,-0.25,-0.2549,-0.2589,-0.2622,-0.2649,-0.2673,-0.2695,-0.2721,-0.2751,-0.2787,-0.506,-0.4937,-0.4739,-0.4419,-0.3896,-0.3049,-0.1955,-0.4331,0.0086,-0.4979,-0.6983,-0.7474,-0.7447,-0.6028,-0.6434,-0.6212,-0.4151,-0.0118,0.0095,-0.1587,-0.2015,-0.2031,-0.2045,-0.2117,-0.2211,-0.2301,-0.2376,-0.2436,-0.2483,-0.2519,-0.2545,-0.2565,-0.2586,-0.2611,-0.2645,-0.2688,-0.5067,-0.4942,-0.474,-0.441,-0.386,-0.2915,-0.1204,0.2333,0.0685,-0.474,-0.7331,-0.7682,-0.7967,-1.2058,-0.848,-0.6956,-0.5327,-0.2106,-0.1145,-0.1687,-0.1567,-0.1436,-0.1552,-0.1771,-0.1973,-0.2122,-0.2229,-0.2306,-0.2363,-0.2402,-0.2426,-0.2441,-0.2456,-0.2481,-0.2521,-0.2574,-0.5108,-0.5005,-0.4841,-0.4583,-0.4178,-0.3559,-0.2713,-0.2196,-0.3735,-0.675,-0.8773,-0.9365,-1.0068,-1.1743,-0.9228,-0.7502,-0.7549,-0.4898,-0.2697,-0.1412,-0.0367,-0.0237,-0.0799,-0.1349,-0.1713,-0.193,-0.2065,-0.2161,-0.2232,-0.2276,-0.2293,-0.2294,-0.2298,-0.2321,-0.2371,-0.2442,-0.5176,-0.5109,-0.5009,-0.4865,-0.4674,-0.447,-0.4401,-0.4867,-0.6343,-0.8715,-1.1169,-1.1539,-1.0702,-0.993,-0.8604,-0.7259,-0.6907,-0.4511,-0.2017,-0.0109,0.1939,0.1515,-0.0032,-0.1004,-0.1503,-0.1745,-0.1883,-0.1997,-0.2093,-0.2146,-0.2147,-0.2116,-0.2095,-0.2118,-0.2189,-0.229,-0.5255,-0.5231,-0.5198,-0.5163,-0.5149,-0.5216,-0.5487,-0.6154,-0.7372,-0.9125,-1.0899,-1.0692,-1.0001,-0.9559,-0.7961,-0.6344,-0.4588,-0.1614,0.0789,0.1042,0.231,0.175,0.0071,-0.0934,-0.1388,-0.1543,-0.1641,-0.1797,-0.1955,-0.2026,-0.1987,-0.1889,-0.1825,-0.1857,-0.1971,-0.2123,-0.5333,-0.5346,-0.5367,-0.541,-0.5503,-0.5691,-0.6047,-0.6643,-0.75,-0.8499,-0.9251,-0.9356,-0.9397,-0.9116,-0.6997,-0.5339,-0.2961,0.2419,0.6766,0.241,0.0831,0.0319,-0.0503,-0.112,-0.132,-0.1207,-0.1217,-0.1537,-0.1846,-0.1945,-0.1824,-0.1598,-0.1469,-0.1539,-0.1734,-0.1959,-0.5398,-0.5438,-0.5495,-0.5583,-0.5721,-0.5939,-0.6268,-0.6725,-0.7284,-0.7839,-0.8213,-0.8289,-0.8088,-0.7236,-0.5505,-0.4927,-0.2949,0.1612,0.4224,0.079,-0.0234,-0.0677,-0.11,-0.1382,-0.126,-0.0624,-0.049,-0.1314,-0.1871,-0.1959,-0.1695,-0.1284,-0.1092,-0.124,-0.1539,-0.1838,-0.5445,-0.5501,-0.5576,-0.568,-0.5827,-0.6028,-0.6295,-0.6621,-0.6972,-0.7278,-0.7446,-0.7395,-0.7044,-0.6263,-0.5271,-0.4772,-0.3275,-0.1129,-0.1193,-0.1792,-0.1206,-0.1324,-0.1558,-0.1689,-0.1494,-0.0653,-0.046,-0.1775,-0.2227,-0.213,-0.1709,-0.1173,-0.0951,-0.1142,-0.1484,-0.1807,-0.547,-0.5533,-0.5613,-0.5716,-0.585,-0.6018,-0.6219,-0.6439,-0.665,-0.6805,-0.6846,-0.6717,-0.6373,-0.5805,-0.5137,-0.4428,-0.3355,-0.2177,-0.1697,-0.1687,-0.1653,-0.1765,-0.1898,-0.2021,-0.2157,-0.2515,-0.3603,-0.3479,-0.2902,-0.2444,-0.1942,-0.1448,-0.1228,-0.1345,-0.1612,-0.1886,-0.5475,-0.5538,-0.5614,-0.5707,-0.5819,-0.5949,-0.6091,-0.6232,-0.6349,-0.6409,-0.6376,-0.6216,-0.5909,-0.5462,-0.4909,-0.4256,-0.3474,-0.2705,-0.2205,-0.2013,-0.1982,-0.1993,-0.2022,-0.2196,-0.2618,-0.3572,-0.4771,-0.427,-0.3341,-0.2733,-0.2263,-0.1884,-0.1688,-0.1706,-0.1855,-0.2043,-0.5463,-0.5521,-0.5588,-0.5666,-0.5754,-0.5849,-0.5943,-0.6026,-0.6079,-0.608,-0.6006,-0.5837,-0.5563,-0.5188,-0.4724,-0.4185,-0.3596,-0.3039,-0.2614,-0.235,-0.2175,-0.2005,-0.1962,-0.2216,-0.2684,-0.3358,-0.3918,-0.3794,-0.3309,-0.2867,-0.2514,-0.2243,-0.2084,-0.2053,-0.2117,-0.2229,-0.5437,-0.5487,-0.5543,-0.5605,-0.567,-0.5735,-0.5792,-0.5832,-0.5843,-0.5807,-0.5712,-0.5544,-0.5299,-0.4978,-0.4591,-0.4154,-0.3694,-0.3257,-0.2888,-0.2599,-0.236,-0.2166,-0.2134,-0.2338,-0.2675,-0.3052,-0.3321,-0.3329,-0.3138,-0.2894,-0.2668,-0.2486,-0.2368,-0.2325,-0.2346,-0.2408]}]