docs/data/wind_grid.json
[{"header":{"la1":42.85,"la2":41.18,"lo1":11.55,"lo2":14.05,"nx":36,"ny":24,"dx":0.07143,"dy":0.07261,"parameterCategory":2,"parameterNumber":2,"parameterNumberName":"eastward_wind","parameterUnit":"m.s-1"},"data":[-0.608,-0.6201,-0.6329,-0.646,-0.6587,-0.6697,-0.677,-0.6788,-0.6737,-0.6623,-0.6471,-0.6317,-0.6194,-0.6126,-0.612,-0.617,-0.6258,-0.635,-0.6409,-0.6406,-0.6328,-0.6184,-0.5995,-0.5785,-0.5573,-0.5372,-0.5188,-0.5025,-0.4881,-0.4758,-0.4651,-0.456,-0.4483,-0.4417,-0.4361,-0.4313,-0.6192,-0.6339,-0.6501,-0.6677,-0.6861,-0.7037,-0.7172,-0.7224,-0.716,-0.6984,-0.6742,-0.6499,-0.6314,-0.6219,-0.6229,-0.6334,-0.6506,-0.669,-0.6821,-0.6841,-0.6732,-0.652,-0.625,-0.5963,-0.5687,-0.5437,-0.5217,-0.5028,-0.4867,-0.4732,-0.4619,-0.4525,-0.4446,-0.438,-0.4324,-0.4278,-0.6304,-0.6478,-0.6679,-0.6912,-0.7179,-0.7464,-0.7718,-0.7855,-0.7786,-0.7502,-0.7097,-0.6702,-0.6414,-0.6281,-0.6316,-0.6509,-0.6823,-0.7176,-0.7437,-0.7489,-0.7308,-0.6966,-0.6559,-0.6158,-0.5798,-0.5487,-0.5227,-0.5012,-0.4835,-0.4691,-0.4573,-0.4477,-0.4399,-0.4335,-0.4282,-0.4238,-0.6411,-0.6612,-0.6852,-0.7149,-0.7524,-0.7984,-0.8472,-0.8815,-0.8775,-0.8285,-0.7569,-0.6912,-0.6468,-0.6281,-0.6351,-0.6676,-0.7228,-0.7892,-0.8409,-0.8502,-0.8144,-0.7544,-0.6913,-0.6352,-0.5886,-0.5509,-0.5209,-0.497,-0.4781,-0.4631,-0.4512,-0.4418,-0.4342,-0.4282,-0.4233,-0.4193,-0.6512,-0.6734,-0.7004,-0.7357,-0.7852,-0.8558,-0.9477,-1.0327,-1.0432,-0.9496,-0.8162,-0.708,-0.6426,-0.6174,-0.629,-0.6786,-0.77,-0.8943,-1.0,-1.0121,-0.9318,-0.8229,-0.726,-0.65,-0.5922,-0.5483,-0.5149,-0.4893,-0.4698,-0.4548,-0.4433,-0.4344,-0.4275,-0.4221,-0.4178,-0.4143,-0.6608,-0.6845,-0.7128,-0.7502,-0.8072,-0.9024,-1.0587,-1.255,-1.3155,-1.119,-0.872,-0.7076,-0.6215,-0.5915,-0.6074,-0.6732,-0.8076,-1.026,-1.2427,-1.248,-1.0692,-0.884,-0.7481,-0.6535,-0.5868,-0.5386,-0.5033,-0.4773,-0.4582,-0.4441,-0.4336,-0.4258,-0.4199,-0.4153,-0.4118,-0.4091,-0.6706,-0.6958,-0.7235,-0.7574,-0.8095,-0.9078,-1.1053,-1.4342,-1.5845,-1.2297,-0.8672,-0.6697,-0.5769,-0.5473,-0.566,-0.6376,-0.794,-1.09,-1.4389,-1.4268,-1.1385,-0.8972,-0.7411,-0.639,-0.5693,-0.5202,-0.4852,-0.4605,-0.443,-0.4307,-0.422,-0.4159,-0.4114,-0.408,-0.4055,-0.4036,-0.6818,-0.7102,-0.7382,-0.7647,-0.7966,-0.8586,-0.9962,-1.2356,-1.3318,-1.0355,-0.7461,-0.5863,-0.5091,-0.4871,-0.5082,-0.5717,-0.7038,-0.9482,-1.2329,-1.2445,-1.0304,-0.8344,-0.6983,-0.6045,-0.5386,-0.4922,-0.4601,-0.4384,-0.4242,-0.4149,-0.409,-0.405,-0.4023,-0.4004,-0.399,-0.398,-0.6948,-0.7311,-0.7668,-0.7908,-0.7959,-0.7988,-0.824,-0.8581,-0.8221,-0.6937,-0.5704,-0.4802,-0.4261,-0.4177,-0.4511,-0.5034,-0.5951,-0.7449,-0.89,-0.9234,-0.8437,-0.7329,-0.6337,-0.5551,-0.4962,-0.4547,-0.4275,-0.411,-0.4019,-0.3971,-0.3948,-0.3937,-0.3932,-0.3929,-0.3927,-0.3925,-0.7068,-0.7571,-0.8157,-0.8605,-0.8447,-0.7832,-0.7279,-0.6527,-0.5249,-0.4424,-0.4278,-0.3806,-0.3308,-0.3357,-0.4279,-0.4832,-0.5369,-0.6633,-0.759,-0.7762,-0.7276,-0.6487,-0.5675,-0.4974,-0.4436,-0.4073,-0.3869,-0.3784,-0.3767,-0.3781,-0.3804,-0.3826,-0.3844,-0.3857,-0.3867,-0.3874,-0.7107,-0.774,-0.8626,-0.9575,-0.9365,-0.8059,-0.7254,-0.6253,-0.3635,-0.2433,-0.3468,-0.2986,-0.2104,-0.1808,-0.3425,-0.4658,-0.5465,-0.7494,-0.8529,-0.8054,-0.7003,-0.5956,-0.506,-0.4336,-0.3797,-0.3478,-0.3372,-0.3408,-0.3499,-0.3593,-0.367,-0.3727,-0.3767,-0.3794,-0.3813,-0.3827,-0.699,-0.7611,-0.8478,-0.939,-0.916,-0.8064,-0.7973,-0.8122,-0.5682,-0.3601,-0.3429,-0.239,-0.0793,0.1136,-0.0191,-0.3208,-0.6614,-1.1535,-1.2673,-0.9742,-0.7161,-0.5502,-0.4411,-0.3613,-0.3014,-0.2716,-0.2767,-0.2999,-0.3241,-0.3431,-0.3564,-0.3652,-0.3707,-0.3743,-0.3768,-0.3786,-0.6715,-0.7183,-0.7727,-0.8128,-0.8003,-0.783,-0.8615,-1.0063,-0.8574,-0.5392,-0.3471,-0.2168,-0.0838,0.2084,0.1061,-0.2854,-0.8207,-1.9313,-1.9513,-1.1161,-0.6813,-0.472,-0.3615,-0.2839,-0.2117,-0.1775,-0.2092,-0.2622,-0.3048,-0.3331,-0.3507,-0.361,-0.3669,-0.3704,-0.3728,-0.3749,-0.6353,-0.6653,-0.694,-0.7117,-0.7159,-0.7357,-0.8079,-0.9044,-0.8048,-0.5207,-0.3282,-0.2178,-0.1817,-0.1008,-0.129,-0.3695,-0.7299,-1.3761,-1.4567,-0.8722,-0.4919,-0.3213,-0.2606,-0.22,-0.1486,-0.1044,-0.1644,-0.2449,-0.3004,-0.3334,-0.3516,-0.3607,-0.3649,-0.3672,-0.3691,-0.3711,-0.5976,-0.6153,-0.6303,-0.6397,-0.646,-0.6596,-0.6839,-0.6848,-0.5859,-0.4176,-0.3055,-0.2633,-0.2126,-0.1992,-0.236,-0.5086,-0.7548,-0.7111,-0.6692,-0.4067,-0.1369,-0.0707,-0.1312,-0.1768,-0.163,-0.1401,-0.1928,-0.2668,-0.3183,-0.3468,-0.3596,-0.3633,-0.3633,-0.363,-0.3641,-0.3665,-0.5618,-0.5712,-0.5779,-0.5809,-0.5807,-0.5782,-0.5674,-0.529,-0.4434,-0.3296,-0.2375,-0.3541,-0.299,-0.225,-0.2593,-0.4458,-0.6205,-0.445,-0.2715,-0.025,0.3212,0.251,0.0042,-0.1397,-0.2029,-0.2331,-0.2769,-0.3258,-0.3585,-0.3727,-0.3728,-0.3655,-0.3578,-0.3545,-0.356,-0.3602,-0.5292,-0.5328,-0.5335,-0.5306,-0.5232,-0.5095,-0.4845,-0.4405,-0.375,-0.2997,-0.2412,-0.2763,-0.2444,-0.2094,-0.1929,-0.2173,-0.2306,-0.1043,0.0397,0.1425,0.3943,0.3093,0.0468,-0.1326,-0.2505,-0.3309,-0.3832,-0.4098,-0.4165,-0.4074,-0.3858,-0.3594,-0.3405,-0.3361,-0.342,-0.3512,-0.5,-0.4992,-0.4956,-0.4883,-0.476,-0.4571,-0.4291,-0.3901,-0.3423,-0.2948,-0.2614,-0.2399,-0.206,-0.1708,-0.0187,0.0661,0.0418,0.1926,0.3571,0.2396,0.2124,0.1502,0.0015,-0.1671,-0.3303,-0.4625,-0.5196,-0.5139,-0.4874,-0.4473,-0.3919,-0.3329,-0.2994,-0.302,-0.3213,-0.3406,-0.4741,-0.4703,-0.4636,-0.4533,-0.4385,-0.4181,-0.3911,-0.3577,-0.3201,-0.2824,-0.2472,-0.2086,-0.1518,-0.0204,0.3508,0.4956,0.2194,0.2585,0.3664,0.3813,0.2567,0.122,-0.0231,-0.2062,-0.4248,-0.6174,-0.6612,-0.6195,-0.5667,-0.4933,-0.3925,-0.2831,-0.2335,-0.2584,-0.301,-0.3329,-0.4514,-0.4454,-0.4367,-0.4247,-0.4088,-0.3885,-0.3634,-0.334,-0.3012,-0.2662,-0.2279,-0.1795,-0.103,0.0485,0.3232,0.4131,0.2471,0.282,0.5369,0.6515,0.3552,0.167,0.0123,-0.1984,-0.4643,-0.669,-0.7063,-0.723,-0.6602,-0.5558,-0.4171,-0.2643,-0.202,-0.2433,-0.2984,-0.3351,-0.4316,-0.4241,-0.4142,-0.4014,-0.3853,-0.3656,-0.3422,-0.3154,-0.2852,-0.2516,-0.2125,-0.1625,-0.0915,0.0129,0.1337,0.188,0.1854,0.2525,0.4124,0.4656,0.3386,0.2623,0.1617,-0.0923,-0.4404,-0.7617,-1.0257,-0.9561,-0.7753,-0.6409,-0.4975,-0.3486,-0.276,-0.2902,-0.3251,-0.3511,-0.4146,-0.4061,-0.3955,-0.3823,-0.3665,-0.3476,-0.3257,-0.3008,-0.2727,-0.2408,-0.2036,-0.1582,-0.1011,-0.0326,0.0351,0.0831,0.1207,0.1792,0.255,0.302,0.3563,0.5228,0.5441,0.152,-0.3572,-0.848,-1.2483,-1.0761,-0.842,-0.7352,-0.6066,-0.4746,-0.3921,-0.3671,-0.369,-0.376,-0.3999,-0.3909,-0.3799,-0.3668,-0.3514,-0.3334,-0.3129,-0.2897,-0.2636,-0.2341,-0.2003,-0.1611,-0.1159,-0.0666,-0.0183,0.0246,0.0662,0.1147,0.172,0.2473,0.4107,0.7475,0.8506,0.3498,-0.225,-0.6685,-0.9151,-0.8951,-0.8759,-0.8278,-0.6937,-0.5651,-0.4774,-0.4308,-0.4099,-0.401,-0.3873,-0.378,-0.367,-0.3542,-0.3393,-0.3223,-0.3031,-0.2816,-0.2576,-0.2308,-0.2008,-0.1674,-0.1308,-0.0922,-0.0538,-0.0165,0.0215,0.0639,0.1166,0.1961,0.3405,0.5449,0.5706,0.2493,-0.1654,-0.4956,-0.6972,-0.8017,-0.8773,-0.8362,-0.7139,-0.6007,-0.5196,-0.4681,-0.4377,-0.4199]},{"header":{"la1":42.85,"la2":41.18,"lo1":11.55,"lo2":14.05,"nx":36,"ny":24,"dx":0.07143,"dy":0.07261,"parameterCategory":2,"parameterNumber":3,"parameterNumberName":"northward_wind","parameterUnit":"m.s-1"},"data":[-0.5198,-0.5188,-0.5177,-0.5163,-0.5146,-0.5126,-0.5109,-0.51,-0.51,-0.5106,-0.5107,-0.5087,-0.5035,-0.4944,-0.4816,-0.4658,-0.4483,-0.4314,-0.4172,-0.4073,-0.4024,-0.4017,-0.404,-0.408,-0.4128,-0.4177,-0.4226,-0.4273,-0.432,-0.4365,-0.4409,-0.4453,-0.4496,-0.4539,-0.458,-0.462,-0.5164,-0.5152,-0.5138,-0.5119,-0.5093,-0.506,-0.5029,-0.5014,-0.5025,-0.5058,-0.5093,-0.5101,-0.5061,-0.4961,-0.4802,-0.4593,-0.4354,-0.4118,-0.3927,-0.3809,-0.3773,-0.38,-0.3863,-0.3939,-0.4016,-0.4088,-0.4153,-0.4213,-0.427,-0.4323,-0.4376,-0.4427,-0.4477,-0.4526,-0.4573,-0.4618,-0.5114,-0.5098,-0.5082,-0.5058,-0.5018,-0.4957,-0.489,-0.4849,-0.487,-0.4954,-0.5058,-0.5122,-0.5107,-0.5001,-0.4801,-0.4519,-0.4178,-0.3832,-0.3557,-0.3417,-0.342,-0.3517,-0.365,-0.3782,-0.3898,-0.3997,-0.408,-0.4154,-0.4221,-0.4284,-0.4344,-0.4403,-0.4461,-0.4517,-0.457,-0.4621,-0.5041,-0.5021,-0.5004,-0.4977,-0.4919,-0.481,-0.4658,-0.4536,-0.4553,-0.474,-0.4985,-0.5155,-0.5189,-0.508,-0.4832,-0.4448,-0.3946,-0.34,-0.2969,-0.2809,-0.2918,-0.3158,-0.3409,-0.3619,-0.3783,-0.391,-0.4012,-0.4098,-0.4174,-0.4246,-0.4316,-0.4383,-0.4449,-0.4513,-0.4574,-0.4631,-0.4932,-0.4904,-0.4889,-0.4871,-0.4807,-0.4629,-0.4303,-0.3947,-0.3904,-0.4323,-0.4869,-0.5226,-0.5331,-0.5222,-0.4922,-0.4414,-0.3671,-0.2758,-0.2002,-0.1842,-0.2222,-0.274,-0.3167,-0.3472,-0.3683,-0.3834,-0.395,-0.4046,-0.4132,-0.4212,-0.4291,-0.4368,-0.4444,-0.4517,-0.4586,-0.465,-0.4771,-0.472,-0.4708,-0.4722,-0.4698,-0.4482,-0.388,-0.2953,-0.2651,-0.364,-0.4784,-0.5397,-0.5567,-0.5454,-0.5113,-0.4496,-0.3466,-0.1949,-0.0519,-0.0435,-0.1415,-0.2363,-0.2988,-0.3371,-0.3612,-0.3776,-0.3898,-0.4,-0.4092,-0.4182,-0.427,-0.4359,-0.4446,-0.4529,-0.4608,-0.468,-0.4531,-0.442,-0.4385,-0.4458,-0.4578,-0.45,-0.3773,-0.2088,-0.1252,-0.3218,-0.5036,-0.5779,-0.5925,-0.5788,-0.5445,-0.4806,-0.3621,-0.1573,0.0689,0.063,-0.1008,-0.2252,-0.2953,-0.3344,-0.3579,-0.3736,-0.3855,-0.3958,-0.4056,-0.4155,-0.4255,-0.4357,-0.4458,-0.4554,-0.4645,-0.4726,-0.419,-0.3932,-0.3776,-0.3877,-0.4284,-0.4707,-0.4545,-0.3398,-0.2856,-0.4621,-0.6026,-0.6432,-0.6389,-0.6205,-0.593,-0.5407,-0.4355,-0.2563,-0.062,-0.0473,-0.1622,-0.2548,-0.3082,-0.3386,-0.3574,-0.3707,-0.3816,-0.3918,-0.4021,-0.4131,-0.4246,-0.4365,-0.4483,-0.4596,-0.47,-0.4791,-0.3756,-0.3196,-0.2654,-0.2541,-0.3347,-0.4761,-0.5847,-0.6319,-0.6823,-0.7521,-0.7604,-0.7239,-0.6867,-0.6643,-0.6561,-0.629,-0.5377,-0.407,-0.2899,-0.2472,-0.2693,-0.3028,-0.328,-0.3451,-0.3576,-0.3679,-0.3775,-0.3874,-0.3985,-0.4109,-0.4245,-0.4387,-0.4529,-0.4662,-0.4782,-0.4884,-0.3326,-0.2298,-0.0892,0.022,-0.0926,-0.423,-0.7014,-0.8865,-1.0529,-1.0966,-0.9388,-0.7956,-0.7236,-0.7002,-0.7285,-0.7478,-0.6188,-0.4914,-0.4051,-0.3568,-0.3387,-0.3368,-0.3412,-0.3481,-0.3558,-0.364,-0.3726,-0.3825,-0.3945,-0.409,-0.4254,-0.4429,-0.4602,-0.4762,-0.4901,-0.5014,-0.3108,-0.1688,0.0744,0.3833,0.281,-0.3621,-0.8245,-1.072,-1.3646,-1.5029,-1.0731,-0.8262,-0.7434,-0.7286,-0.7371,-0.7535,-0.6121,-0.4973,-0.4327,-0.3901,-0.3613,-0.3457,-0.3411,-0.3442,-0.3516,-0.3597,-0.3676,-0.3771,-0.3902,-0.4075,-0.4281,-0.4502,-0.4718,-0.4912,-0.5073,-0.5195,-0.3301,-0.1972,0.0301,0.314,0.181,-0.5084,-1.0117,-1.2269,-1.2892,-1.3147,-1.0009,-0.7957,-0.7499,-0.8098,-0.7517,-0.6344,-0.5237,-0.4582,-0.4292,-0.3878,-0.3517,-0.331,-0.3262,-0.3342,-0.3484,-0.3595,-0.365,-0.3717,-0.3853,-0.4066,-0.4334,-0.4623,-0.4901,-0.5139,-0.5322,-0.5447,-0.3864,-0.3063,-0.2019,-0.1449,-0.3315,-0.759,-1.1549,-1.3872,-1.2811,-1.0673,-0.864,-0.745,-0.7076,-0.8346,-0.763,-0.5299,-0.4003,-0.4543,-0.4543,-0.3664,-0.3141,-0.2911,-0.2952,-0.3205,-0.3554,-0.3741,-0.3691,-0.3664,-0.3794,-0.4068,-0.4433,-0.4826,-0.519,-0.5482,-0.5684,-0.5797,-0.4549,-0.4269,-0.4129,-0.4569,-0.6112,-0.8557,-1.1042,-1.2745,-1.197,-0.9498,-0.779,-0.7369,-0.6984,-0.2794,-0.4766,-0.259,-0.0617,-0.2778,-0.3549,-0.2911,-0.2309,-0.2111,-0.2399,-0.2979,-0.3696,-0.4022,-0.3745,-0.3564,-0.3702,-0.4087,-0.4611,-0.5167,-0.5656,-0.6011,-0.6213,-0.6282,-0.5142,-0.5165,-0.5383,-0.5973,-0.7033,-0.8402,-0.9673,-1.0287,-0.963,-0.8205,-0.7188,-0.6613,-0.5135,-0.3094,-0.3317,0.25,0.9503,0.1539,-0.1712,-0.1662,-0.0544,-0.0492,-0.1458,-0.2444,-0.3308,-0.3706,-0.3439,-0.3275,-0.3532,-0.4135,-0.4932,-0.575,-0.642,-0.6833,-0.6985,-0.6944,-0.5565,-0.5714,-0.6009,-0.6502,-0.7183,-0.7924,-0.8495,-0.8615,-0.8144,-0.738,-0.6943,-0.6875,-0.6252,-0.4895,-0.3582,0.1466,0.6251,0.0864,-0.1852,-0.063,0.2998,0.2228,-0.0352,-0.1689,-0.2308,-0.2535,-0.2489,-0.2623,-0.3218,-0.4232,-0.55,-0.6758,-0.7691,-0.8117,-0.8098,-0.7821,-0.583,-0.6008,-0.6277,-0.6641,-0.7068,-0.747,-0.7723,-0.7717,-0.7443,-0.7081,-0.6909,-0.6861,-0.7396,-0.7544,-0.5226,-0.306,-0.1955,-0.3562,-0.4657,-0.1869,0.3365,0.2459,-0.0195,-0.1161,-0.117,-0.0855,-0.0811,-0.1439,-0.2686,-0.4405,-0.6468,-0.8491,-0.9809,-1.0087,-0.9628,-0.8905,-0.5976,-0.6143,-0.636,-0.6618,-0.6886,-0.7111,-0.7234,-0.7215,-0.7075,-0.6909,-0.6817,-0.6904,-0.7663,-0.7783,-0.6541,-0.5907,-0.5395,-0.7406,-1.0011,-0.5535,-0.1728,-0.0739,-0.1066,-0.0872,0.0234,0.1807,0.2101,0.044,-0.1937,-0.4665,-0.7945,-1.1297,-1.3154,-1.2858,-1.1493,-1.0069,-0.6041,-0.6183,-0.635,-0.653,-0.6703,-0.6836,-0.6903,-0.6891,-0.6818,-0.6732,-0.6684,-0.6736,-0.6921,-0.7059,-0.7928,-0.8402,-0.6717,-0.7426,-0.8507,-0.5874,-0.3984,-0.2636,-0.1804,-0.0658,0.175,0.569,0.651,0.2481,-0.1306,-0.4931,-0.9562,-1.4813,-1.7281,-1.5799,-1.3164,-1.0986,-0.6056,-0.617,-0.6296,-0.6423,-0.6536,-0.6619,-0.6658,-0.665,-0.6608,-0.6554,-0.6518,-0.6528,-0.6609,-0.688,-0.7716,-0.795,-0.669,-0.6143,-0.5455,-0.5081,-0.4405,-0.3237,-0.2189,-0.0811,0.1773,0.6245,0.7225,0.2111,-0.1471,-0.4979,-0.9955,-1.6185,-1.8981,-1.6838,-1.3667,-1.1237,-0.6039,-0.6129,-0.6223,-0.6312,-0.6388,-0.644,-0.6463,-0.6455,-0.6424,-0.6383,-0.6348,-0.6336,-0.6374,-0.651,-0.6728,-0.6646,-0.6112,-0.5592,-0.5178,-0.4862,-0.4134,-0.3165,-0.237,-0.1413,0.0044,0.1099,-0.0197,-0.0872,-0.2336,-0.4749,-0.8425,-1.3178,-1.574,-1.4744,-1.2568,-1.0672,-0.6003,-0.6073,-0.6142,-0.6205,-0.6256,-0.6288,-0.6299,-0.6288,-0.626,-0.6221,-0.6182,-0.6151,-0.6139,-0.6146,-0.6126,-0.5968,-0.5639,-0.5247,-0.4852,-0.4363,-0.3567,-0.2668,-0.229,-0.1974,-0.135,-0.1277,-0.1974,-0.2113,-0.3355,-0.4612,-0.6548,-0.9315,-1.129,-1.15,-1.0656,-0.9596,-0.5956,-0.601,-0.6061,-0.6104,-0.6137,-0.6155,-0.6157,-0.6141,-0.6112,-0.6071,-0.6025,-0.5975,-0.5924,-0.5862,-0.576,-0.5579,-0.5308,-0.4966,-0.4552,-0.3993,-0.3179,-0.2289,-0.2099,-0.2233,-0.2066,-0.202,-0.2306,-0.3293,-0.4669,-0.4785,-0.5499,-0.7009,-0.8372,-0.8968,-0.8877,-0.8448,-0.5905,-0.5945,-0.5981,-0.601,-0.603,-0.6037,-0.6031,-0.6011,-0.5978,-0.5933,-0.5879,-0.5816,-0.574,-0.5644,-0.5512,-0.5327,-0.5078,-0.4764,-0.4371,-0.3862,-0.3218,-0.2605,-0.2403,-0.2488,-0.2517,-0.2618,-0.3031,-0.3981,-0.4842,-0.4824,-0.5119,-0.5947,-0.6824,-0.7388,-0.7569,-0.7479]}]