docs/data/wind_grid.json
[{"header":{"la1":42.85,"la2":41.18,"lo1":11.55,"lo2":14.05,"nx":36,"ny":24,"dx":0.07143,"dy":0.07261,"parameterCategory":2,"parameterNumber":2,"parameterNumberName":"eastward_wind","parameterUnit":"m.s-1"},"data":[2.9344,2.9239,2.9082,2.8872,2.862,2.834,2.8054,2.778,2.7528,2.7301,2.7091,2.6887,2.6677,2.6447,2.6176,2.5839,2.54,2.4818,2.4068,2.3172,2.2244,2.1473,2.1037,2.0987,2.1236,2.164,2.2077,2.2481,2.2823,2.3099,2.3316,2.3485,2.3616,2.3717,2.3796,2.3858,2.9677,2.9578,2.9404,2.9154,2.8839,2.8484,2.8124,2.7793,2.7508,2.7271,2.7067,2.6878,2.6687,2.6478,2.6231,2.5911,2.5461,2.4796,2.3823,2.2518,2.1046,1.9811,1.9227,1.9377,1.9994,2.076,2.1476,2.2068,2.253,2.288,2.3141,2.3335,2.348,2.3589,2.3672,2.3737,3.0092,3.0013,2.9829,2.9526,2.9117,2.8642,2.8163,2.7743,2.7418,2.7181,2.7,2.6841,2.6683,2.6513,2.6316,2.606,2.5667,2.4987,2.378,2.1828,1.9288,1.7063,1.6275,1.6999,1.8398,1.9776,2.0881,2.1697,2.2281,2.2695,2.299,2.32,2.3352,2.3464,2.3547,2.3612,3.0613,3.0587,3.0411,3.0045,2.9495,2.8824,2.8142,2.7573,2.7197,2.6992,2.687,2.6764,2.6651,2.6532,2.6415,2.6288,2.6086,2.5599,2.4326,2.1479,1.6765,1.2182,1.1243,1.3626,1.6575,1.8858,2.0411,2.1435,2.2111,2.2564,2.2872,2.3084,2.3233,2.334,2.3419,2.348,3.1269,3.1361,3.1247,3.0824,3.0064,2.9065,2.8019,2.7173,2.6736,2.6651,2.6662,2.6637,2.6574,2.6507,2.6482,2.6547,2.6727,2.6888,2.6256,2.2735,1.4071,0.3843,0.3524,0.9917,1.5175,1.8364,2.0234,2.1355,2.2051,2.2495,2.2788,2.2984,2.3118,2.3213,2.3283,2.3337,3.2072,3.2405,3.2489,3.2066,3.1005,2.9476,2.7809,2.6417,2.5898,2.6146,2.6392,2.6463,2.6437,2.6392,2.6428,2.6692,2.7395,2.8826,3.0512,2.7896,1.5584,-0.13,-0.0497,0.9237,1.5431,1.8702,2.0476,2.1491,2.2099,2.248,2.2726,2.2889,2.2999,2.3075,2.3131,2.3176,3.2983,3.375,3.434,3.413,3.2631,3.0293,2.782,2.5702,2.5064,2.5728,2.6122,2.6247,2.6226,2.6127,2.6116,2.6471,2.756,3.0092,3.4664,3.3725,2.3166,1.2123,0.989,1.4185,1.7764,1.9876,2.1079,2.1782,2.2212,2.2485,2.2664,2.2783,2.2862,2.2916,2.2956,2.2991,3.3844,3.5216,3.6838,3.7419,3.5156,3.1612,2.8494,2.6271,2.5504,2.56,2.5782,2.5968,2.5945,2.5649,2.5328,2.5564,2.6776,2.9002,3.1734,3.1123,2.8188,2.4969,2.1228,2.0246,2.0701,2.1311,2.1767,2.2081,2.2301,2.2458,2.2569,2.2643,2.269,2.2721,2.2744,2.2769,3.4372,3.6154,3.8825,4.0805,3.7379,3.2756,2.9216,2.67,2.5109,2.4498,2.4961,2.5615,2.569,2.4954,2.36,2.3323,2.5177,2.7361,2.8902,2.9813,3.2161,3.0997,2.6413,2.3792,2.2726,2.2325,2.2195,2.2195,2.2259,2.2339,2.2404,2.2446,2.2466,2.2475,2.2482,2.2499,3.4392,3.5982,3.7966,3.9039,3.6806,3.3093,2.9392,2.5855,2.1834,2.0432,2.3229,2.5353,2.5744,2.4467,2.0368,1.8147,2.3363,2.6717,2.8295,2.9387,3.0984,3.0246,2.7282,2.4927,2.3415,2.2511,2.2068,2.1948,2.1992,2.2079,2.2146,2.2174,2.2172,2.2159,2.2152,2.2163,3.4039,3.5305,3.6762,3.8316,3.757,3.3343,2.9583,2.5586,1.6319,1.1632,2.1568,2.5727,2.6406,2.536,2.1222,1.8141,2.422,2.7707,2.9017,2.9173,2.9031,2.8238,2.6552,2.4581,2.2796,2.1579,2.1118,2.1193,2.1448,2.1668,2.1787,2.1816,2.1791,2.1752,2.1729,2.1739,3.3487,3.4524,3.5935,3.7743,3.69,3.2891,3.0276,2.8745,2.2993,1.8145,2.4188,2.7231,2.7476,2.6877,2.5299,2.5378,2.7603,3.0872,3.1741,3.0199,2.8795,2.7465,2.5706,2.3325,2.0675,1.8984,1.9001,1.9865,2.067,2.1152,2.135,2.1365,2.1295,2.1217,2.1177,2.1196,3.281,3.3512,3.4288,3.476,3.3875,3.2041,3.118,2.9407,3.1742,2.7726,2.8125,2.9583,2.9198,2.5898,2.4684,2.7267,2.947,3.6042,3.6321,3.1441,2.902,2.7242,2.5019,2.1493,1.6618,1.3843,1.557,1.822,1.9886,2.0654,2.0871,2.0804,2.0637,2.0494,2.0439,2.049,3.2116,3.2502,3.2788,3.2758,3.2239,3.1633,3.1858,3.3927,3.2902,3.0241,3.0126,3.1595,3.2094,3.2091,2.8255,2.6689,2.8905,3.3052,3.3737,3.0894,2.8902,2.7231,2.4826,2.0308,1.2634,0.8277,1.2741,1.7292,1.953,2.0322,2.0363,2.0067,1.9713,1.9475,1.9426,1.9558,3.1505,3.1697,3.1782,3.1691,3.1447,3.1258,3.1393,3.1699,3.1335,3.0892,3.1162,3.152,3.1723,3.2826,2.9341,2.6837,3.4976,3.1785,3.0828,2.9688,2.8648,2.756,2.5473,2.1498,1.5195,1.1522,1.4693,1.827,1.9915,2.0201,1.9741,1.8988,1.8317,1.7969,1.8,1.8321,3.101,3.1108,3.1131,3.1069,3.0956,3.0879,3.0894,3.0941,3.0989,3.1422,3.2524,3.2635,3.2044,3.1374,3.0325,3.1018,3.3938,3.1284,2.9726,2.897,2.8837,2.8329,2.6514,2.3862,2.0751,1.893,1.9521,2.0613,2.0841,2.0134,1.8779,1.7233,1.6068,1.5666,1.5978,1.6707,3.0622,3.0677,3.0687,3.0655,3.0605,3.0574,3.0589,3.0667,3.0886,3.1451,3.2342,3.2177,3.2094,3.199,3.0663,3.0358,3.0358,2.937,2.8409,2.8379,2.8844,2.8449,2.7048,2.5563,2.4384,2.3862,2.37,2.3151,2.1905,1.989,1.7146,1.4236,1.2324,1.2125,1.3193,1.4713,3.0314,3.0352,3.0362,3.0351,3.0334,3.0333,3.0369,3.0469,3.0676,3.1015,3.1345,3.1459,3.1872,3.1813,3.0323,2.9651,2.913,2.7698,2.639,2.7525,2.7964,2.774,2.708,2.6545,2.6724,2.7654,2.765,2.5724,2.2931,1.9387,1.4618,0.9317,0.629,0.7045,0.9754,1.2556,3.0064,3.0093,3.0107,3.0109,3.0112,3.0127,3.0171,3.0259,3.0401,3.0582,3.0737,3.0815,3.0818,3.0398,2.9385,2.9047,2.8744,2.7625,2.6891,2.7512,2.757,2.7313,2.6979,2.7048,2.8406,3.1715,3.2406,2.8051,2.368,1.8861,1.1823,0.3008,-0.14,0.1505,0.661,1.0829,2.9853,2.9879,2.9894,2.9904,2.9915,2.9935,2.9974,3.0037,3.0122,3.0212,3.0271,3.026,3.0124,2.976,2.9236,2.9003,2.8634,2.8012,2.7833,2.7919,2.745,2.6947,2.6643,2.69,2.8439,3.2274,3.3163,2.7712,2.3568,1.8814,1.1114,0.0487,-0.4639,-0.0502,0.5627,1.0326,2.9671,2.9693,2.9709,2.9721,2.9733,2.9751,2.9778,2.9816,2.9858,2.989,2.9891,2.9832,2.9685,2.9437,2.9143,2.8858,2.8475,2.8034,2.7779,2.7614,2.7002,2.6197,2.5808,2.6058,2.6736,2.7066,2.5277,2.4511,2.2706,1.9365,1.3706,0.5834,0.1413,0.3414,0.7637,1.1336,2.9508,2.9527,2.9541,2.9552,2.9561,2.9573,2.9587,2.9602,2.9613,2.9608,2.9574,2.9494,2.9355,2.9158,2.8916,2.863,2.8282,2.7897,2.7523,2.7035,2.6085,2.4721,2.4268,2.4943,2.529,2.4565,2.3185,2.3097,2.1526,1.9788,1.69,1.256,0.9433,0.9338,1.1123,1.3289,2.936,2.9375,2.9386,2.9393,2.9398,2.9401,2.9402,2.94,2.9388,2.9359,2.9303,2.9211,2.9076,2.8896,2.8672,2.8399,2.8071,2.7688,2.7224,2.6541,2.5356,2.3666,2.3225,2.426,2.4608,2.4082,2.3226,2.1732,1.9607,1.9537,1.8694,1.6553,1.4592,1.3888,1.435,1.5387,2.9222,2.9233,2.924,2.9242,2.9241,2.9236,2.9226,2.9209,2.9181,2.9135,2.9065,2.8966,2.8831,2.8657,2.8442,2.818,2.7865,2.7483,2.6998,2.6324,2.5363,2.4301,2.3969,2.4334,2.4358,2.381,2.2771,2.0995,1.9358,1.9528,1.9457,1.8497,1.7391,1.6762,1.6753,1.7189]},{"header":{"la1":42.85,"la2":41.18,"lo1":11.55,"lo2":14.05,"nx":36,"ny":24,"dx":0.07143,"dy":0.07261,"parameterCategory":2,"parameterNumber":3,"parameterNumberName":"northward_wind","parameterUnit":"m.s-1"},"data":[0.9903,0.9859,0.9845,0.9866,0.9924,1.0024,1.0181,1.0411,1.0729,1.1138,1.1624,1.2161,1.2727,1.3305,1.3887,1.4471,1.5056,1.5634,1.6193,1.6714,1.7158,1.7473,1.7612,1.7575,1.7412,1.719,1.6963,1.6761,1.6594,1.6465,1.6367,1.6296,1.6244,1.6207,1.6181,1.6163,0.9531,0.9454,0.9412,0.9406,0.9435,0.9501,0.9623,0.9836,1.0178,1.0659,1.1252,1.1909,1.2588,1.3267,1.3944,1.4626,1.5317,1.6013,1.6707,1.7382,1.799,1.8423,1.856,1.8393,1.8042,1.7645,1.7284,1.6992,1.677,1.6606,1.6489,1.6407,1.6349,1.631,1.6283,1.6264,0.9111,0.8992,0.8916,0.888,0.887,0.8876,0.8918,0.9066,0.9416,1.0006,1.077,1.1604,1.2431,1.323,1.4012,1.4802,1.562,1.6464,1.7324,1.8214,1.912,1.982,1.9956,1.9506,1.8801,1.8126,1.759,1.7197,1.6919,1.6728,1.6598,1.651,1.6452,1.6413,1.6388,1.637,0.8633,0.8458,0.8341,0.8277,0.8231,0.8147,0.8019,0.798,0.8288,0.9068,1.0141,1.1252,1.2275,1.3204,1.4089,1.4993,1.5967,1.7005,1.8052,1.9171,2.0607,2.1992,2.2113,2.0974,1.9618,1.8555,1.7825,1.7342,1.7027,1.6822,1.669,1.6606,1.6552,1.6518,1.6497,1.6482,0.8085,0.7828,0.7657,0.7581,0.7532,0.7351,0.6898,0.6359,0.6468,0.7669,0.9359,1.0904,1.2161,1.3212,1.4175,1.5178,1.6344,1.7697,1.8986,2.0098,2.2174,2.5256,2.5185,2.2506,2.0214,1.8775,1.7914,1.7396,1.708,1.6887,1.6768,1.6696,1.6654,1.6629,1.6614,1.6604,0.746,0.7068,0.6803,0.6733,0.6784,0.6609,0.5695,0.3983,0.3435,0.5723,0.8589,1.0693,1.2164,1.3291,1.4277,1.531,1.6656,1.858,2.0596,2.1049,2.2379,2.7129,2.6731,2.2752,2.0076,1.8612,1.7805,1.7347,1.7081,1.6927,1.6837,1.6788,1.6762,1.675,1.6744,1.6739,0.6775,0.6163,0.5694,0.5601,0.5929,0.611,0.5089,0.1981,0.0273,0.4379,0.8425,1.0828,1.236,1.3495,1.444,1.536,1.663,1.8984,2.2521,2.2283,2.0234,2.2138,2.2546,2.0612,1.9013,1.8062,1.7525,1.7223,1.7054,1.696,1.6912,1.6891,1.6886,1.6889,1.6893,1.6894,0.6098,0.5194,0.4361,0.4073,0.4822,0.5843,0.581,0.3986,0.3075,0.6262,0.939,1.1365,1.275,1.3886,1.4842,1.5521,1.6185,1.7621,1.9787,1.9058,1.5844,1.5842,1.7391,1.7825,1.7631,1.7378,1.7201,1.7097,1.7041,1.7015,1.701,1.7019,1.7035,1.7054,1.7068,1.7075,0.5551,0.4402,0.3346,0.2903,0.372,0.5576,0.7024,0.75,0.8018,0.9323,1.0752,1.2028,1.3213,1.4494,1.5917,1.6515,1.5975,1.58,1.5937,1.4513,1.0862,1.1584,1.4534,1.6022,1.6621,1.6875,1.6998,1.7061,1.7095,1.7122,1.7151,1.7185,1.7222,1.7256,1.728,1.7291,0.5214,0.3827,0.2594,0.208,0.2196,0.5095,0.8042,0.9671,1.0494,1.0988,1.1622,1.2519,1.355,1.5034,1.8169,1.9821,1.6355,1.4498,1.3899,1.3178,1.1672,1.2072,1.3979,1.5375,1.6237,1.6763,1.7058,1.72,1.7265,1.7307,1.7352,1.7404,1.7459,1.7507,1.7539,1.7551,0.5159,0.3364,0.0519,-0.4369,-0.3111,0.4486,0.9333,1.1285,1.1367,1.1168,1.1974,1.2818,1.3702,1.4775,1.754,1.9711,1.5176,1.266,1.1982,1.2313,1.2683,1.3275,1.4342,1.5501,1.6498,1.7183,1.7505,1.7582,1.7577,1.7581,1.762,1.7685,1.7759,1.7822,1.7862,1.787,0.5557,0.3744,0.0691,-0.3689,-0.2036,0.6176,1.1543,1.3482,1.2804,1.1919,1.2404,1.3043,1.3916,1.5149,1.435,1.386,1.1916,0.8982,0.8455,1.0597,1.2328,1.3546,1.4739,1.61,1.7482,1.8364,1.8475,1.8228,1.8011,1.7927,1.7952,1.8039,1.8142,1.8226,1.827,1.8266,0.6426,0.5188,0.363,0.2602,0.459,0.9326,1.348,1.4354,1.5588,1.3247,1.274,1.3238,1.3747,1.477,1.298,1.1264,0.9505,0.3186,0.3066,0.9108,1.1982,1.3632,1.5119,1.7011,1.934,2.0629,1.9992,1.9018,1.8475,1.8303,1.8345,1.8485,1.864,1.8754,1.8797,1.8766,0.7502,0.6896,0.646,0.6726,0.8313,1.0952,1.3721,1.6343,1.5541,1.3052,1.2381,1.3501,1.392,1.3111,1.1135,0.78,0.8718,0.6926,0.6479,1.0114,1.2389,1.3837,1.5362,1.7669,2.1129,2.2982,2.1219,1.9531,1.8806,1.8661,1.8807,1.9067,1.9316,1.9469,1.9495,1.9403,0.8514,0.8308,0.8344,0.8838,0.9907,1.136,1.2776,1.3597,1.3023,1.154,1.0672,1.1376,1.1838,1.0868,1.0299,0.7265,1.2211,1.1014,1.1146,1.2255,1.3098,1.3887,1.5248,1.7327,2.0159,2.1718,2.0575,1.9359,1.8917,1.9008,1.9394,1.9881,2.0284,2.0478,2.0438,2.022,0.9345,0.9332,0.9506,0.9934,1.0606,1.1379,1.1996,1.2127,1.1438,0.9621,0.6282,0.9598,1.0711,1.1349,1.119,1.1266,1.2686,1.3031,1.3915,1.3899,1.2649,1.3172,1.4932,1.6595,1.8166,1.9081,1.904,1.8814,1.8921,1.9419,2.0219,2.1102,2.1752,2.1952,2.1728,2.1256,0.9991,1.0054,1.0238,1.0555,1.0967,1.1372,1.1617,1.1517,1.0861,0.932,0.688,0.9009,1.1204,1.1807,1.2063,1.2644,1.389,1.6365,1.8315,1.6328,1.2782,1.334,1.5157,1.6352,1.7222,1.7759,1.8047,1.837,1.896,1.9968,2.1425,2.3021,2.4069,2.4131,2.3451,2.2503,1.0489,1.0573,1.0731,1.0955,1.121,1.143,1.1527,1.1408,1.1001,1.0337,0.9908,1.059,1.1659,1.2082,1.2899,1.3883,1.5975,2.1724,2.7201,2.1032,1.6974,1.586,1.6118,1.6585,1.6991,1.7209,1.7447,1.8035,1.9023,2.0613,2.3076,2.5983,2.7663,2.7172,2.5533,2.383,1.088,1.0963,1.1092,1.1253,1.142,1.1554,1.1608,1.1548,1.1375,1.1175,1.1169,1.1528,1.2093,1.2791,1.3827,1.4242,1.6515,2.1825,2.554,2.3207,1.9978,1.7789,1.6996,1.6904,1.6983,1.6773,1.6767,1.7738,1.9064,2.1133,2.4768,2.965,3.2147,3.0435,2.7412,2.4883,1.1196,1.1273,1.1378,1.15,1.1622,1.1722,1.1778,1.1783,1.1755,1.1756,1.1877,1.2179,1.266,1.3331,1.4049,1.4523,1.6554,2.0236,2.4732,2.6318,2.1451,1.848,1.7302,1.7054,1.7113,1.6786,1.6707,1.7987,1.9185,2.1189,2.5181,3.1097,3.402,3.1611,2.8003,2.5199,1.1461,1.1532,1.1621,1.1721,1.1822,1.1911,1.1982,1.2037,1.2093,1.2188,1.2367,1.2665,1.3098,1.3661,1.4304,1.5131,1.6704,1.9216,2.2241,2.2976,2.0135,1.7727,1.6784,1.687,1.7374,1.8021,1.9002,1.9065,1.9355,2.0679,2.3624,2.8016,3.0521,2.9331,2.6829,2.4613,1.1689,1.1755,1.1836,1.1925,1.2017,1.2107,1.2194,1.2282,1.2387,1.2529,1.2737,1.3031,1.3427,1.3928,1.4544,1.5357,1.6508,1.7959,1.9221,1.927,1.7744,1.5788,1.522,1.6181,1.7372,1.8678,1.9921,1.9519,1.9314,1.9905,2.1551,2.4057,2.5844,2.5864,2.478,2.3463,1.189,1.1954,1.203,1.2114,1.2204,1.2299,1.2398,1.2508,1.264,1.2807,1.3026,1.3313,1.3677,1.4128,1.4679,1.5355,1.6162,1.6993,1.7547,1.7404,1.6298,1.4504,1.4032,1.5567,1.7089,1.8286,1.9033,1.9107,1.9086,1.9279,2.0183,2.1602,2.278,2.3176,2.2871,2.2219,1.2071,1.2134,1.2208,1.2291,1.2381,1.248,1.2589,1.2712,1.2858,1.3036,1.3257,1.353,1.3864,1.4264,1.4734,1.5271,1.5846,1.6368,1.6677,1.6588,1.5997,1.5129,1.4938,1.5826,1.6936,1.7857,1.8493,1.8873,1.9044,1.913,1.9597,2.0372,2.1086,2.1456,2.1436,2.1142]}]