docs/data/wind_grid.json
[{"header":{"la1":42.85,"la2":41.18,"lo1":11.55,"lo2":14.05,"nx":36,"ny":24,"dx":0.07143,"dy":0.07261,"parameterCategory":2,"parameterNumber":2,"parameterNumberName":"eastward_wind","parameterUnit":"m.s-1"},"data":[3.5435,3.5441,3.545,3.5458,3.5461,3.5453,3.5425,3.5369,3.5275,3.5136,3.4947,3.4707,3.4414,3.4067,3.3658,3.3176,3.26,3.1908,3.1088,3.0175,2.9275,2.8566,2.821,2.8249,2.8594,2.9099,2.9644,3.0156,3.0604,3.0981,3.1292,3.1546,3.1753,3.1922,3.2061,3.2177,3.5445,3.546,3.548,3.5506,3.553,3.5547,3.5545,3.5509,3.5427,3.5288,3.5087,3.4826,3.4506,3.4129,3.3687,3.3161,3.2516,3.1693,3.063,2.9318,2.7912,2.6782,2.6309,2.6565,2.7291,2.8173,2.9012,2.973,3.0314,3.0778,3.1143,3.143,3.1656,3.1837,3.1982,3.2101,3.5439,3.546,3.5494,3.554,3.5593,3.5644,3.5679,3.5677,3.5614,3.5475,3.5257,3.4967,3.4615,3.4206,3.374,3.3197,3.2524,3.1612,3.028,2.8356,2.5974,2.3947,2.3311,2.4142,2.5645,2.7149,2.8394,2.9356,3.008,3.0623,3.1032,3.1342,3.158,3.1765,3.1911,3.2029,3.541,3.5436,3.5483,3.555,3.5639,3.5739,3.5832,3.5883,3.585,3.5707,3.5459,3.5126,3.4728,3.4283,3.3803,3.3283,3.2673,3.182,3.0351,2.7612,2.3287,1.9119,1.8364,2.0781,2.3791,2.6199,2.7913,2.9107,2.9944,3.054,3.0972,3.1289,3.1527,3.1707,3.1848,3.196,3.5352,3.5379,3.5434,3.5523,3.5652,3.5818,3.6,3.6142,3.6158,3.5997,3.5693,3.5294,3.4828,3.4328,3.3833,3.338,3.2971,3.2509,3.1466,2.8176,2.0449,1.1184,1.0978,1.7139,2.2361,2.568,2.7743,2.9066,2.9944,3.0546,3.0969,3.1272,3.1494,3.166,3.1788,3.189,3.5261,3.5284,3.5344,3.5446,3.5608,3.5852,3.6163,3.6459,3.6548,3.6327,3.5938,3.5455,3.489,3.4287,3.3742,3.337,3.3286,3.3658,3.4292,3.1941,2.1447,0.6387,0.7171,1.6401,2.2543,2.6,2.8024,2.9278,3.0092,3.064,3.1019,3.1285,3.1477,3.1618,3.1726,3.1812,3.5131,3.5154,3.5233,3.5335,3.5485,3.579,3.6239,3.6693,3.6842,3.6572,3.6157,3.5605,3.4891,3.4076,3.3354,3.3009,3.3254,3.442,3.7068,3.6298,2.7842,1.8364,1.6623,2.0943,2.4743,2.719,2.8725,2.971,3.036,3.0801,3.1103,3.1314,3.1463,3.157,3.1652,3.1719,3.4953,3.4994,3.5194,3.5351,3.531,3.5577,3.614,3.6618,3.6772,3.6699,3.6401,3.5796,3.4851,3.3577,3.2307,3.1819,3.2439,3.3723,3.5208,3.4458,3.1734,2.9117,2.6599,2.6499,2.7603,2.8743,2.9619,3.0243,3.068,3.0985,3.1195,3.1338,3.1434,3.1502,3.1554,3.16,3.4693,3.471,3.5216,3.5831,3.5056,3.5147,3.5969,3.6674,3.7091,3.7205,3.6887,3.6156,3.4907,3.2746,2.9733,2.8559,3.0547,3.2555,3.3468,3.3415,3.3763,3.3172,3.0949,2.9874,2.9796,3.0085,3.0427,3.0728,3.0966,3.1141,3.126,3.1332,3.1372,3.1395,3.1415,3.144,3.4334,3.4028,3.4033,3.4167,3.3207,3.4267,3.5854,3.7083,3.8131,3.8457,3.7724,3.6786,3.544,3.2343,2.4507,2.028,2.8011,3.1986,3.3208,3.3454,3.3601,3.3273,3.2248,3.1459,3.1064,3.0927,3.094,3.1032,3.114,3.1223,3.1266,3.127,3.1252,3.1229,3.1215,3.122,3.4011,3.3152,3.1432,2.7903,2.8633,3.3216,3.5914,3.7454,3.9514,4.0458,3.8554,3.7585,3.6814,3.4817,2.6671,2.0445,2.9245,3.2675,3.3553,3.3746,3.3646,3.3336,3.2795,3.2143,3.1541,3.1138,3.1006,3.1058,3.1151,3.1202,3.1189,3.1129,3.1047,3.0973,3.0926,3.0918,3.3974,3.2959,3.1027,2.8133,2.9065,3.3697,3.6297,3.721,3.8469,3.9431,3.8625,3.8366,3.8487,3.9203,3.6985,3.365,3.3728,3.3691,3.3659,3.4098,3.4154,3.3837,3.3214,3.2276,3.1188,3.0475,3.0453,3.0754,3.0998,3.1078,3.1019,3.088,3.072,3.0587,3.0511,3.0501,3.4283,3.3573,3.2591,3.1855,3.2832,3.5139,3.6673,3.6957,3.731,3.8191,3.8704,3.9335,3.9379,4.0306,3.9426,3.7508,3.6214,3.2615,3.2371,3.4388,3.4786,3.445,3.3565,3.1974,2.9756,2.8488,2.9183,3.0218,3.0767,3.0885,3.0744,3.0484,3.0213,3.0009,2.9912,2.9926,3.4773,3.4431,3.4134,3.4186,3.4907,3.6022,3.6834,3.7078,3.7393,3.8232,3.9032,4.047,4.056,3.5979,3.8481,3.886,3.8426,3.5498,3.4396,3.5429,3.5655,3.5222,3.4074,3.1806,2.8098,2.6058,2.803,2.9901,3.0638,3.067,3.0336,2.9863,2.9424,2.9137,2.9047,2.9134,3.5271,3.517,3.5175,3.5403,3.5904,3.6537,3.707,3.7453,3.7957,3.8723,3.9373,3.9606,3.9044,3.8933,3.878,3.9318,4.203,3.8931,3.7249,3.6878,3.6788,3.6282,3.498,3.271,2.9425,2.7581,2.8945,3.0344,3.0739,3.0423,2.9705,2.8864,2.8167,2.7799,2.7792,2.8057,3.5694,3.5723,3.5842,3.6092,3.6473,3.6923,3.7375,3.7842,3.8453,3.9335,4.0433,3.9892,3.9606,3.9266,3.9302,4.0115,4.1396,3.9655,3.8472,3.7901,3.7922,3.7483,3.6016,3.418,3.2255,3.1102,3.113,3.1317,3.0979,3.005,2.8679,2.7205,2.6111,2.5721,2.5986,2.6629,3.6029,3.6121,3.6281,3.6523,3.6843,3.7217,3.7629,3.81,3.8689,3.9466,4.0312,4.0081,4.0559,4.0888,3.9988,3.9975,4.0003,3.9772,3.9508,3.8657,3.8154,3.7785,3.6569,3.5212,3.4064,3.3348,3.2912,3.2302,3.121,2.9458,2.7027,2.4416,2.2692,2.2513,2.348,2.4851,3.6284,3.6406,3.6579,3.6808,3.709,3.7419,3.7789,3.8211,3.8694,3.9217,3.9652,3.9972,4.0814,4.1122,4.094,4.1032,4.0431,4.0657,4.1581,3.9728,3.842,3.7653,3.673,3.5737,3.5024,3.4766,3.4392,3.326,3.1441,2.8697,2.4625,1.9922,1.7207,1.7908,2.0377,2.2922,3.6475,3.661,3.6783,3.6997,3.725,3.7541,3.7866,3.8225,3.8612,3.9003,3.9369,3.9751,4.0253,4.0943,4.3069,4.4028,4.1257,4.0654,4.0977,3.9882,3.8811,3.7792,3.6848,3.5979,3.5521,3.5999,3.6052,3.4135,3.167,2.8096,2.2093,1.4211,1.0219,1.2877,1.754,2.1384,3.6616,3.6753,3.692,3.7118,3.7346,3.7603,3.7885,3.8189,3.8507,3.883,3.9157,3.9518,3.9997,4.0862,4.2651,4.3185,4.114,4.0151,3.9991,4.0006,3.8989,3.79,3.6964,3.6075,3.5511,3.6098,3.6266,3.3902,3.1689,2.8208,2.1569,1.1954,0.7265,1.1061,1.6676,2.0966,3.6716,3.6851,3.7008,3.719,3.7394,3.762,3.7864,3.8122,3.8391,3.8666,3.8951,3.927,3.9673,4.0241,4.0894,4.0964,4.028,3.9717,3.9585,3.9447,3.8698,3.7928,3.7229,3.6235,3.5089,3.4003,3.246,3.2267,3.1607,2.9255,2.4251,1.6976,1.2867,1.47,1.8569,2.1939,3.6784,3.6913,3.7059,3.7224,3.7406,3.7604,3.7815,3.8036,3.8263,3.8496,3.8736,3.8994,3.9282,3.9593,3.9831,3.9815,3.9536,3.9223,3.8998,3.8724,3.8343,3.8246,3.8071,3.678,3.4961,3.292,3.1045,3.1631,3.1926,3.0835,2.7855,2.3506,2.0432,2.0258,2.1847,2.379,3.6826,3.6947,3.7082,3.7231,3.7392,3.7565,3.7747,3.7935,3.8126,3.8319,3.8514,3.871,3.8902,3.9069,3.9162,3.9126,3.8964,3.8744,3.8514,3.828,3.8188,3.8646,3.8857,3.7293,3.5249,3.3457,3.2358,3.2389,3.2769,3.2283,3.0331,2.7621,2.5436,2.4593,2.4906,2.578,3.6848,3.696,3.7083,3.7216,3.7359,3.7509,3.7665,3.7824,3.7983,3.814,3.8293,3.8436,3.8561,3.8651,3.8682,3.8634,3.8509,3.8332,3.8131,3.795,3.7912,3.8135,3.8059,3.695,3.5401,3.4037,3.3143,3.2808,3.2898,3.2585,3.1343,2.9663,2.8195,2.7362,2.7198,2.7493]},{"header":{"la1":42.85,"la2":41.18,"lo1":11.55,"lo2":14.05,"nx":36,"ny":24,"dx":0.07143,"dy":0.07261,"parameterCategory":2,"parameterNumber":3,"parameterNumberName":"northward_wind","parameterUnit":"m.s-1"},"data":[1.4635,1.4431,1.4161,1.3828,1.3449,1.306,1.2709,1.2449,1.2313,1.2305,1.2394,1.2534,1.268,1.2804,1.2894,1.2946,1.2967,1.2964,1.2944,1.2918,1.2896,1.2889,1.2903,1.2943,1.301,1.3104,1.3219,1.3349,1.3488,1.3631,1.3771,1.3907,1.4035,1.4156,1.4267,1.4369,1.4872,1.465,1.4327,1.3896,1.3375,1.2813,1.229,1.1906,1.1735,1.1783,1.1987,1.2251,1.2501,1.2696,1.2826,1.2897,1.2922,1.2913,1.2879,1.2833,1.2792,1.277,1.2774,1.2811,1.2884,1.2992,1.3129,1.3284,1.3449,1.3614,1.3775,1.3928,1.4071,1.4203,1.4323,1.4432,1.521,1.4989,1.4616,1.4064,1.3336,1.2491,1.1662,1.1043,1.0809,1.0984,1.1415,1.1901,1.2311,1.2602,1.2781,1.2872,1.2902,1.2888,1.284,1.2766,1.2697,1.2659,1.2652,1.2675,1.2746,1.2869,1.3034,1.3221,1.3416,1.3609,1.3793,1.3964,1.4123,1.4266,1.4396,1.4511,1.5684,1.5508,1.5115,1.4428,1.3409,1.2105,1.0703,0.9591,0.9227,0.9704,1.0611,1.1489,1.2138,1.2547,1.2773,1.2878,1.2916,1.2916,1.2866,1.2747,1.2632,1.2604,1.2585,1.2554,1.2598,1.2736,1.2937,1.3165,1.3398,1.3622,1.3831,1.4022,1.4195,1.435,1.4488,1.4609,1.633,1.6289,1.596,1.5166,1.3773,1.1757,0.9287,0.7039,0.6337,0.7608,0.9547,1.1082,1.2038,1.2563,1.2816,1.2919,1.2972,1.3045,1.3076,1.2866,1.2608,1.272,1.269,1.246,1.2426,1.2587,1.2842,1.3125,1.3402,1.3661,1.3896,1.4107,1.4294,1.4459,1.4604,1.4728,1.7162,1.7418,1.7351,1.6578,1.4771,1.1804,0.7591,0.2776,0.1076,0.4501,0.847,1.0875,1.2109,1.2691,1.2922,1.2984,1.3041,1.3308,1.3796,1.3443,1.2475,1.2855,1.2779,1.2229,1.217,1.2418,1.2764,1.3117,1.3444,1.3738,1.3997,1.4225,1.4425,1.4598,1.4747,1.4874,1.8126,1.8928,1.9537,1.9123,1.6886,1.2927,0.7089,-0.1086,-0.4675,0.231,0.8325,1.1181,1.2443,1.2959,1.3097,1.3057,1.3027,1.3419,1.4839,1.4457,1.1463,1.1178,1.1469,1.1457,1.1769,1.2247,1.273,1.3165,1.3541,1.3865,1.4144,1.4385,1.4593,1.4772,1.4924,1.505,1.9016,2.0579,2.2568,2.3289,2.0275,1.5315,0.9744,0.3216,0.0555,0.5601,0.999,1.2108,1.3036,1.3355,1.3336,1.3147,1.2896,1.2802,1.3119,1.1492,0.6742,0.6272,0.861,1.026,1.1346,1.2159,1.2796,1.3302,1.3713,1.4055,1.4344,1.4593,1.4806,1.4987,1.5138,1.5261,1.9464,2.1517,2.4988,2.7754,2.309,1.7438,1.337,1.0468,0.9648,1.0919,1.2351,1.3291,1.377,1.3834,1.3579,1.3248,1.2817,1.2112,1.0773,0.6772,-0.1266,0.0204,0.6243,0.9506,1.1232,1.2296,1.3025,1.3559,1.3975,1.4316,1.4605,1.4854,1.5069,1.5249,1.5396,1.5512,1.9244,2.0862,2.3178,2.453,2.1284,1.7906,1.543,1.4093,1.3806,1.3938,1.4033,1.4325,1.4575,1.4427,1.3628,1.3147,1.2842,1.1856,1.0273,0.695,0.1701,0.2425,0.6948,0.9955,1.1693,1.2762,1.346,1.3951,1.4331,1.465,1.4929,1.5175,1.5389,1.5567,1.5707,1.5812,1.8602,1.9464,1.9962,1.9302,1.8991,1.7692,1.6314,1.5594,1.504,1.4909,1.4869,1.5122,1.555,1.5622,1.4279,1.3264,1.2762,1.1391,1.022,0.9055,0.7663,0.7807,0.9556,1.1354,1.2679,1.355,1.4093,1.4464,1.4768,1.5049,1.5316,1.5561,1.5776,1.5951,1.6082,1.6169,1.7908,1.8396,1.8699,1.8793,1.8512,1.7405,1.6872,1.6913,1.5974,1.5264,1.5325,1.5758,1.6656,1.814,1.679,1.4305,1.2202,0.9312,0.8431,0.9622,1.0319,1.0907,1.1845,1.295,1.3932,1.4562,1.4855,1.504,1.5251,1.5501,1.5766,1.6022,1.6246,1.6421,1.6539,1.6599,1.7287,1.7589,1.7807,1.7856,1.7525,1.7034,1.7202,1.7988,1.7218,1.5862,1.5639,1.6454,1.7014,1.9009,1.7633,1.4126,1.1522,0.4332,0.4019,0.9418,1.1698,1.2788,1.355,1.4335,1.5159,1.5603,1.5584,1.5585,1.5741,1.5995,1.6289,1.658,1.6828,1.7007,1.7103,1.7121,1.6748,1.6914,1.7002,1.6955,1.6763,1.663,1.6881,1.7398,1.6874,1.5576,1.5369,1.7337,1.7848,1.4454,1.4473,1.2632,1.2214,0.8581,0.7638,1.12,1.3603,1.4715,1.5066,1.5363,1.5897,1.6175,1.6016,1.6021,1.6231,1.6548,1.6916,1.7278,1.7575,1.7759,1.7815,1.7762,1.6294,1.6369,1.6381,1.6315,1.6198,1.612,1.6147,1.6097,1.5497,1.4475,1.3898,1.4355,1.4132,1.2159,1.3323,1.2405,1.4166,1.2695,1.2446,1.4457,1.7139,1.7719,1.6804,1.6194,1.6112,1.6171,1.6244,1.646,1.6787,1.7207,1.7699,1.8194,1.8578,1.8762,1.8736,1.8552,1.5922,1.594,1.5913,1.5836,1.5723,1.5595,1.543,1.5099,1.4397,1.3153,1.1274,1.2226,1.282,1.3061,1.323,1.3453,1.4069,1.3691,1.4404,1.7599,2.3516,2.2357,1.8637,1.7046,1.6619,1.6629,1.6828,1.7122,1.7493,1.8014,1.8711,1.9456,1.9999,2.0154,1.9943,1.9521,1.5619,1.5603,1.555,1.5459,1.5329,1.5155,1.4905,1.4504,1.3847,1.2797,1.1454,1.2096,1.246,1.244,1.2849,1.3083,1.3455,1.3907,1.4819,1.7936,2.4485,2.3033,1.9075,1.755,1.7327,1.76,1.7893,1.8064,1.8325,1.8942,2.0011,2.1273,2.2115,2.2127,2.1505,2.0657,1.5373,1.5335,1.5266,1.5163,1.5021,1.483,1.4569,1.4205,1.3711,1.3117,1.2651,1.2577,1.2385,1.2225,1.1857,1.1764,1.2884,1.3829,1.3881,1.5869,1.8551,1.9018,1.801,1.7603,1.8119,1.912,1.9545,1.9217,1.9125,1.9843,2.1579,2.3897,2.5274,2.4808,2.335,2.1841,1.5174,1.5122,1.5044,1.4935,1.4792,1.4606,1.4368,1.4069,1.3715,1.3346,1.304,1.2806,1.2499,1.1797,0.9327,0.8261,1.1942,1.3909,1.4523,1.5954,1.6558,1.6879,1.6963,1.7455,1.892,2.1289,2.1863,2.0273,1.9608,2.041,2.3033,2.7039,2.9155,2.7651,2.4995,2.2768,1.5014,1.4955,1.4872,1.4764,1.4627,1.4458,1.4252,1.4011,1.3745,1.3473,1.3214,1.2942,1.2543,1.1675,0.9751,0.9238,1.2033,1.4319,1.6665,1.7575,1.625,1.5855,1.6032,1.6952,1.8867,2.1663,2.2287,2.0209,1.9462,2.0261,2.3264,2.8248,3.0777,2.8667,2.5498,2.3034,1.4886,1.4823,1.4741,1.4638,1.4512,1.4362,1.4188,1.3992,1.3781,1.3563,1.334,1.309,1.275,1.223,1.1629,1.1732,1.2908,1.4397,1.5879,1.6329,1.5395,1.4509,1.4494,1.5751,1.7709,1.9316,1.9496,1.9141,1.8681,1.9222,2.1603,2.546,2.7681,2.6635,2.4437,2.2497,1.4785,1.4722,1.4643,1.4548,1.4435,1.4304,1.4157,1.3996,1.3825,1.3649,1.3466,1.3269,1.3044,1.2804,1.2665,1.2856,1.3446,1.4211,1.4823,1.4823,1.3813,1.1946,1.1502,1.3808,1.6427,1.8262,1.9191,1.857,1.7222,1.7378,1.9148,2.1675,2.3414,2.35,2.2582,2.1452,1.4705,1.4645,1.4571,1.4485,1.4385,1.4272,1.4148,1.4015,1.3877,1.3736,1.3595,1.3454,1.3321,1.3223,1.3219,1.338,1.3702,1.4066,1.4259,1.396,1.2663,1.0067,0.929,1.2386,1.5368,1.7169,1.7807,1.6696,1.4686,1.5265,1.7173,1.9114,2.0497,2.1013,2.0834,2.0319,1.4644,1.4587,1.452,1.4442,1.4355,1.4258,1.4155,1.4046,1.3935,1.3825,1.372,1.3624,1.355,1.3514,1.3546,1.3661,1.3841,1.4007,1.4026,1.3694,1.2756,1.1335,1.1072,1.2863,1.4906,1.6205,1.6531,1.5642,1.4334,1.4853,1.6375,1.7806,1.8849,1.9401,1.9513,1.9338]}]