docs/data/wind_grid.json
[{"header":{"la1":42.85,"la2":41.18,"lo1":11.55,"lo2":14.05,"nx":36,"ny":24,"dx":0.07143,"dy":0.07261,"parameterCategory":2,"parameterNumber":2,"parameterNumberName":"eastward_wind","parameterUnit":"m.s-1"},"data":[-0.6286,-0.6379,-0.6474,-0.6572,-0.6668,-0.6754,-0.6819,-0.6847,-0.6832,-0.678,-0.671,-0.6651,-0.6627,-0.6653,-0.6731,-0.6854,-0.7,-0.7137,-0.7231,-0.7252,-0.7191,-0.7058,-0.6878,-0.6674,-0.6466,-0.6268,-0.6086,-0.5923,-0.5779,-0.5653,-0.5543,-0.5448,-0.5365,-0.5293,-0.523,-0.5174,-0.6389,-0.6499,-0.6616,-0.6743,-0.6876,-0.7007,-0.7114,-0.7165,-0.7139,-0.7041,-0.6907,-0.6789,-0.6731,-0.6756,-0.6868,-0.7058,-0.7295,-0.7527,-0.7691,-0.7733,-0.7638,-0.7434,-0.717,-0.6887,-0.6615,-0.6366,-0.6148,-0.5958,-0.5796,-0.5658,-0.554,-0.5439,-0.5353,-0.5279,-0.5215,-0.516,-0.65,-0.6629,-0.6771,-0.6933,-0.7121,-0.7327,-0.7518,-0.763,-0.7597,-0.7415,-0.716,-0.6936,-0.6817,-0.6835,-0.6995,-0.7285,-0.7671,-0.8071,-0.8362,-0.8432,-0.826,-0.7922,-0.7518,-0.712,-0.6762,-0.6454,-0.6195,-0.5979,-0.58,-0.5651,-0.5527,-0.5422,-0.5335,-0.526,-0.5197,-0.5142,-0.6622,-0.677,-0.6936,-0.7136,-0.7393,-0.772,-0.8084,-0.835,-0.8334,-0.7986,-0.7493,-0.708,-0.6864,-0.6868,-0.7089,-0.7523,-0.8147,-0.8854,-0.9393,-0.9496,-0.914,-0.8542,-0.7912,-0.7353,-0.689,-0.6517,-0.6219,-0.5979,-0.5786,-0.563,-0.5502,-0.5397,-0.5309,-0.5236,-0.5174,-0.5122,-0.6759,-0.6926,-0.7109,-0.7336,-0.7662,-0.8159,-0.8848,-0.951,-0.9601,-0.889,-0.7909,-0.7181,-0.6832,-0.6821,-0.7114,-0.7725,-0.8703,-0.9973,-1.1036,-1.1157,-1.0353,-0.9265,-0.8298,-0.7543,-0.6971,-0.6538,-0.6208,-0.5952,-0.5752,-0.5593,-0.5465,-0.5362,-0.5277,-0.5207,-0.5148,-0.5098,-0.6922,-0.7112,-0.7303,-0.7526,-0.7871,-0.852,-0.9698,-1.1257,-1.175,-1.0181,-0.8282,-0.7137,-0.6668,-0.6664,-0.7025,-0.7796,-0.9178,-1.1346,-1.3483,-1.3532,-1.1754,-0.991,-0.8558,-0.7624,-0.6969,-0.6499,-0.6154,-0.5894,-0.5695,-0.554,-0.5417,-0.5319,-0.5239,-0.5174,-0.5119,-0.5074,-0.7128,-0.7361,-0.7564,-0.774,-0.7982,-0.8571,-1.0028,-1.269,-1.3939,-1.1006,-0.8147,-0.6781,-0.6329,-0.6389,-0.6806,-0.7625,-0.9174,-1.2039,-1.5429,-1.5308,-1.2465,-1.0074,-0.8531,-0.7532,-0.6859,-0.639,-0.6053,-0.5805,-0.5618,-0.5473,-0.5359,-0.5269,-0.5197,-0.5138,-0.5089,-0.5049,-0.7394,-0.7727,-0.8,-0.8124,-0.8108,-0.8236,-0.9063,-1.0943,-1.174,-0.9231,-0.6994,-0.6039,-0.5829,-0.6044,-0.6535,-0.7261,-0.8495,-1.0758,-1.345,-1.354,-1.1428,-0.9491,-0.8156,-0.7256,-0.6642,-0.6216,-0.5913,-0.5692,-0.5526,-0.5397,-0.5296,-0.5217,-0.5153,-0.5102,-0.506,-0.5025,-0.7716,-0.8258,-0.878,-0.9006,-0.8643,-0.7943,-0.751,-0.741,-0.6906,-0.584,-0.5211,-0.5082,-0.5244,-0.571,-0.6435,-0.7062,-0.7756,-0.8969,-1.022,-1.0463,-0.9637,-0.8531,-0.7576,-0.6858,-0.635,-0.6,-0.5753,-0.5571,-0.543,-0.5319,-0.5232,-0.5165,-0.5112,-0.5069,-0.5035,-0.5005,-0.8027,-0.8896,-0.9999,-1.0856,-1.0209,-0.8215,-0.6492,-0.5031,-0.3256,-0.2496,-0.3431,-0.4179,-0.4617,-0.5321,-0.6797,-0.7555,-0.7542,-0.8366,-0.9072,-0.91,-0.8539,-0.7741,-0.6992,-0.6421,-0.6036,-0.5785,-0.5607,-0.5465,-0.5346,-0.5249,-0.5174,-0.5118,-0.5075,-0.5042,-0.5016,-0.4992,-0.8173,-0.9324,-1.1126,-1.3264,-1.2643,-0.8751,-0.6064,-0.4129,-0.0519,0.1178,-0.2203,-0.359,-0.3909,-0.4326,-0.6161,-0.7463,-0.7698,-0.9302,-1.01,-0.9451,-0.8289,-0.7233,-0.6464,-0.5995,-0.5762,-0.5642,-0.5532,-0.5408,-0.529,-0.5196,-0.5128,-0.5081,-0.5049,-0.5025,-0.5006,-0.4988,-0.8006,-0.9109,-1.0823,-1.2815,-1.2049,-0.8158,-0.5894,-0.5065,-0.2713,-0.0883,-0.2721,-0.3489,-0.3244,-0.2668,-0.3562,-0.5749,-0.8685,-1.3355,-1.4343,-1.1172,-0.8411,-0.6749,-0.5893,-0.5597,-0.5634,-0.5705,-0.5617,-0.5436,-0.5272,-0.516,-0.5094,-0.5058,-0.5037,-0.5023,-0.5011,-0.4997,-0.7544,-0.8293,-0.9208,-0.9795,-0.8893,-0.6906,-0.5815,-0.5949,-0.5252,-0.3837,-0.3699,-0.394,-0.3263,-0.2106,-0.2603,-0.5222,-1.0172,-2.1234,-2.1375,-1.2564,-0.7917,-0.5823,-0.5103,-0.5235,-0.5832,-0.619,-0.5937,-0.5539,-0.5273,-0.5136,-0.5075,-0.5052,-0.5045,-0.5041,-0.5034,-0.5022,-0.6954,-0.7341,-0.7656,-0.7629,-0.7013,-0.613,-0.5638,-0.566,-0.5271,-0.436,-0.4066,-0.4737,-0.4463,0.1015,-0.2624,-0.5641,-0.9402,-1.5614,-1.619,-0.9823,-0.5656,-0.3966,-0.3882,-0.4767,-0.6205,-0.6896,-0.6251,-0.5578,-0.5242,-0.511,-0.5073,-0.5073,-0.5082,-0.5087,-0.5082,-0.5068,-0.6386,-0.6544,-0.6596,-0.6444,-0.6064,-0.5611,-0.5288,-0.5075,-0.4689,-0.4192,-0.4009,-0.4133,-0.298,-0.1927,-0.315,-0.7386,-1.1067,-0.9093,-0.7756,-0.4511,-0.1404,-0.0815,-0.2041,-0.3752,-0.5525,-0.634,-0.5879,-0.5369,-0.5146,-0.5089,-0.5101,-0.5133,-0.516,-0.517,-0.5162,-0.5138,-0.5904,-0.5941,-0.5896,-0.5737,-0.5477,-0.5179,-0.4902,-0.4624,-0.428,-0.3885,-0.3428,-0.5312,-0.4513,-0.3228,-0.3729,-0.6423,-0.8967,-0.5787,-0.2932,0.0128,0.4065,0.3182,-0.0018,-0.2391,-0.405,-0.4909,-0.5077,-0.5052,-0.5062,-0.5115,-0.5187,-0.5251,-0.5292,-0.5298,-0.5275,-0.5232,-0.551,-0.5487,-0.5406,-0.5258,-0.5054,-0.4819,-0.4573,-0.4315,-0.4041,-0.3762,-0.3488,-0.4255,-0.4872,-0.4858,-0.324,-0.3047,-0.2891,-0.0601,0.17,0.2587,0.4992,0.3986,0.0826,-0.1549,-0.3191,-0.4202,-0.472,-0.4967,-0.5117,-0.5242,-0.5352,-0.5438,-0.5481,-0.547,-0.5419,-0.5347,-0.5188,-0.5135,-0.504,-0.4901,-0.4724,-0.4522,-0.4306,-0.4084,-0.3872,-0.3711,-0.3675,-0.3875,-0.4568,-0.4295,-0.0693,0.1125,0.1248,0.4222,0.7186,0.4702,0.3568,0.2524,0.0654,-0.1377,-0.318,-0.4475,-0.5062,-0.5243,-0.5369,-0.5489,-0.5592,-0.567,-0.5701,-0.5663,-0.5574,-0.5467,-0.4924,-0.4853,-0.4751,-0.4618,-0.4457,-0.4275,-0.4078,-0.3877,-0.3683,-0.3513,-0.3369,-0.3197,-0.2757,-0.0776,0.5124,0.7365,0.381,0.513,0.7111,0.7013,0.4809,0.2653,0.0716,-0.1392,-0.3631,-0.5412,-0.5823,-0.5727,-0.5791,-0.5858,-0.5868,-0.5857,-0.5857,-0.5811,-0.5704,-0.5573,-0.4701,-0.4621,-0.4515,-0.4385,-0.4233,-0.4061,-0.3873,-0.3674,-0.3464,-0.3236,-0.295,-0.2486,-0.1525,0.0715,0.4845,0.6241,0.4213,0.524,0.939,1.1183,0.6407,0.3413,0.1336,-0.1025,-0.3716,-0.5718,-0.6084,-0.6308,-0.6437,-0.6418,-0.6207,-0.5952,-0.5879,-0.587,-0.5786,-0.5651,-0.4513,-0.4426,-0.4318,-0.4189,-0.404,-0.3872,-0.3686,-0.348,-0.3247,-0.2967,-0.2592,-0.2022,-0.1077,0.044,0.226,0.3175,0.3386,0.4688,0.7321,0.8137,0.5898,0.4399,0.3048,0.0292,-0.3161,-0.5897,-0.7606,-0.7602,-0.7494,-0.74,-0.6876,-0.6276,-0.6011,-0.5946,-0.5851,-0.5708,-0.4351,-0.4259,-0.415,-0.4022,-0.3874,-0.3708,-0.352,-0.3306,-0.3056,-0.275,-0.235,-0.1799,-0.1032,-0.0044,0.0984,0.1781,0.2476,0.3488,0.4684,0.5248,0.5513,0.7042,0.7202,0.2974,-0.2158,-0.6271,-0.8706,-0.8508,-0.9282,-0.9265,-0.8124,-0.7034,-0.6424,-0.6137,-0.5941,-0.5757,-0.4211,-0.4117,-0.4006,-0.3878,-0.3732,-0.3566,-0.3377,-0.3161,-0.2906,-0.2598,-0.2212,-0.1723,-0.1114,-0.0407,0.0322,0.1007,0.1688,0.2453,0.3259,0.4114,0.5802,0.9415,1.0543,0.5067,-0.0976,-0.5234,-0.7643,-0.9683,-1.2771,-1.1916,-0.9538,-0.784,-0.688,-0.6359,-0.6034,-0.5792,-0.409,-0.3994,-0.3883,-0.3756,-0.3611,-0.3447,-0.326,-0.3046,-0.2797,-0.2501,-0.2147,-0.1724,-0.123,-0.0682,-0.0111,0.0462,0.1046,0.1668,0.2362,0.3285,0.4873,0.7129,0.7411,0.3851,-0.0683,-0.4332,-0.7146,-1.0297,-1.3224,-1.2317,-0.9928,-0.8169,-0.7107,-0.6476,-0.6076,-0.5793]},{"header":{"la1":42.85,"la2":41.18,"lo1":11.55,"lo2":14.05,"nx":36,"ny":24,"dx":0.07143,"dy":0.07261,"parameterCategory":2,"parameterNumber":3,"parameterNumberName":"northward_wind","parameterUnit":"m.s-1"},"data":[-0.243,-0.2459,-0.2473,-0.2469,-0.2444,-0.2397,-0.2323,-0.2222,-0.209,-0.1927,-0.1737,-0.1525,-0.1301,-0.1074,-0.0853,-0.0643,-0.0453,-0.0289,-0.0156,-0.0058,0.0007,0.0044,0.006,0.0062,0.0053,0.0036,0.0014,-0.0012,-0.0042,-0.0075,-0.0111,-0.0148,-0.0186,-0.0224,-0.0261,-0.0298,-0.2595,-0.2639,-0.2665,-0.2672,-0.2655,-0.2612,-0.254,-0.2435,-0.2293,-0.211,-0.1889,-0.1639,-0.1373,-0.1104,-0.0841,-0.0592,-0.0366,-0.0171,-0.0019,0.0084,0.0142,0.0164,0.0163,0.0148,0.0125,0.0096,0.0064,0.0029,-0.001,-0.0051,-0.0093,-0.0137,-0.0182,-0.0226,-0.0269,-0.031,-0.2776,-0.2838,-0.288,-0.29,-0.2892,-0.2854,-0.2785,-0.268,-0.2531,-0.2329,-0.2073,-0.1775,-0.1457,-0.1136,-0.0825,-0.0528,-0.0252,-0.0013,0.0168,0.0275,0.0314,0.0307,0.0278,0.0239,0.0198,0.0156,0.0112,0.0067,0.002,-0.0029,-0.008,-0.0132,-0.0183,-0.0234,-0.0284,-0.033,-0.2974,-0.3058,-0.3121,-0.3156,-0.3157,-0.3121,-0.305,-0.2946,-0.2799,-0.2585,-0.2291,-0.1934,-0.1552,-0.1172,-0.0807,-0.0453,-0.011,0.0204,0.0436,0.0543,0.0537,0.0475,0.0401,0.0332,0.027,0.0212,0.0157,0.0101,0.0045,-0.0013,-0.0073,-0.0133,-0.0193,-0.0251,-0.0307,-0.036,-0.3189,-0.3303,-0.3392,-0.3446,-0.3454,-0.3409,-0.3313,-0.3191,-0.3059,-0.2865,-0.2542,-0.2115,-0.1656,-0.1213,-0.0797,-0.0385,0.0051,0.0496,0.0834,0.0928,0.082,0.0659,0.0522,0.0417,0.0333,0.0261,0.0194,0.0128,0.0063,-0.0005,-0.0073,-0.0142,-0.0211,-0.0278,-0.0342,-0.0401,-0.3421,-0.3575,-0.3701,-0.3782,-0.3799,-0.3728,-0.3547,-0.3307,-0.3181,-0.3115,-0.2819,-0.2313,-0.1759,-0.1257,-0.0813,-0.0364,0.0174,0.0835,0.1398,0.1447,0.1127,0.0821,0.0617,0.0482,0.0382,0.0298,0.0221,0.0147,0.0072,-0.0005,-0.0083,-0.0163,-0.0242,-0.0318,-0.039,-0.0456,-0.3668,-0.3875,-0.4054,-0.418,-0.4227,-0.4144,-0.3838,-0.3278,-0.3033,-0.3326,-0.315,-0.2529,-0.1846,-0.1299,-0.0883,-0.0461,0.013,0.099,0.1837,0.1822,0.1285,0.0889,0.0661,0.0518,0.0411,0.032,0.0235,0.0153,0.0069,-0.0016,-0.0105,-0.0196,-0.0287,-0.0375,-0.0457,-0.053,-0.3922,-0.42,-0.4453,-0.465,-0.4768,-0.4771,-0.4546,-0.3968,-0.367,-0.4044,-0.3725,-0.2788,-0.1882,-0.1325,-0.1069,-0.0788,-0.0216,0.0615,0.1382,0.1459,0.1105,0.0823,0.0648,0.0524,0.0419,0.0322,0.0231,0.0142,0.0053,-0.0041,-0.0142,-0.0247,-0.0352,-0.0454,-0.0547,-0.0628,-0.4165,-0.4532,-0.4884,-0.5169,-0.5383,-0.5597,-0.5816,-0.6,-0.6265,-0.6173,-0.4886,-0.3091,-0.1768,-0.1296,-0.1568,-0.1643,-0.0876,-0.0001,0.0589,0.0809,0.0784,0.07,0.061,0.0511,0.0403,0.0297,0.02,0.011,0.0018,-0.0083,-0.0196,-0.0318,-0.0442,-0.0562,-0.0668,-0.0758,-0.4361,-0.4826,-0.5294,-0.5651,-0.5893,-0.6384,-0.7258,-0.8556,-1.0512,-1.0633,-0.6889,-0.3251,-0.128,-0.0993,-0.2698,-0.3723,-0.1636,-0.0373,0.0156,0.0427,0.0571,0.0619,0.0585,0.0486,0.0353,0.0225,0.0125,0.0045,-0.0038,-0.0141,-0.027,-0.0416,-0.0566,-0.0708,-0.0832,-0.093,-0.4464,-0.5003,-0.5564,-0.5927,-0.6046,-0.6957,-0.86,-1.0613,-1.5388,-1.7941,-0.8673,-0.2665,-0.0144,0.0255,-0.1877,-0.3609,-0.124,-0.0397,-0.017,0.016,0.0468,0.0617,0.0598,0.0444,0.023,0.0054,-0.0031,-0.0066,-0.0116,-0.0217,-0.0367,-0.0549,-0.0738,-0.0911,-0.1054,-0.1158,-0.4431,-0.4983,-0.5558,-0.5932,-0.6175,-0.7632,-1.0104,-1.1989,-1.3174,-1.3668,-0.6296,-0.0831,0.1409,0.187,0.1461,0.0547,0.0162,-0.0954,-0.1226,-0.0258,0.0454,0.0726,0.0669,0.0363,-0.0054,-0.0326,-0.0329,-0.0232,-0.0207,-0.0301,-0.0492,-0.0734,-0.0981,-0.1197,-0.1361,-0.1466,-0.4257,-0.4764,-0.5302,-0.5803,-0.6495,-0.8195,-1.1143,-1.3972,-1.211,-0.7589,-0.232,0.1541,0.2932,0.2352,0.2524,0.2629,0.1278,-0.3298,-0.3471,-0.0524,0.0704,0.1037,0.0854,0.0245,-0.0623,-0.1086,-0.081,-0.0415,-0.0272,-0.0381,-0.0654,-0.0999,-0.1337,-0.1611,-0.1793,-0.1882,-0.3968,-0.4398,-0.4876,-0.5424,-0.6225,-0.7655,-0.9866,-1.2017,-1.0194,-0.4373,0.0441,0.3057,0.3925,0.8061,0.5097,0.5155,0.4868,0.0181,-0.1142,0.0572,0.1513,0.1705,0.1277,0.0289,-0.1194,-0.1939,-0.119,-0.0442,-0.0236,-0.0442,-0.0883,-0.1406,-0.1883,-0.2227,-0.2409,-0.2448,-0.36,-0.3937,-0.4314,-0.4754,-0.5335,-0.6139,-0.7029,-0.7176,-0.4928,-0.068,0.2804,0.4771,0.6527,0.9783,0.6741,0.9161,1.3926,0.6278,0.2531,0.2271,0.302,0.2979,0.2073,0.0873,-0.0559,-0.1302,-0.0673,-0.0043,-0.0019,-0.0489,-0.1245,-0.207,-0.2755,-0.3168,-0.3296,-0.3211,-0.3189,-0.3423,-0.3667,-0.3923,-0.4183,-0.4386,-0.4303,-0.3416,-0.1181,0.2101,0.4746,0.7762,0.7227,0.6983,0.6405,0.8439,1.1326,0.6068,0.2841,0.3148,0.5568,0.4978,0.2993,0.1771,0.0981,0.0632,0.0803,0.0875,0.0414,-0.0561,-0.1865,-0.3198,-0.4191,-0.4627,-0.4565,-0.4214,-0.2766,-0.2898,-0.3011,-0.3085,-0.3077,-0.2899,-0.2376,-0.1266,0.0573,0.2896,0.4715,0.5969,0.6836,0.69,0.5308,0.4895,0.4415,0.1817,-0.0013,0.1941,0.5792,0.5123,0.3146,0.241,0.2441,0.2782,0.2887,0.2316,0.1077,-0.071,-0.2924,-0.5135,-0.6579,-0.6858,-0.6305,-0.5451,-0.2357,-0.2402,-0.2406,-0.2343,-0.2169,-0.1812,-0.1177,-0.0177,0.1179,0.2683,0.3953,0.4943,0.6263,0.627,0.3373,0.1892,0.1051,-0.2481,-0.5859,-0.1401,0.1863,0.2659,0.2447,0.2763,0.3997,0.5699,0.6061,0.44,0.1956,-0.0949,-0.4547,-0.8282,-1.0359,-1.0002,-0.8425,-0.6775,-0.1982,-0.1959,-0.1887,-0.1739,-0.1483,-0.1076,-0.0474,0.0338,0.1316,0.2328,0.3206,0.3865,0.4171,0.3187,-0.0133,-0.1355,-0.0325,-0.246,-0.4232,-0.17,-0.0068,0.0963,0.1652,0.289,0.5564,0.9746,1.0625,0.6614,0.2737,-0.1164,-0.6319,-1.2245,-1.5043,-1.3347,-1.0325,-0.7816,-0.1651,-0.1582,-0.1462,-0.1272,-0.0991,-0.0598,-0.0077,0.056,0.1269,0.1964,0.2538,0.2875,0.2763,0.1778,-0.0226,-0.0955,-0.041,-0.1028,-0.1224,-0.1047,-0.0651,-0.0081,0.0678,0.2325,0.55,1.0369,1.1412,0.6497,0.2799,-0.1065,-0.6689,-1.3786,-1.6979,-1.4527,-1.0889,-0.8092,-0.1369,-0.1271,-0.1127,-0.0923,-0.0649,-0.0296,0.0136,0.063,0.1148,0.1629,0.1997,0.2161,0.2005,0.1436,0.0622,0.0128,-0.0098,-0.0517,-0.0873,-0.0975,-0.1128,-0.1524,-0.1218,0.0643,0.3435,0.5539,0.5036,0.4197,0.2257,-0.057,-0.4825,-1.0307,-1.3257,-1.2115,-0.9614,-0.7431,-0.1134,-0.1021,-0.0868,-0.0669,-0.0417,-0.0112,0.0241,0.0623,0.1005,0.1342,0.1584,0.1674,0.1564,0.1252,0.0831,0.0446,0.0095,-0.0298,-0.0703,-0.1197,-0.2338,-0.4484,-0.4959,-0.1988,0.1369,0.3354,0.3905,0.3299,0.1442,-0.0121,-0.2497,-0.5788,-0.8108,-0.8366,-0.74,-0.618,-0.0942,-0.0823,-0.0673,-0.0486,-0.0262,-0.0003,0.0282,0.0579,0.0864,0.1105,0.1271,0.1328,0.1258,0.1067,0.0795,0.0488,0.0152,-0.0238,-0.0741,-0.1589,-0.3435,-0.671,-0.765,-0.3833,-0.011,0.1973,0.2608,0.1639,0.0246,-0.0002,-0.1112,-0.304,-0.47,-0.5424,-0.5334,-0.4844,-0.0786,-0.0669,-0.0527,-0.0357,-0.0162,0.0056,0.0287,0.0519,0.0734,0.0912,0.103,0.107,0.1023,0.0891,0.0692,0.0441,0.0139,-0.0239,-0.0767,-0.1629,-0.3128,-0.5081,-0.5451,-0.3234,-0.0717,0.0823,0.126,0.0708,0.0081,-0.0008,-0.0629,-0.1776,-0.2888,-0.3584,-0.3813,-0.3714]}]