docs/data/wind_grid.json
[{"header":{"la1":42.85,"la2":41.18,"lo1":11.55,"lo2":14.05,"nx":36,"ny":24,"dx":0.07143,"dy":0.07261,"parameterCategory":2,"parameterNumber":2,"parameterNumberName":"eastward_wind","parameterUnit":"m.s-1"},"data":[-0.8547,-0.866,-0.8775,-0.889,-0.8995,-0.9075,-0.9103,-0.9052,-0.8902,-0.8656,-0.834,-0.7995,-0.7659,-0.736,-0.7113,-0.6921,-0.6778,-0.6675,-0.6601,-0.6544,-0.6495,-0.6449,-0.6403,-0.6355,-0.6306,-0.6257,-0.6209,-0.6163,-0.6118,-0.6077,-0.6038,-0.6003,-0.5971,-0.5942,-0.5916,-0.5893,-0.8716,-0.8859,-0.9015,-0.9184,-0.9359,-0.9519,-0.9624,-0.9616,-0.945,-0.9121,-0.8679,-0.82,-0.775,-0.737,-0.7073,-0.6858,-0.6712,-0.662,-0.656,-0.6517,-0.6478,-0.6437,-0.6391,-0.6342,-0.629,-0.6237,-0.6184,-0.6134,-0.6086,-0.6042,-0.6002,-0.5965,-0.5932,-0.5903,-0.5877,-0.5854,-0.889,-0.9067,-0.927,-0.9506,-0.9781,-1.0076,-1.0332,-1.0435,-1.0265,-0.9798,-0.914,-0.8446,-0.783,-0.7342,-0.6989,-0.6756,-0.6621,-0.6553,-0.6522,-0.65,-0.6472,-0.6434,-0.6387,-0.6332,-0.6274,-0.6215,-0.6157,-0.6102,-0.605,-0.6003,-0.5961,-0.5923,-0.5889,-0.5859,-0.5833,-0.5811,-0.907,-0.928,-0.9528,-0.9839,-1.0243,-1.0754,-1.1305,-1.1678,-1.1554,-1.0828,-0.9767,-0.872,-0.7868,-0.7248,-0.6837,-0.6602,-0.6501,-0.6486,-0.6503,-0.6509,-0.6489,-0.6447,-0.6392,-0.6328,-0.626,-0.6192,-0.6126,-0.6064,-0.6009,-0.5959,-0.5914,-0.5875,-0.5841,-0.5811,-0.5786,-0.5764,-0.9255,-0.9495,-0.9779,-1.015,-1.069,-1.15,-1.2598,-1.3627,-1.3709,-1.2423,-1.0568,-0.8958,-0.7803,-0.704,-0.6585,-0.6373,-0.6349,-0.6437,-0.6538,-0.6572,-0.6541,-0.648,-0.6407,-0.6327,-0.6245,-0.6164,-0.6088,-0.602,-0.596,-0.5907,-0.5861,-0.5822,-0.5788,-0.5758,-0.5733,-0.5712,-0.9456,-0.9723,-1.0022,-1.0408,-1.1016,-1.2111,-1.4018,-1.6489,-1.7243,-1.4647,-1.1329,-0.8989,-0.7538,-0.6658,-0.6177,-0.6025,-0.6146,-0.6429,-0.6674,-0.6711,-0.6624,-0.6526,-0.6428,-0.6327,-0.6225,-0.6129,-0.6041,-0.5965,-0.5901,-0.5847,-0.5801,-0.5761,-0.5728,-0.5699,-0.5674,-0.5654,-0.9688,-0.9997,-1.0302,-1.063,-1.1132,-1.2208,-1.4605,-1.8793,-2.0735,-1.6097,-1.1301,-0.8547,-0.6985,-0.6037,-0.5523,-0.545,-0.5795,-0.6378,-0.6825,-0.6831,-0.6686,-0.6568,-0.645,-0.6323,-0.6195,-0.6078,-0.5978,-0.5896,-0.5829,-0.5775,-0.5731,-0.5693,-0.5661,-0.5633,-0.561,-0.5591,-0.9972,-1.0376,-1.0734,-1.0973,-1.1146,-1.164,-1.3179,-1.6188,-1.7424,-1.3547,-0.9757,-0.7549,-0.616,-0.5138,-0.4452,-0.4402,-0.5088,-0.6033,-0.6639,-0.6748,-0.6705,-0.6616,-0.6475,-0.6309,-0.6146,-0.6004,-0.5891,-0.5806,-0.5741,-0.5691,-0.5651,-0.5616,-0.5586,-0.556,-0.5538,-0.5521,-1.0309,-1.092,-1.1515,-1.1814,-1.1538,-1.1004,-1.087,-1.1112,-1.0612,-0.8996,-0.7514,-0.6353,-0.5258,-0.4011,-0.262,-0.2312,-0.3836,-0.5539,-0.6486,-0.6814,-0.6855,-0.673,-0.6513,-0.6275,-0.606,-0.589,-0.5769,-0.5688,-0.5634,-0.5594,-0.5561,-0.5531,-0.5503,-0.5478,-0.5457,-0.5442,-1.063,-1.1576,-1.2765,-1.3691,-1.3046,-1.1038,-0.937,-0.8021,-0.6361,-0.5462,-0.5683,-0.5414,-0.457,-0.3058,0.0186,0.1771,-0.2429,-0.567,-0.7145,-0.7497,-0.7321,-0.6953,-0.6551,-0.6192,-0.5909,-0.5712,-0.5595,-0.5536,-0.5505,-0.5484,-0.5463,-0.5438,-0.5411,-0.5386,-0.5366,-0.5352,-1.0777,-1.2015,-1.3937,-1.6206,-1.5553,-1.146,-0.8676,-0.6856,-0.3874,-0.2509,-0.4647,-0.4927,-0.4212,-0.3051,-0.0215,0.1803,-0.3487,-0.7675,-0.9363,-0.9053,-0.8107,-0.7218,-0.6525,-0.601,-0.5649,-0.5437,-0.5353,-0.5345,-0.536,-0.5368,-0.536,-0.5338,-0.5309,-0.5281,-0.526,-0.5248,-1.0593,-1.1775,-1.3603,-1.5723,-1.4904,-1.0736,-0.8268,-0.7391,-0.5492,-0.3973,-0.4932,-0.4888,-0.3975,-0.2758,-0.2874,-0.3838,-0.753,-1.3146,-1.4485,-1.1541,-0.8942,-0.7317,-0.632,-0.5672,-0.5239,-0.5026,-0.5028,-0.5124,-0.5212,-0.5255,-0.5257,-0.5231,-0.5193,-0.5157,-0.5133,-0.5124,-1.0098,-1.0898,-1.1871,-1.249,-1.1508,-0.9326,-0.8036,-0.8016,-0.7432,-0.6096,-0.5567,-0.526,-0.4439,-0.2465,-0.3081,-0.5876,-1.0847,-2.1522,-2.1681,-1.3418,-0.9022,-0.6896,-0.5828,-0.5192,-0.4702,-0.4482,-0.4648,-0.4914,-0.5092,-0.5164,-0.516,-0.5113,-0.5053,-0.5002,-0.4974,-0.4971,-0.9473,-0.9884,-1.0213,-1.0169,-0.9482,-0.8479,-0.7857,-0.7784,-0.7409,-0.6452,-0.5852,-0.571,-0.5545,-0.4099,-0.496,-0.7798,-1.163,-1.6868,-1.7201,-1.1328,-0.7386,-0.559,-0.4987,-0.4715,-0.431,-0.4056,-0.4394,-0.4816,-0.5049,-0.5113,-0.5068,-0.497,-0.4867,-0.4794,-0.4765,-0.4776,-0.8879,-0.9044,-0.9092,-0.8913,-0.8482,-0.7956,-0.7559,-0.7293,-0.6886,-0.634,-0.5987,-0.5783,-0.5366,-0.5011,-0.6157,-1.0954,-1.5691,-1.2196,-1.0165,-0.6901,-0.3846,-0.3085,-0.3732,-0.429,-0.4358,-0.4258,-0.4559,-0.4941,-0.5125,-0.5111,-0.4967,-0.4769,-0.4594,-0.4493,-0.4477,-0.4525,-0.8383,-0.8422,-0.8368,-0.8189,-0.7896,-0.7556,-0.7237,-0.6932,-0.658,-0.623,-0.6036,-0.6043,-0.5992,-0.5935,-0.687,-1.0278,-1.3368,-0.9528,-0.6226,-0.2934,0.1141,0.0373,-0.234,-0.3868,-0.4535,-0.4814,-0.5087,-0.5309,-0.5334,-0.515,-0.4817,-0.4442,-0.4155,-0.4036,-0.4073,-0.4201,-0.7989,-0.7968,-0.7882,-0.7723,-0.7502,-0.7247,-0.6986,-0.6722,-0.6457,-0.6227,-0.609,-0.6194,-0.6919,-0.7317,-0.6924,-0.7499,-0.7372,-0.4812,-0.2278,-0.1031,0.1936,0.0963,-0.1961,-0.3789,-0.4872,-0.5532,-0.5876,-0.5913,-0.568,-0.5213,-0.4556,-0.3869,-0.3413,-0.3331,-0.3519,-0.3805,-0.7678,-0.763,-0.7537,-0.7398,-0.722,-0.7019,-0.6809,-0.6603,-0.6417,-0.6283,-0.6253,-0.6445,-0.716,-0.7345,-0.6681,-0.6267,-0.4749,-0.0477,0.3032,0.0231,-0.0474,-0.111,-0.2622,-0.4185,-0.5581,-0.6673,-0.7064,-0.6774,-0.6163,-0.5292,-0.4127,-0.2895,-0.2208,-0.2323,-0.2839,-0.3381,-0.7431,-0.7372,-0.728,-0.7159,-0.7012,-0.6849,-0.6682,-0.6523,-0.6389,-0.6303,-0.6294,-0.6396,-0.6584,-0.6594,-0.6619,-0.6631,-0.4399,-0.0449,0.1945,0.0636,-0.0726,-0.1909,-0.317,-0.4682,-0.6453,-0.8116,-0.8473,-0.7719,-0.6729,-0.5433,-0.3643,-0.1619,-0.0675,-0.1233,-0.2226,-0.3049,-0.7232,-0.7169,-0.7083,-0.6975,-0.6851,-0.6716,-0.658,-0.6452,-0.6345,-0.627,-0.6237,-0.6244,-0.6254,-0.6235,-0.6365,-0.6232,-0.434,-0.1592,0.0976,0.1718,-0.0443,-0.2001,-0.3263,-0.4838,-0.6833,-0.8556,-0.8878,-0.846,-0.7318,-0.5735,-0.3613,-0.112,-0.0031,-0.0848,-0.2049,-0.2966,-0.7069,-0.7005,-0.6925,-0.6829,-0.6721,-0.6606,-0.649,-0.6381,-0.6284,-0.6204,-0.614,-0.6083,-0.6009,-0.5902,-0.5736,-0.5247,-0.4015,-0.2201,-0.0332,0.0174,-0.0957,-0.1834,-0.2685,-0.4353,-0.6683,-0.8979,-1.0904,-1.0043,-0.7873,-0.611,-0.4316,-0.2322,-0.1289,-0.1658,-0.2477,-0.319,-0.6933,-0.6871,-0.6795,-0.6708,-0.6612,-0.6511,-0.6408,-0.6307,-0.6212,-0.6122,-0.6033,-0.5934,-0.5805,-0.562,-0.5325,-0.4804,-0.3954,-0.2866,-0.1887,-0.1471,-0.139,-0.0806,-0.0822,-0.3047,-0.6149,-0.95,-1.2637,-1.0739,-0.7403,-0.6042,-0.5043,-0.3847,-0.3023,-0.2911,-0.3214,-0.3605,-0.6818,-0.6757,-0.6686,-0.6606,-0.6519,-0.6426,-0.6331,-0.6235,-0.6138,-0.6039,-0.5932,-0.5807,-0.5647,-0.5428,-0.5114,-0.4661,-0.4054,-0.3357,-0.2715,-0.2183,-0.1391,0.0234,0.0745,-0.1954,-0.5234,-0.7945,-0.9359,-0.7762,-0.545,-0.5424,-0.5299,-0.4709,-0.4144,-0.3882,-0.3895,-0.4044,-0.6719,-0.666,-0.6593,-0.6518,-0.6437,-0.635,-0.626,-0.6166,-0.6068,-0.5963,-0.5845,-0.5707,-0.5535,-0.5313,-0.5022,-0.4648,-0.4194,-0.3695,-0.3192,-0.265,-0.1871,-0.0831,-0.072,-0.2447,-0.4698,-0.6422,-0.7047,-0.6216,-0.5163,-0.5266,-0.5342,-0.5066,-0.4714,-0.4475,-0.4387,-0.4409]},{"header":{"la1":42.85,"la2":41.18,"lo1":11.55,"lo2":14.05,"nx":36,"ny":24,"dx":0.07143,"dy":0.07261,"parameterCategory":2,"parameterNumber":3,"parameterNumberName":"northward_wind","parameterUnit":"m.s-1"},"data":[-0.8646,-0.8595,-0.8531,-0.8453,-0.8364,-0.8271,-0.8185,-0.8118,-0.8078,-0.8059,-0.8047,-0.8019,-0.7958,-0.7852,-0.7703,-0.7517,-0.7311,-0.7111,-0.6942,-0.6824,-0.6763,-0.6754,-0.6781,-0.6829,-0.6888,-0.6952,-0.7016,-0.708,-0.7142,-0.7204,-0.7265,-0.7325,-0.7384,-0.7441,-0.7496,-0.7549,-0.8674,-0.8616,-0.8539,-0.844,-0.832,-0.8187,-0.8061,-0.7971,-0.7936,-0.7953,-0.799,-0.8006,-0.7968,-0.7859,-0.7678,-0.7436,-0.7157,-0.688,-0.6653,-0.6513,-0.6466,-0.6494,-0.6566,-0.6657,-0.675,-0.6841,-0.6926,-0.7006,-0.7082,-0.7155,-0.7226,-0.7295,-0.7362,-0.7427,-0.7489,-0.7549,-0.8706,-0.8641,-0.855,-0.8424,-0.8256,-0.8053,-0.7846,-0.7697,-0.7665,-0.7752,-0.7891,-0.7992,-0.8001,-0.7894,-0.7673,-0.7349,-0.6953,-0.6548,-0.6224,-0.6056,-0.6053,-0.616,-0.6311,-0.6465,-0.6605,-0.6728,-0.6836,-0.6934,-0.7024,-0.7109,-0.7191,-0.727,-0.7346,-0.7419,-0.7489,-0.7554,-0.8739,-0.8671,-0.8568,-0.8412,-0.818,-0.786,-0.7487,-0.7189,-0.7139,-0.7375,-0.7724,-0.7987,-0.8076,-0.7981,-0.771,-0.7272,-0.669,-0.6053,-0.5548,-0.5354,-0.5469,-0.5738,-0.6023,-0.6267,-0.6463,-0.6621,-0.6752,-0.6866,-0.697,-0.7068,-0.716,-0.725,-0.7336,-0.7418,-0.7496,-0.7568,-0.8771,-0.8703,-0.8598,-0.8425,-0.8126,-0.7633,-0.6934,-0.6249,-0.61,-0.6684,-0.7481,-0.8024,-0.8229,-0.8151,-0.7828,-0.7249,-0.6386,-0.5321,-0.4442,-0.4247,-0.4668,-0.5248,-0.5732,-0.6084,-0.6337,-0.6527,-0.6678,-0.6807,-0.6924,-0.7033,-0.7137,-0.7237,-0.7334,-0.7426,-0.7513,-0.7593,-0.8793,-0.8728,-0.8637,-0.8478,-0.8157,-0.7494,-0.6276,-0.468,-0.4153,-0.5597,-0.7274,-0.8196,-0.8507,-0.8441,-0.8084,-0.7377,-0.6173,-0.4403,-0.2751,-0.2645,-0.3743,-0.4805,-0.5511,-0.5954,-0.6245,-0.6454,-0.6618,-0.6758,-0.6886,-0.7006,-0.7122,-0.7234,-0.7343,-0.7446,-0.7543,-0.7631,-0.8787,-0.8718,-0.8647,-0.8557,-0.8337,-0.7703,-0.613,-0.3324,-0.2032,-0.4912,-0.7548,-0.8656,-0.895,-0.8876,-0.8539,-0.7811,-0.6398,-0.3985,-0.1374,-0.1436,-0.3271,-0.4658,-0.5447,-0.5904,-0.6196,-0.6406,-0.6574,-0.6721,-0.6857,-0.6988,-0.7117,-0.7243,-0.7365,-0.7481,-0.7589,-0.7685,-0.8734,-0.862,-0.8535,-0.8536,-0.8591,-0.8408,-0.7421,-0.5291,-0.4366,-0.685,-0.8843,-0.9475,-0.9527,-0.9439,-0.9254,-0.8684,-0.7358,-0.5153,-0.2861,-0.267,-0.3933,-0.4955,-0.556,-0.593,-0.6184,-0.638,-0.6545,-0.6695,-0.6838,-0.698,-0.7124,-0.7266,-0.7405,-0.7536,-0.7656,-0.7762,-0.8622,-0.8377,-0.813,-0.8099,-0.8539,-0.9233,-0.9592,-0.9541,-0.9895,-1.0735,-1.0873,-1.0462,-1.0092,-1.0047,-1.0331,-1.016,-0.8788,-0.6942,-0.5423,-0.4859,-0.5064,-0.543,-0.5737,-0.5982,-0.6188,-0.6369,-0.653,-0.668,-0.683,-0.6985,-0.7145,-0.7308,-0.7468,-0.7617,-0.7751,-0.7866,-0.8492,-0.801,-0.73,-0.6733,-0.7483,-0.9581,-1.1468,-1.2954,-1.4626,-1.5035,-1.307,-1.1277,-1.0416,-1.045,-1.1838,-1.2618,-1.0058,-0.789,-0.6603,-0.5945,-0.5713,-0.5715,-0.5828,-0.6,-0.6192,-0.6376,-0.6536,-0.6683,-0.6834,-0.7002,-0.7185,-0.7375,-0.7561,-0.7733,-0.7883,-0.8007,-0.8451,-0.7758,-0.645,-0.4669,-0.5342,-0.9632,-1.3063,-1.5221,-1.8335,-1.9893,-1.4675,-1.1532,-1.034,-1.0217,-1.1537,-1.2642,-0.9724,-0.7644,-0.6603,-0.6066,-0.5779,-0.5686,-0.576,-0.5961,-0.6215,-0.6436,-0.6589,-0.6712,-0.6853,-0.7033,-0.7246,-0.7475,-0.7698,-0.7899,-0.8067,-0.8198,-0.8611,-0.7979,-0.6764,-0.5119,-0.6045,-1.0915,-1.4991,-1.701,-1.753,-1.7674,-1.3768,-1.1045,-1.0025,-0.9909,-0.9784,-0.9304,-0.7849,-0.6514,-0.5995,-0.5693,-0.544,-0.5359,-0.5517,-0.5892,-0.6344,-0.665,-0.6743,-0.6778,-0.6882,-0.7078,-0.7338,-0.7624,-0.7899,-0.8137,-0.8323,-0.8455,-0.895,-0.8635,-0.8178,-0.8006,-0.9452,-1.2796,-1.6374,-1.8851,-1.7531,-1.4748,-1.2051,-1.0314,-0.9724,-0.9899,-0.9469,-0.7632,-0.595,-0.5682,-0.5645,-0.5144,-0.4764,-0.4693,-0.5058,-0.5817,-0.6729,-0.7193,-0.7048,-0.6863,-0.6902,-0.7133,-0.7474,-0.785,-0.82,-0.8483,-0.8683,-0.8802,-0.9324,-0.9318,-0.9419,-0.9917,-1.1214,-1.331,-1.5685,-1.7508,-1.6485,-1.3279,-1.097,-0.9916,-0.9679,-0.8877,-0.8012,-0.4717,-0.1989,-0.3965,-0.4724,-0.4145,-0.3475,-0.3412,-0.42,-0.5568,-0.718,-0.7876,-0.7308,-0.6853,-0.6868,-0.7197,-0.7683,-0.8203,-0.866,-0.8995,-0.9191,-0.9268,-0.9611,-0.9771,-1.0074,-1.0643,-1.1571,-1.278,-1.396,-1.4491,-1.3527,-1.1602,-1.0212,-0.949,-0.8847,-0.8051,-0.6715,0.1329,0.9942,0.0752,-0.2784,-0.2391,-0.0677,-0.078,-0.2667,-0.472,-0.6531,-0.7326,-0.6889,-0.6547,-0.6728,-0.7284,-0.8023,-0.8773,-0.9382,-0.9761,-0.991,-0.9888,-0.9769,-0.998,-1.0294,-1.0749,-1.1337,-1.1962,-1.2405,-1.2349,-1.159,-1.0494,-0.991,-0.9155,-0.8898,-0.8183,-0.623,0.0284,0.6151,0.0048,-0.2765,-0.0588,0.5017,0.3673,-0.0852,-0.3551,-0.5012,-0.5641,-0.5697,-0.5853,-0.6453,-0.7427,-0.8592,-0.9716,-1.0538,-1.0918,-1.0915,-1.069,-0.9817,-1.0015,-1.0273,-1.0589,-1.0932,-1.1222,-1.1335,-1.1144,-1.0638,-1.0056,-0.9802,-0.9379,-0.9278,-0.9151,-0.7145,-0.4564,-0.3142,-0.4747,-0.5706,-0.1942,0.5654,0.4069,-0.0676,-0.2963,-0.3715,-0.3779,-0.3934,-0.4704,-0.602,-0.7674,-0.9528,-1.1274,-1.2394,-1.2635,-1.226,-1.1661,-0.9785,-0.9948,-1.0137,-1.034,-1.0526,-1.0643,-1.0629,-1.0443,-1.0114,-0.9759,-0.9476,-0.9224,-0.9298,-0.9156,-0.7778,-0.6871,-0.6589,-0.8707,-1.123,-0.6607,-0.2057,-0.1122,-0.236,-0.3037,-0.2475,-0.11,-0.0953,-0.2916,-0.547,-0.8071,-1.092,-1.3702,-1.522,-1.4979,-1.3863,-1.269,-0.9705,-0.9828,-0.9958,-1.0079,-1.017,-1.02,-1.014,-0.998,-0.9741,-0.9473,-0.9212,-0.8968,-0.8753,-0.8362,-0.7903,-0.7846,-0.7588,-0.8872,-1.0055,-0.7837,-0.5741,-0.4381,-0.3967,-0.3359,-0.123,0.3065,0.3958,-0.1007,-0.5233,-0.8617,-1.2454,-1.6638,-1.8589,-1.7404,-1.5283,-1.3507,-0.9601,-0.9688,-0.977,-0.9837,-0.9871,-0.9857,-0.978,-0.9638,-0.9445,-0.922,-0.898,-0.8728,-0.8449,-0.812,-0.7892,-0.7823,-0.7679,-0.7934,-0.8053,-0.8005,-0.6871,-0.5765,-0.5066,-0.4103,-0.1733,0.3424,0.4588,-0.2317,-0.6238,-0.9229,-1.3065,-1.7797,-1.9937,-1.8265,-1.5749,-1.3782,-0.9486,-0.9543,-0.9591,-0.9621,-0.9622,-0.9584,-0.95,-0.9372,-0.9203,-0.9006,-0.8787,-0.855,-0.8294,-0.8037,-0.7836,-0.7699,-0.7598,-0.7608,-0.7687,-0.7584,-0.6954,-0.6364,-0.5947,-0.5339,-0.4466,-0.4467,-0.7802,-0.8091,-0.8391,-0.9901,-1.236,-1.5677,-1.7507,-1.6699,-1.496,-1.3409,-0.937,-0.9405,-0.9427,-0.9432,-0.9412,-0.9362,-0.9277,-0.9157,-0.9007,-0.8831,-0.8635,-0.8423,-0.8202,-0.7987,-0.78,-0.7647,-0.7525,-0.744,-0.7361,-0.7183,-0.6884,-0.6718,-0.6647,-0.6395,-0.6559,-0.8478,-1.1758,-1.0663,-1.0363,-1.0849,-1.164,-1.3156,-1.4333,-1.433,-1.3566,-1.264,-0.9258,-0.9275,-0.928,-0.9269,-0.9236,-0.9179,-0.9094,-0.8983,-0.8847,-0.869,-0.8516,-0.8329,-0.8137,-0.795,-0.7777,-0.7623,-0.7487,-0.7363,-0.7233,-0.707,-0.6903,-0.6856,-0.6868,-0.6848,-0.7308,-0.8611,-1.0041,-1.0908,-1.2391,-1.2071,-1.1538,-1.1844,-1.2378,-1.2544,-1.2287,-1.1813,-0.9153,-0.9157,-0.915,-0.9127,-0.9087,-0.9026,-0.8944,-0.8841,-0.8717,-0.8577,-0.8422,-0.8258,-0.8089,-0.7923,-0.7765,-0.7618,-0.7481,-0.7351,-0.7221,-0.7087,-0.697,-0.6908,-0.6915,-0.707,-0.7573,-0.8483,-0.9633,-1.116,-1.2637,-1.2251,-1.1446,-1.1237,-1.1357,-1.1441,-1.1348,-1.1109]}]