docs/data/wind_grid.json
[{"header":{"la1":42.85,"la2":41.18,"lo1":11.55,"lo2":14.05,"nx":36,"ny":24,"dx":0.07143,"dy":0.07261,"parameterCategory":2,"parameterNumber":2,"parameterNumberName":"eastward_wind","parameterUnit":"m.s-1"},"data":[-0.6417,-0.6525,-0.6647,-0.6778,-0.6912,-0.7033,-0.7122,-0.7158,-0.7129,-0.7038,-0.6905,-0.676,-0.663,-0.6531,-0.647,-0.6444,-0.6443,-0.6455,-0.6467,-0.6468,-0.6452,-0.6421,-0.6376,-0.6323,-0.6266,-0.6207,-0.6148,-0.6092,-0.6039,-0.5989,-0.5942,-0.5899,-0.586,-0.5823,-0.579,-0.576,-0.6453,-0.6585,-0.6741,-0.6918,-0.711,-0.7299,-0.745,-0.7524,-0.7488,-0.7344,-0.713,-0.6903,-0.671,-0.6574,-0.6501,-0.6482,-0.6502,-0.6539,-0.6571,-0.6581,-0.6563,-0.652,-0.646,-0.639,-0.6317,-0.6245,-0.6176,-0.611,-0.605,-0.5994,-0.5942,-0.5895,-0.5852,-0.5814,-0.5778,-0.5747,-0.6479,-0.6635,-0.6829,-0.7065,-0.7343,-0.7642,-0.7913,-0.807,-0.8034,-0.7795,-0.7436,-0.7072,-0.6782,-0.6597,-0.6514,-0.6514,-0.6571,-0.6651,-0.6717,-0.6739,-0.6711,-0.6646,-0.6559,-0.6466,-0.6372,-0.6284,-0.6201,-0.6126,-0.6057,-0.5995,-0.5938,-0.5887,-0.5841,-0.58,-0.5763,-0.573,-0.6485,-0.6663,-0.6896,-0.7201,-0.7593,-0.8069,-0.8565,-0.8916,-0.8908,-0.8486,-0.7851,-0.7254,-0.6824,-0.658,-0.6495,-0.6534,-0.6656,-0.681,-0.693,-0.6965,-0.691,-0.68,-0.6673,-0.6546,-0.6428,-0.632,-0.6223,-0.6136,-0.6059,-0.599,-0.5929,-0.5875,-0.5826,-0.5782,-0.5743,-0.5709,-0.6466,-0.6657,-0.6919,-0.7288,-0.7812,-0.8539,-0.9444,-1.0248,-1.0365,-0.9553,-0.8372,-0.74,-0.6792,-0.6494,-0.6427,-0.653,-0.6754,-0.7031,-0.7245,-0.7284,-0.7162,-0.6977,-0.6791,-0.6624,-0.6477,-0.6349,-0.6237,-0.614,-0.6055,-0.598,-0.5914,-0.5856,-0.5805,-0.5759,-0.5719,-0.5684,-0.6416,-0.6605,-0.6874,-0.7276,-0.7899,-0.8891,-1.0402,-1.216,-1.2683,-1.1008,-0.8838,-0.738,-0.6615,-0.6303,-0.6287,-0.6482,-0.684,-0.7294,-0.7655,-0.7674,-0.7429,-0.7143,-0.6896,-0.6689,-0.6515,-0.6367,-0.6241,-0.6133,-0.6041,-0.5962,-0.5893,-0.5832,-0.5778,-0.5731,-0.5689,-0.5653,-0.6334,-0.6504,-0.6747,-0.712,-0.7732,-0.8807,-1.0741,-1.3638,-1.4875,-1.1894,-0.8703,-0.6985,-0.6222,-0.5977,-0.6053,-0.6359,-0.6844,-0.7446,-0.793,-0.792,-0.7584,-0.7245,-0.6965,-0.673,-0.6533,-0.6368,-0.623,-0.6114,-0.6017,-0.5935,-0.5863,-0.58,-0.5744,-0.5695,-0.5652,-0.5616,-0.6229,-0.6362,-0.6549,-0.6828,-0.7277,-0.8067,-0.9524,-1.179,-1.2649,-0.9958,-0.738,-0.6111,-0.5601,-0.5509,-0.5713,-0.615,-0.6736,-0.7338,-0.7749,-0.7778,-0.7558,-0.7278,-0.7,-0.6746,-0.6528,-0.6348,-0.6201,-0.6081,-0.5982,-0.5898,-0.5825,-0.576,-0.5703,-0.5652,-0.5608,-0.5571,-0.6112,-0.6203,-0.632,-0.6475,-0.6686,-0.6985,-0.7391,-0.7734,-0.7319,-0.6135,-0.5332,-0.4981,-0.4839,-0.4906,-0.5256,-0.5887,-0.6659,-0.7323,-0.7679,-0.774,-0.7601,-0.7336,-0.7028,-0.6738,-0.6495,-0.6301,-0.615,-0.6031,-0.5934,-0.5851,-0.5778,-0.5712,-0.5652,-0.56,-0.5554,-0.5517,-0.5997,-0.6051,-0.611,-0.6167,-0.6199,-0.6148,-0.5859,-0.4979,-0.33,-0.2514,-0.3391,-0.3962,-0.4053,-0.4146,-0.4625,-0.5598,-0.6847,-0.7923,-0.8421,-0.8349,-0.7973,-0.7504,-0.7061,-0.6697,-0.6422,-0.6221,-0.6076,-0.5965,-0.5876,-0.5797,-0.5723,-0.5655,-0.5592,-0.5536,-0.5489,-0.5451,-0.5894,-0.5925,-0.5952,-0.5969,-0.5955,-0.5859,-0.552,-0.4298,-0.0605,0.1122,-0.2164,-0.3353,-0.329,-0.309,-0.3655,-0.5258,-0.755,-0.9715,-1.0478,-0.9778,-0.8668,-0.7723,-0.704,-0.6581,-0.6286,-0.6099,-0.5976,-0.5886,-0.5811,-0.5737,-0.5663,-0.5588,-0.5518,-0.5457,-0.5407,-0.537,-0.5809,-0.5828,-0.5849,-0.5874,-0.5916,-0.6009,-0.621,-0.616,-0.3306,-0.1065,-0.2772,-0.3258,-0.2625,-0.1578,-0.2224,-0.4921,-0.9097,-1.4066,-1.4958,-1.2002,-0.9375,-0.7753,-0.6827,-0.6323,-0.6061,-0.5929,-0.5857,-0.5804,-0.5748,-0.5679,-0.5597,-0.551,-0.5427,-0.5356,-0.5303,-0.5268,-0.5738,-0.5753,-0.5778,-0.5825,-0.5932,-0.6188,-0.679,-0.7933,-0.6463,-0.4417,-0.3812,-0.3516,-0.2728,-0.0963,-0.1517,-0.5162,-1.0835,-2.086,-2.0996,-1.3536,-0.927,-0.7189,-0.6237,-0.5853,-0.5735,-0.5724,-0.574,-0.574,-0.5705,-0.5631,-0.5529,-0.5415,-0.5307,-0.5222,-0.5165,-0.5136,-0.5677,-0.569,-0.5715,-0.5768,-0.5881,-0.6114,-0.6518,-0.6861,-0.6353,-0.5043,-0.4253,-0.3826,-0.3477,-0.1346,-0.3141,-0.6586,-1.0792,-1.6265,-1.6759,-1.1251,-0.7395,-0.5627,-0.513,-0.5161,-0.5342,-0.5532,-0.5669,-0.5729,-0.5704,-0.5605,-0.5455,-0.5288,-0.5139,-0.5033,-0.4976,-0.4963,-0.5622,-0.5631,-0.5649,-0.5688,-0.5761,-0.5881,-0.602,-0.6022,-0.5622,-0.5005,-0.46,-0.4221,-0.3283,-0.2059,-0.4249,-0.9441,-1.3787,-1.1267,-0.9766,-0.6698,-0.3664,-0.2874,-0.356,-0.4366,-0.4993,-0.5441,-0.5718,-0.5825,-0.5779,-0.5609,-0.5362,-0.5099,-0.4883,-0.4754,-0.4712,-0.4735,-0.5572,-0.5574,-0.5582,-0.5598,-0.5625,-0.5653,-0.5647,-0.5537,-0.5283,-0.5016,-0.4951,-0.4884,-0.4685,-0.43,-0.5468,-0.8952,-1.1838,-0.8753,-0.596,-0.281,0.1153,0.0502,-0.2073,-0.3784,-0.4877,-0.5591,-0.5988,-0.6098,-0.5967,-0.5651,-0.5221,-0.4789,-0.4472,-0.4332,-0.4343,-0.4441,-0.5527,-0.5522,-0.5519,-0.5517,-0.5513,-0.5496,-0.5448,-0.5348,-0.5208,-0.509,-0.5048,-0.5221,-0.6677,-0.7456,-0.6285,-0.6758,-0.6794,-0.4746,-0.2614,-0.1212,0.1848,0.0993,-0.1798,-0.378,-0.5183,-0.6138,-0.6603,-0.6622,-0.6305,-0.5727,-0.4979,-0.4255,-0.38,-0.3701,-0.3847,-0.4086,-0.5486,-0.5476,-0.5466,-0.5453,-0.5434,-0.5404,-0.5357,-0.5294,-0.5232,-0.5211,-0.5302,-0.576,-0.7246,-0.7647,-0.6459,-0.6022,-0.4715,-0.1293,0.1366,-0.0496,-0.0691,-0.1146,-0.2622,-0.4319,-0.5944,-0.7176,-0.7624,-0.7411,-0.6805,-0.5841,-0.4586,-0.339,-0.2779,-0.2852,-0.3262,-0.3712,-0.5451,-0.5438,-0.5423,-0.5405,-0.5382,-0.5354,-0.532,-0.5286,-0.5271,-0.5305,-0.5441,-0.5768,-0.6256,-0.6428,-0.6618,-0.6727,-0.4559,-0.1252,0.0625,-0.0205,-0.1168,-0.2115,-0.3322,-0.4934,-0.684,-0.839,-0.8702,-0.8274,-0.7434,-0.6044,-0.4149,-0.2336,-0.1613,-0.2007,-0.2757,-0.3424,-0.5421,-0.5406,-0.5389,-0.537,-0.5348,-0.5325,-0.5302,-0.5287,-0.5292,-0.5336,-0.5441,-0.5616,-0.5815,-0.5988,-0.6344,-0.6306,-0.4496,-0.208,0.0098,0.072,-0.0996,-0.2313,-0.3525,-0.5175,-0.7267,-0.8793,-0.9045,-0.9146,-0.8227,-0.6469,-0.4126,-0.1941,-0.1169,-0.1722,-0.2609,-0.3349,-0.5395,-0.5379,-0.5362,-0.5343,-0.5324,-0.5304,-0.5288,-0.528,-0.5288,-0.532,-0.538,-0.5462,-0.5541,-0.5596,-0.5588,-0.5216,-0.4114,-0.2524,-0.0938,-0.051,-0.1442,-0.2225,-0.3057,-0.476,-0.7254,-0.9714,-1.1828,-1.1248,-0.9279,-0.7125,-0.482,-0.2843,-0.2026,-0.2298,-0.294,-0.3534,-0.5374,-0.5357,-0.534,-0.5322,-0.5304,-0.5287,-0.5273,-0.5265,-0.5267,-0.528,-0.5302,-0.5322,-0.5321,-0.5268,-0.51,-0.4698,-0.3975,-0.3039,-0.2207,-0.1864,-0.1827,-0.1392,-0.145,-0.3523,-0.6801,-1.0547,-1.3583,-1.2397,-0.9825,-0.7628,-0.5701,-0.4177,-0.3379,-0.3286,-0.3552,-0.3896,-0.5355,-0.5338,-0.5321,-0.5304,-0.5286,-0.5269,-0.5254,-0.5243,-0.5235,-0.523,-0.5223,-0.5203,-0.5153,-0.5046,-0.4843,-0.4499,-0.4003,-0.3422,-0.2889,-0.2461,-0.1837,-0.0563,-0.0172,-0.2484,-0.5832,-0.905,-1.1066,-1.0759,-0.9233,-0.7638,-0.6234,-0.5127,-0.4437,-0.4164,-0.4169,-0.4299,-0.5338,-0.5322,-0.5305,-0.5287,-0.5269,-0.5252,-0.5235,-0.5218,-0.5202,-0.5182,-0.5155,-0.511,-0.5035,-0.4912,-0.4719,-0.4442,-0.4086,-0.3685,-0.3281,-0.285,-0.2229,-0.1402,-0.1336,-0.2879,-0.5188,-0.7327,-0.8649,-0.8825,-0.8197,-0.7286,-0.6379,-0.5614,-0.5071,-0.4766,-0.465,-0.4651]},{"header":{"la1":42.85,"la2":41.18,"lo1":11.55,"lo2":14.05,"nx":36,"ny":24,"dx":0.07143,"dy":0.07261,"parameterCategory":2,"parameterNumber":3,"parameterNumberName":"northward_wind","parameterUnit":"m.s-1"},"data":[-0.7881,-0.786,-0.7821,-0.7765,-0.769,-0.76,-0.7499,-0.7391,-0.7278,-0.7153,-0.7007,-0.683,-0.6614,-0.6359,-0.6071,-0.5763,-0.5456,-0.5175,-0.4948,-0.4791,-0.4709,-0.4691,-0.4718,-0.4773,-0.4843,-0.4919,-0.4998,-0.5077,-0.5157,-0.5235,-0.5314,-0.5391,-0.5467,-0.5541,-0.5612,-0.568,-0.8001,-0.7983,-0.7943,-0.7878,-0.7788,-0.7678,-0.7557,-0.7437,-0.7323,-0.7208,-0.7072,-0.6893,-0.6657,-0.6361,-0.6011,-0.5623,-0.5225,-0.4859,-0.4572,-0.4397,-0.4336,-0.4365,-0.4446,-0.4552,-0.4663,-0.4773,-0.4878,-0.4978,-0.5075,-0.517,-0.5262,-0.5352,-0.544,-0.5525,-0.5606,-0.5682,-0.8135,-0.8122,-0.808,-0.8003,-0.7889,-0.7742,-0.7579,-0.7431,-0.732,-0.7235,-0.7135,-0.6973,-0.6724,-0.6382,-0.5954,-0.5456,-0.4922,-0.4419,-0.4037,-0.3844,-0.3839,-0.3958,-0.413,-0.4309,-0.4475,-0.4624,-0.4758,-0.4881,-0.4996,-0.5108,-0.5215,-0.532,-0.542,-0.5517,-0.5608,-0.5694,-0.8286,-0.8281,-0.824,-0.8149,-0.7998,-0.7783,-0.7532,-0.7312,-0.7199,-0.7191,-0.7184,-0.7076,-0.6827,-0.6437,-0.5915,-0.5269,-0.453,-0.3795,-0.3247,-0.3045,-0.3171,-0.3464,-0.3781,-0.406,-0.429,-0.448,-0.4643,-0.4788,-0.4923,-0.5051,-0.5175,-0.5295,-0.541,-0.5519,-0.5622,-0.5718,-0.8455,-0.8468,-0.8435,-0.8335,-0.8136,-0.7813,-0.7378,-0.6964,-0.6821,-0.7001,-0.7213,-0.7218,-0.6983,-0.6545,-0.5921,-0.5099,-0.4066,-0.293,-0.2064,-0.1887,-0.2311,-0.2912,-0.3435,-0.3829,-0.4123,-0.435,-0.4538,-0.4703,-0.4857,-0.5003,-0.5144,-0.5281,-0.5412,-0.5536,-0.5652,-0.5757,-0.8645,-0.8687,-0.868,-0.8589,-0.8357,-0.7904,-0.7155,-0.627,-0.5973,-0.6608,-0.727,-0.7445,-0.7218,-0.6728,-0.6015,-0.503,-0.3661,-0.192,-0.0465,-0.0391,-0.1387,-0.2427,-0.3168,-0.3657,-0.3993,-0.4243,-0.4447,-0.4628,-0.4798,-0.4963,-0.5124,-0.528,-0.543,-0.5571,-0.57,-0.5817,-0.8854,-0.894,-0.8984,-0.8943,-0.8742,-0.824,-0.7215,-0.5646,-0.4986,-0.6392,-0.759,-0.7843,-0.7554,-0.6995,-0.6228,-0.5172,-0.3626,-0.1412,0.0676,0.0619,-0.093,-0.2252,-0.3073,-0.3575,-0.3908,-0.4157,-0.4368,-0.4561,-0.4749,-0.4934,-0.5118,-0.5297,-0.5469,-0.5629,-0.5774,-0.5902,-0.9072,-0.922,-0.9345,-0.9411,-0.9348,-0.9024,-0.8215,-0.6844,-0.6285,-0.7633,-0.8541,-0.8479,-0.7979,-0.7324,-0.6545,-0.555,-0.417,-0.2265,-0.0455,-0.0359,-0.1512,-0.2529,-0.317,-0.3573,-0.3856,-0.4085,-0.4294,-0.4498,-0.4706,-0.4917,-0.5129,-0.5337,-0.5535,-0.5718,-0.5881,-0.6021,-0.9287,-0.9509,-0.9739,-0.9959,-1.0132,-1.0191,-1.007,-0.9861,-1.0028,-1.0422,-1.0107,-0.927,-0.8415,-0.766,-0.6902,-0.6015,-0.4939,-0.3707,-0.2643,-0.2308,-0.2606,-0.3018,-0.3344,-0.3592,-0.3803,-0.4005,-0.4213,-0.4434,-0.4668,-0.4913,-0.5162,-0.5407,-0.5638,-0.5848,-0.6031,-0.6183,-0.9477,-0.9775,-1.012,-1.0515,-1.0959,-1.1439,-1.1961,-1.2678,-1.3833,-1.3984,-1.1963,-0.9959,-0.8724,-0.796,-0.7259,-0.6407,-0.5461,-0.4582,-0.3894,-0.3484,-0.334,-0.3351,-0.343,-0.355,-0.3705,-0.3893,-0.4112,-0.436,-0.4634,-0.4926,-0.5225,-0.5519,-0.5793,-0.6036,-0.624,-0.6402,-0.962,-0.9984,-1.0432,-1.099,-1.1689,-1.2545,-1.3506,-1.4546,-1.6875,-1.8106,-1.3327,-1.0141,-0.8808,-0.8291,-0.7699,-0.6682,-0.5591,-0.4793,-0.4273,-0.3861,-0.3549,-0.3372,-0.3324,-0.3383,-0.3524,-0.3726,-0.3978,-0.4272,-0.4604,-0.4962,-0.5331,-0.5691,-0.6021,-0.6304,-0.653,-0.6696,-0.9696,-1.0103,-1.0619,-1.1293,-1.219,-1.3386,-1.4861,-1.5964,-1.6079,-1.607,-1.2297,-0.9609,-0.8739,-0.8881,-0.8408,-0.6774,-0.5274,-0.4631,-0.4347,-0.3838,-0.3359,-0.3065,-0.2976,-0.305,-0.3235,-0.3491,-0.3801,-0.4165,-0.4578,-0.503,-0.5498,-0.5951,-0.6355,-0.6686,-0.693,-0.709,-0.9691,-1.0107,-1.0641,-1.1347,-1.2313,-1.3665,-1.5531,-1.7847,-1.5692,-1.3099,-1.0429,-0.8856,-0.8499,-0.9187,-0.8734,-0.6096,-0.4259,-0.4711,-0.4684,-0.3562,-0.2768,-0.2364,-0.2326,-0.2525,-0.283,-0.3182,-0.3577,-0.4032,-0.4558,-0.5144,-0.5755,-0.6341,-0.6846,-0.7232,-0.7485,-0.7617,-0.9603,-0.9993,-1.0486,-1.1127,-1.1979,-1.3117,-1.4507,-1.5464,-1.4446,-1.1377,-0.9071,-0.8458,-0.8444,-0.7888,-0.6784,-0.3377,-0.0728,-0.2848,-0.3541,-0.2506,-0.1449,-0.1008,-0.1267,-0.1799,-0.2326,-0.2805,-0.3294,-0.386,-0.4539,-0.5321,-0.6149,-0.6932,-0.7578,-0.8022,-0.8256,-0.8316,-0.9442,-0.9777,-1.0185,-1.0685,-1.1295,-1.1999,-1.2652,-1.2765,-1.1525,-0.9274,-0.7628,-0.706,-0.6883,-0.6152,-0.5152,0.2185,0.9648,0.1817,-0.1225,-0.0568,0.1337,0.1563,0.0271,-0.0961,-0.1786,-0.2364,-0.2915,-0.3603,-0.4498,-0.5579,-0.6747,-0.7841,-0.8683,-0.9171,-0.9322,-0.923,-0.9227,-0.949,-0.9792,-1.0129,-1.0481,-1.0783,-1.0876,-1.0469,-0.9306,-0.7619,-0.623,-0.5341,-0.5699,-0.5806,-0.4276,0.1405,0.6493,0.1363,-0.0927,0.1299,0.6453,0.5455,0.1788,-0.0321,-0.1304,-0.1809,-0.2327,-0.3157,-0.4379,-0.5935,-0.766,-0.9255,-1.0374,-1.0845,-1.0773,-1.0387,-0.8979,-0.9171,-0.937,-0.9563,-0.9715,-0.9761,-0.9592,-0.9082,-0.8181,-0.7056,-0.6189,-0.5802,-0.5419,-0.5196,-0.4602,-0.2715,-0.1442,-0.2636,-0.3265,0.0171,0.6972,0.5709,0.1694,-0.0277,-0.0875,-0.0921,-0.1247,-0.2326,-0.4097,-0.6398,-0.9028,-1.1455,-1.2942,-1.3214,-1.2647,-1.1754,-0.8722,-0.8848,-0.8962,-0.9048,-0.9072,-0.899,-0.8744,-0.8292,-0.7656,-0.6961,-0.6393,-0.5947,-0.5406,-0.5235,-0.5325,-0.4989,-0.4499,-0.5764,-0.7449,-0.3916,0.006,0.0975,-0.0094,-0.0711,-0.0262,0.0807,0.0848,-0.0915,-0.362,-0.6953,-1.0921,-1.4661,-1.6562,-1.6241,-1.4778,-1.3159,-0.8469,-0.8542,-0.8594,-0.8607,-0.8561,-0.8426,-0.8179,-0.7811,-0.7353,-0.687,-0.6432,-0.6051,-0.575,-0.5735,-0.6415,-0.6719,-0.5639,-0.6062,-0.6781,-0.5304,-0.3486,-0.2189,-0.1764,-0.1222,0.049,0.3563,0.4149,0.0601,-0.326,-0.7483,-1.2889,-1.824,-2.0438,-1.9122,-1.6577,-1.4241,-0.8232,-0.8265,-0.8272,-0.8242,-0.816,-0.8011,-0.7785,-0.7486,-0.7136,-0.6771,-0.6426,-0.6129,-0.5928,-0.595,-0.6382,-0.6502,-0.5792,-0.5621,-0.5833,-0.5923,-0.4694,-0.3583,-0.2879,-0.1961,0.0028,0.3743,0.4518,-0.0252,-0.3728,-0.7734,-1.3542,-1.9574,-2.1851,-2.0088,-1.7143,-1.4577,-0.8015,-0.8019,-0.7997,-0.7942,-0.7844,-0.7696,-0.7495,-0.7247,-0.6967,-0.6676,-0.6398,-0.6155,-0.598,-0.5916,-0.5954,-0.5876,-0.5599,-0.5441,-0.5515,-0.5446,-0.4801,-0.4215,-0.3776,-0.3067,-0.2075,-0.1844,-0.4165,-0.4397,-0.4926,-0.7589,-1.2202,-1.7093,-1.9279,-1.8319,-1.6133,-1.4026,-0.782,-0.7803,-0.7763,-0.7694,-0.7591,-0.7451,-0.7273,-0.7063,-0.6831,-0.659,-0.6357,-0.6146,-0.5975,-0.5851,-0.5755,-0.5625,-0.5448,-0.5297,-0.5195,-0.5025,-0.4757,-0.4675,-0.4608,-0.4093,-0.3733,-0.477,-0.6846,-0.6135,-0.5723,-0.7277,-1.0269,-1.3476,-1.5306,-1.5289,-1.4207,-1.2871,-0.7647,-0.7616,-0.7565,-0.749,-0.7387,-0.7256,-0.7097,-0.6915,-0.6717,-0.6512,-0.6311,-0.6122,-0.5953,-0.5806,-0.567,-0.5525,-0.5368,-0.5214,-0.5066,-0.491,-0.4803,-0.4909,-0.4968,-0.4589,-0.4392,-0.4919,-0.5696,-0.5764,-0.5922,-0.6983,-0.8821,-1.0802,-1.2163,-1.2566,-1.2229,-1.1545,-0.7494,-0.7454,-0.7397,-0.7319,-0.7219,-0.7097,-0.6955,-0.6795,-0.6622,-0.6444,-0.6265,-0.6093,-0.5932,-0.578,-0.5634,-0.5487,-0.5337,-0.5187,-0.5042,-0.4909,-0.4828,-0.4845,-0.4835,-0.4682,-0.4626,-0.4855,-0.5217,-0.5509,-0.5924,-0.6729,-0.7899,-0.9148,-1.0115,-1.0594,-1.0615,-1.0338]}]