docs/data/wind_grid.json
[{"header":{"la1":42.85,"la2":41.18,"lo1":11.55,"lo2":14.05,"nx":36,"ny":24,"dx":0.07143,"dy":0.07261,"parameterCategory":2,"parameterNumber":2,"parameterNumberName":"eastward_wind","parameterUnit":"m.s-1"},"data":[-0.8233,-0.8258,-0.8282,-0.8303,-0.8319,-0.8325,-0.8313,-0.8272,-0.8196,-0.8089,-0.7967,-0.7852,-0.7764,-0.7718,-0.772,-0.7764,-0.7839,-0.7922,-0.799,-0.8022,-0.801,-0.7958,-0.7876,-0.7777,-0.7673,-0.757,-0.7472,-0.7383,-0.7303,-0.7232,-0.717,-0.7116,-0.7069,-0.7029,-0.6994,-0.6965,-0.8329,-0.8365,-0.84,-0.8438,-0.8476,-0.851,-0.8523,-0.8493,-0.8402,-0.825,-0.8066,-0.7891,-0.7761,-0.7698,-0.771,-0.7792,-0.7924,-0.8071,-0.819,-0.8244,-0.8221,-0.8135,-0.8011,-0.7871,-0.7732,-0.76,-0.7481,-0.7376,-0.7284,-0.7205,-0.7137,-0.7079,-0.703,-0.6989,-0.6954,-0.6925,-0.8439,-0.8486,-0.8536,-0.8594,-0.8666,-0.8749,-0.882,-0.8831,-0.8728,-0.8502,-0.8209,-0.7932,-0.7732,-0.7642,-0.767,-0.7811,-0.804,-0.83,-0.8507,-0.859,-0.8534,-0.8379,-0.8181,-0.7979,-0.7791,-0.7624,-0.748,-0.7357,-0.7253,-0.7166,-0.7094,-0.7033,-0.6983,-0.6941,-0.6907,-0.6879,-0.8566,-0.8626,-0.869,-0.877,-0.8884,-0.905,-0.9245,-0.9372,-0.9279,-0.8916,-0.8417,-0.7964,-0.7657,-0.7524,-0.7574,-0.7805,-0.8195,-0.8661,-0.9035,-0.9151,-0.8999,-0.8703,-0.8381,-0.8088,-0.7839,-0.7632,-0.7462,-0.7321,-0.7207,-0.7114,-0.7038,-0.6976,-0.6926,-0.6886,-0.6853,-0.6827,-0.8717,-0.8793,-0.8867,-0.8959,-0.9112,-0.9391,-0.9827,-1.0262,-1.0261,-0.9606,-0.8697,-0.7954,-0.7495,-0.7307,-0.7378,-0.7728,-0.8371,-0.9223,-0.9937,-1.0073,-0.9666,-0.9094,-0.8584,-0.8178,-0.7861,-0.7613,-0.7417,-0.7262,-0.714,-0.7043,-0.6967,-0.6907,-0.6859,-0.6821,-0.6791,-0.6768,-0.8903,-0.9003,-0.9084,-0.9164,-0.9313,-0.9684,-1.0479,-1.1623,-1.1966,-1.0628,-0.8945,-0.7813,-0.7192,-0.6939,-0.7014,-0.7482,-0.8455,-0.9955,-1.1364,-1.1443,-1.0457,-0.9454,-0.8724,-0.8209,-0.7834,-0.7552,-0.7336,-0.7172,-0.7046,-0.6951,-0.6878,-0.6823,-0.6779,-0.6746,-0.672,-0.6701,-0.9142,-0.929,-0.939,-0.943,-0.9477,-0.9761,-1.0736,-1.2745,-1.373,-1.128,-0.8765,-0.7392,-0.6693,-0.6368,-0.6385,-0.6896,-0.8132,-1.0274,-1.2543,-1.2488,-1.0868,-0.9558,-0.8714,-0.8145,-0.7737,-0.7434,-0.7208,-0.7042,-0.6922,-0.6835,-0.6771,-0.6724,-0.6688,-0.6661,-0.6641,-0.6627,-0.9448,-0.9703,-0.9887,-0.99,-0.9723,-0.9591,-1.0004,-1.1339,-1.1913,-0.974,-0.7702,-0.6627,-0.6006,-0.5564,-0.5354,-0.5754,-0.708,-0.9213,-1.1273,-1.1441,-1.0303,-0.9266,-0.8521,-0.7972,-0.7557,-0.7246,-0.7021,-0.6866,-0.6761,-0.6691,-0.6643,-0.6609,-0.6584,-0.6565,-0.6552,-0.6544,-0.9811,-1.028,-1.0727,-1.0877,-1.0412,-0.9537,-0.884,-0.8446,-0.7775,-0.6706,-0.6057,-0.5696,-0.5257,-0.4569,-0.3676,-0.3678,-0.5436,-0.7643,-0.9218,-0.9712,-0.9398,-0.8815,-0.8225,-0.7707,-0.7286,-0.6972,-0.676,-0.6631,-0.6559,-0.652,-0.6496,-0.6481,-0.6468,-0.6459,-0.6453,-0.6452,-1.0164,-1.0955,-1.1982,-1.2783,-1.2098,-1.0023,-0.8134,-0.6406,-0.4277,-0.3354,-0.4345,-0.4898,-0.4661,-0.3707,-0.1233,-0.0,-0.3875,-0.7125,-0.8792,-0.927,-0.905,-0.8523,-0.7923,-0.7364,-0.6906,-0.6584,-0.6402,-0.6328,-0.6314,-0.6323,-0.6334,-0.6341,-0.6342,-0.6342,-0.6344,-0.6349,-1.036,-1.142,-1.3118,-1.5165,-1.4553,-1.0716,-0.7984,-0.5764,-0.1249,0.0882,-0.3138,-0.4498,-0.4306,-0.3534,-0.1457,0.0066,-0.4713,-0.8719,-1.0431,-1.0231,-0.935,-0.8427,-0.761,-0.6914,-0.6364,-0.6023,-0.5909,-0.5944,-0.6031,-0.6111,-0.6164,-0.6194,-0.6208,-0.6215,-0.6222,-0.6234,-1.0261,-1.1271,-1.2869,-1.4749,-1.4011,-1.0283,-0.8163,-0.7374,-0.4228,-0.1783,-0.3939,-0.4586,-0.4,-0.2937,-0.3284,-0.4621,-0.8318,-1.3741,-1.5073,-1.2357,-0.9911,-0.8297,-0.7182,-0.6298,-0.5578,-0.5195,-0.5237,-0.5488,-0.5734,-0.5903,-0.6,-0.6045,-0.6063,-0.6071,-0.6083,-0.6102,-0.9893,-1.0567,-1.1399,-1.1932,-1.1073,-0.9215,-0.8306,-0.893,-0.7552,-0.5721,-0.5249,-0.48,-0.414,-0.2567,-0.3288,-0.6371,-1.139,-2.1632,-2.1803,-1.4045,-0.9862,-0.7744,-0.6527,-0.5539,-0.4534,-0.4039,-0.4417,-0.5034,-0.5481,-0.5735,-0.5854,-0.5896,-0.5903,-0.5904,-0.5916,-0.5945,-0.9419,-0.9757,-1.003,-0.9988,-0.9404,-0.8577,-0.8119,-0.8032,-0.7629,-0.6706,-0.6006,-0.4788,-0.4297,-0.4181,-0.5261,-0.8291,-1.2141,-1.724,-1.7601,-1.204,-0.8179,-0.6338,-0.559,-0.4898,-0.3724,-0.3059,-0.3843,-0.4795,-0.5368,-0.5641,-0.5735,-0.5737,-0.5708,-0.5691,-0.5706,-0.5752,-0.8979,-0.9112,-0.9149,-0.9,-0.8645,-0.8223,-0.7916,-0.7718,-0.7462,-0.7233,-0.7114,-0.6623,-0.5703,-0.4946,-0.6639,-1.1429,-1.5824,-1.2884,-1.1098,-0.7787,-0.4436,-0.3597,-0.4282,-0.4571,-0.4022,-0.3565,-0.4187,-0.4988,-0.5455,-0.5634,-0.5629,-0.5536,-0.5439,-0.5396,-0.5424,-0.5507,-0.8628,-0.8661,-0.8621,-0.8482,-0.8258,-0.8009,-0.7801,-0.7657,-0.7609,-0.7844,-0.8543,-0.8682,-0.7953,-0.7042,-0.7951,-1.1124,-1.3903,-1.0755,-0.7801,-0.3923,0.1449,0.0484,-0.2842,-0.438,-0.4741,-0.4798,-0.5116,-0.5502,-0.5702,-0.5681,-0.549,-0.5226,-0.5018,-0.4955,-0.5034,-0.5195,-0.8365,-0.8355,-0.8298,-0.8189,-0.8042,-0.7888,-0.7763,-0.7704,-0.777,-0.8071,-0.8574,-0.8664,-0.9784,-1.0395,-0.8968,-0.9281,-0.9279,-0.7429,-0.5323,-0.2865,0.2278,0.1021,-0.2666,-0.4533,-0.5355,-0.5768,-0.6017,-0.611,-0.6025,-0.5737,-0.5248,-0.4687,-0.4311,-0.4277,-0.45,-0.4816,-0.8172,-0.8147,-0.8094,-0.8012,-0.7915,-0.7821,-0.7757,-0.775,-0.7837,-0.8042,-0.8328,-0.8796,-1.0233,-1.062,-0.9424,-0.9035,-0.775,-0.4802,-0.2532,-0.3612,-0.2554,-0.2527,-0.3901,-0.5144,-0.6043,-0.6672,-0.6896,-0.6741,-0.6386,-0.5788,-0.4855,-0.3773,-0.3154,-0.3299,-0.3842,-0.4412,-0.8029,-0.8002,-0.7958,-0.7899,-0.7836,-0.7782,-0.7754,-0.7771,-0.7853,-0.8009,-0.8246,-0.8622,-0.9147,-0.9435,-1.0086,-1.0402,-0.7948,-0.5064,-0.3611,-0.4778,-0.4677,-0.4567,-0.5026,-0.5798,-0.6695,-0.7535,-0.7714,-0.731,-0.6769,-0.5904,-0.443,-0.2566,-0.166,-0.2231,-0.325,-0.4103,-0.7922,-0.7898,-0.7863,-0.7821,-0.7781,-0.7751,-0.7743,-0.777,-0.784,-0.7961,-0.8139,-0.8379,-0.8662,-0.902,-0.9759,-0.9869,-0.8002,-0.6224,-0.5816,-0.5993,-0.5507,-0.5346,-0.5571,-0.6152,-0.6989,-0.7763,-0.7911,-0.7676,-0.7187,-0.6247,-0.4492,-0.2109,-0.102,-0.1858,-0.3099,-0.4051,-0.784,-0.7819,-0.7792,-0.7763,-0.7738,-0.7722,-0.7723,-0.7749,-0.7805,-0.7894,-0.8016,-0.8166,-0.8337,-0.8536,-0.8716,-0.8482,-0.7578,-0.6583,-0.6058,-0.5909,-0.5659,-0.5434,-0.5528,-0.6107,-0.6991,-0.7826,-0.8428,-0.8255,-0.7735,-0.6941,-0.5433,-0.342,-0.2342,-0.2728,-0.3583,-0.4324,-0.7775,-0.7757,-0.7736,-0.7716,-0.7699,-0.769,-0.7694,-0.7715,-0.7756,-0.7815,-0.7891,-0.7975,-0.8056,-0.8108,-0.8065,-0.7802,-0.7284,-0.6695,-0.624,-0.5911,-0.5477,-0.4845,-0.4727,-0.5633,-0.6845,-0.8016,-0.8906,-0.864,-0.8428,-0.7974,-0.678,-0.5285,-0.4292,-0.4123,-0.4417,-0.4809,-0.7721,-0.7706,-0.769,-0.7674,-0.7662,-0.7656,-0.7659,-0.7673,-0.7698,-0.7733,-0.7772,-0.7808,-0.7825,-0.78,-0.7693,-0.7464,-0.7116,-0.6714,-0.6323,-0.5906,-0.5266,-0.4272,-0.3995,-0.5206,-0.6587,-0.7674,-0.8345,-0.8768,-0.9542,-0.9136,-0.7867,-0.6592,-0.5688,-0.5272,-0.5213,-0.5328,-0.7675,-0.7662,-0.7649,-0.7636,-0.7626,-0.762,-0.762,-0.7626,-0.7637,-0.7652,-0.7664,-0.7667,-0.7647,-0.7587,-0.7469,-0.7277,-0.7016,-0.6711,-0.6378,-0.5983,-0.5443,-0.4812,-0.4708,-0.5486,-0.6503,-0.7365,-0.8055,-0.8854,-0.9685,-0.9322,-0.8241,-0.7216,-0.6461,-0.6011,-0.581,-0.5768]},{"header":{"la1":42.85,"la2":41.18,"lo1":11.55,"lo2":14.05,"nx":36,"ny":24,"dx":0.07143,"dy":0.07261,"parameterCategory":2,"parameterNumber":3,"parameterNumberName":"northward_wind","parameterUnit":"m.s-1"},"data":[-0.6436,-0.6442,-0.6437,-0.642,-0.6389,-0.6345,-0.6291,-0.6229,-0.616,-0.608,-0.598,-0.5852,-0.5689,-0.5488,-0.5252,-0.4991,-0.4721,-0.4465,-0.4249,-0.409,-0.3995,-0.3954,-0.3952,-0.3973,-0.4006,-0.4043,-0.4082,-0.4122,-0.4163,-0.4203,-0.4245,-0.4287,-0.4329,-0.437,-0.4411,-0.4451,-0.6521,-0.6532,-0.653,-0.6511,-0.6475,-0.6421,-0.6356,-0.6288,-0.6223,-0.6154,-0.6067,-0.5943,-0.5769,-0.5539,-0.5254,-0.4924,-0.4571,-0.4233,-0.3955,-0.3773,-0.3693,-0.3691,-0.3735,-0.3798,-0.3865,-0.3928,-0.3987,-0.4042,-0.4095,-0.4147,-0.4198,-0.4248,-0.4299,-0.4348,-0.4396,-0.4442,-0.6609,-0.6627,-0.6628,-0.6607,-0.6559,-0.6484,-0.6392,-0.6306,-0.6245,-0.6206,-0.6154,-0.6053,-0.5877,-0.5617,-0.5272,-0.4846,-0.4366,-0.389,-0.3511,-0.3303,-0.3269,-0.335,-0.3475,-0.3603,-0.3715,-0.381,-0.3891,-0.3962,-0.4028,-0.4091,-0.4153,-0.4213,-0.4273,-0.4331,-0.4386,-0.4439,-0.6699,-0.6726,-0.6733,-0.671,-0.6645,-0.6528,-0.6371,-0.6228,-0.6167,-0.6196,-0.6231,-0.6186,-0.6024,-0.5739,-0.5325,-0.4772,-0.4093,-0.3373,-0.2806,-0.2574,-0.2667,-0.2918,-0.3181,-0.34,-0.3568,-0.3696,-0.3799,-0.3886,-0.3965,-0.4039,-0.4112,-0.4183,-0.4253,-0.432,-0.4384,-0.4444,-0.6789,-0.6827,-0.6845,-0.6828,-0.6744,-0.6558,-0.626,-0.5948,-0.5855,-0.6052,-0.6289,-0.6358,-0.6231,-0.5932,-0.5454,-0.475,-0.3773,-0.2603,-0.1644,-0.1416,-0.1836,-0.2415,-0.2885,-0.3213,-0.3436,-0.3594,-0.3714,-0.3815,-0.3906,-0.3992,-0.4076,-0.4159,-0.424,-0.4318,-0.4391,-0.446,-0.6871,-0.6923,-0.6961,-0.6965,-0.6885,-0.6629,-0.6084,-0.5332,-0.5071,-0.5706,-0.637,-0.661,-0.6523,-0.6226,-0.5718,-0.4888,-0.3553,-0.1631,0.0145,0.0267,-0.0875,-0.1961,-0.2661,-0.3079,-0.3337,-0.3511,-0.3641,-0.3751,-0.3852,-0.395,-0.4047,-0.4143,-0.4237,-0.4327,-0.4411,-0.4488,-0.6936,-0.6998,-0.706,-0.7112,-0.7099,-0.687,-0.614,-0.4737,-0.4079,-0.5505,-0.6688,-0.7016,-0.6921,-0.6647,-0.6192,-0.5358,-0.3808,-0.1195,0.1607,0.1543,-0.0387,-0.1817,-0.26,-0.3027,-0.3279,-0.3448,-0.3579,-0.3694,-0.3804,-0.3914,-0.4026,-0.4137,-0.4247,-0.4351,-0.4448,-0.4534,-0.697,-0.7023,-0.709,-0.7202,-0.7348,-0.7377,-0.6963,-0.5871,-0.5376,-0.6693,-0.758,-0.763,-0.7406,-0.7196,-0.6953,-0.6317,-0.4867,-0.2472,0.0007,0.0223,-0.1101,-0.2142,-0.2724,-0.305,-0.3252,-0.34,-0.3524,-0.3642,-0.3761,-0.3886,-0.4015,-0.4146,-0.4274,-0.4396,-0.4506,-0.4603,-0.6965,-0.6964,-0.6957,-0.7057,-0.7421,-0.7966,-0.8362,-0.8524,-0.8872,-0.9318,-0.9044,-0.8367,-0.7877,-0.7816,-0.8138,-0.7958,-0.646,-0.4447,-0.2787,-0.2154,-0.2333,-0.2664,-0.2916,-0.3093,-0.3232,-0.3354,-0.3472,-0.3593,-0.3723,-0.3865,-0.4017,-0.4173,-0.4326,-0.4468,-0.4595,-0.4702,-0.6933,-0.6824,-0.6581,-0.6379,-0.6897,-0.8282,-0.9682,-1.0997,-1.2616,-1.296,-1.0874,-0.8996,-0.815,-0.8273,-0.9826,-1.0685,-0.7898,-0.5558,-0.416,-0.3408,-0.3089,-0.3001,-0.3019,-0.3092,-0.3193,-0.3306,-0.3421,-0.3547,-0.369,-0.3855,-0.4038,-0.4227,-0.4411,-0.458,-0.4725,-0.4841,-0.6923,-0.6717,-0.6163,-0.5274,-0.5692,-0.8395,-1.0834,-1.2726,-1.6114,-1.7838,-1.2322,-0.9139,-0.8101,-0.8159,-0.9574,-1.0735,-0.7613,-0.5463,-0.4369,-0.3703,-0.3263,-0.3024,-0.2956,-0.3014,-0.3138,-0.327,-0.3387,-0.3509,-0.3664,-0.3859,-0.4083,-0.4319,-0.4545,-0.4747,-0.4911,-0.5035,-0.6982,-0.6814,-0.6322,-0.5521,-0.6111,-0.9249,-1.2187,-1.3812,-1.4781,-1.5272,-1.119,-0.857,-0.7905,-0.8307,-0.8004,-0.7231,-0.5755,-0.4656,-0.4162,-0.3558,-0.3035,-0.2749,-0.2713,-0.2875,-0.3125,-0.3314,-0.3403,-0.349,-0.3647,-0.388,-0.4166,-0.4468,-0.4753,-0.4995,-0.5179,-0.5303,-0.7094,-0.7089,-0.7011,-0.7073,-0.8079,-1.0414,-1.3171,-1.4988,-1.4256,-1.1705,-0.9165,-0.7869,-0.7572,-0.8463,-0.7787,-0.5434,-0.3907,-0.4442,-0.4408,-0.3195,-0.2447,-0.215,-0.227,-0.2712,-0.3275,-0.3569,-0.3517,-0.3485,-0.3631,-0.3926,-0.4307,-0.4708,-0.5075,-0.5366,-0.5564,-0.5673,-0.7186,-0.7327,-0.7539,-0.7986,-0.8943,-1.0519,-1.2481,-1.4224,-1.3159,-0.9799,-0.7607,-0.7692,-0.7798,-0.5948,-0.5251,-0.2257,0.0072,-0.231,-0.3095,-0.2101,-0.1246,-0.1023,-0.1511,-0.2436,-0.3513,-0.3966,-0.3633,-0.3439,-0.3601,-0.4008,-0.4542,-0.5098,-0.558,-0.5926,-0.6118,-0.6178,-0.72,-0.7403,-0.7694,-0.8146,-0.8834,-0.9742,-1.0663,-1.1011,-0.9774,-0.7337,-0.5575,-0.5238,-0.4651,-0.2245,-0.3039,0.3613,1.1181,0.2769,-0.0553,-0.0247,0.1168,0.115,-0.0243,-0.1748,-0.3041,-0.3599,-0.3347,-0.3227,-0.3529,-0.4147,-0.4937,-0.5737,-0.6385,-0.6779,-0.6915,-0.686,-0.7128,-0.7324,-0.7577,-0.7906,-0.8306,-0.8702,-0.8899,-0.8542,-0.7275,-0.5176,-0.292,-0.3108,-0.3429,-0.3197,-0.2145,0.2989,0.7939,0.2516,-0.0082,0.1436,0.5644,0.4632,0.1225,-0.0815,-0.1926,-0.2423,-0.2529,-0.2758,-0.3382,-0.4373,-0.5593,-0.68,-0.7691,-0.8086,-0.8046,-0.7753,-0.6987,-0.7141,-0.7319,-0.7512,-0.7688,-0.7771,-0.7628,-0.7086,-0.6028,-0.4503,-0.2995,-0.3144,-0.282,-0.2479,-0.242,-0.0929,0.0084,-0.1282,-0.2121,0.0605,0.6168,0.4992,0.1457,-0.0298,-0.094,-0.1081,-0.1278,-0.1944,-0.3111,-0.4709,-0.6647,-0.8566,-0.9816,-1.0058,-0.9582,-0.8846,-0.6806,-0.691,-0.7012,-0.7095,-0.7126,-0.705,-0.6793,-0.6287,-0.5524,-0.4624,-0.3889,-0.3464,-0.2747,-0.2546,-0.3106,-0.3006,-0.2754,-0.4292,-0.6221,-0.2644,0.0687,0.1315,0.0349,-0.0255,-0.0016,0.0787,0.0802,-0.0643,-0.2696,-0.5137,-0.8177,-1.1348,-1.3113,-1.2798,-1.1436,-1.0012,-0.6608,-0.6665,-0.6706,-0.6715,-0.6664,-0.652,-0.6248,-0.5829,-0.5287,-0.4701,-0.4182,-0.376,-0.3418,-0.345,-0.4226,-0.4543,-0.3684,-0.4304,-0.505,-0.2954,-0.1593,-0.0798,-0.0624,-0.0349,0.0892,0.3539,0.4075,0.0782,-0.2379,-0.5545,-0.9803,-1.4774,-1.7137,-1.5683,-1.309,-1.0928,-0.6409,-0.643,-0.6427,-0.6388,-0.6296,-0.6131,-0.5879,-0.5539,-0.5134,-0.4709,-0.4314,-0.3986,-0.3773,-0.3806,-0.4227,-0.4347,-0.3705,-0.3332,-0.2494,-0.2053,-0.1989,-0.1486,-0.1114,-0.0627,0.0722,0.3836,0.4539,0.019,-0.2728,-0.5694,-1.0221,-1.6104,-1.8785,-1.67,-1.359,-1.1184,-0.6221,-0.6214,-0.6182,-0.6116,-0.6005,-0.584,-0.5616,-0.5336,-0.5018,-0.4688,-0.4376,-0.411,-0.3922,-0.385,-0.3873,-0.3783,-0.3452,-0.3023,-0.2506,-0.2213,-0.1951,-0.1493,-0.1202,-0.1053,-0.0743,-0.0762,-0.263,-0.2964,-0.3648,-0.549,-0.8771,-1.3223,-1.5654,-1.4666,-1.252,-1.0634,-0.6048,-0.6021,-0.597,-0.589,-0.5774,-0.5617,-0.5419,-0.5184,-0.4923,-0.4655,-0.4397,-0.4167,-0.398,-0.3841,-0.3724,-0.3559,-0.3298,-0.296,-0.2592,-0.2219,-0.1672,-0.0911,-0.0677,-0.1161,-0.1782,-0.3021,-0.4794,-0.4293,-0.437,-0.5187,-0.6917,-0.9497,-1.1348,-1.151,-1.0651,-0.9579,-0.5892,-0.5852,-0.579,-0.5703,-0.5588,-0.5442,-0.5265,-0.5063,-0.4844,-0.4617,-0.4395,-0.4188,-0.4002,-0.3836,-0.3671,-0.348,-0.324,-0.2947,-0.2601,-0.2149,-0.1419,-0.0369,-0.0093,-0.1051,-0.2084,-0.3105,-0.3943,-0.4369,-0.4909,-0.5036,-0.5796,-0.7231,-0.8502,-0.9034,-0.8903,-0.8445,-0.5753,-0.5704,-0.5636,-0.5548,-0.5436,-0.5301,-0.5143,-0.4966,-0.4776,-0.4579,-0.4383,-0.4194,-0.4013,-0.3838,-0.3661,-0.3465,-0.3238,-0.2969,-0.2643,-0.2213,-0.1603,-0.0912,-0.0765,-0.1421,-0.2276,-0.3069,-0.3772,-0.4467,-0.4969,-0.4995,-0.5355,-0.6152,-0.6965,-0.747,-0.7606,-0.748]}]