docs/data/wind_grid.json
[{"header":{"la1":42.85,"la2":41.18,"lo1":11.55,"lo2":14.05,"nx":36,"ny":24,"dx":0.07143,"dy":0.07261,"parameterCategory":2,"parameterNumber":2,"parameterNumberName":"eastward_wind","parameterUnit":"m.s-1"},"data":[3.1355,3.1485,3.162,3.1752,3.1868,3.1947,3.1959,3.1873,3.1666,3.1334,3.0901,3.0405,2.9889,2.9387,2.8924,2.8513,2.8157,2.7852,2.7583,2.7335,2.7095,2.6858,2.6621,2.6388,2.6166,2.5957,2.5767,2.5596,2.5447,2.5318,2.521,2.5121,2.5049,2.4992,2.495,2.492,3.1535,3.1704,3.1891,3.2091,3.2291,3.2465,3.2566,3.2534,3.2319,3.1911,3.1351,3.071,3.0057,2.9443,2.8898,2.8436,2.8059,2.7754,2.7495,2.7255,2.701,2.6754,2.6491,2.623,2.598,2.5749,2.5541,2.5359,2.5202,2.5071,2.4964,2.4878,2.4812,2.4763,2.4728,2.4707,3.17,3.191,3.2156,3.2441,3.276,3.3085,3.3348,3.3436,3.3231,3.2702,3.1935,3.1071,3.0225,2.9464,2.882,2.8308,2.7926,2.7648,2.7429,2.7211,2.6958,2.6669,2.6361,2.6056,2.5768,2.5507,2.5278,2.5083,2.492,2.4789,2.4686,2.4607,2.4549,2.451,2.4486,2.4475,3.1837,3.2084,3.239,3.2774,3.3249,3.3807,3.4369,3.4722,3.4579,3.3831,3.2696,3.148,3.0365,2.9417,2.8661,2.8106,2.7751,2.7558,2.7438,2.7266,2.6982,2.6618,2.623,2.5856,2.5517,2.5219,2.4966,2.4758,2.4592,2.4464,2.4369,2.4302,2.4257,2.4231,2.422,2.4223,3.1932,3.2204,3.2559,3.3037,3.3691,3.4574,3.566,3.6614,3.6676,3.5468,3.3639,3.1884,3.0422,2.9255,2.8373,2.7791,2.7523,2.7535,2.7643,2.7542,2.7142,2.6607,2.6081,2.5611,2.5206,2.4866,2.4588,2.437,2.4206,2.4089,2.4009,2.396,2.3933,2.3925,2.3931,2.395,3.1971,3.2246,3.262,3.3158,3.3961,3.5191,3.7036,3.9225,3.9872,3.762,3.4573,3.214,3.0312,2.8906,2.7878,2.728,2.7186,2.7613,2.8228,2.8188,2.7435,2.658,2.5861,2.5278,2.4802,2.4418,2.4119,2.3898,2.3747,2.3651,2.3598,2.3575,2.3574,2.3588,2.3615,2.3653,3.1945,3.2188,3.2533,3.3062,3.3908,3.5302,3.7676,4.1247,4.2824,3.9055,3.4882,3.2043,2.9961,2.829,2.7034,2.639,2.6525,2.7509,2.8868,2.8808,2.7523,2.6344,2.5472,2.4799,2.4261,2.3838,2.3525,2.3316,2.3195,2.314,2.3129,2.3145,2.3177,2.322,2.3272,2.3331,3.1852,3.2018,3.2263,3.2695,3.3462,3.4715,3.6666,3.9357,4.0376,3.7411,3.4113,3.1591,2.9414,2.7335,2.5551,2.4717,2.5128,2.6398,2.7814,2.786,2.6758,2.568,2.4825,2.412,2.3532,2.3073,2.276,2.2588,2.2529,2.2543,2.2597,2.2668,2.2743,2.282,2.2899,2.2983,3.1708,3.1741,3.1783,3.1998,3.2655,3.3782,3.5061,3.6092,3.616,3.4981,3.3208,3.1188,2.8924,2.6097,2.2803,2.1353,2.2726,2.4427,2.5513,2.5761,2.5319,2.4644,2.3925,2.3207,2.255,2.2044,2.175,2.1663,2.1722,2.1853,2.2004,2.2146,2.2273,2.2386,2.2494,2.2603,3.1551,3.1408,3.1103,3.0848,3.1428,3.2956,3.4293,3.4947,3.5028,3.4575,3.3156,3.121,2.895,2.5373,1.8247,1.4756,1.9997,2.2723,2.3616,2.3921,2.3863,2.3489,2.285,2.2033,2.1209,2.0606,2.0373,2.0471,2.075,2.1072,2.1359,2.159,2.177,2.1918,2.2053,2.2187,3.1451,3.1174,3.0508,2.9505,2.9921,3.2546,3.4571,3.536,3.5546,3.5686,3.3617,3.1561,2.9817,2.7326,1.9922,1.4767,2.0225,2.1681,2.1824,2.2253,2.2553,2.2371,2.1668,2.0537,1.9294,1.8479,1.8422,1.8931,1.9616,2.0229,2.0691,2.1013,2.1237,2.1409,2.1564,2.1723,3.1463,3.1218,3.0622,2.9738,3.0285,3.3185,3.589,3.7408,3.6005,3.5147,3.3473,3.2002,3.1033,3.0878,2.862,2.444,2.2298,1.9338,1.8568,2.0324,2.1384,2.1368,2.0441,1.8636,1.6415,1.513,1.5606,1.7022,1.8402,1.9406,2.0048,2.0434,2.0671,2.0843,2.1007,2.1191,3.1567,3.1491,3.1322,3.1287,3.2147,3.4164,3.673,4.1434,3.5966,3.4449,3.3283,3.2941,3.2156,3.1681,3.071,2.7145,2.2465,1.3946,1.3664,1.881,2.0566,2.0535,1.9312,1.6483,1.2251,0.998,1.1915,1.5048,1.7366,1.8749,1.9491,1.9857,2.0043,2.0179,2.0342,2.056,3.1683,3.1766,3.1897,3.2233,3.3001,3.4209,3.5416,3.5097,3.4676,3.3954,3.3326,3.4279,3.4262,2.938,2.9686,2.705,2.342,1.8021,1.6862,1.9455,2.0052,1.9692,1.854,1.5161,0.8728,0.5173,0.9209,1.404,1.6951,1.8418,1.9047,1.9242,1.9278,1.9335,1.9499,1.9781,3.1749,3.1914,3.2148,3.2517,3.307,3.3743,3.4293,3.4384,3.4059,3.3673,3.3515,3.322,3.1947,3.1021,2.9527,2.5707,2.2655,2.2692,2.1412,2.0197,1.8367,1.7958,1.8113,1.6033,1.1008,0.7982,1.1117,1.5096,1.7434,1.8444,1.8646,1.8453,1.8211,1.8158,1.837,1.8794,3.1747,3.1933,3.217,3.2476,3.2848,3.3229,3.3507,3.3587,3.3559,3.3861,3.5036,3.3933,3.2793,3.1187,2.9728,2.6459,2.3865,2.422,2.2951,1.9265,1.3116,1.4266,1.7748,1.8037,1.6204,1.4925,1.5881,1.7523,1.8509,1.8638,1.8083,1.7215,1.6537,1.64,1.6806,1.7538,3.1688,3.1863,3.2068,3.2304,3.2556,3.2789,3.296,3.3064,3.3212,3.3706,3.4703,3.3763,3.2416,3.183,3.0732,2.8988,2.7105,2.5693,2.4165,2.038,1.2549,1.4177,1.8673,2.0036,1.9816,1.9498,1.9607,1.9798,1.9618,1.8736,1.7069,1.5076,1.3749,1.3715,1.4676,1.6012,3.1589,3.1742,3.191,3.2088,3.2265,3.2423,3.2548,3.2655,3.2797,3.3032,3.3176,3.2789,3.221,3.2108,3.2622,3.228,2.9418,2.6108,2.4262,2.4288,2.1245,2.0352,2.1515,2.2098,2.2008,2.1806,2.1666,2.1363,2.0533,1.868,1.5432,1.1503,0.9242,0.988,1.207,1.4389,3.1465,3.1595,3.1729,3.1865,3.1994,3.2107,3.2202,3.2286,3.2374,3.2456,3.2459,3.2344,3.2331,3.3107,3.6781,3.8301,3.2029,2.7773,2.6565,2.9046,2.7095,2.5174,2.4489,2.4008,2.3254,2.2401,2.2185,2.228,2.1388,1.8799,1.3677,0.6872,0.3505,0.5726,0.9727,1.3143,3.1329,3.1436,3.1543,3.1647,3.1742,3.1826,3.1895,3.1953,3.2002,3.2035,3.2045,3.2079,3.2344,3.3427,3.6225,3.694,3.2748,3.0568,3.3375,3.527,3.0605,2.8211,2.7062,2.5848,2.4308,2.2667,2.233,2.3182,2.249,1.9737,1.3721,0.5108,0.1073,0.4274,0.9108,1.2911,3.1186,3.1273,3.1358,3.1438,3.1509,3.157,3.1618,3.1655,3.1682,3.17,3.1724,3.1801,3.2052,3.2654,3.3481,3.3354,3.195,3.1253,3.2441,3.2958,3.1354,3.0732,3.014,2.8228,2.6002,2.479,2.5103,2.4929,2.4073,2.1857,1.6895,0.9857,0.6007,0.7558,1.0947,1.3951,3.1042,3.1113,3.1179,3.124,3.1292,3.1334,3.1366,3.1387,3.1399,3.1408,3.1425,3.148,3.1613,3.1831,3.1986,3.1783,3.1266,3.0998,3.1254,3.1583,3.2333,3.4618,3.5155,3.1481,2.7812,2.6082,2.5956,2.5914,2.6096,2.492,2.1328,1.6493,1.3194,1.2807,1.4128,1.5827,3.09,3.0956,3.1007,3.1052,3.1089,3.1116,3.1134,3.1142,3.1142,3.1139,3.1139,3.1153,3.1188,3.1224,3.1194,3.1032,3.0801,3.0699,3.0885,3.1543,3.3471,3.7458,3.8656,3.3732,2.9192,2.6972,2.6418,2.7193,2.9054,2.8061,2.4735,2.1046,1.8305,1.7128,1.7189,1.7859,3.076,3.0804,3.0843,3.0874,3.0899,3.0914,3.092,3.0917,3.0906,3.0889,3.087,3.085,3.0828,3.0789,3.0712,3.059,3.0472,3.0459,3.0688,3.1393,3.2991,3.5337,3.5762,3.2833,2.9595,2.7704,2.7169,2.7983,2.9448,2.8634,2.6051,2.3339,2.122,1.9978,1.9537,1.9629]},{"header":{"la1":42.85,"la2":41.18,"lo1":11.55,"lo2":14.05,"nx":36,"ny":24,"dx":0.07143,"dy":0.07261,"parameterCategory":2,"parameterNumber":3,"parameterNumberName":"northward_wind","parameterUnit":"m.s-1"},"data":[1.0369,1.0595,1.0839,1.1091,1.1336,1.1548,1.1689,1.1721,1.1614,1.1359,1.0973,1.0483,0.9915,0.9286,0.8608,0.7894,0.7177,0.6505,0.5936,0.5513,0.5243,0.5097,0.5027,0.499,0.4953,0.4903,0.4833,0.4747,0.4649,0.4545,0.4439,0.4335,0.4236,0.4143,0.4059,0.3983,1.051,1.0784,1.1092,1.1431,1.1786,1.2122,1.2384,1.2498,1.2407,1.2095,1.1599,1.0978,1.0278,0.9511,0.8677,0.7776,0.6843,0.5959,0.5234,0.4756,0.4536,0.4503,0.456,0.4629,0.467,0.4668,0.4625,0.4553,0.446,0.4356,0.4249,0.4144,0.4044,0.3952,0.3869,0.3796,1.0618,1.094,1.1321,1.1767,1.2273,1.2802,1.3271,1.3545,1.3489,1.3072,1.2389,1.1574,1.0703,0.9779,0.876,0.7609,0.6345,0.51,0.4107,0.357,0.3493,0.37,0.3986,0.4224,0.437,0.4426,0.4411,0.4348,0.4257,0.4151,0.4041,0.3933,0.3833,0.3741,0.366,0.3591,1.0677,1.1039,1.1491,1.206,1.2763,1.3586,1.4425,1.5025,1.5056,1.442,1.3382,1.2263,1.1187,1.0108,0.8899,0.7429,0.5647,0.3741,0.2229,0.1637,0.194,0.2647,0.3327,0.3808,0.4082,0.4194,0.4197,0.4136,0.4038,0.3926,0.3811,0.3701,0.3599,0.3509,0.3432,0.3367,1.0668,1.1051,1.1557,1.224,1.3169,1.4402,1.5889,1.7206,1.7466,1.6312,1.4564,1.2986,1.1701,1.0525,0.9183,0.7363,0.4807,0.1646,-0.0995,-0.1574,-0.0295,0.1394,0.2678,0.3452,0.3842,0.3987,0.3987,0.3911,0.3799,0.3676,0.3554,0.3441,0.334,0.3253,0.318,0.3122,1.0573,1.0944,1.1461,1.2212,1.333,1.5011,1.7452,2.0253,2.1144,1.8743,1.5703,1.3578,1.2187,1.1071,0.9764,0.7716,0.424,-0.1053,-0.6133,-0.6431,-0.2957,0.0293,0.226,0.3262,0.3694,0.3814,0.3776,0.3665,0.3529,0.339,0.3262,0.3147,0.3049,0.2968,0.2903,0.2853,1.0383,1.0692,1.1149,1.1872,1.3042,1.4951,1.8102,2.2643,2.4581,2.0334,1.611,1.3807,1.2593,1.1796,1.0835,0.8947,0.5023,-0.2209,-1.0442,-1.0222,-0.4228,0.0156,0.2371,0.333,0.365,0.3662,0.3541,0.3376,0.3209,0.3057,0.2926,0.2815,0.2723,0.2651,0.2597,0.256,1.0102,1.0285,1.0584,1.115,1.2194,1.3926,1.6611,2.0208,2.1617,1.8379,1.5273,1.3622,1.2919,1.2755,1.2587,1.1418,0.8076,0.1762,-0.5424,-0.5954,-0.1649,0.1586,0.3114,0.3633,0.3657,0.3474,0.3235,0.3008,0.2816,0.2661,0.2536,0.2436,0.2357,0.2299,0.226,0.2238,0.9759,0.9745,0.9752,0.9998,1.084,1.2345,1.4158,1.5776,1.625,1.5333,1.4103,1.3276,1.3169,1.3919,1.5296,1.5364,1.2508,0.8126,0.3966,0.2372,0.3056,0.3898,0.4164,0.3979,0.3581,0.3151,0.2786,0.2514,0.2323,0.2186,0.2084,0.2006,0.1948,0.191,0.189,0.1888,0.9416,0.9163,0.8718,0.8354,0.9019,1.083,1.2524,1.3712,1.4519,1.4561,1.3626,1.2946,1.3184,1.4797,1.9049,2.1195,1.64,1.2714,1.0164,0.8231,0.6924,0.5946,0.5021,0.4091,0.3229,0.2546,0.2096,0.1841,0.1704,0.1623,0.1567,0.1524,0.1494,0.148,0.1484,0.1507,0.9166,0.8743,0.7877,0.6673,0.7111,0.984,1.1845,1.3121,1.5183,1.6171,1.361,1.2493,1.2784,1.4236,1.8488,2.1453,1.7231,1.5882,1.4834,1.2344,0.9562,0.724,0.5343,0.3719,0.2381,0.1478,0.1054,0.0945,0.0955,0.0979,0.099,0.0991,0.0995,0.101,0.1042,0.1093,0.9072,0.8686,0.7918,0.689,0.7397,0.9982,1.1835,1.2717,1.3678,1.4487,1.2574,1.17,1.2178,1.3126,1.4924,1.552,1.6842,2.1624,2.214,1.6393,1.1221,0.765,0.4992,0.2725,0.082,-0.0274,-0.0429,-0.0161,0.011,0.0279,0.0367,0.0414,0.0451,0.0496,0.056,0.0645,0.91,0.8903,0.8598,0.8431,0.909,1.0556,1.1903,1.3468,1.192,1.1768,1.1024,1.0687,1.11,1.4433,1.5871,1.299,1.6718,3.2913,3.3075,1.897,1.1216,0.6965,0.4019,0.125,-0.1465,-0.2777,-0.2227,-0.131,-0.0729,-0.0432,-0.0286,-0.0205,-0.014,-0.0064,0.0036,0.0162,0.9153,0.9123,0.9124,0.9295,0.9806,1.058,1.1277,1.1319,1.1088,1.0404,0.9761,1.016,1.0002,0.5367,0.9642,0.8403,0.9518,2.1998,2.432,1.4845,0.8441,0.4977,0.2672,0.0018,-0.3306,-0.4813,-0.3487,-0.2137,-0.1448,-0.1127,-0.0967,-0.087,-0.0784,-0.0678,-0.0536,-0.0358,0.916,0.9214,0.9314,0.9513,0.9836,1.0219,1.051,1.0496,0.9964,0.8896,0.8048,0.8193,0.7598,0.6116,0.672,0.109,-0.6664,0.5307,1.0125,0.7353,0.323,0.162,0.113,-0.0362,-0.2759,-0.399,-0.3305,-0.2522,-0.2091,-0.1847,-0.1698,-0.1596,-0.1494,-0.1354,-0.1158,-0.0915,0.9103,0.9178,0.9282,0.9425,0.9594,0.9738,0.9753,0.9491,0.8751,0.7296,0.5063,0.693,0.7314,0.7074,0.6108,0.1223,-0.366,0.2167,0.4537,0.2026,-0.3386,-0.2651,-0.0388,-0.0576,-0.1882,-0.2879,-0.318,-0.3129,-0.292,-0.2682,-0.2502,-0.2389,-0.2279,-0.2101,-0.1833,-0.15,0.8993,0.9059,0.9134,0.9213,0.9274,0.9275,0.9145,0.879,0.8089,0.6887,0.5329,0.6504,0.7971,0.8277,0.6567,0.4483,0.2978,0.2917,0.2517,0.0791,-0.427,-0.3252,-0.0836,-0.1035,-0.2491,-0.3985,-0.4758,-0.4666,-0.4156,-0.3658,-0.3352,-0.3228,-0.3133,-0.2912,-0.2541,-0.2089,0.8849,0.8895,0.8937,0.8963,0.8956,0.8885,0.8709,0.8385,0.7888,0.7275,0.6875,0.7201,0.8123,0.8176,0.6474,0.5316,0.4243,0.2075,-0.0109,0.1949,0.0837,0.0023,-0.0233,-0.1691,-0.4438,-0.7479,-0.8527,-0.7253,-0.569,-0.4646,-0.4132,-0.4024,-0.4003,-0.3734,-0.3224,-0.2632,0.8686,0.8711,0.8724,0.8715,0.867,0.857,0.8396,0.8137,0.7808,0.7476,0.7272,0.7276,0.7321,0.6835,0.5496,0.504,0.476,0.3258,0.2468,0.5834,0.438,0.2234,0.0323,-0.2391,-0.6873,-1.2832,-1.4158,-0.9976,-0.6978,-0.543,-0.4701,-0.4605,-0.4701,-0.4394,-0.3753,-0.3046,0.8516,0.8522,0.8513,0.8481,0.8416,0.8309,0.8152,0.7946,0.7708,0.7473,0.7281,0.7122,0.688,0.634,0.5502,0.5196,0.5291,0.588,1.0021,1.2258,0.6795,0.3255,0.0667,-0.2466,-0.7257,-1.3755,-1.5149,-0.9994,-0.7333,-0.5948,-0.5096,-0.4819,-0.4902,-0.4622,-0.3981,-0.3259,0.8345,0.8336,0.8311,0.8264,0.819,0.8084,0.7942,0.7768,0.7573,0.7371,0.717,0.6952,0.6664,0.6264,0.5831,0.5594,0.5663,0.6424,0.8494,0.9033,0.5958,0.3079,0.0982,-0.1644,-0.5268,-0.812,-0.764,-0.7386,-0.7152,-0.6527,-0.5636,-0.4971,-0.4748,-0.4464,-0.3924,-0.3276,0.8177,0.8156,0.8119,0.8063,0.7984,0.788,0.7748,0.7593,0.7418,0.723,0.7026,0.6797,0.6528,0.622,0.5922,0.5713,0.5672,0.5902,0.6256,0.5811,0.4079,0.2381,0.1541,-0.0384,-0.3495,-0.5799,-0.6063,-0.6655,-0.7993,-0.7895,-0.6641,-0.5455,-0.4765,-0.4286,-0.376,-0.3176,0.8014,0.7983,0.7938,0.7876,0.7794,0.769,0.7565,0.742,0.7255,0.7074,0.6873,0.665,0.6401,0.6133,0.5869,0.5638,0.546,0.5314,0.5039,0.4307,0.3047,0.209,0.1988,0.0459,-0.2352,-0.4779,-0.6178,-0.808,-1.1032,-1.0209,-0.7839,-0.6033,-0.4921,-0.4195,-0.3595,-0.3024,0.7857,0.7819,0.7767,0.77,0.7615,0.7512,0.739,0.725,0.7091,0.6914,0.6718,0.6501,0.6263,0.6007,0.5743,0.5475,0.5194,0.4862,0.4384,0.3653,0.2728,0.2022,0.1591,0.035,-0.1769,-0.3949,-0.5976,-0.8714,-1.1437,-1.0535,-0.8096,-0.6183,-0.4923,-0.4067,-0.3407,-0.2836]}]