docs/data/wind_grid.json
[{"header":{"la1":42.85,"la2":41.18,"lo1":11.55,"lo2":14.05,"nx":36,"ny":24,"dx":0.07143,"dy":0.07261,"parameterCategory":2,"parameterNumber":2,"parameterNumberName":"eastward_wind","parameterUnit":"m.s-1"},"data":[-0.5897,-0.5946,-0.5976,-0.5987,-0.598,-0.5953,-0.5905,-0.5832,-0.5729,-0.5605,-0.5474,-0.5359,-0.5279,-0.5241,-0.5245,-0.5273,-0.5296,-0.5276,-0.5176,-0.4984,-0.4728,-0.4471,-0.428,-0.4181,-0.4153,-0.4163,-0.4181,-0.4191,-0.4191,-0.418,-0.4162,-0.414,-0.4116,-0.4092,-0.4068,-0.4046,-0.6105,-0.6174,-0.6218,-0.6238,-0.6239,-0.6221,-0.6182,-0.6106,-0.598,-0.5807,-0.5617,-0.545,-0.5339,-0.5302,-0.5336,-0.5419,-0.5508,-0.5531,-0.5412,-0.5107,-0.4665,-0.4232,-0.396,-0.3888,-0.3941,-0.403,-0.4103,-0.4147,-0.4164,-0.4161,-0.4146,-0.4125,-0.4101,-0.4076,-0.4052,-0.403,-0.6354,-0.645,-0.6514,-0.6545,-0.6554,-0.6556,-0.6548,-0.6494,-0.6346,-0.6097,-0.5801,-0.5541,-0.5378,-0.5338,-0.5419,-0.5598,-0.5813,-0.5948,-0.5831,-0.5324,-0.4486,-0.3674,-0.3291,-0.3362,-0.3621,-0.3863,-0.4023,-0.4108,-0.4142,-0.4145,-0.4131,-0.4108,-0.4083,-0.4058,-0.4034,-0.4012,-0.6654,-0.6794,-0.6885,-0.6923,-0.6935,-0.6967,-0.7039,-0.7078,-0.6932,-0.6543,-0.6045,-0.5622,-0.5373,-0.5322,-0.5469,-0.5796,-0.6247,-0.6651,-0.6652,-0.5819,-0.4105,-0.2388,-0.1915,-0.2501,-0.322,-0.3705,-0.3968,-0.409,-0.4132,-0.4134,-0.4116,-0.4091,-0.4063,-0.4037,-0.4014,-0.3992,-0.7018,-0.7234,-0.7372,-0.7409,-0.739,-0.7441,-0.7682,-0.8009,-0.796,-0.727,-0.6359,-0.5659,-0.5283,-0.5214,-0.5437,-0.5963,-0.6803,-0.7819,-0.8364,-0.7188,-0.3667,0.0252,0.0483,-0.1476,-0.2925,-0.3657,-0.3982,-0.4106,-0.4136,-0.4126,-0.41,-0.4069,-0.404,-0.4013,-0.399,-0.397,-0.7456,-0.781,-0.8055,-0.8088,-0.7944,-0.7911,-0.8394,-0.9456,-0.9807,-0.8364,-0.6648,-0.5568,-0.5056,-0.4965,-0.5249,-0.5973,-0.7311,-0.9454,-1.1702,-1.0672,-0.4812,0.202,0.1793,-0.1388,-0.3124,-0.3836,-0.4092,-0.4158,-0.415,-0.4117,-0.4078,-0.4042,-0.401,-0.3984,-0.3962,-0.3944,-0.7946,-0.8551,-0.9067,-0.916,-0.8703,-0.827,-0.8737,-1.0716,-1.1846,-0.9113,-0.6529,-0.5207,-0.4638,-0.4531,-0.4827,-0.564,-0.7294,-1.0429,-1.504,-1.4521,-0.8371,-0.3304,-0.2085,-0.3211,-0.3965,-0.4231,-0.4268,-0.4222,-0.4156,-0.4094,-0.4044,-0.4004,-0.3973,-0.395,-0.3931,-0.3916,-0.8397,-0.9368,-1.0486,-1.095,-0.9854,-0.8504,-0.8204,-0.9306,-0.9882,-0.7646,-0.5583,-0.4512,-0.4026,-0.3907,-0.4126,-0.4852,-0.6405,-0.9083,-1.2248,-1.2294,-1.0878,-0.9197,-0.6726,-0.5474,-0.4947,-0.4637,-0.4411,-0.4244,-0.4125,-0.4044,-0.3989,-0.3953,-0.3927,-0.3909,-0.3896,-0.3886,-0.8628,-0.9858,-1.1657,-1.296,-1.0912,-0.8564,-0.7292,-0.6738,-0.6088,-0.5007,-0.4162,-0.3627,-0.3294,-0.3141,-0.3142,-0.3608,-0.5074,-0.7163,-0.9176,-1.0959,-1.4179,-1.3168,-0.911,-0.6712,-0.5484,-0.4804,-0.4404,-0.4167,-0.4029,-0.3952,-0.391,-0.3886,-0.3873,-0.3865,-0.3859,-0.3855,-0.8516,-0.9603,-1.0949,-1.1683,-1.0259,-0.8282,-0.658,-0.5108,-0.3426,-0.2549,-0.28,-0.2773,-0.2528,-0.2344,-0.1997,-0.1858,-0.3986,-0.6277,-0.8074,-0.9941,-1.2493,-1.1866,-0.885,-0.6668,-0.5362,-0.4594,-0.4164,-0.3947,-0.385,-0.3814,-0.3806,-0.3808,-0.3813,-0.3818,-0.3821,-0.3824,-0.8145,-0.8981,-0.9855,-1.0601,-1.0209,-0.8068,-0.629,-0.4652,-0.1337,0.0235,-0.1854,-0.2094,-0.1705,-0.1449,-0.1597,-0.17,-0.4227,-0.7001,-0.8514,-0.8926,-0.9185,-0.8664,-0.7221,-0.5757,-0.4656,-0.3972,-0.3653,-0.357,-0.359,-0.364,-0.3688,-0.3726,-0.3754,-0.3773,-0.3786,-0.3795,-0.7644,-0.8318,-0.9172,-1.0199,-0.9738,-0.7615,-0.6542,-0.6212,-0.3588,-0.1414,-0.1971,-0.1607,-0.0821,0.0162,-0.0642,-0.2775,-0.5948,-1.0912,-1.2285,-0.9747,-0.7925,-0.6774,-0.5667,-0.4527,-0.3511,-0.2915,-0.2853,-0.3058,-0.3284,-0.3458,-0.3577,-0.3655,-0.3704,-0.3735,-0.3755,-0.3769,-0.706,-0.7522,-0.8021,-0.8328,-0.7836,-0.6892,-0.6877,-0.7907,-0.6572,-0.3703,-0.217,-0.1121,-0.0436,0.0929,0.0121,-0.3085,-0.7194,-1.9638,-2.0185,-1.1012,-0.7187,-0.5457,-0.4365,-0.3288,-0.2056,-0.1393,-0.1824,-0.2515,-0.3013,-0.332,-0.3503,-0.361,-0.3671,-0.3707,-0.373,-0.3747,-0.6451,-0.67,-0.6884,-0.6867,-0.6551,-0.6225,-0.6421,-0.7089,-0.617,-0.3671,-0.1953,-0.0623,-0.0216,-0.0119,-0.1604,-0.3321,-0.572,-1.2803,-1.4361,-0.876,-0.5385,-0.385,-0.3136,-0.235,-0.0936,-0.0067,-0.1071,-0.2211,-0.2902,-0.3287,-0.3496,-0.3604,-0.3658,-0.3687,-0.3708,-0.3726,-0.5884,-0.5984,-0.6006,-0.5904,-0.5688,-0.5486,-0.542,-0.5261,-0.4329,-0.2804,-0.1676,-0.1039,-0.0452,0.0772,-0.2119,-0.37,-0.9849,-0.7559,-0.6867,-0.4549,-0.2128,-0.1452,-0.1813,-0.1875,-0.1215,-0.0686,-0.1443,-0.2417,-0.3049,-0.3398,-0.3568,-0.3636,-0.3655,-0.3664,-0.3678,-0.37,-0.539,-0.5399,-0.5343,-0.5208,-0.5004,-0.4765,-0.4479,-0.4004,-0.3159,-0.2055,-0.1167,-0.1019,-0.0946,-0.0907,-0.2246,-0.5007,-0.8167,-0.5358,-0.3226,-0.0924,0.2307,0.166,-0.0485,-0.1553,-0.1881,-0.2022,-0.2473,-0.3037,-0.3441,-0.3649,-0.3707,-0.3676,-0.3626,-0.3605,-0.3622,-0.3659,-0.4972,-0.4925,-0.4827,-0.4668,-0.445,-0.4172,-0.3809,-0.3303,-0.2619,-0.1834,-0.1217,-0.1141,-0.107,-0.1082,-0.157,-0.2491,-0.2904,-0.135,0.0456,0.1169,0.3142,0.2345,0.0056,-0.1426,-0.2375,-0.3043,-0.3535,-0.3853,-0.4007,-0.4006,-0.3864,-0.3652,-0.3491,-0.3455,-0.3511,-0.3594,-0.462,-0.4541,-0.4417,-0.4243,-0.4016,-0.373,-0.337,-0.2924,-0.2404,-0.1882,-0.1484,-0.1236,-0.101,-0.0813,0.0063,0.0494,0.0341,0.2665,0.5315,0.3097,0.2118,0.129,-0.0099,-0.1601,-0.3027,-0.4179,-0.4728,-0.4809,-0.4708,-0.4437,-0.3975,-0.3434,-0.3113,-0.3142,-0.3332,-0.3513,-0.4327,-0.4227,-0.4089,-0.3909,-0.3684,-0.3409,-0.3082,-0.2704,-0.2294,-0.1892,-0.1532,-0.1189,-0.0749,0.0261,0.3466,0.4855,0.233,0.3536,0.5306,0.5282,0.3343,0.1525,-0.0058,-0.1825,-0.3815,-0.5445,-0.5837,-0.5789,-0.5546,-0.497,-0.4046,-0.2961,-0.2447,-0.2711,-0.3146,-0.3455,-0.4082,-0.397,-0.3827,-0.3648,-0.3431,-0.3177,-0.2884,-0.2559,-0.2213,-0.1862,-0.1503,-0.1091,-0.0476,0.0767,0.3211,0.4078,0.272,0.374,0.7557,0.9296,0.4844,0.2249,0.0457,-0.1683,-0.4232,-0.597,-0.6279,-0.7033,-0.6673,-0.5739,-0.4374,-0.2784,-0.2109,-0.2558,-0.3134,-0.3494,-0.3879,-0.3761,-0.3616,-0.3443,-0.3239,-0.3005,-0.2742,-0.2455,-0.2149,-0.1825,-0.1472,-0.1048,-0.0461,0.0415,0.1476,0.2022,0.222,0.3353,0.5685,0.6445,0.4476,0.3225,0.2014,-0.0636,-0.4204,-0.7628,-1.0786,-1.007,-0.8195,-0.6851,-0.5335,-0.3725,-0.2928,-0.3071,-0.3425,-0.367,-0.3709,-0.359,-0.3448,-0.3282,-0.3091,-0.2876,-0.2639,-0.238,-0.2103,-0.1803,-0.1471,-0.108,-0.0597,-0.0008,0.0602,0.1099,0.1602,0.2416,0.3427,0.3944,0.4282,0.5853,0.6037,0.1844,-0.3519,-0.8907,-1.3577,-1.1667,-0.9358,-0.8254,-0.6711,-0.5164,-0.4214,-0.3908,-0.3895,-0.3935,-0.3568,-0.345,-0.3313,-0.3156,-0.2978,-0.278,-0.2564,-0.2329,-0.2076,-0.1802,-0.15,-0.1158,-0.0766,-0.0331,0.0117,0.0556,0.1034,0.1619,0.2279,0.3044,0.4661,0.8265,0.9425,0.3909,-0.2216,-0.7032,-0.9879,-1.0057,-1.0516,-0.9815,-0.7908,-0.6247,-0.5172,-0.4602,-0.4332,-0.4197,-0.3452,-0.3337,-0.3205,-0.3057,-0.2892,-0.271,-0.2512,-0.2298,-0.2069,-0.1821,-0.1551,-0.1255,-0.0931,-0.0584,-0.0223,0.015,0.0554,0.1015,0.1571,0.2371,0.3835,0.6004,0.6283,0.2796,-0.1634,-0.523,-0.7616,-0.9244,-1.0637,-0.9998,-0.8206,-0.6682,-0.5647,-0.5006,-0.4624,-0.4392]},{"header":{"la1":42.85,"la2":41.18,"lo1":11.55,"lo2":14.05,"nx":36,"ny":24,"dx":0.07143,"dy":0.07261,"parameterCategory":2,"parameterNumber":3,"parameterNumberName":"northward_wind","parameterUnit":"m.s-1"},"data":[-0.4916,-0.4806,-0.4673,-0.4517,-0.4345,-0.4169,-0.4011,-0.3895,-0.3835,-0.3828,-0.3852,-0.3876,-0.3871,-0.3823,-0.3726,-0.359,-0.3434,-0.3282,-0.3162,-0.309,-0.3068,-0.3084,-0.3119,-0.3165,-0.3218,-0.3279,-0.3347,-0.3424,-0.3505,-0.359,-0.3677,-0.3763,-0.3849,-0.3932,-0.4012,-0.4088,-0.4962,-0.4837,-0.4678,-0.448,-0.4248,-0.3997,-0.3764,-0.3597,-0.3534,-0.3574,-0.3674,-0.3771,-0.3817,-0.3785,-0.3673,-0.3495,-0.328,-0.3071,-0.2916,-0.2848,-0.2862,-0.2924,-0.2992,-0.3053,-0.3112,-0.3178,-0.3256,-0.3343,-0.3438,-0.3535,-0.3634,-0.3732,-0.3828,-0.3921,-0.401,-0.4094,-0.5027,-0.4891,-0.4706,-0.4456,-0.4135,-0.3758,-0.3381,-0.3103,-0.3027,-0.3163,-0.3413,-0.3647,-0.3778,-0.3777,-0.3644,-0.3401,-0.3089,-0.278,-0.2569,-0.2527,-0.264,-0.2806,-0.2922,-0.2978,-0.3021,-0.3082,-0.3165,-0.3264,-0.3372,-0.3483,-0.3596,-0.3707,-0.3815,-0.3918,-0.4016,-0.4108,-0.5118,-0.4979,-0.4774,-0.447,-0.4033,-0.345,-0.2786,-0.2247,-0.2117,-0.2463,-0.3026,-0.351,-0.3781,-0.3825,-0.3663,-0.3322,-0.285,-0.2353,-0.2025,-0.2057,-0.2431,-0.2854,-0.3016,-0.2982,-0.2952,-0.2988,-0.3073,-0.3185,-0.3309,-0.3436,-0.3564,-0.3689,-0.381,-0.3925,-0.4032,-0.4133,-0.5236,-0.5112,-0.4909,-0.457,-0.4006,-0.3119,-0.1901,-0.0706,-0.0382,-0.1253,-0.2494,-0.3406,-0.387,-0.3968,-0.377,-0.33,-0.2574,-0.1699,-0.1058,-0.1222,-0.224,-0.3315,-0.3417,-0.3059,-0.288,-0.2883,-0.2976,-0.3106,-0.325,-0.3396,-0.3541,-0.3681,-0.3816,-0.3943,-0.4062,-0.4171,-0.5379,-0.5291,-0.5132,-0.4814,-0.4174,-0.2955,-0.0843,0.1918,0.2901,0.0623,-0.197,-0.3463,-0.4115,-0.4254,-0.4024,-0.3424,-0.237,-0.081,0.0729,0.0494,-0.1623,-0.3717,-0.368,-0.2967,-0.2719,-0.2744,-0.2871,-0.3031,-0.3198,-0.3366,-0.3529,-0.3687,-0.3837,-0.3977,-0.4107,-0.4225,-0.5532,-0.5501,-0.5435,-0.5231,-0.4653,-0.3322,-0.0527,0.4318,0.661,0.193,-0.2084,-0.3892,-0.4578,-0.4721,-0.4493,-0.3836,-0.2551,-0.0333,0.2539,0.2348,-0.0239,-0.2016,-0.252,-0.2388,-0.2415,-0.2569,-0.2763,-0.2962,-0.3158,-0.3347,-0.3531,-0.3708,-0.3875,-0.4031,-0.4173,-0.4301,-0.5669,-0.5691,-0.575,-0.5738,-0.5342,-0.4327,-0.2208,0.1412,0.3016,-0.0527,-0.3493,-0.4774,-0.5243,-0.5368,-0.5244,-0.4675,-0.3395,-0.1337,0.0891,0.1233,0.1049,0.0445,-0.0831,-0.1616,-0.2074,-0.2403,-0.2672,-0.291,-0.3131,-0.3344,-0.3551,-0.3749,-0.3936,-0.411,-0.4266,-0.4402,-0.5765,-0.5796,-0.5931,-0.6086,-0.58,-0.5403,-0.4743,-0.3846,-0.3772,-0.4788,-0.5555,-0.5852,-0.5973,-0.6125,-0.6374,-0.6114,-0.4719,-0.2864,-0.1107,0.0641,0.3393,0.2766,0.0241,-0.1155,-0.1873,-0.2304,-0.2615,-0.2877,-0.312,-0.3358,-0.359,-0.3815,-0.4027,-0.4221,-0.4392,-0.4538,-0.5822,-0.5782,-0.5775,-0.5793,-0.5699,-0.6168,-0.6752,-0.7235,-0.7903,-0.8128,-0.737,-0.6779,-0.6589,-0.679,-0.7934,-0.8592,-0.6003,-0.3882,-0.2246,-0.0313,0.206,0.1792,-0.0041,-0.1227,-0.1885,-0.2291,-0.2591,-0.2858,-0.312,-0.3387,-0.3654,-0.3914,-0.4158,-0.4376,-0.4563,-0.4717,-0.5885,-0.5741,-0.5361,-0.449,-0.4801,-0.6746,-0.8474,-0.9476,-1.0215,-1.0629,-0.854,-0.7354,-0.7038,-0.7138,-0.7913,-0.8672,-0.5876,-0.4144,-0.3053,-0.1864,-0.0735,-0.0504,-0.1031,-0.1605,-0.202,-0.2315,-0.2567,-0.2832,-0.3123,-0.3433,-0.375,-0.4058,-0.4343,-0.4591,-0.4795,-0.4954,-0.6007,-0.586,-0.5448,-0.4675,-0.5181,-0.7813,-1.0532,-1.2136,-1.1126,-1.0206,-0.86,-0.7572,-0.7438,-0.8035,-0.7213,-0.5702,-0.4421,-0.4026,-0.3719,-0.2809,-0.2016,-0.1658,-0.1695,-0.1905,-0.2113,-0.2282,-0.2488,-0.2774,-0.3119,-0.3499,-0.3889,-0.4266,-0.4607,-0.4893,-0.5113,-0.5268,-0.6193,-0.6168,-0.6086,-0.6125,-0.6998,-0.9119,-1.1995,-1.4823,-1.2768,-0.9981,-0.8348,-0.7744,-0.7577,-0.8448,-0.7102,-0.3421,-0.2553,-0.4746,-0.4866,-0.3094,-0.2242,-0.1877,-0.1843,-0.1969,-0.2073,-0.2125,-0.232,-0.2678,-0.3118,-0.3601,-0.4099,-0.4575,-0.4993,-0.5322,-0.555,-0.5686,-0.6389,-0.6495,-0.667,-0.7066,-0.7944,-0.944,-1.1365,-1.2896,-1.1993,-0.9525,-0.8158,-0.8113,-0.8078,-0.6747,-0.3691,0.12,0.0921,-0.2185,-0.3324,-0.2391,-0.1644,-0.1363,-0.1539,-0.1841,-0.1984,-0.1953,-0.216,-0.2603,-0.3151,-0.3771,-0.4422,-0.5044,-0.5569,-0.5944,-0.6161,-0.6243,-0.6539,-0.6717,-0.6986,-0.7421,-0.8099,-0.9016,-0.9976,-1.0469,-0.9864,-0.8743,-0.8121,-0.7752,-0.6629,-0.4994,-0.2233,0.2729,0.807,0.1553,-0.1201,-0.1091,0.0142,0.0225,-0.0754,-0.1549,-0.1913,-0.1993,-0.217,-0.2598,-0.3237,-0.4039,-0.4925,-0.5776,-0.6453,-0.6867,-0.702,-0.6981,-0.6621,-0.6817,-0.7083,-0.7445,-0.7909,-0.8424,-0.8846,-0.8955,-0.8672,-0.8404,-0.8755,-0.8796,-0.7751,-0.5796,-0.3162,0.144,0.5455,0.0969,-0.13,0.006,0.441,0.3412,0.0284,-0.1171,-0.1678,-0.1845,-0.2032,-0.2492,-0.3309,-0.4422,-0.5705,-0.6943,-0.7851,-0.8257,-0.8223,-0.7936,-0.6642,-0.6824,-0.705,-0.7323,-0.7626,-0.7916,-0.8116,-0.8161,-0.8097,-0.8173,-0.8599,-0.8441,-0.8875,-0.8829,-0.5178,-0.2563,-0.1507,-0.2959,-0.4048,-0.119,0.4934,0.3694,0.0262,-0.1057,-0.1253,-0.109,-0.1198,-0.1937,-0.3223,-0.4909,-0.6891,-0.8836,-1.0104,-1.0344,-0.9852,-0.9104,-0.6617,-0.6773,-0.6953,-0.715,-0.7349,-0.7521,-0.7634,-0.7675,-0.7686,-0.7752,-0.7865,-0.7993,-0.8984,-0.8994,-0.6486,-0.5319,-0.4799,-0.6934,-0.9851,-0.519,-0.1273,-0.0377,-0.1079,-0.1258,-0.0477,0.0859,0.1053,-0.061,-0.2905,-0.5476,-0.8568,-1.18,-1.3622,-1.3269,-1.1831,-1.0357,-0.6562,-0.6691,-0.6829,-0.6971,-0.7104,-0.7213,-0.7283,-0.7316,-0.7329,-0.7348,-0.7375,-0.7433,-0.7548,-0.7295,-0.7281,-0.75,-0.6178,-0.7177,-0.8481,-0.6092,-0.4178,-0.2955,-0.2412,-0.159,0.0543,0.4462,0.5306,0.1073,-0.2659,-0.6038,-1.0362,-1.5482,-1.7994,-1.6403,-1.3625,-1.1365,-0.6491,-0.6594,-0.6699,-0.68,-0.6891,-0.6961,-0.7005,-0.7023,-0.7021,-0.7008,-0.6984,-0.6947,-0.6879,-0.6805,-0.711,-0.7194,-0.6309,-0.6183,-0.6099,-0.5964,-0.512,-0.4242,-0.3533,-0.235,0.0159,0.4894,0.5969,0.0293,-0.3242,-0.6418,-1.0959,-1.6957,-1.9805,-1.7539,-1.4215,-1.17,-0.6412,-0.6493,-0.6572,-0.6645,-0.6706,-0.675,-0.6774,-0.6777,-0.6761,-0.6727,-0.6676,-0.6604,-0.6518,-0.6454,-0.6457,-0.6335,-0.6011,-0.5833,-0.5806,-0.5727,-0.544,-0.5304,-0.4951,-0.3807,-0.2154,-0.1256,-0.3204,-0.3687,-0.4618,-0.6591,-0.9768,-1.4096,-1.6517,-1.5444,-1.3182,-1.122,-0.6331,-0.6393,-0.6452,-0.6504,-0.6544,-0.657,-0.6579,-0.6571,-0.6544,-0.6499,-0.6436,-0.6357,-0.6266,-0.6177,-0.6087,-0.5954,-0.5786,-0.5669,-0.5634,-0.5678,-0.6026,-0.699,-0.7203,-0.5618,-0.415,-0.4266,-0.5788,-0.5428,-0.5997,-0.6899,-0.8344,-1.0606,-1.2265,-1.2319,-1.1378,-1.0244,-0.625,-0.6298,-0.6341,-0.6377,-0.6403,-0.6415,-0.6414,-0.6396,-0.6363,-0.6313,-0.6248,-0.6169,-0.6079,-0.5983,-0.5881,-0.5768,-0.566,-0.5593,-0.5615,-0.5834,-0.6589,-0.8222,-0.8729,-0.6758,-0.5204,-0.492,-0.5381,-0.6215,-0.7579,-0.7501,-0.7673,-0.8649,-0.9625,-0.9981,-0.9738,-0.9203,-0.6173,-0.6209,-0.624,-0.6264,-0.6278,-0.6281,-0.6272,-0.6249,-0.6212,-0.6162,-0.6098,-0.6023,-0.5938,-0.5848,-0.5755,-0.5664,-0.559,-0.556,-0.5621,-0.587,-0.6479,-0.7404,-0.7597,-0.656,-0.5595,-0.5331,-0.5703,-0.6717,-0.778,-0.7597,-0.74,-0.7748,-0.8253,-0.8553,-0.8551,-0.8328]}]