docs/data/wind_grid.json
[{"header":{"la1":42.85,"la2":41.18,"lo1":11.55,"lo2":14.05,"nx":36,"ny":24,"dx":0.07143,"dy":0.07261,"parameterCategory":2,"parameterNumber":2,"parameterNumberName":"eastward_wind","parameterUnit":"m.s-1"},"data":[2.3019,2.296,2.2848,2.2684,2.2472,2.2219,2.1933,2.1617,2.127,2.089,2.0478,2.0035,1.9561,1.9052,1.8495,1.7871,1.7159,1.6334,1.5389,1.436,1.336,1.2567,1.2143,1.2128,1.2429,1.2901,1.3421,1.3918,1.4358,1.4735,1.5052,1.5318,1.5541,1.5729,1.5889,1.6028,2.3432,2.3392,2.3284,2.3106,2.2865,2.2579,2.2261,2.1917,2.154,2.1122,2.0664,2.0176,1.9662,1.9116,1.8521,1.7849,1.7056,1.6086,1.488,1.3438,1.1923,1.0705,1.0164,1.0364,1.1045,1.1893,1.271,1.3415,1.3996,1.4464,1.4841,1.5146,1.5395,1.5601,1.5774,1.5921,2.3923,2.3919,2.382,2.3621,2.3335,2.2997,2.264,2.2271,2.1865,2.1399,2.088,2.0332,1.9772,1.9197,1.8582,1.7889,1.7056,1.5977,1.4481,1.2408,0.9906,0.7792,0.7091,0.7864,0.9316,1.0781,1.2004,1.2956,1.3682,1.4236,1.4664,1.5,1.5268,1.5487,1.5668,1.5822,2.4516,2.4576,2.4505,2.4275,2.391,2.3482,2.3071,2.2697,2.2282,2.1749,2.1125,2.0488,1.9877,1.9282,1.8674,1.8008,1.7221,1.6171,1.4508,1.1596,0.7144,0.2914,0.2107,0.4442,0.7375,0.9733,1.1423,1.2611,1.3458,1.4074,1.4534,1.4887,1.5164,1.5387,1.5572,1.5728,2.5234,2.542,2.5419,2.5156,2.4646,2.4038,2.3542,2.3234,2.2882,2.2221,2.1389,2.0612,1.9945,1.9348,1.8775,1.8191,1.7576,1.6869,1.5601,1.2107,0.4241,-0.4979,-0.5218,0.076,0.5844,0.9095,1.1136,1.2461,1.3359,1.3992,1.4456,1.4807,1.5081,1.5302,1.5484,1.5638,2.6092,2.6516,2.6705,2.644,2.5664,2.468,2.3991,2.3913,2.3843,2.285,2.1591,2.0633,1.9933,1.9359,1.8845,1.8378,1.8028,1.8057,1.8466,1.5899,0.5114,-0.9711,-0.8972,-0.01,0.5858,0.9257,1.1275,1.2548,1.3397,1.3991,1.4426,1.4756,1.5015,1.5224,1.5399,1.5549,2.7052,2.7898,2.8559,2.8459,2.722,2.5473,2.4278,2.4441,2.49,2.3219,2.1461,2.0444,1.9798,1.9274,1.8812,1.8454,1.8315,1.8912,2.1344,2.0416,1.0973,0.1438,-0.0195,0.4006,0.7771,1.0237,1.1806,1.2835,1.354,1.4047,1.4426,1.4721,1.4956,1.5149,1.5312,1.5455,2.7963,2.9395,3.1017,3.1607,2.9556,2.6482,2.4307,2.3721,2.3673,2.204,2.0642,1.9987,1.9547,1.9054,1.8549,1.8256,1.8254,1.8542,1.9274,1.7595,1.2685,0.9816,0.8353,0.8881,1.0271,1.1549,1.2506,1.3201,1.3717,1.4115,1.443,1.4683,1.4891,1.5065,1.5216,1.5351,2.8554,3.0398,3.2966,3.4768,3.1664,2.7321,2.407,2.1958,2.0405,1.9254,1.912,1.9364,1.9279,1.8698,1.7759,1.7377,1.7914,1.8171,1.7469,1.483,1.0756,1.0879,1.1523,1.175,1.2166,1.265,1.3095,1.3489,1.3838,1.4144,1.4404,1.4623,1.4806,1.4962,1.5101,1.5228,2.8654,3.0398,3.2431,3.3487,3.1557,2.7603,2.3594,1.9933,1.5846,1.4338,1.6933,1.8847,1.9215,1.8427,1.6037,1.4744,1.7456,1.8654,1.8055,1.5639,1.2335,1.217,1.3096,1.3299,1.3256,1.3239,1.3336,1.3547,1.3815,1.4085,1.4323,1.4523,1.4687,1.4828,1.4955,1.5077,2.8359,2.9936,3.1959,3.4618,3.3635,2.7918,2.3263,1.899,1.0028,0.553,1.5075,1.8983,1.954,1.8796,1.6518,1.4824,1.8428,2.0301,2.0198,1.8407,1.6206,1.509,1.4685,1.4168,1.3532,1.3076,1.3006,1.3242,1.3588,1.3913,1.4174,1.4371,1.4523,1.465,1.4767,1.4887,2.7771,2.9156,3.1198,3.394,3.2763,2.7059,2.3266,2.127,1.6022,1.1645,1.7467,2.0296,2.0135,1.8815,1.8524,1.9264,2.1114,2.3783,2.4031,2.1374,1.8835,1.7054,1.5685,1.4239,1.2686,1.1718,1.1825,1.2495,1.3161,1.3647,1.3965,1.4165,1.4301,1.441,1.4519,1.4643,2.6948,2.7891,2.8983,2.9667,2.8367,2.5502,2.3616,2.1382,2.3741,2.0572,2.1236,2.2728,2.1935,1.8138,1.8271,2.0811,2.2927,2.9202,2.9304,2.3416,2.006,1.7863,1.5926,1.3475,1.0303,0.8525,0.9666,1.1455,1.2673,1.3361,1.3722,1.3901,1.3999,1.4081,1.4185,1.4322,2.6056,2.6556,2.6924,2.6831,2.5963,2.4754,2.4293,2.5711,2.4948,2.305,2.3281,2.508,2.5435,2.2821,2.1405,2.097,2.2845,2.6318,2.6567,2.2779,1.9771,1.7705,1.5778,1.2739,0.7749,0.4941,0.7812,1.08,1.2401,1.3154,1.3464,1.3556,1.3575,1.3615,1.3721,1.3896,2.5252,2.5479,2.5547,2.5344,2.4858,2.4332,2.4124,2.4235,2.404,2.3981,2.4503,2.4875,2.4636,2.5668,2.2705,2.1333,2.8971,2.5209,2.3377,2.0719,1.782,1.6468,1.5552,1.3277,0.9301,0.6966,0.8942,1.126,1.2525,1.3055,1.316,1.3057,1.2934,1.2922,1.3064,1.3327,2.46,2.4693,2.4672,2.4511,2.4245,2.3988,2.3858,2.3871,2.4061,2.4803,2.6317,2.6471,2.5548,2.4515,2.3667,2.4732,2.7729,2.472,2.2221,1.8603,1.3433,1.3863,1.5232,1.4381,1.247,1.1209,1.1491,1.2301,1.2849,1.2969,1.2709,1.2257,1.1901,1.1855,1.2123,1.2579,2.4088,2.4124,2.409,2.3984,2.384,2.3715,2.367,2.3762,2.4096,2.4892,2.6084,2.5866,2.5795,2.569,2.3948,2.3681,2.3941,2.345,2.2379,1.8829,1.2809,1.3575,1.5424,1.5113,1.3978,1.3018,1.2708,1.2885,1.3043,1.2779,1.1976,1.0901,1.0168,1.0194,1.0813,1.1647,2.3686,2.3701,2.3674,2.3611,2.3536,2.3484,2.3496,2.3614,2.3893,2.4348,2.4783,2.4931,2.5518,2.5407,2.3103,2.2263,2.2686,2.3798,2.5297,2.1524,1.7838,1.6548,1.6286,1.5465,1.4032,1.2481,1.1988,1.2651,1.3074,1.2537,1.09,0.8662,0.7326,0.7772,0.9177,1.0635,2.3362,2.3371,2.3354,2.3319,2.3284,2.3269,2.3299,2.3397,2.3575,2.3803,2.399,2.4063,2.3992,2.3143,2.0677,1.9772,2.167,2.3127,2.395,2.1625,1.9696,1.8062,1.6868,1.554,1.3358,0.9911,0.9125,1.2063,1.3361,1.2563,0.9807,0.5735,0.3616,0.5084,0.7673,0.9837,2.3093,2.31,2.3091,2.3073,2.3056,2.3055,2.3082,2.3144,2.3238,2.3335,2.3382,2.3312,2.3003,2.2172,2.0651,2.0157,2.1201,2.1699,2.1267,2.0957,1.9853,1.818,1.6847,1.5655,1.3728,0.9782,0.8853,1.3629,1.4653,1.3308,0.9828,0.4591,0.2015,0.4117,0.7245,0.9657,2.2863,2.2868,2.2863,2.2852,2.2843,2.2842,2.2855,2.2883,2.2916,2.2933,2.2897,2.276,2.2457,2.1936,2.1318,2.1029,2.1086,2.1031,2.0779,2.0368,1.8958,1.7051,1.593,1.5689,1.5623,1.6391,2.0,1.9251,1.6851,1.477,1.1678,0.7489,0.516,0.6182,0.8353,1.0256,2.2659,2.2662,2.2658,2.2649,2.2639,2.2632,2.2629,2.2628,2.2619,2.2586,2.2507,2.2353,2.2102,2.1761,2.1397,2.1106,2.0862,2.0541,2.0041,1.9106,1.7122,1.4268,1.3334,1.4899,1.6716,1.9799,2.4368,2.1734,1.7894,1.6153,1.4038,1.1347,0.9509,0.9374,1.0257,1.1355,2.2474,2.2475,2.2469,2.2458,2.2444,2.2428,2.241,2.2386,2.2349,2.2286,2.2184,2.2029,2.1813,2.1544,2.1244,2.0929,2.0572,2.0097,1.9373,1.8104,1.5708,1.2131,1.1176,1.4018,1.6579,1.8831,2.0384,1.8976,1.726,1.686,1.5586,1.3831,1.2453,1.1906,1.2052,1.2537,2.2305,2.2302,2.2292,2.2278,2.2258,2.2233,2.2202,2.2161,2.2104,2.2023,2.1909,2.1754,2.1554,2.1311,2.1027,2.0696,2.0292,1.9753,1.8972,1.7756,1.5876,1.3679,1.3115,1.4691,1.6441,1.7711,1.8228,1.7687,1.7136,1.6956,1.6172,1.5056,1.4095,1.3545,1.3411,1.3562]},{"header":{"la1":42.85,"la2":41.18,"lo1":11.55,"lo2":14.05,"nx":36,"ny":24,"dx":0.07143,"dy":0.07261,"parameterCategory":2,"parameterNumber":3,"parameterNumberName":"northward_wind","parameterUnit":"m.s-1"},"data":[0.8927,0.8887,0.8877,0.8898,0.8953,0.9046,0.9186,0.9387,0.9662,1.0011,1.0421,1.087,1.1335,1.1801,1.226,1.2702,1.3117,1.3487,1.3794,1.4026,1.4182,1.4269,1.43,1.429,1.4256,1.4214,1.4174,1.4141,1.4117,1.41,1.4088,1.408,1.4074,1.4069,1.4064,1.4058,0.8584,0.8515,0.8481,0.8482,0.8516,0.8582,0.8696,0.8887,0.9185,0.9601,1.0107,1.0661,1.1226,1.1783,1.2327,1.2857,1.3362,1.3813,1.4175,1.4426,1.457,1.4627,1.4616,1.4556,1.4473,1.4391,1.4322,1.4271,1.4234,1.4209,1.4192,1.4179,1.4169,1.4161,1.4152,1.4143,0.8191,0.8085,0.8022,0.8,0.8006,0.8026,0.8074,0.8212,0.8522,0.9036,0.9696,1.0406,1.1101,1.1765,1.2409,1.3049,1.368,1.4256,1.4698,1.4953,1.505,1.5053,1.4983,1.4851,1.4699,1.4566,1.4467,1.4398,1.4352,1.4322,1.43,1.4284,1.4271,1.4258,1.4246,1.4233,0.7739,0.7579,0.748,0.7439,0.7421,0.7372,0.7277,0.7252,0.7529,0.8218,0.9155,1.0109,1.0973,1.1752,1.2499,1.327,1.4089,1.4889,1.5476,1.5679,1.561,1.5513,1.5382,1.5154,1.4912,1.4725,1.4599,1.452,1.4471,1.4439,1.4415,1.4396,1.4379,1.4363,1.4346,1.4329,0.7212,0.6971,0.6821,0.6774,0.6769,0.665,0.6276,0.5805,0.5907,0.6985,0.8481,0.9815,1.0874,1.1752,1.2578,1.3484,1.4578,1.5831,1.6803,1.6818,1.6182,1.5877,1.5749,1.5405,1.507,1.4846,1.4714,1.4639,1.4594,1.4565,1.4541,1.4519,1.4498,1.4476,1.4454,1.4432,0.6604,0.6225,0.5977,0.594,0.6049,0.597,0.52,0.3661,0.3163,0.5253,0.7826,0.9646,1.0863,1.1778,1.2619,1.3602,1.5006,1.7106,1.9311,1.9033,1.6815,1.597,1.5885,1.5472,1.5118,1.4915,1.4813,1.4763,1.4733,1.4709,1.4684,1.4657,1.4628,1.46,1.4571,1.4543,0.593,0.5322,0.4857,0.4786,0.5185,0.5492,0.4668,0.184,0.0255,0.407,0.7743,0.9796,1.0999,1.185,1.2609,1.3513,1.4982,1.7784,2.2021,2.1616,1.733,1.5866,1.557,1.5272,1.5056,1.4956,1.4925,1.4917,1.4906,1.4884,1.4852,1.4814,1.4775,1.4736,1.4698,1.4662,0.5264,0.4348,0.3479,0.3178,0.4022,0.5203,0.5368,0.3764,0.2934,0.5951,0.8761,1.0331,1.128,1.1986,1.2608,1.3258,1.4283,1.6308,1.9042,1.8565,1.5817,1.5026,1.498,1.4965,1.498,1.5039,1.5106,1.5144,1.5142,1.5108,1.5055,1.4996,1.4939,1.4886,1.4837,1.4791,0.4735,0.3564,0.2418,0.1878,0.2869,0.4919,0.6556,0.726,0.7969,0.9252,1.0309,1.1027,1.1606,1.2186,1.2814,1.3209,1.3459,1.4212,1.5155,1.5031,1.4083,1.4142,1.4492,1.476,1.5029,1.5278,1.5448,1.5509,1.548,1.5399,1.5301,1.5205,1.5121,1.5049,1.4986,1.493,0.4431,0.3053,0.1788,0.1245,0.1512,0.4467,0.7558,0.9626,1.1248,1.1972,1.1671,1.1601,1.1836,1.2343,1.3484,1.4095,1.3025,1.274,1.3102,1.3596,1.3881,1.3988,1.4288,1.4795,1.5373,1.5852,1.6097,1.6103,1.5962,1.5771,1.5589,1.5437,1.5317,1.5224,1.5147,1.508,0.4409,0.2677,-0.0033,-0.4623,-0.3417,0.3852,0.8659,1.1177,1.3474,1.4451,1.2549,1.1909,1.1904,1.2173,1.3181,1.3975,1.2206,1.1254,1.1302,1.2114,1.2977,1.3578,1.4246,1.5202,1.6287,1.7085,1.7296,1.7041,1.6616,1.6215,1.5902,1.5678,1.5521,1.5408,1.532,1.5244,0.4819,0.3082,0.0179,-0.3964,-0.2403,0.5333,1.0352,1.2323,1.3088,1.3527,1.2436,1.1982,1.1918,1.2022,1.1998,1.156,1.0442,0.8742,0.8598,1.0345,1.189,1.3079,1.4373,1.6159,1.8278,1.9625,1.9423,1.8404,1.7402,1.6674,1.6201,1.5907,1.5725,1.5603,1.551,1.5427,0.5671,0.4481,0.2987,0.1993,0.3824,0.8137,1.1717,1.3123,1.3136,1.2443,1.2088,1.2188,1.2048,1.2154,1.1826,1.0182,0.8927,0.4873,0.4842,0.8991,1.1143,1.2677,1.4571,1.763,2.1956,2.4423,2.2692,1.9987,1.8111,1.7021,1.6421,1.61,1.5926,1.5817,1.5728,1.5638,0.672,0.613,0.5696,0.591,0.7328,0.9611,1.1736,1.3127,1.2866,1.1968,1.1776,1.2664,1.2794,1.0181,1.0176,0.7963,0.8149,0.7061,0.6951,0.9326,1.0779,1.2108,1.4347,1.8539,2.5583,2.9608,2.5358,2.083,1.8327,1.7089,1.6507,1.6252,1.6142,1.6073,1.5996,1.5894,0.771,0.7504,0.7521,0.7955,0.8899,1.0137,1.1253,1.1871,1.1732,1.1125,1.0812,1.1455,1.1638,1.1961,0.9842,0.743,0.7532,0.8963,0.977,1.0118,0.9754,1.054,1.3144,1.7248,2.317,2.6558,2.3463,1.978,1.7729,1.6801,1.6465,1.6407,1.6432,1.6428,1.6353,1.6218,0.8531,0.8517,0.8675,0.9067,0.9678,1.0376,1.0954,1.121,1.0982,1.0027,0.7892,1.1214,1.1636,1.1579,1.0736,0.9436,0.8761,1.07,1.1913,1.0344,0.5757,0.7063,1.1441,1.4906,1.7954,1.9539,1.8751,1.7329,1.6498,1.627,1.6407,1.6689,1.6918,1.6974,1.6856,1.6633,0.9179,0.9245,0.9427,0.9737,1.0143,1.0563,1.0886,1.0995,1.076,0.9924,0.8365,1.0304,1.2366,1.2893,1.2099,1.1852,1.2478,1.498,1.6754,1.2928,0.5374,0.6844,1.1194,1.3481,1.4556,1.474,1.4545,1.4635,1.5082,1.5737,1.6525,1.7304,1.7799,1.7844,1.7558,1.7148,0.9684,0.978,0.995,1.0191,1.0475,1.0754,1.0965,1.1047,1.0953,1.0691,1.0604,1.1409,1.2795,1.3287,1.3712,1.4431,1.5706,2.1181,2.6975,1.9345,1.3445,1.1932,1.2673,1.3036,1.2311,1.0743,1.0353,1.1927,1.3802,1.5419,1.6995,1.8493,1.9309,1.9128,1.8437,1.7709,1.0085,1.0187,1.0339,1.0531,1.0746,1.0954,1.1123,1.123,1.1273,1.1315,1.152,1.2046,1.2808,1.3817,1.6165,1.7198,1.7141,2.1475,2.5079,2.2075,1.8117,1.5367,1.4146,1.3022,1.0552,0.6032,0.5023,0.9583,1.3078,1.5423,1.771,2.0125,2.1275,2.0543,1.9249,1.8167,1.0409,1.0511,1.0645,1.0807,1.0983,1.1157,1.1315,1.1452,1.158,1.1746,1.2025,1.2483,1.3172,1.4295,1.6118,1.689,1.7246,1.9841,2.3776,2.5218,2.019,1.6909,1.5166,1.354,1.0705,0.5439,0.4233,1.0363,1.3622,1.5725,1.8034,2.0807,2.2099,2.1064,1.9521,1.8319,1.0679,1.0777,1.0899,1.1042,1.1196,1.1355,1.1512,1.1671,1.1844,1.2061,1.2364,1.2794,1.34,1.4237,1.5215,1.5982,1.6919,1.8793,2.1415,2.2045,1.9372,1.7247,1.6035,1.4697,1.3049,1.2286,1.4695,1.4979,1.526,1.6271,1.77,1.9578,2.0628,2.0121,1.9053,1.8098,1.0908,1.1003,1.1117,1.1247,1.1389,1.1541,1.17,1.187,1.2064,1.23,1.2602,1.2996,1.3503,1.4126,1.4816,1.5531,1.6397,1.7541,1.8633,1.8791,1.7952,1.7441,1.7187,1.6013,1.4971,1.5619,1.7851,1.7038,1.6844,1.7129,1.7458,1.8199,1.8794,1.8736,1.8239,1.7648,1.1106,1.1198,1.1306,1.1429,1.1564,1.1711,1.187,1.2045,1.2246,1.2483,1.2772,1.3126,1.3554,1.4052,1.4604,1.5204,1.5872,1.6577,1.7137,1.7325,1.732,1.7776,1.7988,1.6762,1.5813,1.5983,1.6728,1.7341,1.8516,1.8212,1.7596,1.755,1.7717,1.7722,1.7503,1.7166,1.1279,1.1369,1.1474,1.1591,1.1721,1.1864,1.2021,1.2196,1.2395,1.2625,1.2895,1.3212,1.3579,1.3993,1.4447,1.4934,1.5442,1.5931,1.6327,1.6593,1.6851,1.7251,1.7297,1.6615,1.6044,1.6064,1.6578,1.7594,1.8722,1.8379,1.7606,1.7249,1.716,1.7098,1.6961,1.6751]}]