docs/data/wind_grid.json
[{"header":{"la1":42.85,"la2":41.18,"lo1":11.55,"lo2":14.05,"nx":36,"ny":24,"dx":0.07143,"dy":0.07261,"parameterCategory":2,"parameterNumber":2,"parameterNumberName":"eastward_wind","parameterUnit":"m.s-1"},"data":[2.3434,2.3637,2.3831,2.4009,2.4157,2.4248,2.4242,2.4089,2.3748,2.3208,2.2494,2.1653,2.0733,1.9768,1.8786,1.7821,1.6923,1.616,1.5605,1.5293,1.5202,1.5263,1.5394,1.5544,1.5686,1.5813,1.5923,1.6018,1.6098,1.6165,1.6222,1.6271,1.6314,1.6352,1.6388,1.6421,2.3782,2.4049,2.4317,2.4586,2.4847,2.5074,2.5203,2.514,2.4796,2.4145,2.3242,2.2179,2.1036,1.985,1.8637,1.742,1.6261,1.5276,1.461,1.4346,1.4432,1.4701,1.4994,1.5239,1.5436,1.5597,1.5732,1.5845,1.5938,1.6015,1.608,1.6135,1.6183,1.6225,1.6265,1.6303,2.4145,2.4486,2.484,2.5217,2.563,2.6072,2.6457,2.6602,2.6292,2.546,2.4242,2.2849,2.1414,1.9965,1.8474,1.6919,1.5358,1.3991,1.3136,1.3026,1.3534,1.4224,1.474,1.5047,1.5252,1.542,1.5564,1.5685,1.5786,1.5868,1.5937,1.5996,1.6047,1.6094,1.6137,1.6178,2.4525,2.4953,2.5397,2.5883,2.6476,2.7243,2.812,2.875,2.8575,2.7383,2.5575,2.3662,2.1858,2.0128,1.8334,1.6346,1.4146,1.2028,1.0733,1.1007,1.2591,1.4194,1.4913,1.5076,1.5167,1.529,1.5421,1.5539,1.5639,1.5722,1.5792,1.5852,1.5906,1.5955,1.6002,1.6047,2.4927,2.5468,2.6008,2.6569,2.7306,2.8495,3.0279,3.209,3.2346,3.0279,2.7256,2.4537,2.2321,2.0358,1.8312,1.5838,1.2656,0.8947,0.6281,0.7284,1.1637,1.5331,1.5843,1.5331,1.515,1.5192,1.5296,1.5401,1.5493,1.5571,1.5639,1.57,1.5755,1.5807,1.5857,1.5907,2.5353,2.6081,2.6766,2.7331,2.8008,2.9503,3.2654,3.7166,3.8717,3.4311,2.8948,2.5222,2.2704,2.0679,1.8562,1.5734,1.1373,0.467,-0.2423,-0.0795,0.9376,1.6406,1.648,1.5387,1.5083,1.5093,1.5173,1.5259,1.5337,1.5408,1.5473,1.5534,1.5591,1.5647,1.5701,1.5754,2.5777,2.6856,2.7922,2.8483,2.8601,2.9701,3.3664,4.154,4.5393,3.7117,2.9479,2.533,2.2909,2.1117,1.9251,1.6525,1.1657,0.2352,-1.1779,-1.0243,0.6008,1.3479,1.4987,1.4947,1.4926,1.4972,1.5032,1.5092,1.5154,1.5218,1.5283,1.5347,1.5409,1.5469,1.5528,1.5587,2.6053,2.7698,2.9829,3.0895,2.9501,2.8878,3.1375,3.7007,3.9535,3.3467,2.7871,2.4765,2.2957,2.1703,2.046,1.8436,1.4456,0.722,-0.1873,0.0088,1.023,1.3665,1.443,1.4708,1.4802,1.4828,1.4842,1.4869,1.4919,1.4986,1.5059,1.5133,1.5203,1.527,1.5335,1.5402,2.5852,2.7855,3.1562,3.4635,3.0274,2.7295,2.7696,2.9261,2.9525,2.7685,2.5583,2.401,2.2995,2.2444,2.2206,2.1285,1.8325,1.4008,1.0514,1.174,1.6378,1.6165,1.5091,1.4835,1.4714,1.4603,1.4536,1.4538,1.4598,1.4691,1.479,1.4883,1.4967,1.5044,1.5118,1.5192,2.4941,2.6175,2.8356,2.9767,2.587,2.456,2.4802,2.5191,2.5222,2.49,2.4246,2.3533,2.3135,2.3195,2.4391,2.5081,2.1349,1.7923,1.5701,1.5195,1.6151,1.6097,1.5387,1.488,1.446,1.4137,1.3989,1.4017,1.4151,1.4317,1.447,1.4596,1.4699,1.4786,1.4868,1.4953,2.3671,2.3564,2.2091,1.7416,1.793,2.1685,2.288,2.335,2.4354,2.4834,2.3814,2.3373,2.3458,2.3795,2.4603,2.5365,2.1884,1.9444,1.7938,1.6884,1.632,1.5928,1.5349,1.4575,1.3739,1.3136,1.2991,1.3208,1.3549,1.3864,1.4104,1.4272,1.4392,1.4488,1.4578,1.4674,2.2661,2.201,2.0149,1.7042,1.7651,2.0817,2.1759,2.18,2.2954,2.3872,2.3349,2.3424,2.4063,2.5464,2.4405,2.2471,2.0819,1.9853,1.9178,1.804,1.7003,1.6139,1.5149,1.3769,1.2122,1.1073,1.1237,1.204,1.2818,1.337,1.3714,1.3917,1.4041,1.4135,1.423,1.4342,2.2096,2.1574,2.0645,1.9757,2.0078,2.1067,2.1279,2.0868,2.1372,2.2336,2.2949,2.4111,2.4368,2.6129,2.4576,2.0805,1.9677,2.039,2.0292,1.8578,1.7304,1.6191,1.479,1.2486,0.915,0.7228,0.8581,1.068,1.2115,1.2921,1.3334,1.353,1.3626,1.37,1.3798,1.3934,2.1809,2.1512,2.1133,2.0885,2.0982,2.1219,2.1237,2.1069,2.1247,2.1743,2.2518,2.5587,2.6109,1.8855,2.0308,1.7841,1.7931,1.9135,1.9361,1.8206,1.7059,1.5997,1.4526,1.1571,0.6253,0.316,0.6425,0.9874,1.1745,1.2626,1.2984,1.3083,1.3095,1.3128,1.3234,1.3418,2.1629,2.147,2.1302,2.1198,2.1197,2.1233,2.1222,2.1179,2.1159,2.1087,2.1099,2.1634,2.0962,1.92,1.8869,1.7038,1.5242,1.7408,1.8,1.731,1.6157,1.5468,1.4588,1.2236,0.7988,0.5443,0.7732,1.043,1.1904,1.2511,1.2621,1.2493,1.2343,1.2318,1.2466,1.2751,2.1478,2.1386,2.1292,2.1222,2.1182,2.115,2.1095,2.0992,2.0781,2.0298,1.9415,1.9357,1.958,1.9395,1.8847,1.744,1.604,1.7274,1.7526,1.6398,1.4139,1.4351,1.4783,1.3663,1.1659,1.0381,1.0808,1.1774,1.2371,1.2457,1.212,1.1584,1.1166,1.1102,1.1393,1.1894,2.1335,2.1272,2.1204,2.1141,2.1081,2.1013,2.0916,2.0759,2.0485,2.0007,1.9386,1.9336,1.853,1.8073,1.8901,1.8576,1.8072,1.7902,1.7601,1.6493,1.3876,1.4313,1.5207,1.4739,1.372,1.2936,1.2714,1.28,1.2769,1.2304,1.1306,1.0054,0.9213,0.9231,0.9915,1.0839,2.1196,2.1144,2.1086,2.1022,2.0951,2.0864,2.0748,2.0581,2.0343,2.0029,1.9704,1.9333,1.8343,1.8168,1.9599,1.988,1.9073,1.8081,1.738,1.7599,1.6652,1.6181,1.607,1.5466,1.444,1.3436,1.3042,1.315,1.2993,1.2053,1.0083,0.7532,0.6025,0.6517,0.8081,0.9702,2.1062,2.1015,2.0959,2.0895,2.0819,2.0726,2.0608,2.0456,2.0266,2.0045,1.981,1.955,1.9327,1.9733,2.1625,2.238,2.0072,1.8702,1.83,1.9318,1.8584,1.7722,1.7037,1.6055,1.4463,1.2388,1.1898,1.3077,1.3267,1.1975,0.8804,0.4243,0.1874,0.3512,0.6399,0.8808,2.0935,2.089,2.0835,2.0771,2.0695,2.0604,2.0494,2.0363,2.0212,2.0049,1.989,1.977,1.9798,2.0267,2.1498,2.1858,2.0381,1.9758,2.1012,2.1827,1.9916,1.8902,1.8123,1.6891,1.4948,1.2317,1.1739,1.3743,1.3989,1.2529,0.8758,0.2958,0.0087,0.2434,0.5922,0.8608,2.0815,2.0771,2.0718,2.0655,2.0582,2.0496,2.0397,2.0285,2.0165,2.0043,1.9937,1.9878,1.9929,2.0166,2.0528,2.0555,2.0147,2.0029,2.0609,2.0877,2.035,2.0264,1.9879,1.8393,1.6459,1.5277,1.5866,1.5802,1.5251,1.3921,1.0801,0.6198,0.3603,0.4745,0.7165,0.928,2.0705,2.0661,2.061,2.0549,2.048,2.0401,2.0313,2.0217,2.0118,2.0022,1.9943,1.99,1.9914,1.9993,2.0078,2.0059,1.9951,1.9955,2.0166,2.0459,2.1155,2.2833,2.3217,2.062,1.7976,1.6806,1.7051,1.6813,1.6683,1.5902,1.3649,1.0595,0.8504,0.8332,0.9304,1.0513,2.0602,2.0559,2.0509,2.0452,2.0387,2.0314,2.0235,2.0152,2.0068,1.9988,1.9921,1.9876,1.9859,1.9865,1.987,1.985,1.9827,1.9877,2.0081,2.0597,2.1986,2.4836,2.5712,2.2193,1.9023,1.7488,1.7125,1.7479,1.8506,1.7879,1.5819,1.3549,1.1876,1.1203,1.1329,1.1844,2.0506,2.0465,2.0417,2.0362,2.0301,2.0235,2.0163,2.0089,2.0015,1.9944,1.9882,1.9833,1.9797,1.9773,1.9753,1.9735,1.9739,1.9812,2.0031,2.0554,2.1673,2.3319,2.3625,2.1575,1.9333,1.8002,1.7556,1.7929,1.8749,1.8249,1.6679,1.5044,1.3783,1.3073,1.2868,1.2998]},{"header":{"la1":42.85,"la2":41.18,"lo1":11.55,"lo2":14.05,"nx":36,"ny":24,"dx":0.07143,"dy":0.07261,"parameterCategory":2,"parameterNumber":3,"parameterNumberName":"northward_wind","parameterUnit":"m.s-1"},"data":[1.3822,1.3872,1.3962,1.4092,1.4254,1.4437,1.4627,1.481,1.4975,1.5114,1.5219,1.5279,1.5284,1.5226,1.5097,1.4896,1.4625,1.4291,1.3909,1.3502,1.3111,1.2787,1.2574,1.2478,1.2469,1.2506,1.2556,1.2601,1.2635,1.2658,1.2671,1.2678,1.2681,1.2682,1.2683,1.2684,1.3581,1.3621,1.3717,1.3873,1.4079,1.4317,1.4563,1.4797,1.5009,1.519,1.5333,1.5425,1.5452,1.5399,1.5257,1.5019,1.4688,1.427,1.3775,1.3225,1.2675,1.2229,1.1984,1.1947,1.204,1.2173,1.2296,1.239,1.2455,1.2497,1.2523,1.2539,1.2549,1.2557,1.2563,1.257,1.3264,1.3276,1.3371,1.3559,1.3829,1.4148,1.4473,1.4773,1.5036,1.5265,1.5457,1.5595,1.5656,1.5619,1.5465,1.5187,1.4786,1.4269,1.3636,1.2877,1.2045,1.1359,1.1082,1.1207,1.1506,1.1798,1.202,1.2171,1.2267,1.2327,1.2365,1.239,1.2407,1.2421,1.2434,1.2447,1.2846,1.2799,1.2873,1.3099,1.3467,1.3915,1.4359,1.474,1.5052,1.533,1.5586,1.5792,1.5907,1.5899,1.574,1.5417,1.4934,1.4313,1.3546,1.2527,1.1174,0.9942,0.9663,1.0219,1.0908,1.1424,1.1756,1.1958,1.2078,1.215,1.2196,1.2228,1.2252,1.2273,1.2293,1.2313,1.2303,1.2132,1.2132,1.2393,1.2919,1.3593,1.4237,1.4719,1.505,1.5365,1.5711,1.6019,1.6218,1.6261,1.611,1.5737,1.515,1.4419,1.3607,1.2431,1.0241,0.7748,0.766,0.9172,1.0405,1.1134,1.1538,1.1761,1.1887,1.1962,1.2012,1.205,1.2082,1.2111,1.214,1.2169,1.1621,1.1201,1.0994,1.1246,1.2039,1.3126,1.4126,1.4754,1.5012,1.5339,1.5833,1.6292,1.6612,1.674,1.6622,1.6202,1.5467,1.456,1.3851,1.3008,1.0286,0.6471,0.6651,0.8852,1.027,1.1007,1.1382,1.1577,1.1684,1.1753,1.1805,1.185,1.1892,1.1933,1.1972,1.2012,1.084,0.9964,0.9224,0.9276,1.0546,1.2386,1.3955,1.4825,1.4944,1.5316,1.6018,1.6649,1.7116,1.7376,1.7348,1.6915,1.6004,1.4774,1.4013,1.3739,1.1501,0.9085,0.8693,0.9698,1.0543,1.1016,1.1252,1.137,1.1444,1.1504,1.1562,1.1621,1.1679,1.1735,1.1789,1.1841,1.0132,0.8597,0.6695,0.5926,0.8182,1.1337,1.3552,1.4701,1.5059,1.5591,1.6374,1.7117,1.7744,1.821,1.8399,1.8049,1.6987,1.5447,1.4158,1.3141,1.1062,1.0213,1.0281,1.0579,1.0857,1.0998,1.1048,1.1077,1.1122,1.1189,1.127,1.1355,1.1438,1.1516,1.1588,1.1656,0.9824,0.7849,0.4613,0.2094,0.6138,1.062,1.3183,1.4575,1.5381,1.607,1.6824,1.7648,1.8458,1.923,1.9933,1.9879,1.8502,1.6617,1.4697,1.2192,0.8637,0.9016,1.0508,1.0925,1.0903,1.0753,1.063,1.0601,1.0663,1.078,1.0916,1.1049,1.1169,1.1276,1.137,1.1457,1.0133,0.8551,0.634,0.5059,0.7999,1.0998,1.3175,1.4631,1.5747,1.6461,1.7165,1.8156,1.9175,2.0225,2.1939,2.2762,2.0133,1.7798,1.5701,1.3045,1.0036,0.9967,1.0934,1.0976,1.0533,1.0058,0.9808,0.9823,1.001,1.0257,1.0497,1.0704,1.0875,1.1016,1.1136,1.1243,1.0844,0.9954,0.9377,0.9834,1.0163,1.1629,1.32,1.4402,1.6132,1.6819,1.734,1.8646,1.9894,2.0893,2.2159,2.3022,2.0493,1.8522,1.687,1.4973,1.309,1.2104,1.1548,1.063,0.9438,0.8522,0.8284,0.86,0.9123,0.9626,1.0031,1.0337,1.0566,1.0742,1.0887,1.1014,1.1623,1.1085,1.0665,1.0382,1.0728,1.2153,1.2835,1.2877,1.4766,1.6425,1.7591,1.9147,2.0641,2.198,2.179,2.12,2.011,1.8786,1.7752,1.6334,1.4678,1.3174,1.16,0.949,0.6979,0.5377,0.5618,0.684,0.8052,0.8954,0.9567,0.9975,1.0253,1.0456,1.062,1.0767,1.2356,1.2028,1.1758,1.167,1.2097,1.2745,1.2443,1.1144,1.2615,1.5798,1.8011,1.9417,2.0619,2.2454,2.215,2.1449,2.0446,1.8589,1.8174,1.6944,1.5214,1.3411,1.1141,0.7553,0.2469,-0.0438,0.1603,0.4801,0.7045,0.8391,0.918,0.965,0.9946,1.0156,1.033,1.0494,1.3023,1.2871,1.2801,1.2895,1.3187,1.3397,1.3026,1.22,1.3297,1.6395,1.8571,1.9375,1.9692,2.1847,2.1904,2.3046,2.1842,1.9399,1.822,1.6782,1.4999,1.321,1.0762,0.614,-0.1913,-0.656,-0.1642,0.3616,0.6578,0.8123,0.8937,0.9376,0.9634,0.9822,0.9999,1.0184,1.36,1.3575,1.3627,1.3783,1.4018,1.4208,1.4256,1.4467,1.5697,1.7792,1.9416,2.0194,2.0867,2.1934,2.1834,2.3429,2.2062,2.0067,1.7934,1.5901,1.3971,1.2687,1.0914,0.7097,0.0665,-0.3134,0.0349,0.4537,0.6979,0.8231,0.8839,0.912,0.927,0.941,0.9592,0.9818,1.4077,1.4133,1.4253,1.4447,1.4703,1.4999,1.5375,1.6034,1.7252,1.8987,2.0632,2.1517,2.1088,2.0846,2.0776,2.1101,2.106,1.9153,1.6926,1.4501,1.189,1.1775,1.1277,0.9129,0.6115,0.4331,0.5136,0.6779,0.7958,0.857,0.8782,0.8778,0.875,0.8837,0.9062,0.9375,1.4459,1.4564,1.4724,1.4947,1.5236,1.5604,1.61,1.6821,1.7858,1.9191,2.0439,2.0648,2.0557,2.0365,1.9317,1.8798,1.831,1.7019,1.5569,1.386,1.151,1.1592,1.1512,1.0436,0.9205,0.8546,0.8561,0.8792,0.894,0.889,0.86,0.8176,0.7899,0.7983,0.8361,0.8851,1.4755,1.4889,1.507,1.5307,1.5607,1.5986,1.6471,1.7096,1.7866,1.8697,1.9343,1.9594,1.9918,1.9584,1.6647,1.5191,1.5622,1.5211,1.4859,1.3812,1.2623,1.2053,1.1575,1.0954,1.0559,1.0626,1.0617,1.0164,0.9635,0.904,0.8173,0.7115,0.6505,0.6762,0.7507,0.8297,1.4978,1.5124,1.5311,1.5545,1.5831,1.6179,1.6597,1.7085,1.7615,1.8112,1.8447,1.8507,1.8163,1.6433,1.1017,0.882,1.3204,1.4127,1.3835,1.2198,1.1999,1.1683,1.121,1.0886,1.1063,1.1984,1.2197,1.0982,0.9987,0.9055,0.7625,0.5696,0.4696,0.5425,0.6731,0.786,1.5137,1.5285,1.5466,1.5683,1.594,1.6236,1.6571,1.6929,1.7277,1.7555,1.7672,1.7506,1.6806,1.4932,1.1211,0.9957,1.2519,1.2813,1.0495,0.9314,1.079,1.0616,1.0166,1.0186,1.0786,1.2083,1.2382,1.0771,0.9937,0.9104,0.7522,0.5128,0.3926,0.4942,0.6495,0.7739,1.5243,1.5384,1.5551,1.5744,1.5962,1.6203,1.6458,1.6708,1.6923,1.7055,1.7035,1.6769,1.6116,1.4924,1.3435,1.2765,1.2916,1.2429,1.1018,1.023,0.9847,0.8462,0.7755,0.8555,0.965,1.004,0.9238,0.9362,0.9667,0.9345,0.8217,0.6427,0.5397,0.5918,0.7013,0.8009,1.5306,1.5435,1.5583,1.5748,1.5927,1.6115,1.63,1.6466,1.6587,1.6625,1.6535,1.6262,1.5755,1.5023,1.423,1.3632,1.3158,1.2452,1.1428,1.017,0.7841,0.3883,0.265,0.5798,0.8357,0.8919,0.8118,0.8806,0.983,0.987,0.9192,0.8135,0.7395,0.7413,0.7913,0.8526,1.5334,1.5448,1.5575,1.5711,1.5853,1.5994,1.6123,1.6226,1.6281,1.6262,1.614,1.5889,1.5493,1.4974,1.4399,1.3824,1.3203,1.2403,1.1282,0.9493,0.6023,0.0322,-0.1283,0.3783,0.7515,0.8815,0.9039,0.9767,1.0718,1.0554,0.9932,0.9242,0.8735,0.859,0.876,0.9089,1.5335,1.5433,1.5539,1.5648,1.5757,1.5858,1.5943,1.5997,1.6007,1.5954,1.5819,1.5589,1.5259,1.4839,1.4351,1.3802,1.3155,1.2326,1.117,0.9392,0.6539,0.3013,0.2133,0.4908,0.7582,0.8931,0.9576,1.0259,1.0851,1.0698,1.0245,0.981,0.9492,0.9358,0.9407,0.9583]}]