docs/data/wind_grid.json
[{"header":{"la1":42.85,"la2":41.18,"lo1":11.55,"lo2":14.05,"nx":36,"ny":24,"dx":0.07143,"dy":0.07261,"parameterCategory":2,"parameterNumber":2,"parameterNumberName":"eastward_wind","parameterUnit":"m.s-1"},"data":[3.5684,3.5747,3.5784,3.5791,3.5764,3.5698,3.558,3.5394,3.5125,3.4766,3.4328,3.3828,3.3279,3.2684,3.2028,3.128,3.0393,2.9313,2.8009,2.6522,2.5023,2.38,2.3116,2.3046,2.3453,2.4115,2.4849,2.5547,2.6166,2.6696,2.7145,2.7526,2.785,2.813,2.8374,2.8588,3.5995,3.6096,3.6166,3.6204,3.6209,3.618,3.6101,3.594,3.5661,3.5251,3.4734,3.4151,3.3533,3.2888,3.2197,3.1412,3.0452,2.9197,2.752,2.5392,2.3064,2.1139,2.0239,2.0476,2.145,2.2671,2.384,2.484,2.5658,2.6317,2.6851,2.7288,2.7652,2.7961,2.8226,2.8458,3.6347,3.65,3.6613,3.6684,3.6726,3.6753,3.6753,3.666,3.6384,3.5891,3.5239,3.4525,3.3813,3.3121,3.2424,3.1661,3.0717,2.9375,2.7299,2.4174,2.0235,1.6829,1.563,1.6744,1.8903,2.1062,2.2833,2.4189,2.5212,2.5991,2.6597,2.7081,2.7477,2.7808,2.8091,2.8337,3.6755,3.6984,3.7153,3.7254,3.7322,3.7424,3.7581,3.7667,3.7438,3.6782,3.5867,3.4932,3.4091,3.3355,3.269,3.2038,3.1289,3.0148,2.7913,2.3429,1.6243,0.9326,0.7917,1.1521,1.6015,1.9544,2.2007,2.3698,2.4885,2.5747,2.6399,2.6911,2.7326,2.7673,2.7969,2.8226,3.7234,3.7592,3.7853,3.7968,3.8006,3.8164,3.8612,3.9168,3.9126,3.8083,3.6618,3.5319,3.4313,3.3541,3.2943,3.2496,3.2198,3.1889,3.0525,2.5041,1.2011,-0.3267,-0.3739,0.5827,1.3761,1.8658,2.1616,2.3478,2.472,2.5599,2.6258,2.6776,2.7199,2.7554,2.7858,2.8123,3.7794,3.8394,3.8858,3.8982,3.8821,3.8861,3.9711,4.1382,4.1946,3.9874,3.7337,3.5562,3.4403,3.3614,3.3092,3.288,3.3207,3.4563,3.6497,3.2424,1.4053,-1.0965,-0.9777,0.4668,1.3975,1.9006,2.1844,2.3573,2.4716,2.5535,2.6162,2.6667,2.7087,2.7445,2.7754,2.8025,3.8394,3.9456,4.0462,4.0719,3.9964,3.9332,4.0213,4.3263,4.4916,4.1096,3.7479,3.5474,3.4299,3.3516,3.3025,3.2945,3.3672,3.636,4.2377,4.0897,2.4901,0.853,0.5326,1.1767,1.7238,2.058,2.2594,2.3888,2.4801,2.5504,2.6077,2.6562,2.6978,2.7338,2.7653,2.793,3.8847,4.062,4.2986,4.4081,4.1833,3.9473,3.9316,4.1246,4.2209,3.9265,3.6548,3.5015,3.4023,3.3222,3.2611,3.2481,3.3157,3.5078,3.8139,3.6587,3.0974,2.6097,2.1284,2.0337,2.1339,2.2503,2.3435,2.4184,2.4834,2.5423,2.5957,2.6436,2.6858,2.7226,2.7549,2.7833,3.8761,4.0974,4.519,4.8742,4.3392,3.8891,3.7659,3.7607,3.7213,3.6082,3.5134,3.4446,3.3736,3.2784,3.1604,3.1183,3.2062,3.3221,3.3951,3.3569,3.4376,3.3107,2.8169,2.5213,2.4065,2.3741,2.3814,2.4143,2.4636,2.5198,2.5755,2.6266,2.6715,2.7103,2.7437,2.773,3.7873,3.923,4.1686,4.3278,3.8747,3.6714,3.6111,3.5397,3.4095,3.3414,3.3916,3.4092,3.3712,3.2553,2.9671,2.814,3.0962,3.2504,3.295,3.2983,3.3554,3.264,2.9525,2.6741,2.4779,2.3604,2.3204,2.3439,2.4039,2.4757,2.5446,2.6047,2.6549,2.6966,2.7316,2.7618,3.6586,3.6454,3.4859,2.979,3.0314,3.4237,3.5323,3.4757,3.1928,3.0485,3.3177,3.4147,3.4178,3.3481,3.0445,2.8181,3.1401,3.2867,3.3173,3.2844,3.2265,3.1103,2.8923,2.6109,2.3312,2.1421,2.1015,2.1758,2.2939,2.4093,2.5051,2.5797,2.637,2.6818,2.7181,2.749,3.5595,3.4859,3.2816,2.9422,3.0125,3.3917,3.5852,3.6576,3.3923,3.2215,3.3789,3.4655,3.4959,3.5458,3.4203,3.273,3.309,3.4157,3.4341,3.3428,3.2229,3.0567,2.79,2.382,1.8931,1.5854,1.6405,1.8907,2.1419,2.3329,2.4659,2.5568,2.6199,2.6661,2.7026,2.7338,3.5107,3.4517,3.3497,3.2558,3.3079,3.4717,3.637,4.0357,3.5194,3.447,3.4802,3.5643,3.5582,3.5775,3.4765,3.3356,3.3664,3.6056,3.6147,3.4182,3.2654,3.0608,2.6984,2.0314,1.0461,0.4788,0.8915,1.5385,1.9976,2.2767,2.4424,2.542,2.6047,2.6482,2.6829,2.7141,3.4936,3.4609,3.4217,3.4024,3.4323,3.4959,3.5426,3.4518,3.4432,3.4824,3.5214,3.6868,3.7073,3.2574,3.3297,3.1406,3.2811,3.5001,3.5383,3.4402,3.3283,3.1311,2.7111,1.8127,0.2037,-0.7334,0.2693,1.3489,1.9609,2.2812,2.4492,2.5383,2.5888,2.6236,2.6547,2.6866,3.4889,3.473,3.4588,3.4559,3.4702,3.4929,3.5041,3.4906,3.4827,3.4891,3.5004,3.5195,3.4701,3.4097,3.3101,3.1149,3.5927,3.4892,3.4919,3.4841,3.459,3.3139,2.9115,2.0989,0.7676,-0.0175,0.7147,1.5961,2.1083,2.3664,2.4869,2.5379,2.561,2.5815,2.6098,2.6463,3.4873,3.48,3.4748,3.4751,3.4815,3.4899,3.4941,3.4921,3.4895,3.4889,3.4877,3.4402,3.4537,3.4468,3.4172,3.4448,3.5933,3.5451,3.5528,3.5884,3.699,3.5937,3.1975,2.642,1.9867,1.614,1.7952,2.148,2.3902,2.5048,2.5327,2.5163,2.4967,2.502,2.5361,2.5876,3.4859,3.4827,3.481,3.4819,3.4851,3.489,3.4915,3.4921,3.492,3.4914,3.4895,3.4811,3.5271,3.5561,3.5316,3.5492,3.5845,3.6361,3.6821,3.678,3.749,3.6641,3.3668,3.0424,2.7698,2.6457,2.6573,2.6897,2.688,2.6409,2.5464,2.4302,2.3529,2.3556,2.4205,2.5077,3.4841,3.4831,3.483,3.4841,3.4864,3.4892,3.4917,3.494,3.4963,3.499,3.5035,3.5196,3.5662,3.5989,3.6955,3.7596,3.7245,3.7921,3.8875,3.7917,3.7068,3.6068,3.4455,3.2835,3.2163,3.2787,3.2833,3.1209,2.9286,2.7343,2.4936,2.2265,2.074,2.1174,2.2638,2.4157,3.482,3.4823,3.4831,3.4847,3.487,3.4899,3.4932,3.4972,3.5023,3.5097,3.5223,3.5472,3.5944,3.7034,4.0371,4.1792,3.8746,3.858,3.9335,3.9868,3.8316,3.6664,3.5302,3.4361,3.4802,3.7633,3.8271,3.4158,3.0756,2.7844,2.3976,1.9186,1.6792,1.8368,2.1135,2.3421,3.4798,3.4809,3.4824,3.4845,3.4873,3.4907,3.4951,3.5007,3.5084,3.5197,3.5377,3.5689,3.6274,3.7539,4.0055,4.0896,3.9025,3.916,4.2051,4.3515,3.9745,3.7561,3.625,3.5266,3.5376,3.8248,3.8991,3.3763,3.0918,2.8311,2.3987,1.794,1.5035,1.7349,2.0744,2.3319,3.4775,3.4792,3.4812,3.4839,3.4872,3.4913,3.4966,3.5036,3.513,3.5265,3.5469,3.5789,3.6312,3.7147,3.8165,3.8574,3.8407,3.8952,4.0631,4.1189,3.9537,3.8527,3.7713,3.6129,3.4435,3.2716,2.9213,2.9482,3.0316,2.924,2.6003,2.1236,1.8568,1.9671,2.2023,2.4049,3.4751,3.4772,3.4797,3.4828,3.4866,3.4913,3.4973,3.505,3.5154,3.5295,3.5494,3.5777,3.6174,3.6682,3.7193,3.7527,3.7759,3.8209,3.887,3.9202,3.9434,4.0703,4.0914,3.7877,3.4188,3.0028,2.5473,2.7799,3.1043,3.1047,2.8854,2.5706,2.3524,2.3287,2.4192,2.5324,3.4726,3.475,3.4779,3.4813,3.4854,3.4905,3.4969,3.5049,3.5153,3.5289,3.5468,3.5702,3.5994,3.633,3.666,3.6942,3.7212,3.7551,3.7969,3.8507,3.9766,4.2633,4.3556,3.9379,3.4937,3.1451,2.9498,3.1181,3.4037,3.3399,3.1135,2.8731,2.6955,2.6199,2.6251,2.6692,3.4699,3.4726,3.4757,3.4793,3.4837,3.4889,3.4953,3.5032,3.5131,3.5254,3.5409,3.5597,3.5818,3.6058,3.63,3.6531,3.6768,3.7044,3.7405,3.7985,3.9127,4.0857,4.1111,3.8505,3.5331,3.2978,3.2003,3.292,3.4478,3.3875,3.2059,3.0272,2.8903,2.8105,2.7822,2.7878]},{"header":{"la1":42.85,"la2":41.18,"lo1":11.55,"lo2":14.05,"nx":36,"ny":24,"dx":0.07143,"dy":0.07261,"parameterCategory":2,"parameterNumber":3,"parameterNumberName":"northward_wind","parameterUnit":"m.s-1"},"data":[1.4867,1.49,1.4924,1.4937,1.4934,1.4912,1.4864,1.4781,1.4653,1.4463,1.4193,1.3819,1.3318,1.2666,1.1841,1.0829,0.9624,0.824,0.6715,0.514,0.3696,0.264,0.2195,0.241,0.3131,0.4127,0.5201,0.6231,0.7163,0.798,0.8684,0.9288,0.9803,1.0244,1.0621,1.0945,1.4971,1.5019,1.506,1.509,1.5107,1.5105,1.5079,1.5023,1.4924,1.4764,1.4517,1.4152,1.3637,1.2933,1.2005,1.0823,0.9365,0.7624,0.5608,0.338,0.119,-0.0451,-0.1011,-0.041,0.095,0.2578,0.4158,0.5556,0.6741,0.7729,0.8548,0.9228,0.9795,1.027,1.067,1.1009,1.5071,1.5135,1.5193,1.5242,1.5276,1.5293,1.5289,1.526,1.52,1.5088,1.4889,1.456,1.4055,1.3321,1.23,1.094,0.92,0.7053,0.4436,0.1249,-0.2315,-0.5182,-0.59,-0.4364,-0.176,0.0884,0.3152,0.4983,0.6435,0.7587,0.8507,0.925,0.9855,1.0354,1.0767,1.1113,1.5162,1.5244,1.5321,1.5387,1.5437,1.5467,1.5473,1.546,1.5442,1.5406,1.5295,1.5043,1.459,1.3866,1.2782,1.1246,0.9201,0.6639,0.3453,-0.0924,-0.7059,-1.2839,-1.3649,-0.9707,-0.4771,-0.0676,0.2387,0.4643,0.6325,0.7603,0.8592,0.9372,0.9997,1.0503,1.0919,1.1263,1.5242,1.5347,1.5445,1.5528,1.5588,1.5618,1.5601,1.5551,1.5555,1.5651,1.5709,1.5602,1.5265,1.462,1.3533,1.1842,0.9446,0.6454,0.3056,-0.1943,-1.209,-2.4734,-2.4795,-1.539,-0.7098,-0.1532,0.2154,0.4685,0.6489,0.7819,0.8827,0.9608,1.0227,1.0723,1.1127,1.1459,1.5307,1.5443,1.5573,1.5672,1.5735,1.5756,1.5664,1.5407,1.5322,1.5723,1.6125,1.6249,1.6107,1.5651,1.4687,1.2913,1.0084,0.6397,0.3136,-0.0129,-1.1876,-3.1683,-3.0442,-1.6671,-0.6934,-0.1033,0.2706,0.5212,0.6973,0.8256,0.922,0.9963,1.0547,1.1015,1.1393,1.1703,1.5347,1.5536,1.5734,1.5857,1.589,1.5911,1.5781,1.515,1.4747,1.5779,1.6672,1.7032,1.7142,1.7051,1.6461,1.4809,1.1592,0.6859,0.2735,0.2039,-0.4406,-1.5543,-1.7191,-1.018,-0.3648,0.0925,0.4045,0.6215,0.7765,0.8904,0.9764,1.0428,1.0953,1.1373,1.1714,1.1991,1.5333,1.5605,1.5988,1.6209,1.606,1.6073,1.6203,1.5904,1.5731,1.6838,1.7668,1.7993,1.8345,1.8905,1.9231,1.8115,1.4713,0.9607,0.4933,0.2979,0.0192,-0.2469,-0.3877,-0.2229,0.0815,0.3666,0.5903,0.7568,0.8799,0.9722,1.0431,1.0987,1.1432,1.1792,1.2084,1.2322,1.5207,1.5512,1.6212,1.6847,1.6089,1.6056,1.6803,1.7663,1.8594,1.9337,1.9246,1.9013,1.9493,2.1154,2.381,2.4078,1.9575,1.3902,0.8988,0.4491,-0.0417,-0.0101,0.151,0.2918,0.469,0.6463,0.7953,0.9105,0.9979,1.0652,1.1184,1.1614,1.1968,1.226,1.2499,1.2692,1.493,1.4998,1.5291,1.5532,1.4768,1.557,1.7235,1.9501,2.2695,2.3843,2.1384,1.9753,2.0065,2.286,3.1009,3.5422,2.4805,1.7433,1.2509,0.7462,0.2277,0.2299,0.4718,0.6441,0.7851,0.9064,1.001,1.0703,1.1219,1.1631,1.198,1.2283,1.2545,1.2768,1.2952,1.3098,1.4608,1.4265,1.3324,1.1082,1.1575,1.4776,1.7257,2.0268,2.7889,3.1822,2.315,1.9702,1.9647,2.1758,2.9623,3.5706,2.4634,1.8925,1.5598,1.2083,0.8867,0.7808,0.8488,0.9579,1.0671,1.1538,1.2045,1.2291,1.2445,1.2601,1.2778,1.2967,1.3149,1.3311,1.3443,1.3541,1.4425,1.3953,1.2886,1.1155,1.1767,1.484,1.6856,1.8122,2.2715,2.6393,2.1056,1.859,1.8786,2.0025,2.1175,2.2026,2.0448,1.9722,1.8676,1.5714,1.3127,1.1811,1.167,1.2313,1.333,1.4058,1.4099,1.3813,1.3584,1.3505,1.3544,1.3649,1.3775,1.389,1.3976,1.4024,1.4427,1.4116,1.3628,1.3259,1.3897,1.5371,1.6385,1.7213,1.6692,1.8544,1.7761,1.7089,1.7498,2.0188,1.9913,1.7872,1.8151,2.2638,2.2641,1.7691,1.5173,1.4013,1.3753,1.4397,1.5857,1.6776,1.6114,1.5132,1.4537,1.4291,1.4257,1.433,1.4436,1.4524,1.4567,1.4562,1.4512,1.4388,1.4278,1.4351,1.4795,1.5453,1.5844,1.5428,1.5654,1.6009,1.5675,1.6276,1.6395,1.3647,1.5961,1.5486,1.5778,1.8927,1.9793,1.7253,1.5859,1.5198,1.4978,1.5614,1.7557,1.8824,1.7417,1.5943,1.5198,1.493,1.4922,1.5036,1.5169,1.5251,1.5251,1.5174,1.4586,1.4564,1.4588,1.4714,1.4967,1.5254,1.5407,1.5321,1.4989,1.4149,1.3252,1.3419,1.3511,1.1973,1.4374,1.489,1.2407,1.4821,1.6006,1.6156,1.645,1.6278,1.5758,1.5921,1.713,1.7989,1.7106,1.6082,1.5571,1.5454,1.5588,1.5837,1.606,1.615,1.608,1.5889,1.4611,1.4625,1.4668,1.4752,1.4864,1.4944,1.49,1.4614,1.3869,1.2237,0.9507,1.0164,1.138,1.2529,1.338,1.3423,1.2544,1.3519,1.429,1.5848,1.866,1.8095,1.6356,1.5856,1.6154,1.6461,1.6284,1.5959,1.5814,1.5948,1.6347,1.687,1.7267,1.7354,1.7134,1.6738,1.459,1.4605,1.4629,1.4658,1.467,1.4621,1.4441,1.4026,1.3209,1.1729,0.9748,1.0344,1.0224,1.0043,1.1995,1.2525,1.2493,1.1992,1.1813,1.4516,1.8907,1.8224,1.6287,1.5689,1.576,1.5976,1.6054,1.6013,1.6073,1.6469,1.7302,1.8356,1.9071,1.9059,1.8486,1.7718,1.4537,1.4539,1.4537,1.4519,1.4468,1.4348,1.4112,1.3702,1.3059,1.2198,1.1432,1.1066,1.0023,0.9705,1.0454,1.0499,1.0984,0.9115,0.606,1.1352,1.4946,1.5778,1.5486,1.5431,1.5787,1.631,1.6507,1.6327,1.6324,1.6954,1.8491,2.0586,2.1842,2.1418,2.0094,1.8733,1.4468,1.4454,1.4428,1.4379,1.4292,1.4143,1.3905,1.3555,1.3087,1.2547,1.2039,1.1567,1.0979,1.0223,0.7693,0.6497,0.9773,0.9548,0.8501,1.2383,1.3779,1.4451,1.4773,1.5191,1.6039,1.7276,1.7565,1.6731,1.6389,1.7151,1.9597,2.3374,2.5373,2.3979,2.1534,1.9512,1.4392,1.4365,1.4322,1.4255,1.4151,1.3998,1.3781,1.3492,1.3139,1.2747,1.2343,1.1913,1.1357,1.0343,0.8175,0.7522,1.006,1.165,1.4315,1.5669,1.4124,1.3969,1.4239,1.4857,1.597,1.7477,1.7804,1.6682,1.6007,1.662,1.9523,2.4428,2.6893,2.4886,2.1929,1.9683,1.4318,1.4281,1.4228,1.4151,1.4044,1.3897,1.3706,1.3468,1.3189,1.288,1.2549,1.2178,1.1709,1.1044,1.0272,1.0217,1.118,1.2401,1.3865,1.4445,1.3794,1.3387,1.348,1.4208,1.5375,1.6564,1.7259,1.6457,1.4881,1.4874,1.7361,2.148,2.3816,2.2867,2.084,1.9101,1.4249,1.4206,1.4147,1.4068,1.3963,1.3829,1.3663,1.3464,1.3237,1.2988,1.2718,1.2423,1.2089,1.1727,1.1456,1.1508,1.1949,1.2584,1.3186,1.3395,1.3016,1.2241,1.2081,1.3202,1.4633,1.6147,1.7864,1.596,1.1756,1.1279,1.384,1.7167,1.9348,1.9674,1.8961,1.8034,1.4187,1.4141,1.408,1.4002,1.3904,1.3783,1.3639,1.3473,1.3287,1.3085,1.287,1.2647,1.2421,1.2222,1.2112,1.2164,1.2389,1.27,1.2955,1.2963,1.249,1.1412,1.1081,1.2453,1.3828,1.476,1.4799,1.1075,0.5014,0.6387,1.0525,1.3933,1.6108,1.7059,1.7171,1.6887,1.4132,1.4085,1.4025,1.3951,1.3861,1.3754,1.363,1.3489,1.3336,1.3173,1.3005,1.2838,1.2685,1.2565,1.251,1.2544,1.266,1.281,1.2912,1.2853,1.2512,1.1934,1.1823,1.2545,1.3273,1.3412,1.2271,0.8477,0.4083,0.5502,0.9305,1.2314,1.4274,1.5365,1.5829,1.5912]}]