docs/data/wind_grid.json
[{"header":{"la1":42.85,"la2":41.18,"lo1":11.55,"lo2":14.05,"nx":36,"ny":24,"dx":0.07143,"dy":0.07261,"parameterCategory":2,"parameterNumber":2,"parameterNumberName":"eastward_wind","parameterUnit":"m.s-1"},"data":[2.0864,2.0312,1.9683,1.8995,1.8283,1.7612,1.7068,1.6743,1.67,1.6943,1.7415,1.8027,1.8695,1.9364,2.0006,2.0605,2.1144,2.1595,2.1926,2.211,2.2147,2.2057,2.1878,2.1649,2.1403,2.1162,2.0942,2.0753,2.0598,2.048,2.0395,2.0343,2.0318,2.0317,2.0336,2.037,2.09,2.0248,1.947,1.8573,1.7592,1.6613,1.5775,1.5252,1.518,1.5572,1.6309,1.7214,1.8145,1.9034,1.9864,2.064,2.1355,2.1965,2.2407,2.2624,2.2612,2.2418,2.2114,2.1764,2.1412,2.1087,2.0804,2.0569,2.0386,2.0251,2.0163,2.0114,2.0099,2.0111,2.0144,2.0194,2.1038,2.0288,1.9342,1.818,1.6819,1.5351,1.3992,1.3083,1.294,1.3616,1.4832,1.6212,1.7515,1.8675,1.9725,2.0724,2.1691,2.2562,2.3192,2.3448,2.3323,2.2932,2.2419,2.1888,2.1394,2.0962,2.0603,2.032,2.0108,1.9964,1.9877,1.984,1.9841,1.9873,1.9928,1.9999,2.1322,2.0495,1.9384,1.7918,1.6047,1.3817,1.1508,0.9779,0.9452,1.0724,1.2869,1.5034,1.6839,1.8297,1.9569,2.0831,2.2175,2.351,2.4504,2.4803,2.4406,2.3631,2.2776,2.1988,2.131,2.0753,2.0311,1.9978,1.9744,1.9599,1.9526,1.9511,1.9541,1.9603,1.9687,1.9786,2.1803,2.0954,1.9727,1.7969,1.55,1.2177,0.8163,0.459,0.3728,0.6392,1.0412,1.3814,1.621,1.791,1.9332,2.0856,2.2751,2.4961,2.6742,2.7053,2.5986,2.4482,2.311,2.1991,2.1103,2.0408,1.9882,1.9507,1.9265,1.9135,1.9094,1.9119,1.9192,1.9296,1.942,1.9554,2.2526,2.1754,2.0532,1.8608,1.5618,1.1057,0.4461,-0.3018,-0.5445,0.0541,0.7986,1.2931,1.5781,1.7505,1.8876,2.0549,2.3109,2.6813,3.0276,3.0437,2.7882,2.5231,2.3241,2.1784,2.0687,1.986,1.926,1.8861,1.8635,1.8549,1.8567,1.8657,1.8793,1.8955,1.9129,1.9307,2.3513,2.2967,2.1955,2.0133,1.6991,1.1733,0.308,-0.9142,-1.4273,-0.3367,0.7288,1.2942,1.5681,1.7012,1.7957,1.9467,2.2445,2.7597,3.3215,3.3057,2.8809,2.5275,2.2906,2.1227,1.9964,1.9021,1.8366,1.7976,1.7809,1.7812,1.793,1.8119,1.8344,1.8582,1.8819,1.9049,2.4743,2.4609,2.4095,2.2758,1.9984,1.5144,0.7519,-0.2547,-0.652,0.1682,0.9608,1.3947,1.5858,1.6258,1.6156,1.7022,1.9941,2.4867,2.9896,3.023,2.7081,2.4154,2.1958,2.0225,1.8828,1.7773,1.709,1.6763,1.6729,1.6894,1.7175,1.7508,1.7852,1.8186,1.8499,1.8789,2.6113,2.6588,2.6943,2.6557,2.4454,2.0354,1.496,0.9582,0.7124,0.8831,1.2345,1.5211,1.6178,1.5097,1.2629,1.2141,1.5841,2.0544,2.4011,2.5037,2.4046,2.2357,2.0538,1.8746,1.714,1.5929,1.5252,1.5098,1.5327,1.5773,1.6303,1.6837,1.7335,1.7784,1.8182,1.8535,2.7416,2.8601,3.0195,3.1427,2.9993,2.5684,2.0971,1.5682,0.9295,0.7322,1.2334,1.6273,1.6838,1.4166,0.6675,0.2902,1.1701,1.8061,2.1124,2.2198,2.1915,2.0715,1.8898,1.6735,1.4639,1.3136,1.2552,1.2799,1.3537,1.4449,1.5344,1.6141,1.6823,1.7398,1.7884,1.8299,2.8372,3.0049,3.2695,3.5809,3.4978,2.9844,2.6177,2.0311,0.2818,-0.5619,1.1086,1.8001,1.8177,1.524,0.7848,0.2771,1.274,1.8688,2.0986,2.1522,2.0992,1.9525,1.7139,1.3993,1.0779,0.8702,0.8475,0.9648,1.1342,1.2985,1.4372,1.5483,1.636,1.7058,1.7624,1.8094,2.8797,3.0421,3.2833,3.5462,3.4812,3.1923,3.2467,3.2959,1.8325,0.6763,1.7048,2.1816,1.9923,1.5329,1.37,1.4967,1.8459,2.1547,2.24,2.1992,2.0818,1.8704,1.5266,1.0221,0.4552,0.1319,0.2295,0.5559,0.8907,1.1568,1.3528,1.4952,1.6001,1.6795,1.7418,1.7928,2.8776,2.9983,3.143,3.2567,3.2561,3.3035,3.6855,4.2806,3.6811,2.6123,2.5589,2.8459,2.558,1.312,1.2452,1.9921,2.2772,2.369,2.3635,2.266,2.0864,1.813,1.3565,0.5685,-0.4914,-1.0439,-0.6063,0.1193,0.6816,1.0553,1.3005,1.4651,1.5795,1.663,1.7274,1.7801,2.8554,2.9382,3.0239,3.0944,3.1575,3.2991,3.6051,3.9573,3.6944,3.0764,2.9919,3.4733,3.6124,3.3004,2.4655,2.6044,2.7918,2.5565,2.4295,2.2916,2.0596,1.7718,1.289,0.3011,-1.3128,-2.1582,-1.2293,-0.1078,0.61,1.0366,1.2979,1.4646,1.5758,1.6555,1.7177,1.7701,2.8304,2.8906,2.952,3.013,3.0858,3.1964,3.3438,3.4303,3.3038,3.1319,3.1375,3.2227,3.2071,3.1874,2.9709,3.2845,3.8658,3.0559,2.5852,2.2508,1.9132,1.701,1.3755,0.5675,-0.7717,-1.5118,-0.8041,0.125,0.7415,1.1165,1.3471,1.4908,1.584,1.6517,1.7083,1.76,2.8085,2.8558,2.905,2.957,3.0162,3.0849,3.1491,3.1731,3.1503,3.1743,3.3164,3.2805,3.2124,3.1296,3.0824,3.3191,3.63,3.1072,2.6473,2.1225,1.4788,1.5005,1.5124,1.0806,0.4137,0.0244,0.2137,0.632,0.9978,1.2596,1.4284,1.5281,1.5892,1.6392,1.6911,1.7455,2.7899,2.829,2.8697,2.9125,2.9576,3.0029,3.0415,3.0673,3.0949,3.168,3.2911,3.2551,3.2676,3.2826,3.1543,3.1549,3.1369,2.9769,2.7671,2.2565,1.4385,1.5184,1.6675,1.4476,1.0955,0.8563,0.8478,1.0133,1.2306,1.4084,1.511,1.5483,1.5639,1.5979,1.6558,1.7231,2.7739,2.807,2.8413,2.8767,2.9126,2.9476,2.9798,3.0108,3.049,3.1035,3.157,3.1862,3.2709,3.3,3.2656,3.2619,3.1228,3.0287,3.0559,2.7289,2.2281,2.0071,1.9019,1.6591,1.2919,0.9334,0.8551,1.0998,1.3772,1.5403,1.5726,1.5138,1.4672,1.5054,1.5975,1.6952,2.7595,2.7882,2.8177,2.8478,2.8781,2.9081,2.9378,2.9688,3.0042,3.0446,3.0848,3.1255,3.181,3.2635,3.5412,3.6607,3.2481,3.0844,3.1003,3.0777,2.7403,2.4009,2.1359,1.7998,1.2374,0.3958,0.2188,1.0032,1.5252,1.6939,1.6221,1.4073,1.2864,1.376,1.5378,1.6774,2.7464,2.7716,2.7974,2.8236,2.8502,2.8769,2.9041,2.9327,2.9637,2.997,3.0321,3.0722,3.1288,3.2408,3.4804,3.547,3.2534,3.1467,3.3816,3.5214,3.0123,2.6281,2.3458,2.0029,1.4211,0.3859,0.1569,1.3938,1.8835,1.9457,1.7411,1.3711,1.1932,1.3324,1.5388,1.6977,2.7341,2.7565,2.7793,2.8026,2.8262,2.8501,2.8747,2.9002,2.9271,2.9556,2.9864,3.0223,3.0708,3.1442,3.2314,3.237,3.1441,3.1147,3.2314,3.2521,2.9824,2.7532,2.5795,2.3262,2.0332,2.0064,2.7211,2.6853,2.4754,2.3388,2.0448,1.647,1.4373,1.5017,1.6484,1.773,2.7224,2.7424,2.7628,2.7836,2.8046,2.826,2.8478,2.8702,2.8934,2.9176,2.9434,2.9722,3.0061,3.0445,3.0742,3.0704,3.0378,3.0203,3.029,2.9958,2.9091,2.9018,2.8811,2.656,2.5157,2.8605,3.6046,3.2802,3.0058,2.8486,2.4903,2.097,1.8517,1.7934,1.8309,1.8893,2.7111,2.729,2.7473,2.7658,2.7845,2.8035,2.8226,2.842,2.8617,2.8818,2.9023,2.9236,2.9451,2.9643,2.9744,2.9688,2.9509,2.9324,2.9152,2.8919,2.8972,3.0134,3.0591,2.8306,2.7032,2.8704,3.1399,3.2521,3.5401,3.3697,2.8856,2.464,2.191,2.0581,2.0151,2.0146,2.7,2.7161,2.7325,2.749,2.7656,2.7822,2.7989,2.8154,2.8319,2.8481,2.8638,2.8787,2.8918,2.901,2.9032,2.8966,2.8826,2.8653,2.848,2.8379,2.8594,2.9273,2.9361,2.8179,2.746,2.819,2.991,3.2716,3.6051,3.4541,3.0249,2.6517,2.3955,2.2419,2.1613,2.1247]},{"header":{"la1":42.85,"la2":41.18,"lo1":11.55,"lo2":14.05,"nx":36,"ny":24,"dx":0.07143,"dy":0.07261,"parameterCategory":2,"parameterNumber":3,"parameterNumberName":"northward_wind","parameterUnit":"m.s-1"},"data":[0.7067,0.6806,0.6495,0.6139,0.5752,0.5361,0.5,0.4704,0.4495,0.4366,0.4281,0.4197,0.4072,0.3885,0.3631,0.3324,0.2991,0.2672,0.2408,0.2229,0.2145,0.2141,0.219,0.2266,0.235,0.2432,0.251,0.2582,0.2652,0.272,0.279,0.286,0.2932,0.3006,0.308,0.3155,0.7236,0.694,0.6571,0.6128,0.5627,0.5102,0.4614,0.4234,0.4013,0.3941,0.3953,0.3958,0.3886,0.3704,0.3408,0.3017,0.2573,0.214,0.1792,0.1588,0.1538,0.1605,0.1734,0.188,0.2018,0.2139,0.2244,0.2336,0.2422,0.2505,0.2588,0.2672,0.2758,0.2845,0.2932,0.3019,0.7462,0.7134,0.6699,0.6146,0.5479,0.4739,0.4023,0.3478,0.3233,0.329,0.35,0.3678,0.3705,0.354,0.3186,0.2672,0.205,0.1422,0.0931,0.0698,0.0733,0.094,0.1205,0.1455,0.1663,0.1828,0.196,0.2071,0.2173,0.2271,0.237,0.247,0.2571,0.2673,0.2775,0.2875,0.7766,0.7419,0.6922,0.6238,0.5344,0.426,0.3116,0.2211,0.1905,0.2249,0.2873,0.337,0.3557,0.3419,0.2989,0.23,0.1399,0.0423,-0.0338,-0.0596,-0.0353,0.013,0.0617,0.1009,0.1296,0.1502,0.1656,0.1783,0.1899,0.2013,0.2129,0.2249,0.2369,0.249,0.2609,0.2726,0.8173,0.7835,0.7301,0.6494,0.5326,0.3733,0.1797,0.0052,-0.0462,0.0564,0.2058,0.3093,0.3495,0.3378,0.2852,0.1948,0.0642,-0.0961,-0.2285,-0.2532,-0.1784,-0.0787,0.0023,0.0576,0.0932,0.1163,0.1327,0.1461,0.159,0.1723,0.1862,0.2006,0.2151,0.2295,0.2435,0.2569,0.8704,0.8428,0.7918,0.7046,0.5637,0.3451,0.0273,-0.3328,-0.453,-0.186,0.1271,0.3014,0.3595,0.3446,0.2808,0.1709,-0.0039,-0.2618,-0.5087,-0.52,-0.3383,-0.1615,-0.0461,0.0208,0.0584,0.0803,0.0954,0.1088,0.1231,0.1389,0.156,0.1737,0.1915,0.2087,0.2252,0.2408,0.9371,0.9236,0.8856,0.8052,0.6573,0.404,-0.0173,-0.6151,-0.866,-0.3466,0.13,0.339,0.3913,0.3606,0.2827,0.1661,-0.0221,-0.3492,-0.726,-0.7144,-0.4219,-0.1955,-0.0701,-0.0068,0.0235,0.0388,0.0499,0.0628,0.0794,0.0994,0.1214,0.1439,0.1659,0.1867,0.2061,0.2241,1.0159,1.027,1.0176,0.9634,0.8338,0.6004,0.2284,-0.2712,-0.4709,-0.0664,0.2876,0.4307,0.4418,0.375,0.2712,0.1617,0.0221,-0.2228,-0.5159,-0.5315,-0.327,-0.1598,-0.069,-0.0297,-0.0181,-0.0158,-0.0108,0.0026,0.0245,0.052,0.0817,0.1111,0.1387,0.1639,0.1867,0.2073,1.1009,1.1484,1.1888,1.1859,1.0881,0.8906,0.6388,0.397,0.3029,0.3898,0.5013,0.546,0.5013,0.3734,0.1982,0.0876,0.0454,-0.0558,-0.1863,-0.225,-0.1669,-0.0988,-0.0634,-0.0623,-0.0803,-0.0976,-0.0991,-0.0805,-0.0467,-0.0055,0.0365,0.0756,0.1104,0.1407,0.1671,0.1904,1.1799,1.2701,1.3836,1.471,1.4011,1.1835,0.9785,0.7962,0.6166,0.5535,0.6308,0.6567,0.5733,0.3742,0.0165,-0.1539,-0.0044,-0.0204,-0.0891,-0.1109,-0.0901,-0.0686,-0.0778,-0.1235,-0.1859,-0.2314,-0.2356,-0.1989,-0.1391,-0.0736,-0.0129,0.0392,0.0823,0.118,0.148,0.1738,1.235,1.3556,1.5336,1.7322,1.6857,1.4033,1.2474,1.068,0.5508,0.3097,0.6893,0.7815,0.6726,0.4577,0.0786,-0.1538,-0.0153,-0.1387,-0.2364,-0.1873,-0.1074,-0.0771,-0.1203,-0.2327,-0.3726,-0.4631,-0.4543,-0.3679,-0.2549,-0.1492,-0.0626,0.0047,0.0565,0.0969,0.1297,0.1575,1.254,1.371,1.5355,1.7079,1.6696,1.4962,1.5289,1.586,1.0798,0.6757,0.914,0.9884,0.8019,0.5363,0.3039,0.2154,-0.0484,-0.6349,-0.7855,-0.4241,-0.1658,-0.093,-0.1781,-0.4067,-0.7048,-0.8772,-0.8041,-0.5953,-0.3852,-0.2217,-0.1048,-0.0231,0.035,0.0781,0.1122,0.1411,1.2418,1.3309,1.4335,1.5124,1.5114,1.5267,1.7159,1.9965,1.7403,1.2833,1.2384,1.4129,1.2022,0.3538,0.1413,0.394,-0.1114,-1.6723,-1.7139,-0.6174,-0.1579,-0.0644,-0.214,-0.6278,-1.2449,-1.5734,-1.2969,-0.8426,-0.4944,-0.2693,-0.1285,-0.0395,0.0192,0.0611,0.0945,0.1237,1.2145,1.2769,1.3393,1.3881,1.4251,1.4997,1.6589,1.8376,1.7129,1.4157,1.4103,1.8844,2.023,1.6872,0.916,0.7145,0.3628,-0.7566,-0.9896,-0.3128,0.0149,0.0498,-0.1624,-0.738,-1.7305,-2.2595,-1.6707,-0.9612,-0.5166,-0.2657,-0.1243,-0.0428,0.0073,0.043,0.0736,0.1031,1.184,1.2296,1.274,1.315,1.3587,1.4206,1.5009,1.5469,1.4755,1.3716,1.3782,1.4896,1.4674,1.3031,1.1602,1.046,1.2024,0.5356,0.1556,0.2027,0.2746,0.2337,0.0141,-0.5091,-1.364,-1.8384,-1.3767,-0.7805,-0.4055,-0.2006,-0.0934,-0.0388,-0.0081,0.0169,0.0446,0.0761,1.1551,1.1904,1.2252,1.2593,1.295,1.3337,1.3674,1.3743,1.345,1.3183,1.3176,1.4258,1.3763,1.271,1.1547,1.0917,1.1335,0.843,0.6235,0.5015,0.4136,0.3812,0.2263,-0.1073,-0.54,-0.7819,-0.6496,-0.3927,-0.2025,-0.0972,-0.0533,-0.0442,-0.0429,-0.0298,-0.0005,0.0391,1.1286,1.1568,1.1847,1.2119,1.2382,1.2622,1.279,1.2832,1.279,1.2841,1.3025,1.3318,1.3039,1.265,1.1474,1.058,1.0068,0.9644,0.9204,0.7131,0.4496,0.4419,0.3783,0.1993,0.0133,-0.0787,-0.0682,-0.0264,0.0028,0.003,-0.0317,-0.0865,-0.1234,-0.115,-0.0694,-0.0094,1.1041,1.1271,1.1496,1.1709,1.1905,1.2071,1.2188,1.2254,1.2307,1.2408,1.2533,1.2558,1.2593,1.2408,1.1173,1.0517,1.0456,1.145,1.2683,1.0322,0.7593,0.6188,0.5178,0.3972,0.312,0.3022,0.294,0.2311,0.1577,0.073,-0.0503,-0.1971,-0.281,-0.2523,-0.1613,-0.064,1.0814,1.1003,1.1185,1.1355,1.1506,1.1632,1.1729,1.1799,1.1861,1.1924,1.196,1.1924,1.1792,1.1342,1.047,1.0234,1.0695,1.1931,1.3043,1.3217,1.0672,0.8199,0.6519,0.5246,0.4599,0.5044,0.5149,0.3768,0.251,0.1173,-0.0942,-0.3673,-0.5023,-0.4118,-0.2476,-0.1059,1.0602,1.0759,1.0908,1.1045,1.1165,1.1265,1.1344,1.1403,1.1447,1.1471,1.1457,1.1375,1.1187,1.0836,1.0408,1.0314,1.0822,1.2306,1.5936,1.7589,1.2712,0.9458,0.7535,0.6067,0.5076,0.5282,0.539,0.3771,0.2866,0.1679,-0.0783,-0.4336,-0.6004,-0.4677,-0.2668,-0.1078,1.0404,1.0535,1.0658,1.0769,1.0865,1.0945,1.1007,1.105,1.1074,1.1072,1.1033,1.0942,1.0791,1.0595,1.0437,1.0455,1.0858,1.2027,1.4151,1.4669,1.2028,0.9832,0.8441,0.685,0.513,0.3636,0.1919,0.2248,0.3035,0.2628,0.0675,-0.2286,-0.3918,-0.3267,-0.184,-0.0571,1.0218,1.0328,1.0429,1.0519,1.0597,1.0659,1.0705,1.0733,1.0741,1.0724,1.0677,1.0596,1.0487,1.0372,1.0302,1.0345,1.0603,1.1164,1.1807,1.1714,1.0752,1.0251,0.9915,0.8019,0.5471,0.281,0.029,0.1749,0.42,0.4352,0.2817,0.067,-0.0788,-0.0976,-0.0424,0.0294,1.0043,1.0135,1.0218,1.0291,1.0353,1.04,1.0433,1.0448,1.0445,1.042,1.0371,1.0301,1.0217,1.0135,1.0085,1.0098,1.0208,1.0398,1.0527,1.0394,1.0216,1.0775,1.1052,0.8922,0.6201,0.3987,0.2899,0.4468,0.7078,0.652,0.464,0.2811,0.152,0.0962,0.0962,0.1235,0.9878,0.9954,1.0023,1.0081,1.0129,1.0164,1.0185,1.019,1.0179,1.0149,1.0101,1.0037,0.9964,0.9892,0.9836,0.9809,0.9815,0.9832,0.9806,0.972,0.9744,1.0083,1.0002,0.8564,0.6651,0.5207,0.4794,0.5921,0.7484,0.6943,0.5373,0.3933,0.2883,0.2278,0.205,0.2068]}]