docs/data/wind_grid.json
[{"header":{"la1":42.85,"la2":41.18,"lo1":11.55,"lo2":14.05,"nx":36,"ny":24,"dx":0.07143,"dy":0.07261,"parameterCategory":2,"parameterNumber":2,"parameterNumberName":"eastward_wind","parameterUnit":"m.s-1"},"data":[-0.3913,-0.403,-0.4154,-0.4284,-0.4412,-0.4528,-0.4616,-0.4663,-0.4658,-0.4609,-0.4535,-0.4464,-0.4421,-0.4422,-0.4473,-0.4567,-0.4684,-0.4799,-0.488,-0.4903,-0.486,-0.4757,-0.4611,-0.4443,-0.4268,-0.4097,-0.3935,-0.3786,-0.3651,-0.3529,-0.342,-0.3322,-0.3236,-0.3158,-0.3089,-0.3027,-0.3972,-0.411,-0.4264,-0.4432,-0.4607,-0.4776,-0.4912,-0.4985,-0.4972,-0.4878,-0.4739,-0.4606,-0.4522,-0.4514,-0.4587,-0.4734,-0.4927,-0.512,-0.5259,-0.5301,-0.5234,-0.5077,-0.4867,-0.4636,-0.4408,-0.4194,-0.4,-0.3826,-0.3673,-0.3538,-0.3419,-0.3315,-0.3223,-0.3142,-0.307,-0.3007,-0.4023,-0.4185,-0.4372,-0.4589,-0.4833,-0.5089,-0.5316,-0.545,-0.5432,-0.5258,-0.5001,-0.476,-0.4608,-0.4581,-0.4688,-0.4917,-0.5232,-0.556,-0.5801,-0.5866,-0.5743,-0.5485,-0.5169,-0.4848,-0.4549,-0.4284,-0.4054,-0.3855,-0.3683,-0.3536,-0.3409,-0.3299,-0.3203,-0.3119,-0.3046,-0.2982,-0.4063,-0.4246,-0.4469,-0.4743,-0.5079,-0.5471,-0.587,-0.615,-0.6147,-0.5823,-0.5343,-0.4914,-0.4656,-0.4601,-0.4753,-0.5102,-0.5613,-0.6181,-0.6606,-0.6696,-0.6441,-0.5994,-0.5508,-0.5062,-0.4679,-0.4357,-0.4089,-0.3866,-0.3678,-0.352,-0.3386,-0.3272,-0.3174,-0.3089,-0.3015,-0.2951,-0.4084,-0.4285,-0.4538,-0.4866,-0.5306,-0.589,-0.66,-0.7223,-0.731,-0.6677,-0.5762,-0.503,-0.4626,-0.454,-0.4749,-0.5255,-0.6057,-0.7044,-0.7821,-0.7916,-0.7359,-0.6573,-0.5843,-0.5246,-0.4773,-0.4397,-0.4096,-0.3853,-0.3653,-0.3488,-0.335,-0.3234,-0.3135,-0.3051,-0.2978,-0.2914,-0.4083,-0.4293,-0.456,-0.4922,-0.5441,-0.6225,-0.7388,-0.8728,-0.9122,-0.7825,-0.6137,-0.5009,-0.4463,-0.4358,-0.4626,-0.5293,-0.6442,-0.8058,-0.9473,-0.9505,-0.8361,-0.7086,-0.6085,-0.535,-0.4804,-0.4389,-0.4066,-0.381,-0.3605,-0.3438,-0.33,-0.3185,-0.3088,-0.3005,-0.2933,-0.2872,-0.406,-0.4267,-0.4528,-0.488,-0.5397,-0.624,-0.7703,-0.9875,-1.0804,-0.853,-0.6052,-0.469,-0.4107,-0.4022,-0.4344,-0.5109,-0.6471,-0.858,-1.0651,-1.0581,-0.8864,-0.7254,-0.6117,-0.5324,-0.475,-0.4321,-0.3992,-0.3735,-0.3532,-0.3369,-0.3235,-0.3124,-0.303,-0.2951,-0.2883,-0.2824,-0.4018,-0.4214,-0.4452,-0.4753,-0.5165,-0.58,-0.6887,-0.8541,-0.9156,-0.7108,-0.507,-0.3996,-0.3549,-0.3529,-0.3895,-0.4677,-0.5957,-0.7786,-0.9533,-0.9578,-0.8248,-0.6908,-0.5898,-0.5157,-0.4606,-0.419,-0.3873,-0.3628,-0.3435,-0.3282,-0.3157,-0.3053,-0.2965,-0.289,-0.2826,-0.277,-0.3964,-0.4148,-0.4361,-0.4603,-0.4876,-0.518,-0.5506,-0.5724,-0.5355,-0.4371,-0.3578,-0.3096,-0.285,-0.2895,-0.3312,-0.4134,-0.5295,-0.6586,-0.7576,-0.774,-0.7149,-0.6313,-0.5531,-0.4889,-0.4386,-0.4003,-0.3712,-0.349,-0.3318,-0.3181,-0.3068,-0.2974,-0.2893,-0.2823,-0.2763,-0.2712,-0.3902,-0.4082,-0.4286,-0.4506,-0.4717,-0.4847,-0.4731,-0.4056,-0.2701,-0.195,-0.2233,-0.2261,-0.2091,-0.211,-0.2594,-0.3634,-0.5054,-0.6388,-0.7123,-0.7116,-0.6595,-0.587,-0.5161,-0.4567,-0.4108,-0.3767,-0.3516,-0.333,-0.3186,-0.3071,-0.2974,-0.289,-0.2816,-0.2751,-0.2695,-0.2648,-0.3833,-0.4019,-0.4238,-0.4492,-0.4771,-0.5025,-0.5046,-0.4127,-0.0983,0.0439,-0.1411,-0.1659,-0.1298,-0.1083,-0.1637,-0.3205,-0.5564,-0.788,-0.8733,-0.7996,-0.6765,-0.5658,-0.4807,-0.4197,-0.3775,-0.3489,-0.3295,-0.3157,-0.305,-0.2961,-0.288,-0.2805,-0.2736,-0.2674,-0.2621,-0.2577,-0.3752,-0.3946,-0.4192,-0.4512,-0.4947,-0.5557,-0.6364,-0.6709,-0.3696,-0.1209,-0.1667,-0.1302,-0.0558,0.0269,-0.0395,-0.2861,-0.7092,-1.2401,-1.3351,-1.0106,-0.7217,-0.5408,-0.434,-0.3722,-0.3372,-0.3175,-0.3062,-0.2988,-0.2926,-0.2863,-0.2794,-0.2723,-0.2653,-0.2591,-0.2539,-0.2499,-0.3648,-0.3844,-0.4104,-0.4468,-0.5016,-0.5895,-0.7331,-0.9012,-0.7347,-0.3798,-0.1997,-0.1075,-0.0387,0.0698,0.012,-0.3007,-0.8825,-1.9783,-1.9924,-1.1649,-0.6939,-0.4638,-0.3552,-0.3074,-0.2891,-0.2842,-0.2844,-0.2849,-0.2834,-0.2791,-0.2725,-0.2645,-0.2566,-0.2497,-0.2445,-0.2409,-0.3516,-0.3697,-0.3941,-0.4286,-0.48,-0.5593,-0.6745,-0.7902,-0.6813,-0.3698,-0.1761,-0.0947,-0.066,0.0712,-0.0796,-0.4131,-0.8537,-1.4586,-1.5142,-0.904,-0.4844,-0.2911,-0.2297,-0.2237,-0.2366,-0.2538,-0.2689,-0.2782,-0.2806,-0.2765,-0.2678,-0.2568,-0.2464,-0.2381,-0.2328,-0.23,-0.3354,-0.3504,-0.37,-0.3965,-0.4326,-0.4799,-0.5301,-0.5414,-0.4336,-0.2465,-0.1226,-0.0769,-0.0148,0.0851,-0.1279,-0.6843,-1.1793,-0.8821,-0.7201,-0.4026,-0.0985,-0.0131,-0.0651,-0.1328,-0.1902,-0.2357,-0.2676,-0.2848,-0.2881,-0.2802,-0.2651,-0.2475,-0.2323,-0.2222,-0.2173,-0.2164,-0.317,-0.3277,-0.3408,-0.3568,-0.375,-0.3914,-0.3944,-0.3597,-0.2667,-0.138,-0.0336,-0.0795,-0.0509,-0.0141,-0.1429,-0.5652,-0.9301,-0.5737,-0.2852,0.0063,0.3513,0.2992,0.0853,-0.0635,-0.168,-0.2439,-0.2918,-0.3123,-0.3103,-0.2914,-0.2626,-0.2325,-0.2096,-0.198,-0.196,-0.1993,-0.2974,-0.3035,-0.3101,-0.3164,-0.3204,-0.3176,-0.2997,-0.257,-0.186,-0.1006,-0.034,-0.0407,0.019,0.0552,-0.0178,-0.1457,-0.2353,-0.0964,0.0723,0.188,0.4199,0.3539,0.1311,-0.0459,-0.1887,-0.2962,-0.3552,-0.369,-0.3509,-0.3101,-0.256,-0.2039,-0.1706,-0.161,-0.1669,-0.1785,-0.2778,-0.2798,-0.2808,-0.2799,-0.2748,-0.2624,-0.2384,-0.1996,-0.148,-0.0934,-0.0499,-0.0107,0.0603,0.1047,0.2379,0.2991,0.1792,0.2498,0.3738,0.2965,0.2821,0.2309,0.0974,-0.0746,-0.2585,-0.4055,-0.465,-0.4565,-0.4112,-0.3357,-0.2398,-0.1519,-0.1073,-0.109,-0.132,-0.1566,-0.259,-0.2576,-0.2545,-0.2487,-0.2386,-0.2221,-0.1975,-0.164,-0.1235,-0.0802,-0.0364,0.0159,0.0932,0.2581,0.7471,0.9384,0.4546,0.3533,0.4154,0.4673,0.3576,0.2312,0.0896,-0.1059,-0.3477,-0.5389,-0.5789,-0.5551,-0.4895,-0.3714,-0.219,-0.0832,-0.0313,-0.0557,-0.1013,-0.1395,-0.2417,-0.2377,-0.2317,-0.2229,-0.2102,-0.1924,-0.1686,-0.1388,-0.1037,-0.0642,-0.0186,0.0415,0.1379,0.3335,0.7027,0.8141,0.5015,0.4268,0.6453,0.756,0.4771,0.3006,0.1467,-0.0849,-0.3854,-0.5892,-0.6221,-0.679,-0.5972,-0.4283,-0.2265,-0.057,-0.0014,-0.0377,-0.0924,-0.1351,-0.2261,-0.2202,-0.2124,-0.2018,-0.1879,-0.1698,-0.1472,-0.1199,-0.0878,-0.0504,-0.0052,0.0543,0.1412,0.272,0.4233,0.4711,0.4088,0.4165,0.5439,0.5917,0.4823,0.4259,0.3305,0.0485,-0.3617,-0.7491,-1.0808,-1.0046,-0.7464,-0.5052,-0.2875,-0.1241,-0.0607,-0.0757,-0.1134,-0.1461,-0.2123,-0.2052,-0.1962,-0.1847,-0.1703,-0.1526,-0.1311,-0.1057,-0.076,-0.0411,0.0007,0.0531,0.1199,0.2,0.2746,0.3134,0.324,0.3537,0.4123,0.4589,0.5312,0.7235,0.7524,0.3364,-0.2591,-0.8773,-1.353,-1.1784,-0.8219,-0.5561,-0.3586,-0.2218,-0.1537,-0.14,-0.151,-0.1669,-0.2004,-0.1924,-0.1827,-0.1708,-0.1565,-0.1393,-0.119,-0.0954,-0.0681,-0.0365,0.0005,0.044,0.0943,0.1479,0.1965,0.2324,0.2605,0.2954,0.3458,0.4258,0.6083,0.9588,1.0599,0.5639,-0.0783,-0.6361,-0.9676,-0.935,-0.7324,-0.54,-0.3908,-0.2853,-0.2224,-0.1942,-0.1869,-0.1887,-0.1901,-0.1817,-0.1716,-0.1597,-0.1457,-0.1293,-0.1103,-0.0885,-0.0637,-0.0354,-0.0035,0.0324,0.0713,0.1111,0.1483,0.181,0.2122,0.2486,0.3,0.3863,0.546,0.7631,0.7941,0.4746,0.0263,-0.3613,-0.5954,-0.6447,-0.5764,-0.4749,-0.3809,-0.3072,-0.2566,-0.2267,-0.2117,-0.2055]},{"header":{"la1":42.85,"la2":41.18,"lo1":11.55,"lo2":14.05,"nx":36,"ny":24,"dx":0.07143,"dy":0.07261,"parameterCategory":2,"parameterNumber":3,"parameterNumberName":"northward_wind","parameterUnit":"m.s-1"},"data":[-0.6767,-0.6698,-0.6611,-0.6508,-0.639,-0.6265,-0.614,-0.6025,-0.5922,-0.5827,-0.5723,-0.5594,-0.5424,-0.5207,-0.4946,-0.4654,-0.4355,-0.408,-0.3865,-0.3736,-0.3698,-0.374,-0.3837,-0.3965,-0.4107,-0.4251,-0.4391,-0.4524,-0.465,-0.4769,-0.4882,-0.4988,-0.5088,-0.5182,-0.527,-0.5353,-0.6846,-0.6771,-0.6672,-0.6547,-0.6399,-0.6237,-0.6079,-0.5943,-0.5842,-0.5767,-0.5692,-0.558,-0.5406,-0.5157,-0.4835,-0.4454,-0.4048,-0.3669,-0.3379,-0.3228,-0.3221,-0.3328,-0.3502,-0.3703,-0.3904,-0.4094,-0.427,-0.4431,-0.4579,-0.4716,-0.4843,-0.4962,-0.5073,-0.5177,-0.5274,-0.5364,-0.6941,-0.686,-0.6746,-0.6593,-0.64,-0.6177,-0.5953,-0.5772,-0.5673,-0.5648,-0.5638,-0.5574,-0.5411,-0.5129,-0.4728,-0.4222,-0.365,-0.3098,-0.2685,-0.251,-0.2577,-0.281,-0.3111,-0.3416,-0.3695,-0.394,-0.4155,-0.4345,-0.4515,-0.467,-0.4813,-0.4945,-0.5068,-0.5183,-0.5288,-0.5386,-0.7055,-0.6973,-0.6846,-0.666,-0.6403,-0.6077,-0.5721,-0.5434,-0.5327,-0.5411,-0.5546,-0.5584,-0.5454,-0.5142,-0.4646,-0.397,-0.3143,-0.229,-0.1652,-0.1459,-0.1702,-0.2172,-0.2677,-0.3124,-0.3496,-0.38,-0.4054,-0.4272,-0.4463,-0.4635,-0.4793,-0.4939,-0.5074,-0.5199,-0.5314,-0.5419,-0.7194,-0.7118,-0.6986,-0.6771,-0.6437,-0.5956,-0.5348,-0.4793,-0.4633,-0.4965,-0.5411,-0.5635,-0.5563,-0.5223,-0.4627,-0.3745,-0.2549,-0.1167,-0.0092,0.0085,-0.0557,-0.1455,-0.2251,-0.2867,-0.3332,-0.3689,-0.3976,-0.4216,-0.4426,-0.4614,-0.4786,-0.4946,-0.5094,-0.5231,-0.5355,-0.5468,-0.736,-0.7305,-0.7186,-0.6964,-0.6573,-0.5914,-0.4903,-0.3741,-0.3366,-0.4269,-0.531,-0.5789,-0.5771,-0.5402,-0.4722,-0.3654,-0.2035,0.015,0.2039,0.2107,0.0687,-0.0829,-0.1944,-0.2703,-0.3232,-0.3621,-0.3926,-0.4181,-0.4405,-0.4607,-0.4795,-0.4969,-0.5131,-0.528,-0.5415,-0.5535,-0.7554,-0.7536,-0.7461,-0.7279,-0.6906,-0.618,-0.484,-0.2868,-0.2047,-0.3855,-0.555,-0.6159,-0.6107,-0.569,-0.4972,-0.3839,-0.2006,0.0807,0.3574,0.3488,0.1293,-0.0644,-0.1894,-0.2683,-0.3213,-0.36,-0.3906,-0.4167,-0.44,-0.4617,-0.4819,-0.501,-0.5187,-0.535,-0.5496,-0.5625,-0.7768,-0.7806,-0.7806,-0.7727,-0.7495,-0.6966,-0.5899,-0.423,-0.3569,-0.5224,-0.6533,-0.6807,-0.6556,-0.606,-0.5355,-0.4326,-0.2738,-0.0358,0.202,0.2109,0.0419,-0.1127,-0.2147,-0.2807,-0.3267,-0.3617,-0.3908,-0.4168,-0.441,-0.4641,-0.4863,-0.5073,-0.5269,-0.5448,-0.5607,-0.5744,-0.7988,-0.8095,-0.8195,-0.8266,-0.827,-0.8147,-0.7837,-0.7462,-0.7567,-0.8088,-0.8086,-0.7606,-0.7023,-0.6441,-0.5782,-0.4926,-0.3775,-0.2338,-0.1038,-0.0694,-0.1244,-0.1969,-0.2558,-0.3002,-0.3351,-0.3648,-0.3918,-0.4176,-0.443,-0.468,-0.4926,-0.5162,-0.5383,-0.5581,-0.5754,-0.5898,-0.8196,-0.8375,-0.8581,-0.8815,-0.9077,-0.9358,-0.9673,-1.0159,-1.1026,-1.1178,-0.9728,-0.8282,-0.7368,-0.6767,-0.6176,-0.5415,-0.4504,-0.3588,-0.2855,-0.2477,-0.2465,-0.2654,-0.2904,-0.3159,-0.3411,-0.3661,-0.3916,-0.418,-0.4454,-0.4734,-0.5015,-0.5287,-0.5538,-0.5761,-0.5949,-0.61,-0.8371,-0.8612,-0.8912,-0.9292,-0.9775,-1.0377,-1.1057,-1.179,-1.3422,-1.4285,-1.0858,-0.8519,-0.7493,-0.7066,-0.6573,-0.5726,-0.4743,-0.3929,-0.3419,-0.3127,-0.2983,-0.2966,-0.3049,-0.32,-0.3398,-0.3628,-0.3886,-0.417,-0.4478,-0.4804,-0.5136,-0.5458,-0.5753,-0.6006,-0.621,-0.6363,-0.8496,-0.878,-0.9144,-0.9624,-1.0268,-1.1126,-1.216,-1.2901,-1.2999,-1.2925,-1.0223,-0.8196,-0.745,-0.756,-0.7101,-0.5831,-0.4491,-0.3555,-0.3239,-0.3129,-0.2998,-0.2921,-0.2952,-0.3084,-0.3283,-0.3528,-0.3811,-0.4134,-0.4498,-0.4894,-0.5303,-0.5698,-0.6052,-0.6343,-0.6561,-0.6708,-0.8559,-0.8859,-0.9246,-0.9761,-1.0463,-1.144,-1.2741,-1.3938,-1.3085,-1.1062,-0.9029,-0.7733,-0.7223,-0.7681,-0.7214,-0.537,-0.3751,-0.2945,-0.2895,-0.287,-0.2666,-0.2532,-0.2589,-0.279,-0.3056,-0.335,-0.3678,-0.4061,-0.4508,-0.501,-0.5536,-0.604,-0.6477,-0.6813,-0.7037,-0.7159,-0.8559,-0.8848,-0.9214,-0.969,-1.032,-1.116,-1.2209,-1.3136,-1.2392,-1.006,-0.8289,-0.76,-0.7291,-0.5144,-0.5511,-0.3617,-0.1748,-0.2363,-0.2639,-0.2377,-0.1858,-0.1639,-0.1889,-0.2317,-0.2723,-0.3086,-0.3466,-0.3927,-0.4497,-0.5163,-0.587,-0.6541,-0.7095,-0.7479,-0.7688,-0.7751,-0.8502,-0.8759,-0.9071,-0.9455,-0.9922,-1.0465,-1.0991,-1.1162,-1.0372,-0.8921,-0.7846,-0.7123,-0.5727,-0.3137,-0.4403,-0.0221,0.4567,-0.0224,-0.191,-0.1339,0.0079,0.0222,-0.079,-0.1727,-0.2323,-0.2721,-0.3124,-0.3678,-0.4436,-0.5362,-0.6364,-0.7297,-0.8016,-0.8438,-0.8579,-0.8517,-0.8403,-0.8615,-0.8859,-0.9134,-0.9428,-0.9699,-0.9842,-0.9669,-0.9046,-0.8247,-0.7906,-0.708,-0.677,-0.578,-0.488,-0.109,0.2407,-0.0793,-0.1983,-0.0065,0.3979,0.3194,0.0331,-0.1259,-0.1909,-0.2176,-0.2517,-0.3202,-0.4268,-0.5623,-0.7107,-0.8466,-0.9415,-0.9824,-0.9782,-0.948,-0.8276,-0.8442,-0.8619,-0.88,-0.8962,-0.9066,-0.9046,-0.8833,-0.8437,-0.8038,-0.7903,-0.7699,-0.9079,-0.9757,-0.6793,-0.4609,-0.3221,-0.3501,-0.3509,-0.0877,0.4377,0.3367,0.0208,-0.1223,-0.1436,-0.1189,-0.133,-0.2294,-0.3916,-0.5961,-0.8228,-1.0281,-1.1533,-1.1776,-1.1328,-1.0612,-0.8137,-0.8261,-0.8384,-0.8494,-0.8575,-0.8598,-0.8535,-0.837,-0.8141,-0.7942,-0.7879,-0.8171,-0.973,-1.0078,-0.8204,-0.7251,-0.5798,-0.5333,-0.5727,-0.3808,-0.1079,-0.0455,-0.1289,-0.1548,-0.0668,0.0806,0.1017,-0.0758,-0.338,-0.6389,-0.9796,-1.2929,-1.451,-1.4261,-1.308,-1.1772,-0.7997,-0.8086,-0.8168,-0.8232,-0.8267,-0.8257,-0.8193,-0.8079,-0.7945,-0.7845,-0.785,-0.8064,-0.8511,-0.8751,-0.9726,-1.0247,-0.7319,-0.5859,-0.57,-0.516,-0.4034,-0.3181,-0.2829,-0.2029,0.0248,0.4009,0.4746,0.0873,-0.3028,-0.6854,-1.1447,-1.588,-1.7685,-1.6618,-1.4555,-1.2666,-0.7861,-0.7924,-0.7977,-0.8012,-0.8022,-0.8001,-0.7947,-0.7867,-0.7782,-0.7723,-0.7728,-0.7826,-0.8019,-0.8395,-0.9416,-0.9636,-0.7562,-0.616,-0.5883,-0.5945,-0.5262,-0.474,-0.4238,-0.3029,-0.0349,0.4214,0.5157,-0.0154,-0.3655,-0.7187,-1.2035,-1.6983,-1.8838,-1.7409,-1.5028,-1.2955,-0.7735,-0.7778,-0.781,-0.7827,-0.7824,-0.78,-0.7754,-0.7693,-0.7632,-0.7587,-0.7575,-0.761,-0.7705,-0.7897,-0.8149,-0.7958,-0.7088,-0.6285,-0.5956,-0.5902,-0.5946,-0.6266,-0.6137,-0.488,-0.3033,-0.2293,-0.4774,-0.4942,-0.5157,-0.7277,-1.1023,-1.499,-1.6761,-1.5987,-1.4226,-1.2528,-0.7619,-0.7647,-0.7665,-0.7671,-0.7661,-0.7635,-0.7594,-0.7545,-0.7493,-0.7449,-0.7421,-0.7415,-0.7431,-0.746,-0.7432,-0.721,-0.6781,-0.6371,-0.6184,-0.6322,-0.709,-0.8642,-0.903,-0.7161,-0.5372,-0.573,-0.7819,-0.697,-0.6177,-0.7225,-0.9561,-1.2117,-1.3582,-1.3566,-1.2695,-1.1619,-0.7513,-0.753,-0.7539,-0.7536,-0.7522,-0.7496,-0.7458,-0.7413,-0.7365,-0.7319,-0.7278,-0.7243,-0.7209,-0.7161,-0.7065,-0.6887,-0.6651,-0.646,-0.6455,-0.6841,-0.8043,-1.0201,-1.0792,-0.8547,-0.6563,-0.6162,-0.6643,-0.6558,-0.6445,-0.7119,-0.8495,-1.0034,-1.1101,-1.1411,-1.1134,-1.0578,-0.7417,-0.7426,-0.7428,-0.742,-0.7403,-0.7376,-0.734,-0.7297,-0.7251,-0.7202,-0.7152,-0.7101,-0.7043,-0.6969,-0.6867,-0.6736,-0.6602,-0.6531,-0.6624,-0.7038,-0.7972,-0.9239,-0.9513,-0.826,-0.6924,-0.6326,-0.6269,-0.6318,-0.6488,-0.6996,-0.7836,-0.8774,-0.9511,-0.9871,-0.9872,-0.9638]}]