docs/data/wind_grid.json
{"header": {"la1":42.1,"la2":41.55,"lo1":12.1,"lo2":12.95,"nx":50,"ny":50,"dx":0.01735,"dy":0.01122,"parameterCategory":2,"parameterNumber":2,"parameterNumberName":"eastward_wind","parameterUnit":"m.s-1"}, "data":
[rows 0 to 39 of 50, columns 0 to 49 of 50]
0.5313,0.7302,0.9188,1.0603,1.1192,1.078,0.9467,0.7561,0.5421,0.3332,0.146,-0.0127,-0.1424,-0.2456,-0.3263,-0.3883,-0.435,-0.4695,-0.4943,-0.5119,-0.5247,-0.5356,-0.5477,-0.5639,-0.5864,-0.6166,-0.6547,-0.7008,-0.7546,-0.8158,-0.8841,-0.9593,-1.0408,-1.1279,-1.2188,-1.3113,-1.4019,-1.4868,-1.5616,-1.6227,-1.6673,-1.6943,-1.7042,-1.699,-1.6813,-1.6542,-1.6206,-1.5829,-1.5431,-1.5028
0.4756,0.679,0.8735,1.0198,1.0805,1.0386,0.9059,0.7149,0.5021,0.2956,0.1116,-0.0434,-0.1692,-0.2686,-0.3455,-0.4037,-0.4468,-0.4776,-0.4985,-0.5119,-0.5204,-0.5271,-0.5357,-0.5496,-0.5715,-0.6025,-0.6427,-0.6917,-0.7489,-0.8141,-0.8871,-0.9677,-1.0556,-1.15,-1.2494,-1.3511,-1.4514,-1.5455,-1.6281,-1.6947,-1.7419,-1.7684,-1.7752,-1.7647,-1.7406,-1.7066,-1.6661,-1.622,-1.5764,-1.5309
0.3934,0.5946,0.7882,0.9339,0.9946,0.9548,0.8273,0.6442,0.4404,0.2428,0.067,-0.0809,-0.2005,-0.2945,-0.3666,-0.4204,-0.4593,-0.4859,-0.5025,-0.5113,-0.5148,-0.5166,-0.5211,-0.5327,-0.5542,-0.5866,-0.6294,-0.6818,-0.7428,-0.8123,-0.89,-0.9762,-1.0708,-1.173,-1.2816,-1.3935,-1.5047,-1.6092,-1.7009,-1.7736,-1.8235,-1.849,-1.8516,-1.8348,-1.803,-1.7609,-1.7127,-1.6614,-1.6095,-1.5585
0.2859,0.4785,0.6649,0.8055,0.8655,0.8313,0.7157,0.548,0.3604,0.1774,0.0139,-0.124,-0.2354,-0.3227,-0.3891,-0.438,-0.4723,-0.4945,-0.5064,-0.51,-0.5079,-0.504,-0.5039,-0.513,-0.5346,-0.5692,-0.6153,-0.6715,-0.7367,-0.8105,-0.8931,-0.985,-1.0863,-1.1967,-1.315,-1.4383,-1.5615,-1.6781,-1.7799,-1.8596,-1.9122,-1.9361,-1.9333,-1.9087,-1.8679,-1.8167,-1.7597,-1.7006,-1.6419,-1.5852
0.1572,0.336,0.5108,0.6439,0.7037,0.6787,0.5802,0.4338,0.2674,0.1031,-0.0452,-0.1709,-0.2729,-0.3526,-0.4128,-0.4563,-0.4858,-0.5033,-0.5103,-0.5084,-0.5,-0.4896,-0.4842,-0.4908,-0.5132,-0.5509,-0.6011,-0.6616,-0.731,-0.8092,-0.8966,-0.9939,-1.102,-1.2208,-1.3493,-1.4847,-1.6215,-1.7516,-1.865,-1.9526,-2.0079,-2.0294,-2.0199,-1.9859,-1.9346,-1.873,-1.8064,-1.739,-1.6732,-1.6105
0.0138,0.176,0.3374,0.4629,0.5241,0.5109,0.4326,0.3102,0.1675,0.0239,-0.1075,-0.22,-0.3118,-0.3834,-0.4371,-0.4751,-0.4997,-0.5125,-0.5146,-0.5069,-0.4916,-0.4738,-0.4625,-0.4669,-0.4911,-0.5329,-0.5879,-0.6528,-0.7264,-0.8087,-0.9005,-1.0031,-1.1176,-1.2447,-1.3838,-1.5322,-1.6837,-1.8289,-1.9556,-2.052,-2.11,-2.128,-2.1103,-2.0652,-2.0019,-1.9288,-1.8519,-1.7757,-1.7026,-1.634
-0.1359,0.0093,0.1581,0.2775,0.3417,0.3414,0.2836,0.1855,0.0665,-0.0561,-0.1704,-0.2696,-0.351,-0.4146,-0.4618,-0.4944,-0.5143,-0.5225,-0.5198,-0.5064,-0.484,-0.4582,-0.4405,-0.443,-0.47,-0.5169,-0.5769,-0.6462,-0.7235,-0.8094,-0.9052,-1.0125,-1.133,-1.268,-1.4176,-1.5792,-1.7466,-1.9084,-2.05,-2.1562,-2.2169,-2.2303,-2.2028,-2.1449,-2.0683,-1.9828,-1.8951,-1.8098,-1.7294,-1.6549
-0.283,-0.153,-0.0147,0.1006,0.1688,0.1809,0.1422,0.0662,-0.0308,-0.1338,-0.2318,-0.3181,-0.3895,-0.4454,-0.4865,-0.5141,-0.5295,-0.5336,-0.5265,-0.5079,-0.4789,-0.4452,-0.4212,-0.4225,-0.4532,-0.5053,-0.5699,-0.6427,-0.723,-0.8117,-0.9107,-1.0219,-1.1477,-1.2898,-1.4493,-1.6242,-1.808,-1.9879,-2.1457,-2.2626,-2.3259,-2.3337,-2.2947,-2.2227,-2.1318,-2.0332,-1.9346,-1.8403,-1.7528,-1.6728
-0.4189,-0.3015,-0.1713,-0.0586,0.0135,0.0364,0.0138,-0.0433,-0.121,-0.2065,-0.2898,-0.3643,-0.4266,-0.4755,-0.5111,-0.5343,-0.5457,-0.5461,-0.5353,-0.5127,-0.4786,-0.4386,-0.4093,-0.4101,-0.4443,-0.5006,-0.5682,-0.6431,-0.7252,-0.8158,-0.9171,-1.0313,-1.1612,-1.3094,-1.4776,-1.665,-1.865,-2.0635,-2.2387,-2.3672,-2.4329,-2.4342,-2.3825,-2.2954,-2.1897,-2.0781,-1.9688,-1.8661,-1.772,-1.687
-0.5363,-0.4291,-0.3053,-0.1949,-0.12,-0.0889,-0.0989,-0.1406,-0.2024,-0.273,-0.3434,-0.4075,-0.4617,-0.5045,-0.5355,-0.5548,-0.563,-0.5604,-0.5468,-0.5217,-0.485,-0.4421,-0.4104,-0.4112,-0.4472,-0.5047,-0.5728,-0.6479,-0.7304,-0.8218,-0.9244,-1.0406,-1.1733,-1.3258,-1.5009,-1.699,-1.9141,-2.1308,-2.3237,-2.464,-2.532,-2.5263,-2.4615,-2.3592,-2.2391,-2.1153,-1.9963,-1.8861,-1.7862,-1.6969
-0.6306,-0.5317,-0.4139,-0.3066,-0.2309,-0.1946,-0.1954,-0.2253,-0.2742,-0.3324,-0.3919,-0.447,-0.4943,-0.532,-0.5592,-0.5758,-0.5815,-0.5764,-0.5607,-0.5347,-0.4989,-0.4579,-0.4277,-0.4287,-0.4631,-0.518,-0.5835,-0.6567,-0.7383,-0.8296,-0.9326,-1.0495,-1.1835,-1.3382,-1.5177,-1.7236,-1.9511,-2.1842,-2.3937,-2.5454,-2.6158,-2.6032,-2.526,-2.4097,-2.2769,-2.1426,-2.0154,-1.899,-1.7947,-1.7019
-0.6992,-0.6079,-0.497,-0.3946,-0.3204,-0.2818,-0.2766,-0.2978,-0.3367,-0.3847,-0.435,-0.4825,-0.524,-0.5576,-0.5822,-0.597,-0.601,-0.594,-0.5767,-0.5506,-0.5181,-0.4833,-0.4585,-0.4596,-0.4893,-0.5382,-0.5987,-0.6686,-0.7484,-0.8388,-0.9415,-1.0581,-1.1916,-1.3462,-1.5268,-1.7365,-1.9721,-2.2175,-2.4409,-2.6028,-2.6754,-2.6574,-2.57,-2.4427,-2.2999,-2.1578,-2.0247,-1.9041,-1.7967,-1.7018
-0.7425,-0.659,-0.5565,-0.4611,-0.391,-0.3527,-0.3442,-0.3593,-0.3905,-0.4303,-0.473,-0.514,-0.5506,-0.581,-0.604,-0.6182,-0.6216,-0.613,-0.5935,-0.5671,-0.5384,-0.5115,-0.4938,-0.4955,-0.5196,-0.5613,-0.6161,-0.6823,-0.7599,-0.8493,-0.951,-1.0664,-1.1979,-1.3497,-1.5275,-1.736,-1.9739,-2.2258,-2.4581,-2.6275,-2.7026,-2.6814,-2.588,-2.454,-2.3057,-2.1594,-2.0233,-1.9006,-1.7918,-1.6961
-0.7634,-0.6882,-0.5958,-0.5097,-0.4458,-0.4099,-0.4002,-0.4113,-0.4365,-0.4698,-0.506,-0.5415,-0.5739,-0.6018,-0.6241,-0.6389,-0.6428,-0.6327,-0.6101,-0.5817,-0.5551,-0.5346,-0.5237,-0.5269,-0.547,-0.583,-0.6331,-0.6963,-0.7723,-0.8606,-0.9613,-1.0747,-1.2026,-1.349,-1.5201,-1.7219,-1.955,-2.2056,-2.4403,-2.6133,-2.6907,-2.6701,-2.576,-2.4413,-2.2926,-2.1462,-2.0104,-1.8882,-1.7799,-1.6847
-0.7661,-0.7,-0.6192,-0.5438,-0.4878,-0.4558,-0.4465,-0.4551,-0.476,-0.5039,-0.5346,-0.5651,-0.5938,-0.6195,-0.6417,-0.658,-0.6637,-0.6526,-0.6252,-0.5923,-0.5648,-0.5476,-0.5416,-0.5475,-0.5667,-0.6003,-0.648,-0.7097,-0.7848,-0.8728,-0.9725,-1.0836,-1.2067,-1.3453,-1.5057,-1.6952,-1.9162,-2.1572,-2.3862,-2.558,-2.6377,-2.6215,-2.5329,-2.4038,-2.2602,-2.1182,-1.986,-1.8668,-1.7609,-1.6676
-0.7562,-0.6995,-0.6309,-0.5672,-0.5199,-0.493,-0.4851,-0.4923,-0.5099,-0.5334,-0.5593,-0.5854,-0.6103,-0.6338,-0.6557,-0.6741,-0.6827,-0.671,-0.6377,-0.5976,-0.5659,-0.5485,-0.5459,-0.5559,-0.5776,-0.612,-0.6599,-0.7217,-0.7974,-0.8857,-0.9851,-1.0937,-1.2112,-1.3402,-1.4867,-1.6588,-1.8609,-2.0841,-2.2998,-2.4652,-2.5465,-2.5382,-2.4606,-2.343,-2.2097,-2.0762,-1.9508,-1.8368,-1.7351,-1.645
-0.7389,-0.6916,-0.6352,-0.5832,-0.5448,-0.5233,-0.5176,-0.5243,-0.5393,-0.5591,-0.5808,-0.6027,-0.6239,-0.6446,-0.6653,-0.6849,-0.6963,-0.6848,-0.6457,-0.5974,-0.5588,-0.5386,-0.5386,-0.5543,-0.5812,-0.6189,-0.669,-0.7326,-0.81,-0.8999,-0.9997,-1.1063,-1.2179,-1.3358,-1.4659,-1.6168,-1.7947,-1.9937,-2.1894,-2.3439,-2.4255,-2.427,-2.3644,-2.2626,-2.1436,-2.0219,-1.9058,-1.7991,-1.7029,-1.6173
-0.7187,-0.6804,-0.6355,-0.5946,-0.5648,-0.5488,-0.5454,-0.552,-0.5652,-0.5819,-0.5999,-0.6178,-0.6351,-0.6523,-0.6703,-0.6888,-0.7009,-0.6895,-0.647,-0.5922,-0.5465,-0.5219,-0.5248,-0.5475,-0.5805,-0.6227,-0.6761,-0.7427,-0.823,-0.9155,-1.0169,-1.1224,-1.2284,-1.3348,-1.4469,-1.5742,-1.7243,-1.8948,-2.0661,-2.206,-2.286,-2.2976,-2.2515,-2.1678,-2.0654,-1.9576,-1.8526,-1.7546,-1.6652,-1.5849
-0.6991,-0.6688,-0.6343,-0.6034,-0.5815,-0.5706,-0.5698,-0.5766,-0.5884,-0.6026,-0.6173,-0.6314,-0.6447,-0.6577,-0.6715,-0.686,-0.6952,-0.683,-0.6408,-0.585,-0.5352,-0.5064,-0.5121,-0.5411,-0.5793,-0.6254,-0.6823,-0.7525,-0.8367,-0.9332,-1.0375,-1.1433,-1.2447,-1.3398,-1.4335,-1.5359,-1.6568,-1.7968,-1.9414,-2.0641,-2.1403,-2.1601,-2.1298,-2.0642,-1.9789,-1.8859,-1.7929,-1.7045,-1.6227,-1.5484
-0.682,-0.659,-0.6334,-0.6112,-0.5963,-0.59,-0.5916,-0.5989,-0.6097,-0.6218,-0.6336,-0.6444,-0.6538,-0.6624,-0.671,-0.6795,-0.683,-0.6689,-0.6305,-0.5795,-0.5319,-0.5025,-0.5091,-0.5402,-0.5802,-0.6287,-0.6887,-0.7628,-0.8516,-0.9532,-1.0622,-1.1702,-1.2686,-1.3535,-1.429,-1.5065,-1.598,-1.7075,-1.8247,-1.9287,-1.9985,-2.0236,-2.0064,-1.9572,-1.8882,-1.8096,-1.7287,-1.6501,-1.5763,-1.5084
-0.6686,-0.6518,-0.6338,-0.6189,-0.61,-0.6078,-0.6115,-0.6195,-0.6296,-0.6401,-0.6497,-0.6575,-0.6634,-0.6678,-0.6712,-0.6735,-0.6707,-0.6547,-0.6206,-0.5771,-0.5377,-0.5138,-0.5188,-0.5456,-0.5838,-0.6332,-0.6958,-0.7738,-0.8677,-0.9756,-1.091,-1.2035,-1.3012,-1.3775,-1.4359,-1.4892,-1.5523,-1.6321,-1.7225,-1.8071,-1.868,-1.8949,-1.8871,-1.8512,-1.7963,-1.7309,-1.6615,-1.5926,-1.5268,-1.4655
-0.659,-0.6476,-0.6359,-0.6271,-0.6232,-0.6245,-0.6303,-0.639,-0.6488,-0.6582,-0.6659,-0.6713,-0.6743,-0.6752,-0.6742,-0.6711,-0.6631,-0.645,-0.6138,-0.5761,-0.5443,-0.528,-0.5313,-0.5526,-0.5887,-0.6388,-0.7038,-0.7856,-0.8849,-0.9999,-1.1235,-1.2429,-1.3426,-1.4126,-1.4553,-1.4856,-1.5216,-1.5733,-1.6378,-1.7026,-1.7525,-1.7776,-1.7754,-1.7493,-1.7059,-1.6519,-1.5929,-1.533,-1.475,-1.4203
-0.6532,-0.6462,-0.6398,-0.636,-0.6362,-0.6405,-0.6482,-0.6578,-0.6677,-0.6764,-0.6828,-0.6864,-0.6872,-0.6853,-0.681,-0.6737,-0.6617,-0.6414,-0.6108,-0.5744,-0.5426,-0.5262,-0.5316,-0.5551,-0.593,-0.6451,-0.7127,-0.7981,-0.9027,-1.0251,-1.158,-1.2864,-1.3908,-1.4569,-1.4858,-1.4948,-1.5053,-1.5306,-1.5707,-1.6156,-1.6529,-1.6733,-1.6729,-1.6532,-1.6185,-1.5738,-1.5239,-1.4722,-1.4215,-1.3732
-0.6506,-0.6474,-0.6452,-0.6454,-0.6491,-0.6561,-0.6656,-0.6762,-0.6865,-0.6949,-0.7005,-0.7028,-0.702,-0.6982,-0.6917,-0.6817,-0.6666,-0.6439,-0.6118,-0.5727,-0.5338,-0.5103,-0.5205,-0.5533,-0.5969,-0.6523,-0.7225,-0.811,-0.9202,-1.0496,-1.1918,-1.3303,-1.4414,-1.5058,-1.5232,-1.513,-1.5004,-1.5014,-1.5186,-1.5443,-1.5681,-1.5814,-1.5799,-1.5636,-1.5349,-1.4975,-1.4551,-1.4109,-1.3669,-1.3247
-0.6506,-0.6506,-0.6518,-0.6554,-0.662,-0.6713,-0.6825,-0.6944,-0.7054,-0.7141,-0.7193,-0.7207,-0.7186,-0.7137,-0.706,-0.6944,-0.6771,-0.652,-0.6176,-0.5747,-0.5293,-0.5009,-0.5137,-0.5535,-0.6026,-0.6611,-0.7334,-0.8239,-0.9363,-1.0709,-1.221,-1.3688,-1.4869,-1.5516,-1.5603,-1.5342,-1.5016,-1.4813,-1.4777,-1.4853,-1.4953,-1.5002,-1.4955,-1.48,-1.4551,-1.4232,-1.3871,-1.3492,-1.3115,-1.275
-0.6527,-0.6553,-0.6593,-0.6657,-0.6747,-0.6861,-0.6991,-0.7124,-0.7246,-0.7339,-0.7391,-0.7398,-0.7367,-0.731,-0.723,-0.711,-0.6926,-0.6657,-0.6293,-0.5844,-0.5378,-0.5099,-0.522,-0.562,-0.6128,-0.6725,-0.7453,-0.8362,-0.9497,-1.0868,-1.2414,-1.3953,-1.5189,-1.5848,-1.5881,-1.5507,-1.5028,-1.465,-1.4435,-1.4347,-1.4315,-1.4273,-1.4179,-1.4016,-1.3787,-1.3508,-1.3198,-1.2876,-1.2555,-1.2245
-0.6563,-0.661,-0.6674,-0.676,-0.6871,-0.7004,-0.7152,-0.7302,-0.744,-0.7545,-0.7601,-0.76,-0.7555,-0.749,-0.7414,-0.7305,-0.7121,-0.6842,-0.6468,-0.6027,-0.5596,-0.5352,-0.5445,-0.58,-0.6284,-0.6867,-0.7581,-0.8475,-0.9594,-1.0953,-1.2497,-1.4047,-1.53,-1.5968,-1.5983,-1.5553,-1.4978,-1.4473,-1.4114,-1.3885,-1.3732,-1.3601,-1.3453,-1.327,-1.3049,-1.2799,-1.2531,-1.2258,-1.199,-1.1733
-0.6609,-0.6674,-0.6757,-0.6862,-0.6991,-0.7141,-0.7306,-0.7476,-0.7635,-0.7759,-0.7822,-0.7812,-0.7744,-0.7663,-0.7596,-0.7509,-0.7339,-0.7059,-0.669,-0.6277,-0.5901,-0.5695,-0.5759,-0.6052,-0.6486,-0.7032,-0.7713,-0.8571,-0.9647,-1.0956,-1.2445,-1.3945,-1.5168,-1.5833,-1.5862,-1.5432,-1.4821,-1.4239,-1.3775,-1.3431,-1.3173,-1.2958,-1.2756,-1.2547,-1.2327,-1.2099,-1.1867,-1.1639,-1.142,-1.1214
-0.6662,-0.6742,-0.684,-0.696,-0.7103,-0.7269,-0.7452,-0.7643,-0.7826,-0.7976,-0.8055,-0.8035,-0.793,-0.7818,-0.7756,-0.77,-0.7554,-0.7283,-0.693,-0.6558,-0.624,-0.6069,-0.6109,-0.6342,-0.6716,-0.7211,-0.7843,-0.8645,-0.9654,-1.0879,-1.2267,-1.3663,-1.481,-1.5455,-1.5516,-1.513,-1.4533,-1.392,-1.3387,-1.2957,-1.261,-1.2322,-1.2067,-1.1832,-1.161,-1.14,-1.1201,-1.1016,-1.0845,-1.0688
-0.6717,-0.6809,-0.6919,-0.7051,-0.7207,-0.7386,-0.7585,-0.7797,-0.8009,-0.8191,-0.8297,-0.827,-0.8113,-0.7943,-0.7873,-0.7851,-0.7735,-0.7483,-0.716,-0.6837,-0.6576,-0.6436,-0.6459,-0.6641,-0.6955,-0.7391,-0.7963,-0.8697,-0.962,-1.0735,-1.1989,-1.3244,-1.4282,-1.4889,-1.4984,-1.4663,-1.4113,-1.3503,-1.2933,-1.2438,-1.2021,-1.1669,-1.1369,-1.111,-1.0887,-1.0694,-1.0529,-1.0386,-1.0263,-1.0157
-0.6773,-0.6874,-0.6993,-0.7135,-0.7299,-0.7488,-0.7701,-0.7932,-0.8172,-0.8392,-0.8536,-0.8516,-0.8298,-0.8039,-0.7939,-0.794,-0.7854,-0.7633,-0.7355,-0.7092,-0.6888,-0.6779,-0.6791,-0.693,-0.7187,-0.7562,-0.8067,-0.8724,-0.955,-1.0541,-1.1644,-1.274,-1.3651,-1.4204,-1.4323,-1.4067,-1.3575,-1.2988,-1.2401,-1.1862,-1.1388,-1.0983,-1.0645,-1.0368,-1.0147,-0.9975,-0.9845,-0.9747,-0.9675,-0.962
-0.6828,-0.6935,-0.7061,-0.7208,-0.7379,-0.7575,-0.7796,-0.8042,-0.8304,-0.8559,-0.8746,-0.8749,-0.848,-0.8119,-0.7965,-0.7966,-0.7904,-0.7729,-0.7512,-0.7318,-0.7172,-0.7093,-0.7098,-0.7199,-0.7403,-0.7717,-0.8154,-0.873,-0.9455,-1.0316,-1.1265,-1.22,-1.2978,-1.3463,-1.3588,-1.3382,-1.2945,-1.2385,-1.179,-1.1217,-1.0698,-1.025,-0.9881,-0.9593,-0.9381,-0.9236,-0.9146,-0.9097,-0.9078,-0.9077
-0.6879,-0.6992,-0.7122,-0.7272,-0.7445,-0.7644,-0.7868,-0.812,-0.8393,-0.8668,-0.8886,-0.8916,-0.8626,-0.8196,-0.7984,-0.7959,-0.791,-0.7786,-0.7641,-0.752,-0.7434,-0.7383,-0.7381,-0.7447,-0.7599,-0.7853,-0.8222,-0.8717,-0.9341,-1.0077,-1.0878,-1.1659,-1.2307,-1.2715,-1.2825,-1.2647,-1.2246,-1.1705,-1.1103,-1.05,-0.9941,-0.9457,-0.9066,-0.8776,-0.8582,-0.8472,-0.8429,-0.8435,-0.8473,-0.853
-0.6927,-0.7042,-0.7174,-0.7325,-0.7498,-0.7694,-0.7916,-0.8164,-0.8433,-0.8706,-0.8925,-0.896,-0.8685,-0.8261,-0.8018,-0.7954,-0.7908,-0.7833,-0.7761,-0.7716,-0.7686,-0.7658,-0.7643,-0.7672,-0.7774,-0.797,-0.8273,-0.869,-0.9217,-0.9835,-1.0499,-1.1138,-1.1662,-1.1988,-1.2065,-1.1889,-1.15,-1.0963,-1.0345,-0.971,-0.9113,-0.8598,-0.8193,-0.7909,-0.7744,-0.7679,-0.7693,-0.7761,-0.7862,-0.798
-0.6971,-0.7086,-0.7218,-0.7367,-0.7536,-0.7727,-0.794,-0.8175,-0.8427,-0.8675,-0.8864,-0.8885,-0.8649,-0.8291,-0.8057,-0.7967,-0.7924,-0.7893,-0.7892,-0.7919,-0.7939,-0.7925,-0.789,-0.7877,-0.7928,-0.8068,-0.8309,-0.8652,-0.9089,-0.9598,-1.0138,-1.0649,-1.1059,-1.1299,-1.1325,-1.1127,-1.0727,-1.0173,-0.9525,-0.8849,-0.8212,-0.7669,-0.7257,-0.6991,-0.6866,-0.6858,-0.6938,-0.7077,-0.7247,-0.743
-0.7009,-0.7124,-0.7254,-0.7399,-0.7562,-0.7743,-0.7943,-0.8159,-0.8384,-0.8594,-0.8741,-0.8743,-0.8556,-0.8283,-0.8086,-0.7994,-0.7962,-0.7976,-0.8042,-0.8138,-0.82,-0.8187,-0.8121,-0.8062,-0.8062,-0.8149,-0.8331,-0.8606,-0.8961,-0.9372,-0.9802,-1.0197,-1.05,-1.0653,-1.0617,-1.0376,-0.9941,-0.9347,-0.8652,-0.7924,-0.7241,-0.667,-0.6259,-0.6022,-0.595,-0.6012,-0.617,-0.6387,-0.6632,-0.6883
-0.7043,-0.7156,-0.7282,-0.7422,-0.7577,-0.7747,-0.793,-0.8124,-0.8317,-0.8487,-0.8595,-0.8587,-0.8448,-0.8252,-0.81,-0.8026,-0.8018,-0.8078,-0.8209,-0.8366,-0.846,-0.8435,-0.833,-0.8224,-0.8177,-0.8215,-0.8344,-0.8556,-0.8836,-0.916,-0.949,-0.9783,-0.9986,-1.0052,-0.9944,-0.9643,-0.9151,-0.8498,-0.7737,-0.6944,-0.6208,-0.5611,-0.5206,-0.501,-0.5005,-0.5149,-0.5394,-0.5697,-0.6022,-0.6345
-0.7072,-0.7182,-0.7304,-0.7437,-0.7583,-0.774,-0.7906,-0.8075,-0.8238,-0.8374,-0.8453,-0.8444,-0.8346,-0.8211,-0.8104,-0.8058,-0.8081,-0.8186,-0.8374,-0.8581,-0.8694,-0.8651,-0.8508,-0.8359,-0.827,-0.8265,-0.8347,-0.8503,-0.8716,-0.8961,-0.9203,-0.9403,-0.9514,-0.9495,-0.9309,-0.8934,-0.837,-0.7639,-0.6796,-0.5925,-0.5129,-0.4504,-0.4113,-0.3969,-0.4043,-0.428,-0.4622,-0.5016,-0.5425,-0.5821
-0.7097,-0.7203,-0.7319,-0.7446,-0.7581,-0.7725,-0.7874,-0.8021,-0.8158,-0.8267,-0.8327,-0.8322,-0.8257,-0.817,-0.8103,-0.8087,-0.8141,-0.8284,-0.8512,-0.875,-0.8869,-0.8811,-0.8639,-0.846,-0.834,-0.8301,-0.8341,-0.8448,-0.8602,-0.8776,-0.894,-0.9055,-0.9081,-0.8978,-0.8711,-0.8256,-0.7607,-0.6785,-0.5847,-0.4887,-0.4026,-0.3375,-0.3003,-0.2921,-0.3084,-0.3423,-0.3867,-0.4356,-0.4848,-0.5318
-0.7117,-0.7219,-0.733,-0.7449,-0.7574,-0.7705,-0.7838,-0.7966,-0.8081,-0.817,-0.822,-0.8221,-0.8183,-0.8132,-0.8098,-0.8111,-0.8191,-0.8358,-0.8601,-0.8844,-0.8961,-0.8896,-0.8716,-0.8525,-0.8386,-0.8322,-0.8328,-0.8392,-0.8492,-0.8604,-0.8697,-0.8737,-0.8684,-0.8501,-0.8153,-0.7613,-0.6874,-0.5953,-0.4913,-0.3861,-0.2932,-0.2257,-0.191,-0.1896,-0.2154,-0.2598,-0.3145,-0.3729,-0.4303,-0.4842
