docs/data/wind_grid.json
[{"header":{"la1":42.85,"la2":41.18,"lo1":11.55,"lo2":14.05,"nx":36,"ny":24,"dx":0.07143,"dy":0.07261,"parameterCategory":2,"parameterNumber":2,"parameterNumberName":"eastward_wind","parameterUnit":"m.s-1"},"data":[2.2598,2.2283,2.1936,2.1566,2.1197,2.0868,2.0632,2.0544,2.0643,2.093,2.1365,2.1887,2.2433,2.2962,2.3447,2.3876,2.4243,2.4547,2.4786,2.4966,2.5092,2.5176,2.5226,2.5251,2.5256,2.5245,2.5223,2.5191,2.5151,2.5105,2.5055,2.5003,2.495,2.4898,2.4847,2.4799,2.2493,2.211,2.1666,2.1168,2.0638,2.0127,1.9721,1.9525,1.9623,2.0023,2.0648,2.1379,2.2115,2.2795,2.3397,2.3916,2.4351,2.4701,2.4968,2.5154,2.5273,2.534,2.5372,2.5378,2.5367,2.534,2.5303,2.5256,2.5203,2.5144,2.5082,2.5019,2.4956,2.4894,2.4835,2.478,2.2427,2.1972,2.1419,2.0758,2.0,1.9201,1.8491,1.8074,1.8147,1.8744,1.9697,2.076,2.1763,2.2637,2.3376,2.3997,2.4511,2.4919,2.5214,2.54,2.5497,2.5535,2.5538,2.552,2.5487,2.5442,2.5386,2.5323,2.5254,2.518,2.5104,2.5028,2.4953,2.4882,2.4814,2.4751,2.2422,2.1902,2.1237,2.0387,1.9328,1.8085,1.6822,1.5932,1.5908,1.6887,1.8445,2.0044,2.1412,2.251,2.3394,2.4123,2.473,2.5214,2.5547,2.5718,2.5769,2.5757,2.572,2.5671,2.5613,2.5546,2.5471,2.5389,2.5302,2.5211,2.5119,2.5029,2.4941,2.4858,2.4781,2.4711,2.2502,2.194,2.1183,2.0153,1.8747,1.6882,1.4654,1.2721,1.2388,1.4183,1.6904,1.9327,2.1134,2.2449,2.3454,2.4282,2.4997,2.559,2.598,2.6114,2.6078,2.5993,2.5907,2.5826,2.5743,2.5653,2.5556,2.5452,2.5344,2.5234,2.5124,2.5017,2.4916,2.482,2.4734,2.4656,2.2687,2.2123,2.1332,2.0191,1.8503,1.5972,1.2343,0.8311,0.71,1.0681,1.5436,1.8873,2.1052,2.2489,2.3547,2.4435,2.5254,2.5992,2.6474,2.6536,2.6373,2.6211,2.6087,2.598,2.5873,2.5758,2.5637,2.5509,2.5378,2.5246,2.5116,2.499,2.4873,2.4764,2.4667,2.4582,2.2986,2.2475,2.1738,2.0634,1.8908,1.6092,1.1445,0.4996,0.2355,0.8481,1.5148,1.9069,2.1266,2.2632,2.364,2.4528,2.5398,2.6226,2.6769,2.677,2.6551,2.6382,2.6255,2.6133,2.6003,2.5862,2.5713,2.5557,2.5399,2.5242,2.5089,2.4943,2.4807,2.4685,2.4577,2.4485,2.339,2.2989,2.2405,2.1516,2.0106,1.7784,1.3954,0.8679,0.6687,1.1771,1.6953,1.9995,2.1722,2.2808,2.3673,2.4526,2.5393,2.6166,2.6627,2.6696,2.6626,2.6541,2.6433,2.6296,2.6137,2.5964,2.5781,2.5592,2.5403,2.5217,2.5037,2.4868,2.4713,2.4575,2.4457,2.4359,2.3869,2.3622,2.3265,2.2725,2.1876,2.0529,1.853,1.6325,1.5639,1.7158,1.9328,2.1091,2.2168,2.2842,2.3529,2.4413,2.539,2.6204,2.6663,2.6833,2.6864,2.6799,2.6663,2.6483,2.6278,2.6061,2.5836,2.561,2.5384,2.5164,2.4954,2.4758,2.4581,2.4427,2.4299,2.4196,2.4381,2.4307,2.4208,2.4064,2.3827,2.3393,2.2548,2.101,1.8947,1.84,2.0266,2.185,2.2343,2.2427,2.2951,2.4121,2.5566,2.6782,2.7432,2.7568,2.7445,2.7222,2.6964,2.6695,2.6422,2.6147,2.5874,2.5602,2.5335,2.5076,2.483,2.4602,2.44,2.4229,2.4091,2.3988,2.4877,2.4968,2.5114,2.5343,2.5681,2.6084,2.6159,2.4318,1.755,1.4441,2.0293,2.2603,2.2105,2.0946,2.1442,2.3541,2.6123,2.834,2.9262,2.8967,2.8328,2.7762,2.7304,2.6913,2.6554,2.6214,2.5884,2.5561,2.5246,2.4941,2.4651,2.4386,2.4155,2.3965,2.3821,2.3723,2.5314,2.5536,2.5874,2.6398,2.7215,2.8468,3.0177,3.0895,2.438,1.9258,2.2928,2.4343,2.1808,1.7155,1.8558,2.2889,2.7431,3.1966,3.2958,3.0972,2.9291,2.8277,2.7615,2.7103,2.6658,2.6246,2.5855,2.5477,2.5107,2.4747,2.4404,2.409,2.3823,2.3613,2.3468,2.3384,2.566,2.5964,2.6413,2.7094,2.8158,2.9867,3.2585,3.5678,3.2723,2.7214,2.6715,2.8602,2.5726,1.5994,1.7606,2.3469,2.899,3.7487,3.7719,3.2462,2.9827,2.8591,2.7837,2.7242,2.6715,2.623,2.5776,2.534,2.4909,2.4482,2.4067,2.3688,2.3372,2.3142,2.3005,2.2952,2.5902,2.6235,2.6706,2.7386,2.839,2.988,3.1943,3.3927,3.2415,2.867,2.8299,3.3419,3.4583,2.6567,2.4188,2.5637,2.8539,3.3677,3.4643,3.1434,2.9618,2.871,2.8003,2.7334,2.6713,2.6151,2.5636,2.5143,2.4645,2.413,2.3613,2.3136,2.2754,2.2505,2.2396,2.2403,2.6044,2.6362,2.6786,2.7354,2.8107,2.9057,3.0058,3.0493,2.9367,2.7542,2.6949,2.8063,2.9159,3.1629,2.7236,2.7123,2.7878,2.8969,2.9951,2.9666,2.9427,2.9037,2.824,2.7385,2.663,2.5987,2.5424,2.4887,2.4318,2.3684,2.3007,2.2372,2.189,2.1631,2.1592,2.1713,2.6106,2.6381,2.6725,2.7142,2.7625,2.8114,2.844,2.8291,2.7437,2.6098,2.461,2.4352,2.572,2.7565,2.7014,2.7151,2.7651,2.7869,2.8344,2.9093,3.0378,2.9975,2.8515,2.7318,2.641,2.5706,2.5134,2.4591,2.3953,2.3146,2.2202,2.1292,2.0655,2.0422,2.0542,2.0868,2.6109,2.6334,2.6592,2.6876,2.7157,2.7374,2.7419,2.7164,2.6551,2.5626,2.4633,2.47,2.4351,2.4179,2.5894,2.659,2.7015,2.7276,2.7564,2.8541,3.0464,2.9964,2.8258,2.6954,2.5988,2.5283,2.4781,2.4304,2.3612,2.2548,2.1144,1.9745,1.8878,1.8776,1.9226,1.9895,2.6078,2.6253,2.644,2.6625,2.6782,2.6866,2.6823,2.6607,2.6216,2.5723,2.5301,2.5014,2.4148,2.4028,2.558,2.6217,2.6631,2.6951,2.7011,2.7466,2.8246,2.8188,2.7292,2.6284,2.5395,2.474,2.4406,2.4109,2.3394,2.1976,1.9837,1.7614,1.6456,1.6725,1.7759,1.8912,2.6027,2.6162,2.6295,2.6416,2.6502,2.653,2.6473,2.6318,2.608,2.5805,2.5554,2.533,2.512,2.5323,2.5933,2.6086,2.6405,2.6797,2.6956,2.7021,2.7044,2.6817,2.6249,2.5548,2.4837,2.4218,2.4071,2.4072,2.3382,2.1606,1.8588,1.53,1.3905,1.4797,1.6536,1.8164,2.597,2.6073,2.6169,2.6248,2.6298,2.6305,2.6257,2.6153,2.6007,2.5845,2.5698,2.5589,2.5569,2.5727,2.5982,2.6089,2.6301,2.6609,2.6928,2.7037,2.6501,2.5811,2.5219,2.4852,2.4562,2.4157,2.4064,2.4299,2.3614,2.1675,1.8246,1.4451,1.2977,1.4154,1.6155,1.7934,2.5912,2.5991,2.6062,2.6117,2.6148,2.6149,2.6115,2.6048,2.5958,2.5862,2.578,2.5733,2.5746,2.5835,2.5961,2.6071,2.6202,2.6373,2.6576,2.6506,2.5605,2.4322,2.3676,2.3928,2.4396,2.48,2.5373,2.5125,2.4085,2.2199,1.924,1.6095,1.4682,1.5343,1.6844,1.8315,2.5857,2.5919,2.5973,2.6013,2.6035,2.6036,2.6014,2.5972,2.5917,2.5861,2.5815,2.5794,2.5807,2.5855,2.592,2.5981,2.6025,2.6029,2.5913,2.5391,2.3933,2.1693,2.1013,2.2491,2.3991,2.5114,2.5983,2.5565,2.4398,2.279,2.0667,1.854,1.735,1.7395,1.8164,1.9116,2.5806,2.5856,2.5898,2.5929,2.5946,2.5948,2.5936,2.591,2.5877,2.5843,2.5816,2.5803,2.5808,2.5826,2.5847,2.5851,2.5809,2.5672,2.5322,2.4481,2.2661,1.9953,1.9268,2.1451,2.3455,2.4656,2.5234,2.5046,2.4278,2.3145,2.1753,2.0396,1.95,1.9263,1.9532,2.0043,2.5759,2.58,2.5834,2.5859,2.5874,2.5878,2.5871,2.5856,2.5835,2.5813,2.5795,2.5782,2.5776,2.5771,2.5756,2.5712,2.5608,2.539,2.4956,2.4129,2.2717,2.1057,2.0649,2.1879,2.3267,2.4154,2.4545,2.4481,2.4038,2.3318,2.2436,2.1571,2.0932,2.0639,2.0665,2.0897]},{"header":{"la1":42.85,"la2":41.18,"lo1":11.55,"lo2":14.05,"nx":36,"ny":24,"dx":0.07143,"dy":0.07261,"parameterCategory":2,"parameterNumber":3,"parameterNumberName":"northward_wind","parameterUnit":"m.s-1"},"data":[1.0156,0.9902,0.9611,0.9289,0.8947,0.8612,0.8315,0.8092,0.7962,0.7914,0.7905,0.7884,0.7802,0.7636,0.738,0.7056,0.6704,0.638,0.6146,0.605,0.6106,0.6293,0.6573,0.6902,0.7248,0.7587,0.7908,0.8205,0.8477,0.8723,0.8947,0.9149,0.9332,0.9498,0.9648,0.9784,1.019,0.9898,0.9549,0.9143,0.8693,0.8231,0.7816,0.7521,0.7394,0.7424,0.7532,0.7614,0.7589,0.7416,0.7091,0.6642,0.6126,0.5637,0.5285,0.5157,0.5271,0.558,0.6002,0.6466,0.6925,0.7353,0.7742,0.809,0.84,0.8675,0.892,0.9139,0.9335,0.9511,0.9669,0.9811,1.0259,0.9928,0.9513,0.9,0.8392,0.7724,0.709,0.664,0.6509,0.6698,0.7038,0.7318,0.7399,0.7229,0.681,0.6175,0.5399,0.4629,0.4073,0.3906,0.4151,0.4682,0.5335,0.5994,0.6599,0.7134,0.7597,0.7998,0.8346,0.8648,0.8914,0.9147,0.9354,0.9539,0.9703,0.985,1.0376,1.0014,0.9534,0.8899,0.8077,0.7078,0.6023,0.522,0.5047,0.5566,0.6378,0.702,0.7275,0.7116,0.6573,0.5677,0.4492,0.3227,0.2293,0.209,0.2631,0.3578,0.4597,0.552,0.6303,0.6952,0.7491,0.7941,0.8322,0.8648,0.893,0.9176,0.9392,0.9583,0.9752,0.9902,1.0556,1.0184,0.9659,0.8911,0.7843,0.6365,0.4535,0.2894,0.2519,0.3776,0.5553,0.6801,0.7288,0.7132,0.6439,0.5218,0.3441,0.131,-0.0363,-0.0559,0.0648,0.2335,0.3879,0.5119,0.6084,0.6839,0.7441,0.7931,0.8337,0.868,0.8974,0.9228,0.9451,0.9646,0.9818,0.997,1.0809,1.0459,0.994,0.9143,0.7888,0.5891,0.2882,-0.0574,-0.1652,0.1274,0.4843,0.6876,0.7538,0.7326,0.6478,0.4955,0.251,-0.0916,-0.3949,-0.4005,-0.1504,0.1254,0.3378,0.4898,0.6,0.6825,0.7464,0.7976,0.8395,0.8747,0.9046,0.9305,0.9531,0.9728,0.9901,1.0053,1.1136,1.0851,1.0409,0.9692,0.8473,0.6303,0.2415,-0.3316,-0.5726,-0.0223,0.522,0.7589,0.8098,0.7694,0.6717,0.5081,0.2331,-0.2053,-0.6506,-0.6345,-0.2557,0.0948,0.3349,0.4963,0.6094,0.6928,0.7569,0.808,0.8498,0.8849,0.9148,0.9407,0.9633,0.983,1.0003,1.0154,1.1519,1.1339,1.1048,1.0559,0.9699,0.8103,0.5106,0.0464,-0.1344,0.3624,0.7815,0.9096,0.8892,0.8113,0.7045,0.557,0.3273,-0.0304,-0.3998,-0.406,-0.1075,0.1824,0.3892,0.533,0.6367,0.7145,0.7751,0.8239,0.8642,0.8983,0.9277,0.9533,0.9757,0.9953,1.0124,1.0273,1.1931,1.1874,1.1776,1.1602,1.1297,1.0763,0.9923,0.9119,0.9754,1.16,1.199,1.098,0.9594,0.8308,0.7187,0.6024,0.4513,0.2548,0.0758,0.0479,0.1727,0.3358,0.4778,0.5897,0.6765,0.7447,0.7992,0.8441,0.8819,0.9144,0.943,0.9682,0.9904,1.0098,1.0267,1.0411,1.2332,1.2396,1.2479,1.2598,1.2785,1.3127,1.3878,1.5706,1.9135,2.0232,1.6423,1.2492,0.9715,0.7872,0.6795,0.6005,0.5033,0.3929,0.3153,0.3093,0.3718,0.4676,0.5653,0.6509,0.7216,0.7792,0.8267,0.8668,0.9015,0.9324,0.9601,0.9851,1.0073,1.0266,1.0432,1.0572,1.269,1.2847,1.3063,1.3372,1.383,1.4535,1.5711,1.8352,2.598,2.9681,1.9556,1.2898,0.8851,0.6268,0.5542,0.5418,0.4606,0.3371,0.2896,0.348,0.4476,0.5474,0.6348,0.7073,0.7663,0.8144,0.8547,0.8898,0.9216,0.9511,0.9786,1.0039,1.0266,1.0462,1.0626,1.0758,1.2983,1.3198,1.3484,1.387,1.4389,1.5046,1.5751,1.6605,2.1143,2.4502,1.7797,1.2411,0.7528,0.2734,0.333,0.467,0.3444,0.0391,-0.0075,0.2359,0.4536,0.5964,0.6913,0.7583,0.8082,0.8474,0.8804,0.9106,0.9399,0.9692,0.9978,1.0248,1.0488,1.0691,1.0853,1.0977,1.3205,1.3444,1.3748,1.4132,1.4599,1.5097,1.5412,1.5216,1.5987,1.71,1.5366,1.3488,0.9699,0.1638,0.2613,0.4724,0.2373,-0.4694,-0.4713,0.1358,0.4812,0.6532,0.7479,0.8067,0.8462,0.8751,0.9,0.9255,0.954,0.9853,1.0176,1.0483,1.0752,1.0968,1.1127,1.1235,1.3362,1.3601,1.389,1.4234,1.4621,1.5003,1.5267,1.5319,1.5488,1.5597,1.5127,1.5913,1.5508,0.7781,0.7339,0.5297,0.229,-0.1178,-0.1234,0.3236,0.6035,0.7355,0.8078,0.8522,0.8775,0.8926,0.9074,0.9291,0.9599,0.9977,1.0382,1.0764,1.1082,1.1316,1.1465,1.1545,1.3464,1.3689,1.3949,1.4243,1.4558,1.4861,1.5106,1.527,1.5426,1.5658,1.5929,1.5931,1.4784,1.7158,1.0476,0.3242,-0.3054,0.2252,0.4732,0.6607,0.7502,0.798,0.8552,0.89,0.8964,0.8903,0.8914,0.912,0.9523,1.0053,1.0617,1.1129,1.1522,1.1771,1.189,1.1917,1.3525,1.3731,1.396,1.421,1.4469,1.4722,1.4954,1.5185,1.553,1.6276,1.7565,1.8999,1.7297,1.4944,1.1804,0.5433,0.0456,0.5775,0.9136,0.913,0.7112,0.7505,0.8819,0.9199,0.8925,0.8476,0.8294,0.8582,0.9244,1.0081,1.0927,1.165,1.2146,1.2387,1.2429,1.2358,1.3558,1.3743,1.3945,1.416,1.4383,1.4609,1.4843,1.5125,1.5566,1.6362,1.7415,1.7662,1.7676,1.7381,1.4061,1.1266,1.0319,1.3243,1.56,1.2588,0.7359,0.7905,0.9537,0.9501,0.8442,0.7199,0.6754,0.7426,0.8705,1.0099,1.1397,1.2437,1.3048,1.3212,1.3088,1.2855,1.357,1.3737,1.3916,1.4106,1.4304,1.4511,1.474,1.502,1.5402,1.5913,1.6402,1.6711,1.7547,1.7605,1.5927,1.5348,1.5646,2.0257,2.4725,1.891,1.3634,1.1697,1.1125,0.9765,0.7179,0.4235,0.3477,0.5442,0.8003,1.0212,1.2103,1.3571,1.4272,1.4219,1.3808,1.3351,1.3568,1.372,1.388,1.405,1.4228,1.4418,1.4627,1.4872,1.5164,1.549,1.5797,1.6077,1.64,1.6619,1.7743,1.8384,1.7762,2.1176,2.4143,2.29,1.877,1.5162,1.2779,1.0066,0.5558,-0.0635,-0.1879,0.3397,0.7743,1.0572,1.292,1.4805,1.5522,1.5139,1.4402,1.3737,1.3558,1.3695,1.384,1.3993,1.4153,1.4324,1.451,1.4715,1.4941,1.5177,1.5409,1.5642,1.5926,1.6449,1.7617,1.8108,1.8177,2.0784,2.6057,2.8164,2.1645,1.7069,1.418,1.1108,0.632,-0.0922,-0.2408,0.5277,0.9099,1.1269,1.3378,1.5277,1.5956,1.5451,1.4618,1.39,1.354,1.3665,1.3797,1.3935,1.408,1.4233,1.4396,1.4569,1.4753,1.4945,1.5142,1.5362,1.5651,1.6101,1.6712,1.7209,1.7984,2.0058,2.339,2.4217,2.0629,1.7588,1.5644,1.3209,1.0267,0.9253,1.3383,1.3221,1.1959,1.2197,1.3337,1.4657,1.5254,1.4992,1.4394,1.3817,1.3518,1.3632,1.3752,1.3878,1.4009,1.4145,1.4289,1.444,1.4598,1.4764,1.4944,1.5151,1.5413,1.5761,1.619,1.6692,1.7444,1.8651,1.9914,2.0002,1.8756,1.8042,1.7646,1.5575,1.3514,1.4645,1.8498,1.6714,1.3879,1.298,1.3235,1.3874,1.4284,1.4254,1.3952,1.3584,1.3492,1.3597,1.3707,1.3821,1.394,1.4063,1.4191,1.4325,1.4466,1.4616,1.478,1.497,1.52,1.5484,1.5829,1.6255,1.6806,1.7464,1.7993,1.8072,1.7961,1.8602,1.8897,1.6888,1.4913,1.4896,1.5951,1.5451,1.4103,1.3331,1.3216,1.3426,1.3632,1.3664,1.3534,1.3324,1.3464,1.3561,1.3661,1.3766,1.3874,1.3985,1.4101,1.4222,1.435,1.4486,1.4636,1.4806,1.5006,1.5243,1.5523,1.5854,1.6235,1.6626,1.6932,1.7106,1.7343,1.7859,1.7869,1.6616,1.5227,1.466,1.4637,1.4376,1.3825,1.3381,1.3205,1.322,1.3284,1.3296,1.3231,1.3108]}]