docs/data/wind_grid.json
[{"header":{"la1":42.85,"la2":41.18,"lo1":11.55,"lo2":14.05,"nx":36,"ny":24,"dx":0.07143,"dy":0.07261,"parameterCategory":2,"parameterNumber":2,"parameterNumberName":"eastward_wind","parameterUnit":"m.s-1"},"data":[3.7607,3.7858,3.8131,3.8417,3.8697,3.8938,3.9094,3.9117,3.8969,3.864,3.815,3.7536,3.6831,3.606,3.5241,3.4394,3.3556,3.2783,3.2138,3.1669,3.1381,3.1239,3.1187,3.1173,3.116,3.113,3.1077,3.1004,3.0914,3.0815,3.0712,3.061,3.0511,3.0418,3.0333,3.0257,3.7735,3.804,3.839,3.8782,3.9197,3.959,3.9893,4.0016,3.9885,3.9482,3.8852,3.8069,3.7193,3.6248,3.5238,3.417,3.3085,3.2073,3.1257,3.0733,3.0508,3.0501,3.06,3.0713,3.0793,3.0823,3.0804,3.0748,3.0667,3.0571,3.0468,3.0365,3.0266,3.0174,3.0091,3.0018,3.7816,3.8174,3.8611,3.9135,3.9735,4.0368,4.0927,4.1245,4.1157,4.062,3.9751,3.8716,3.7617,3.6466,3.5228,3.3866,3.2407,3.0995,2.9887,2.9304,2.9251,2.9524,2.9889,3.0201,3.0406,3.0505,3.0521,3.0479,3.0401,3.0304,3.0199,3.0095,2.9996,2.9905,2.9825,2.9755,3.7824,3.8226,3.8748,3.9422,4.0269,4.1268,4.2287,4.3011,4.3028,4.2216,4.0898,3.9468,3.8091,3.6726,3.5246,3.3514,3.1478,2.934,2.7665,2.7034,2.7417,2.8262,2.908,2.9673,3.0027,3.0193,3.0233,3.0194,3.0112,3.001,2.9901,2.9795,2.9696,2.9608,2.9531,2.9467,3.7734,3.8152,3.8736,3.9554,4.0688,4.2204,4.4034,4.5651,4.5956,4.4496,4.228,4.0251,3.8573,3.7043,3.5373,3.3238,3.0358,2.6856,2.3953,2.3348,2.4826,2.6777,2.828,2.9209,2.9699,2.9904,2.9942,2.9888,2.9791,2.9679,2.9566,2.9458,2.9361,2.9276,2.9205,2.9148,3.7517,3.7902,3.849,3.9397,4.0782,4.2875,4.591,4.9392,5.0492,4.7467,4.3611,4.0859,3.898,3.7435,3.5738,3.3335,2.9487,2.3717,1.8175,1.7878,2.178,2.5469,2.7741,2.893,2.9468,2.9644,2.9636,2.9544,2.9423,2.9299,2.9182,2.9076,2.8984,2.8905,2.8842,2.8794,3.7155,3.7428,3.7918,3.8792,4.0274,4.2694,4.6654,5.2349,5.479,4.9404,4.4017,4.0997,3.9239,3.7919,3.6471,3.4209,2.9983,2.2281,1.3413,1.3666,2.0303,2.5241,2.7794,2.8935,2.934,2.9387,2.928,2.9129,2.898,2.8849,2.8736,2.864,2.8557,2.8489,2.8437,2.8401,3.6646,3.6694,3.6925,3.7588,3.8968,4.1256,4.4682,4.921,5.097,4.6778,4.2791,4.0606,3.9371,3.8506,3.7592,3.5999,3.2635,2.6258,1.8766,1.8276,2.3064,2.6746,2.8546,2.919,2.9244,2.9051,2.8801,2.8585,2.8423,2.8306,2.8215,2.814,2.8075,2.8021,2.7983,2.7963,3.6035,3.5711,3.542,3.5586,3.6814,3.9032,4.145,4.3346,4.3661,4.2354,4.0989,4.0064,3.9499,3.9178,3.8981,3.8327,3.6179,3.2468,2.8541,2.7112,2.808,2.9204,2.9633,2.9469,2.9,2.8483,2.8079,2.7832,2.7707,2.7647,2.7608,2.7569,2.753,2.7495,2.7473,2.7472,3.5439,3.463,3.3443,3.2489,3.3631,3.6813,3.935,4.0368,4.0121,3.9733,3.978,3.9737,3.973,3.9849,4.0328,4.0565,3.8807,3.6671,3.4626,3.3037,3.2081,3.1363,3.0506,2.944,2.8329,2.7438,2.6929,2.6764,2.6787,2.686,2.6912,2.6928,2.6918,2.6902,2.6898,2.6918,3.5061,3.3881,3.1774,2.9054,2.994,3.5406,3.891,3.9852,3.8895,3.8302,3.9248,3.9697,4.0142,4.0566,4.0734,4.0863,3.9929,3.9414,3.853,3.671,3.4666,3.2753,3.0832,2.8788,2.6848,2.5523,2.5086,2.527,2.5645,2.596,2.6145,2.6221,2.6234,2.6229,2.624,2.6285,3.5063,3.3962,3.2028,2.96,3.0688,3.6241,3.9977,4.1257,4.0046,3.8988,3.937,3.9827,4.0697,4.2058,4.1561,4.059,4.0951,4.3184,4.3171,3.9704,3.6289,3.3421,3.0556,2.7296,2.402,2.2105,2.2218,2.3318,2.4358,2.5019,2.5345,2.5455,2.5463,2.5452,2.5474,2.5551,3.539,3.4739,3.3859,3.335,3.4803,3.8109,4.1067,4.286,4.1831,4.0024,3.9546,4.0023,4.0542,4.264,4.2079,4.0379,4.1797,4.9155,4.9095,4.1576,3.6868,3.35,2.9946,2.5155,1.9455,1.6559,1.8342,2.1232,2.3181,2.4172,2.4558,2.4624,2.457,2.4524,2.4556,2.4683,3.5823,3.5604,3.5479,3.58,3.6978,3.8834,4.0699,4.1988,4.14,3.976,3.9234,4.0423,4.0629,3.6903,3.9108,3.9041,3.9951,4.4589,4.504,3.9914,3.6164,3.3286,2.9686,2.3821,1.5441,1.1327,1.5467,2.0066,2.2541,2.3558,2.3795,2.3673,2.347,2.3358,2.3413,2.3631,3.6179,3.621,3.6381,3.6833,3.7644,3.8685,3.9653,4.0135,3.97,3.8798,3.828,3.8222,3.7898,3.7115,3.7631,3.7591,3.7315,3.8461,3.8537,3.677,3.509,3.3424,3.0365,2.5142,1.8011,1.4305,1.7286,2.0856,2.2668,2.3182,2.297,2.2459,2.1994,2.1803,2.1942,2.234,3.6395,3.6529,3.6767,3.7152,3.7678,3.825,3.8695,3.8809,3.8497,3.8003,3.7817,3.6483,3.6517,3.6605,3.6668,3.6747,3.6805,3.6126,3.523,3.4778,3.5313,3.4489,3.1458,2.7578,2.3572,2.1328,2.1729,2.2811,2.3227,2.2845,2.1878,2.0712,1.9848,1.9621,2.0008,2.0762,3.6482,3.6638,3.6858,3.7146,3.7477,3.7787,3.7983,3.7981,3.7781,3.7544,3.7549,3.6648,3.461,3.3724,3.5182,3.5296,3.4762,3.3216,3.1973,3.2951,3.521,3.4419,3.1578,2.8855,2.6655,2.5401,2.4918,2.4508,2.3714,2.2311,2.0259,1.8017,1.6565,1.6506,1.7508,1.8917,3.647,3.6615,3.6792,3.6994,3.7198,3.7363,3.7441,3.7399,3.7246,3.7029,3.6701,3.5844,3.3938,3.3343,3.3951,3.3611,3.2764,2.9983,2.7692,2.9962,3.1787,3.1859,3.0514,2.8904,2.7726,2.7296,2.6875,2.5695,2.3977,2.1548,1.7998,1.394,1.1647,1.2315,1.4582,1.7007,3.6392,3.6511,3.6643,3.6778,3.6899,3.6979,3.6993,3.6924,3.6769,3.6523,3.613,3.5476,3.4608,3.3871,3.2675,3.2149,3.1833,2.9431,2.7685,2.7626,2.9014,2.9685,2.923,2.8365,2.7915,2.8661,2.8775,2.6483,2.3987,2.0824,1.5666,0.9032,0.5758,0.7978,1.2014,1.5524,3.627,3.6361,3.6454,3.6538,3.6602,3.6627,3.6599,3.6506,3.6338,3.6082,3.571,3.5192,3.4538,3.3715,3.2653,3.2186,3.1496,2.9326,2.5817,2.4462,2.7286,2.824,2.8033,2.7532,2.7351,2.8588,2.8895,2.5643,2.347,2.0596,1.5072,0.7143,0.3365,0.6456,1.123,1.5092,3.6121,3.6186,3.6245,3.6291,3.6313,3.6301,3.6243,3.6129,3.595,3.5695,3.5348,3.4897,3.4334,3.3658,3.2938,3.228,3.1267,2.9457,2.7117,2.6278,2.7094,2.7031,2.6632,2.6417,2.592,2.4745,2.2159,2.2303,2.2584,2.106,1.7136,1.122,0.7896,0.9464,1.2837,1.5922,3.5956,3.5998,3.603,3.6045,3.6037,3.5996,3.5915,3.5785,3.5599,3.5347,3.502,3.4611,3.4116,3.3541,3.2906,3.2177,3.1202,2.9907,2.8565,2.7651,2.675,2.5156,2.4546,2.5206,2.4818,2.2572,1.9468,2.0873,2.2379,2.1963,1.9898,1.6562,1.4161,1.4153,1.5673,1.7555,3.5784,3.5805,3.5814,3.5805,3.5773,3.5711,3.5613,3.5471,3.5279,3.5031,3.4719,3.434,3.3889,3.3366,3.2766,3.2059,3.1196,3.0177,2.9085,2.7904,2.6195,2.3779,2.315,2.4531,2.4616,2.3261,2.1958,2.237,2.2974,2.2792,2.1719,1.9914,1.8374,1.7883,1.8363,1.934,3.561,3.5613,3.5603,3.5575,3.5524,3.5445,3.5333,3.5182,3.4987,3.4742,3.4443,3.4084,3.3663,3.3174,3.2609,3.195,3.1178,3.0291,2.9285,2.8081,2.6514,2.4837,2.4324,2.4894,2.4904,2.4171,2.3429,2.3149,2.3084,2.3012,2.2528,2.1622,2.0749,2.0318,2.0419,2.0906]},{"header":{"la1":42.85,"la2":41.18,"lo1":11.55,"lo2":14.05,"nx":36,"ny":24,"dx":0.07143,"dy":0.07261,"parameterCategory":2,"parameterNumber":3,"parameterNumberName":"northward_wind","parameterUnit":"m.s-1"},"data":[0.8222,0.8122,0.8021,0.7923,0.7835,0.7769,0.7747,0.7793,0.7917,0.8111,0.8337,0.8542,0.8674,0.8696,0.8589,0.836,0.8049,0.7721,0.7455,0.7317,0.7332,0.748,0.7717,0.7996,0.8282,0.8558,0.8815,0.9053,0.9276,0.9486,0.9686,0.9877,1.0059,1.0234,1.0399,1.0554,0.8036,0.7908,0.7773,0.7629,0.7482,0.7349,0.7265,0.7281,0.7436,0.7723,0.8081,0.8414,0.8634,0.868,0.8519,0.8157,0.7647,0.7098,0.6659,0.6453,0.6516,0.679,0.7176,0.7588,0.7979,0.833,0.864,0.8917,0.917,0.9405,0.9628,0.9841,1.0044,1.0238,1.042,1.059,0.7835,0.7676,0.7501,0.7299,0.7066,0.6813,0.6596,0.652,0.6697,0.714,0.7729,0.8282,0.8652,0.8747,0.8517,0.795,0.7106,0.6162,0.5411,0.5116,0.5322,0.586,0.6509,0.7127,0.7658,0.8097,0.8463,0.8778,0.906,0.9321,0.9569,0.9806,1.0033,1.0249,1.0451,1.0638,0.7617,0.7427,0.7212,0.6946,0.6599,0.6151,0.5661,0.5338,0.549,0.6216,0.7234,0.8165,0.8776,0.8961,0.8652,0.7791,0.6392,0.4708,0.3348,0.2949,0.3548,0.4636,0.5738,0.6649,0.7346,0.7874,0.8289,0.8634,0.8942,0.923,0.9505,0.9772,1.0027,1.0268,1.0494,1.0701,0.7379,0.7158,0.691,0.6594,0.613,0.541,0.4403,0.3447,0.3411,0.4723,0.6579,0.8126,0.9085,0.9417,0.905,0.7823,0.5563,0.247,-0.0189,-0.0644,0.0996,0.3175,0.4969,0.6233,0.7088,0.7679,0.8118,0.8481,0.8809,0.9124,0.9433,0.9735,1.0026,1.03,1.0553,1.0783,0.7109,0.6853,0.6587,0.6265,0.5753,0.4782,0.3007,0.0637,-0.0073,0.2571,0.5961,0.8333,0.9691,1.0228,0.9896,0.8364,0.5044,-0.0424,-0.5825,-0.6066,-0.2044,0.1876,0.4459,0.6004,0.6927,0.7514,0.7937,0.8296,0.8642,0.8992,0.9346,0.9696,1.0033,1.0348,1.0635,1.089,0.6786,0.6471,0.6187,0.5923,0.5536,0.4626,0.2414,-0.1639,-0.3559,0.1162,0.6139,0.9056,1.069,1.1496,1.1407,0.9902,0.5973,-0.1671,-1.0546,-1.0284,-0.3522,0.1666,0.4549,0.6063,0.687,0.7344,0.7698,0.8038,0.8409,0.8813,0.9235,0.9654,1.0053,1.0419,1.0746,1.1031,0.6391,0.5948,0.5578,0.5384,0.5338,0.5053,0.3759,0.0944,-0.0211,0.3831,0.7888,1.0384,1.2049,1.3243,1.3777,1.2824,0.9326,0.2569,-0.513,-0.5632,-0.0723,0.321,0.5347,0.6369,0.6826,0.7068,0.7305,0.7632,0.8063,0.8564,0.9094,0.9613,1.0095,1.0527,1.0901,1.1218,0.5929,0.5228,0.4552,0.424,0.4642,0.5438,0.5892,0.597,0.6764,0.8651,1.0396,1.1921,1.3513,1.5329,1.7237,1.7359,1.412,0.9211,0.4726,0.319,0.4281,0.5684,0.6466,0.6671,0.6577,0.6482,0.6589,0.6959,0.7537,0.822,0.8923,0.9587,1.018,1.0691,1.1118,1.1465,0.5488,0.4385,0.3003,0.1932,0.2686,0.5052,0.7122,0.8997,1.1389,1.2694,1.2494,1.3132,1.4694,1.7128,2.1685,2.384,1.822,1.3468,1.042,0.8728,0.8072,0.7782,0.7334,0.6596,0.5768,0.5233,0.5266,0.5849,0.676,0.7773,0.8745,0.9608,1.034,1.0942,1.1421,1.1794,0.5254,0.3809,0.1591,-0.1,-0.0274,0.4275,0.7376,0.9789,1.4517,1.6705,1.3668,1.3737,1.5466,1.7718,2.1595,2.4194,1.8563,1.482,1.2799,1.1388,1.022,0.907,0.7632,0.5773,0.3853,0.2706,0.2882,0.4091,0.5697,0.7264,0.8622,0.9738,1.0628,1.1321,1.1845,1.2229,0.5406,0.4022,0.1918,-0.0481,0.0389,0.4773,0.7085,0.7855,1.1331,1.4179,1.2942,1.3612,1.6038,1.9093,1.9235,1.8327,1.6386,1.4566,1.3651,1.265,1.138,0.9761,0.7387,0.3915,-0.0027,-0.2202,-0.1214,0.1563,0.4454,0.6839,0.8678,1.0071,1.1117,1.1885,1.2432,1.2801,0.5917,0.4956,0.3801,0.3037,0.3979,0.6023,0.6791,0.6076,0.7387,1.0197,1.1509,1.2617,1.4697,2.0132,1.9686,1.6579,1.5238,1.4109,1.3921,1.3264,1.2094,1.0276,0.7031,0.1244,-0.6672,-1.0795,-0.7226,-0.1272,0.3492,0.6804,0.9103,1.0733,1.1895,1.2702,1.3229,1.3541,0.6582,0.6046,0.5588,0.5516,0.6078,0.6848,0.705,0.6682,0.7343,0.905,1.0254,1.1584,1.2065,1.2163,1.4621,1.5207,1.5361,1.4485,1.4055,1.361,1.2799,1.1153,0.7512,-0.0149,-1.2745,-1.9433,-1.1853,-0.2483,0.371,0.7566,1.0101,1.1853,1.3063,1.3848,1.4292,1.4484,0.722,0.695,0.6792,0.6852,0.7137,0.7454,0.7589,0.7637,0.7922,0.8069,0.7977,0.8876,0.9687,0.7591,1.2006,1.551,1.81,1.5576,1.4481,1.4196,1.404,1.2902,0.9554,0.2724,-0.804,-1.4001,-0.7856,0.0309,0.5835,0.936,1.1781,1.3527,1.4725,1.5416,1.5684,1.5658,0.7758,0.7626,0.7576,0.7637,0.7785,0.7939,0.8026,0.8021,0.7754,0.6479,0.3347,0.5286,0.7277,0.9326,1.137,1.4612,1.6883,1.5421,1.4823,1.5039,1.6013,1.5241,1.2175,0.7799,0.2659,0.0005,0.2224,0.6178,0.945,1.1968,1.4072,1.5818,1.7014,1.7527,1.7466,1.7073,0.8195,0.813,0.8118,0.8162,0.8242,0.8315,0.8328,0.8196,0.7693,0.6295,0.3897,0.56,0.776,0.8605,1.0485,1.2448,1.4015,1.4863,1.5386,1.5582,1.6371,1.5784,1.3713,1.1679,1.032,1.0283,1.1241,1.2273,1.3344,1.4803,1.675,1.8797,2.0142,2.0327,1.9661,1.868,0.855,0.8519,0.852,0.8551,0.8595,0.8624,0.8597,0.8446,0.8069,0.7417,0.6935,0.7495,0.8246,0.858,0.9544,1.0527,1.2834,1.5468,1.673,1.6302,1.5916,1.5331,1.4514,1.4246,1.5387,1.7748,1.866,1.7399,1.6533,1.7216,1.9498,2.2544,2.4335,2.3835,2.2111,2.0296,0.8844,0.8831,0.8839,0.8863,0.8891,0.8904,0.8876,0.8777,0.8588,0.8365,0.8302,0.8546,0.8874,0.8993,0.7791,0.7196,1.1659,1.5525,1.7258,1.8333,1.6996,1.5705,1.5186,1.5881,1.8856,2.4367,2.5638,2.0966,1.8331,1.8642,2.1712,2.6531,2.901,2.7293,2.4195,2.1535,0.9095,0.9093,0.9106,0.9129,0.9154,0.9169,0.9162,0.9124,0.9064,0.9023,0.9072,0.9235,0.9409,0.9294,0.8241,0.8129,1.1705,1.5721,2.0596,2.2474,1.8204,1.5924,1.533,1.6252,1.9365,2.53,2.6648,2.055,1.8158,1.8683,2.2173,2.7993,3.0854,2.8489,2.4848,2.1932,0.9312,0.932,0.9338,0.9364,0.9393,0.9419,0.9437,0.9449,0.9464,0.9506,0.9603,0.9754,0.9911,0.9969,0.9952,1.0596,1.2596,1.5425,1.8593,1.9468,1.7034,1.5042,1.4506,1.5345,1.7143,1.8309,1.6162,1.6021,1.647,1.7436,2.031,2.4828,2.7384,2.6198,2.3652,2.1348,0.9504,0.952,0.9544,0.9576,0.9612,0.9651,0.9692,0.9739,0.9799,0.9886,1.0012,1.018,1.0379,1.0609,1.0965,1.1695,1.2963,1.4564,1.594,1.6131,1.4818,1.3056,1.261,1.3862,1.5191,1.4999,1.3138,1.4017,1.4777,1.553,1.7593,2.0501,2.2511,2.2601,2.151,2.0147,0.9678,0.97,0.9731,0.9769,0.9814,0.9865,0.9924,0.9994,1.0081,1.0195,1.0343,1.053,1.0765,1.1067,1.1493,1.212,1.296,1.3861,1.4494,1.4447,1.3461,1.1792,1.1352,1.2904,1.4235,1.4503,1.4125,1.3908,1.3202,1.3748,1.5555,1.7619,1.9156,1.9721,1.9477,1.8831,0.9834,0.9863,0.99,0.9944,0.9997,1.0059,1.0131,1.0217,1.0321,1.0451,1.0612,1.0811,1.1058,1.1369,1.1768,1.2271,1.285,1.3403,1.3756,1.3719,1.3186,1.2375,1.2203,1.3029,1.3894,1.4262,1.4187,1.3714,1.3006,1.3421,1.4752,1.6172,1.7273,1.7855,1.7941,1.7691]}]