docs/data/wind_grid.json
[{"header":{"la1":42.85,"la2":41.18,"lo1":11.55,"lo2":14.05,"nx":36,"ny":24,"dx":0.07143,"dy":0.07261,"parameterCategory":2,"parameterNumber":2,"parameterNumberName":"eastward_wind","parameterUnit":"m.s-1"},"data":[-0.3384,-0.3504,-0.3633,-0.3767,-0.3899,-0.4017,-0.4106,-0.4148,-0.4134,-0.4069,-0.3973,-0.3875,-0.3801,-0.3769,-0.3782,-0.3836,-0.3915,-0.3995,-0.405,-0.4059,-0.4014,-0.392,-0.3791,-0.3643,-0.3488,-0.3337,-0.3193,-0.306,-0.2939,-0.283,-0.2731,-0.2644,-0.2565,-0.2495,-0.2433,-0.2377,-0.3448,-0.3591,-0.3751,-0.3926,-0.4109,-0.4285,-0.4426,-0.4497,-0.4474,-0.4361,-0.4195,-0.4029,-0.3908,-0.3857,-0.3883,-0.3978,-0.4117,-0.4262,-0.4365,-0.439,-0.4326,-0.4188,-0.4006,-0.3806,-0.3607,-0.3419,-0.3247,-0.3093,-0.2956,-0.2835,-0.2729,-0.2635,-0.2552,-0.248,-0.2415,-0.2358,-0.3504,-0.3672,-0.3868,-0.4095,-0.4352,-0.4622,-0.4862,-0.5001,-0.4974,-0.4776,-0.4483,-0.4199,-0.4001,-0.3923,-0.397,-0.413,-0.4369,-0.4625,-0.4811,-0.4857,-0.4748,-0.4529,-0.426,-0.3985,-0.3727,-0.3496,-0.3293,-0.3117,-0.2964,-0.2832,-0.2718,-0.2619,-0.2533,-0.2458,-0.2392,-0.2334,-0.3547,-0.3739,-0.3972,-0.426,-0.4615,-0.5033,-0.546,-0.5758,-0.575,-0.5392,-0.4859,-0.4374,-0.4059,-0.3944,-0.4024,-0.4282,-0.4682,-0.5133,-0.5471,-0.5538,-0.5325,-0.4953,-0.4546,-0.4167,-0.3838,-0.3558,-0.3323,-0.3125,-0.2957,-0.2816,-0.2696,-0.2593,-0.2505,-0.2429,-0.2363,-0.2306,-0.3571,-0.378,-0.4045,-0.4391,-0.4858,-0.5483,-0.6248,-0.692,-0.7012,-0.632,-0.532,-0.451,-0.4041,-0.3888,-0.4015,-0.4404,-0.5045,-0.5836,-0.646,-0.6533,-0.6079,-0.5435,-0.4829,-0.4326,-0.392,-0.3594,-0.3329,-0.3112,-0.2934,-0.2786,-0.2662,-0.2558,-0.2469,-0.2394,-0.2329,-0.2273,-0.3572,-0.3789,-0.4068,-0.4448,-0.4999,-0.584,-0.7097,-0.8552,-0.898,-0.7567,-0.573,-0.45,-0.3885,-0.3717,-0.3902,-0.4432,-0.5361,-0.666,-0.7793,-0.7818,-0.6898,-0.5864,-0.5039,-0.442,-0.3952,-0.3589,-0.3303,-0.3074,-0.2889,-0.2739,-0.2615,-0.2512,-0.2425,-0.2352,-0.2289,-0.2234,-0.3549,-0.3761,-0.4032,-0.4399,-0.4946,-0.5848,-0.7431,-0.9797,-1.0811,-0.833,-0.5637,-0.4167,-0.3532,-0.3402,-0.3651,-0.4283,-0.5397,-0.7091,-0.8735,-0.868,-0.7316,-0.6019,-0.5082,-0.4411,-0.3913,-0.3533,-0.3238,-0.3007,-0.2823,-0.2675,-0.2555,-0.2456,-0.2373,-0.2303,-0.2243,-0.2192,-0.3506,-0.3706,-0.3949,-0.4258,-0.4686,-0.5357,-0.6525,-0.8326,-0.8999,-0.6755,-0.4554,-0.3427,-0.2972,-0.294,-0.326,-0.3938,-0.5014,-0.6495,-0.7871,-0.7906,-0.6857,-0.5773,-0.4928,-0.4287,-0.3798,-0.3423,-0.3134,-0.2909,-0.2734,-0.2595,-0.2482,-0.239,-0.2313,-0.2248,-0.2192,-0.2145,-0.3452,-0.3638,-0.3852,-0.4094,-0.4366,-0.4666,-0.4985,-0.5185,-0.4746,-0.3669,-0.288,-0.2465,-0.2281,-0.2353,-0.2755,-0.3512,-0.4547,-0.5646,-0.6444,-0.6561,-0.6067,-0.5352,-0.4662,-0.408,-0.3617,-0.3261,-0.299,-0.2784,-0.2625,-0.2501,-0.24,-0.2317,-0.2248,-0.2188,-0.2137,-0.2094,-0.3391,-0.3573,-0.3776,-0.3992,-0.419,-0.4291,-0.4102,-0.3259,-0.1611,-0.0758,-0.1304,-0.158,-0.1556,-0.1645,-0.2133,-0.313,-0.4476,-0.5723,-0.637,-0.6307,-0.578,-0.5076,-0.4393,-0.3821,-0.3379,-0.305,-0.281,-0.2634,-0.2501,-0.2397,-0.2312,-0.2241,-0.2179,-0.2125,-0.2079,-0.204,-0.3326,-0.3514,-0.3733,-0.3985,-0.4256,-0.4487,-0.4444,-0.3294,0.0568,0.2331,-0.0303,-0.0989,-0.084,-0.0742,-0.1298,-0.2803,-0.5109,-0.74,-0.8215,-0.7413,-0.6125,-0.4986,-0.4121,-0.3504,-0.3079,-0.2793,-0.2601,-0.2468,-0.237,-0.2292,-0.2225,-0.2164,-0.2109,-0.206,-0.2017,-0.1982,-0.3249,-0.3447,-0.3696,-0.4021,-0.4463,-0.5087,-0.592,-0.6242,-0.27,0.0197,-0.0751,-0.07,-0.0186,0.0401,-0.0209,-0.2529,-0.6716,-1.2094,-1.3041,-0.9674,-0.6682,-0.4813,-0.3709,-0.3067,-0.2699,-0.2491,-0.2373,-0.23,-0.2246,-0.2197,-0.2145,-0.2091,-0.2039,-0.1992,-0.1952,-0.192,-0.3151,-0.3353,-0.362,-0.3996,-0.4563,-0.5483,-0.7006,-0.8817,-0.6991,-0.3144,-0.1347,-0.0446,0.0112,0.0777,0.0265,-0.2655,-0.846,-1.9683,-1.9824,-1.1296,-0.6452,-0.4086,-0.2957,-0.2443,-0.2229,-0.2159,-0.2149,-0.2154,-0.2149,-0.2125,-0.2082,-0.2027,-0.197,-0.1919,-0.1879,-0.185,-0.3024,-0.3212,-0.3466,-0.3827,-0.4365,-0.5198,-0.6415,-0.7641,-0.6493,-0.3244,-0.1243,-0.0202,0.0172,0.1629,-0.0347,-0.3644,-0.8014,-1.4281,-1.4883,-0.8631,-0.4365,-0.2395,-0.1733,-0.1619,-0.1701,-0.184,-0.1973,-0.2067,-0.2107,-0.2095,-0.2043,-0.1968,-0.1893,-0.1833,-0.1792,-0.1769,-0.2866,-0.3024,-0.3232,-0.3513,-0.3896,-0.4398,-0.4934,-0.5069,-0.3983,-0.2118,-0.0903,-0.0393,0.0254,0.0963,-0.0834,-0.6177,-1.0919,-0.8168,-0.6654,-0.3524,-0.0562,0.0296,-0.0133,-0.0717,-0.1216,-0.1619,-0.1913,-0.2091,-0.2156,-0.2126,-0.2029,-0.1906,-0.1793,-0.1717,-0.1679,-0.1669,-0.2684,-0.28,-0.2943,-0.3118,-0.3318,-0.3506,-0.3559,-0.3238,-0.2346,-0.1151,-0.0266,-0.0753,-0.0409,0.0036,-0.1058,-0.4991,-0.8468,-0.4949,-0.2109,0.0595,0.3681,0.322,0.1321,-0.0007,-0.094,-0.162,-0.2066,-0.2293,-0.2335,-0.223,-0.203,-0.1807,-0.1632,-0.1541,-0.1522,-0.1544,-0.2489,-0.256,-0.2637,-0.2714,-0.2771,-0.2762,-0.2609,-0.2215,-0.1562,-0.0808,-0.0268,-0.0376,-0.015,0.0053,0.0079,-0.0802,-0.1501,0.0068,0.1835,0.2628,0.4354,0.3774,0.1824,0.0234,-0.1041,-0.1987,-0.2535,-0.2736,-0.2678,-0.2412,-0.2011,-0.1607,-0.1344,-0.1264,-0.1306,-0.1391,-0.2292,-0.2321,-0.2342,-0.2346,-0.2311,-0.2205,-0.199,-0.1636,-0.117,-0.0694,-0.034,-0.0074,0.0205,0.0622,0.2925,0.3995,0.2893,0.395,0.5543,0.4231,0.3586,0.2921,0.1642,0.0052,-0.157,-0.2793,-0.3328,-0.342,-0.3206,-0.2675,-0.1926,-0.1219,-0.0857,-0.0866,-0.1042,-0.1228,-0.2102,-0.2096,-0.2076,-0.2029,-0.1942,-0.1794,-0.1569,-0.1261,-0.0892,-0.0503,-0.0114,0.035,0.109,0.3051,0.8913,1.1163,0.588,0.5017,0.5858,0.6189,0.4727,0.3173,0.1662,-0.0199,-0.2295,-0.3703,-0.4,-0.4217,-0.3954,-0.306,-0.1806,-0.0682,-0.0254,-0.0448,-0.0807,-0.1101,-0.1926,-0.1893,-0.1842,-0.1764,-0.1648,-0.1484,-0.1262,-0.0982,-0.0652,-0.0277,0.0168,0.0785,0.1855,0.4143,0.845,0.9766,0.6353,0.5652,0.8162,0.9406,0.6062,0.3865,0.2153,-0.0078,-0.2738,-0.418,-0.4385,-0.5603,-0.5132,-0.368,-0.1924,-0.0477,-0.0012,-0.0306,-0.0742,-0.1073,-0.1765,-0.1713,-0.1642,-0.1544,-0.1413,-0.1243,-0.1027,-0.0763,-0.045,-0.0078,0.0389,0.1033,0.2016,0.3536,0.5308,0.5906,0.5272,0.5422,0.6899,0.7392,0.5841,0.4777,0.3626,0.0953,-0.287,-0.6628,-1.0271,-0.9504,-0.6849,-0.451,-0.2505,-0.1058,-0.0507,-0.0621,-0.0916,-0.1165,-0.1623,-0.1557,-0.1472,-0.1363,-0.1225,-0.1053,-0.0844,-0.0593,-0.0294,0.0065,0.0509,0.1085,0.1842,0.2769,0.3647,0.4119,0.4265,0.46,0.5206,0.5523,0.5766,0.7013,0.7107,0.3367,-0.2198,-0.837,-1.3404,-1.1523,-0.7757,-0.5069,-0.3172,-0.1911,-0.1294,-0.1155,-0.1225,-0.1334,-0.1498,-0.1422,-0.1329,-0.1214,-0.1074,-0.0905,-0.0703,-0.0465,-0.0184,0.0148,0.0546,0.1026,0.1593,0.2208,0.2771,0.3186,0.3494,0.3838,0.4268,0.4835,0.6133,0.8874,0.9695,0.533,-0.0593,-0.6021,-0.9372,-0.9005,-0.6887,-0.493,-0.3466,-0.2464,-0.1876,-0.1605,-0.1517,-0.1508,-0.1389,-0.1308,-0.121,-0.1093,-0.0954,-0.079,-0.0598,-0.0375,-0.0116,0.0183,0.0528,0.0923,0.1359,0.1807,0.2226,0.2586,0.2905,0.3237,0.3651,0.4294,0.5502,0.7216,0.7413,0.4547,0.041,-0.3292,-0.5579,-0.6037,-0.5316,-0.4282,-0.335,-0.2637,-0.2154,-0.1865,-0.1712,-0.1637]},{"header":{"la1":42.85,"la2":41.18,"lo1":11.55,"lo2":14.05,"nx":36,"ny":24,"dx":0.07143,"dy":0.07261,"parameterCategory":2,"parameterNumber":3,"parameterNumberName":"northward_wind","parameterUnit":"m.s-1"},"data":[-0.6244,-0.6105,-0.5939,-0.575,-0.5546,-0.5343,-0.5163,-0.5029,-0.4954,-0.4933,-0.4939,-0.4939,-0.4903,-0.4813,-0.4666,-0.4473,-0.4257,-0.4049,-0.3882,-0.3781,-0.3755,-0.3794,-0.3878,-0.3988,-0.4108,-0.4229,-0.4346,-0.4458,-0.4564,-0.4664,-0.4759,-0.4849,-0.4935,-0.5016,-0.5093,-0.5165,-0.6305,-0.6143,-0.5942,-0.57,-0.5426,-0.5141,-0.4884,-0.4703,-0.463,-0.4661,-0.4746,-0.4818,-0.4826,-0.4742,-0.4564,-0.4306,-0.4002,-0.3703,-0.347,-0.3349,-0.3347,-0.3441,-0.359,-0.376,-0.393,-0.409,-0.4237,-0.4371,-0.4495,-0.461,-0.4718,-0.482,-0.4915,-0.5005,-0.509,-0.5169,-0.639,-0.6207,-0.5965,-0.5655,-0.5278,-0.4858,-0.4457,-0.4174,-0.4098,-0.4232,-0.4471,-0.468,-0.4767,-0.4699,-0.4476,-0.4119,-0.3674,-0.3224,-0.288,-0.2734,-0.2795,-0.2995,-0.3252,-0.3511,-0.3746,-0.3952,-0.4132,-0.429,-0.4433,-0.4563,-0.4684,-0.4797,-0.4903,-0.5003,-0.5095,-0.5182,-0.651,-0.6311,-0.6029,-0.564,-0.5123,-0.4485,-0.3807,-0.3291,-0.3185,-0.3533,-0.4082,-0.4536,-0.4752,-0.4709,-0.4426,-0.3928,-0.3259,-0.254,-0.1996,-0.183,-0.204,-0.2444,-0.2876,-0.3257,-0.357,-0.3825,-0.4037,-0.4218,-0.4378,-0.4523,-0.4657,-0.4782,-0.4899,-0.5009,-0.5111,-0.5204,-0.6675,-0.6474,-0.6167,-0.5704,-0.5024,-0.4067,-0.2878,-0.1812,-0.157,-0.2394,-0.3576,-0.444,-0.4829,-0.481,-0.4453,-0.3772,-0.2773,-0.1583,-0.0648,-0.0492,-0.1048,-0.1823,-0.2506,-0.3031,-0.3422,-0.3721,-0.3959,-0.4159,-0.4334,-0.4492,-0.464,-0.4777,-0.4907,-0.5027,-0.5138,-0.524,-0.6892,-0.6714,-0.6415,-0.5922,-0.5114,-0.3807,-0.1834,0.0422,0.1125,-0.0777,-0.3129,-0.453,-0.5069,-0.5045,-0.4607,-0.3747,-0.2358,-0.0449,0.1208,0.127,0.0034,-0.128,-0.2237,-0.2883,-0.3327,-0.365,-0.3903,-0.4114,-0.4301,-0.4472,-0.4633,-0.4784,-0.4927,-0.506,-0.5181,-0.5291,-0.7163,-0.7038,-0.6801,-0.6365,-0.5575,-0.4134,-0.1557,0.2198,0.3764,0.0206,-0.3368,-0.5035,-0.5537,-0.5434,-0.4925,-0.3976,-0.2372,0.0112,0.2553,0.2478,0.0561,-0.1118,-0.2189,-0.2856,-0.3298,-0.3616,-0.3868,-0.4083,-0.4279,-0.4463,-0.4638,-0.4806,-0.4964,-0.511,-0.5244,-0.5362,-0.7476,-0.7438,-0.7318,-0.7049,-0.6498,-0.5411,-0.336,-0.0252,0.0957,-0.2214,-0.4998,-0.6058,-0.621,-0.5942,-0.5386,-0.4487,-0.3063,-0.0934,0.118,0.1267,-0.0202,-0.1534,-0.2399,-0.2949,-0.3325,-0.3609,-0.3847,-0.4061,-0.4264,-0.4462,-0.4656,-0.4844,-0.5021,-0.5185,-0.5331,-0.5459,-0.781,-0.788,-0.792,-0.7895,-0.7741,-0.7354,-0.6643,-0.5844,-0.596,-0.7019,-0.7501,-0.7321,-0.6933,-0.648,-0.5904,-0.5111,-0.4037,-0.2712,-0.1525,-0.1195,-0.1651,-0.2255,-0.2737,-0.3094,-0.3371,-0.3607,-0.3824,-0.4037,-0.4252,-0.4471,-0.4689,-0.4903,-0.5106,-0.529,-0.5452,-0.5589,-0.8134,-0.8316,-0.8525,-0.8763,-0.9024,-0.9299,-0.9608,-1.0144,-1.1218,-1.1481,-0.9875,-0.8358,-0.7491,-0.6966,-0.6411,-0.5648,-0.4737,-0.3838,-0.3127,-0.275,-0.27,-0.2827,-0.3008,-0.3196,-0.3385,-0.3579,-0.3783,-0.4003,-0.4238,-0.4487,-0.4741,-0.4992,-0.5227,-0.5438,-0.5618,-0.5763,-0.8416,-0.8697,-0.9053,-0.9516,-1.0121,-1.089,-1.1758,-1.261,-1.4363,-1.5312,-1.1373,-0.8757,-0.7759,-0.7464,-0.6973,-0.6036,-0.498,-0.4123,-0.3592,-0.3288,-0.3118,-0.3059,-0.3088,-0.3182,-0.3322,-0.3498,-0.3705,-0.3945,-0.4216,-0.4511,-0.4819,-0.5122,-0.5402,-0.5646,-0.5844,-0.5994,-0.8629,-0.8979,-0.9437,-1.0053,-1.0898,-1.2043,-1.3442,-1.4421,-1.4214,-1.3866,-1.0701,-0.836,-0.7763,-0.8333,-0.7761,-0.6216,-0.4736,-0.3701,-0.3349,-0.3236,-0.308,-0.2959,-0.2938,-0.3012,-0.3154,-0.3343,-0.3574,-0.3853,-0.418,-0.4547,-0.4933,-0.5313,-0.5656,-0.594,-0.6156,-0.6304,-0.8757,-0.9137,-0.9635,-1.0308,-1.124,-1.2552,-1.4323,-1.5979,-1.4763,-1.1944,-0.9281,-0.7514,-0.7105,-0.8535,-0.7924,-0.5733,-0.4028,-0.3005,-0.2936,-0.2954,-0.2716,-0.2528,-0.2527,-0.2667,-0.2868,-0.31,-0.3373,-0.371,-0.4123,-0.4599,-0.5106,-0.5599,-0.6029,-0.6363,-0.6589,-0.6717,-0.8796,-0.9167,-0.9644,-1.027,-1.1107,-1.2232,-1.3644,-1.4897,-1.3898,-1.0784,-0.8367,-0.6959,-0.6385,-0.3594,-0.535,-0.3981,-0.2355,-0.2634,-0.2766,-0.2465,-0.1877,-0.1596,-0.1782,-0.2139,-0.2468,-0.2758,-0.3075,-0.3489,-0.4029,-0.4676,-0.5372,-0.6037,-0.6589,-0.6976,-0.7192,-0.7267,-0.8756,-0.9088,-0.9498,-1.0004,-1.0626,-1.1352,-1.2061,-1.2302,-1.1285,-0.9421,-0.8015,-0.6915,-0.5106,-0.222,-0.4096,-0.1106,0.272,-0.1016,-0.2167,-0.1399,0.0103,0.0297,-0.0644,-0.149,-0.1985,-0.2288,-0.2619,-0.313,-0.3867,-0.4788,-0.5789,-0.6724,-0.7447,-0.7878,-0.8032,-0.7988,-0.8656,-0.8932,-0.9253,-0.9619,-1.0013,-1.0381,-1.0586,-1.0385,-0.9622,-0.87,-0.8513,-0.7163,-0.6633,-0.5406,-0.4805,-0.1841,0.0995,-0.144,-0.2108,-0.0025,0.401,0.3256,0.0507,-0.0949,-0.1456,-0.1594,-0.1851,-0.2506,-0.3578,-0.4952,-0.6453,-0.7821,-0.8779,-0.9202,-0.9181,-0.8905,-0.8516,-0.8733,-0.8969,-0.9211,-0.9433,-0.9582,-0.9574,-0.9325,-0.8861,-0.845,-0.8455,-0.7944,-0.9096,-0.9747,-0.6802,-0.4829,-0.3529,-0.3494,-0.3222,-0.0653,0.4426,0.3453,0.0447,-0.0806,-0.0813,-0.0377,-0.0423,-0.1399,-0.3086,-0.5193,-0.7498,-0.9568,-1.0829,-1.109,-1.0671,-0.9991,-0.8356,-0.852,-0.8684,-0.8836,-0.895,-0.8992,-0.8926,-0.8733,-0.8463,-0.8238,-0.8143,-0.8316,-0.9772,-1.0096,-0.8184,-0.7223,-0.5675,-0.479,-0.4832,-0.326,-0.0767,-0.0184,-0.0923,-0.0985,0.0195,0.198,0.2291,0.0389,-0.2402,-0.5535,-0.9007,-1.2157,-1.3741,-1.3513,-1.2372,-1.1111,-0.8192,-0.8311,-0.8422,-0.8512,-0.8566,-0.8563,-0.8491,-0.8354,-0.8188,-0.8052,-0.8008,-0.8155,-0.8539,-0.873,-0.9642,-1.0139,-0.7089,-0.5275,-0.4881,-0.4446,-0.3503,-0.2751,-0.2351,-0.1338,0.1353,0.5639,0.6484,0.2256,-0.1943,-0.5947,-1.0625,-1.507,-1.6866,-1.5823,-1.381,-1.1977,-0.8032,-0.8117,-0.8189,-0.8241,-0.8261,-0.824,-0.8176,-0.8076,-0.7963,-0.787,-0.7832,-0.7882,-0.8024,-0.8348,-0.932,-0.9511,-0.7309,-0.565,-0.5057,-0.5013,-0.4625,-0.4263,-0.374,-0.2323,0.0782,0.5909,0.6966,0.121,-0.2565,-0.6265,-1.1203,-1.6161,-1.8005,-1.6599,-1.4269,-1.2255,-0.7881,-0.794,-0.7986,-0.8013,-0.8014,-0.7987,-0.793,-0.7852,-0.7766,-0.769,-0.7642,-0.7637,-0.7689,-0.7835,-0.8041,-0.7794,-0.6815,-0.5829,-0.5286,-0.5178,-0.541,-0.589,-0.5762,-0.4306,-0.2116,-0.111,-0.3641,-0.385,-0.4142,-0.6372,-1.0195,-1.4182,-1.5952,-1.52,-1.3482,-1.1836,-0.7741,-0.7781,-0.7808,-0.7819,-0.781,-0.778,-0.7729,-0.7663,-0.7589,-0.7519,-0.7459,-0.7418,-0.7396,-0.7383,-0.7309,-0.7028,-0.6515,-0.5998,-0.5719,-0.5859,-0.6767,-0.8525,-0.8954,-0.6824,-0.4673,-0.4783,-0.6825,-0.5978,-0.5232,-0.6356,-0.8753,-1.1338,-1.2814,-1.2819,-1.1983,-1.0949,-0.7613,-0.7639,-0.7654,-0.7654,-0.7638,-0.7606,-0.7558,-0.7498,-0.7431,-0.7361,-0.7292,-0.7226,-0.7158,-0.7071,-0.6932,-0.6702,-0.6406,-0.6153,-0.6111,-0.6525,-0.7864,-1.026,-1.0915,-0.8376,-0.6026,-0.5363,-0.573,-0.5642,-0.5573,-0.6302,-0.7723,-0.9291,-1.0377,-1.0709,-1.0459,-0.9936,-0.7497,-0.7512,-0.7517,-0.751,-0.749,-0.7457,-0.7411,-0.7354,-0.7289,-0.7219,-0.7145,-0.7065,-0.6976,-0.6868,-0.6729,-0.6555,-0.6377,-0.6267,-0.6343,-0.6781,-0.7802,-0.9195,-0.9487,-0.8055,-0.647,-0.5672,-0.5504,-0.5521,-0.5704,-0.6242,-0.7112,-0.8074,-0.8829,-0.921,-0.9234,-0.9027]}]