docs/data/wind_grid.json
{"header": {"la1":42.1,"la2":41.55,"lo1":12.1,"lo2":12.95,"nx":50,"ny":50,"dx":0.01735,"dy":0.01122,"parameterCategory":2,"parameterNumber":2,"parameterNumberName":"eastward_wind","parameterUnit":"m.s-1"}, "data":
[rows 0 to 45 of 50, columns 0 to 49 of 50]
1.8213,1.8142,1.8061,1.797,1.7868,1.7755,1.763,1.7494,1.7346,1.7188,1.7019,1.6843,1.6661,1.6475,1.629,1.6108,1.5936,1.5777,1.5635,1.5516,1.5422,1.5356,1.5319,1.5311,1.533,1.5373,1.5437,1.5518,1.5613,1.5719,1.5832,1.5949,1.6068,1.6186,1.6301,1.641,1.6509,1.6598,1.6673,1.6734,1.6779,1.6811,1.6831,1.6841,1.6843,1.6839,1.6833,1.6824,1.6815,1.6806
1.8272,1.82,1.8119,1.8027,1.7923,1.7807,1.7678,1.7537,1.7382,1.7215,1.7036,1.6848,1.6652,1.6452,1.625,1.6053,1.5864,1.5689,1.5534,1.5404,1.5302,1.5231,1.5194,1.5188,1.5213,1.5265,1.534,1.5434,1.5541,1.566,1.5785,1.5915,1.6046,1.6176,1.6303,1.6422,1.6531,1.6628,1.6708,1.6772,1.6819,1.685,1.6867,1.6873,1.6871,1.6864,1.6853,1.684,1.6828,1.6816
1.8334,1.8264,1.8183,1.809,1.7984,1.7866,1.7733,1.7585,1.7424,1.7248,1.7058,1.6857,1.6647,1.643,1.6211,1.5995,1.5788,1.5595,1.5424,1.5281,1.5169,1.5094,1.5056,1.5054,1.5086,1.5149,1.5236,1.5343,1.5465,1.5598,1.5737,1.588,1.6024,1.6167,1.6306,1.6437,1.6557,1.6662,1.6749,1.6816,1.6864,1.6893,1.6907,1.6909,1.6902,1.6889,1.6873,1.6857,1.6841,1.6826
1.8401,1.8332,1.8251,1.8158,1.8051,1.793,1.7793,1.7641,1.7472,1.7287,1.7086,1.6871,1.6645,1.641,1.6172,1.5935,1.5707,1.5494,1.5305,1.5146,1.5024,1.4942,1.4904,1.4906,1.4948,1.5022,1.5124,1.5247,1.5384,1.5532,1.5686,1.5844,1.6002,1.6158,1.631,1.6454,1.6585,1.67,1.6794,1.6865,1.6913,1.6941,1.695,1.6947,1.6934,1.6916,1.6895,1.6874,1.6854,1.6836
1.8472,1.8404,1.8325,1.8232,1.8124,1.8001,1.7861,1.7704,1.7528,1.7333,1.712,1.6891,1.6648,1.6394,1.6134,1.5874,1.5621,1.5385,1.5175,1.4998,1.4863,1.4775,1.4735,1.4744,1.4796,1.4885,1.5004,1.5144,1.5299,1.5464,1.5634,1.5806,1.5979,1.6149,1.6315,1.6473,1.6616,1.6742,1.6843,1.6918,1.6967,1.6992,1.6996,1.6987,1.6967,1.6942,1.6916,1.689,1.6866,1.6845
1.8548,1.8482,1.8404,1.8312,1.8204,1.808,1.7937,1.7775,1.7592,1.7388,1.7163,1.6919,1.6657,1.6381,1.6097,1.5811,1.5532,1.5268,1.5033,1.4835,1.4685,1.4589,1.4549,1.4565,1.463,1.4737,1.4875,1.5035,1.5209,1.5392,1.5579,1.5767,1.5954,1.6139,1.632,1.6492,1.665,1.6786,1.6896,1.6976,1.7025,1.7046,1.7045,1.7028,1.7001,1.6969,1.6937,1.6906,1.6878,1.6853
1.8629,1.8566,1.849,1.8399,1.8292,1.8167,1.8021,1.7855,1.7665,1.7452,1.7215,1.6955,1.6673,1.6375,1.6064,1.5748,1.5438,1.5143,1.4878,1.4655,1.4487,1.4382,1.4343,1.4367,1.4449,1.4576,1.4737,1.492,1.5116,1.5318,1.5522,1.5725,1.5928,1.6128,1.6323,1.6511,1.6683,1.6833,1.6952,1.7037,1.7085,1.7102,1.7094,1.7069,1.7034,1.6995,1.6956,1.692,1.6888,1.686
1.8714,1.8654,1.8581,1.8493,1.8387,1.8262,1.8115,1.7945,1.7749,1.7527,1.7277,1.7001,1.6699,1.6375,1.6035,1.5687,1.5341,1.501,1.471,1.4458,1.4267,1.4151,1.4112,1.4149,1.425,1.4402,1.459,1.4799,1.5018,1.5241,1.5463,1.5682,1.5899,1.6113,1.6324,1.6527,1.6716,1.688,1.7009,1.7099,1.7147,1.7159,1.7143,1.7109,1.7066,1.7019,1.6974,1.6933,1.6896,1.6866
1.8804,1.8749,1.8679,1.8594,1.8491,1.8367,1.8219,1.8046,1.7845,1.7614,1.7352,1.7059,1.6736,1.6385,1.6013,1.5628,1.5242,1.4869,1.4528,1.4239,1.4022,1.3892,1.3855,1.3907,1.4033,1.4215,1.4435,1.4673,1.4919,1.5163,1.5403,1.5637,1.5867,1.6095,1.632,1.6539,1.6744,1.6924,1.7065,1.716,1.7207,1.7214,1.719,1.7146,1.7094,1.704,1.6989,1.6943,1.6903,1.6869
1.8899,1.8849,1.8784,1.8703,1.8603,1.8481,1.8334,1.816,1.7954,1.7715,1.7442,1.7132,1.6786,1.6407,1.6001,1.5575,1.5142,1.472,1.433,1.3998,1.3749,1.3603,1.3568,1.3639,1.3796,1.4016,1.4272,1.4545,1.4818,1.5085,1.5342,1.559,1.5832,1.6071,1.6309,1.6544,1.6766,1.6962,1.7116,1.7217,1.7264,1.7264,1.7231,1.7179,1.7118,1.7057,1.7,1.6949,1.6906,1.6871
1.8999,1.8955,1.8896,1.882,1.8724,1.8606,1.8461,1.8286,1.8078,1.7832,1.7547,1.7221,1.6853,1.6445,1.6001,1.553,1.5046,1.4567,1.4119,1.3733,1.3443,1.3276,1.3245,1.3342,1.3539,1.3804,1.4105,1.4415,1.4719,1.5009,1.5282,1.5541,1.5792,1.604,1.6289,1.6538,1.6777,1.6989,1.7157,1.7265,1.7312,1.7307,1.7266,1.7204,1.7136,1.7068,1.7006,1.6952,1.6907,1.687
1.9104,1.9067,1.9014,1.8945,1.8855,1.8742,1.86,1.8427,1.8217,1.7966,1.7672,1.733,1.6939,1.6501,1.6018,1.5499,1.4957,1.4412,1.3895,1.3443,1.3101,1.2909,1.2884,1.3014,1.3263,1.3584,1.3935,1.4287,1.4624,1.4936,1.5224,1.5492,1.5748,1.6001,1.6258,1.6518,1.6772,1.7002,1.7183,1.7299,1.7347,1.7337,1.7289,1.722,1.7145,1.7072,1.7007,1.6951,1.6904,1.6866
1.9214,1.9184,1.914,1.9078,1.8996,1.8889,1.8753,1.8583,1.8373,1.812,1.7817,1.7461,1.7048,1.6579,1.6056,1.5486,1.488,1.4261,1.3662,1.3128,1.272,1.2494,1.2477,1.2654,1.2969,1.3357,1.3768,1.4166,1.4536,1.4869,1.5169,1.5443,1.57,1.5954,1.6213,1.6481,1.6748,1.6993,1.7188,1.7313,1.7363,1.7351,1.7297,1.7223,1.7144,1.7069,1.7002,1.6944,1.6897,1.6859
1.9329,1.9307,1.9272,1.922,1.9147,1.9048,1.8919,1.8755,1.8548,1.8294,1.7985,1.7617,1.7185,1.6686,1.6122,1.5497,1.4824,1.4122,1.3426,1.2792,1.2297,1.2025,1.2022,1.2262,1.2662,1.3133,1.361,1.4057,1.4459,1.4812,1.512,1.5395,1.5648,1.5897,1.6154,1.6424,1.6699,1.6957,1.7167,1.7301,1.7356,1.7343,1.7288,1.7213,1.7132,1.7056,1.6989,1.6932,1.6886,1.6849
1.9447,1.9436,1.9411,1.937,1.9307,1.9219,1.91,1.8944,1.8743,1.849,1.8179,1.7801,1.7352,1.6826,1.6222,1.5543,1.4799,1.4007,1.3201,1.2442,1.1834,1.15,1.1516,1.1843,1.2353,1.2922,1.3471,1.3967,1.4399,1.4767,1.5079,1.5349,1.5594,1.5831,1.6079,1.6345,1.6624,1.6891,1.7113,1.7258,1.7319,1.7311,1.7259,1.7186,1.7108,1.7034,1.697,1.6915,1.6871,1.6836
1.957,1.957,1.9557,1.9528,1.9478,1.9403,1.9296,1.915,1.8958,1.8711,1.84,1.8017,1.7554,1.7004,1.6362,1.5631,1.4816,1.3932,1.3005,1.2098,1.1338,1.0916,1.0962,1.1411,1.2061,1.274,1.3363,1.3903,1.4359,1.4736,1.5047,1.5307,1.5537,1.5757,1.5989,1.6245,1.6521,1.6792,1.7023,1.7179,1.7251,1.7253,1.7208,1.7142,1.707,1.7003,1.6943,1.6893,1.6852,1.682
1.9696,1.9708,1.9708,1.9693,1.9658,1.9598,1.9506,1.9374,1.9194,1.8957,1.8651,1.8267,1.7795,1.7225,1.6552,1.5772,1.4892,1.3918,1.2869,1.1793,1.0836,1.0285,1.0375,1.0994,1.1815,1.2609,1.3298,1.3873,1.4344,1.4723,1.5026,1.5271,1.5479,1.5676,1.5886,1.6125,1.6391,1.6662,1.6899,1.7067,1.7152,1.7168,1.7137,1.7083,1.7021,1.6962,1.6909,1.6865,1.6829,1.6801
1.9825,1.985,1.9865,1.9865,1.9847,1.9804,1.973,1.9616,1.9452,1.9228,1.8933,1.8554,1.8079,1.7496,1.6796,1.5977,1.5039,1.399,1.2832,1.1585,1.0387,0.9649,0.9802,1.0651,1.1662,1.2558,1.3291,1.3883,1.4356,1.4729,1.5017,1.5239,1.542,1.5589,1.5772,1.5987,1.6238,1.6504,1.6744,1.6924,1.7026,1.706,1.7047,1.7009,1.6962,1.6914,1.687,1.6833,1.6803,1.678
1.9957,1.9996,2.0026,2.0044,2.0044,2.0021,1.9968,1.9875,1.9731,1.9526,1.9246,1.8878,1.8407,1.7819,1.7103,1.6253,1.5273,1.417,1.2942,1.1564,1.0114,0.9127,0.9363,1.0486,1.1664,1.2614,1.3354,1.3937,1.4398,1.4753,1.5019,1.5213,1.5362,1.5497,1.5649,1.5838,1.607,1.6326,1.6568,1.6758,1.6879,1.6935,1.6943,1.6925,1.6893,1.6859,1.6826,1.6798,1.6774,1.6757
2.009,2.0144,2.0191,2.0227,2.0249,2.0248,2.0219,2.015,2.0031,1.9849,1.9591,1.924,1.8782,1.8199,1.7476,1.6608,1.56,1.4474,1.3237,1.1838,1.0242,0.9,0.9318,1.0659,1.1884,1.2796,1.3489,1.4036,1.4467,1.4794,1.503,1.519,1.5304,1.5403,1.5521,1.5683,1.5895,1.614,1.6381,1.6581,1.672,1.6798,1.683,1.6833,1.6819,1.68,1.6779,1.676,1.6744,1.6732
2.0223,2.0293,2.0358,2.0415,2.0459,2.0484,2.0481,2.0441,2.0351,2.0197,1.9965,1.9639,1.9202,1.8635,1.7919,1.7045,1.6024,1.4901,1.3723,1.2473,1.1046,0.9798,1.0094,1.1327,1.235,1.3102,1.3693,1.4173,1.4558,1.4848,1.5047,1.517,1.5245,1.5307,1.5393,1.5529,1.5722,1.5955,1.6195,1.6403,1.6559,1.6659,1.6714,1.6738,1.6743,1.6738,1.6729,1.672,1.6712,1.6706
2.0357,2.0443,2.0527,2.0605,2.0673,2.0726,2.0753,2.0745,2.0687,2.0567,2.0367,2.0072,1.9665,1.9126,1.8431,1.7565,1.6542,1.5432,1.4351,1.3394,1.2558,1.189,1.1927,1.2466,1.301,1.3501,1.3946,1.434,1.4667,1.4911,1.5068,1.5151,1.5186,1.5213,1.527,1.5383,1.556,1.5784,1.6021,1.6235,1.6404,1.6524,1.6599,1.6643,1.6666,1.6676,1.6679,1.668,1.668,1.6681
2.0488,2.0591,2.0695,2.0796,2.089,2.0972,2.1032,2.1059,2.1039,2.0955,2.0792,2.0534,2.0166,1.9667,1.901,1.8167,1.7146,1.604,1.5036,1.4366,1.4214,1.4381,1.409,1.3733,1.3728,1.3935,1.4226,1.4525,1.4785,1.4978,1.509,1.513,1.5128,1.5124,1.5157,1.5253,1.5418,1.5633,1.5866,1.6084,1.6264,1.6398,1.6491,1.6553,1.6591,1.6615,1.6631,1.6641,1.6648,1.6655
2.0617,2.0737,2.0861,2.0985,2.1107,2.122,2.1315,2.1381,2.1402,2.1359,2.1235,2.1017,2.0693,2.0249,1.9649,1.8848,1.7835,1.6707,1.5705,1.5157,1.5317,1.5816,1.5454,1.4702,1.4357,1.435,1.4506,1.4714,1.4907,1.5046,1.5111,1.511,1.5074,1.5044,1.506,1.5146,1.5302,1.551,1.5738,1.5955,1.6141,1.6286,1.6394,1.6469,1.6522,1.6558,1.6584,1.6603,1.6618,1.6631
2.0742,2.0879,2.1023,2.1171,2.1321,2.1467,2.16,2.1707,2.1772,2.1774,2.1691,2.1513,2.1236,2.0855,2.0334,1.9602,1.8609,1.7433,1.6345,1.5718,1.5782,1.615,1.5897,1.5242,1.4826,1.4711,1.477,1.4899,1.5028,1.5112,1.5131,1.5093,1.5029,1.4981,1.4986,1.5065,1.5215,1.5416,1.5638,1.5852,1.6039,1.6191,1.6308,1.6395,1.6459,1.6506,1.6541,1.6568,1.659,1.6608
2.0862,2.1016,2.1179,2.1351,2.1529,2.1709,2.1881,2.2033,2.2146,2.2195,2.2154,2.2012,2.1777,2.1464,2.1044,2.0415,1.9466,1.8234,1.6998,1.6164,1.5953,1.6072,1.5919,1.5493,1.5154,1.5012,1.5011,1.5076,1.5145,1.5177,1.5154,1.5084,1.4999,1.4939,1.494,1.5016,1.5161,1.5353,1.5566,1.5773,1.5959,1.6113,1.6236,1.6331,1.6404,1.6459,1.6502,1.6536,1.6564,1.6587
2.0976,2.1145,2.1328,2.1523,2.1729,2.1942,2.2154,2.2354,2.2518,2.2617,2.2618,2.2504,2.2299,2.2051,2.175,2.1259,2.0391,1.9119,1.7721,1.6642,1.6135,1.6021,1.5894,1.5638,1.5398,1.5266,1.523,1.5243,1.5259,1.5244,1.5184,1.5088,1.4989,1.4925,1.4925,1.4998,1.5137,1.5319,1.5521,1.5719,1.5899,1.6052,1.6178,1.6278,1.6357,1.6419,1.6468,1.6508,1.654,1.6568
2.1082,2.1266,2.1466,2.1683,2.1915,2.2162,2.2415,2.2662,2.288,2.3034,2.3078,2.2983,2.2785,2.2585,2.2412,2.209,2.1339,2.0061,1.8529,1.7231,1.6466,1.6145,1.5974,1.5789,1.5613,1.5493,1.5431,1.5402,1.5372,1.5316,1.5226,1.5112,1.5006,1.494,1.494,1.5011,1.5141,1.5312,1.55,1.5687,1.5859,1.6008,1.6134,1.6236,1.6319,1.6386,1.644,1.6484,1.6521,1.6552
2.1179,2.1376,2.1592,2.1829,2.2086,2.2363,2.2655,2.295,2.3226,2.344,2.3532,2.3448,2.3226,2.3038,2.2987,2.2846,2.2231,2.0983,1.9374,1.7916,1.6947,1.6441,1.6179,1.5991,1.5832,1.5709,1.5623,1.5556,1.5487,1.5397,1.5283,1.5157,1.5048,1.4984,1.4984,1.505,1.517,1.5327,1.5501,1.5674,1.5836,1.598,1.6102,1.6205,1.629,1.6359,1.6417,1.6464,1.6504,1.6538
2.1265,2.1474,2.1705,2.1959,2.2238,2.2542,2.2869,2.3209,2.3542,2.3821,2.3971,2.39,2.362,2.3392,2.3432,2.3452,2.2963,2.1776,2.0162,1.8625,1.7514,1.6853,1.6482,1.6244,1.6064,1.5922,1.5808,1.5708,1.5605,1.5488,1.5356,1.5224,1.5115,1.5053,1.5052,1.5111,1.522,1.5361,1.5519,1.5678,1.5829,1.5965,1.6083,1.6184,1.6269,1.634,1.6399,1.6449,1.6491,1.6528
2.1341,2.156,2.1802,2.207,2.2366,2.2693,2.305,2.3429,2.3813,2.4159,2.4378,2.4333,2.3974,2.3642,2.3714,2.384,2.3445,2.2344,2.0798,1.9269,1.8086,1.7312,1.6837,1.6531,1.631,1.6136,1.5991,1.586,1.5728,1.559,1.5447,1.5311,1.5204,1.5143,1.5139,1.5189,1.5285,1.5411,1.5552,1.5697,1.5835,1.5962,1.6074,1.6172,1.6256,1.6327,1.6387,1.6438,1.6482,1.6521
2.1405,2.1631,2.1882,2.216,2.247,2.2813,2.3191,2.36,2.4025,2.4426,2.4713,2.4713,2.4289,2.3805,2.3826,2.3977,2.364,2.2649,2.1235,1.9787,1.8601,1.7761,1.7205,1.6831,1.6561,1.635,1.6172,1.6012,1.5857,1.5702,1.5551,1.5414,1.5308,1.5248,1.5239,1.5281,1.5362,1.5472,1.5597,1.5726,1.5853,1.597,1.6076,1.6169,1.625,1.632,1.638,1.6432,1.6477,1.6516
2.1457,2.1688,2.1944,2.2229,2.2546,2.2898,2.3288,2.3713,2.416,2.4594,2.4926,2.4969,2.4523,2.3911,2.3807,2.3897,2.359,2.2724,2.1478,2.0162,1.9025,1.8165,1.7555,1.7125,1.6808,1.656,1.6351,1.6165,1.599,1.5823,1.5666,1.5529,1.5425,1.5364,1.535,1.5381,1.5448,1.5542,1.5651,1.5766,1.588,1.5987,1.6085,1.6173,1.6251,1.6319,1.6378,1.643,1.6475,1.6515
2.1497,2.173,2.1988,2.2275,2.2594,2.2948,2.3339,2.3765,2.4212,2.4648,2.4983,2.5037,2.4608,2.3963,2.372,2.3695,2.339,2.2643,2.157,2.0404,1.935,1.8505,1.787,1.7401,1.7045,1.6763,1.6527,1.6318,1.6127,1.5951,1.579,1.5653,1.5549,1.5486,1.5466,1.5486,1.554,1.5619,1.5713,1.5813,1.5914,1.6012,1.6102,1.6184,1.6258,1.6323,1.6381,1.6432,1.6477,1.6517
2.1524,2.1757,2.2014,2.2299,2.2614,2.2963,2.3345,2.3757,2.4184,2.4589,2.4887,2.4918,2.4533,2.3944,2.361,2.3458,2.3133,2.248,2.1561,2.0543,1.9586,1.8779,1.8142,1.765,1.7266,1.6956,1.6697,1.647,1.6266,1.6082,1.5918,1.5781,1.5677,1.5611,1.5585,1.5595,1.5636,1.5701,1.578,1.5867,1.5956,1.6043,1.6125,1.6201,1.6271,1.6333,1.6388,1.6438,1.6482,1.6521
2.1539,2.1769,2.2022,2.2302,2.2609,2.2945,2.331,2.3696,2.4086,2.4441,2.4681,2.4679,2.4348,2.3849,2.348,2.323,2.2875,2.2289,2.1496,2.0608,1.9747,1.8992,1.8368,1.7868,1.7466,1.7137,1.686,1.6619,1.6405,1.6215,1.605,1.5912,1.5807,1.5737,1.5704,1.5705,1.5734,1.5785,1.5851,1.5925,1.6002,1.608,1.6154,1.6224,1.6288,1.6346,1.6399,1.6447,1.649,1.6528
2.1542,2.1767,2.2014,2.2284,2.2579,2.2898,2.3238,2.3591,2.3935,2.4233,2.4413,2.4386,2.4109,2.3696,2.3327,2.3018,2.2639,2.2098,2.1402,2.0624,1.9852,1.9152,1.8553,1.8056,1.7646,1.7305,1.7015,1.6763,1.6543,1.6348,1.6181,1.6042,1.5936,1.5863,1.5824,1.5815,1.5833,1.5871,1.5924,1.5986,1.6053,1.6121,1.6187,1.6251,1.631,1.6364,1.6414,1.6459,1.65,1.6538
2.1535,2.1753,2.1991,2.225,2.2529,2.2826,2.3138,2.3453,2.375,2.3991,2.4122,2.4079,2.3848,2.3503,2.3152,2.2815,2.2424,2.1918,2.1297,2.0607,1.9914,1.9269,1.8701,1.8215,1.7805,1.7458,1.716,1.6902,1.6676,1.648,1.6311,1.6171,1.6063,1.5986,1.5941,1.5924,1.5931,1.5958,1.5999,1.605,1.6107,1.6166,1.6225,1.6281,1.6335,1.6385,1.6432,1.6475,1.6514,1.655
2.1517,2.1727,2.1955,2.2199,2.246,2.2735,2.3016,2.3293,2.3544,2.3737,2.3828,2.3778,2.3582,2.3287,2.2961,2.2618,2.2226,2.175,2.1188,2.0571,1.9945,1.9352,1.8817,1.8348,1.7944,1.7596,1.7296,1.7034,1.6806,1.6607,1.6438,1.6297,1.6187,1.6107,1.6055,1.603,1.6028,1.6045,1.6076,1.6116,1.6163,1.6213,1.6265,1.6315,1.6364,1.641,1.6453,1.6493,1.653,1.6564
2.1489,2.169,2.1906,2.2136,2.2377,2.2627,2.2879,2.3119,2.3329,2.3481,2.3543,2.3489,2.3318,2.3062,2.2759,2.2424,2.2041,2.1593,2.1079,2.0522,1.9955,1.9409,1.8907,1.8458,1.8064,1.772,1.742,1.7158,1.6929,1.673,1.656,1.6419,1.6307,1.6223,1.6166,1.6134,1.6124,1.6131,1.6152,1.6183,1.6221,1.6263,1.6307,1.6352,1.6395,1.6437,1.6476,1.6513,1.6548,1.658
2.1454,2.1645,2.1847,2.2061,2.2283,2.2509,2.2731,2.2938,2.3112,2.323,2.327,2.3214,2.3062,2.2834,2.2553,2.2232,2.1865,2.1444,2.0972,2.0465,1.9948,1.9445,1.8975,1.8549,1.8168,1.7831,1.7535,1.7274,1.7046,1.6848,1.6678,1.6537,1.6423,1.6335,1.6274,1.6235,1.6217,1.6215,1.6228,1.625,1.628,1.6315,1.6352,1.639,1.6428,1.6466,1.6502,1.6536,1.6568,1.6598
2.1411,2.1591,2.1781,2.1978,2.218,2.2383,2.2578,2.2754,2.2897,2.2989,2.3012,2.2954,2.2816,2.2609,2.2349,2.2045,2.1696,2.1302,2.0867,2.0403,1.9929,1.9465,1.9026,1.8622,1.8256,1.7929,1.7639,1.7382,1.7156,1.6959,1.6791,1.6649,1.6533,1.6443,1.6377,1.6332,1.6307,1.6298,1.6303,1.6317,1.6339,1.6367,1.6398,1.643,1.6464,1.6497,1.6529,1.656,1.6589,1.6617
2.1362,2.1531,2.1707,2.1888,2.2072,2.2252,2.2422,2.2572,2.2689,2.2759,2.2769,2.2709,2.2581,2.239,2.2149,2.1863,2.1535,2.1167,2.0764,2.0338,1.9902,1.9473,1.9063,1.8681,1.8331,1.8016,1.7733,1.7481,1.7259,1.7065,1.6897,1.6755,1.6639,1.6546,1.6476,1.6426,1.6395,1.6379,1.6376,1.6384,1.6399,1.642,1.6445,1.6472,1.65,1.6529,1.6558,1.6586,1.6613,1.6638
2.1308,2.1465,2.1628,2.1794,2.1959,2.2119,2.2267,2.2393,2.2488,2.254,2.2539,2.2478,2.2357,2.2181,2.1955,2.1687,2.138,2.1037,2.0664,2.0271,1.9869,1.9471,1.9088,1.8728,1.8395,1.8091,1.7817,1.7572,1.7354,1.7163,1.6997,1.6856,1.6739,1.6644,1.6571,1.6517,1.648,1.6458,1.6449,1.645,1.6458,1.6473,1.6492,1.6514,1.6538,1.6563,1.6588,1.6613,1.6637,1.6661
2.1249,2.1395,2.1545,2.1696,2.1844,2.1985,2.2113,2.2219,2.2296,2.2333,2.2323,2.2261,2.2145,2.198,2.177,2.1519,2.1232,2.0912,2.0567,2.0203,1.9832,1.9462,1.9104,1.8765,1.8449,1.8158,1.7893,1.7655,1.7443,1.7255,1.7092,1.6952,1.6834,1.6738,1.6661,1.6603,1.6562,1.6534,1.6519,1.6514,1.6517,1.6526,1.654,1.6557,1.6577,1.6598,1.6619,1.6641,1.6663,1.6684
2.1187,2.1322,2.146,2.1596,2.1729,2.1853,2.1962,2.2051,2.2112,2.2136,2.2119,2.2056,2.1946,2.179,2.1593,2.1358,2.109,2.0793,2.0472,2.0135,1.9791,1.9447,1.9113,1.8793,1.8493,1.8215,1.7961,1.7731,1.7524,1.7341,1.718,1.7041,1.6924,1.6826,1.6747,1.6686,1.664,1.6608,1.6588,1.6578,1.6575,1.6579,1.6588,1.6601,1.6616,1.6633,1.6651,1.667,1.6689,1.6708
