docs/data/wind_grid.json
[{"header":{"la1":42.85,"la2":41.18,"lo1":11.55,"lo2":14.05,"nx":36,"ny":24,"dx":0.07143,"dy":0.07261,"parameterCategory":2,"parameterNumber":2,"parameterNumberName":"eastward_wind","parameterUnit":"m.s-1"},"data":[3.3729,3.4016,3.4322,3.4636,3.4936,3.5186,3.5339,3.5344,3.5164,3.4802,3.4294,3.3705,3.3095,3.2511,3.1982,3.1517,3.1116,3.0768,3.0452,3.0147,2.9837,2.9514,2.918,2.8841,2.8503,2.8171,2.7848,2.7537,2.7239,2.6954,2.6685,2.6431,2.6195,2.5977,2.5778,2.5599,3.3961,3.4315,3.4711,3.5142,3.5587,3.5999,3.6303,3.6402,3.6217,3.574,3.5047,3.4252,3.3461,3.2737,3.2113,3.1594,3.1173,3.0829,3.0527,3.0228,2.9905,2.9552,2.9178,2.8796,2.8418,2.8051,2.7698,2.736,2.7039,2.6733,2.6445,2.6175,2.5924,2.5694,2.5486,2.53,3.4168,3.4593,3.5091,3.5669,3.6317,3.6987,3.7563,3.7858,3.769,3.7021,3.6011,3.4894,3.3844,3.2941,3.2207,3.1638,3.1217,3.091,3.0654,3.0377,3.0033,2.9627,2.9187,2.8744,2.8314,2.7905,2.7519,2.7152,2.6806,2.6478,2.617,2.5882,2.5615,2.5372,2.5155,2.4963,3.4331,3.4823,3.5427,3.6174,3.7088,3.8151,3.922,3.9943,3.986,3.8832,3.7245,3.5611,3.4205,3.309,3.2244,3.1637,3.125,3.104,3.0894,3.0662,3.0266,2.9753,2.9204,2.8673,2.8179,2.7724,2.7302,2.6906,2.6534,2.6183,2.5853,2.5545,2.5262,2.5005,2.4778,2.4581,3.4432,3.4974,3.5665,3.6574,3.7789,3.9394,4.132,4.2989,4.3197,4.1415,3.8732,3.6305,3.4467,3.3139,3.2196,3.1574,3.1271,3.1265,3.1361,3.1199,3.0653,2.9923,2.92,2.8556,2.7992,2.7491,2.7036,2.6613,2.6216,2.584,2.5487,2.5158,2.4855,2.4584,2.4346,2.4144,3.4455,3.5016,3.5752,3.676,3.8212,4.0379,4.3526,4.7086,4.8127,4.4716,4.0126,3.6722,3.4505,3.3037,3.2043,3.1425,3.124,3.1583,3.2155,3.2063,3.1146,3.0045,2.9102,2.8346,2.7724,2.719,2.671,2.6264,2.5843,2.5442,2.5063,2.4709,2.4386,2.4097,2.3849,2.3643,3.4395,3.4937,3.5649,3.6636,3.8108,4.0475,4.4446,5.013,5.2511,4.6768,4.0366,3.648,3.421,3.2766,3.178,3.1155,3.1024,3.168,3.2824,3.2745,3.1324,2.9876,2.8788,2.7983,2.7347,2.6805,2.6315,2.5853,2.5409,2.498,2.4571,2.4188,2.3839,2.3531,2.3272,2.3064,3.426,3.4748,3.537,3.6205,3.7409,3.9291,4.24,4.6845,4.8503,4.3599,3.8534,3.548,3.3625,3.2377,3.1444,3.075,3.0456,3.0903,3.1882,3.1792,3.0473,2.9147,2.8163,2.7433,2.6847,2.6331,2.5846,2.5374,2.4906,2.4445,2.3998,2.3578,2.3197,2.2867,2.2596,2.2389,3.407,3.4483,3.4981,3.5598,3.6388,3.7433,3.8781,4.0069,3.9936,3.8012,3.5921,3.4245,3.2982,3.2006,3.1134,3.0278,2.9577,2.9329,2.9501,2.9369,2.869,2.7912,2.7259,2.6719,2.6238,2.5776,2.5309,2.4826,2.4328,2.3824,2.3328,2.2859,2.2437,2.2078,2.1796,2.1596,3.3848,3.4187,3.4568,3.4992,3.5449,3.5895,3.6215,3.6149,3.5485,3.4828,3.4238,3.3354,3.2531,3.184,3.1029,2.9879,2.8523,2.7407,2.6888,2.6772,2.6674,2.6479,2.6216,2.5908,2.5558,2.5161,2.471,2.421,2.3669,2.3103,2.2538,2.2001,2.1523,2.113,2.0837,2.0652,3.3617,3.3894,3.4192,3.4501,3.4802,3.5056,3.5181,3.4967,3.4204,3.3893,3.3589,3.2882,3.2377,3.2085,3.1398,2.9711,2.7193,2.4707,2.3655,2.4048,2.4704,2.5076,2.5169,2.5076,2.4848,2.4507,2.4062,2.3527,2.2918,2.2263,2.1596,2.0962,2.0407,1.9969,1.9672,1.9518,3.3387,3.3619,3.3867,3.4129,3.4411,3.4745,3.5214,3.5571,3.4505,3.3834,3.3232,3.2651,3.2449,3.2725,3.2553,2.9787,2.5239,1.9658,1.8399,2.096,2.2916,2.3834,2.4194,2.4265,2.4136,2.3833,2.3373,2.2774,2.2063,2.1274,2.0456,1.9679,1.9014,1.8521,1.823,1.8139,3.316,3.3359,3.3574,3.3814,3.4106,3.4521,3.5273,3.7526,3.4525,3.3586,3.2895,3.2812,3.252,3.3509,3.3594,2.9442,2.3379,1.23,1.1979,1.8748,2.1737,2.2811,2.3275,2.3475,2.3435,2.3151,2.2645,2.1947,2.1086,2.0098,1.9053,1.8058,1.7233,1.6673,1.6417,1.6443,3.2935,3.3104,3.3287,3.3495,3.3747,3.4071,3.4402,3.4041,3.3718,3.3055,3.2541,3.345,3.3365,2.7929,3.0338,2.8205,2.4263,1.7418,1.602,1.9734,2.12,2.1696,2.224,2.2668,2.275,2.2463,2.1875,2.1037,1.9967,1.869,1.7292,1.5951,1.4884,1.4252,1.4095,1.4343,3.271,3.2849,3.2995,3.3153,3.3327,3.3504,3.3609,3.3482,3.304,3.2389,3.1935,3.1747,3.0817,2.9946,2.9365,2.6714,2.4353,2.3693,2.2161,2.1166,1.9505,1.9434,2.0829,2.1861,2.211,2.1762,2.104,2.0034,1.8705,1.7005,1.5039,1.3124,1.1682,1.1,1.1088,1.1746,3.2488,3.2596,3.2703,3.2807,3.29,3.2959,3.293,3.2739,3.2354,3.1919,3.1777,3.1096,3.0782,3.0152,2.9416,2.7229,2.5344,2.5715,2.4614,2.0679,1.4177,1.5306,1.9409,2.1313,2.1567,2.0983,2.0073,1.8938,1.7339,1.5033,1.2116,0.9201,0.7172,0.6554,0.72,0.8598,3.2271,3.235,3.2421,3.2479,3.2512,3.2499,3.2411,3.2219,3.1942,3.1694,3.1661,3.1203,3.0472,3.015,3.001,2.9177,2.8291,2.8189,2.7509,2.2625,1.3693,1.5197,1.9806,2.1429,2.1067,1.9891,1.879,1.7764,1.6021,1.2864,0.8327,0.3628,0.0717,0.053,0.2353,0.4995,3.2063,3.2117,3.2159,3.2183,3.2179,3.2134,3.2033,3.1874,3.1676,3.1487,3.1306,3.0979,3.0433,3.038,3.1312,3.1501,3.0494,3.0648,3.1614,2.8149,2.3081,2.1559,2.2331,2.2109,2.0318,1.7941,1.6799,1.6581,1.5059,1.0812,0.3687,-0.4029,-0.8074,-0.6976,-0.3043,0.1369,3.1866,3.1901,3.1922,3.1924,3.19,3.1844,3.1751,3.1623,3.1474,3.1321,3.1164,3.1001,3.0953,3.1565,3.4074,3.5065,3.2149,3.1463,3.1957,3.1712,2.8909,2.6428,2.4991,2.3021,1.9415,1.4897,1.3867,1.5755,1.4902,0.9555,-0.0712,-1.2349,-1.7362,-1.4045,-0.7538,-0.1375,3.1682,3.1702,3.1708,3.1697,3.1665,3.1609,3.1527,3.1425,3.1312,3.12,3.1106,3.1076,3.1257,3.2031,3.3841,3.4369,3.2493,3.2136,3.4335,3.5488,3.1829,2.9359,2.75,2.4661,2.0166,1.4696,1.3589,1.6955,1.6032,1.0002,-0.1825,-1.5394,-2.0753,-1.6397,-0.8915,-0.218,3.151,3.1519,3.1516,3.1497,3.1462,3.141,3.134,3.1259,3.1173,3.1095,3.1048,3.1073,3.1258,3.1712,3.2339,3.2461,3.2015,3.2155,3.3359,3.3771,3.2559,3.2104,3.113,2.7813,2.335,2.0722,2.2103,2.1472,1.8354,1.2225,0.1942,-0.9332,-1.4456,-1.195,-0.6281,-0.0677,3.135,3.1351,3.1341,3.1319,3.1284,3.1236,3.1176,3.111,3.1044,3.0988,3.0961,3.0988,3.1102,3.1312,3.1529,3.1592,3.1558,3.1751,3.225,3.276,3.3915,3.6825,3.7415,3.2399,2.6616,2.3959,2.4738,2.3577,2.0096,1.4823,0.7429,-0.0191,-0.4477,-0.4215,-0.1243,0.2437,3.1201,3.1196,3.1182,3.1158,3.1123,3.1079,3.1027,3.0971,3.0916,3.0872,3.0848,3.0858,3.0912,3.1,3.1087,3.1141,3.121,3.1415,3.1869,3.2846,3.5371,4.0212,4.1595,3.5498,2.8905,2.5212,2.4051,2.2986,2.0562,1.675,1.1846,0.6963,0.3735,0.2941,0.4045,0.6067,3.106,3.1051,3.1034,3.1009,3.0975,3.0933,3.0886,3.0837,3.0789,3.0748,3.072,3.0712,3.0727,3.0758,3.0796,3.0842,3.0935,3.1152,3.1627,3.2656,3.4761,3.7687,3.8187,3.4398,2.9634,2.6238,2.4297,2.2812,2.0863,1.8162,1.4912,1.1727,0.9384,0.8344,0.8508,0.9462]},{"header":{"la1":42.85,"la2":41.18,"lo1":11.55,"lo2":14.05,"nx":36,"ny":24,"dx":0.07143,"dy":0.07261,"parameterCategory":2,"parameterNumber":3,"parameterNumberName":"northward_wind","parameterUnit":"m.s-1"},"data":[1.1057,1.121,1.1372,1.1539,1.1707,1.1865,1.2004,1.2112,1.2185,1.2227,1.2254,1.2285,1.2338,1.2426,1.2552,1.2709,1.2876,1.3015,1.3082,1.3041,1.2881,1.2616,1.2279,1.1907,1.1528,1.116,1.0815,1.0498,1.021,0.9949,0.9715,0.9505,0.9317,0.915,0.9001,0.8868,1.1103,1.1277,1.1467,1.167,1.1878,1.2081,1.226,1.2394,1.2469,1.2493,1.2491,1.2497,1.2543,1.2649,1.2826,1.307,1.335,1.3607,1.3759,1.3737,1.352,1.3148,1.2686,1.2194,1.1714,1.1267,1.0862,1.05,1.0179,0.9894,0.9642,0.9419,0.9222,0.9048,0.8894,0.876,1.1137,1.1334,1.1555,1.1801,1.2066,1.2336,1.2582,1.2762,1.2842,1.2826,1.2764,1.2719,1.2742,1.2865,1.3108,1.3477,1.3942,1.4409,1.4719,1.4723,1.4394,1.3829,1.3165,1.2501,1.1891,1.135,1.0879,1.047,1.0117,0.9809,0.9542,0.9308,0.9104,0.8925,0.8769,0.8634,1.1151,1.137,1.1624,1.192,1.2258,1.2629,1.2993,1.3267,1.336,1.3263,1.3083,1.2947,1.2925,1.3057,1.3375,1.3915,1.4674,1.5524,1.6141,1.6179,1.5602,1.4679,1.3694,1.2796,1.2027,1.1384,1.0847,1.0397,1.0015,0.969,0.941,0.9169,0.896,0.8779,0.8623,0.8488,1.114,1.1377,1.166,1.2005,1.2427,1.2937,1.3502,1.3979,1.4117,1.3849,1.3447,1.3163,1.3076,1.3204,1.3589,1.4326,1.5513,1.7051,1.8294,1.8351,1.7214,1.5646,1.4194,1.3011,1.2078,1.1341,1.075,1.0267,0.9866,0.9529,0.9243,0.8998,0.8788,0.8607,0.8453,0.8322,1.1097,1.1343,1.1644,1.2025,1.252,1.3179,1.403,1.4907,1.5185,1.4565,1.3793,1.3332,1.3181,1.3291,1.3702,1.4583,1.6242,1.8829,2.1257,2.1245,1.8994,1.6469,1.4486,1.3044,1.1987,1.1189,1.0568,1.0071,0.9664,0.9324,0.9037,0.8793,0.8585,0.8408,0.8258,0.8132,1.1018,1.126,1.1561,1.1948,1.2468,1.3201,1.4261,1.5583,1.6092,1.5023,1.3944,1.3413,1.325,1.3336,1.3692,1.4531,1.6343,1.9707,2.3411,2.3254,1.9827,1.6584,1.4323,1.2788,1.1706,1.0906,1.0292,0.9803,0.9404,0.9072,0.8791,0.8553,0.835,0.8179,0.8036,0.7918,1.0902,1.1128,1.1408,1.1765,1.2239,1.2899,1.3826,1.4939,1.5358,1.4573,1.3808,1.3432,1.3336,1.3411,1.3635,1.4179,1.5486,1.8108,2.116,2.1139,1.832,1.5556,1.3579,1.2208,1.1226,1.0491,0.9921,0.9464,0.9088,0.8773,0.8505,0.8276,0.8081,0.7918,0.7784,0.7676,1.0753,1.0952,1.1193,1.1492,1.1876,1.2381,1.3031,1.3722,1.4122,1.4058,1.3736,1.3521,1.355,1.3669,1.3729,1.3819,1.426,1.5325,1.6568,1.6639,1.5359,1.3771,1.2425,1.1385,1.0588,0.9967,0.9471,0.9064,0.8723,0.8431,0.8179,0.7961,0.7776,0.7622,0.7498,0.7403,1.0578,1.0743,1.0935,1.1164,1.1444,1.1808,1.2336,1.3187,1.439,1.4834,1.4094,1.3745,1.4023,1.4365,1.4263,1.3794,1.3402,1.3344,1.347,1.3362,1.281,1.2,1.1177,1.0457,0.986,0.937,0.8963,0.8617,0.8316,0.805,0.7815,0.7608,0.7432,0.7287,0.7175,0.7095,1.0383,1.0511,1.0653,1.081,1.0985,1.1199,1.157,1.263,1.5765,1.724,1.45,1.3926,1.4899,1.5981,1.5623,1.4218,1.2959,1.2245,1.1888,1.1567,1.1122,1.0576,1.0022,0.9524,0.9098,0.8736,0.842,0.8137,0.7878,0.7637,0.7414,0.7214,0.7042,0.6906,0.6807,0.6746,1.0176,1.0268,1.0363,1.0456,1.0534,1.0577,1.058,1.0795,1.31,1.5057,1.3515,1.3724,1.599,1.9397,1.8024,1.4728,1.2524,1.1648,1.1279,1.0667,0.9993,0.9412,0.8958,0.8611,0.8333,0.8091,0.7865,0.7644,0.7421,0.7197,0.6977,0.6773,0.6598,0.6465,0.6382,0.6346,0.9962,1.0021,1.0076,1.0118,1.0128,1.0069,0.9882,1.0049,0.9773,1.1304,1.188,1.3002,1.5031,2.0313,1.865,1.4004,1.166,1.167,1.1552,1.0109,0.8956,0.8243,0.7872,0.7691,0.7573,0.7456,0.7317,0.7152,0.6957,0.6736,0.65,0.6272,0.6079,0.5946,0.5881,0.5882,0.9747,0.9775,0.9794,0.9797,0.9771,0.9688,0.949,0.9001,0.9159,0.9629,1.0207,1.2496,1.3373,1.3091,1.3249,1.1247,0.9729,1.042,1.04,0.8824,0.7424,0.6731,0.6632,0.6743,0.6836,0.6854,0.6799,0.6681,0.65,0.6257,0.5972,0.5686,0.5453,0.5313,0.5278,0.5335,0.9534,0.9533,0.9519,0.9485,0.9424,0.9321,0.9156,0.891,0.8493,0.759,0.6895,0.7981,0.89,0.6271,0.9528,0.8176,0.6472,0.7874,0.7914,0.6559,0.4891,0.4553,0.5208,0.5824,0.6174,0.6317,0.633,0.6249,0.6066,0.5767,0.5376,0.4971,0.4658,0.451,0.4534,0.4688,0.9325,0.9296,0.925,0.9178,0.9069,0.8905,0.864,0.8164,0.7165,0.4973,0.112,0.3375,0.5205,0.685,0.7521,0.7156,0.6525,0.6694,0.6114,0.4299,0.1386,0.1932,0.395,0.5123,0.5663,0.5869,0.592,0.5876,0.5684,0.5278,0.468,0.4044,0.3591,0.3454,0.3605,0.3928,0.9124,0.907,0.8993,0.8884,0.8727,0.8493,0.8125,0.7499,0.6372,0.4318,0.1513,0.3066,0.3756,0.3662,0.5473,0.5854,0.5839,0.5384,0.4692,0.3614,0.0916,0.1588,0.368,0.4844,0.5338,0.5475,0.5528,0.5573,0.5406,0.4825,0.3842,0.2772,0.2098,0.2051,0.2468,0.3074,0.8936,0.886,0.8758,0.8619,0.8426,0.8153,0.7752,0.7152,0.6271,0.5129,0.422,0.4134,0.3459,0.3142,0.3309,0.3077,0.4112,0.396,0.3106,0.3955,0.3521,0.35,0.4247,0.4888,0.512,0.4964,0.4975,0.5336,0.5332,0.4496,0.2854,0.103,0.0067,0.0312,0.1214,0.2226,0.8763,0.867,0.855,0.8392,0.8183,0.7902,0.7523,0.702,0.6391,0.5709,0.5142,0.4712,0.4127,0.3065,-0.039,-0.1824,0.2446,0.3891,0.3883,0.5043,0.4818,0.4519,0.4643,0.4969,0.4974,0.4097,0.3911,0.5297,0.5678,0.4481,0.1943,-0.0894,-0.2101,-0.1331,0.0173,0.1586,0.8607,0.8503,0.8372,0.8206,0.7995,0.7726,0.7389,0.6977,0.6503,0.6008,0.5529,0.5029,0.4322,0.2915,0.0103,-0.0692,0.2439,0.4459,0.6119,0.6774,0.5376,0.4561,0.444,0.4918,0.5333,0.43,0.4021,0.6738,0.6864,0.5048,0.1832,-0.1597,-0.2902,-0.1877,-0.0144,0.1396,0.8469,0.8359,0.8223,0.8056,0.7852,0.7604,0.7308,0.6964,0.6581,0.6175,0.5748,0.5262,0.4614,0.3664,0.2576,0.2422,0.351,0.4682,0.5643,0.5821,0.4693,0.3384,0.3101,0.4318,0.6293,0.8637,1.2223,1.1552,0.8914,0.6163,0.2952,-0.0077,-0.1388,-0.0825,0.047,0.1737,0.8349,0.8235,0.8099,0.7937,0.7744,0.7518,0.7257,0.6962,0.6638,0.6291,0.5916,0.5494,0.4997,0.4436,0.397,0.3897,0.4245,0.4682,0.49,0.4509,0.2955,0.0418,-0.0211,0.2536,0.6429,1.1201,1.575,1.3907,1.0151,0.7149,0.4461,0.221,0.1017,0.0998,0.1635,0.2442,0.8245,0.8131,0.7998,0.7843,0.7663,0.7457,0.7224,0.6967,0.6687,0.6387,0.6065,0.5718,0.5348,0.4987,0.4714,0.4609,0.465,0.4682,0.4476,0.3663,0.1613,-0.1742,-0.2631,0.0997,0.5462,0.9551,1.2215,1.1749,0.9623,0.7449,0.551,0.3933,0.2958,0.2655,0.2837,0.325,0.8156,0.8044,0.7915,0.7768,0.7601,0.7413,0.7205,0.6978,0.6734,0.6474,0.62,0.5915,0.5629,0.5363,0.515,0.5006,0.4901,0.4737,0.4352,0.3497,0.1882,-0.016,-0.0555,0.1718,0.4834,0.754,0.918,0.9353,0.8484,0.7249,0.6009,0.495,0.4214,0.3857,0.3819,0.3986]}]