docs/data/wind_grid.json
[{"header":{"la1":42.85,"la2":41.18,"lo1":11.55,"lo2":14.05,"nx":36,"ny":24,"dx":0.07143,"dy":0.07261,"parameterCategory":2,"parameterNumber":2,"parameterNumberName":"eastward_wind","parameterUnit":"m.s-1"},"data":[0.0325,0.0285,0.0255,0.0233,0.0215,0.0196,0.0173,0.0141,0.0097,0.0033,-0.0057,-0.0184,-0.035,-0.0554,-0.0786,-0.1027,-0.1246,-0.1405,-0.1465,-0.1408,-0.1252,-0.1042,-0.0827,-0.0632,-0.0458,-0.0298,-0.0145,0.0001,0.014,0.027,0.0392,0.0503,0.0605,0.0697,0.0781,0.0857,0.022,0.0175,0.0146,0.0129,0.012,0.0111,0.0095,0.0071,0.0037,-0.0016,-0.0103,-0.0239,-0.0436,-0.0693,-0.1001,-0.1338,-0.1662,-0.1904,-0.1986,-0.1863,-0.1572,-0.1222,-0.0917,-0.0688,-0.0509,-0.0347,-0.019,-0.0034,0.0115,0.0256,0.0385,0.0503,0.061,0.0706,0.0792,0.0869,0.0086,0.0031,0.0001,-0.0006,-0.0001,0.0002,-0.0008,-0.0027,-0.0047,-0.0075,-0.0141,-0.0279,-0.0507,-0.0827,-0.1236,-0.1714,-0.2211,-0.2615,-0.2752,-0.2491,-0.19,-0.1265,-0.0842,-0.0633,-0.0503,-0.0369,-0.0218,-0.0057,0.0102,0.0252,0.0389,0.0512,0.0623,0.0721,0.0808,0.0886,-0.0088,-0.0164,-0.0199,-0.0192,-0.0161,-0.0138,-0.0151,-0.0186,-0.0193,-0.0166,-0.0175,-0.0294,-0.055,-0.0945,-0.1476,-0.215,-0.2939,-0.3686,-0.4007,-0.3474,-0.2171,-0.0895,-0.038,-0.0391,-0.0432,-0.0369,-0.0232,-0.0066,0.0102,0.026,0.0404,0.0531,0.0644,0.0743,0.0831,0.0908,-0.0315,-0.0434,-0.0489,-0.0462,-0.0377,-0.0311,-0.035,-0.0473,-0.0496,-0.0337,-0.0204,-0.027,-0.0555,-0.103,-0.1694,-0.2602,-0.3843,-0.5339,-0.6331,-0.5399,-0.2416,0.0385,0.0704,-0.0008,-0.0358,-0.0372,-0.0241,-0.0064,0.0116,0.0282,0.0431,0.0561,0.0674,0.0773,0.0859,0.0934,-0.0606,-0.0812,-0.0929,-0.0885,-0.0687,-0.0502,-0.0578,-0.0987,-0.1153,-0.064,-0.0192,-0.0179,-0.0512,-0.108,-0.1858,-0.2958,-0.4716,-0.7589,-1.0769,-0.9691,-0.3701,0.1377,0.1352,0.0031,-0.0424,-0.0414,-0.0248,-0.0047,0.0147,0.032,0.0471,0.0601,0.0712,0.0808,0.0891,0.0964,-0.0952,-0.1322,-0.161,-0.1602,-0.1187,-0.0684,-0.0647,-0.1475,-0.2003,-0.0815,0.0018,0.0032,-0.0423,-0.1129,-0.1995,-0.3106,-0.499,-0.8914,-1.5379,-1.4592,-0.6269,-0.1575,-0.0478,-0.0676,-0.0673,-0.0483,-0.0241,-0.0009,0.0197,0.0373,0.0523,0.065,0.0757,0.0848,0.0926,0.0994,-0.1298,-0.1906,-0.2557,-0.2787,-0.2007,-0.0869,-0.0287,-0.0656,-0.094,0.0107,0.0677,0.0409,-0.0314,-0.128,-0.2315,-0.3242,-0.4437,-0.7032,-1.0886,-1.0015,-0.5703,-0.3701,-0.2262,-0.1414,-0.0895,-0.0506,-0.0196,0.0058,0.0267,0.0441,0.0586,0.0707,0.0807,0.089,0.0962,0.1024,-0.1538,-0.2336,-0.3336,-0.3975,-0.2825,-0.1004,0.0385,0.1153,0.1721,0.2153,0.1835,0.0946,-0.0201,-0.1649,-0.336,-0.423,-0.4045,-0.4499,-0.5453,-0.5266,-0.4882,-0.446,-0.2827,-0.1614,-0.0883,-0.0421,-0.0099,0.0149,0.035,0.0517,0.0655,0.0766,0.0857,0.0931,0.0994,0.1049,-0.1592,-0.2432,-0.3338,-0.3781,-0.3111,-0.102,0.1161,0.2944,0.475,0.523,0.3424,0.1543,-0.0026,-0.1988,-0.5752,-0.7706,-0.4457,-0.312,-0.307,-0.341,-0.4087,-0.3717,-0.2316,-0.1253,-0.0621,-0.0244,0.0018,0.0236,0.0428,0.0591,0.0721,0.0823,0.0902,0.0965,0.1018,0.1066,-0.146,-0.2358,-0.3685,-0.5775,-0.51,-0.108,0.1998,0.4231,0.7946,0.9798,0.4818,0.1911,0.024,-0.1351,-0.4983,-0.7638,-0.3657,-0.2069,-0.1704,-0.1762,-0.1962,-0.1749,-0.1104,-0.0554,-0.0265,-0.0113,0.0051,0.0262,0.0474,0.065,0.078,0.0872,0.0936,0.0985,0.1027,0.1068,-0.1121,-0.1962,-0.335,-0.5351,-0.447,-0.0119,0.3015,0.451,0.6204,0.7354,0.4132,0.1872,0.0408,-0.0673,-0.1245,-0.1984,-0.1574,-0.1227,-0.1002,-0.0587,-0.0286,-0.005,0.0141,0.0123,-0.0138,-0.0336,-0.0189,0.0154,0.047,0.0692,0.0827,0.0905,0.095,0.0981,0.101,0.1045,-0.0586,-0.1131,-0.1809,-0.2212,-0.1095,0.1476,0.3759,0.4872,0.4683,0.4242,0.3023,0.2002,0.1003,-0.065,-0.0555,-0.0434,-0.0612,-0.1467,-0.1375,0.0162,0.1086,0.1449,0.1294,0.0565,-0.0676,-0.1414,-0.0889,-0.0085,0.0449,0.0734,0.0865,0.0914,0.0927,0.0935,0.0954,0.0987,0.0022,-0.0207,-0.0337,-0.0103,0.0809,0.2245,0.3617,0.4446,0.4261,0.3497,0.2738,0.2441,0.2271,0.0902,0.0268,-0.0072,-0.0408,-0.0647,-0.0228,0.1534,0.2928,0.3317,0.266,0.1039,-0.1565,-0.2985,-0.1588,-0.0183,0.052,0.0807,0.0889,0.0878,0.0842,0.0822,0.0834,0.0878,0.0582,0.0552,0.0653,0.0995,0.1631,0.2448,0.3193,0.3614,0.3577,0.3334,0.3065,0.242,0.164,0.0998,0.0559,-0.0237,-0.3137,-0.0167,0.1899,0.4126,0.6238,0.6322,0.4635,0.2314,-0.0426,-0.1854,-0.0854,0.0254,0.0772,0.0916,0.0872,0.0754,0.0645,0.0595,0.0619,0.0698,0.104,0.1106,0.1275,0.158,0.2015,0.2506,0.2934,0.3205,0.3351,0.3703,0.4872,0.2508,0.2022,0.1529,0.118,-0.0058,-0.1605,0.1505,0.4469,0.7511,1.1738,1.063,0.6884,0.4091,0.1983,0.0855,0.0804,0.104,0.1113,0.0997,0.0751,0.0463,0.0249,0.0186,0.0266,0.0429,0.1399,0.1503,0.1676,0.1925,0.2234,0.256,0.285,0.3079,0.3306,0.3753,0.4624,0.3301,0.1941,0.1654,0.2521,0.2764,0.3346,0.5916,0.8574,0.9792,1.28,1.1567,0.7899,0.5282,0.3507,0.2462,0.1955,0.1651,0.1349,0.0957,0.0439,-0.0119,-0.0484,-0.0503,-0.0263,0.0068,0.1678,0.1792,0.1952,0.2156,0.2391,0.2632,0.2856,0.3054,0.3246,0.345,0.3516,0.3084,0.22,0.2354,0.5259,0.6858,0.7341,1.108,1.4846,1.2071,1.0973,0.985,0.7825,0.5734,0.403,0.2967,0.2403,0.1893,0.1369,0.0761,-0.0103,-0.1126,-0.1722,-0.154,-0.0948,-0.034,0.1898,0.2013,0.2158,0.2331,0.2521,0.2717,0.2905,0.3081,0.3242,0.3378,0.3451,0.3478,0.3747,0.5445,1.0977,1.3281,1.0025,1.2228,1.4916,1.515,1.2545,1.0107,0.8052,0.5946,0.3959,0.2874,0.2607,0.1784,0.1123,0.0475,-0.0714,-0.2431,-0.3332,-0.2699,-0.1587,-0.0665,0.2077,0.2189,0.2322,0.2474,0.2639,0.2811,0.2982,0.3151,0.3318,0.3489,0.3692,0.4035,0.4829,0.6826,1.0756,1.2203,1.0599,1.2538,1.8444,2.1072,1.4684,1.116,0.8928,0.6462,0.3821,0.2546,0.2367,0.0722,0.0467,0.0265,-0.0871,-0.2943,-0.4019,-0.3116,-0.1766,-0.0729,0.2227,0.2334,0.2459,0.2598,0.275,0.291,0.3076,0.325,0.3439,0.3661,0.396,0.4432,0.5254,0.6634,0.8368,0.9384,0.9985,1.1992,1.5669,1.6901,1.4174,1.2582,1.1169,0.8007,0.3909,0.0066,-0.3753,-0.2784,-0.0402,0.0397,-0.0227,-0.1753,-0.2683,-0.2227,-0.1279,-0.0455,0.2354,0.2458,0.2577,0.2709,0.2853,0.3008,0.3176,0.3359,0.3568,0.3824,0.4163,0.4644,0.5338,0.6268,0.7298,0.8217,0.9197,1.0649,1.2348,1.3275,1.3922,1.6279,1.6675,1.1342,0.4843,-0.1506,-0.7274,-0.4293,0.0271,0.1359,0.0891,-0.0092,-0.0808,-0.0835,-0.0436,0.0043,0.2463,0.2566,0.2681,0.2809,0.2949,0.3102,0.3271,0.3461,0.3682,0.3951,0.4293,0.4738,0.5311,0.6007,0.6776,0.7579,0.8475,0.9541,1.0709,1.2008,1.4487,1.9634,2.1254,1.4072,0.6554,0.1016,-0.1889,0.0071,0.3218,0.2964,0.1971,0.1118,0.0528,0.0306,0.0378,0.0588,0.2559,0.266,0.2773,0.2897,0.3035,0.3187,0.3357,0.3549,0.3773,0.404,0.4366,0.4766,0.525,0.5812,0.6438,0.712,0.7876,0.8734,0.9735,1.1083,1.3348,1.6525,1.7034,1.2623,0.7316,0.3448,0.1686,0.2331,0.3662,0.3338,0.2484,0.1805,0.1336,0.1084,0.1019,0.1073]},{"header":{"la1":42.85,"la2":41.18,"lo1":11.55,"lo2":14.05,"nx":36,"ny":24,"dx":0.07143,"dy":0.07261,"parameterCategory":2,"parameterNumber":3,"parameterNumberName":"northward_wind","parameterUnit":"m.s-1"},"data":[0.3143,0.3267,0.3398,0.3532,0.3663,0.3779,0.3859,0.3878,0.3818,0.3676,0.3467,0.3215,0.2942,0.266,0.2377,0.2093,0.181,0.1531,0.1263,0.1013,0.0792,0.061,0.0476,0.0384,0.0318,0.0262,0.0202,0.0134,0.0056,-0.0028,-0.0117,-0.0208,-0.0299,-0.0388,-0.0473,-0.0552,0.3253,0.3402,0.3566,0.3744,0.3935,0.4123,0.4276,0.4347,0.4293,0.4107,0.3822,0.3487,0.3141,0.28,0.2465,0.2133,0.18,0.1471,0.1152,0.0852,0.0584,0.0373,0.0242,0.0181,0.0157,0.0135,0.0097,0.004,-0.0034,-0.012,-0.0213,-0.0309,-0.0405,-0.0498,-0.0587,-0.0669,0.3356,0.3532,0.3731,0.3962,0.4234,0.4538,0.4827,0.5007,0.4974,0.4705,0.428,0.381,0.3361,0.2949,0.2558,0.2171,0.1778,0.1384,0.1002,0.0635,0.0289,0.0019,-0.0103,-0.0092,-0.0037,-0.0005,-0.0013,-0.0059,-0.0132,-0.0221,-0.032,-0.0422,-0.0524,-0.0622,-0.0715,-0.0801,0.3451,0.3652,0.3883,0.4167,0.4538,0.5022,0.5573,0.6003,0.6036,0.5585,0.4876,0.4177,0.359,0.3101,0.2657,0.2212,0.1743,0.126,0.0803,0.0367,-0.0107,-0.0527,-0.0623,-0.0445,-0.0249,-0.0141,-0.0121,-0.016,-0.0236,-0.0333,-0.044,-0.0551,-0.066,-0.0764,-0.0862,-0.0951,0.3536,0.3761,0.4016,0.4334,0.4798,0.5528,0.6571,0.7616,0.7852,0.6935,0.5616,0.4542,0.3794,0.3248,0.2772,0.2275,0.1703,0.1075,0.0515,0.0082,-0.0534,-0.1319,-0.1336,-0.081,-0.0421,-0.0248,-0.0215,-0.0262,-0.035,-0.046,-0.0579,-0.0699,-0.0816,-0.0927,-0.1029,-0.1121,0.3614,0.3872,0.4146,0.4451,0.4926,0.5881,0.7692,1.0174,1.1053,0.8862,0.6331,0.4779,0.3923,0.3382,0.2921,0.2398,0.1706,0.0812,-0.0014,-0.0245,-0.0644,-0.1761,-0.1687,-0.0907,-0.0459,-0.03,-0.0297,-0.0371,-0.0482,-0.0609,-0.0741,-0.0872,-0.0998,-0.1115,-0.1222,-0.1316,0.3682,0.401,0.4343,0.4593,0.4881,0.5765,0.8089,1.2439,1.4544,1.0172,0.6411,0.4691,0.3934,0.3509,0.3131,0.2644,0.1894,0.0722,-0.0641,-0.063,-0.0293,-0.0791,-0.09,-0.0565,-0.0351,-0.0314,-0.0384,-0.0504,-0.0645,-0.0791,-0.0936,-0.1077,-0.1211,-0.1335,-0.1446,-0.1542,0.3712,0.4167,0.4733,0.5033,0.4823,0.508,0.6656,0.9798,1.1214,0.7913,0.5249,0.4215,0.3864,0.3663,0.3413,0.3032,0.239,0.1347,0.0203,0.0017,0.0139,0.0021,-0.0113,-0.0168,-0.0231,-0.0355,-0.0518,-0.069,-0.0857,-0.1018,-0.1172,-0.1321,-0.1463,-0.1593,-0.1708,-0.1804,0.3624,0.4166,0.5127,0.5908,0.483,0.4164,0.443,0.4973,0.4745,0.3729,0.3363,0.359,0.3853,0.39,0.3707,0.3438,0.3035,0.2306,0.1453,0.0752,0.0105,0.0133,0.0191,0.0017,-0.0237,-0.0509,-0.0758,-0.0966,-0.1143,-0.1302,-0.1458,-0.1612,-0.176,-0.1897,-0.2015,-0.211,0.3355,0.3704,0.4286,0.4655,0.3621,0.3114,0.2745,0.1836,-0.0021,-0.0659,0.1356,0.3159,0.4104,0.4327,0.3788,0.3409,0.356,0.3148,0.2388,0.1412,0.0492,0.0372,0.0332,-0.0005,-0.0455,-0.0872,-0.1179,-0.1378,-0.1521,-0.1654,-0.1798,-0.1955,-0.2113,-0.2259,-0.2381,-0.2473,0.2992,0.3001,0.2668,0.1546,0.1627,0.2225,0.187,0.0469,-0.4027,-0.6434,-0.0131,0.3299,0.482,0.5304,0.4413,0.3621,0.4161,0.3992,0.3377,0.2414,0.1483,0.09,0.0393,-0.0275,-0.1015,-0.1601,-0.1892,-0.1972,-0.2001,-0.2068,-0.2193,-0.2357,-0.2533,-0.2695,-0.2822,-0.2907,0.2689,0.256,0.2135,0.142,0.1506,0.1943,0.1764,0.1272,-0.1235,-0.306,0.1186,0.4189,0.5891,0.7068,0.6508,0.5519,0.5194,0.511,0.4649,0.339,0.2167,0.1192,0.0247,-0.0894,-0.2153,-0.2982,-0.3048,-0.2766,-0.2554,-0.2522,-0.2635,-0.2829,-0.3044,-0.3232,-0.3366,-0.3436,0.2494,0.2388,0.2176,0.1951,0.194,0.1991,0.1914,0.1969,0.1655,0.1533,0.3263,0.5303,0.6517,0.7704,0.7371,0.6734,0.6224,0.6411,0.6163,0.3982,0.2406,0.1198,-0.0068,-0.1822,-0.4115,-0.5409,-0.4696,-0.3636,-0.3079,-0.2966,-0.3119,-0.3395,-0.3686,-0.3918,-0.4054,-0.4091,0.2365,0.2309,0.222,0.214,0.2107,0.2082,0.2031,0.2,0.2092,0.2742,0.4111,0.6047,0.6865,0.8594,0.7481,0.871,0.7496,0.6033,0.5295,0.3554,0.2156,0.1046,-0.0293,-0.2483,-0.5968,-0.79,-0.5987,-0.4141,-0.3397,-0.3351,-0.3665,-0.4116,-0.454,-0.4832,-0.4952,-0.4918,0.2262,0.2239,0.2206,0.2177,0.2163,0.2162,0.2178,0.2252,0.2526,0.3134,0.3935,0.4974,0.6306,0.7881,0.7209,0.909,0.7101,0.5388,0.3715,0.246,0.1735,0.1047,-0.0171,-0.2099,-0.4901,-0.6505,-0.5182,-0.3801,-0.3392,-0.368,-0.4344,-0.5116,-0.5757,-0.6111,-0.6156,-0.5968,0.2164,0.2161,0.2153,0.2151,0.2161,0.2194,0.2264,0.241,0.2692,0.3088,0.3254,0.4484,0.4468,0.4857,0.5012,0.5674,0.5701,0.3608,0.1727,0.126,0.2206,0.1707,0.0135,-0.1256,-0.2567,-0.329,-0.3057,-0.2792,-0.3125,-0.4033,-0.5308,-0.6631,-0.7603,-0.7972,-0.7792,-0.729,0.2063,0.2068,0.2073,0.2083,0.2105,0.2149,0.2227,0.2359,0.2564,0.2823,0.3023,0.3121,0.0839,-0.0488,0.1267,0.1532,0.1284,-0.0429,-0.1936,-0.075,0.2076,0.1516,-0.0087,-0.08,-0.0954,-0.0782,-0.0763,-0.1394,-0.2684,-0.4509,-0.6768,-0.9046,-1.0521,-1.0711,-0.9964,-0.8877,0.1955,0.1962,0.1968,0.1979,0.1997,0.2028,0.2078,0.215,0.2238,0.2307,0.2223,0.1498,-0.0779,-0.1997,-0.4139,-0.5669,-0.3931,-0.5069,-0.7346,-0.4547,-0.1954,-0.1072,-0.1099,-0.0728,0.0477,0.2217,0.253,0.059,-0.2102,-0.5144,-0.8865,-1.2809,-1.503,-1.4506,-1.2572,-1.0561,0.184,0.1842,0.1843,0.1844,0.1847,0.1851,0.1854,0.1847,0.1806,0.1671,0.1299,0.0417,-0.1252,-0.4633,-1.4813,-1.9167,-0.8803,-0.677,-0.7919,-0.831,-0.5705,-0.3564,-0.2364,-0.094,0.192,0.6766,0.7808,0.2773,-0.1723,-0.5844,-1.1141,-1.7465,-2.0586,-1.8537,-1.4922,-1.1915,0.1717,0.1712,0.1702,0.1688,0.1668,0.1639,0.1591,0.1509,0.1358,0.1076,0.0542,-0.0446,-0.2287,-0.6152,-1.3841,-1.6315,-0.9634,-0.7927,-1.1844,-1.401,-0.8376,-0.5392,-0.3793,-0.1879,0.1524,0.7354,0.8657,0.1991,-0.2403,-0.6402,-1.1977,-1.9341,-2.2872,-2.0002,-1.5715,-1.2388,0.159,0.1574,0.1552,0.152,0.1476,0.1413,0.132,0.1177,0.0951,0.0586,-0.0009,-0.098,-0.2564,-0.5063,-0.8051,-0.9019,-0.7733,-0.7657,-0.9828,-1.0615,-0.8238,-0.6879,-0.5945,-0.3938,-0.1288,0.0341,-0.1433,-0.232,-0.4185,-0.693,-1.075,-1.5896,-1.8796,-1.7387,-1.4433,-1.1805,0.1461,0.1434,0.1397,0.1348,0.1282,0.1191,0.1063,0.0879,0.0611,0.0217,-0.0362,-0.1202,-0.2376,-0.3851,-0.5262,-0.5991,-0.6128,-0.6513,-0.7349,-0.7806,-0.8056,-0.9536,-0.9865,-0.6827,-0.3899,-0.308,-0.3948,-0.4345,-0.6743,-0.8214,-0.955,-1.1867,-1.3634,-1.3522,-1.218,-1.058,0.1331,0.1294,0.1244,0.118,0.1095,0.0982,0.083,0.0624,0.0341,-0.0045,-0.0567,-0.1255,-0.211,-0.3063,-0.3945,-0.4585,-0.5035,-0.5519,-0.6131,-0.6895,-0.8464,-1.1746,-1.2771,-0.8771,-0.5488,-0.4374,-0.4743,-0.7104,-1.0954,-1.0434,-0.943,-0.98,-1.0522,-1.0664,-1.0135,-0.9263,0.1205,0.1157,0.1097,0.1019,0.092,0.0792,0.0627,0.0412,0.0133,-0.0228,-0.0684,-0.1244,-0.1891,-0.2579,-0.3233,-0.3799,-0.4298,-0.4812,-0.5429,-0.631,-0.7813,-0.9886,-1.0329,-0.8135,-0.6038,-0.532,-0.6052,-0.8631,-1.1515,-1.0804,-0.9312,-0.8836,-0.8898,-0.8905,-0.8636,-0.8137]}]