docs/data/wind_grid.json
[{"header":{"la1":42.85,"la2":41.18,"lo1":11.55,"lo2":14.05,"nx":36,"ny":24,"dx":0.07143,"dy":0.07261,"parameterCategory":2,"parameterNumber":2,"parameterNumberName":"eastward_wind","parameterUnit":"m.s-1"},"data":[-0.7961,-0.8006,-0.8029,-0.8029,-0.8006,-0.7957,-0.7876,-0.7756,-0.7589,-0.7383,-0.7155,-0.6934,-0.6743,-0.6595,-0.6493,-0.6423,-0.6358,-0.6265,-0.6111,-0.5887,-0.5619,-0.5373,-0.521,-0.5154,-0.5181,-0.5247,-0.5319,-0.5379,-0.542,-0.5443,-0.5453,-0.5453,-0.5446,-0.5435,-0.5421,-0.5407,-0.8216,-0.8284,-0.8326,-0.834,-0.8331,-0.8299,-0.8235,-0.8117,-0.7922,-0.7652,-0.7341,-0.7039,-0.6791,-0.6618,-0.6523,-0.6485,-0.6463,-0.6394,-0.6209,-0.5868,-0.5419,-0.5003,-0.4774,-0.4766,-0.4897,-0.5064,-0.5209,-0.5313,-0.5379,-0.5415,-0.543,-0.5431,-0.5424,-0.5412,-0.5397,-0.5382,-0.8516,-0.8616,-0.8681,-0.8713,-0.8724,-0.8727,-0.8712,-0.863,-0.8412,-0.8042,-0.7588,-0.7154,-0.6817,-0.6609,-0.6532,-0.656,-0.6633,-0.6645,-0.6444,-0.5903,-0.507,-0.4284,-0.3959,-0.4128,-0.4501,-0.4851,-0.5102,-0.526,-0.535,-0.5394,-0.5411,-0.5411,-0.5402,-0.5388,-0.5371,-0.5355,-0.8872,-0.902,-0.9117,-0.9163,-0.919,-0.9248,-0.9354,-0.9404,-0.9197,-0.8648,-0.7927,-0.7267,-0.6794,-0.6538,-0.6492,-0.6633,-0.6894,-0.712,-0.7003,-0.6156,-0.4486,-0.2801,-0.2399,-0.3136,-0.4027,-0.4658,-0.5034,-0.5238,-0.534,-0.5385,-0.5397,-0.5392,-0.5379,-0.5361,-0.5342,-0.5324,-0.9298,-0.9524,-0.967,-0.9719,-0.9728,-0.9842,-1.0193,-1.0635,-1.0565,-0.9631,-0.837,-0.7336,-0.6672,-0.6355,-0.6352,-0.6654,-0.724,-0.7961,-0.8281,-0.7157,-0.3843,0.0052,0.0223,-0.199,-0.3689,-0.4605,-0.5056,-0.5266,-0.5356,-0.5386,-0.5387,-0.5373,-0.5353,-0.5331,-0.5309,-0.5288,-0.9803,-1.0166,-1.0414,-1.0456,-1.0349,-1.0414,-1.1123,-1.254,-1.3002,-1.1099,-0.8792,-0.7248,-0.6381,-0.5996,-0.6025,-0.6504,-0.7529,-0.9164,-1.0815,-0.9935,-0.4812,0.1914,0.1635,-0.1902,-0.3927,-0.4826,-0.5203,-0.5349,-0.5393,-0.5393,-0.5374,-0.5348,-0.5321,-0.5294,-0.5269,-0.5247,-1.0369,-1.0972,-1.1463,-1.1551,-1.1139,-1.0814,-1.1571,-1.4194,-1.5665,-1.2111,-0.8691,-0.6825,-0.585,-0.5395,-0.5397,-0.5979,-0.7363,-0.9877,-1.3288,-1.294,-0.8375,-0.3751,-0.2616,-0.3966,-0.4915,-0.5316,-0.5444,-0.5458,-0.5431,-0.5391,-0.5351,-0.5313,-0.5279,-0.5248,-0.5221,-0.5199,-1.0912,-1.1854,-1.2853,-1.3241,-1.2275,-1.1038,-1.0883,-1.2384,-1.3146,-1.0268,-0.7544,-0.5992,-0.5077,-0.4508,-0.4311,-0.4829,-0.6365,-0.8836,-1.1449,-1.1911,-1.1924,-1.0576,-0.7905,-0.6589,-0.6099,-0.5845,-0.5668,-0.5535,-0.5436,-0.5363,-0.5307,-0.5262,-0.5224,-0.5191,-0.5163,-0.5141,-1.1278,-1.2477,-1.3967,-1.4909,-1.3366,-1.1174,-0.9747,-0.9123,-0.8378,-0.7033,-0.5862,-0.497,-0.4189,-0.3372,-0.2496,-0.263,-0.466,-0.7249,-0.9553,-1.2112,-1.675,-1.5564,-1.0788,-0.8111,-0.6812,-0.6128,-0.5739,-0.551,-0.5375,-0.5291,-0.5233,-0.5189,-0.5152,-0.512,-0.5093,-0.5071,-1.1356,-1.258,-1.3889,-1.4534,-1.3662,-1.1241,-0.8884,-0.7061,-0.5254,-0.4299,-0.437,-0.4064,-0.3391,-0.2313,0.0236,0.1562,-0.2892,-0.6462,-0.885,-1.1354,-1.4716,-1.4058,-1.0601,-0.8193,-0.68,-0.6,-0.5559,-0.5332,-0.5222,-0.5165,-0.5127,-0.5094,-0.5063,-0.5033,-0.5008,-0.4989,-1.1166,-1.2425,-1.4168,-1.6724,-1.5958,-1.1459,-0.8319,-0.6203,-0.3043,-0.1605,-0.3409,-0.3422,-0.2751,-0.19,0.0117,0.1692,-0.3507,-0.7447,-0.9417,-1.02,-1.08,-1.0387,-0.8865,-0.7309,-0.6142,-0.5416,-0.5075,-0.4977,-0.4976,-0.4992,-0.4995,-0.4981,-0.4957,-0.4929,-0.4906,-0.4889,-1.0702,-1.188,-1.3706,-1.6205,-1.5247,-1.0612,-0.7924,-0.6976,-0.4779,-0.299,-0.3448,-0.3013,-0.2115,-0.102,-0.1561,-0.3157,-0.6588,-1.1669,-1.3141,-1.094,-0.9388,-0.8365,-0.7275,-0.6084,-0.4985,-0.4327,-0.4254,-0.4462,-0.4671,-0.4799,-0.4852,-0.4855,-0.4833,-0.4803,-0.478,-0.4767,-0.9982,-1.0791,-1.1769,-1.2421,-1.1355,-0.9003,-0.7698,-0.7952,-0.6996,-0.4843,-0.3589,-0.268,-0.1941,-0.0515,-0.1517,-0.4755,-0.8703,-2.0052,-2.0548,-1.2195,-0.8703,-0.7097,-0.6016,-0.4846,-0.3428,-0.2648,-0.3137,-0.3898,-0.4393,-0.4637,-0.4723,-0.4723,-0.4686,-0.4646,-0.462,-0.4615,-0.9155,-0.9564,-0.9874,-0.9787,-0.9013,-0.7913,-0.7317,-0.7423,-0.671,-0.4793,-0.3379,-0.2373,-0.2007,-0.1219,-0.3468,-0.5998,-0.8169,-1.4193,-1.5416,-1.0251,-0.7077,-0.5606,-0.4878,-0.3938,-0.2172,-0.1092,-0.2296,-0.3591,-0.428,-0.4563,-0.4624,-0.4577,-0.4497,-0.4434,-0.4407,-0.4417,-0.8373,-0.8516,-0.8518,-0.8267,-0.7734,-0.7101,-0.6621,-0.6228,-0.5373,-0.4049,-0.3021,-0.246,-0.181,-0.0231,-0.4157,-0.6656,-1.339,-1.0097,-0.8894,-0.6457,-0.3945,-0.3268,-0.367,-0.3617,-0.2633,-0.1894,-0.2799,-0.3878,-0.4441,-0.4609,-0.4546,-0.4383,-0.4221,-0.4124,-0.4109,-0.4157,-0.771,-0.7705,-0.7585,-0.7313,-0.6898,-0.6412,-0.5909,-0.5315,-0.4458,-0.3339,-0.2302,-0.2126,-0.2207,-0.2381,-0.4264,-0.7757,-1.1448,-0.815,-0.57,-0.304,0.0831,0.0056,-0.2457,-0.3569,-0.3748,-0.3757,-0.4181,-0.4668,-0.4859,-0.4749,-0.4438,-0.406,-0.3763,-0.3639,-0.368,-0.3815,-0.7171,-0.7091,-0.6923,-0.6657,-0.6298,-0.5869,-0.5377,-0.4786,-0.405,-0.3181,-0.2407,-0.2382,-0.2355,-0.2446,-0.3592,-0.503,-0.5728,-0.4269,-0.2462,-0.1358,0.1659,0.0647,-0.2188,-0.3799,-0.4717,-0.5336,-0.5708,-0.5736,-0.5453,-0.4923,-0.4204,-0.3455,-0.2956,-0.2868,-0.3076,-0.3387,-0.6741,-0.6623,-0.6439,-0.6184,-0.5862,-0.5478,-0.5035,-0.4526,-0.3957,-0.3383,-0.2945,-0.2715,-0.2414,-0.2319,-0.232,-0.2394,-0.2726,-0.0601,0.2085,-0.0405,-0.0936,-0.151,-0.2945,-0.4436,-0.5888,-0.7195,-0.7634,-0.7069,-0.616,-0.508,-0.3752,-0.2367,-0.1586,-0.1722,-0.2312,-0.2916,-0.6399,-0.6264,-0.6078,-0.5839,-0.5549,-0.5211,-0.4829,-0.4411,-0.3975,-0.356,-0.3215,-0.2931,-0.2617,-0.2028,0.0103,0.1081,-0.1166,-0.0306,0.1054,-0.0405,-0.151,-0.2505,-0.3682,-0.5172,-0.7155,-0.9494,-1.0012,-0.8429,-0.6847,-0.523,-0.3192,-0.088,0.0229,-0.0441,-0.1603,-0.2538,-0.6128,-0.5987,-0.5807,-0.5586,-0.5327,-0.5033,-0.4709,-0.4365,-0.4018,-0.3685,-0.338,-0.3078,-0.268,-0.1884,-0.0169,0.0401,-0.107,-0.1119,-0.0404,-0.0161,-0.16,-0.2931,-0.413,-0.5593,-0.7651,-1.0062,-1.0566,-0.9018,-0.7321,-0.5463,-0.3104,-0.0276,0.1009,0.0027,-0.1386,-0.2432,-0.5912,-0.5773,-0.5602,-0.5401,-0.5171,-0.4915,-0.464,-0.4354,-0.4066,-0.3785,-0.351,-0.3219,-0.285,-0.2305,-0.1642,-0.1432,-0.1714,-0.1673,-0.1198,-0.1165,-0.2252,-0.3402,-0.4342,-0.5569,-0.7381,-0.931,-1.0595,-0.969,-0.7551,-0.5702,-0.3795,-0.1622,-0.0466,-0.0908,-0.1859,-0.2668,-0.574,-0.5606,-0.5448,-0.5266,-0.5062,-0.484,-0.4605,-0.4362,-0.4118,-0.3876,-0.3635,-0.338,-0.3092,-0.2763,-0.246,-0.2322,-0.2327,-0.229,-0.2223,-0.245,-0.3151,-0.3858,-0.424,-0.5181,-0.6946,-0.9282,-1.168,-0.9985,-0.6795,-0.5441,-0.447,-0.3257,-0.2402,-0.2309,-0.2668,-0.3112,-0.5604,-0.5477,-0.5331,-0.5167,-0.4987,-0.4793,-0.459,-0.4382,-0.4173,-0.3966,-0.3759,-0.3549,-0.3334,-0.3122,-0.2947,-0.2848,-0.2819,-0.2832,-0.2919,-0.3192,-0.3665,-0.4002,-0.4029,-0.481,-0.6305,-0.7938,-0.8822,-0.7072,-0.4532,-0.4584,-0.4638,-0.4134,-0.3599,-0.3359,-0.34,-0.3578,-0.5496,-0.5377,-0.5243,-0.5096,-0.4936,-0.4767,-0.4591,-0.4412,-0.4233,-0.4055,-0.3881,-0.3711,-0.3548,-0.3401,-0.3287,-0.322,-0.3206,-0.3247,-0.3367,-0.3592,-0.3889,-0.4103,-0.4267,-0.4846,-0.579,-0.6629,-0.6741,-0.5551,-0.4203,-0.439,-0.4662,-0.4498,-0.42,-0.3989,-0.3922,-0.3963]},{"header":{"la1":42.85,"la2":41.18,"lo1":11.55,"lo2":14.05,"nx":36,"ny":24,"dx":0.07143,"dy":0.07261,"parameterCategory":2,"parameterNumber":3,"parameterNumberName":"northward_wind","parameterUnit":"m.s-1"},"data":[-0.6505,-0.6504,-0.6492,-0.6465,-0.6424,-0.6369,-0.6302,-0.6225,-0.614,-0.6043,-0.5927,-0.5784,-0.5612,-0.5409,-0.5179,-0.493,-0.4675,-0.4427,-0.4201,-0.4008,-0.3857,-0.375,-0.3686,-0.3659,-0.3662,-0.3688,-0.373,-0.3783,-0.3846,-0.3914,-0.3987,-0.4063,-0.4141,-0.4218,-0.4295,-0.437,-0.6588,-0.6595,-0.6587,-0.6561,-0.6515,-0.645,-0.6373,-0.629,-0.6207,-0.6119,-0.6012,-0.5871,-0.5688,-0.5461,-0.5195,-0.49,-0.4591,-0.429,-0.402,-0.3798,-0.363,-0.3521,-0.3465,-0.3455,-0.3478,-0.3523,-0.3584,-0.3656,-0.3735,-0.382,-0.3908,-0.3998,-0.4089,-0.4179,-0.4267,-0.4351,-0.6677,-0.6693,-0.6692,-0.6665,-0.6609,-0.6524,-0.6421,-0.6321,-0.6241,-0.6177,-0.61,-0.5976,-0.579,-0.554,-0.5231,-0.4876,-0.4495,-0.4123,-0.3798,-0.3544,-0.3368,-0.3264,-0.3225,-0.3236,-0.3282,-0.335,-0.3432,-0.3524,-0.3622,-0.3724,-0.3829,-0.3935,-0.4041,-0.4145,-0.4245,-0.434,-0.6769,-0.6801,-0.681,-0.6784,-0.6711,-0.6586,-0.6422,-0.6268,-0.6187,-0.6184,-0.6181,-0.6104,-0.5928,-0.5656,-0.53,-0.4869,-0.4389,-0.3913,-0.3516,-0.3243,-0.3085,-0.3013,-0.2999,-0.3025,-0.3087,-0.3174,-0.3277,-0.3389,-0.3508,-0.3629,-0.3753,-0.3877,-0.3999,-0.4118,-0.4232,-0.4339,-0.6863,-0.6921,-0.6952,-0.6932,-0.6836,-0.6642,-0.6343,-0.6025,-0.591,-0.6067,-0.6249,-0.6269,-0.6117,-0.583,-0.5426,-0.4906,-0.4286,-0.3641,-0.3131,-0.2877,-0.2823,-0.2875,-0.2878,-0.2855,-0.2898,-0.2996,-0.3119,-0.3253,-0.3393,-0.3536,-0.3681,-0.3825,-0.3966,-0.4102,-0.4231,-0.4351,-0.6954,-0.7055,-0.7134,-0.7137,-0.702,-0.6738,-0.6197,-0.5429,-0.514,-0.5748,-0.6336,-0.6506,-0.6382,-0.6086,-0.5649,-0.5043,-0.4241,-0.3312,-0.2573,-0.2395,-0.2527,-0.2878,-0.286,-0.2685,-0.2695,-0.2808,-0.2956,-0.3115,-0.3278,-0.3446,-0.3614,-0.3782,-0.3945,-0.4101,-0.4246,-0.438,-0.7024,-0.7202,-0.7389,-0.7452,-0.7304,-0.6972,-0.6248,-0.4801,-0.4073,-0.5547,-0.6637,-0.6885,-0.6745,-0.6452,-0.6031,-0.5383,-0.4409,-0.315,-0.2098,-0.2017,-0.187,-0.2105,-0.229,-0.23,-0.2421,-0.2597,-0.2783,-0.2971,-0.3162,-0.3357,-0.3555,-0.375,-0.3939,-0.4118,-0.4283,-0.4431,-0.7033,-0.7323,-0.7774,-0.8021,-0.7685,-0.7349,-0.6939,-0.592,-0.5413,-0.6669,-0.7455,-0.7457,-0.72,-0.6946,-0.6668,-0.6087,-0.4984,-0.3543,-0.2344,-0.1562,-0.0016,0.0047,-0.1,-0.1686,-0.2087,-0.2368,-0.2599,-0.2818,-0.3041,-0.3271,-0.3504,-0.3735,-0.3955,-0.4161,-0.4347,-0.4511,-0.6903,-0.7226,-0.8091,-0.8925,-0.7852,-0.7563,-0.7998,-0.8296,-0.8653,-0.9049,-0.8791,-0.816,-0.7672,-0.7543,-0.7764,-0.7503,-0.6023,-0.4237,-0.2588,-0.0346,0.3352,0.2708,0.0101,-0.1199,-0.1801,-0.214,-0.2396,-0.2644,-0.2907,-0.3185,-0.3467,-0.3742,-0.4002,-0.4239,-0.4448,-0.4628,-0.6592,-0.6581,-0.6871,-0.7145,-0.6129,-0.7236,-0.9031,-1.0548,-1.2061,-1.235,-1.048,-0.8808,-0.8015,-0.8051,-0.9526,-1.0414,-0.7211,-0.4751,-0.2966,-0.0783,0.1947,0.1734,-0.0073,-0.1119,-0.1614,-0.1894,-0.2141,-0.2424,-0.275,-0.3098,-0.3448,-0.3784,-0.4093,-0.4367,-0.4601,-0.4794,-0.6254,-0.568,-0.4223,-0.0865,-0.1662,-0.6724,-1.0301,-1.2521,-1.5405,-1.6887,-1.1882,-0.9076,-0.8145,-0.8134,-0.9312,-1.044,-0.6793,-0.4588,-0.3314,-0.2045,-0.0824,-0.0492,-0.0873,-0.1227,-0.1395,-0.1519,-0.1751,-0.2117,-0.2557,-0.3017,-0.3464,-0.3879,-0.4249,-0.4565,-0.4824,-0.5026,-0.6147,-0.5424,-0.379,-0.1106,-0.2215,-0.7876,-1.2356,-1.4663,-1.4894,-1.4786,-1.1102,-0.8759,-0.8218,-0.8845,-0.7987,-0.6326,-0.4696,-0.391,-0.3482,-0.2657,-0.1869,-0.1418,-0.1254,-0.1121,-0.0893,-0.0795,-0.1097,-0.1683,-0.2337,-0.2964,-0.3541,-0.4057,-0.4501,-0.4865,-0.5144,-0.5345,-0.6328,-0.5901,-0.5226,-0.4808,-0.6297,-0.9931,-1.3993,-1.7029,-1.5378,-1.2196,-0.962,-0.8283,-0.7997,-0.9265,-0.7738,-0.3457,-0.2327,-0.4037,-0.4131,-0.2675,-0.1859,-0.1391,-0.1104,-0.0692,0.0076,0.0535,-0.0108,-0.1175,-0.2152,-0.2993,-0.3729,-0.4368,-0.49,-0.531,-0.5599,-0.5779,-0.6632,-0.6543,-0.6542,-0.6967,-0.8292,-1.055,-1.3233,-1.5397,-1.4231,-1.0781,-0.8612,-0.8195,-0.8128,-0.6732,-0.3585,0.194,0.1485,-0.1629,-0.271,-0.1846,-0.1036,-0.0638,-0.0577,-0.0225,0.1011,0.1905,0.0698,-0.0885,-0.2141,-0.318,-0.4092,-0.4882,-0.5518,-0.5971,-0.6241,-0.6363,-0.6893,-0.7,-0.7251,-0.7793,-0.8743,-1.0037,-1.1348,-1.1979,-1.0991,-0.9028,-0.7696,-0.7162,-0.634,-0.5056,-0.1842,0.3606,0.8205,0.1943,-0.0656,-0.0365,0.1105,0.126,0.0327,-0.0047,0.0607,0.1189,0.0253,-0.1138,-0.2406,-0.3587,-0.4707,-0.5704,-0.6475,-0.695,-0.7145,-0.7137,-0.7048,-0.7224,-0.751,-0.7953,-0.8555,-0.9221,-0.9718,-0.97,-0.8947,-0.7804,-0.7038,-0.6902,-0.6443,-0.5179,-0.2635,0.187,0.5657,0.1412,-0.0614,0.1099,0.6062,0.493,0.1434,-0.0008,-0.0214,-0.0206,-0.0698,-0.164,-0.2839,-0.4209,-0.5657,-0.6996,-0.7963,-0.8407,-0.84,-0.8134,-0.7098,-0.7275,-0.7516,-0.7826,-0.8177,-0.8488,-0.8627,-0.8457,-0.7956,-0.7331,-0.6959,-0.6817,-0.6972,-0.6817,-0.4279,-0.2007,-0.098,-0.2211,-0.3039,-0.0001,0.6699,0.5276,0.1352,-0.02,-0.0514,-0.0494,-0.0802,-0.1735,-0.3181,-0.4984,-0.7039,-0.9017,-1.03,-1.0553,-1.0076,-0.9343,-0.7072,-0.722,-0.7399,-0.7598,-0.7789,-0.7918,-0.7919,-0.7748,-0.7428,-0.7073,-0.6814,-0.669,-0.7052,-0.6987,-0.561,-0.4802,-0.4153,-0.5741,-0.8086,-0.3987,-0.0122,0.0732,-0.0202,-0.0677,-0.026,0.0695,0.0692,-0.099,-0.328,-0.5841,-0.8895,-1.2065,-1.3846,-1.3498,-1.2084,-1.0631,-0.6997,-0.711,-0.7233,-0.7353,-0.7447,-0.7485,-0.7436,-0.7289,-0.7066,-0.682,-0.6605,-0.6459,-0.6409,-0.6339,-0.7008,-0.7449,-0.5647,-0.6129,-0.7147,-0.5319,-0.337,-0.2079,-0.1659,-0.1195,0.0359,0.3677,0.4368,0.023,-0.3426,-0.6692,-1.0833,-1.5735,-1.8144,-1.6597,-1.389,-1.1672,-0.6898,-0.6978,-0.7056,-0.7121,-0.7159,-0.7151,-0.7085,-0.6957,-0.6783,-0.6589,-0.6401,-0.6243,-0.614,-0.621,-0.6854,-0.704,-0.5849,-0.5547,-0.5836,-0.5962,-0.4483,-0.3271,-0.2605,-0.1897,-0.0174,0.3915,0.4865,-0.0964,-0.444,-0.7417,-1.1617,-1.7209,-1.9892,-1.7724,-1.4511,-1.2051,-0.6787,-0.684,-0.6885,-0.6915,-0.6918,-0.6887,-0.6814,-0.67,-0.6554,-0.6389,-0.6223,-0.6072,-0.5963,-0.595,-0.6044,-0.5935,-0.5512,-0.5276,-0.5375,-0.5285,-0.4421,-0.3616,-0.3178,-0.2834,-0.2387,-0.2587,-0.5427,-0.5792,-0.6394,-0.8097,-1.0825,-1.4649,-1.6825,-1.5772,-1.3573,-1.164,-0.6675,-0.6706,-0.6728,-0.6734,-0.6717,-0.6673,-0.6598,-0.6494,-0.6365,-0.6221,-0.6072,-0.5929,-0.5806,-0.5715,-0.563,-0.5473,-0.5239,-0.5037,-0.489,-0.461,-0.4044,-0.3455,-0.3275,-0.3458,-0.4034,-0.5913,-0.8729,-0.8044,-0.8501,-0.9208,-1.0039,-1.1689,-1.2984,-1.2902,-1.1916,-1.0755,-0.6566,-0.6581,-0.6586,-0.6576,-0.6547,-0.6496,-0.6422,-0.6325,-0.621,-0.608,-0.5944,-0.5808,-0.5677,-0.5553,-0.542,-0.526,-0.507,-0.4872,-0.4652,-0.4334,-0.3831,-0.321,-0.3059,-0.3636,-0.4594,-0.6058,-0.7535,-0.8971,-1.1316,-1.0865,-1.0009,-1.0196,-1.0697,-1.0799,-1.0421,-0.9803,-0.6464,-0.6467,-0.646,-0.6439,-0.6403,-0.6349,-0.6276,-0.6186,-0.608,-0.5963,-0.5837,-0.5708,-0.5578,-0.5445,-0.5305,-0.515,-0.4979,-0.4792,-0.4576,-0.4298,-0.3927,-0.3534,-0.3472,-0.397,-0.4846,-0.6009,-0.7439,-0.9554,-1.1676,-1.1117,-0.992,-0.9496,-0.9511,-0.9516,-0.9335,-0.8996]}]