docs/data/wind_grid.json
[{"header":{"la1":42.85,"la2":41.18,"lo1":11.55,"lo2":14.05,"nx":36,"ny":24,"dx":0.07143,"dy":0.07261,"parameterCategory":2,"parameterNumber":2,"parameterNumberName":"eastward_wind","parameterUnit":"m.s-1"},"data":[4.0128,4.0095,4.0041,3.9962,3.9856,3.9715,3.9533,3.9298,3.8996,3.8609,3.8125,3.7533,3.6828,3.6012,3.51,3.4125,3.3146,3.2247,3.1517,3.102,3.0767,3.0716,3.0799,3.0948,3.1112,3.1263,3.1385,3.1474,3.1532,3.1563,3.1573,3.1567,3.1551,3.1529,3.1505,3.1482,4.0365,4.0345,4.0303,4.0237,4.0143,4.0016,3.9849,3.9627,3.933,3.8932,3.8412,3.7754,3.6946,3.5981,3.4862,3.3622,3.2339,3.1149,3.0216,2.9661,2.9494,2.962,2.9906,3.0238,3.0548,3.0804,3.0998,3.1136,3.1224,3.1273,3.1293,3.1292,3.1277,3.1255,3.1231,3.1209,4.0614,4.0608,4.058,4.0526,4.0444,4.0332,4.0184,3.9987,3.9708,3.9311,3.8762,3.8038,3.7122,3.5988,3.4615,3.3012,3.1267,2.9598,2.8329,2.7716,2.776,2.8229,2.8856,2.9459,2.996,3.0342,3.0616,3.08,3.0915,3.0978,3.1003,3.1003,3.0986,3.0962,3.0935,3.0912,4.0874,4.0886,4.0871,4.0827,4.0752,4.065,4.0523,4.0361,4.0122,3.9741,3.917,3.8389,3.7372,3.6068,3.4405,3.2324,2.9872,2.7373,2.5495,2.485,2.5386,2.651,2.7684,2.8659,2.939,2.9905,3.0253,3.0477,3.061,3.0679,3.0703,3.0697,3.0674,3.0643,3.0613,3.0587,4.1149,4.1179,4.1179,4.1143,4.1066,4.0957,4.0833,4.0708,4.0535,4.0194,3.9614,3.8792,3.7706,3.6268,3.4328,3.169,2.8219,2.426,2.1189,2.0615,2.2268,2.4565,2.6526,2.7942,2.89,2.9528,2.993,3.0174,3.0312,3.0375,3.0388,3.037,3.0335,3.0294,3.0256,3.0227,4.1438,4.1494,4.1514,4.1485,4.1396,4.1249,4.1076,4.0946,4.086,4.0594,4.0029,3.9212,3.8122,3.6637,3.453,3.1416,2.6782,2.0594,1.5287,1.5057,1.8871,2.286,2.5671,2.7454,2.856,2.9242,2.9655,2.9894,3.0017,3.006,3.0053,3.0014,2.996,2.9905,2.9857,2.9824,4.1744,4.1834,4.1886,4.1877,4.1781,4.1577,4.1283,4.1023,4.0968,4.082,4.0337,3.961,3.8612,3.7205,3.5134,3.1914,2.6704,1.8763,1.1032,1.1259,1.7205,2.2325,2.5483,2.7326,2.841,2.9053,2.9427,2.9629,2.9716,2.9726,2.9686,2.9618,2.9538,2.9463,2.9402,2.9364,4.2064,4.2205,4.231,4.235,4.2284,4.2061,4.1665,4.123,4.1039,4.0893,4.0542,3.9995,3.917,3.7948,3.6117,3.3276,2.8757,2.1994,1.5317,1.5017,1.9527,2.355,2.6065,2.7544,2.8417,2.8931,2.9221,2.936,2.9396,2.9358,2.9274,2.9166,2.9052,2.8952,2.8876,2.8835,4.2393,4.26,4.2788,4.2926,4.2963,4.2818,4.2414,4.1801,4.1205,4.0812,4.0653,4.0391,3.9784,3.8783,3.7269,3.498,3.1658,2.7425,2.3624,2.2529,2.3874,2.5653,2.7004,2.7897,2.8464,2.8809,2.8996,2.9062,2.9035,2.8939,2.8798,2.8637,2.8481,2.8349,2.8257,2.8215,4.2715,4.3003,4.3303,4.3596,4.3837,4.3913,4.3589,4.2482,4.0565,3.9684,4.0471,4.082,4.0418,3.9583,3.8345,3.6404,3.3639,3.0566,2.8116,2.691,2.6803,2.7204,2.7685,2.8094,2.8402,2.8607,2.8707,2.8705,2.8612,2.8446,2.8234,2.8006,2.7794,2.7624,2.7516,2.7478,4.3011,4.3384,4.3811,4.4301,4.485,4.5386,4.5563,4.4126,3.8797,3.636,4.0279,4.1464,4.1009,4.012,3.9172,3.7358,3.4127,3.0427,2.8185,2.7589,2.755,2.7609,2.773,2.791,2.8105,2.8257,2.8319,2.827,2.811,2.7861,2.7555,2.7237,2.695,2.6733,2.6611,2.6591,4.3254,4.37,4.4242,4.4922,4.581,4.7001,4.8498,4.9138,4.398,3.9853,4.2042,4.271,4.1558,3.9767,3.9528,3.8058,3.3185,2.5936,2.3738,2.5707,2.6751,2.6925,2.7001,2.7216,2.7501,2.7731,2.7825,2.7753,2.7521,2.7161,2.6725,2.6277,2.5888,2.5613,2.5485,2.5506,4.3422,4.3914,4.4524,4.5316,4.6405,4.7998,5.0389,5.303,5.0541,4.572,4.4551,4.5073,4.366,3.963,3.9804,3.9083,3.2614,1.7214,1.6457,2.3567,2.5199,2.5124,2.5315,2.5917,2.658,2.7056,2.7255,2.7175,2.6847,2.6327,2.5693,2.5052,2.4516,2.4172,2.4059,2.4166,4.3502,4.4003,4.4619,4.5405,4.6449,4.7882,4.9762,5.1514,5.0216,4.6862,4.58,4.7531,4.783,4.3866,4.2383,4.1828,3.8534,2.5891,2.1968,2.3925,2.2289,2.1177,2.2174,2.3951,2.5436,2.6338,2.6689,2.6583,2.6104,2.5333,2.4388,2.3442,2.2688,2.2268,2.2221,2.2495,4.3497,4.3973,4.4541,4.5227,4.6064,4.7054,4.806,4.8552,4.7746,4.6495,4.6145,4.6276,4.556,4.5042,4.4165,4.6766,5.1675,3.9558,3.0048,2.2217,1.3481,1.2222,1.7047,2.1591,2.4386,2.5786,2.6247,2.6049,2.5324,2.4155,2.27,2.1253,2.0169,1.9688,1.9823,2.0419,4.3417,4.3848,4.4339,4.4896,4.5507,4.6122,4.6605,4.6732,4.6463,4.6332,4.6827,4.6861,4.6377,4.5529,4.503,4.6682,4.9062,4.118,3.1528,1.5886,-0.6661,-0.2839,1.1675,2.0047,2.4008,2.5656,2.6057,2.566,2.4566,2.2778,2.0473,1.817,1.6583,1.6133,1.6705,1.789,4.3281,4.3659,4.4071,4.4511,4.4955,4.5359,4.5654,4.5793,4.5869,4.6155,4.6718,4.6781,4.8103,4.8709,4.5953,4.4787,4.3234,3.9501,3.4092,1.8764,-0.8863,-0.3777,1.2519,2.1064,2.4759,2.6061,2.6176,2.5505,2.3936,2.1236,1.7516,1.373,1.1409,1.129,1.2801,1.4985,4.3107,4.3433,4.3776,4.4127,4.4465,4.4766,4.5007,4.5195,4.5396,4.5698,4.6074,4.6618,4.8419,4.8822,4.6823,4.5681,4.2889,4.0298,4.0287,3.2156,1.8614,1.5405,2.0264,2.4366,2.626,2.6724,2.6522,2.564,2.3576,1.9696,1.3804,0.7575,0.4334,0.524,0.8445,1.2055,4.2908,4.3188,4.3475,4.3761,4.4033,4.4279,4.4496,4.4695,4.491,4.5172,4.5493,4.595,4.6602,4.7044,4.8858,4.9732,4.4404,4.1156,4.0758,3.9319,3.3223,2.8457,2.7537,2.7758,2.7518,2.7086,2.6895,2.5915,2.3505,1.8579,1.0202,0.0871,-0.3141,-0.0462,0.4811,0.9835,4.2694,4.2935,4.3177,4.3414,4.3639,4.3847,4.4039,4.4222,4.4412,4.4621,4.4862,4.5155,4.5533,4.6237,4.8112,4.8482,4.4524,4.2139,4.3957,4.5364,3.9089,3.4576,3.2329,3.0477,2.8403,2.7099,2.6869,2.5668,2.3504,1.8508,0.9167,-0.1591,-0.5865,-0.236,0.3696,0.9185,4.2472,4.2678,4.2882,4.3081,4.3268,4.3443,4.3605,4.3758,4.3909,4.4061,4.422,4.4396,4.4623,4.4996,4.5455,4.5026,4.3298,4.2088,4.2688,4.2714,3.9933,3.7984,3.6478,3.3439,2.9601,2.6564,2.4508,2.4384,2.3535,1.9614,1.1949,0.3193,-0.0834,0.121,0.5821,1.0408,4.2244,4.242,4.2593,4.2758,4.2913,4.3056,4.3186,4.3304,4.3411,4.3507,4.3591,4.3665,4.3732,4.3778,4.3672,4.3142,4.2203,4.1407,4.1083,4.0715,4.049,4.1941,4.2092,3.741,3.136,2.6246,2.3191,2.3797,2.3806,2.1178,1.6087,1.0385,0.7123,0.7423,0.9893,1.2944,4.2015,4.2164,4.2308,4.2444,4.2569,4.2682,4.278,4.2862,4.2926,4.2971,4.299,4.2978,4.2923,4.279,4.2512,4.2019,4.1363,4.0744,4.0327,4.0257,4.1339,4.4605,4.5645,4.0184,3.3423,2.8216,2.5433,2.4962,2.4526,2.2698,1.953,1.6045,1.3687,1.3189,1.4186,1.5914,4.1786,4.1911,4.2029,4.2138,4.2236,4.232,4.2387,4.2436,4.2462,4.2462,4.2428,4.2353,4.222,4.2006,4.1682,4.1236,4.0711,4.0208,3.9865,3.9917,4.0845,4.2669,4.2842,3.9322,3.4476,3.0441,2.7914,2.6648,2.566,2.4176,2.2106,1.9911,1.8263,1.7585,1.7839,1.8712]},{"header":{"la1":42.85,"la2":41.18,"lo1":11.55,"lo2":14.05,"nx":36,"ny":24,"dx":0.07143,"dy":0.07261,"parameterCategory":2,"parameterNumber":3,"parameterNumberName":"northward_wind","parameterUnit":"m.s-1"},"data":[-0.4568,-0.4694,-0.4836,-0.4992,-0.5155,-0.5317,-0.5466,-0.5594,-0.5699,-0.5793,-0.5904,-0.6065,-0.6306,-0.6649,-0.7095,-0.7625,-0.8189,-0.8713,-0.9115,-0.9332,-0.9345,-0.918,-0.889,-0.853,-0.8145,-0.7762,-0.7398,-0.706,-0.6752,-0.6472,-0.622,-0.5993,-0.579,-0.5607,-0.5444,-0.5298,-0.4538,-0.4682,-0.4849,-0.5038,-0.5243,-0.545,-0.5637,-0.5782,-0.5875,-0.5929,-0.5989,-0.6113,-0.6355,-0.6753,-0.7321,-0.804,-0.8842,-0.9607,-1.0184,-1.0458,-1.0402,-1.0085,-0.9613,-0.9082,-0.8552,-0.8055,-0.7604,-0.7201,-0.6842,-0.6525,-0.6244,-0.5995,-0.5775,-0.5581,-0.5409,-0.5257,-0.4494,-0.4657,-0.4855,-0.5089,-0.5356,-0.5637,-0.5898,-0.6087,-0.6166,-0.6145,-0.6102,-0.6141,-0.6353,-0.6802,-0.7525,-0.8516,-0.9693,-1.0862,-1.1736,-1.2074,-1.1852,-1.1245,-1.0473,-0.969,-0.897,-0.8336,-0.7788,-0.7314,-0.6905,-0.6551,-0.6243,-0.5974,-0.574,-0.5535,-0.5356,-0.5199,-0.443,-0.4611,-0.4842,-0.5132,-0.5484,-0.5887,-0.6291,-0.659,-0.6666,-0.6508,-0.6267,-0.6138,-0.6267,-0.6748,-0.7651,-0.9016,-1.0784,-1.2665,-1.4078,-1.4474,-1.3855,-1.2693,-1.1438,-1.0309,-0.9359,-0.8575,-0.7927,-0.7386,-0.693,-0.6542,-0.621,-0.5925,-0.5679,-0.5466,-0.5282,-0.5123,-0.4338,-0.4532,-0.4792,-0.5139,-0.5598,-0.6179,-0.6844,-0.7406,-0.7533,-0.7113,-0.6499,-0.608,-0.6051,-0.652,-0.76,-0.9424,-1.2063,-1.5201,-1.7661,-1.8044,-1.6507,-1.4345,-1.2392,-1.0846,-0.9657,-0.8732,-0.7996,-0.7399,-0.6904,-0.649,-0.614,-0.5842,-0.5589,-0.5372,-0.5186,-0.5028,-0.421,-0.4404,-0.4679,-0.507,-0.5626,-0.6413,-0.7466,-0.8571,-0.89,-0.7979,-0.6739,-0.5903,-0.5639,-0.6028,-0.722,-0.9473,-1.3146,-1.8211,-2.2603,-2.2753,-1.9414,-1.5798,-1.3076,-1.1163,-0.9792,-0.8769,-0.7975,-0.734,-0.682,-0.6389,-0.6027,-0.5723,-0.5466,-0.525,-0.5066,-0.4911,-0.404,-0.4217,-0.4481,-0.4876,-0.5474,-0.6384,-0.7745,-0.9457,-1.0121,-0.8579,-0.6732,-0.5501,-0.495,-0.5174,-0.6349,-0.8793,-1.308,-1.9708,-2.6179,-2.5978,-2.0848,-1.6237,-1.3159,-1.1127,-0.9709,-0.8661,-0.785,-0.7201,-0.6671,-0.6232,-0.5868,-0.5563,-0.531,-0.5098,-0.4921,-0.4773,-0.3829,-0.3967,-0.4185,-0.4531,-0.5078,-0.5932,-0.719,-0.8668,-0.9195,-0.8005,-0.632,-0.4823,-0.3905,-0.3863,-0.4904,-0.7236,-1.1184,-1.6985,-2.2597,-2.2817,-1.8874,-1.5138,-1.2527,-1.0723,-0.9413,-0.8414,-0.7622,-0.6981,-0.6454,-0.6019,-0.5659,-0.5362,-0.5116,-0.4915,-0.475,-0.4614,-0.3584,-0.3661,-0.3798,-0.4037,-0.4449,-0.5136,-0.6181,-0.7427,-0.8278,-0.7988,-0.6225,-0.399,-0.2403,-0.1968,-0.2881,-0.5139,-0.8523,-1.2512,-1.5819,-1.6641,-1.5237,-1.3262,-1.1511,-1.01,-0.8972,-0.8057,-0.7306,-0.6685,-0.6171,-0.5747,-0.5399,-0.5116,-0.4886,-0.4701,-0.4553,-0.4433,-0.3319,-0.3318,-0.3344,-0.3426,-0.3624,-0.4079,-0.5113,-0.7349,-1.096,-1.1859,-0.7489,-0.2991,-0.0211,0.0785,-0.0181,-0.2941,-0.6712,-1.0339,-1.2729,-1.3475,-1.2951,-1.1829,-1.0597,-0.9461,-0.8474,-0.763,-0.6916,-0.6317,-0.582,-0.5414,-0.5086,-0.4825,-0.4619,-0.4457,-0.4331,-0.4233,-0.3055,-0.2969,-0.2868,-0.2754,-0.2644,-0.264,-0.3197,-0.6182,-1.6242,-2.1021,-0.8934,-0.1164,0.2989,0.49,0.3554,-0.0812,-0.6611,-1.1883,-1.4317,-1.3968,-1.2634,-1.1242,-0.9996,-0.8912,-0.7971,-0.7157,-0.6461,-0.5878,-0.54,-0.5018,-0.4719,-0.4489,-0.4316,-0.4186,-0.4089,-0.4018,-0.2816,-0.2653,-0.2434,-0.2124,-0.1666,-0.097,0.0004,0.0068,-0.7732,-1.3574,-0.4938,0.2039,0.6655,1.0771,0.8387,0.088,-0.8841,-1.9151,-2.1494,-1.7161,-1.3437,-1.113,-0.9594,-0.8427,-0.746,-0.6633,-0.5933,-0.5358,-0.4902,-0.4554,-0.4296,-0.4111,-0.3982,-0.3893,-0.3833,-0.3793,-0.2625,-0.2408,-0.2107,-0.1668,-0.0985,0.0154,0.2107,0.4549,0.1988,-0.2043,0.0576,0.6122,0.8608,1.2507,1.0103,0.041,-1.2024,-3.146,-3.1978,-1.9916,-1.3754,-1.0845,-0.9159,-0.7927,-0.6903,-0.603,-0.5306,-0.4736,-0.4312,-0.4015,-0.3819,-0.3698,-0.3628,-0.3591,-0.3573,-0.3567,-0.2495,-0.2254,-0.1926,-0.1462,-0.0776,0.0267,0.1763,0.3249,0.2227,0.0312,0.2214,0.9853,1.1953,0.5904,0.3613,-0.3218,-1.1742,-2.3034,-2.4866,-1.7037,-1.2358,-1.0085,-0.8617,-0.7373,-0.6259,-0.53,-0.4534,-0.3975,-0.3608,-0.3396,-0.3296,-0.3266,-0.3274,-0.3298,-0.3326,-0.3354,-0.2428,-0.2193,-0.1887,-0.1482,-0.0943,-0.0253,0.0496,0.088,0.0262,-0.0628,-0.0392,0.1618,0.1669,-0.3356,-0.1015,-0.8614,-1.5189,-1.3638,-1.3891,-1.2032,-1.0445,-0.9429,-0.8172,-0.6783,-0.5473,-0.4364,-0.3541,-0.3023,-0.2767,-0.2701,-0.275,-0.2851,-0.2959,-0.305,-0.3119,-0.3172,-0.2417,-0.2208,-0.1952,-0.1642,-0.1281,-0.0905,-0.063,-0.0678,-0.1253,-0.2457,-0.4544,-0.377,-0.269,-0.2346,-0.3418,-0.8494,-1.2887,-1.0457,-0.9378,-0.9417,-1.0363,-0.9836,-0.7944,-0.6077,-0.4422,-0.3087,-0.2211,-0.181,-0.177,-0.195,-0.2233,-0.2523,-0.2753,-0.2901,-0.2987,-0.3041,-0.2449,-0.2275,-0.2077,-0.1859,-0.1639,-0.1461,-0.1405,-0.1582,-0.2105,-0.3124,-0.4539,-0.4042,-0.4823,-0.5533,-0.4631,-0.6069,-0.7353,-0.6739,-0.6131,-0.7592,-1.0247,-0.96,-0.7206,-0.4972,-0.2919,-0.1277,-0.0398,-0.0272,-0.0613,-0.1186,-0.1834,-0.2401,-0.2765,-0.2923,-0.2967,-0.2977,-0.2508,-0.2371,-0.2225,-0.2081,-0.1957,-0.1888,-0.1919,-0.2105,-0.2482,-0.3036,-0.3572,-0.4008,-0.54,-0.5874,-0.5174,-0.5465,-0.5449,-0.4134,-0.2657,-0.5,-0.6933,-0.6993,-0.5523,-0.3383,-0.0924,0.1168,0.1947,0.1545,0.0652,-0.0466,-0.1657,-0.2634,-0.3118,-0.3172,-0.3069,-0.2975,-0.2583,-0.2479,-0.2376,-0.2285,-0.2222,-0.2208,-0.227,-0.2431,-0.2697,-0.3046,-0.3433,-0.3903,-0.453,-0.5002,-0.5718,-0.6022,-0.5157,-0.4018,-0.331,-0.4459,-0.5075,-0.4969,-0.3851,-0.1789,0.1039,0.3632,0.4168,0.3247,0.1915,0.0212,-0.1676,-0.3197,-0.3743,-0.3549,-0.3215,-0.2989,-0.2664,-0.2587,-0.2518,-0.2464,-0.2438,-0.2453,-0.2524,-0.2661,-0.2865,-0.3128,-0.3442,-0.3819,-0.4264,-0.4797,-0.5536,-0.5743,-0.506,-0.4527,-0.4628,-0.4798,-0.4472,-0.3861,-0.2685,-0.0723,0.2051,0.4361,0.4769,0.4618,0.321,0.0987,-0.1486,-0.3428,-0.4024,-0.3683,-0.3228,-0.294,-0.2745,-0.2691,-0.2646,-0.2617,-0.2613,-0.2643,-0.2715,-0.2834,-0.3002,-0.3215,-0.3472,-0.3775,-0.4123,-0.4515,-0.4883,-0.4976,-0.4748,-0.4523,-0.4515,-0.4467,-0.3909,-0.2994,-0.1946,-0.0296,0.2439,0.556,0.8406,0.7541,0.474,0.1902,-0.0727,-0.2662,-0.3399,-0.3287,-0.2987,-0.2778,-0.2823,-0.2785,-0.2758,-0.2746,-0.2756,-0.2793,-0.2862,-0.2967,-0.3108,-0.3285,-0.3494,-0.3732,-0.3991,-0.4249,-0.4449,-0.4511,-0.4431,-0.4294,-0.4143,-0.3827,-0.3087,-0.2135,-0.1613,-0.0478,0.2386,0.6793,1.0822,0.9151,0.551,0.252,0.0151,-0.1521,-0.2368,-0.2598,-0.2579,-0.2532,-0.2895,-0.287,-0.2855,-0.2854,-0.2872,-0.2912,-0.2976,-0.3068,-0.3187,-0.3332,-0.3499,-0.3683,-0.387,-0.4041,-0.4161,-0.4199,-0.4143,-0.4003,-0.3757,-0.3303,-0.2528,-0.1742,-0.1602,-0.0836,0.1566,0.4939,0.7389,0.6862,0.4659,0.2435,0.0606,-0.0735,-0.1565,-0.1986,-0.2177,-0.2278,-0.296,-0.2944,-0.2938,-0.2944,-0.2966,-0.3005,-0.3064,-0.3144,-0.3243,-0.3361,-0.3492,-0.363,-0.3764,-0.3877,-0.3949,-0.3958,-0.3892,-0.3737,-0.3462,-0.3019,-0.2404,-0.1843,-0.1546,-0.0859,0.072,0.2712,0.4106,0.4152,0.316,0.1837,0.0591,-0.0413,-0.113,-0.1594,-0.1883,-0.2073]}]