docs/data/wind_grid.json
[{"header":{"la1":42.85,"la2":41.18,"lo1":11.55,"lo2":14.05,"nx":36,"ny":24,"dx":0.07143,"dy":0.07261,"parameterCategory":2,"parameterNumber":2,"parameterNumberName":"eastward_wind","parameterUnit":"m.s-1"},"data":[-0.643,-0.6492,-0.655,-0.6603,-0.6647,-0.6675,-0.6675,-0.6635,-0.6548,-0.6417,-0.6261,-0.6107,-0.5978,-0.5893,-0.586,-0.5875,-0.5923,-0.5981,-0.602,-0.6017,-0.5961,-0.5857,-0.5719,-0.5564,-0.5405,-0.5251,-0.5107,-0.4977,-0.4861,-0.4758,-0.4669,-0.4591,-0.4523,-0.4464,-0.4414,-0.437,-0.6564,-0.6643,-0.6721,-0.6799,-0.6875,-0.6939,-0.6973,-0.6949,-0.6845,-0.6664,-0.6437,-0.6212,-0.6032,-0.5923,-0.5898,-0.5952,-0.6064,-0.6193,-0.6289,-0.6308,-0.6234,-0.6085,-0.5892,-0.5682,-0.5477,-0.5287,-0.5117,-0.4967,-0.4837,-0.4725,-0.4629,-0.4547,-0.4478,-0.4418,-0.4368,-0.4325,-0.671,-0.6807,-0.6909,-0.7019,-0.714,-0.7267,-0.7371,-0.7396,-0.7281,-0.7018,-0.6669,-0.6326,-0.6063,-0.5919,-0.5908,-0.6026,-0.6246,-0.6503,-0.6701,-0.675,-0.6631,-0.6393,-0.6105,-0.5815,-0.5549,-0.5314,-0.5113,-0.4942,-0.4798,-0.4678,-0.4577,-0.4493,-0.4423,-0.4365,-0.4316,-0.4275,-0.6868,-0.6986,-0.7112,-0.7256,-0.7437,-0.7665,-0.7912,-0.8067,-0.7967,-0.7555,-0.6978,-0.6438,-0.6049,-0.5853,-0.5862,-0.6077,-0.6479,-0.6974,-0.7368,-0.7455,-0.7216,-0.6799,-0.6353,-0.5948,-0.5605,-0.532,-0.5087,-0.4896,-0.4741,-0.4614,-0.4512,-0.4428,-0.4359,-0.4303,-0.4257,-0.4218,-0.7043,-0.7183,-0.7329,-0.7501,-0.774,-0.8107,-0.8621,-0.9109,-0.911,-0.839,-0.7371,-0.6511,-0.5949,-0.5686,-0.5716,-0.606,-0.6745,-0.7686,-0.8486,-0.86,-0.8047,-0.7285,-0.66,-0.6052,-0.5625,-0.5291,-0.5028,-0.4822,-0.4659,-0.4531,-0.443,-0.4349,-0.4284,-0.4233,-0.419,-0.4156,-0.7243,-0.741,-0.7571,-0.7746,-0.8006,-0.8492,-0.9397,-1.0623,-1.0985,-0.9564,-0.7736,-0.645,-0.5703,-0.5367,-0.5403,-0.5874,-0.6917,-0.8597,-1.0225,-1.0288,-0.9029,-0.7727,-0.6763,-0.6079,-0.558,-0.5208,-0.4927,-0.4712,-0.455,-0.4425,-0.433,-0.4257,-0.4199,-0.4154,-0.4117,-0.4089,-0.7478,-0.7689,-0.7872,-0.8021,-0.8208,-0.8645,-0.975,-1.1834,-1.2835,-1.0327,-0.7663,-0.6104,-0.5253,-0.4846,-0.484,-0.5359,-0.6652,-0.9014,-1.165,-1.1572,-0.9533,-0.7838,-0.6727,-0.5979,-0.5448,-0.5058,-0.4771,-0.456,-0.4407,-0.4295,-0.4212,-0.415,-0.4103,-0.4067,-0.4038,-0.4016,-0.7759,-0.806,-0.831,-0.8436,-0.8441,-0.8531,-0.9122,-1.0513,-1.1081,-0.8919,-0.6735,-0.5413,-0.4599,-0.41,-0.394,-0.4363,-0.5651,-0.7848,-1.0134,-1.0277,-0.8798,-0.7431,-0.6449,-0.5738,-0.5214,-0.4829,-0.4553,-0.436,-0.4229,-0.4139,-0.4077,-0.4032,-0.3999,-0.3973,-0.3954,-0.3939,-0.8077,-0.855,-0.9001,-0.9222,-0.8997,-0.8506,-0.816,-0.7988,-0.7445,-0.635,-0.5367,-0.456,-0.3833,-0.3165,-0.2582,-0.2723,-0.4191,-0.615,-0.7662,-0.8081,-0.758,-0.6788,-0.6026,-0.5385,-0.4881,-0.4512,-0.4263,-0.4106,-0.4014,-0.396,-0.3927,-0.3905,-0.3888,-0.3875,-0.3865,-0.3858,-0.8376,-0.9104,-0.9992,-1.0676,-1.0274,-0.8947,-0.7767,-0.6584,-0.4987,-0.409,-0.416,-0.3799,-0.308,-0.2232,-0.0812,-0.0172,-0.2953,-0.5569,-0.6999,-0.734,-0.698,-0.6311,-0.5592,-0.495,-0.4442,-0.409,-0.3887,-0.3794,-0.3765,-0.3763,-0.3768,-0.3773,-0.3775,-0.3775,-0.3774,-0.3775,-0.8536,-0.9479,-1.087,-1.2433,-1.2041,-0.9604,-0.806,-0.6598,-0.3184,-0.1615,-0.3425,-0.3268,-0.2322,-0.1432,-0.0586,-0.0051,-0.3559,-0.7013,-0.8528,-0.8163,-0.712,-0.6067,-0.5162,-0.4424,-0.3866,-0.3526,-0.3403,-0.3421,-0.349,-0.356,-0.3612,-0.3645,-0.3663,-0.3674,-0.3681,-0.3689,-0.8445,-0.936,-1.069,-1.2143,-1.1709,-0.9587,-0.8935,-0.8903,-0.5885,-0.3368,-0.3756,-0.3024,-0.1526,0.0243,-0.0318,-0.2557,-0.6435,-1.1996,-1.3307,-1.0284,-0.7578,-0.5813,-0.4635,-0.3762,-0.3101,-0.2761,-0.2789,-0.3,-0.3215,-0.3373,-0.3472,-0.3528,-0.3557,-0.3574,-0.3586,-0.36,-0.8116,-0.8782,-0.9568,-1.0128,-0.9784,-0.9124,-0.9636,-1.1089,-0.9479,-0.6102,-0.4302,-0.3123,-0.181,0.1155,0.0533,-0.3608,-0.9194,-2.0359,-2.0533,-1.1989,-0.7409,-0.5133,-0.389,-0.2994,-0.2167,-0.1774,-0.2086,-0.2603,-0.2995,-0.3235,-0.3366,-0.3429,-0.3458,-0.3472,-0.3486,-0.3504,-0.767,-0.8079,-0.8458,-0.8645,-0.8554,-0.8551,-0.9142,-1.0073,-0.9082,-0.6325,-0.4501,-0.3316,-0.2891,-0.1985,-0.2399,-0.5526,-0.969,-1.5369,-1.579,-0.9671,-0.5528,-0.3596,-0.2861,-0.2333,-0.1486,-0.0992,-0.1613,-0.2403,-0.2911,-0.3182,-0.3307,-0.3351,-0.3358,-0.336,-0.3372,-0.3396,-0.7216,-0.7452,-0.7637,-0.7722,-0.7727,-0.7787,-0.7987,-0.8011,-0.7153,-0.5771,-0.489,-0.4246,-0.34,-0.2989,-0.3916,-0.8723,-1.3513,-1.0229,-0.8332,-0.4945,-0.1668,-0.0828,-0.1465,-0.1887,-0.165,-0.137,-0.1886,-0.2582,-0.3026,-0.3236,-0.3295,-0.3276,-0.3238,-0.3218,-0.323,-0.3269,-0.6805,-0.6936,-0.7025,-0.7057,-0.7044,-0.7013,-0.6934,-0.6652,-0.6057,-0.5507,-0.5651,-0.5662,-0.4754,-0.3741,-0.448,-0.7925,-1.1147,-0.7473,-0.4316,-0.0788,0.3785,0.2959,0.0042,-0.15,-0.2078,-0.2311,-0.2685,-0.3093,-0.333,-0.3382,-0.3302,-0.3166,-0.3051,-0.3009,-0.3039,-0.3112,-0.6443,-0.6509,-0.654,-0.6529,-0.6474,-0.6371,-0.6194,-0.5901,-0.5531,-0.5322,-0.5523,-0.5198,-0.435,-0.3942,-0.3894,-0.4575,-0.4886,-0.3015,-0.0911,0.0873,0.4625,0.3587,0.0452,-0.1435,-0.2534,-0.3231,-0.3653,-0.3815,-0.3775,-0.3583,-0.3277,-0.2943,-0.2718,-0.2679,-0.2776,-0.2922,-0.6129,-0.6151,-0.6143,-0.6098,-0.6012,-0.5878,-0.5686,-0.5436,-0.5172,-0.4977,-0.4833,-0.448,-0.397,-0.3616,-0.2281,-0.1565,-0.1572,0.0526,0.2584,0.1384,0.1628,0.1249,-0.0227,-0.1807,-0.327,-0.4458,-0.4924,-0.4726,-0.4318,-0.3805,-0.3163,-0.2502,-0.2135,-0.2188,-0.2448,-0.272,-0.5856,-0.5847,-0.5812,-0.5745,-0.5642,-0.5498,-0.5313,-0.5093,-0.4859,-0.4628,-0.4365,-0.3983,-0.3419,-0.2241,0.0943,0.2181,0.0132,0.1074,0.2333,0.211,0.1298,0.0447,-0.0666,-0.2196,-0.412,-0.5989,-0.6403,-0.5661,-0.4891,-0.405,-0.2997,-0.1865,-0.1349,-0.1638,-0.2148,-0.2563,-0.5617,-0.5588,-0.5534,-0.5453,-0.5341,-0.5196,-0.5018,-0.4813,-0.4584,-0.4328,-0.4015,-0.3579,-0.2886,-0.1561,0.0768,0.1552,0.0404,0.0973,0.2948,0.3739,0.1829,0.0678,-0.0393,-0.2077,-0.4366,-0.641,-0.6799,-0.6317,-0.5446,-0.4379,-0.3067,-0.1616,-0.1006,-0.1443,-0.207,-0.2534,-0.5409,-0.5364,-0.5299,-0.5209,-0.5093,-0.4949,-0.4777,-0.4578,-0.435,-0.4084,-0.3754,-0.3313,-0.2679,-0.1759,-0.0702,-0.0167,-0.0026,0.0688,0.2014,0.2492,0.185,0.1673,0.1074,-0.0998,-0.3881,-0.6442,-0.8253,-0.7609,-0.6002,-0.4775,-0.3581,-0.2335,-0.1712,-0.1893,-0.2311,-0.2663,-0.5227,-0.5172,-0.5098,-0.5003,-0.4885,-0.4743,-0.4576,-0.4382,-0.4158,-0.3895,-0.3574,-0.3171,-0.2656,-0.2035,-0.1407,-0.0913,-0.047,0.0157,0.0914,0.1514,0.2416,0.4395,0.4772,0.1323,-0.2933,-0.6736,-0.97,-0.8249,-0.5941,-0.4988,-0.4175,-0.3295,-0.2721,-0.2598,-0.2719,-0.289,-0.5067,-0.5005,-0.4926,-0.4828,-0.471,-0.4571,-0.4409,-0.4222,-0.4006,-0.3754,-0.3457,-0.3103,-0.2686,-0.2222,-0.1749,-0.1296,-0.0828,-0.0276,0.0388,0.1308,0.3179,0.666,0.7686,0.3157,-0.1717,-0.5197,-0.6952,-0.6225,-0.5134,-0.4971,-0.451,-0.3882,-0.3394,-0.315,-0.3092,-0.3125,-0.4926,-0.486,-0.4778,-0.4679,-0.4562,-0.4427,-0.427,-0.4091,-0.3886,-0.3652,-0.3382,-0.3073,-0.2725,-0.2347,-0.1954,-0.1549,-0.1113,-0.0608,0.003,0.0978,0.2586,0.4722,0.5069,0.2254,-0.1208,-0.3751,-0.5037,-0.5166,-0.5004,-0.4915,-0.4562,-0.4104,-0.3721,-0.3474,-0.3352,-0.3311]},{"header":{"la1":42.85,"la2":41.18,"lo1":11.55,"lo2":14.05,"nx":36,"ny":24,"dx":0.07143,"dy":0.07261,"parameterCategory":2,"parameterNumber":3,"parameterNumberName":"northward_wind","parameterUnit":"m.s-1"},"data":[-0.6942,-0.6922,-0.6892,-0.685,-0.6798,-0.6738,-0.6674,-0.6612,-0.6555,-0.6498,-0.643,-0.6336,-0.6207,-0.6038,-0.583,-0.5592,-0.5343,-0.5109,-0.4915,-0.4783,-0.472,-0.4714,-0.475,-0.481,-0.488,-0.4952,-0.5024,-0.5093,-0.5159,-0.5223,-0.5284,-0.5343,-0.54,-0.5455,-0.5508,-0.5557,-0.6986,-0.6966,-0.6933,-0.6884,-0.6818,-0.6738,-0.6655,-0.6582,-0.6529,-0.6492,-0.6449,-0.6372,-0.6242,-0.605,-0.5795,-0.5489,-0.5155,-0.4835,-0.4579,-0.4425,-0.438,-0.4421,-0.4511,-0.462,-0.4731,-0.4835,-0.493,-0.5017,-0.5098,-0.5173,-0.5245,-0.5313,-0.5378,-0.5441,-0.55,-0.5555,-0.7031,-0.7011,-0.6974,-0.6915,-0.6827,-0.6711,-0.6585,-0.6482,-0.6434,-0.644,-0.6454,-0.6419,-0.6301,-0.6086,-0.5773,-0.537,-0.4905,-0.4442,-0.408,-0.3899,-0.3908,-0.4042,-0.4226,-0.4411,-0.4575,-0.4717,-0.4838,-0.4944,-0.5039,-0.5127,-0.5209,-0.5287,-0.5361,-0.5432,-0.5498,-0.556,-0.7073,-0.7055,-0.7018,-0.6948,-0.6829,-0.665,-0.6429,-0.6241,-0.6189,-0.629,-0.6429,-0.6484,-0.6399,-0.6166,-0.5785,-0.525,-0.4578,-0.386,-0.3299,-0.3094,-0.3242,-0.3565,-0.3905,-0.4195,-0.4425,-0.4606,-0.4753,-0.4878,-0.4987,-0.5086,-0.518,-0.5268,-0.5351,-0.543,-0.5504,-0.5572,-0.7109,-0.7095,-0.7063,-0.6992,-0.6843,-0.6567,-0.6152,-0.573,-0.5624,-0.595,-0.6369,-0.6589,-0.656,-0.6316,-0.5866,-0.5174,-0.4196,-0.3008,-0.2031,-0.1827,-0.2327,-0.3012,-0.3584,-0.4001,-0.4297,-0.4514,-0.4682,-0.4821,-0.4942,-0.5053,-0.5157,-0.5255,-0.5349,-0.5437,-0.552,-0.5595,-0.7129,-0.7119,-0.7101,-0.705,-0.6902,-0.6536,-0.58,-0.48,-0.4463,-0.5352,-0.6337,-0.679,-0.6816,-0.6565,-0.607,-0.5246,-0.3906,-0.1946,-0.0106,-0.0001,-0.1273,-0.2515,-0.3347,-0.387,-0.421,-0.4448,-0.4627,-0.4776,-0.4906,-0.5027,-0.5142,-0.5252,-0.5357,-0.5456,-0.5548,-0.5631,-0.712,-0.7103,-0.7098,-0.7101,-0.704,-0.6718,-0.5765,-0.3966,-0.3124,-0.4985,-0.6616,-0.7187,-0.7191,-0.6929,-0.6451,-0.5612,-0.4081,-0.1449,0.1453,0.1376,-0.0739,-0.2364,-0.3299,-0.384,-0.4178,-0.4411,-0.459,-0.4741,-0.4879,-0.501,-0.5137,-0.526,-0.5379,-0.549,-0.5592,-0.5683,-0.7064,-0.7004,-0.6977,-0.704,-0.7188,-0.7209,-0.6676,-0.5315,-0.4706,-0.636,-0.7594,-0.7838,-0.7668,-0.7393,-0.7035,-0.6362,-0.5003,-0.2702,-0.0217,-0.0033,-0.1519,-0.2739,-0.3468,-0.3905,-0.4191,-0.4398,-0.4566,-0.4716,-0.4859,-0.5001,-0.5142,-0.5282,-0.5417,-0.5543,-0.5657,-0.5757,-0.6956,-0.6778,-0.66,-0.6612,-0.705,-0.7751,-0.8217,-0.8336,-0.8668,-0.9234,-0.916,-0.8637,-0.8155,-0.7893,-0.784,-0.7514,-0.6308,-0.46,-0.3096,-0.2564,-0.2874,-0.3351,-0.3731,-0.4009,-0.4221,-0.4395,-0.4548,-0.4695,-0.4844,-0.5,-0.5161,-0.5322,-0.5478,-0.5622,-0.575,-0.5858,-0.6831,-0.6448,-0.5867,-0.5401,-0.6069,-0.7923,-0.9615,-1.0952,-1.242,-1.275,-1.0974,-0.9346,-0.8515,-0.8295,-0.8834,-0.9168,-0.7359,-0.5619,-0.4483,-0.3895,-0.3727,-0.3781,-0.3919,-0.4079,-0.4239,-0.4389,-0.453,-0.4675,-0.4832,-0.5007,-0.5195,-0.5386,-0.557,-0.5737,-0.5881,-0.5997,-0.678,-0.6217,-0.5128,-0.3623,-0.4203,-0.7902,-1.0885,-1.2791,-1.5601,-1.7009,-1.2356,-0.9626,-0.868,-0.8517,-0.8857,-0.9229,-0.7197,-0.5535,-0.4646,-0.419,-0.3962,-0.3895,-0.3948,-0.4078,-0.4237,-0.4385,-0.4517,-0.4655,-0.4823,-0.5025,-0.5251,-0.5484,-0.5706,-0.5903,-0.6064,-0.6186,-0.6896,-0.6385,-0.538,-0.4,-0.4793,-0.8969,-1.2499,-1.4268,-1.4788,-1.4972,-1.1525,-0.9286,-0.8732,-0.92,-0.8647,-0.7401,-0.5868,-0.4609,-0.4148,-0.395,-0.379,-0.3732,-0.3814,-0.4015,-0.4253,-0.4427,-0.4528,-0.4639,-0.4815,-0.5056,-0.534,-0.5634,-0.5909,-0.6143,-0.6321,-0.6442,-0.7158,-0.6914,-0.6549,-0.6423,-0.7666,-1.0546,-1.367,-1.5865,-1.4687,-1.2219,-0.9956,-0.8843,-0.8522,-0.9481,-0.8754,-0.613,-0.4248,-0.3777,-0.375,-0.3528,-0.3342,-0.3309,-0.3513,-0.3917,-0.4375,-0.4608,-0.4595,-0.4624,-0.4805,-0.5108,-0.548,-0.5867,-0.6217,-0.6494,-0.6684,-0.6791,-0.7444,-0.7455,-0.7557,-0.7994,-0.911,-1.0923,-1.3009,-1.4637,-1.3677,-1.0703,-0.8764,-0.8866,-0.8851,-0.6203,-0.6057,-0.3143,-0.0624,-0.2339,-0.307,-0.284,-0.2501,-0.2483,-0.2954,-0.372,-0.4552,-0.4889,-0.4663,-0.4577,-0.4784,-0.5194,-0.5708,-0.6235,-0.669,-0.7017,-0.7201,-0.7262,-0.7653,-0.7798,-0.8062,-0.8549,-0.9339,-1.0371,-1.1378,-1.1792,-1.0775,-0.8744,-0.7268,-0.6812,-0.5658,-0.236,-0.3971,0.2553,1.0265,0.1798,-0.163,-0.1725,-0.0709,-0.0786,-0.1975,-0.3198,-0.4196,-0.4617,-0.4443,-0.4407,-0.4732,-0.5333,-0.6081,-0.6831,-0.7438,-0.7808,-0.7939,-0.7895,-0.7754,-0.7934,-0.8199,-0.8576,-0.906,-0.9561,-0.9878,-0.9692,-0.8731,-0.7137,-0.5529,-0.527,-0.547,-0.4903,-0.3832,0.1554,0.6765,0.1035,-0.1855,-0.0701,0.2991,0.2113,-0.0817,-0.2487,-0.3332,-0.369,-0.3772,-0.4003,-0.4608,-0.5548,-0.6691,-0.7814,-0.8641,-0.9012,-0.8981,-0.8719,-0.7762,-0.7926,-0.8134,-0.8384,-0.8645,-0.8839,-0.8842,-0.8509,-0.776,-0.6675,-0.5632,-0.5793,-0.7032,-0.7522,-0.5415,-0.3237,-0.199,-0.3497,-0.4543,-0.1889,0.3383,0.2354,-0.0717,-0.2108,-0.2497,-0.2481,-0.2601,-0.3228,-0.4347,-0.5856,-0.7663,-0.9438,-1.0592,-1.082,-1.0391,-0.9724,-0.7706,-0.7835,-0.7981,-0.8129,-0.8249,-0.8289,-0.8185,-0.7882,-0.7385,-0.6806,-0.641,-0.6555,-0.7574,-0.783,-0.6898,-0.6364,-0.5623,-0.7143,-0.9297,-0.5445,-0.1936,-0.1128,-0.18,-0.2093,-0.158,-0.0572,-0.0473,-0.1914,-0.393,-0.6248,-0.9071,-1.1989,-1.3611,-1.3328,-1.2089,-1.0793,-0.7615,-0.7707,-0.7799,-0.7877,-0.7917,-0.789,-0.7765,-0.7531,-0.7215,-0.6896,-0.6702,-0.6755,-0.7047,-0.7397,-0.874,-0.9377,-0.7175,-0.7368,-0.8201,-0.6151,-0.4428,-0.3253,-0.2757,-0.2171,-0.0603,0.2374,0.2985,-0.0456,-0.3626,-0.6635,-1.057,-1.5127,-1.7287,-1.5963,-1.3601,-1.1634,-0.7506,-0.7568,-0.762,-0.7653,-0.7651,-0.7597,-0.7482,-0.7307,-0.7096,-0.6898,-0.6775,-0.6776,-0.693,-0.7376,-0.8515,-0.883,-0.7259,-0.6531,-0.613,-0.595,-0.5056,-0.3976,-0.3243,-0.2457,-0.0791,0.2688,0.3467,-0.1137,-0.4041,-0.6811,-1.0966,-1.6344,-1.8792,-1.6892,-1.4059,-1.1871,-0.7393,-0.743,-0.7455,-0.746,-0.7437,-0.7376,-0.7275,-0.7141,-0.699,-0.6851,-0.6756,-0.6733,-0.6811,-0.7036,-0.7358,-0.7298,-0.6686,-0.6136,-0.5838,-0.5589,-0.4804,-0.3867,-0.3297,-0.2929,-0.2405,-0.2334,-0.4366,-0.4616,-0.5057,-0.6668,-0.965,-1.3717,-1.5938,-1.504,-1.3088,-1.1376,-0.7283,-0.7302,-0.7308,-0.7297,-0.7262,-0.7201,-0.7114,-0.7006,-0.6888,-0.6778,-0.6693,-0.6647,-0.665,-0.6694,-0.6713,-0.6567,-0.6227,-0.5838,-0.5475,-0.5,-0.414,-0.3067,-0.2714,-0.3085,-0.3556,-0.4799,-0.6786,-0.6065,-0.5716,-0.6352,-0.7939,-1.0312,-1.2013,-1.2168,-1.1391,-1.042,-0.7178,-0.7184,-0.7178,-0.7157,-0.7117,-0.7058,-0.6981,-0.6889,-0.679,-0.6694,-0.661,-0.6543,-0.6493,-0.6444,-0.6358,-0.6189,-0.5924,-0.559,-0.5186,-0.4608,-0.366,-0.2416,-0.2109,-0.2999,-0.3891,-0.4839,-0.5647,-0.5781,-0.5921,-0.6069,-0.6866,-0.8231,-0.9417,-0.9916,-0.9805,-0.9395,-0.7082,-0.7078,-0.7063,-0.7036,-0.6994,-0.6937,-0.6867,-0.6785,-0.6697,-0.6608,-0.6522,-0.644,-0.6359,-0.6267,-0.6143,-0.5967,-0.5728,-0.5425,-0.5036,-0.4504,-0.3762,-0.2963,-0.2769,-0.3344,-0.4069,-0.4738,-0.529,-0.5699,-0.5934,-0.6005,-0.645,-0.7245,-0.8021,-0.8499,-0.8632,-0.8524]}]