docs/data/wind_grid.json
[{"header":{"la1":42.85,"la2":41.18,"lo1":11.55,"lo2":14.05,"nx":36,"ny":24,"dx":0.07143,"dy":0.07261,"parameterCategory":2,"parameterNumber":2,"parameterNumberName":"eastward_wind","parameterUnit":"m.s-1"},"data":[3.0738,3.1105,3.1517,3.1963,3.2419,3.2848,3.3196,3.3408,3.3447,3.3315,3.3048,3.2708,3.235,3.2011,3.1709,3.1446,3.1216,3.1007,3.0802,3.0588,3.0354,3.0098,2.9822,2.9534,2.9241,2.8949,2.8665,2.839,2.8128,2.788,2.7647,2.7429,2.7227,2.7041,2.687,2.6715,3.0762,3.1193,3.1699,3.2275,3.2898,3.3516,3.4043,3.4375,3.4432,3.4208,3.3784,3.3273,3.277,3.2329,3.1963,3.1667,3.1426,3.1219,3.1018,3.0801,3.0549,3.0261,2.9946,2.9616,2.9282,2.8954,2.8637,2.8335,2.805,2.7783,2.7533,2.7302,2.7088,2.6893,2.6715,2.6555,3.072,3.1214,3.1826,3.2566,3.3423,3.434,3.5183,3.5749,3.5845,3.5447,3.473,3.3934,3.3219,3.2645,3.2208,3.1884,3.1644,3.1455,3.1276,3.1063,3.0788,3.0454,3.0083,2.9697,2.9313,2.8942,2.8589,2.8258,2.7948,2.766,2.7394,2.7149,2.6924,2.672,2.6536,2.6372,3.0583,3.1127,3.1842,3.2772,3.3943,3.5324,3.6743,3.7802,3.8006,3.724,3.5954,3.4678,3.3664,3.2935,3.2433,3.2094,3.1871,3.1726,3.16,3.1405,3.1091,3.0682,3.0228,2.9768,2.9324,2.8904,2.8512,2.8149,2.7815,2.7507,2.7225,2.6966,2.6731,2.6519,2.633,2.6162,3.0318,3.0876,3.1666,3.2779,3.4319,3.6366,3.8816,4.0984,4.1506,3.989,3.7459,3.5422,3.4039,3.3169,3.2631,3.2297,3.2107,3.2041,3.2023,3.1867,3.1473,3.0934,3.0363,2.9812,2.9299,2.8827,2.8395,2.8002,2.7645,2.7318,2.7021,2.675,2.6505,2.6286,2.6091,2.5921,2.9892,3.0401,3.1191,3.2413,3.4282,3.7086,4.1093,4.5609,4.7068,4.3444,3.8931,3.5934,3.4241,3.3321,3.2817,3.2518,3.2351,3.2369,3.2541,3.2444,3.1885,3.1155,3.0446,2.98,2.9218,2.8695,2.8227,2.7808,2.743,2.7088,2.6777,2.6495,2.6241,2.6014,2.5816,2.5645,2.9286,2.9647,3.0305,3.1476,3.3465,3.6716,4.1964,4.9314,5.2398,4.5809,3.9342,3.5882,3.4187,3.3403,3.3054,3.283,3.2624,3.2595,3.2886,3.2834,3.2105,3.1227,3.0419,2.9699,2.9059,2.8494,2.7995,2.7555,2.7163,2.681,2.6488,2.6196,2.5933,2.57,2.5497,2.5326,2.8506,2.8586,2.8912,2.9794,3.1616,3.4693,3.9352,4.5375,4.773,4.2742,3.7905,3.521,3.3915,3.3494,3.3503,3.3438,3.308,3.2731,3.2691,3.2548,3.1909,3.1077,3.0254,2.9491,2.8805,2.8204,2.7685,2.7235,2.6838,2.6479,2.615,2.5848,2.5574,2.5333,2.5127,2.4959,2.7615,2.7255,2.6959,2.7209,2.8725,3.157,3.5019,3.8176,3.9438,3.8257,3.6149,3.439,3.3556,3.3691,3.4512,3.4829,3.3997,3.3118,3.2602,3.2188,3.1591,3.0818,2.9984,2.9175,2.844,2.7808,2.7281,2.6838,2.6449,2.6093,2.5757,2.5443,2.5156,2.4905,2.4695,2.4531,2.6759,2.5854,2.458,2.3576,2.4801,2.8341,3.1761,3.4724,3.7639,3.8385,3.591,3.3785,3.3109,3.3816,3.6397,3.7757,3.5209,3.3716,3.2996,3.2321,3.1515,3.0606,2.9663,2.8753,2.7939,2.7274,2.6763,2.6357,2.5998,2.5651,2.5307,2.4973,2.4665,2.4399,2.4185,2.4028,2.6157,2.4857,2.2662,1.9931,2.0765,2.5937,2.9548,3.2833,4.0467,4.41,3.6497,3.3072,3.2484,3.322,3.5849,3.778,3.5165,3.4434,3.4074,3.3035,3.1727,3.0471,2.9298,2.8202,2.7251,2.6549,2.6104,2.5792,2.5494,2.516,2.4795,2.4425,2.4082,2.3792,2.3573,2.343,2.5968,2.4736,2.2736,2.0368,2.1245,2.5571,2.7594,2.8288,3.4148,3.8726,3.4022,3.1839,3.1925,3.3069,3.3189,3.3642,3.4415,3.6765,3.7075,3.4453,3.2065,3.0317,2.8861,2.7491,2.6288,2.5543,2.5284,2.5171,2.4964,2.4629,2.4212,2.3773,2.337,2.3046,2.2825,2.2709,2.6125,2.5305,2.427,2.3564,2.4404,2.613,2.6386,2.5092,2.6957,3.0367,3.0618,3.0912,3.1199,3.3136,3.2582,3.1895,3.4278,4.2085,4.2165,3.5573,3.2025,3.0009,2.8387,2.6688,2.5021,2.4211,2.4375,2.4579,2.4452,2.4062,2.3531,2.2969,2.2469,2.2097,2.1884,2.1823,2.6408,2.5969,2.5574,2.5488,2.5914,2.6435,2.6356,2.5782,2.6397,2.7701,2.8334,3.1143,3.1743,2.5927,2.8869,3.0085,3.2091,3.7346,3.8144,3.3811,3.117,2.9599,2.807,2.6164,2.4023,2.3133,2.377,2.4173,2.399,2.3435,2.2693,2.1924,2.1273,2.0846,2.0673,2.0721,2.6652,2.6427,2.6274,2.6275,2.6428,2.6561,2.6503,2.6345,2.6236,2.568,2.4898,2.5333,2.5337,2.2261,2.6416,2.8954,3.0107,3.1042,3.1668,3.0902,3.0385,2.9644,2.8157,2.6309,2.4456,2.3624,2.3914,2.3994,2.3539,2.2684,2.1593,2.0481,1.9601,1.9127,1.9076,1.9342,2.6803,2.6671,2.6583,2.6555,2.656,2.6524,2.6371,2.6033,2.5264,2.3453,2.0422,1.9189,2.1251,2.3455,2.5344,2.7777,2.9168,2.8491,2.8259,2.9291,3.1619,3.0921,2.8501,2.6637,2.5315,2.459,2.4286,2.3865,2.3035,2.1742,2.0082,1.8383,1.7142,1.6687,1.6951,1.7636,2.6871,2.677,2.6686,2.6615,2.6531,2.6385,2.6112,2.5601,2.4633,2.287,2.0609,2.0507,1.9916,1.9775,2.363,2.5604,2.6159,2.5085,2.4344,2.7055,3.1615,3.078,2.8082,2.6453,2.5507,2.4954,2.4488,2.3762,2.2533,2.0618,1.7997,1.5217,1.3397,1.3194,1.4189,1.5629,2.6881,2.6786,2.669,2.6583,2.6443,2.6233,2.5902,2.5376,2.4568,2.3473,2.2435,2.173,1.996,1.9743,2.2918,2.4041,2.3958,2.1229,1.8239,2.2785,2.6521,2.7349,2.6547,2.5737,2.5305,2.5219,2.4936,2.3929,2.2209,1.947,1.5306,1.0524,0.7803,0.8481,1.0946,1.3548,2.6856,2.6758,2.6649,2.6519,2.635,2.6116,2.5787,2.5329,2.4728,2.4033,2.3371,2.278,2.2234,2.2469,2.3165,2.321,2.3182,2.11,1.9373,2.1317,2.3423,2.471,2.4939,2.4855,2.5079,2.6004,2.6156,2.4352,2.2102,1.868,1.2686,0.4903,0.1071,0.3582,0.8099,1.1942,2.6812,2.671,2.6593,2.6451,2.6272,2.6042,2.5743,2.5366,2.4919,2.4439,2.3985,2.3604,2.3371,2.3372,2.3344,2.3288,2.315,2.2082,2.0693,2.0263,2.2083,2.3181,2.3562,2.3864,2.4477,2.5938,2.626,2.3811,2.1971,1.8828,1.2252,0.2774,-0.1689,0.1872,0.7264,1.1513,2.6761,2.6656,2.6535,2.6391,2.6215,2.6,2.5739,2.5432,2.509,2.4737,2.4408,2.4134,2.3942,2.3821,2.3704,2.3577,2.3281,2.2542,2.1531,2.1234,2.181,2.1863,2.1907,2.2536,2.3139,2.2953,2.1312,2.1595,2.2038,2.031,1.5277,0.7814,0.3684,0.5411,0.9165,1.2508,2.6708,2.6603,2.6482,2.6341,2.6175,2.598,2.5754,2.5501,2.5229,2.4955,2.4697,2.4474,2.429,2.4135,2.3982,2.379,2.3475,2.2967,2.2385,2.1936,2.1226,1.9672,1.9215,2.0857,2.2,2.1366,1.9366,2.095,2.3665,2.3222,1.9708,1.4746,1.1331,1.0997,1.2499,1.441,2.6657,2.6554,2.6436,2.6301,2.6147,2.5971,2.5775,2.5561,2.5337,2.5113,2.4899,2.4702,2.4524,2.4356,2.4179,2.396,2.3659,2.3247,2.273,2.2003,2.056,1.8045,1.7331,1.9783,2.1562,2.1843,2.1784,2.4131,2.7859,2.6812,2.3222,1.9422,1.6642,1.55,1.5663,1.647,2.661,2.651,2.6396,2.6269,2.6127,2.5969,2.5796,2.5612,2.542,2.5228,2.5041,2.4862,2.4689,2.4516,2.4326,2.41,2.3811,2.3432,2.2922,2.2154,2.0896,1.9307,1.894,2.0346,2.1733,2.2516,2.345,2.5795,2.8442,2.7472,2.4553,2.1723,1.9597,1.8401,1.8042,1.8238]},{"header":{"la1":42.85,"la2":41.18,"lo1":11.55,"lo2":14.05,"nx":36,"ny":24,"dx":0.07143,"dy":0.07261,"parameterCategory":2,"parameterNumber":3,"parameterNumberName":"northward_wind","parameterUnit":"m.s-1"},"data":[1.942,1.941,1.9413,1.9429,1.9457,1.9498,1.9551,1.9615,1.9684,1.9743,1.9769,1.9727,1.9582,1.9303,1.8878,1.832,1.7683,1.7062,1.6568,1.6292,1.6266,1.6453,1.6778,1.7165,1.7555,1.7916,1.8233,1.8504,1.8731,1.8922,1.9083,1.9218,1.9334,1.9432,1.9517,1.9591,1.9278,1.926,1.9258,1.9271,1.93,1.9344,1.9405,1.9488,1.9592,1.9704,1.9788,1.9793,1.9659,1.933,1.8769,1.7978,1.7026,1.6069,1.532,1.4956,1.5021,1.5418,1.5988,1.6596,1.716,1.7647,1.805,1.8378,1.8643,1.886,1.9037,1.9184,1.9308,1.9413,1.9503,1.9581,1.9107,1.9077,1.9066,1.9075,1.9101,1.9141,1.92,1.9291,1.9433,1.9621,1.9805,1.9902,1.9816,1.9449,1.8721,1.7592,1.6127,1.4576,1.3367,1.2886,1.3192,1.4016,1.5014,1.596,1.6758,1.7395,1.7891,1.8275,1.8574,1.8811,1.9002,1.9159,1.929,1.94,1.9495,1.9575,1.89,1.885,1.8828,1.8831,1.8853,1.8881,1.8915,1.8985,1.9153,1.9449,1.98,2.0065,2.0092,1.9732,1.8827,1.7232,1.4929,1.2269,1.0155,0.9541,1.0474,1.2168,1.389,1.5317,1.6401,1.7197,1.7778,1.8207,1.853,1.878,1.898,1.9143,1.9279,1.9393,1.9491,1.9575,1.8647,1.8568,1.8527,1.8526,1.855,1.8567,1.8546,1.8521,1.8664,1.9119,1.975,2.0294,2.0539,2.0279,1.9252,1.7108,1.3523,0.8754,0.4692,0.4016,0.6562,0.9959,1.2786,1.4803,1.6173,1.7098,1.7733,1.8182,1.8512,1.8766,1.8968,1.9134,1.9274,1.9392,1.9493,1.9579,1.8336,1.8208,1.8136,1.8134,1.8182,1.8218,1.8139,1.7907,1.7892,1.8597,1.9673,2.0626,2.1218,2.1219,2.0256,1.7691,1.2558,0.4246,-0.3947,-0.4289,0.1905,0.8005,1.2102,1.4624,1.6168,1.7135,1.7765,1.8198,1.8515,1.8762,1.8962,1.913,1.9273,1.9396,1.95,1.9589,1.7956,1.7739,1.7602,1.759,1.77,1.7838,1.7822,1.7458,1.7216,1.8197,1.9723,2.1121,2.2185,2.2675,2.2135,1.968,1.3738,0.2256,-1.1142,-1.0734,-0.0356,0.774,1.2391,1.4974,1.6443,1.7313,1.7861,1.8238,1.8524,1.8757,1.8956,1.9127,1.9276,1.9404,1.9513,1.9605,1.7499,1.7124,1.6837,1.6765,1.6972,1.7323,1.7568,1.7553,1.7577,1.8434,1.9995,2.1779,2.344,2.4714,2.5127,2.3555,1.8442,0.8504,-0.2973,-0.3662,0.3944,1.0212,1.3857,1.5852,1.6945,1.7569,1.7964,1.8258,1.8507,1.8733,1.8938,1.9121,1.9281,1.9418,1.9533,1.9628,1.6992,1.6346,1.5723,1.5424,1.576,1.649,1.7037,1.725,1.741,1.8152,1.9979,2.2418,2.4854,2.7227,2.9454,2.9404,2.5054,1.8239,1.1819,0.9717,1.1639,1.4186,1.5962,1.6971,1.749,1.7768,1.7975,1.819,1.8426,1.8669,1.8901,1.9109,1.9289,1.9439,1.9563,1.9663,1.6524,1.5504,1.4246,1.326,1.375,1.5332,1.6247,1.6167,1.53,1.5622,1.9012,2.2915,2.621,2.9518,3.4856,3.7316,3.0506,2.4422,2.0317,1.8086,1.7482,1.7647,1.7874,1.791,1.7799,1.7699,1.7742,1.7942,1.8236,1.855,1.8843,1.9096,1.9306,1.9476,1.9609,1.9713,1.6268,1.4944,1.2988,1.0808,1.1315,1.4354,1.5615,1.5178,1.2149,1.0407,1.7825,2.3673,2.7551,3.0496,3.489,3.7814,3.121,2.6541,2.387,2.2049,2.0762,1.9876,1.9125,1.8328,1.7549,1.7064,1.7057,1.7416,1.7907,1.8379,1.8778,1.9097,1.9346,1.9537,1.968,1.9784,1.6377,1.5096,1.3231,1.1207,1.1778,1.4545,1.5261,1.4785,1.3929,1.3619,1.9659,2.5106,2.9087,3.2222,3.2124,3.1345,2.8936,2.6348,2.5022,2.3789,2.2404,2.1078,1.9685,1.8045,1.6356,1.5411,1.5661,1.6553,1.7471,1.8201,1.8743,1.9139,1.9429,1.9638,1.9786,1.9886,1.6826,1.59,1.4799,1.4011,1.448,1.545,1.5106,1.3918,1.4983,1.8031,2.2413,2.6518,2.923,3.3039,3.2258,2.9885,2.7936,2.542,2.5078,2.4462,2.3134,2.1652,1.9815,1.7179,1.3921,1.226,1.3488,1.5527,1.709,1.8119,1.8798,1.926,1.9582,1.9801,1.9944,2.0028,1.7443,1.6887,1.6368,1.6122,1.6287,1.6414,1.5878,1.4965,1.6093,1.9804,2.3593,2.7354,2.8585,2.9836,2.9699,2.9502,2.9086,2.6609,2.5506,2.4632,2.334,2.1946,1.9999,1.664,1.1601,0.9041,1.1786,1.5046,1.7083,1.827,1.9007,1.95,1.9836,2.0053,2.0174,2.0224,1.8067,1.7765,1.7534,1.7455,1.7512,1.7538,1.742,1.7535,1.8831,2.1092,2.3024,2.501,2.7025,2.8032,2.8323,3.0925,3.4509,2.9217,2.6178,2.4478,2.3164,2.2163,2.0594,1.7666,1.3353,1.1038,1.3187,1.5947,1.7692,1.8724,1.9402,1.9892,2.0234,2.0431,2.0504,2.049,1.8627,1.8479,1.8396,1.8405,1.8496,1.864,1.8877,1.9416,2.0427,2.1352,2.0817,2.2837,2.4224,2.6065,2.6825,2.9577,3.2349,2.8672,2.5986,2.404,2.2553,2.2265,2.1301,1.9441,1.7261,1.6089,1.6702,1.7872,1.8756,1.9395,1.9956,2.0467,2.0839,2.0998,2.097,2.0837,1.9104,1.9053,1.9057,1.9132,1.9283,1.952,1.9884,2.0431,2.1099,2.1466,2.0993,2.2245,2.2877,2.2923,2.4381,2.5641,2.6722,2.6632,2.6106,2.4264,2.2477,2.2297,2.1656,2.066,1.9907,1.9717,1.9846,1.9868,1.9857,2.0069,2.06,2.1288,2.1777,2.1849,2.1608,2.1264,1.9501,1.9512,1.9572,1.969,1.9878,2.0146,2.0509,2.0964,2.1439,2.1789,2.2027,2.2423,2.2386,2.2186,2.1466,2.1303,2.3669,2.6688,2.9002,2.5369,2.3129,2.2297,2.1662,2.1259,2.1581,2.2603,2.2818,2.1667,2.0645,2.0496,2.125,2.2482,2.3246,2.3064,2.2394,2.1716,1.9827,1.9877,1.9969,2.011,2.0308,2.0567,2.0887,2.1251,2.1614,2.1921,2.2154,2.2269,2.2042,2.0848,1.6383,1.4572,2.084,2.5158,2.6727,2.3487,2.2477,2.181,2.1287,2.1315,2.2695,2.5951,2.6659,2.3009,2.0695,2.037,2.1692,2.3976,2.5157,2.4408,2.3097,2.2043,2.0091,2.0164,2.0271,2.0418,2.0608,2.0841,2.1111,2.1398,2.1674,2.1902,2.2037,2.199,2.154,2.0087,1.6809,1.5907,2.0007,2.2421,2.1305,2.0316,2.124,2.0814,2.0341,2.0557,2.2131,2.6128,2.7049,2.1537,1.9287,1.9311,2.1267,2.4492,2.6004,2.4863,2.3226,2.2034,2.0302,2.0385,2.0497,2.064,2.0814,2.1015,2.1236,2.1461,2.1667,2.1822,2.1883,2.1778,2.138,2.0532,1.9438,1.9349,2.0592,2.1461,2.1138,2.0704,2.0258,1.9104,1.8468,1.8862,1.9536,1.9234,1.6021,1.5941,1.6395,1.7044,1.9255,2.24,2.4074,2.3587,2.2482,2.1586,2.0467,2.0554,2.0664,2.0796,2.0949,2.112,2.1299,2.1474,2.1625,2.1729,2.1754,2.1659,2.1403,2.0997,2.0621,2.0596,2.0911,2.1101,2.0857,2.0166,1.8599,1.6076,1.5255,1.6722,1.7321,1.5505,1.2272,1.3138,1.2861,1.3415,1.6051,1.9065,2.0968,2.1449,2.1215,2.0842,2.0595,2.0681,2.0783,2.0902,2.1035,2.1178,2.1322,2.1457,2.1569,2.164,2.1651,2.1584,2.1432,2.1225,2.1044,2.0966,2.095,2.0816,2.0366,1.9344,1.7225,1.3989,1.3135,1.5416,1.6368,1.5328,1.3654,1.1549,0.7713,0.9081,1.3054,1.6391,1.8529,1.959,1.9975,2.0051,2.0692,2.0773,2.0867,2.0972,2.1086,2.1204,2.1319,2.1424,2.1507,2.1557,2.1562,2.1515,2.1418,2.1288,2.1153,2.1026,2.0867,2.0578,2.002,1.8999,1.7306,1.5303,1.4735,1.5758,1.6211,1.545,1.375,1.0582,0.7052,0.8375,1.2046,1.5097,1.7145,1.8375,1.9046,1.939]}]