docs/data/wind_grid.json
{"header": {"la1":42.1,"la2":41.55,"lo1":12.1,"lo2":12.95,"nx":50,"ny":50,"dx":0.01735,"dy":0.01122,"parameterCategory":2,"parameterNumber":2,"parameterNumberName":"eastward_wind","parameterUnit":"m.s-1"}, "data":
[rows 0 to 41 of 50, columns 0 to 49 of 50]
-0.2108,-0.2097,-0.208,-0.2058,-0.2031,-0.1997,-0.1956,-0.1908,-0.1852,-0.1789,-0.1717,-0.1637,-0.1548,-0.145,-0.1343,-0.1227,-0.11,-0.0963,-0.0813,-0.0649,-0.0468,-0.0266,-0.0041,0.0213,0.0498,0.082,0.1182,0.1584,0.2029,0.2514,0.3036,0.359,0.4167,0.4757,0.5345,0.5914,0.6445,0.692,0.7322,0.764,0.7865,0.8,0.8051,0.8027,0.7943,0.7811,0.7644,0.7453,0.7248,0.7034
-0.2173,-0.2164,-0.2149,-0.213,-0.2104,-0.2071,-0.2032,-0.1985,-0.193,-0.1867,-0.1796,-0.1716,-0.1627,-0.1529,-0.1421,-0.1305,-0.1178,-0.1041,-0.0891,-0.0728,-0.0548,-0.0348,-0.0122,0.0132,0.0422,0.075,0.1121,0.1538,0.2002,0.2511,0.3062,0.365,0.4266,0.4898,0.5531,0.6146,0.672,0.7233,0.7663,0.7998,0.8228,0.8357,0.8392,0.8345,0.8234,0.8073,0.7878,0.766,0.7429,0.7194
-0.2239,-0.2232,-0.222,-0.2202,-0.2179,-0.2148,-0.211,-0.2065,-0.2011,-0.1948,-0.1877,-0.1797,-0.1707,-0.1609,-0.1501,-0.1384,-0.1257,-0.1119,-0.0971,-0.0809,-0.063,-0.0431,-0.0207,0.0048,0.0339,0.0673,0.1054,0.1485,0.1967,0.2501,0.3081,0.3705,0.4361,0.5038,0.572,0.6384,0.7006,0.756,0.8021,0.8374,0.8609,0.8729,0.8744,0.8671,0.853,0.8337,0.8111,0.7864,0.7607,0.7348
-0.2306,-0.2301,-0.2292,-0.2277,-0.2255,-0.2227,-0.219,-0.2146,-0.2093,-0.2031,-0.196,-0.188,-0.179,-0.169,-0.1582,-0.1463,-0.1336,-0.1198,-0.105,-0.0889,-0.0713,-0.0517,-0.0295,-0.0041,0.0251,0.0589,0.0979,0.1423,0.1925,0.2482,0.3094,0.3753,0.4451,0.5176,0.5908,0.6626,0.73,0.7899,0.8395,0.8767,0.9005,0.9114,0.9106,0.9003,0.8827,0.8599,0.834,0.8062,0.7778,0.7495
-0.2374,-0.2372,-0.2366,-0.2353,-0.2334,-0.2307,-0.2273,-0.223,-0.2178,-0.2117,-0.2046,-0.1965,-0.1874,-0.1774,-0.1663,-0.1544,-0.1415,-0.1277,-0.1129,-0.097,-0.0796,-0.0603,-0.0385,-0.0134,0.0158,0.05,0.0897,0.1354,0.1874,0.2456,0.3097,0.3793,0.4533,0.5307,0.6094,0.6868,0.7598,0.8247,0.878,0.9172,0.9413,0.9508,0.9474,0.9336,0.9122,0.8857,0.8561,0.8252,0.794,0.7633
-0.2443,-0.2445,-0.2441,-0.2431,-0.2414,-0.239,-0.2358,-0.2316,-0.2266,-0.2205,-0.2134,-0.2053,-0.1961,-0.1858,-0.1746,-0.1624,-0.1494,-0.1355,-0.1207,-0.1049,-0.0878,-0.0689,-0.0476,-0.0229,0.0061,0.0404,0.0807,0.1277,0.1814,0.242,0.3092,0.3823,0.4606,0.5428,0.6271,0.7105,0.7895,0.8598,0.9172,0.9586,0.9829,0.9906,0.9841,0.9665,0.9409,0.9104,0.8772,0.843,0.8091,0.776
-0.2514,-0.2518,-0.2518,-0.2511,-0.2497,-0.2475,-0.2445,-0.2405,-0.2356,-0.2296,-0.2225,-0.2143,-0.2049,-0.1945,-0.183,-0.1705,-0.1572,-0.1431,-0.1282,-0.1124,-0.0957,-0.0773,-0.0566,-0.0326,-0.004,0.0302,0.0711,0.1191,0.1747,0.2376,0.3076,0.3842,0.4666,0.5537,0.6435,0.7331,0.8184,0.8945,0.9563,1.0001,1.0244,1.0301,1.0201,0.9983,0.9684,0.9337,0.8968,0.8594,0.8227,0.7874
-0.2585,-0.2593,-0.2596,-0.2592,-0.2581,-0.2562,-0.2534,-0.2497,-0.2449,-0.2389,-0.2318,-0.2235,-0.214,-0.2033,-0.1915,-0.1787,-0.1649,-0.1504,-0.1353,-0.1196,-0.1031,-0.0853,-0.0655,-0.0423,-0.0144,0.0196,0.0608,0.1099,0.1671,0.2323,0.3051,0.385,0.4712,0.5628,0.6579,0.7537,0.8456,0.9278,0.9943,1.0406,1.0648,1.0682,1.0545,1.0282,0.9938,0.9549,0.9143,0.8738,0.8345,0.7971
-0.2658,-0.267,-0.2676,-0.2675,-0.2668,-0.2652,-0.2627,-0.2591,-0.2545,-0.2486,-0.2415,-0.2331,-0.2234,-0.2124,-0.2002,-0.1868,-0.1725,-0.1575,-0.1419,-0.126,-0.1097,-0.0926,-0.0738,-0.0518,-0.0248,0.0086,0.05,0.1,0.1588,0.2262,0.3016,0.3844,0.4741,0.5697,0.6697,0.7714,0.8698,0.9584,1.0299,1.0787,1.1028,1.1038,1.0861,1.0552,1.0163,0.9733,0.9292,0.8859,0.8443,0.805
-0.2732,-0.2747,-0.2757,-0.2761,-0.2757,-0.2744,-0.2722,-0.2689,-0.2644,-0.2587,-0.2516,-0.2431,-0.2331,-0.2217,-0.209,-0.195,-0.18,-0.1641,-0.1479,-0.1316,-0.1154,-0.099,-0.0813,-0.0608,-0.0352,-0.0026,0.0388,0.0896,0.15,0.2195,0.2973,0.3827,0.4751,0.574,0.6782,0.7851,0.8897,0.9846,1.0612,1.1128,1.1367,1.1352,1.1135,1.0782,1.035,0.9883,0.9412,0.8953,0.8517,0.8109
-0.2806,-0.2826,-0.284,-0.2848,-0.2848,-0.2839,-0.282,-0.279,-0.2748,-0.2691,-0.2621,-0.2534,-0.2432,-0.2314,-0.2181,-0.2033,-0.1873,-0.1704,-0.1531,-0.1361,-0.1197,-0.1039,-0.0877,-0.0691,-0.0453,-0.0139,0.0272,0.0788,0.1408,0.2123,0.2923,0.3799,0.4743,0.5754,0.6826,0.7937,0.9037,1.0045,1.0862,1.1405,1.1645,1.1606,1.1353,1.096,1.0491,0.9992,0.9495,0.9016,0.8565,0.8146
-0.2882,-0.2906,-0.2924,-0.2936,-0.2941,-0.2936,-0.2921,-0.2895,-0.2855,-0.28,-0.273,-0.2643,-0.2538,-0.2416,-0.2276,-0.2119,-0.1947,-0.1763,-0.1575,-0.1391,-0.1221,-0.1068,-0.0923,-0.0762,-0.0549,-0.0251,0.0155,0.0678,0.1314,0.205,0.2871,0.3763,0.4719,0.5739,0.6825,0.7962,0.9104,1.0162,1.1025,1.1597,1.1839,1.1782,1.1499,1.1074,1.0575,1.0053,0.9538,0.9046,0.8585,0.8159
-0.2958,-0.2987,-0.301,-0.3027,-0.3036,-0.3036,-0.3026,-0.3003,-0.2966,-0.2914,-0.2844,-0.2757,-0.265,-0.2523,-0.2375,-0.2208,-0.2022,-0.182,-0.1611,-0.1406,-0.1222,-0.1071,-0.0946,-0.0817,-0.0637,-0.0362,0.0037,0.0567,0.1221,0.198,0.282,0.3723,0.4681,0.5697,0.6778,0.792,0.9083,1.0178,1.108,1.1677,1.1926,1.1859,1.1557,1.1112,1.0597,1.0062,0.9538,0.904,0.8576,0.8147
-0.3035,-0.3068,-0.3097,-0.3119,-0.3134,-0.3139,-0.3134,-0.3115,-0.3082,-0.3032,-0.2964,-0.2877,-0.2768,-0.2636,-0.2482,-0.2303,-0.2101,-0.1877,-0.1638,-0.1402,-0.1194,-0.1039,-0.0938,-0.0851,-0.0715,-0.047,-0.0081,0.0458,0.1133,0.1916,0.2777,0.3688,0.4638,0.5632,0.6686,0.7808,0.8967,1.0078,1.1006,1.1627,1.1887,1.1822,1.1516,1.1067,1.055,1.0015,0.9492,0.8996,0.8535,0.811
-0.3112,-0.3151,-0.3185,-0.3213,-0.3234,-0.3245,-0.3245,-0.3231,-0.3202,-0.3156,-0.3091,-0.3004,-0.2893,-0.2758,-0.2597,-0.2407,-0.2187,-0.1937,-0.1662,-0.138,-0.1131,-0.0962,-0.0889,-0.086,-0.0782,-0.0575,-0.0199,0.0351,0.1052,0.1865,0.2747,0.3664,0.4598,0.5556,0.656,0.7633,0.8758,0.9857,1.0794,1.1433,1.1711,1.1661,1.1371,1.0935,1.0432,0.991,0.94,0.8916,0.8465,0.8048
-0.3189,-0.3234,-0.3274,-0.3309,-0.3335,-0.3353,-0.3359,-0.3351,-0.3328,-0.3286,-0.3224,-0.3138,-0.3028,-0.289,-0.2723,-0.2523,-0.2287,-0.2009,-0.169,-0.1345,-0.103,-0.0829,-0.079,-0.0841,-0.0841,-0.0681,-0.0316,0.0249,0.0982,0.1831,0.274,0.3663,0.4574,0.5481,0.6415,0.741,0.8468,0.9525,1.0447,1.1095,1.1398,1.1378,1.1121,1.0719,1.0246,0.9751,0.9264,0.88,0.8365,0.7962
-0.3267,-0.3317,-0.3364,-0.3405,-0.3439,-0.3464,-0.3477,-0.3476,-0.3458,-0.3422,-0.3364,-0.3281,-0.3172,-0.3033,-0.2862,-0.2655,-0.2405,-0.2102,-0.1736,-0.1312,-0.0896,-0.0634,-0.0637,-0.0799,-0.09,-0.0793,-0.0437,0.0152,0.0926,0.182,0.2764,0.3695,0.4581,0.5427,0.627,0.7161,0.8121,0.9103,0.9987,1.0633,1.0961,1.0985,1.0778,1.0425,0.9998,0.9542,0.9088,0.8651,0.8238,0.7853
-0.3344,-0.3401,-0.3454,-0.3503,-0.3544,-0.3576,-0.3597,-0.3604,-0.3594,-0.3564,-0.3511,-0.3433,-0.3326,-0.3188,-0.3016,-0.2805,-0.2548,-0.2229,-0.1822,-0.1311,-0.0753,-0.0384,-0.0439,-0.0757,-0.0979,-0.0922,-0.0563,0.0061,0.0888,0.1839,0.2826,0.3772,0.4633,0.541,0.615,0.6916,0.775,0.8629,0.945,1.0079,1.0431,1.0504,1.0359,1.0068,0.9697,0.929,0.8877,0.8473,0.8088,0.7725
-0.342,-0.3484,-0.3544,-0.3601,-0.365,-0.3691,-0.3721,-0.3736,-0.3734,-0.3712,-0.3666,-0.3593,-0.3491,-0.3357,-0.3187,-0.2977,-0.2721,-0.2401,-0.1978,-0.1397,-0.0673,-0.0135,-0.0257,-0.0773,-0.1112,-0.1082,-0.0699,-0.0024,0.087,0.1891,0.2934,0.3904,0.4743,0.5452,0.6079,0.6706,0.7395,0.8147,0.8882,0.9477,0.9845,0.9968,0.9888,0.9665,0.9357,0.9005,0.8637,0.8271,0.7916,0.7578
-0.3496,-0.3566,-0.3634,-0.3699,-0.3757,-0.3807,-0.3847,-0.3872,-0.3879,-0.3865,-0.3827,-0.3762,-0.3667,-0.3538,-0.3374,-0.3171,-0.2927,-0.2627,-0.2231,-0.1649,-0.0809,-0.0072,-0.0258,-0.0956,-0.1346,-0.1288,-0.0848,-0.0101,0.0876,0.1981,0.3093,0.4097,0.4923,0.5564,0.6078,0.6558,0.7091,0.7701,0.8331,0.8876,0.9245,0.941,0.9391,0.9236,0.8991,0.8696,0.8376,0.805,0.7728,0.7418
-0.357,-0.3647,-0.3723,-0.3796,-0.3864,-0.3925,-0.3974,-0.401,-0.4028,-0.4024,-0.3996,-0.3939,-0.3852,-0.3732,-0.3576,-0.3386,-0.3162,-0.2905,-0.2591,-0.2136,-0.1399,-0.0614,-0.0793,-0.1453,-0.1721,-0.1546,-0.1008,-0.0167,0.0906,0.2108,0.3301,0.4353,0.5174,0.5753,0.6155,0.6491,0.6864,0.7325,0.7838,0.8315,0.867,0.8861,0.8893,0.8798,0.8614,0.8373,0.8101,0.7816,0.7528,0.7245
-0.3642,-0.3727,-0.3811,-0.3893,-0.3971,-0.4042,-0.4103,-0.4151,-0.418,-0.4187,-0.4169,-0.4122,-0.4045,-0.3936,-0.3793,-0.3617,-0.3419,-0.3219,-0.3032,-0.284,-0.2563,-0.2199,-0.2176,-0.2323,-0.2231,-0.1845,-0.1171,-0.022,0.096,0.2267,0.3552,0.4661,0.5487,0.6012,0.631,0.6506,0.6726,0.7037,0.7427,0.7823,0.8146,0.8346,0.8415,0.8369,0.8237,0.8047,0.782,0.7573,0.7319,0.7064
-0.3712,-0.3805,-0.3897,-0.3989,-0.4077,-0.4159,-0.4233,-0.4293,-0.4335,-0.4354,-0.4347,-0.4311,-0.4245,-0.4149,-0.402,-0.386,-0.3687,-0.3542,-0.3491,-0.3611,-0.3965,-0.4328,-0.4003,-0.3367,-0.2793,-0.2152,-0.1323,-0.0254,0.1034,0.2448,0.3829,0.5001,0.5839,0.6319,0.6522,0.6591,0.6668,0.6837,0.7104,0.7412,0.7688,0.7881,0.7969,0.796,0.7872,0.7724,0.7538,0.7328,0.7105,0.6877
-0.378,-0.3879,-0.398,-0.4081,-0.418,-0.4275,-0.4362,-0.4435,-0.4491,-0.4523,-0.4527,-0.4502,-0.4448,-0.4367,-0.4255,-0.4111,-0.3956,-0.3848,-0.3896,-0.4244,-0.5004,-0.5747,-0.5309,-0.4222,-0.3284,-0.2419,-0.1445,-0.0267,0.1121,0.2633,0.4104,0.5337,0.619,0.6634,0.6757,0.6717,0.6669,0.6711,0.6862,0.708,0.73,0.7471,0.7565,0.7579,0.7523,0.7412,0.726,0.7082,0.6889,0.6687
-0.3844,-0.3951,-0.406,-0.4171,-0.4281,-0.4388,-0.4489,-0.4577,-0.4648,-0.4693,-0.4708,-0.4693,-0.4651,-0.4585,-0.4492,-0.4366,-0.4219,-0.412,-0.4202,-0.4627,-0.5447,-0.6148,-0.5772,-0.468,-0.3608,-0.2606,-0.1524,-0.0257,0.1211,0.2801,0.4342,0.5626,0.6493,0.691,0.6972,0.6846,0.6698,0.6634,0.6682,0.6814,0.6975,0.7115,0.7203,0.723,0.7196,0.7112,0.6991,0.6841,0.6674,0.6496
-0.3904,-0.4018,-0.4136,-0.4256,-0.4378,-0.4498,-0.4613,-0.4717,-0.4803,-0.4863,-0.4889,-0.4881,-0.4848,-0.4798,-0.4729,-0.4622,-0.4476,-0.4357,-0.4407,-0.4778,-0.5452,-0.5964,-0.5681,-0.4775,-0.374,-0.2693,-0.155,-0.0228,0.1291,0.2927,0.451,0.5822,0.6698,0.7099,0.7122,0.694,0.6722,0.6577,0.6543,0.6599,0.6703,0.6808,0.6882,0.6911,0.6892,0.6829,0.6731,0.6606,0.6462,0.6306
-0.396,-0.4081,-0.4206,-0.4336,-0.4469,-0.4602,-0.4731,-0.4852,-0.4956,-0.5031,-0.5067,-0.5064,-0.5035,-0.4999,-0.4957,-0.4875,-0.4728,-0.4569,-0.4541,-0.4782,-0.5245,-0.5568,-0.535,-0.4637,-0.3709,-0.2683,-0.1526,-0.0185,0.1348,0.2993,0.458,0.5895,0.677,0.7165,0.7175,0.697,0.6714,0.6517,0.6421,0.6417,0.6469,0.6539,0.6596,0.6622,0.661,0.6563,0.6483,0.6378,0.6255,0.6118
-0.4011,-0.4138,-0.4271,-0.441,-0.4553,-0.4698,-0.4843,-0.4981,-0.5103,-0.5195,-0.5243,-0.524,-0.5207,-0.518,-0.5168,-0.5118,-0.4974,-0.4768,-0.464,-0.4726,-0.4982,-0.5147,-0.4955,-0.4383,-0.3571,-0.2599,-0.1463,-0.0137,0.1375,0.2989,0.4542,0.5831,0.6695,0.7094,0.7116,0.6918,0.6656,0.6434,0.6299,0.625,0.6262,0.63,0.6338,0.6358,0.635,0.6312,0.6247,0.6159,0.6053,0.5933
-0.4057,-0.4189,-0.4329,-0.4476,-0.4628,-0.4786,-0.4946,-0.5101,-0.5243,-0.5354,-0.5414,-0.541,-0.5362,-0.5334,-0.5353,-0.534,-0.5204,-0.4956,-0.4732,-0.4668,-0.4744,-0.4778,-0.4579,-0.4094,-0.3375,-0.2468,-0.1377,-0.0093,0.1365,0.2914,0.4401,0.5639,0.6483,0.6894,0.6947,0.6782,0.6539,0.6317,0.6165,0.6088,0.6069,0.6082,0.6103,0.6115,0.6107,0.6076,0.6023,0.5948,0.5857,0.5752
-0.4097,-0.4234,-0.4379,-0.4533,-0.4694,-0.4863,-0.5036,-0.5208,-0.537,-0.5503,-0.558,-0.5573,-0.5499,-0.5455,-0.5499,-0.5524,-0.5397,-0.5119,-0.482,-0.4632,-0.4561,-0.4483,-0.4256,-0.3815,-0.3163,-0.2317,-0.1282,-0.006,0.1321,0.278,0.4177,0.5347,0.6163,0.6588,0.6684,0.6569,0.6365,0.6163,0.6011,0.5921,0.5882,0.5877,0.5884,0.5889,0.588,0.5854,0.5809,0.5746,0.5667,0.5576
-0.413,-0.4271,-0.4421,-0.4581,-0.4749,-0.4927,-0.5111,-0.5298,-0.5479,-0.5635,-0.5733,-0.5729,-0.5621,-0.5539,-0.5594,-0.5646,-0.553,-0.5239,-0.4892,-0.4615,-0.4431,-0.4259,-0.3994,-0.3567,-0.2958,-0.2167,-0.1193,-0.0044,0.1246,0.26,0.3894,0.4987,0.5769,0.6208,0.6351,0.6294,0.6141,0.5973,0.5835,0.5744,0.5697,0.5679,0.5677,0.5676,0.5666,0.5644,0.5605,0.5551,0.5484,0.5404
-0.4157,-0.4301,-0.4455,-0.4618,-0.4792,-0.4976,-0.5169,-0.5367,-0.5563,-0.5739,-0.586,-0.5866,-0.5727,-0.5592,-0.5632,-0.5692,-0.5584,-0.5297,-0.4934,-0.4604,-0.4339,-0.4093,-0.3786,-0.3357,-0.2776,-0.2029,-0.1116,-0.0045,0.1148,0.2391,0.3578,0.459,0.5336,0.5786,0.5974,0.5976,0.588,0.5752,0.5638,0.5556,0.5508,0.5486,0.5477,0.5472,0.5463,0.5443,0.541,0.5365,0.5306,0.5237
-0.4177,-0.4323,-0.4478,-0.4644,-0.4821,-0.5009,-0.5207,-0.5412,-0.5617,-0.5805,-0.5942,-0.596,-0.5806,-0.562,-0.562,-0.5663,-0.556,-0.5292,-0.4937,-0.4583,-0.4268,-0.3966,-0.3622,-0.3185,-0.262,-0.1912,-0.1056,-0.0063,0.1033,0.2167,0.3249,0.4182,0.489,0.5346,0.5574,0.5632,0.5591,0.5508,0.5423,0.5357,0.5315,0.5293,0.5283,0.5277,0.5267,0.5251,0.5223,0.5184,0.5135,0.5075
-0.419,-0.4337,-0.4493,-0.4659,-0.4837,-0.5025,-0.5224,-0.5429,-0.5635,-0.5825,-0.5963,-0.5985,-0.5832,-0.5627,-0.5575,-0.5582,-0.548,-0.5236,-0.4901,-0.4545,-0.4202,-0.3863,-0.349,-0.3044,-0.2492,-0.1817,-0.1014,-0.0095,0.0908,0.1939,0.2924,0.3781,0.4451,0.4908,0.5168,0.5276,0.5286,0.5248,0.5195,0.5149,0.5117,0.51,0.5091,0.5086,0.5079,0.5065,0.5043,0.501,0.4968,0.4916
-0.4196,-0.4342,-0.4497,-0.4663,-0.4839,-0.5025,-0.522,-0.542,-0.5619,-0.5798,-0.5924,-0.5939,-0.5801,-0.5606,-0.5515,-0.5478,-0.5369,-0.5145,-0.4835,-0.4488,-0.4134,-0.3773,-0.3381,-0.2928,-0.2386,-0.1741,-0.0989,-0.0139,0.0778,0.1716,0.2611,0.34,0.4032,0.4486,0.4771,0.492,0.4976,0.4978,0.4957,0.4934,0.4916,0.4906,0.4902,0.49,0.4896,0.4886,0.4868,0.4842,0.4807,0.4763
-0.4195,-0.434,-0.4493,-0.4655,-0.4827,-0.5008,-0.5196,-0.5387,-0.5572,-0.5733,-0.5839,-0.5844,-0.5726,-0.5556,-0.5444,-0.5369,-0.5246,-0.5035,-0.4747,-0.4414,-0.406,-0.3689,-0.3286,-0.283,-0.2301,-0.1684,-0.0978,-0.0192,0.0648,0.1502,0.2318,0.3044,0.364,0.4086,0.4389,0.4571,0.4666,0.4705,0.4715,0.4714,0.4712,0.4712,0.4715,0.4717,0.4717,0.4712,0.4699,0.4679,0.465,0.4613
-0.4188,-0.4329,-0.4479,-0.4638,-0.4804,-0.4977,-0.5155,-0.5333,-0.55,-0.564,-0.5725,-0.5723,-0.5624,-0.5481,-0.536,-0.5258,-0.5121,-0.4917,-0.4645,-0.4327,-0.3978,-0.3606,-0.32,-0.2746,-0.223,-0.1641,-0.0977,-0.0249,0.0522,0.1301,0.2046,0.2716,0.3277,0.3714,0.4028,0.4236,0.4363,0.4434,0.4472,0.4493,0.4507,0.4519,0.453,0.4538,0.4543,0.4542,0.4535,0.452,0.4497,0.4467
-0.4174,-0.4312,-0.4457,-0.461,-0.4769,-0.4933,-0.51,-0.5262,-0.541,-0.5529,-0.5597,-0.559,-0.5508,-0.5386,-0.5265,-0.5145,-0.4997,-0.4795,-0.4536,-0.4231,-0.3892,-0.3522,-0.3119,-0.2672,-0.2171,-0.1609,-0.0985,-0.0309,0.04,0.1113,0.1797,0.2417,0.2946,0.3371,0.3691,0.3918,0.407,0.4168,0.4231,0.4273,0.4303,0.4327,0.4346,0.4362,0.4372,0.4377,0.4375,0.4365,0.4349,0.4325
-0.4154,-0.4288,-0.4428,-0.4574,-0.4725,-0.4879,-0.5032,-0.5178,-0.5309,-0.5409,-0.5461,-0.5453,-0.5384,-0.5278,-0.5158,-0.5029,-0.4873,-0.4673,-0.4423,-0.413,-0.38,-0.3438,-0.3042,-0.2605,-0.2121,-0.1584,-0.0997,-0.0369,0.0285,0.0941,0.157,0.2145,0.2644,0.3056,0.3377,0.3618,0.379,0.3911,0.3996,0.4056,0.4102,0.4137,0.4166,0.4188,0.4205,0.4215,0.4219,0.4215,0.4204,0.4186
-0.4128,-0.4257,-0.4391,-0.453,-0.4672,-0.4815,-0.4955,-0.5086,-0.5199,-0.5283,-0.5325,-0.5314,-0.5255,-0.5159,-0.5043,-0.491,-0.4749,-0.455,-0.4308,-0.4025,-0.3706,-0.3354,-0.2967,-0.2542,-0.2076,-0.1566,-0.1013,-0.0427,0.0178,0.0782,0.1363,0.1899,0.2371,0.2768,0.3088,0.3337,0.3525,0.3664,0.3767,0.3844,0.3903,0.395,0.3988,0.4018,0.4042,0.4058,0.4067,0.4068,0.4063,0.405
-0.4098,-0.4221,-0.4349,-0.448,-0.4612,-0.4744,-0.4871,-0.4987,-0.5086,-0.5156,-0.5188,-0.5176,-0.5122,-0.5035,-0.4922,-0.4788,-0.4625,-0.4428,-0.4193,-0.3919,-0.3611,-0.3269,-0.2894,-0.2483,-0.2036,-0.155,-0.103,-0.0483,0.0078,0.0638,0.1177,0.1677,0.2123,0.2505,0.2822,0.3076,0.3275,0.3428,0.3546,0.3638,0.371,0.3768,0.3814,0.3852,0.3882,0.3904,0.3918,0.3925,0.3925,0.3918
-0.4062,-0.418,-0.4301,-0.4424,-0.4547,-0.4668,-0.4782,-0.4885,-0.497,-0.5028,-0.5053,-0.5039,-0.4989,-0.4906,-0.4797,-0.4663,-0.4501,-0.4307,-0.4078,-0.3813,-0.3515,-0.3185,-0.2822,-0.2427,-0.1998,-0.1538,-0.1048,-0.0536,-0.0013,0.0507,0.1008,0.1476,0.1898,0.2266,0.2577,0.2833,0.304,0.3204,0.3335,0.3438,0.3522,0.359,0.3645,0.369,0.3726,0.3754,0.3774,0.3786,0.3791,0.379
