docs/data/wind_grid.json
[{"header":{"la1":42.85,"la2":41.18,"lo1":11.55,"lo2":14.05,"nx":36,"ny":24,"dx":0.07143,"dy":0.07261,"parameterCategory":2,"parameterNumber":2,"parameterNumberName":"eastward_wind","parameterUnit":"m.s-1"},"data":[-0.6178,-0.6239,-0.6287,-0.632,-0.6335,-0.6325,-0.6279,-0.6182,-0.6023,-0.5802,-0.5537,-0.5252,-0.4971,-0.4709,-0.4467,-0.4238,-0.4006,-0.375,-0.3454,-0.3118,-0.2781,-0.2511,-0.2376,-0.2394,-0.2526,-0.2714,-0.2908,-0.308,-0.3222,-0.3333,-0.3417,-0.3479,-0.3524,-0.3556,-0.3578,-0.3594,-0.6372,-0.6459,-0.6532,-0.6591,-0.6637,-0.6664,-0.6653,-0.6575,-0.6398,-0.6119,-0.5768,-0.5395,-0.5041,-0.4727,-0.4457,-0.4214,-0.3971,-0.3683,-0.3308,-0.2824,-0.2285,-0.1843,-0.1661,-0.1771,-0.2063,-0.2404,-0.2713,-0.2962,-0.315,-0.3287,-0.3385,-0.3454,-0.3502,-0.3535,-0.3557,-0.3572,-0.6593,-0.6713,-0.6816,-0.6907,-0.6994,-0.7083,-0.7151,-0.7134,-0.695,-0.6577,-0.6081,-0.5565,-0.5104,-0.4726,-0.443,-0.4191,-0.3963,-0.3671,-0.3214,-0.2495,-0.1553,-0.0727,-0.0474,-0.0836,-0.1463,-0.2063,-0.2532,-0.2869,-0.3103,-0.3262,-0.3369,-0.3441,-0.3488,-0.3518,-0.3538,-0.355,-0.6848,-0.7012,-0.7152,-0.7273,-0.7405,-0.759,-0.7824,-0.7977,-0.7825,-0.7276,-0.6506,-0.5753,-0.5136,-0.468,-0.4367,-0.416,-0.4,-0.3778,-0.33,-0.2264,-0.0494,0.1281,0.159,0.0514,-0.078,-0.1764,-0.2417,-0.2833,-0.3097,-0.3265,-0.3371,-0.3438,-0.348,-0.3505,-0.352,-0.3528,-0.7144,-0.7378,-0.7568,-0.7706,-0.7855,-0.8154,-0.8708,-0.9319,-0.9329,-0.8385,-0.7058,-0.5917,-0.5094,-0.4549,-0.4228,-0.4091,-0.4078,-0.4074,-0.38,-0.2572,0.0646,0.4763,0.4836,0.2008,-0.0298,-0.1666,-0.2441,-0.2886,-0.3146,-0.33,-0.3392,-0.3446,-0.3477,-0.3493,-0.3501,-0.3504,-0.7488,-0.7845,-0.8131,-0.8269,-0.8333,-0.8659,-0.969,-1.1396,-1.1967,-1.0002,-0.7602,-0.5944,-0.4907,-0.4273,-0.3948,-0.3911,-0.4134,-0.4537,-0.488,-0.4108,0.0032,0.6928,0.6539,0.2156,-0.0574,-0.1955,-0.2662,-0.304,-0.3248,-0.3364,-0.3428,-0.3461,-0.3476,-0.3481,-0.3479,-0.3475,-0.7863,-0.8445,-0.8978,-0.9151,-0.8903,-0.8904,-1.0126,-1.3201,-1.4809,-1.1127,-0.7621,-0.5655,-0.4507,-0.3784,-0.3413,-0.347,-0.3985,-0.4852,-0.5767,-0.5657,-0.3526,0.0555,0.1532,-0.0361,-0.1837,-0.2638,-0.3053,-0.3271,-0.3385,-0.3442,-0.3468,-0.3475,-0.3471,-0.3462,-0.3451,-0.3439,-0.8181,-0.9106,-1.024,-1.0751,-0.9774,-0.8827,-0.9244,-1.1253,-1.22,-0.9338,-0.6621,-0.4999,-0.3901,-0.3019,-0.2409,-0.2467,-0.3361,-0.4651,-0.5696,-0.6521,-0.8352,-0.7471,-0.4769,-0.3624,-0.3422,-0.3446,-0.3488,-0.3513,-0.352,-0.3515,-0.35,-0.348,-0.3457,-0.3433,-0.3411,-0.3393,-0.8261,-0.9419,-1.1322,-1.2804,-1.0565,-0.8464,-0.7791,-0.7819,-0.7468,-0.6327,-0.5196,-0.4231,-0.3245,-0.1998,-0.0486,-0.0184,-0.2015,-0.417,-0.6031,-0.8959,-1.4645,-1.3382,-0.8298,-0.5656,-0.4536,-0.4048,-0.3815,-0.3691,-0.3614,-0.3558,-0.351,-0.3466,-0.3425,-0.3388,-0.3356,-0.3332,-0.798,-0.8868,-1.0142,-1.0894,-0.9118,-0.762,-0.6636,-0.582,-0.4796,-0.4173,-0.4098,-0.3671,-0.2826,-0.1174,0.2823,0.4926,-0.028,-0.3944,-0.6224,-0.8847,-1.2547,-1.1919,-0.8424,-0.6127,-0.4911,-0.4273,-0.3935,-0.3749,-0.3637,-0.3557,-0.3489,-0.3427,-0.337,-0.332,-0.328,-0.3251,-0.7471,-0.7888,-0.8003,-0.7286,-0.7173,-0.6776,-0.5945,-0.504,-0.3293,-0.2471,-0.3506,-0.3429,-0.2839,-0.1692,0.2115,0.4976,-0.1113,-0.514,-0.7071,-0.7923,-0.8654,-0.8359,-0.6981,-0.5627,-0.4681,-0.4114,-0.3818,-0.367,-0.3581,-0.3506,-0.3431,-0.3356,-0.3285,-0.3224,-0.3177,-0.3145,-0.6959,-0.7147,-0.7149,-0.6964,-0.6823,-0.6255,-0.5743,-0.5545,-0.4199,-0.3236,-0.3589,-0.3431,-0.3051,-0.2863,-0.1986,-0.179,-0.4478,-0.9203,-1.0653,-0.8712,-0.7416,-0.6606,-0.574,-0.4838,-0.4071,-0.3613,-0.3476,-0.3472,-0.3464,-0.3417,-0.3341,-0.325,-0.3162,-0.3088,-0.3036,-0.3006,-0.6517,-0.6614,-0.6632,-0.6551,-0.628,-0.5824,-0.5668,-0.6855,-0.496,-0.4222,-0.3829,-0.3579,-0.3221,-0.2695,-0.2228,-0.3086,-0.6052,-1.7032,-1.7592,-0.9934,-0.693,-0.5642,-0.4837,-0.4063,-0.3237,-0.2797,-0.2968,-0.3224,-0.333,-0.331,-0.322,-0.3103,-0.2989,-0.29,-0.2844,-0.2823,-0.614,-0.6173,-0.6143,-0.602,-0.5777,-0.5478,-0.5255,-0.4832,-0.4643,-0.4315,-0.3935,-0.3794,-0.3636,-0.2236,-0.2547,-0.1966,-0.401,-1.0848,-1.263,-0.8232,-0.5676,-0.4542,-0.4031,-0.3491,-0.2583,-0.2058,-0.2583,-0.3075,-0.3243,-0.3207,-0.3069,-0.2897,-0.2742,-0.2633,-0.2582,-0.2582,-0.5825,-0.5813,-0.5749,-0.562,-0.5429,-0.5211,-0.5004,-0.479,-0.4558,-0.4308,-0.41,-0.3813,-0.3333,-0.3012,-0.2705,-0.1752,-0.4889,-0.5632,-0.6424,-0.5082,-0.329,-0.2802,-0.3142,-0.322,-0.2776,-0.2422,-0.2796,-0.3171,-0.3249,-0.3113,-0.2866,-0.2596,-0.2374,-0.2248,-0.2221,-0.2268,-0.5566,-0.5529,-0.5453,-0.5334,-0.5178,-0.5004,-0.4826,-0.4645,-0.4472,-0.4403,-0.4661,-0.4031,-0.3757,-0.3412,-0.3348,-0.3718,-0.4751,-0.4534,-0.4188,-0.2649,0.0329,-0.0284,-0.2241,-0.3095,-0.3278,-0.3286,-0.3422,-0.3495,-0.3345,-0.3008,-0.2567,-0.2126,-0.1805,-0.1677,-0.1722,-0.1867,-0.5358,-0.5308,-0.523,-0.5123,-0.4993,-0.4847,-0.4696,-0.4548,-0.4427,-0.4414,-0.4598,-0.4225,-0.3929,-0.3876,-0.386,-0.3978,-0.4018,-0.3597,-0.2943,-0.1915,0.0897,0.0102,-0.2094,-0.3217,-0.3804,-0.4164,-0.4271,-0.4025,-0.3518,-0.286,-0.2103,-0.1369,-0.09,-0.0832,-0.1054,-0.1381,-0.519,-0.5136,-0.5061,-0.4966,-0.4855,-0.4732,-0.4606,-0.4486,-0.4388,-0.4332,-0.4287,-0.4154,-0.402,-0.4055,-0.4486,-0.4634,-0.398,-0.2592,-0.1331,-0.2205,-0.1828,-0.1919,-0.2787,-0.3667,-0.4589,-0.5551,-0.5739,-0.4858,-0.3737,-0.2637,-0.1425,-0.0193,0.0492,0.0336,-0.0252,-0.0863,-0.5055,-0.5001,-0.4931,-0.4847,-0.4751,-0.4649,-0.4545,-0.4446,-0.4362,-0.4297,-0.4243,-0.42,-0.4233,-0.457,-0.5866,-0.6406,-0.4488,-0.288,-0.209,-0.2985,-0.3034,-0.3085,-0.3467,-0.4154,-0.5466,-0.7774,-0.8268,-0.5756,-0.3784,-0.2328,-0.0671,0.1248,0.2191,0.1569,0.0471,-0.0445,-0.4945,-0.4893,-0.4829,-0.4755,-0.4674,-0.4587,-0.4501,-0.442,-0.4351,-0.4297,-0.4264,-0.4273,-0.4387,-0.4782,-0.5714,-0.5966,-0.4642,-0.369,-0.3723,-0.3944,-0.3629,-0.3677,-0.3909,-0.4333,-0.5405,-0.7982,-0.8587,-0.4983,-0.3181,-0.1958,-0.0337,0.1832,0.2883,0.2019,0.072,-0.0294,-0.4855,-0.4806,-0.4749,-0.4684,-0.4614,-0.4541,-0.4469,-0.4403,-0.4347,-0.4306,-0.4288,-0.4311,-0.4408,-0.4625,-0.4904,-0.4877,-0.4405,-0.3961,-0.3846,-0.3881,-0.3952,-0.4205,-0.4356,-0.429,-0.4232,-0.3777,-0.1636,-0.167,-0.1969,-0.1544,-0.0595,0.0841,0.1674,0.1241,0.0341,-0.0464,-0.4781,-0.4736,-0.4684,-0.4627,-0.4566,-0.4505,-0.4445,-0.439,-0.4343,-0.431,-0.4297,-0.4312,-0.4364,-0.4449,-0.4512,-0.4452,-0.4256,-0.4058,-0.398,-0.406,-0.4404,-0.507,-0.5255,-0.4517,-0.3473,-0.1642,0.0829,-0.0171,-0.1017,-0.1048,-0.0856,-0.0296,0.0164,0.0097,-0.0329,-0.083,-0.4719,-0.4677,-0.4631,-0.458,-0.4528,-0.4475,-0.4424,-0.4377,-0.4337,-0.4308,-0.4293,-0.4294,-0.4312,-0.4334,-0.4334,-0.4285,-0.4191,-0.4108,-0.4104,-0.4262,-0.4759,-0.5719,-0.6004,-0.4831,-0.3444,-0.1989,-0.0846,-0.0658,-0.0252,-0.0464,-0.086,-0.0872,-0.074,-0.0748,-0.094,-0.1226,-0.4666,-0.4628,-0.4586,-0.4541,-0.4495,-0.4449,-0.4404,-0.4364,-0.4328,-0.4301,-0.4282,-0.4272,-0.4269,-0.4264,-0.4246,-0.4209,-0.416,-0.4129,-0.4159,-0.4314,-0.4682,-0.5221,-0.5307,-0.4543,-0.3489,-0.2462,-0.1609,-0.0857,-0.0169,-0.0398,-0.0918,-0.1163,-0.1224,-0.1276,-0.1394,-0.157]},{"header":{"la1":42.85,"la2":41.18,"lo1":11.55,"lo2":14.05,"nx":36,"ny":24,"dx":0.07143,"dy":0.07261,"parameterCategory":2,"parameterNumber":3,"parameterNumberName":"northward_wind","parameterUnit":"m.s-1"},"data":[-0.486,-0.4885,-0.4901,-0.4906,-0.4897,-0.4874,-0.4833,-0.4773,-0.4689,-0.4577,-0.4434,-0.4257,-0.4045,-0.3802,-0.3532,-0.3246,-0.2959,-0.2691,-0.2462,-0.2287,-0.2169,-0.2099,-0.2065,-0.2056,-0.2064,-0.2083,-0.211,-0.2143,-0.2179,-0.2218,-0.2258,-0.2299,-0.2341,-0.2382,-0.2423,-0.2462,-0.4946,-0.4982,-0.5008,-0.5022,-0.502,-0.5003,-0.4968,-0.4912,-0.4831,-0.4719,-0.4569,-0.4375,-0.4136,-0.3854,-0.3532,-0.3181,-0.2823,-0.2488,-0.2215,-0.2026,-0.1922,-0.188,-0.1874,-0.1887,-0.1912,-0.1947,-0.1988,-0.2033,-0.2081,-0.2131,-0.2182,-0.2232,-0.2282,-0.2332,-0.238,-0.2426,-0.5035,-0.5085,-0.5124,-0.5148,-0.5153,-0.5139,-0.5108,-0.5059,-0.4986,-0.4879,-0.4727,-0.452,-0.4254,-0.3928,-0.3544,-0.3108,-0.2647,-0.2211,-0.1874,-0.1685,-0.1636,-0.1661,-0.1697,-0.1728,-0.1763,-0.1808,-0.1862,-0.1921,-0.1981,-0.2043,-0.2104,-0.2165,-0.2225,-0.2284,-0.234,-0.2393,-0.5127,-0.5197,-0.5253,-0.5287,-0.5294,-0.528,-0.5246,-0.5198,-0.5137,-0.505,-0.4908,-0.4696,-0.4406,-0.4037,-0.3583,-0.3038,-0.2422,-0.1813,-0.1366,-0.1217,-0.1335,-0.1521,-0.1605,-0.1611,-0.1626,-0.1671,-0.1734,-0.1806,-0.1879,-0.1954,-0.2027,-0.21,-0.217,-0.2239,-0.2304,-0.2365,-0.5221,-0.5323,-0.5405,-0.545,-0.5452,-0.542,-0.5363,-0.5292,-0.5242,-0.5206,-0.5108,-0.4906,-0.4602,-0.4198,-0.3678,-0.3005,-0.216,-0.1222,-0.0515,-0.0472,-0.1045,-0.1651,-0.1718,-0.1554,-0.1496,-0.153,-0.1603,-0.1688,-0.1775,-0.1863,-0.195,-0.2035,-0.2118,-0.2198,-0.2273,-0.2343,-0.5314,-0.547,-0.5606,-0.5668,-0.5643,-0.5569,-0.5446,-0.5264,-0.5186,-0.53,-0.5325,-0.5159,-0.4851,-0.4432,-0.3873,-0.3089,-0.1962,-0.0435,0.1004,0.093,-0.0514,-0.1846,-0.1829,-0.143,-0.1323,-0.1369,-0.1462,-0.1565,-0.1668,-0.1771,-0.1874,-0.1974,-0.2071,-0.2164,-0.225,-0.233,-0.539,-0.5648,-0.5917,-0.6029,-0.5912,-0.5748,-0.556,-0.5153,-0.4927,-0.5382,-0.5613,-0.5476,-0.5161,-0.4755,-0.4222,-0.3417,-0.2107,-0.0016,0.2531,0.2411,0.0545,-0.0662,-0.1032,-0.0993,-0.1056,-0.1179,-0.1309,-0.1434,-0.1556,-0.1677,-0.1798,-0.1916,-0.2031,-0.2139,-0.2239,-0.2328,-0.5399,-0.5816,-0.6437,-0.6766,-0.6307,-0.5936,-0.5864,-0.5615,-0.5468,-0.5959,-0.6135,-0.5893,-0.5526,-0.5168,-0.4771,-0.4095,-0.2842,-0.0906,0.1145,0.1596,0.1793,0.1407,0.0304,-0.0375,-0.0745,-0.0977,-0.1147,-0.1293,-0.1435,-0.1578,-0.1722,-0.1865,-0.2001,-0.2127,-0.2242,-0.2343,-0.5237,-0.5725,-0.6897,-0.7982,-0.6518,-0.5883,-0.6295,-0.6755,-0.7148,-0.737,-0.7024,-0.6406,-0.5902,-0.5635,-0.558,-0.5227,-0.3985,-0.2276,-0.056,0.1307,0.4227,0.3632,0.1255,0.0039,-0.0508,-0.0786,-0.0968,-0.113,-0.1297,-0.1471,-0.1649,-0.1822,-0.1986,-0.2136,-0.2268,-0.2381,-0.4841,-0.4949,-0.5443,-0.5844,-0.4464,-0.5199,-0.6731,-0.8117,-0.9536,-0.9862,-0.8302,-0.6908,-0.6194,-0.6024,-0.667,-0.7078,-0.5077,-0.3239,-0.163,0.0397,0.2882,0.2672,0.0994,0.0037,-0.0384,-0.0585,-0.0741,-0.092,-0.1129,-0.1354,-0.158,-0.1797,-0.1997,-0.2174,-0.2325,-0.245,-0.4381,-0.3837,-0.2377,0.1086,0.0364,-0.4306,-0.7407,-0.9399,-1.2294,-1.3796,-0.9427,-0.7142,-0.633,-0.6149,-0.6652,-0.7165,-0.5094,-0.3585,-0.2456,-0.1184,0.0057,0.0425,0.0113,-0.0154,-0.0232,-0.0262,-0.0387,-0.0625,-0.0921,-0.1229,-0.1526,-0.1802,-0.2047,-0.2257,-0.2429,-0.2562,-0.4157,-0.341,-0.1744,0.0946,-0.0026,-0.5013,-0.8792,-1.0894,-1.1168,-1.1628,-0.8682,-0.6965,-0.6397,-0.6322,-0.6133,-0.5245,-0.421,-0.3494,-0.2983,-0.213,-0.1251,-0.0686,-0.0399,-0.0137,0.0204,0.04,0.0217,-0.0208,-0.0676,-0.1113,-0.1507,-0.1859,-0.2161,-0.2409,-0.2599,-0.2734,-0.4241,-0.3755,-0.3004,-0.2469,-0.3633,-0.652,-0.9671,-1.4528,-0.9341,-0.8568,-0.7398,-0.6853,-0.6653,-0.6722,-0.6361,-0.4103,-0.3262,-0.3561,-0.3486,-0.2417,-0.153,-0.0891,-0.04,0.0215,0.112,0.1642,0.1127,0.028,-0.0448,-0.1045,-0.1558,-0.2004,-0.2377,-0.2665,-0.2866,-0.2989,-0.4473,-0.4299,-0.4174,-0.4394,-0.5333,-0.6891,-0.8376,-0.8154,-0.7835,-0.7259,-0.6583,-0.705,-0.737,-0.757,-0.4642,-0.1842,-0.1783,-0.266,-0.2843,-0.1984,-0.1036,-0.042,-0.0053,0.0614,0.2031,0.2924,0.1866,0.0587,-0.0347,-0.1084,-0.1728,-0.2293,-0.2754,-0.3083,-0.3277,-0.3359,-0.4696,-0.4706,-0.4819,-0.5153,-0.5779,-0.6586,-0.7242,-0.7362,-0.693,-0.6154,-0.5569,-0.5609,-0.5929,-0.5938,-0.3755,-0.1099,0.1294,-0.1197,-0.1828,-0.0926,0.0625,0.1009,0.0592,0.07,0.1624,0.2269,0.1513,0.0457,-0.0441,-0.1267,-0.2071,-0.281,-0.3395,-0.3756,-0.3898,-0.3881,-0.4842,-0.4927,-0.5091,-0.5368,-0.5752,-0.6157,-0.6421,-0.6382,-0.5969,-0.5231,-0.4361,-0.4169,-0.4615,-0.487,-0.3677,-0.1552,0.0262,-0.1341,-0.1656,0.0381,0.4617,0.3843,0.141,0.0661,0.0826,0.1033,0.0769,0.0168,-0.0621,-0.1575,-0.2653,-0.37,-0.4477,-0.4832,-0.4816,-0.459,-0.4908,-0.5009,-0.5156,-0.5353,-0.5577,-0.5771,-0.5853,-0.5745,-0.5417,-0.4897,-0.435,-0.4329,-0.4247,-0.4119,-0.3798,-0.2955,-0.2465,-0.2898,-0.2951,-0.027,0.5155,0.4137,0.1395,0.0548,0.0591,0.0799,0.0734,0.0232,-0.0672,-0.195,-0.3562,-0.5213,-0.6314,-0.6531,-0.6116,-0.5489,-0.4913,-0.5005,-0.5118,-0.5248,-0.5374,-0.546,-0.5464,-0.5355,-0.5133,-0.4842,-0.4586,-0.4418,-0.4175,-0.4077,-0.4087,-0.3898,-0.3724,-0.4749,-0.6253,-0.3179,-0.0068,0.0786,0.037,0.0337,0.087,0.163,0.1759,0.0904,-0.0458,-0.2305,-0.4852,-0.7686,-0.9321,-0.9015,-0.7749,-0.6473,-0.4879,-0.4952,-0.5034,-0.5115,-0.5182,-0.5213,-0.5188,-0.5095,-0.4942,-0.4757,-0.4579,-0.4421,-0.4286,-0.4271,-0.4639,-0.4828,-0.4248,-0.482,-0.5552,-0.4163,-0.2477,-0.1177,-0.0493,0.0199,0.1453,0.3415,0.3836,0.19,-0.0079,-0.2469,-0.6185,-1.089,-1.3233,-1.1773,-0.9254,-0.7254,-0.4821,-0.4875,-0.493,-0.4978,-0.501,-0.5012,-0.4976,-0.4898,-0.4783,-0.4648,-0.451,-0.4383,-0.4292,-0.4308,-0.4576,-0.4657,-0.4235,-0.426,-0.4638,-0.4806,-0.3248,-0.1836,-0.0877,0.0051,0.1474,0.3721,0.4221,0.1909,0.0191,-0.2108,-0.629,-1.2139,-1.4915,-1.2763,-0.9683,-0.7431,-0.4749,-0.4788,-0.4822,-0.4848,-0.4857,-0.4844,-0.4804,-0.4735,-0.4642,-0.4533,-0.4419,-0.4311,-0.4227,-0.4196,-0.4219,-0.4163,-0.3984,-0.3924,-0.4096,-0.3984,-0.2868,-0.1661,-0.0862,-0.017,0.0742,0.1429,0.0931,0.0843,0.0553,-0.0917,-0.4287,-0.9005,-1.1605,-1.0642,-0.8572,-0.685,-0.4672,-0.4697,-0.4716,-0.4726,-0.4722,-0.47,-0.4657,-0.4594,-0.4512,-0.4418,-0.4317,-0.4217,-0.4127,-0.4052,-0.398,-0.3872,-0.3718,-0.3567,-0.3398,-0.2967,-0.2013,-0.0883,-0.0436,-0.0281,0.0209,0.0488,0.0086,0.0685,0.1885,0.1294,-0.132,-0.4701,-0.698,-0.7356,-0.6671,-0.5791,-0.4593,-0.4607,-0.4615,-0.4614,-0.46,-0.4572,-0.4528,-0.4467,-0.4393,-0.4306,-0.4212,-0.4114,-0.4015,-0.3914,-0.3802,-0.3662,-0.3484,-0.3258,-0.2934,-0.2379,-0.144,-0.0313,-0.0054,-0.0289,-0.0018,0.0409,0.0819,0.2388,0.5096,0.4142,0.1145,-0.1764,-0.3809,-0.4756,-0.4901,-0.4672,-0.4514,-0.452,-0.4519,-0.451,-0.449,-0.4457,-0.4412,-0.4353,-0.4282,-0.42,-0.4109,-0.401,-0.3904,-0.3788,-0.3656,-0.3495,-0.3294,-0.3034,-0.2673,-0.2147,-0.1418,-0.0678,-0.0412,-0.042,-0.0152,0.039,0.1298,0.3253,0.5534,0.4623,0.1999,-0.0382,-0.2105,-0.3136,-0.3613,-0.3743]}]