docs/data/wind_grid.json
{"header": {"la1":42.1,"la2":41.55,"lo1":12.1,"lo2":12.95,"nx":50,"ny":50,"dx":0.01735,"dy":0.01122,"parameterCategory":2,"parameterNumber":2,"parameterNumberName":"eastward_wind","parameterUnit":"m.s-1"}, "data":
[rows 0 to 45 of 50, columns 0 to 49 of 50]
3.0094,2.7245,2.4609,2.2685,2.1907,2.2426,2.4034,2.6287,2.8726,3.1017,3.2986,3.4581,3.5817,3.6738,3.7396,3.7838,3.8107,3.8239,3.8265,3.8219,3.8135,3.8051,3.7997,3.7996,3.8055,3.8166,3.8316,3.8489,3.8674,3.8864,3.9057,3.9253,3.9454,3.966,3.9871,4.0084,4.0293,4.049,4.0668,4.0817,4.0933,4.1014,4.1062,4.1081,4.1077,4.1058,4.103,4.0997,4.0963,4.093
3.1025,2.8046,2.5268,2.3237,2.2412,2.2932,2.4556,2.6813,2.9233,3.1488,3.3412,3.4958,3.6146,3.702,3.7633,3.8031,3.8253,3.8335,3.8306,3.8202,3.8061,3.7927,3.7841,3.7828,3.7895,3.8028,3.8204,3.8403,3.8611,3.8819,3.9028,3.9238,3.9453,3.9675,3.9904,4.0137,4.0367,4.0586,4.0781,4.0943,4.1066,4.1146,4.1187,4.1195,4.1179,4.1147,4.1105,4.1061,4.1016,4.0975
3.2379,2.9349,2.6505,2.442,2.3553,2.402,2.556,2.7705,3.0002,3.2138,3.3957,3.5414,3.6527,3.7338,3.7896,3.8242,3.8413,3.8438,3.8348,3.8177,3.7967,3.7773,3.7648,3.7625,3.7708,3.7872,3.8084,3.8314,3.8547,3.8775,3.8999,3.9223,3.9452,3.969,3.9939,4.0194,4.045,4.0692,4.0909,4.1086,4.1215,4.1293,4.1325,4.132,4.1288,4.124,4.1183,4.1125,4.107,4.102
3.4162,3.1163,2.8323,2.6222,2.5299,2.5644,2.6996,2.8918,3.0995,3.2939,3.46,3.5935,3.6952,3.7688,3.8182,3.8472,3.8587,3.8552,3.8393,3.8144,3.7852,3.7585,3.7414,3.7383,3.7492,3.77,3.7957,3.8225,3.8486,3.8733,3.8972,3.9208,3.9451,3.9705,3.9975,4.0255,4.0539,4.081,4.1052,4.1246,4.1381,4.1457,4.1477,4.1455,4.1404,4.1336,4.1263,4.1191,4.1124,4.1065
3.6343,3.3438,3.0646,2.854,2.7528,2.7679,2.8754,3.0367,3.2151,3.3847,3.5315,3.6501,3.7408,3.8061,3.8489,3.872,3.8778,3.868,3.8448,3.811,3.7721,3.7364,3.7137,3.7103,3.7252,3.7519,3.7831,3.8141,3.843,3.8696,3.8947,3.9194,3.9448,3.9719,4.001,4.0319,4.0635,4.094,4.121,4.1424,4.1567,4.1636,4.1642,4.1598,4.1524,4.1435,4.1343,4.1255,4.1176,4.1107
3.8847,3.6069,3.3335,3.1204,3.0055,2.9953,3.0692,3.1944,3.3396,3.4815,3.6068,3.7095,3.7885,3.8451,3.8813,3.8988,3.899,3.883,3.852,3.8085,3.7583,3.7118,3.6825,3.6792,3.6998,3.734,3.7715,3.807,3.8385,3.8666,3.8926,3.918,3.9444,3.9729,4.0042,4.0382,4.0735,4.1079,4.1384,4.1621,4.1771,4.1832,4.1817,4.1749,4.1648,4.1535,4.1422,4.1317,4.1225,4.1147
4.156,3.8911,3.621,3.4011,3.2681,3.2289,3.2668,3.3546,3.4657,3.5794,3.6829,3.7695,3.837,3.8854,3.9154,3.9278,3.9229,3.9009,3.8623,3.8088,3.746,3.6868,3.6496,3.6472,3.6752,3.7181,3.7623,3.8018,3.8355,3.8645,3.8908,3.9165,3.9435,3.9733,4.0069,4.0441,4.0836,4.1226,4.157,4.1833,4.1991,4.2041,4.2002,4.1903,4.1772,4.1632,4.1497,4.1375,4.127,4.1183
4.4342,4.1795,3.9085,3.6773,3.523,3.4537,3.4565,3.5087,3.5875,3.6744,3.7571,3.8285,3.8853,3.9263,3.951,3.9592,3.9501,3.9229,3.8772,3.814,3.7386,3.6656,3.6197,3.6187,3.6552,3.7069,3.7571,3.7996,3.8343,3.8634,3.8893,3.9148,3.942,3.9728,4.0085,4.0492,4.0933,4.1374,4.1765,4.2058,4.2223,4.2258,4.219,4.2056,4.1892,4.1723,4.1565,4.1427,4.131,4.1214
4.704,4.4559,4.1796,3.9339,3.7572,3.6595,3.6303,3.6506,3.7005,3.7633,3.8272,3.885,3.9324,3.9673,3.9882,3.9934,3.9812,3.9499,3.8984,3.8271,3.7408,3.6552,3.6008,3.601,3.6451,3.7036,3.7574,3.801,3.8354,3.8634,3.8882,3.9126,3.9395,3.971,4.0087,4.0529,4.1019,4.1517,4.196,4.2287,4.2458,4.2476,4.2374,4.2202,4.2002,4.1804,4.1625,4.147,4.1343,4.124
4.9503,4.7054,4.4216,4.1607,3.9631,3.8402,3.7837,3.7769,3.8021,3.8442,3.8919,3.9379,3.9777,4.0081,4.0268,4.0308,4.017,3.9829,3.927,3.8503,3.7572,3.6636,3.603,3.603,3.6503,3.7108,3.7643,3.8063,3.8385,3.8643,3.887,3.9098,3.9356,3.9673,4.0066,4.0541,4.1083,4.1642,4.2143,4.2506,4.2684,4.2681,4.2544,4.2332,4.2097,4.1871,4.1671,4.1504,4.1367,4.126
5.1594,4.9162,4.6253,4.3514,4.1366,3.9934,3.9149,3.8862,3.8911,3.916,3.9502,3.9866,4.0205,4.0483,4.0666,4.0715,4.0579,4.0221,3.9634,3.8841,3.7902,3.6962,3.6338,3.6309,3.6742,3.7296,3.778,3.8154,3.8436,3.8659,3.8855,3.9058,3.93,3.9611,4.0015,4.0521,4.1112,4.1734,4.2295,4.2697,4.2882,4.2858,4.2685,4.2435,4.2168,4.1918,4.1702,4.1525,4.1383,4.1272
5.3208,5.08,4.7855,4.5036,4.277,4.119,4.024,3.9784,3.9674,3.9785,4.0018,4.0306,4.0602,4.0872,4.1075,4.1155,4.1041,4.0677,4.0063,3.9263,3.8367,3.7503,3.6915,3.683,3.7146,3.7581,3.797,3.8273,3.8499,3.8676,3.8833,3.9003,3.9221,3.9519,3.9927,4.0457,4.1093,4.1774,4.2394,4.2836,4.3029,4.2987,4.2782,4.2501,4.2208,4.1941,4.1715,4.1531,4.1387,4.1277
5.4281,5.1925,4.9003,4.617,4.3851,4.2185,4.1124,4.0546,4.0316,4.0319,4.0466,4.0695,4.0964,4.1242,4.1486,4.1626,4.1557,4.1191,4.0536,3.9721,3.8888,3.8144,3.763,3.7482,3.7643,3.7923,3.8192,3.8408,3.8568,3.869,3.8799,3.8928,3.9112,3.9389,3.9792,4.0337,4.1008,4.1741,4.2414,4.2894,4.3098,4.3045,4.2819,4.2518,4.2211,4.1936,4.1706,4.1523,4.1381,4.1274
5.4802,5.2538,4.9709,4.6938,4.4635,4.2941,4.182,4.1162,4.0847,4.0769,4.0848,4.1032,4.1285,4.1582,4.1887,4.2116,4.2121,4.1751,4.1023,4.0153,3.9363,3.8739,3.8313,3.8121,3.8141,3.827,3.8419,3.8544,3.8632,3.8693,3.8747,3.8825,3.8967,3.9214,3.9601,4.015,4.0845,4.1616,4.2332,4.2845,4.3066,4.3014,4.2784,4.2478,4.2171,4.1899,4.1675,4.1499,4.1364,4.1263
5.481,5.2681,5.0012,4.7375,4.5154,4.3487,4.2351,4.1651,4.128,4.1143,4.1171,4.1317,4.1558,4.188,4.2256,4.26,4.2709,4.2337,4.1487,4.0504,3.971,3.9178,3.8839,3.864,3.8568,3.8582,3.8629,3.8669,3.8685,3.8679,3.867,3.869,3.878,3.8985,3.9347,3.9886,4.059,4.1385,4.2131,4.2672,4.2915,4.2881,4.2667,4.2378,4.2088,4.1832,4.1623,4.146,4.1337,4.1246
5.439,5.243,4.9976,4.7532,4.5446,4.3853,4.2741,4.2031,4.1628,4.1451,4.1439,4.1554,4.1781,4.212,4.2563,4.303,4.3268,4.2897,4.1882,4.0731,3.9887,3.9413,3.916,3.8996,3.889,3.8836,3.8807,3.8774,3.8719,3.8644,3.8565,3.8515,3.8541,3.8694,3.9019,3.9539,4.0238,4.104,4.1803,4.2368,4.2643,4.2645,4.247,4.2219,4.1962,4.1735,4.1551,4.1408,4.1301,4.1224
5.365,5.1882,4.9677,4.7467,4.5555,4.4072,4.3014,4.2319,4.1907,4.1704,4.166,4.1744,4.1949,4.2288,4.277,4.3333,4.369,4.3326,4.2144,4.0811,3.9889,3.9447,3.9288,3.9199,3.911,3.9028,3.8949,3.8854,3.8732,3.8583,3.8423,3.8292,3.8242,3.8331,3.8609,3.91,3.9787,4.0586,4.1357,4.1945,4.226,4.2318,4.2202,4.2008,4.18,4.1614,4.1462,4.1345,4.1259,4.1198
5.2708,5.1138,4.9196,4.7238,4.5525,4.4175,4.3195,4.2535,4.2128,4.1912,4.1842,4.1894,4.2066,4.2378,4.2851,4.3435,4.3837,4.3473,4.2197,4.0755,3.9765,3.9336,3.9277,3.9289,3.925,3.9168,3.9057,3.891,3.8721,3.8492,3.8242,3.8015,3.7873,3.7886,3.8109,3.8569,3.9239,4.0035,4.0813,4.1427,4.1793,4.192,4.1881,4.1757,4.1611,4.1474,4.1361,4.1275,4.1213,4.117
5.1666,5.029,4.8607,4.6904,4.5398,4.4194,4.3305,4.2694,4.2304,4.2084,4.1993,4.2012,4.2141,4.2398,4.2803,4.3309,4.3639,4.3253,4.2022,4.0624,3.9625,3.9186,3.9211,3.9327,3.9343,3.9271,3.9137,3.8943,3.8687,3.837,3.8016,3.7675,3.7425,3.7349,3.7513,3.7943,3.8606,3.9405,4.0198,4.0847,4.1273,4.1479,4.1526,4.1483,4.1405,4.1324,4.1255,4.1202,4.1166,4.1142
5.0609,4.9415,4.7973,4.6512,4.5209,4.4154,4.3364,4.281,4.2447,4.223,4.2124,4.211,4.2188,4.2369,4.2663,4.3016,4.3188,4.2774,4.1707,4.0502,3.9592,3.9145,3.92,3.9372,3.942,3.9352,3.9196,3.8957,3.863,3.8217,3.7743,3.7269,3.6891,3.6713,3.6818,3.723,3.7901,3.8721,3.9545,4.024,4.0733,4.1025,4.1161,4.1202,4.1195,4.1172,4.1148,4.1131,4.1121,4.1118
4.9594,4.8565,4.7341,4.6102,4.4989,4.4078,4.3389,4.2898,4.2568,4.236,4.2243,4.2199,4.2223,4.2321,4.2489,4.2668,4.2675,4.2251,4.1388,4.0438,3.9708,3.9309,3.9326,3.9466,3.9501,3.9422,3.9242,3.8956,3.8554,3.8035,3.7425,3.6796,3.6269,3.5979,3.603,3.6442,3.7148,3.8014,3.8888,3.9641,4.0207,4.0582,4.0806,4.0929,4.0993,4.1027,4.1048,4.1066,4.1083,4.1101
4.8659,4.7776,4.6743,4.5701,4.476,4.3986,4.3393,4.2967,4.2675,4.2481,4.2359,4.2289,4.2265,4.2284,4.2336,4.2365,4.2247,4.1834,4.1143,4.0415,3.9886,3.9612,3.9567,3.9605,3.9592,3.9488,3.9278,3.8943,3.8464,3.7832,3.7071,3.6267,3.5571,3.5162,3.5168,3.5607,3.6377,3.7316,3.8258,3.9078,3.9718,4.0174,4.048,4.0679,4.0808,4.0897,4.0962,4.1013,4.1055,4.1091
4.7821,4.7066,4.6199,4.5327,4.454,4.3889,4.339,4.3028,4.2776,4.2602,4.2479,4.239,4.2325,4.228,4.2239,4.2161,4.1963,4.1565,4.099,4.0404,4.0006,3.9849,3.9789,3.9745,3.9683,3.955,3.9308,3.8924,3.8368,3.762,3.67,3.5707,3.483,3.43,3.4279,3.477,3.5632,3.6664,3.7685,3.8577,3.9288,3.9818,4.0197,4.0463,4.0652,4.0789,4.0893,4.0974,4.104,4.1093
4.7087,4.6443,4.5716,4.4991,4.4338,4.3799,4.3386,4.3087,4.2878,4.2729,4.2612,4.251,4.2414,4.232,4.2215,4.2067,4.1821,4.1433,4.092,4.0399,4.0037,3.9915,3.9894,3.9847,3.9764,3.9607,3.9335,3.8905,3.8275,3.7416,3.6342,3.5162,3.4106,3.3464,3.3433,3.3997,3.4965,3.6096,3.7197,3.8157,3.8931,3.9524,3.9966,4.029,4.053,4.071,4.0848,4.0956,4.1041,4.1109
4.6453,4.5905,4.5298,4.4699,4.4162,4.3722,4.3389,4.3152,4.2988,4.2868,4.2762,4.2653,4.2534,4.2407,4.2262,4.2074,4.1803,4.1416,4.0927,4.0424,4.0046,3.9905,3.9919,3.9911,3.9831,3.966,3.9362,3.8892,3.8199,3.7244,3.6036,3.4693,3.3483,3.2752,3.2726,3.3366,3.4431,3.5649,3.6818,3.7833,3.8658,3.9303,3.9795,4.0167,4.0449,4.0664,4.0831,4.096,4.1062,4.1141
4.5911,4.5447,4.4942,4.445,4.4013,4.3661,4.3402,4.3226,4.311,4.3024,4.2935,4.2823,4.2685,4.2534,4.2369,4.2167,4.1884,4.1494,4.101,4.0507,4.011,3.994,3.9952,3.9964,3.9892,3.9712,3.9393,3.8891,3.8152,3.7128,3.5827,3.4372,3.3058,3.2272,3.2255,3.295,3.4081,3.5353,3.6564,3.7615,3.8477,3.916,3.9691,4.0099,4.0414,4.0657,4.0845,4.0991,4.1104,4.1191
4.5454,4.5061,4.4643,4.4241,4.3892,4.3618,4.3427,4.331,4.3247,4.3201,4.3135,4.3021,4.2862,4.2688,4.2517,4.2322,4.2044,4.165,4.1162,4.0659,4.0256,4.0058,4.0035,4.0034,3.9957,3.9767,3.9433,3.891,3.8144,3.7089,3.5748,3.4252,3.2906,3.2104,3.2092,3.2802,3.3946,3.5227,3.6447,3.7511,3.8392,3.9098,3.9655,4.009,4.0428,4.069,4.0893,4.105,4.1169,4.126
4.5069,4.4739,4.4395,4.407,4.3796,4.3591,4.3463,4.3406,4.3398,4.3401,4.3366,4.325,4.3059,4.2853,4.2682,4.2513,4.2256,4.1862,4.137,4.087,4.0468,4.0243,4.017,4.0132,4.0035,3.9832,3.9487,3.8955,3.8185,3.7136,3.5816,3.4356,3.3051,3.2275,3.2257,3.2933,3.4033,3.5275,3.6469,3.7521,3.8403,3.912,3.9692,4.0142,4.0495,4.0768,4.0979,4.1139,4.126,4.1349
4.4746,4.447,4.4189,4.3931,4.3722,4.3578,4.3509,4.351,4.3563,4.3625,4.3632,4.3516,4.3274,4.3009,4.2833,4.2708,4.2487,4.2099,4.1605,4.1115,4.0719,4.047,4.0345,4.0261,4.0134,3.9914,3.9559,3.9029,3.8277,3.7269,3.6022,3.4663,3.346,3.2741,3.271,3.3315,3.4324,3.5486,3.6624,3.7643,3.8511,3.9225,3.9801,4.0258,4.0615,4.0892,4.1103,4.1261,4.1377,4.1461
4.4475,4.4247,4.402,4.3819,4.3665,4.3576,4.356,4.3617,4.3732,4.3864,4.3931,4.3825,4.3509,4.3144,4.2943,4.2869,4.2695,4.2321,4.1836,4.1363,4.0979,4.0714,4.0547,4.0416,4.0256,4.0016,3.9655,3.9135,3.8417,3.7477,3.634,3.5125,3.4061,3.3421,3.3375,3.389,3.4783,3.584,3.69,3.7871,3.8711,3.9413,3.9984,4.0438,4.0792,4.1063,4.1266,4.1415,4.1521,4.1594
4.4248,4.4061,4.388,4.3727,4.3621,4.3578,4.3609,4.3717,4.3894,4.4102,4.4249,4.4174,4.3771,4.3257,4.3,4.2967,4.2839,4.2491,4.2032,4.1592,4.1231,4.0961,4.0764,4.0594,4.04,4.014,3.9775,3.9271,3.8598,3.7743,3.6735,3.5682,3.4772,3.4222,3.4167,3.4594,3.5365,3.6309,3.7282,3.8196,3.9002,3.9683,4.0241,4.0683,4.1026,4.1283,4.1471,4.1603,4.1693,4.1749
4.4057,4.3905,4.3764,4.3651,4.3585,4.3581,4.365,4.3801,4.4031,4.431,4.4543,4.4524,4.4051,4.3367,4.3021,4.2996,4.29,4.259,4.2179,4.1789,4.1465,4.1206,4.0991,4.0789,4.0566,4.0286,3.9919,3.9435,3.8813,3.8047,3.7173,3.6281,3.5522,3.5064,3.5012,3.5366,3.6028,3.6865,3.7754,3.8609,3.9377,4.0033,4.0571,4.0995,4.1316,4.1552,4.1716,4.1825,4.1891,4.1925
4.3895,4.3774,4.3666,4.3587,4.3553,4.3578,4.3677,4.3857,4.4123,4.445,4.4747,4.4785,4.4286,4.349,4.3053,4.2986,4.2894,4.2628,4.2281,4.1956,4.1683,4.1447,4.1225,4.1,4.075,4.0452,4.0082,3.962,3.9049,3.8373,3.7625,3.6882,3.6263,3.5894,3.5858,3.616,3.6736,3.7483,3.8298,3.91,3.9831,4.046,4.0973,4.1371,4.1664,4.1868,4.2001,4.2078,4.2115,4.2122
4.3757,4.3661,4.358,4.3529,4.352,4.3568,4.3684,4.388,4.4157,4.4494,4.4803,4.4856,4.4381,4.3596,4.3113,4.2972,4.2856,4.2629,4.2352,4.2104,4.1892,4.1688,4.1468,4.1222,4.0947,4.0632,4.0261,3.982,3.9299,3.8706,3.8072,3.7461,3.6966,3.6682,3.6671,3.6946,3.7462,3.8143,3.8901,3.966,4.0359,4.0961,4.1446,4.1811,4.2067,4.2232,4.2324,4.2362,4.2362,4.2337
4.3637,4.3563,4.3505,4.3474,4.3484,4.3546,4.367,4.3865,4.413,4.444,4.4707,4.4731,4.4311,4.3639,4.3169,4.2964,4.2816,4.262,4.2414,4.2247,4.2103,4.1935,4.1717,4.1452,4.1153,4.0821,4.0449,4.0028,3.9553,3.9034,3.8501,3.8005,3.7618,3.7412,3.7437,3.7705,3.8188,3.8827,3.9548,4.0279,4.0955,4.1532,4.1986,4.2312,4.2523,4.2638,4.2681,4.2672,4.263,4.2568
4.3532,4.3476,4.3435,4.3421,4.3444,4.3512,4.3635,4.3817,4.4053,4.4311,4.4508,4.449,4.414,4.3608,4.3191,4.2954,4.2785,4.2619,4.2482,4.2396,4.2321,4.2187,4.1968,4.1682,4.1359,4.1011,4.0638,4.0236,3.9804,3.9351,3.8904,3.8507,3.8214,3.8081,3.8148,3.8428,3.8902,3.9524,4.023,4.0948,4.161,4.2166,4.2587,4.2869,4.3026,4.3083,4.3068,4.3006,4.2915,4.2811
4.3439,4.3397,4.337,4.3368,4.3398,4.3468,4.3583,4.3743,4.3939,4.4137,4.4266,4.4218,4.3935,4.3526,4.3173,4.2934,4.2763,4.263,4.2559,4.2553,4.2542,4.2435,4.2208,4.19,4.1554,4.1194,4.0822,4.0439,4.0045,3.9651,3.9279,3.8966,3.8755,3.869,3.8804,3.911,3.9596,4.0223,4.0934,4.1655,4.2315,4.2855,4.3242,4.3473,4.3568,4.3558,4.3478,4.3356,4.3213,4.3063
4.3354,4.3324,4.3308,4.3314,4.3347,4.3414,4.3516,4.3651,4.3806,4.3949,4.4023,4.3959,4.3733,4.3418,4.3125,4.2904,4.2746,4.2651,4.2641,4.2705,4.2746,4.2657,4.242,4.2092,4.173,4.1361,4.0994,4.0631,4.0272,3.993,3.9624,3.9383,3.9244,3.9243,3.9407,3.975,4.0263,4.0915,4.1648,4.2389,4.3057,4.3584,4.3936,4.4111,4.4137,4.4054,4.3903,4.3716,4.3516,4.3318
4.3277,4.3256,4.3248,4.3258,4.3292,4.3352,4.344,4.355,4.3667,4.3764,4.3799,4.373,4.3548,4.3301,4.306,4.2867,4.2732,4.2673,4.2712,4.2826,4.2902,4.2823,4.2581,4.2244,4.1874,4.1506,4.1149,4.0807,4.0483,4.0188,3.9939,3.9761,3.9686,3.9744,3.996,4.0346,4.0899,4.1588,4.2359,4.3132,4.3816,4.4336,4.4651,4.4767,4.4719,4.4557,4.4331,4.4076,4.3818,4.3572
4.3206,4.3192,4.3188,4.3201,4.3233,4.3286,4.3359,4.3444,4.353,4.3593,4.3602,4.3532,4.3383,4.3187,4.299,4.2826,4.2718,4.2689,4.2759,4.2896,4.2984,4.2913,4.2677,4.2345,4.1983,4.1625,4.1284,4.0965,4.0675,4.0422,4.0224,4.0103,4.0085,4.0197,4.0464,4.0897,4.1496,4.2232,4.305,4.3862,4.4569,4.5084,4.5363,4.5417,4.5293,4.5052,4.475,4.4428,4.4113,4.3818
4.3139,4.313,4.313,4.3144,4.3173,4.3217,4.3275,4.334,4.34,4.3437,4.343,4.3364,4.324,4.3081,4.292,4.2785,4.2702,4.2693,4.2774,4.2906,4.2989,4.2924,4.2706,4.2396,4.2054,4.1715,4.1396,4.1105,4.0848,4.0635,4.0483,4.0411,4.0444,4.0606,4.0921,4.1402,4.2048,4.2835,4.3702,4.4557,4.5287,4.5798,4.6043,4.6037,4.5838,4.552,4.5146,4.476,4.4391,4.4051
4.3076,4.307,4.3073,4.3086,4.3111,4.3147,4.3193,4.324,4.328,4.3299,4.3281,4.3219,4.3115,4.2985,4.2854,4.2744,4.268,4.2682,4.2757,4.2869,4.2934,4.2873,4.2681,4.2402,4.2091,4.178,4.1488,4.1226,4.1002,4.0827,4.0715,4.0688,4.0766,4.0973,4.1332,4.1857,4.2549,4.3382,4.4295,4.5188,4.594,4.6446,4.6658,4.6597,4.6331,4.5944,4.5505,4.5062,4.4644,4.4265
4.3017,4.3013,4.3016,4.3028,4.3049,4.3078,4.3112,4.3146,4.317,4.3176,4.3153,4.3095,4.3007,4.29,4.2792,4.2703,4.2653,4.2658,4.2718,4.2801,4.2843,4.2786,4.2619,4.2377,4.2101,4.1823,4.1562,4.1331,4.1139,4.0998,4.0925,4.0936,4.1053,4.13,4.1697,4.226,4.2989,4.386,4.4808,4.573,4.6495,4.6994,4.7177,4.707,4.675,4.6306,4.5814,4.5325,4.4867,4.4454
4.296,4.2958,4.2961,4.2971,4.2988,4.301,4.3035,4.3057,4.307,4.3067,4.3041,4.2988,4.2912,4.2823,4.2734,4.2662,4.2621,4.2623,4.2665,4.2719,4.274,4.2683,4.254,4.2333,4.2093,4.185,4.1621,4.142,4.126,4.1152,4.1112,4.1157,4.1308,4.1588,4.2016,4.2608,4.3364,4.4259,4.5227,4.6161,4.6928,4.7416,4.7576,4.7436,4.7077,4.6594,4.6064,4.5541,4.5054,4.4615
4.2905,4.2904,4.2907,4.2916,4.2928,4.2945,4.2962,4.2975,4.298,4.2971,4.2943,4.2895,4.2829,4.2754,4.268,4.262,4.2585,4.2581,4.2605,4.2635,4.2636,4.2579,4.2456,4.228,4.2075,4.1865,4.1668,4.1497,4.1367,4.1289,4.1279,4.1354,4.1533,4.1839,4.2289,4.29,4.3669,4.4571,4.554,4.6467,4.7224,4.7697,4.7839,4.768,4.7301,4.6797,4.6247,4.5705,4.5199,4.4744
4.2853,4.2852,4.2855,4.2861,4.2871,4.2882,4.2892,4.2899,4.2898,4.2885,4.2856,4.2812,4.2756,4.2692,4.2629,4.2578,4.2545,4.2536,4.2544,4.2554,4.2541,4.2483,4.2375,4.2226,4.2052,4.1873,4.1706,4.1565,4.1462,4.1411,4.1427,4.1527,4.1729,4.2053,4.2518,4.3136,4.3904,4.4795,4.5744,4.6647,4.7378,4.7832,4.7962,4.7799,4.7418,4.6913,4.6361,4.5814,4.5302,4.484
