docs/data/wind_grid.json
[{"header":{"la1":42.85,"la2":41.18,"lo1":11.55,"lo2":14.05,"nx":36,"ny":24,"dx":0.07143,"dy":0.07261,"parameterCategory":2,"parameterNumber":2,"parameterNumberName":"eastward_wind","parameterUnit":"m.s-1"},"data":[-0.7765,-0.7852,-0.794,-0.8028,-0.8108,-0.8169,-0.819,-0.815,-0.8035,-0.785,-0.7618,-0.7376,-0.7158,-0.6989,-0.688,-0.6828,-0.6823,-0.6842,-0.6861,-0.686,-0.6829,-0.6767,-0.6683,-0.6586,-0.6486,-0.6387,-0.6292,-0.6204,-0.6122,-0.6047,-0.5978,-0.5915,-0.5857,-0.5805,-0.5757,-0.5713,-0.791,-0.8021,-0.8141,-0.8269,-0.8403,-0.8525,-0.8605,-0.8597,-0.8464,-0.8207,-0.787,-0.752,-0.7218,-0.6998,-0.6873,-0.6841,-0.6879,-0.6952,-0.7018,-0.704,-0.7003,-0.6916,-0.6799,-0.667,-0.6542,-0.6421,-0.6309,-0.6208,-0.6117,-0.6034,-0.5959,-0.5892,-0.583,-0.5775,-0.5725,-0.568,-0.8065,-0.8202,-0.8357,-0.8537,-0.8748,-0.8976,-0.9175,-0.9253,-0.9111,-0.8734,-0.8214,-0.7688,-0.7255,-0.6964,-0.6826,-0.6832,-0.695,-0.7123,-0.7272,-0.7325,-0.7265,-0.7124,-0.6947,-0.6768,-0.6601,-0.6453,-0.6322,-0.6207,-0.6105,-0.6015,-0.5935,-0.5863,-0.5798,-0.574,-0.5688,-0.5642,-0.823,-0.8394,-0.8583,-0.882,-0.913,-0.953,-0.9968,-1.0264,-1.0153,-0.9551,-0.8688,-0.7864,-0.7241,-0.6857,-0.671,-0.6782,-0.7042,-0.7403,-0.7707,-0.7798,-0.7661,-0.7402,-0.7123,-0.6871,-0.6656,-0.6476,-0.6325,-0.6196,-0.6085,-0.5988,-0.5903,-0.5827,-0.576,-0.57,-0.5646,-0.5598,-0.8408,-0.8597,-0.8813,-0.9094,-0.9507,-1.0145,-1.103,-1.1872,-1.1927,-1.0843,-0.9299,-0.7996,-0.7118,-0.6628,-0.6476,-0.6649,-0.7141,-0.7855,-0.8473,-0.8591,-0.8237,-0.7743,-0.7305,-0.6961,-0.6694,-0.6484,-0.6314,-0.6173,-0.6055,-0.5953,-0.5863,-0.5785,-0.5715,-0.5652,-0.5597,-0.5549,-0.8609,-0.8825,-0.9055,-0.9339,-0.9796,-1.0654,-1.2205,-1.4261,-1.4887,-1.2675,-0.987,-0.7936,-0.6803,-0.6212,-0.6053,-0.6339,-0.7146,-0.8463,-0.9713,-0.9787,-0.8926,-0.8059,-0.7438,-0.7009,-0.6699,-0.6466,-0.6284,-0.6136,-0.6013,-0.5907,-0.5815,-0.5734,-0.5662,-0.5598,-0.5541,-0.5492,-0.8851,-0.9112,-0.9353,-0.9585,-0.9933,-1.0745,-1.2685,-1.6199,-1.7854,-1.3861,-0.9754,-0.7453,-0.6216,-0.555,-0.5338,-0.5685,-0.677,-0.871,-1.0755,-1.0709,-0.9287,-0.8158,-0.7449,-0.6985,-0.666,-0.6418,-0.6232,-0.6082,-0.5958,-0.5852,-0.5758,-0.5675,-0.5601,-0.5535,-0.5477,-0.5427,-0.9152,-0.9514,-0.982,-0.9985,-1.0037,-1.031,-1.1466,-1.394,-1.4964,-1.156,-0.8288,-0.6463,-0.5374,-0.4612,-0.4181,-0.4446,-0.5688,-0.7703,-0.9609,-0.9779,-0.8797,-0.7923,-0.7316,-0.6887,-0.6574,-0.6339,-0.6158,-0.6013,-0.5892,-0.5787,-0.5693,-0.5608,-0.5531,-0.5463,-0.5403,-0.5353,-0.9508,-1.0083,-1.0638,-1.0893,-1.0551,-0.9885,-0.9515,-0.9467,-0.8805,-0.7287,-0.6095,-0.5268,-0.4457,-0.3461,-0.2302,-0.2183,-0.3976,-0.6202,-0.7752,-0.8261,-0.803,-0.7569,-0.7117,-0.6741,-0.6451,-0.6233,-0.6067,-0.5933,-0.5818,-0.5715,-0.562,-0.5531,-0.5451,-0.538,-0.5319,-0.5268,-0.9849,-1.0759,-1.1906,-1.2797,-1.2148,-1.012,-0.8318,-0.6635,-0.4439,-0.3369,-0.4083,-0.4285,-0.3741,-0.2483,0.0433,0.1867,-0.2303,-0.5709,-0.7427,-0.7943,-0.7794,-0.7383,-0.6942,-0.6574,-0.6301,-0.6108,-0.5966,-0.5849,-0.5742,-0.5639,-0.554,-0.5446,-0.536,-0.5283,-0.5219,-0.5168,-1.002,-1.1217,-1.3075,-1.5265,-1.464,-1.0718,-0.7989,-0.5779,-0.1285,0.0824,-0.2797,-0.3779,-0.3336,-0.2356,0.0137,0.1934,-0.3187,-0.7355,-0.9126,-0.897,-0.8167,-0.7384,-0.6786,-0.6381,-0.6131,-0.598,-0.5872,-0.5773,-0.5671,-0.5564,-0.5455,-0.535,-0.5253,-0.5169,-0.5101,-0.505,-0.9869,-1.1015,-1.278,-1.4815,-1.4058,-1.0237,-0.8167,-0.7433,-0.4244,-0.1683,-0.3446,-0.3796,-0.304,-0.1889,-0.2124,-0.3287,-0.699,-1.2473,-1.3829,-1.1136,-0.8777,-0.7345,-0.6542,-0.6133,-0.5958,-0.5885,-0.5817,-0.5724,-0.5613,-0.5491,-0.5363,-0.5238,-0.5123,-0.5028,-0.4956,-0.4908,-0.9416,-1.02,-1.1154,-1.178,-1.0932,-0.9106,-0.838,-0.8963,-0.7834,-0.5387,-0.454,-0.4081,-0.3332,-0.1552,-0.2228,-0.52,-1.0183,-2.0441,-2.061,-1.2846,-0.877,-0.6875,-0.6067,-0.5826,-0.5857,-0.5907,-0.5838,-0.5711,-0.5571,-0.5419,-0.5259,-0.51,-0.4959,-0.4849,-0.4774,-0.4733,-0.8833,-0.925,-0.9599,-0.9614,-0.9071,-0.8338,-0.8113,-0.8439,-0.777,-0.6023,-0.4976,-0.427,-0.3975,-0.3216,-0.4172,-0.7209,-1.1123,-1.6084,-1.6392,-1.086,-0.7172,-0.557,-0.5229,-0.5458,-0.5868,-0.6047,-0.5895,-0.5708,-0.5535,-0.5342,-0.513,-0.4919,-0.4738,-0.4608,-0.4536,-0.4513,-0.8274,-0.8458,-0.8539,-0.8425,-0.8103,-0.7737,-0.7518,-0.7335,-0.6723,-0.5818,-0.5255,-0.4964,-0.4473,-0.405,-0.5457,-1.0604,-1.5611,-1.1879,-0.981,-0.6674,-0.3746,-0.3081,-0.3909,-0.488,-0.5628,-0.5908,-0.5822,-0.5684,-0.5505,-0.5257,-0.496,-0.4662,-0.442,-0.4272,-0.4218,-0.4235,-0.7804,-0.7864,-0.7844,-0.7715,-0.749,-0.7228,-0.6966,-0.6641,-0.6154,-0.5599,-0.5178,-0.5792,-0.5637,-0.5384,-0.637,-0.9972,-1.3242,-0.9398,-0.6179,-0.2921,0.1146,0.037,-0.2426,-0.418,-0.5171,-0.5632,-0.5779,-0.5744,-0.5534,-0.5173,-0.4719,-0.4269,-0.3936,-0.3783,-0.3788,-0.3887,-0.7426,-0.7424,-0.7365,-0.7241,-0.7058,-0.6838,-0.6588,-0.6293,-0.5947,-0.5596,-0.5307,-0.5748,-0.7068,-0.7674,-0.6652,-0.7138,-0.7206,-0.5029,-0.2775,-0.1279,0.1914,0.0956,-0.1981,-0.39,-0.5126,-0.5878,-0.6194,-0.6102,-0.5707,-0.5102,-0.4362,-0.364,-0.3171,-0.3068,-0.3223,-0.3473,-0.7124,-0.7092,-0.7019,-0.6902,-0.6746,-0.656,-0.635,-0.6123,-0.5901,-0.5734,-0.5729,-0.6136,-0.7406,-0.7673,-0.6192,-0.5567,-0.4556,-0.1356,0.1268,-0.0478,-0.0625,-0.1104,-0.2561,-0.4163,-0.5697,-0.6957,-0.7367,-0.689,-0.6062,-0.505,-0.3847,-0.2655,-0.2003,-0.2095,-0.2554,-0.3039,-0.6883,-0.6835,-0.6758,-0.6651,-0.6517,-0.6362,-0.6194,-0.6026,-0.5882,-0.5799,-0.5832,-0.6037,-0.633,-0.6118,-0.5229,-0.4917,-0.3867,-0.1092,0.0727,0.0177,-0.0826,-0.1793,-0.2955,-0.4518,-0.6556,-0.8715,-0.9174,-0.7883,-0.6489,-0.5029,-0.3281,-0.1436,-0.0595,-0.1085,-0.1961,-0.2693,-0.6686,-0.6632,-0.6556,-0.6459,-0.6342,-0.6213,-0.6077,-0.5948,-0.5841,-0.5774,-0.5763,-0.5791,-0.576,-0.5491,-0.504,-0.4762,-0.3685,-0.1615,0.0856,0.1682,-0.0342,-0.1625,-0.2749,-0.4415,-0.676,-0.9156,-0.9624,-0.8372,-0.6778,-0.5058,-0.3095,-0.095,-0.0026,-0.0724,-0.1763,-0.2571,-0.6524,-0.6468,-0.6395,-0.6306,-0.6204,-0.6093,-0.5979,-0.5871,-0.5775,-0.57,-0.5641,-0.5574,-0.5446,-0.5203,-0.4862,-0.4392,-0.3466,-0.1969,-0.0243,0.0304,-0.0499,-0.0911,-0.1572,-0.3449,-0.6117,-0.8578,-1.0204,-0.9204,-0.6791,-0.4933,-0.3406,-0.1848,-0.1044,-0.1368,-0.2078,-0.2712,-0.6388,-0.6331,-0.6262,-0.618,-0.6089,-0.5991,-0.589,-0.5791,-0.5697,-0.5608,-0.5515,-0.5402,-0.5237,-0.4995,-0.4656,-0.4168,-0.3435,-0.2465,-0.1505,-0.0912,-0.029,0.1151,0.139,-0.1461,-0.5094,-0.8544,-1.1555,-0.9471,-0.5422,-0.3964,-0.3459,-0.2815,-0.2324,-0.232,-0.263,-0.3009,-0.6273,-0.6217,-0.615,-0.6074,-0.599,-0.5901,-0.5807,-0.5712,-0.5616,-0.5515,-0.5403,-0.5266,-0.5086,-0.4843,-0.4518,-0.408,-0.3506,-0.2818,-0.2089,-0.1267,0.0202,0.2909,0.3711,0.0096,-0.3851,-0.6718,-0.7968,-0.5544,-0.1851,-0.2161,-0.3012,-0.316,-0.3037,-0.3001,-0.312,-0.3322,-0.6173,-0.6118,-0.6054,-0.5983,-0.5904,-0.582,-0.5731,-0.5637,-0.5538,-0.5431,-0.5309,-0.5161,-0.4977,-0.4743,-0.4443,-0.4066,-0.3601,-0.3056,-0.2423,-0.1595,-0.0297,0.1387,0.166,-0.0539,-0.3196,-0.4972,-0.5259,-0.3475,-0.1348,-0.18,-0.2812,-0.3256,-0.336,-0.3393,-0.3463,-0.358]},{"header":{"la1":42.85,"la2":41.18,"lo1":11.55,"lo2":14.05,"nx":36,"ny":24,"dx":0.07143,"dy":0.07261,"parameterCategory":2,"parameterNumber":3,"parameterNumberName":"northward_wind","parameterUnit":"m.s-1"},"data":[-0.8211,-0.8171,-0.8118,-0.8051,-0.7972,-0.7887,-0.7806,-0.7737,-0.7686,-0.765,-0.7616,-0.7566,-0.7486,-0.7368,-0.7212,-0.7025,-0.6823,-0.6627,-0.6461,-0.6345,-0.6282,-0.6268,-0.6288,-0.633,-0.6383,-0.6441,-0.65,-0.656,-0.6619,-0.6678,-0.6736,-0.6793,-0.6849,-0.6903,-0.6955,-0.7005,-0.8263,-0.8219,-0.8156,-0.8071,-0.7967,-0.7849,-0.7735,-0.7647,-0.7599,-0.759,-0.7593,-0.7575,-0.751,-0.7384,-0.7196,-0.6955,-0.6684,-0.6417,-0.6197,-0.6059,-0.6009,-0.6029,-0.6091,-0.6171,-0.6256,-0.6339,-0.6419,-0.6494,-0.6567,-0.6637,-0.6704,-0.677,-0.6834,-0.6896,-0.6954,-0.701,-0.8322,-0.8274,-0.82,-0.8094,-0.795,-0.7775,-0.7595,-0.7459,-0.7413,-0.7458,-0.754,-0.7587,-0.7555,-0.7427,-0.7199,-0.6881,-0.65,-0.6114,-0.5804,-0.564,-0.5629,-0.5721,-0.5856,-0.5995,-0.6124,-0.6237,-0.6339,-0.6432,-0.6518,-0.6599,-0.6678,-0.6753,-0.6825,-0.6894,-0.696,-0.7022,-0.8389,-0.834,-0.8258,-0.8127,-0.7928,-0.7656,-0.7341,-0.7085,-0.7026,-0.7189,-0.7436,-0.761,-0.764,-0.7516,-0.7241,-0.6817,-0.6263,-0.5661,-0.5184,-0.4996,-0.5094,-0.5333,-0.559,-0.5813,-0.5993,-0.6141,-0.6266,-0.6376,-0.6475,-0.6569,-0.6657,-0.6742,-0.6824,-0.6902,-0.6975,-0.7043,-0.8462,-0.8418,-0.8336,-0.8188,-0.793,-0.7512,-0.6931,-0.6366,-0.623,-0.6671,-0.7273,-0.7669,-0.7792,-0.7682,-0.7361,-0.6806,-0.599,-0.4992,-0.4169,-0.3979,-0.4358,-0.4883,-0.5323,-0.5645,-0.588,-0.6059,-0.6205,-0.6329,-0.6442,-0.6547,-0.6646,-0.6741,-0.6832,-0.6919,-0.7,-0.7075,-0.8537,-0.8504,-0.8436,-0.8298,-0.8012,-0.7444,-0.6433,-0.5135,-0.4703,-0.5834,-0.7136,-0.7837,-0.8051,-0.796,-0.7614,-0.6944,-0.5807,-0.4149,-0.2613,-0.2509,-0.3509,-0.4475,-0.5117,-0.5525,-0.5799,-0.6,-0.616,-0.6297,-0.642,-0.6535,-0.6645,-0.6751,-0.6853,-0.6949,-0.7039,-0.712,-0.8603,-0.8581,-0.8541,-0.8457,-0.8238,-0.7666,-0.6344,-0.406,-0.3021,-0.5304,-0.7375,-0.8233,-0.8451,-0.8377,-0.8069,-0.7383,-0.6042,-0.3771,-0.1345,-0.14,-0.3074,-0.4335,-0.5055,-0.548,-0.5761,-0.5968,-0.6136,-0.6281,-0.6413,-0.6537,-0.6658,-0.6775,-0.6888,-0.6995,-0.7094,-0.7183,-0.8644,-0.8616,-0.8592,-0.8591,-0.8573,-0.8323,-0.7428,-0.5654,-0.489,-0.6855,-0.8422,-0.8915,-0.8969,-0.893,-0.8803,-0.8274,-0.6987,-0.4874,-0.2718,-0.2529,-0.3672,-0.4596,-0.5152,-0.5507,-0.5763,-0.5967,-0.6137,-0.6286,-0.6424,-0.6556,-0.6686,-0.6816,-0.6943,-0.7062,-0.7172,-0.7269,-0.8649,-0.8566,-0.8474,-0.8491,-0.8758,-0.9135,-0.9257,-0.9105,-0.9323,-0.9955,-1.0049,-0.9728,-0.9479,-0.9556,-0.9956,-0.9833,-0.8427,-0.6569,-0.508,-0.452,-0.4683,-0.5011,-0.5306,-0.5563,-0.5794,-0.5998,-0.6171,-0.6319,-0.6456,-0.6593,-0.6734,-0.6878,-0.7021,-0.7156,-0.7278,-0.7383,-0.8632,-0.8428,-0.8084,-0.7804,-0.8295,-0.9627,-1.0866,-1.1884,-1.3085,-1.3348,-1.1794,-1.0395,-0.9781,-1.0002,-1.1619,-1.2501,-0.9746,-0.7461,-0.6138,-0.547,-0.5233,-0.5239,-0.538,-0.5602,-0.5854,-0.6082,-0.6258,-0.6393,-0.6516,-0.6651,-0.6803,-0.6966,-0.7131,-0.7286,-0.7422,-0.7534,-0.8648,-0.8331,-0.7638,-0.6614,-0.7051,-0.9857,-1.2238,-1.3774,-1.5974,-1.7095,-1.3062,-1.0611,-0.9744,-0.9802,-1.1309,-1.2529,-0.9372,-0.7147,-0.605,-0.5502,-0.5225,-0.5165,-0.5308,-0.5616,-0.5987,-0.6286,-0.6448,-0.6527,-0.6607,-0.6729,-0.6895,-0.7088,-0.7284,-0.7465,-0.7617,-0.7735,-0.8759,-0.8483,-0.7847,-0.69,-0.7526,-1.085,-1.3861,-1.5419,-1.5594,-1.5472,-1.2384,-1.0246,-0.9533,-0.9627,-0.9472,-0.8919,-0.7357,-0.5912,-0.5353,-0.5055,-0.482,-0.4793,-0.5072,-0.5644,-0.6327,-0.6768,-0.6828,-0.6739,-0.672,-0.6821,-0.7015,-0.7256,-0.75,-0.7716,-0.7885,-0.8003,-0.8951,-0.8866,-0.8695,-0.8695,-0.975,-1.2204,-1.504,-1.691,-1.6086,-1.3384,-1.1057,-0.974,-0.9302,-0.9672,-0.9168,-0.7151,-0.5378,-0.4984,-0.4934,-0.4447,-0.4067,-0.4059,-0.4603,-0.5704,-0.7071,-0.7772,-0.7455,-0.6986,-0.6812,-0.6909,-0.7168,-0.7494,-0.7813,-0.8074,-0.8257,-0.8361,-0.9141,-0.9237,-0.941,-0.9848,-1.0847,-1.2486,-1.4479,-1.6225,-1.5235,-1.216,-1.0125,-0.9571,-0.9446,-0.8088,-0.7405,-0.4167,-0.1468,-0.3319,-0.4017,-0.3376,-0.2645,-0.2635,-0.3661,-0.5513,-0.7852,-0.8912,-0.7961,-0.7057,-0.6798,-0.6976,-0.7379,-0.7853,-0.8283,-0.8599,-0.878,-0.8842,-0.9259,-0.9445,-0.973,-1.02,-1.0933,-1.1901,-1.2885,-1.3335,-1.2398,-1.0568,-0.9289,-0.8695,-0.8034,-0.7037,-0.5916,0.1791,1.0061,0.1263,-0.205,-0.1459,0.0459,0.0308,-0.1909,-0.4479,-0.6951,-0.8084,-0.7358,-0.6647,-0.6599,-0.703,-0.7705,-0.8424,-0.9017,-0.9384,-0.9518,-0.9481,-0.9285,-0.9484,-0.9755,-1.0121,-1.0583,-1.1069,-1.1401,-1.129,-1.0531,-0.9462,-0.8896,-0.8148,-0.7812,-0.7034,-0.5222,0.0912,0.6467,0.063,-0.1963,0.0577,0.6765,0.5267,0.0178,-0.301,-0.4884,-0.5727,-0.5726,-0.5731,-0.6213,-0.7118,-0.8255,-0.9374,-1.0197,-1.0571,-1.0553,-1.0307,-0.9234,-0.9407,-0.9617,-0.9863,-1.0118,-1.0319,-1.0357,-1.0118,-0.9588,-0.8995,-0.8745,-0.8208,-0.7402,-0.6931,-0.5684,-0.3469,-0.2298,-0.4031,-0.4994,-0.0837,0.7481,0.5725,0.0423,-0.2258,-0.3278,-0.3485,-0.3667,-0.4401,-0.5675,-0.7312,-0.9181,-1.0961,-1.2104,-1.2343,-1.1943,-1.131,-0.9131,-0.9264,-0.941,-0.9556,-0.9676,-0.9728,-0.9655,-0.942,-0.905,-0.865,-0.829,-0.7799,-0.7176,-0.6835,-0.5908,-0.5182,-0.5402,-0.8119,-1.1029,-0.5871,-0.0905,0.0059,-0.1402,-0.2322,-0.1961,-0.0729,-0.062,-0.2531,-0.5047,-0.7666,-1.0584,-1.3457,-1.5028,-1.4771,-1.3603,-1.2374,-0.9,-0.9093,-0.9183,-0.9258,-0.9297,-0.9273,-0.9162,-0.8952,-0.8662,-0.8329,-0.7965,-0.7531,-0.704,-0.6428,-0.5406,-0.5096,-0.6,-0.8113,-0.9591,-0.7016,-0.481,-0.3458,-0.3148,-0.2686,-0.0744,0.329,0.4127,-0.0601,-0.4732,-0.8167,-1.2141,-1.6496,-1.8528,-1.7292,-1.5077,-1.322,-0.8858,-0.8917,-0.8964,-0.8991,-0.8981,-0.8921,-0.8797,-0.8607,-0.8359,-0.8066,-0.7732,-0.7345,-0.6888,-0.6293,-0.5538,-0.5343,-0.603,-0.6865,-0.7021,-0.6893,-0.5942,-0.4956,-0.4349,-0.3457,-0.1195,0.367,0.4764,-0.1703,-0.5587,-0.8714,-1.2744,-1.7698,-1.9935,-1.8187,-1.5558,-1.35,-0.8716,-0.8747,-0.8764,-0.8758,-0.8721,-0.8643,-0.8517,-0.8342,-0.8123,-0.7863,-0.7567,-0.723,-0.6848,-0.6424,-0.6046,-0.5943,-0.6169,-0.6483,-0.666,-0.6586,-0.6122,-0.5724,-0.5393,-0.4735,-0.3747,-0.3522,-0.6348,-0.6804,-0.7551,-0.9338,-1.1984,-1.5475,-1.7392,-1.6548,-1.4729,-1.3105,-0.8581,-0.8591,-0.8586,-0.856,-0.8506,-0.8419,-0.8296,-0.8136,-0.794,-0.7711,-0.7454,-0.7171,-0.687,-0.6575,-0.6342,-0.6241,-0.6274,-0.6359,-0.64,-0.6343,-0.6269,-0.6423,-0.6444,-0.5942,-0.5766,-0.7156,-0.9724,-0.9111,-0.9644,-1.0398,-1.1257,-1.2842,-1.4071,-1.4067,-1.3266,-1.2295,-0.8455,-0.845,-0.843,-0.839,-0.8328,-0.8239,-0.8121,-0.7974,-0.7799,-0.76,-0.7379,-0.7145,-0.6907,-0.6685,-0.6508,-0.6401,-0.6359,-0.6351,-0.6345,-0.6344,-0.6455,-0.6813,-0.6932,-0.6539,-0.6602,-0.7538,-0.876,-1.0105,-1.2281,-1.1911,-1.1227,-1.1492,-1.203,-1.2197,-1.1923,-1.1424,-0.8341,-0.8324,-0.8294,-0.8247,-0.818,-0.8092,-0.7981,-0.7847,-0.7691,-0.7518,-0.733,-0.7135,-0.6941,-0.6763,-0.6616,-0.6509,-0.6441,-0.6402,-0.6384,-0.6402,-0.6503,-0.6689,-0.6751,-0.6694,-0.6943,-0.768,-0.8849,-1.0738,-1.2615,-1.2149,-1.1164,-1.087,-1.0965,-1.104,-1.0936,-1.0681]}]