docs/data/wind_grid.json
[{"header":{"la1":42.85,"la2":41.18,"lo1":11.55,"lo2":14.05,"nx":36,"ny":24,"dx":0.07143,"dy":0.07261,"parameterCategory":2,"parameterNumber":2,"parameterNumberName":"eastward_wind","parameterUnit":"m.s-1"},"data":[3.0838,3.0834,3.08,3.0729,3.0612,3.0433,3.017,2.9793,2.9272,2.8583,2.7716,2.6671,2.5456,2.4084,2.2586,2.1025,1.9514,1.8214,1.7291,1.6841,1.6839,1.7156,1.7643,1.8197,1.8773,1.9351,1.9915,2.0452,2.0951,2.1408,2.1819,2.2188,2.2516,2.2808,2.3067,2.3299,3.117,3.1203,3.121,3.1183,3.1116,3.0994,3.0789,3.0453,2.9932,2.9188,2.8208,2.7001,2.5571,2.3918,2.2052,2.003,1.8004,1.6246,1.5081,1.4715,1.5063,1.5803,1.6619,1.7384,1.8104,1.8802,1.9472,2.0102,2.0678,2.1195,2.1654,2.2057,2.2411,2.2722,2.2995,2.3236,3.152,3.1598,3.1651,3.1676,3.1673,3.1638,3.1539,3.1297,3.0808,3.0,2.8876,2.7473,2.5801,2.3829,2.151,1.8849,1.6012,1.3454,1.1875,1.1801,1.3013,1.4618,1.5884,1.6776,1.7549,1.8321,1.9084,1.9802,2.0453,2.1027,2.1527,2.196,2.2334,2.2659,2.2941,2.3189,3.1886,3.2018,3.2123,3.22,3.2268,3.2354,3.2442,3.2405,3.2008,3.11,2.9753,2.8104,2.6179,2.3885,2.1059,1.7546,1.3397,0.9272,0.6748,0.7432,1.0881,1.4421,1.608,1.6621,1.7177,1.7939,1.8773,1.9573,2.0291,2.0914,2.1447,2.1902,2.229,2.2622,2.2908,2.3157,3.2267,3.2468,3.2633,3.2753,3.2872,3.3096,3.3498,3.391,3.3744,3.2595,3.0828,2.886,2.6714,2.4176,2.0895,1.6392,1.022,0.2813,-0.2564,-0.0458,0.8754,1.6912,1.8054,1.6958,1.6938,1.7646,1.8555,1.9433,2.0207,2.0867,2.1422,2.1887,2.2279,2.2611,2.2895,2.314,3.2658,3.2961,3.3213,3.3357,3.3452,3.3749,3.4573,3.5905,3.6298,3.4462,3.1928,2.9624,2.7378,2.4788,2.1311,1.6039,0.7449,-0.6041,-2.0374,-1.7193,0.3643,1.934,1.9452,1.6778,1.6574,1.7411,1.8444,1.94,2.0216,2.0893,2.1453,2.1916,2.2301,2.2624,2.2898,2.3135,3.3036,3.3504,3.3941,3.4123,3.4026,3.4147,3.5154,3.748,3.8687,3.5748,3.2577,3.0227,2.8118,2.5751,2.2544,1.7372,0.778,-1.0917,-3.9155,-3.6315,-0.5102,1.0807,1.4669,1.5031,1.5989,1.7271,1.8477,1.9494,2.0322,2.0994,2.1539,2.1984,2.2351,2.2656,2.2913,2.3136,3.3331,3.4033,3.4895,3.531,3.4707,3.4249,3.4763,3.626,3.6912,3.4815,3.2503,3.0649,2.8903,2.6959,2.4465,2.0537,1.2978,-0.144,-2.0076,-1.8019,-0.2867,0.4095,0.9677,1.3267,1.5634,1.7379,1.8702,1.9721,2.052,2.1157,2.1669,2.2083,2.242,2.2698,2.2933,2.3135,3.3413,3.4246,3.5662,3.6791,3.5216,3.4094,3.4088,3.4413,3.4331,3.3521,3.2364,3.1088,2.9731,2.8181,2.6403,2.4223,1.9847,1.2078,0.3812,0.074,-0.1866,0.0126,0.7899,1.3045,1.6016,1.7866,1.9124,2.0053,2.0779,2.1361,2.1827,2.2199,2.2497,2.274,2.2944,2.3124,3.321,3.376,3.4603,3.5127,3.3842,3.3533,3.3761,3.3891,3.3769,3.3427,3.2656,3.1666,3.0646,2.9314,2.7295,2.6231,2.4638,2.072,1.5601,0.9621,0.2875,0.4039,1.039,1.4743,1.7202,1.865,1.9628,2.0395,2.1038,2.1568,2.1989,2.2314,2.2565,2.2765,2.2933,2.3086,3.2862,3.2946,3.2523,3.0926,3.1181,3.2952,3.3931,3.4234,3.4017,3.3923,3.3119,3.229,3.1725,3.0975,2.8582,2.6908,2.7344,2.6244,2.3585,1.9111,1.4729,1.3808,1.5675,1.7548,1.8661,1.9314,1.9915,2.0579,2.1218,2.1744,2.2135,2.241,2.2603,2.275,2.2877,2.3004,3.2596,3.25,3.1947,3.0865,3.1242,3.3211,3.473,3.5473,3.47,3.3985,3.3355,3.2863,3.2797,3.3405,3.2154,3.0217,3.0115,3.1554,3.0843,2.6594,2.2784,2.0793,2.0203,1.9911,1.9364,1.9029,1.9493,2.0415,2.1272,2.1881,2.2257,2.2468,2.2584,2.2664,2.2745,2.2848,3.2473,3.2442,3.2264,3.2119,3.2626,3.391,3.5462,3.6782,3.5918,3.4359,3.3627,3.3607,3.3367,3.4082,3.3154,3.107,3.1587,3.7867,3.7868,3.0893,2.704,2.4777,2.3065,2.1015,1.8215,1.6617,1.7918,1.9918,2.129,2.2031,2.2361,2.246,2.2462,2.2455,2.249,2.2583,3.2434,3.2504,3.2573,3.2762,3.3257,3.4112,3.5184,3.6092,3.563,3.4397,3.3898,3.457,3.4458,2.9881,3.1179,2.9744,3.0385,3.4101,3.4904,3.1417,2.8985,2.7151,2.5012,2.1616,1.614,1.3024,1.6314,1.9772,2.1569,2.2293,2.2445,2.2331,2.2153,2.2037,2.204,2.2157,3.2411,3.2543,3.2708,3.2963,3.3364,3.3908,3.4485,3.4831,3.4657,3.4363,3.4324,3.4036,3.2829,3.2,3.0855,2.9317,2.8688,3.0715,3.1619,3.1006,3.0187,2.9068,2.6953,2.3515,1.8482,1.5602,1.8138,2.103,2.2405,2.2711,2.2442,2.1948,2.1499,2.1266,2.1289,2.1509,3.2375,3.253,3.2717,3.2957,3.3262,3.361,3.3933,3.414,3.427,3.4726,3.6014,3.4993,3.3974,3.2602,3.1653,3.0358,2.9463,3.0702,3.1378,3.1352,3.1514,3.0895,2.8825,2.6265,2.356,2.2051,2.2584,2.3515,2.3711,2.3173,2.2172,2.1053,2.0214,1.9908,2.0097,2.0576,3.2319,3.2477,3.2656,3.2864,3.31,3.3348,3.358,3.3792,3.4074,3.4685,3.574,3.4985,3.4411,3.4227,3.301,3.2213,3.1785,3.2089,3.2405,3.2069,3.1827,3.1395,2.9932,2.8422,2.738,2.7039,2.6942,2.6354,2.5158,2.3464,2.1356,1.9215,1.782,1.7636,1.8334,1.9348,3.2247,3.2397,3.256,3.274,3.2932,3.3129,3.3326,3.3534,3.3796,3.415,3.4434,3.4359,3.4493,3.4621,3.4902,3.5007,3.3828,3.3538,3.3828,3.3337,3.241,3.1549,3.0597,2.9923,3.0228,3.1508,3.1589,2.9361,2.6491,2.3432,1.9776,1.5912,1.3729,1.4217,1.6063,1.7969,3.2163,3.2301,3.2449,3.2605,3.2769,3.2937,3.3109,3.3294,3.35,3.3718,3.3897,3.4038,3.4333,3.5237,3.8732,4.0295,3.5812,3.4461,3.4741,3.577,3.408,3.2323,3.1203,3.0897,3.2399,3.6673,3.7595,3.2006,2.7255,2.314,1.786,1.151,0.8372,1.0397,1.3943,1.6853,3.2071,3.2197,3.233,3.2468,3.2611,3.2758,3.291,3.3069,3.3238,3.3412,3.3593,3.383,3.4297,3.5492,3.824,3.9094,3.6169,3.5518,3.8528,4.0228,3.5614,3.2867,3.1498,3.1067,3.2368,3.7215,3.8389,3.0818,2.6578,2.2909,1.7334,0.9735,0.6091,0.9008,1.3302,1.6567,3.1973,3.2089,3.2208,3.2331,3.2458,3.2587,3.2721,3.2859,3.3005,3.3162,3.3344,3.3599,3.4028,3.4786,3.576,3.5959,3.5268,3.5334,3.6896,3.7315,3.4741,3.2599,3.1438,3.0615,3.002,2.8828,2.4445,2.444,2.475,2.3007,1.9144,1.3551,1.0392,1.1796,1.4757,1.7331,3.1873,3.1978,3.2085,3.2195,3.2307,3.2421,3.2539,3.266,3.2788,3.2928,3.3093,3.331,3.3614,3.401,3.4375,3.4465,3.4333,3.4387,3.4663,3.436,3.3112,3.2029,3.155,3.0444,2.8413,2.4593,1.9519,2.1685,2.3794,2.3427,2.1497,1.8391,1.6132,1.6034,1.7266,1.876,3.1771,3.1866,3.1962,3.206,3.2159,3.2259,3.2362,3.2467,3.2577,3.2696,3.2832,3.2994,3.3187,3.3391,3.3545,3.3585,3.3531,3.3465,3.3334,3.2914,3.2218,3.1878,3.1902,3.0607,2.8286,2.5414,2.3201,2.3508,2.3993,2.3887,2.2998,2.1338,1.9871,1.932,1.9604,2.0296,3.1667,3.1753,3.1839,3.1925,3.2012,3.21,3.2188,3.2277,3.2369,3.2465,3.2569,3.268,3.2795,3.2896,3.2956,3.2949,3.2875,3.2741,3.2515,3.2156,3.175,3.1551,3.1324,3.0228,2.8426,2.65,2.5061,2.4374,2.4061,2.4041,2.3668,2.2813,2.1932,2.1421,2.1363,2.1624]},{"header":{"la1":42.85,"la2":41.18,"lo1":11.55,"lo2":14.05,"nx":36,"ny":24,"dx":0.07143,"dy":0.07261,"parameterCategory":2,"parameterNumber":3,"parameterNumberName":"northward_wind","parameterUnit":"m.s-1"},"data":[2.0043,2.0187,2.0352,2.0535,2.0732,2.0933,2.112,2.1277,2.1388,2.1451,2.1472,2.1462,2.1424,2.1352,2.1226,2.1008,2.0643,2.006,1.9208,1.8102,1.6877,1.5767,1.4985,1.4607,1.456,1.4712,1.4949,1.5207,1.5453,1.568,1.5885,1.6072,1.6244,1.6404,1.6552,1.669,2.0021,2.0183,2.0376,2.0599,2.0852,2.1119,2.1377,2.1591,2.1735,2.1804,2.1821,2.1813,2.1797,2.1771,2.1711,2.1571,2.1262,2.0645,1.9563,1.7962,1.6057,1.4345,1.3307,1.3038,1.3284,1.3742,1.4224,1.4656,1.5023,1.5334,1.5601,1.5835,1.6046,1.6237,1.6413,1.6575,1.9973,2.0152,2.0372,2.0642,2.0966,2.1332,2.1704,2.2014,2.2198,2.225,2.2228,2.2201,2.2206,2.2244,2.2298,2.2321,2.2205,2.1703,2.0413,1.8011,1.4772,1.1854,1.0481,1.0682,1.161,1.2609,1.3443,1.4091,1.4591,1.4989,1.5318,1.56,1.585,1.6075,1.628,1.6467,1.9893,2.0085,2.033,2.0645,2.1056,2.157,2.2143,2.2636,2.288,2.2847,2.2703,2.2612,2.2632,2.2756,2.2972,2.3275,2.3606,2.3635,2.2457,1.8853,1.2815,0.7181,0.558,0.7311,0.9638,1.145,1.2702,1.3565,1.4185,1.4659,1.5043,1.5371,1.566,1.5919,1.6155,1.6368,1.978,1.9982,2.0241,2.0586,2.1081,2.1798,2.2734,2.3641,2.4006,2.37,2.3244,2.3018,2.3053,2.3285,2.3692,2.4365,2.5498,2.7018,2.73,2.2446,1.0752,-0.1118,-0.1918,0.3553,0.793,1.0559,1.2132,1.3133,1.3826,1.4351,1.4779,1.5148,1.5477,1.5774,1.6042,1.6283,1.9636,1.9854,2.0125,2.0461,2.0974,2.1891,2.3402,2.5252,2.5956,2.4859,2.3754,2.3355,2.3451,2.3824,2.4406,2.5387,2.7468,3.1913,3.7615,3.3128,1.3248,-0.6335,-0.5844,0.2373,0.7497,1.0254,1.1827,1.2816,1.3511,1.4056,1.4519,1.493,1.5303,1.564,1.5945,1.6217,1.9461,1.9737,2.0079,2.0369,2.0708,2.1605,2.3575,2.6692,2.8061,2.5651,2.3928,2.3544,2.3835,2.4435,2.5167,2.6142,2.8371,3.4909,4.8658,4.6027,2.0442,0.4686,0.197,0.5397,0.8514,1.0492,1.1721,1.2553,1.3195,1.3746,1.4247,1.4711,1.5137,1.5525,1.5871,1.6177,1.922,1.9638,2.0327,2.0739,2.0454,2.0807,2.2438,2.499,2.6118,2.452,2.3505,2.3571,2.4255,2.5279,2.633,2.7006,2.783,3.1098,3.751,3.1921,1.3278,0.6858,0.694,0.8257,0.9708,1.08,1.1575,1.2204,1.2791,1.3372,1.3942,1.4484,1.4984,1.5434,1.583,1.6173,1.8809,1.9299,2.0688,2.2032,2.0209,1.9581,2.0612,2.1951,2.2654,2.2663,2.2836,2.3527,2.4733,2.6517,2.8739,2.9477,2.7871,2.6466,2.4354,1.4762,-0.2764,-0.0991,0.6398,0.9179,1.0204,1.0684,1.1073,1.1564,1.2184,1.288,1.3585,1.4252,1.4855,1.5384,1.5836,1.6218,1.8137,1.8147,1.8715,1.9208,1.7228,1.7644,1.8958,2.0117,2.108,2.1672,2.2313,2.3478,2.5148,2.7745,3.318,3.6005,2.9491,2.4986,2.09,1.3191,0.2289,0.2482,0.7655,0.9691,0.9919,0.9729,0.9824,1.0379,1.1249,1.2229,1.3181,1.4038,1.4778,1.54,1.5913,1.633,1.7404,1.6562,1.4622,1.0281,1.0976,1.5491,1.7565,1.8787,2.0924,2.1845,2.198,2.347,2.5472,2.7806,3.258,3.6132,2.8709,2.437,2.1256,1.7101,1.2378,1.0434,1.049,0.9848,0.8358,0.7173,0.7216,0.8341,0.9898,1.1435,1.2777,1.3892,1.4798,1.5522,1.6093,1.6536,1.6989,1.5849,1.3617,1.0297,1.11,1.5068,1.6334,1.6345,1.8748,2.0828,2.1647,2.3489,2.6009,2.8984,2.8625,2.7593,2.5466,2.3587,2.2169,1.9777,1.6857,1.4347,1.1933,0.8506,0.4143,0.1403,0.2287,0.5211,0.8209,1.0638,1.2497,1.3911,1.4989,1.5806,1.6417,1.6864,1.6997,1.6131,1.4917,1.3896,1.4428,1.5724,1.5582,1.4199,1.5733,1.8947,2.1236,2.3479,2.5372,2.973,2.821,2.475,2.366,2.348,2.3188,2.1005,1.8598,1.5913,1.2084,0.5475,-0.4314,-0.9949,-0.5536,0.1458,0.6684,1.0167,1.2541,1.4225,1.5445,1.6322,1.6936,1.735,1.7245,1.6725,1.619,1.5905,1.609,1.6329,1.5948,1.5129,1.5992,1.8391,2.0483,2.3756,2.4703,2.23,2.3509,2.2459,2.271,2.2932,2.2573,2.1121,1.9391,1.6971,1.251,0.3391,-1.2858,-2.2367,-1.201,-0.0561,0.6358,1.0474,1.3134,1.4975,1.6272,1.7155,1.7713,1.8033,1.7542,1.7249,1.7001,1.6884,1.6908,1.6916,1.6763,1.667,1.7127,1.7708,1.8077,1.9431,2.0263,1.8142,2.1571,2.2148,2.402,2.2637,2.1799,2.1075,2.0433,1.8739,1.4487,0.6211,-0.7202,-1.5094,-0.749,0.197,0.8033,1.1817,1.4405,1.6279,1.7594,1.841,1.8819,1.8951,1.7806,1.7634,1.7501,1.7432,1.7414,1.7397,1.7356,1.7332,1.7212,1.6234,1.332,1.5141,1.7057,1.8961,2.0469,2.202,2.3237,2.2072,2.1344,2.1401,2.2779,2.1567,1.7185,1.1447,0.4881,0.1254,0.3366,0.7573,1.1154,1.3964,1.6304,1.823,1.9576,2.0236,2.0337,2.0126,1.8015,1.7908,1.7827,1.7777,1.7749,1.7724,1.7675,1.7551,1.7152,1.5953,1.3738,1.515,1.5908,1.6064,1.8699,2.0077,2.0825,2.0901,2.0863,2.1267,2.315,2.2073,1.8484,1.5025,1.2254,1.1076,1.1546,1.2777,1.4365,1.6332,1.8661,2.0969,2.2497,2.2831,2.2324,2.1533,1.8176,1.8104,1.8048,1.8008,1.7976,1.7938,1.7867,1.771,1.737,1.6771,1.6235,1.6323,1.5781,1.567,1.6841,1.7384,1.9007,2.0366,2.1032,2.0623,2.073,2.0119,1.8448,1.6771,1.5943,1.6257,1.6548,1.6334,1.6748,1.8355,2.1242,2.4694,2.6718,2.6301,2.4663,2.301,1.8299,1.8247,1.8204,1.8168,1.8134,1.8089,1.8014,1.788,1.7662,1.7379,1.7147,1.7003,1.6737,1.6236,1.3802,1.262,1.7211,1.9749,2.0552,2.0084,1.9724,1.9114,1.8223,1.7521,1.7744,1.9318,1.9745,1.8257,1.7985,1.9586,2.3473,2.8947,3.1754,2.9919,2.6737,2.4175,1.8392,1.8352,1.8317,1.8285,1.825,1.8205,1.8138,1.8037,1.7898,1.7736,1.7579,1.7409,1.7108,1.6317,1.4258,1.3696,1.6871,1.8973,1.9794,1.9913,1.93,1.8528,1.7879,1.7609,1.8103,1.9769,2.019,1.8328,1.8055,1.9657,2.3952,3.0569,3.3823,3.121,2.7395,2.4543,1.8463,1.8431,1.8401,1.8371,1.8338,1.8297,1.8241,1.8165,1.8069,1.7959,1.7835,1.7677,1.7416,1.6939,1.632,1.6412,1.7542,1.8651,1.9302,1.9354,1.8614,1.7636,1.7093,1.7138,1.7466,1.7652,1.6924,1.6866,1.7187,1.8502,2.1931,2.7057,2.9952,2.8732,2.6153,2.3954,1.8518,1.8491,1.8464,1.8437,1.8407,1.837,1.8324,1.8265,1.8194,1.8111,1.8014,1.789,1.772,1.7506,1.7354,1.7489,1.7938,1.8411,1.8639,1.8408,1.7472,1.6012,1.5525,1.6285,1.6801,1.6607,1.5959,1.6022,1.566,1.6365,1.8908,2.234,2.4689,2.4942,2.3974,2.2773,1.8561,1.8537,1.8513,1.8488,1.846,1.8428,1.8389,1.8342,1.8287,1.8223,1.8148,1.806,1.796,1.7865,1.7829,1.7909,1.8082,1.8228,1.8183,1.7749,1.6641,1.4866,1.4385,1.5684,1.6437,1.6407,1.6003,1.4972,1.3032,1.3861,1.6504,1.9216,2.1167,2.1995,2.1957,2.151,1.8593,1.8572,1.855,1.8528,1.8502,1.8474,1.8441,1.8402,1.8357,1.8306,1.8249,1.8187,1.8125,1.8075,1.8057,1.808,1.8119,1.8106,1.7939,1.7494,1.6651,1.5594,1.5296,1.5924,1.6377,1.6316,1.5765,1.4382,1.2681,1.3427,1.5632,1.7726,1.9273,2.0163,2.0488,2.0453]}]