docs/data/wind_grid.json
{"header": {"la1":42.1,"la2":41.55,"lo1":12.1,"lo2":12.95,"nx":50,"ny":50,"dx":0.01735,"dy":0.01122,"parameterCategory":2,"parameterNumber":3,"parameterNumberName":"northward_wind","parameterUnit":"m.s-1"}, "data":
[rows 0 to 43 of 50, columns 0 to 49 of 50]
-0.0532,-0.1448,-0.2292,-0.2905,-0.3152,-0.2988,-0.2479,-0.1762,-0.0977,-0.0222,0.045,0.1023,0.1502,0.1901,0.2236,0.2524,0.2779,0.3015,0.3237,0.3442,0.361,0.3708,0.3692,0.3523,0.3179,0.2662,0.199,0.1188,0.028,-0.0714,-0.1781,-0.2907,-0.4082,-0.5291,-0.6513,-0.772,-0.8876,-0.9938,-1.0862,-1.161,-1.2156,-1.2491,-1.2626,-1.2583,-1.2395,-1.2096,-1.172,-1.1293,-1.084,-1.0377
-0.0205,-0.1174,-0.2073,-0.2726,-0.2991,-0.2825,-0.2308,-0.1583,-0.0795,-0.0041,0.0629,0.1201,0.168,0.208,0.2418,0.2712,0.298,0.3236,0.3491,0.3743,0.397,0.4126,0.4154,0.3999,0.3633,0.3064,0.232,0.1436,0.0444,-0.0636,-0.1788,-0.3003,-0.4272,-0.5581,-0.6909,-0.8227,-0.9494,-1.0657,-1.1665,-1.247,-1.3039,-1.3365,-1.346,-1.3357,-1.3095,-1.2717,-1.2262,-1.1763,-1.1243,-1.0721
0.0265,-0.0732,-0.1663,-0.2341,-0.2623,-0.2474,-0.1979,-0.1284,-0.0526,0.0201,0.085,0.1407,0.1878,0.2273,0.261,0.2907,0.3182,0.3457,0.3746,0.4051,0.4348,0.4581,0.4666,0.4528,0.4134,0.3498,0.2667,0.169,0.0605,-0.0564,-0.1806,-0.3113,-0.4478,-0.5892,-0.7333,-0.8772,-1.0159,-1.1437,-1.2539,-1.3406,-1.3998,-1.4308,-1.4353,-1.4175,-1.3826,-1.3358,-1.2816,-1.2235,-1.1644,-1.1059
0.0885,-0.0115,-0.1057,-0.175,-0.2054,-0.1945,-0.1508,-0.0878,-0.0182,0.0494,0.1106,0.1638,0.2093,0.2479,0.2811,0.3105,0.3384,0.3673,0.3994,0.4358,0.474,0.5068,0.5228,0.5111,0.4677,0.3956,0.3022,0.1939,0.0755,-0.0508,-0.184,-0.3239,-0.4702,-0.6222,-0.7783,-0.935,-1.0871,-1.2276,-1.3483,-1.4418,-1.5034,-1.5319,-1.5301,-1.5034,-1.4584,-1.4013,-1.3373,-1.2705,-1.2037,-1.1386
0.1648,0.0665,-0.0275,-0.0981,-0.1321,-0.1277,-0.0927,-0.0391,0.022,0.0827,0.139,0.1889,0.2323,0.2696,0.3019,0.3308,0.3584,0.3879,0.4227,0.4652,0.5133,0.558,0.5834,0.5741,0.5251,0.4424,0.3368,0.217,0.0883,-0.0473,-0.1895,-0.3384,-0.4943,-0.6571,-0.8253,-0.9956,-1.1623,-1.3168,-1.4493,-1.5504,-1.6141,-1.6393,-1.6297,-1.5925,-1.5358,-1.4671,-1.3925,-1.3164,-1.2416,-1.1698
0.2533,0.1576,0.0639,-0.0089,-0.0482,-0.0524,-0.0282,0.0142,0.0654,0.1183,0.169,0.2153,0.2564,0.2924,0.3236,0.3514,0.3779,0.4071,0.4436,0.4917,0.5506,0.6095,0.6466,0.6399,0.5833,0.4874,0.3681,0.2363,0.0974,-0.0471,-0.1976,-0.355,-0.5202,-0.6934,-0.8738,-1.0581,-1.2402,-1.4102,-1.5558,-1.6653,-1.731,-1.7517,-1.7328,-1.6833,-1.6135,-1.5322,-1.4463,-1.3604,-1.2774,-1.1989
0.3502,0.2572,0.1628,0.0862,0.0398,0.0255,0.038,0.0687,0.1097,0.1546,0.1996,0.2423,0.2814,0.3161,0.3463,0.3727,0.3974,0.4247,0.4611,0.5132,0.5827,0.6577,0.7085,0.704,0.6375,0.5266,0.393,0.2496,0.1015,-0.051,-0.209,-0.3741,-0.5476,-0.7306,-0.9227,-1.1211,-1.3193,-1.5059,-1.6659,-1.7845,-1.852,-1.8672,-1.8373,-1.774,-1.6897,-1.595,-1.4973,-1.4014,-1.3103,-1.2251
0.451,0.3596,0.2629,0.1807,0.1259,0.1011,0.1019,0.1214,0.1527,0.1902,0.23,0.2695,0.307,0.3409,0.3704,0.3952,0.4171,0.4408,0.4743,0.5275,0.6054,0.696,0.7613,0.7585,0.6805,0.5543,0.4076,0.2546,0.0989,-0.06,-0.2242,-0.3957,-0.5765,-0.768,-0.9708,-1.1827,-1.397,-1.6009,-1.7763,-1.9047,-1.9738,-1.9825,-1.9401,-1.8617,-1.7622,-1.6535,-1.544,-1.4384,-1.3393,-1.2479
0.55,0.4591,0.3584,0.2693,0.2056,0.1705,0.1607,0.1702,0.1928,0.2238,0.2592,0.2963,0.333,0.367,0.3964,0.4199,0.4383,0.4563,0.4834,0.5328,0.6136,0.7157,0.7932,0.7912,0.7026,0.564,0.4082,0.2491,0.0887,-0.0746,-0.2434,-0.42,-0.6066,-0.8051,-1.0168,-1.2406,-1.4701,-1.6912,-1.8826,-2.0213,-2.0918,-2.0931,-2.0374,-1.9432,-1.8281,-1.7058,-1.5848,-1.47,-1.3637,-1.2666
0.6417,0.55,0.4445,0.3483,0.276,0.2317,0.2126,0.2136,0.229,0.2546,0.2866,0.3223,0.3592,0.3945,0.425,0.448,0.4625,0.4727,0.4894,0.5285,0.6035,0.7072,0.7902,0.7881,0.6938,0.5503,0.3923,0.232,0.0703,-0.0953,-0.2671,-0.4473,-0.6378,-0.8411,-1.0593,-1.2924,-1.5348,-1.7718,-1.9788,-2.1277,-2.1995,-2.1932,-2.124,-2.0142,-1.8844,-1.7494,-1.6181,-1.4952,-1.3825,-1.2805
0.7207,0.6279,0.5178,0.4152,0.3355,0.2835,0.2569,0.2509,0.2607,0.2821,0.3118,0.3471,0.3855,0.4236,0.4571,0.4811,0.4921,0.4927,0.4945,0.5163,0.5748,0.666,0.7431,0.7402,0.6491,0.5116,0.3597,0.2037,0.0437,-0.122,-0.2954,-0.4776,-0.6703,-0.8758,-1.0971,-1.3356,-1.5872,-1.837,-2.0575,-2.2159,-2.289,-2.2756,-2.1941,-2.0705,-1.9278,-1.782,-1.6422,-1.5127,-1.395,-1.2891
0.7825,0.689,0.5758,0.4685,0.3835,0.3257,0.2933,0.2821,0.2876,0.3059,0.3342,0.3702,0.4114,0.4543,0.4934,0.5211,0.5299,0.5195,0.5022,0.5,0.5321,0.5971,0.6561,0.6517,0.5731,0.4518,0.3132,0.1657,0.0101,-0.1544,-0.3282,-0.5114,-0.7044,-0.9093,-1.1297,-1.3686,-1.6236,-1.881,-2.1114,-2.2772,-2.3516,-2.3328,-2.2417,-2.1075,-1.9553,-1.8017,-1.6557,-1.5216,-1.4004,-1.2919
0.824,0.7312,0.6172,0.5079,0.4199,0.3584,0.3222,0.3073,0.3096,0.3258,0.3536,0.391,0.4362,0.486,0.534,0.5694,0.579,0.5569,0.516,0.4841,0.4834,0.5142,0.5479,0.5411,0.4795,0.3797,0.258,0.1211,-0.0291,-0.1919,-0.3658,-0.5491,-0.7409,-0.9424,-1.1575,-1.3907,-1.6422,-1.8998,-2.1339,-2.304,-2.3796,-2.358,-2.2617,-2.1217,-1.9644,-1.8067,-1.6577,-1.5213,-1.3983,-1.2885
0.8442,0.7538,0.642,0.5337,0.4453,0.3823,0.3439,0.3266,0.3268,0.3417,0.3694,0.4089,0.459,0.5175,0.578,0.6266,0.6417,0.6078,0.5383,0.4714,0.4354,0.432,0.4406,0.4307,0.3849,0.3055,0.2,0.0732,-0.0723,-0.2339,-0.4083,-0.5916,-0.7811,-0.9768,-1.1823,-1.4034,-1.643,-1.8918,-2.1218,-2.2914,-2.3678,-2.3469,-2.2508,-2.111,-1.9539,-1.7964,-1.6476,-1.5113,-1.3886,-1.2789
0.8439,0.7579,0.6511,0.5469,0.4606,0.3982,0.3592,0.3407,0.3396,0.3536,0.3814,0.4228,0.4781,0.5464,0.6225,0.6903,0.7175,0.6727,0.5685,0.4611,0.3905,0.3588,0.3489,0.3368,0.3022,0.2377,0.1443,0.0248,-0.1179,-0.28,-0.4562,-0.6404,-0.8273,-1.0151,-1.2069,-1.4098,-1.6292,-1.8598,-2.0766,-2.2399,-2.3162,-2.2992,-2.2091,-2.0754,-1.9237,-1.7707,-1.6254,-1.4918,-1.3711,-1.263
0.826,0.746,0.6467,0.5489,0.4671,0.407,0.3686,0.3499,0.348,0.3613,0.3891,0.4319,0.4915,0.569,0.6618,0.753,0.7992,0.7456,0.6009,0.4489,0.3471,0.2968,0.2782,0.2659,0.2372,0.1807,0.094,-0.0221,-0.165,-0.3301,-0.5105,-0.6972,-0.882,-1.061,-1.2361,-1.4153,-1.6071,-1.8102,-2.005,-2.1557,-2.23,-2.2192,-2.1395,-2.0171,-1.8755,-1.7308,-1.5919,-1.4632,-1.3462,-1.241
0.7943,0.7214,0.6312,0.5418,0.4661,0.4096,0.3731,0.3547,0.3524,0.3649,0.3921,0.4353,0.4972,0.5813,0.6874,0.8005,0.8677,0.808,0.6229,0.4285,0.3033,0.2467,0.2292,0.2178,0.19,0.1353,0.05,-0.0667,-0.2132,-0.3846,-0.5722,-0.7641,-0.9487,-1.1188,-1.2752,-1.4267,-1.5848,-1.7531,-1.9183,-2.0503,-2.1195,-2.1151,-2.0483,-1.9404,-1.8122,-1.6785,-1.5483,-1.4263,-1.3145,-1.2133
0.7534,0.6881,0.6078,0.5278,0.4592,0.4073,0.3732,0.3557,0.3532,0.3647,0.3905,0.4324,0.4938,0.5793,0.6908,0.8147,0.8934,0.829,0.6168,0.3962,0.2619,0.2115,0.2011,0.1885,0.1566,0.0991,0.0114,-0.1092,-0.2627,-0.444,-0.6427,-0.8438,-1.0311,-1.1936,-1.3305,-1.4515,-1.5714,-1.6996,-1.8292,-1.9371,-1.9973,-1.9974,-1.9432,-1.8508,-1.7373,-1.6163,-1.4962,-1.3822,-1.2765,-1.1802
0.7073,0.6495,0.5792,0.5088,0.4478,0.401,0.3698,0.3534,0.3506,0.3608,0.3843,0.4231,0.4807,0.5614,0.6671,0.7838,0.8544,0.7843,0.5717,0.3547,0.23,0.1953,0.1906,0.1705,0.1309,0.0686,-0.0233,-0.1503,-0.3137,-0.5088,-0.7234,-0.9386,-1.1329,-1.2904,-1.4079,-1.4965,-1.5754,-1.6596,-1.7496,-1.8289,-1.8757,-1.8765,-1.8323,-1.754,-1.655,-1.5467,-1.4373,-1.3319,-1.2331,-1.1423
0.6596,0.6089,0.548,0.4868,0.4333,0.3918,0.3635,0.3483,0.3451,0.3536,0.3741,0.4082,0.4589,0.5292,0.6189,0.7122,0.7583,0.6842,0.4966,0.3098,0.2091,0.1925,0.1858,0.1529,0.1062,0.0403,-0.056,-0.1906,-0.3665,-0.5792,-0.8151,-1.0506,-1.2575,-1.4134,-1.5122,-1.5671,-1.6024,-1.6403,-1.6878,-1.735,-1.7638,-1.7606,-1.7223,-1.6552,-1.5687,-1.4723,-1.3733,-1.2766,-1.185,-1.1001
0.6127,0.5685,0.5161,0.4634,0.4169,0.3804,0.3551,0.3409,0.3373,0.3437,0.3606,0.3888,0.4304,0.4868,0.5549,0.6185,0.637,0.5638,0.4113,0.2617,0.1831,0.1753,0.1621,0.1235,0.0774,0.0119,-0.0877,-0.2306,-0.4208,-0.6548,-0.9174,-1.18,-1.4061,-1.5647,-1.6457,-1.6652,-1.6549,-1.6444,-1.6476,-1.66,-1.667,-1.6549,-1.6179,-1.558,-1.4814,-1.3953,-1.3058,-1.2175,-1.133,-1.0542
0.5683,0.5299,0.4849,0.4398,0.3996,0.3676,0.345,0.3318,0.3276,0.3318,0.3447,0.3666,0.3983,0.4396,0.4861,0.5226,0.5202,0.4522,0.33,0.2065,0.1302,0.1079,0.0972,0.077,0.0438,-0.0171,-0.1187,-0.27,-0.4759,-0.7339,-1.0281,-1.3246,-1.5768,-1.7423,-1.8062,-1.7885,-1.7303,-1.6701,-1.6282,-1.6044,-1.5866,-1.5615,-1.5213,-1.4647,-1.395,-1.3171,-1.2359,-1.1553,-1.0778,-1.005
0.5274,0.494,0.4554,0.4168,0.3822,0.3542,0.3339,0.3215,0.3166,0.3186,0.3275,0.3431,0.3653,0.3929,0.4209,0.4373,0.4228,0.3615,0.2597,0.1467,0.0519,-0.0029,0.0041,0.0224,0.0093,-0.0452,-0.1483,-0.3079,-0.5299,-0.8133,-1.1422,-1.4777,-1.7615,-1.9377,-1.9848,-1.9285,-1.8212,-1.7114,-1.6248,-1.5647,-1.5207,-1.4798,-1.4328,-1.3761,-1.3104,-1.2387,-1.1645,-1.0907,-1.0198,-0.953
0.4904,0.4613,0.4282,0.395,0.3651,0.3405,0.3223,0.3106,0.3049,0.3048,0.3099,0.3199,0.334,0.3502,0.3644,0.3679,0.3478,0.2933,0.2047,0.0946,-0.0193,-0.0951,-0.0709,-0.023,-0.0205,-0.0704,-0.1757,-0.3431,-0.5801,-0.8879,-1.2512,-1.627,-1.9449,-2.1336,-2.1647,-2.0703,-1.9155,-1.7586,-1.6301,-1.5354,-1.4654,-1.4073,-1.3512,-1.2918,-1.2277,-1.1603,-1.0917,-1.0242,-0.9593,-0.8984
0.4574,0.4319,0.4033,0.3748,0.3488,0.3271,0.3106,0.2993,0.293,0.291,0.293,0.2983,0.3059,0.3137,0.3185,0.3146,0.2935,0.2459,0.1676,0.0626,-0.0533,-0.1266,-0.1001,-0.0484,-0.042,-0.0914,-0.1997,-0.374,-0.6234,-0.9513,-1.344,-1.7553,-2.1041,-2.3047,-2.3219,-2.194,-1.998,-1.8004,-1.6354,-1.5099,-1.4156,-1.3405,-1.2743,-1.2104,-1.1464,-1.0818,-1.0178,-0.9557,-0.8966,-0.8414
0.4282,0.4058,0.381,0.3562,0.3335,0.3143,0.2992,0.2883,0.2813,0.2778,0.2774,0.2792,0.2821,0.2841,0.283,0.2758,0.2564,0.2161,0.1481,0.0539,-0.0485,-0.1092,-0.0926,-0.0552,-0.0551,-0.1079,-0.2196,-0.3989,-0.6562,-0.997,-1.4088,-1.8437,-2.2135,-2.4224,-2.4299,-2.2785,-2.0531,-1.8254,-1.6321,-1.4813,-1.3663,-1.2756,-1.1992,-1.1303,-1.0652,-1.0026,-0.9425,-0.8854,-0.8318,-0.7822
0.4026,0.3828,0.3612,0.3395,0.3196,0.3023,0.2884,0.2778,0.2703,0.2657,0.2634,0.263,0.2629,0.2612,0.2569,0.2489,0.233,0.2004,0.1433,0.0634,-0.0206,-0.0705,-0.0676,-0.0501,-0.0613,-0.1197,-0.2345,-0.4161,-0.6757,-1.0196,-1.436,-1.877,-2.2526,-2.4638,-2.4679,-2.3075,-2.0687,-1.8246,-1.613,-1.444,-1.3125,-1.2087,-1.1233,-1.0494,-0.983,-0.9219,-0.8653,-0.8129,-0.7647,-0.7207
0.3801,0.3626,0.3436,0.3246,0.3069,0.2914,0.2784,0.2681,0.2603,0.2548,0.2515,0.2498,0.2482,0.2446,0.2386,0.2313,0.2199,0.195,0.1487,0.0833,0.0156,-0.0278,-0.0376,-0.0386,-0.0621,-0.1265,-0.2435,-0.4243,-0.68,-1.0166,-1.422,-1.8499,-2.2141,-2.4206,-2.4278,-2.2736,-2.0384,-1.7922,-1.5732,-1.3934,-1.2504,-1.1365,-1.0437,-0.9657,-0.8982,-0.8387,-0.7856,-0.738,-0.6953,-0.6571
0.3605,0.345,0.3282,0.3115,0.2957,0.2816,0.2695,0.2595,0.2515,0.2454,0.2416,0.2395,0.2376,0.2331,0.2264,0.2206,0.2139,0.1964,0.16,0.1076,0.0528,0.0129,-0.007,-0.0231,-0.0577,-0.1279,-0.2457,-0.4227,-0.6689,-0.9888,-1.3696,-1.7678,-2.1062,-2.3017,-2.3163,-2.1803,-1.9627,-1.7268,-1.51,-1.3265,-1.177,-1.0562,-0.9581,-0.8772,-0.8095,-0.752,-0.7028,-0.6603,-0.6235,-0.5914
0.3434,0.3296,0.3148,0.3,0.2859,0.2731,0.2618,0.2521,0.244,0.2377,0.2336,0.2318,0.2304,0.2258,0.2187,0.2144,0.2119,0.2009,0.1739,0.133,0.0884,0.0511,0.0238,-0.0038,-0.0479,-0.1228,-0.2403,-0.411,-0.6434,-0.9397,-1.2865,-1.6445,-1.9479,-2.1276,-2.1507,-2.0391,-1.8477,-1.6308,-1.4236,-1.2421,-1.0903,-0.9658,-0.8646,-0.7824,-0.7155,-0.661,-0.6163,-0.5796,-0.5491,-0.5235
0.3285,0.3162,0.3031,0.29,0.2774,0.2657,0.2553,0.2461,0.2381,0.2317,0.2275,0.2262,0.2258,0.2217,0.2143,0.2108,0.2114,0.2064,0.1884,0.1585,0.1231,0.0886,0.0565,0.0201,-0.0317,-0.1106,-0.2269,-0.3897,-0.6056,-0.8746,-1.183,-1.4964,-1.761,-1.9219,-1.952,-1.8651,-1.7026,-1.5087,-1.3154,-1.1401,-0.9893,-0.8638,-0.7616,-0.6798,-0.6152,-0.5648,-0.5258,-0.4955,-0.472,-0.4534
0.3155,0.3046,0.293,0.2813,0.2701,0.2596,0.25,0.2414,0.2338,0.2274,0.2233,0.2224,0.2232,0.22,0.2127,0.2094,0.2117,0.212,0.2035,0.185,0.159,0.1281,0.093,0.0499,-0.0086,-0.0909,-0.2056,-0.3599,-0.5583,-0.799,-1.0687,-1.338,-1.5642,-1.7052,-1.7388,-1.673,-1.5372,-1.3664,-1.1886,-1.0213,-0.8738,-0.7493,-0.648,-0.5684,-0.5078,-0.4629,-0.4307,-0.408,-0.3923,-0.3814
0.3042,0.2945,0.2842,0.2739,0.2639,0.2545,0.2459,0.238,0.2309,0.2249,0.2209,0.2203,0.222,0.2202,0.2139,0.2107,0.214,0.2195,0.2211,0.2149,0.199,0.1725,0.1354,0.0863,0.0217,-0.0641,-0.1772,-0.323,-0.5043,-0.7178,-0.9511,-1.1798,-1.3706,-1.4916,-1.525,-1.4744,-1.3605,-1.2099,-1.0464,-0.8875,-0.744,-0.6219,-0.5233,-0.4476,-0.3926,-0.355,-0.331,-0.3171,-0.3101,-0.3076
0.2943,0.2856,0.2766,0.2675,0.2587,0.2504,0.2427,0.2357,0.2293,0.2239,0.2203,0.2198,0.2218,0.2217,0.2178,0.2157,0.2205,0.2317,0.2443,0.2516,0.2467,0.2248,0.1854,0.1299,0.0586,-0.031,-0.1429,-0.281,-0.4463,-0.635,-0.8358,-1.0287,-1.188,-1.2895,-1.3191,-1.2778,-1.1795,-1.0442,-0.8922,-0.7403,-0.6009,-0.4819,-0.3871,-0.317,-0.2696,-0.241,-0.2269,-0.223,-0.2258,-0.2325
0.2855,0.2779,0.27,0.262,0.2543,0.2471,0.2404,0.2342,0.2288,0.2242,0.2211,0.2207,0.2227,0.2241,0.2234,0.2243,0.2327,0.251,0.2762,0.2986,0.3053,0.287,0.2435,0.1801,0.1012,0.007,-0.1045,-0.2356,-0.3867,-0.5534,-0.726,-0.8881,-1.0199,-1.1029,-1.1259,-1.0883,-0.9991,-0.8738,-0.7293,-0.5821,-0.4457,-0.3298,-0.2399,-0.1771,-0.1391,-0.1214,-0.1188,-0.1263,-0.1399,-0.1564
0.2778,0.2711,0.2642,0.2573,0.2506,0.2443,0.2386,0.2334,0.2289,0.2252,0.2228,0.2226,0.2246,0.2275,0.2303,0.236,0.2504,0.2784,0.3185,0.3577,0.3759,0.3591,0.3086,0.2351,0.1472,0.0479,-0.0637,-0.189,-0.3275,-0.4752,-0.6236,-0.7595,-0.8674,-0.9331,-0.9474,-0.9087,-0.823,-0.702,-0.5608,-0.4152,-0.2801,-0.167,-0.0827,-0.0287,-0.002,0.0029,-0.0076,-0.0278,-0.0531,-0.0801
0.2709,0.2651,0.259,0.2531,0.2474,0.2421,0.2373,0.233,0.2294,0.2266,0.225,0.2252,0.2276,0.2319,0.2384,0.2498,0.2723,0.3124,0.3692,0.4264,0.4552,0.4369,0.3766,0.2912,0.1938,0.0891,-0.0229,-0.1429,-0.2703,-0.4016,-0.5294,-0.6431,-0.7303,-0.7799,-0.784,-0.7405,-0.6534,-0.5319,-0.3894,-0.2422,-0.1064,0.0045,0.0825,0.1264,0.14,0.1304,0.1053,0.0713,0.0336,-0.0043
0.2648,0.2597,0.2545,0.2494,0.2445,0.2401,0.2362,0.2328,0.2301,0.2281,0.2273,0.2282,0.2313,0.2374,0.2474,0.2648,0.2962,0.3488,0.4222,0.4959,0.5332,0.5113,0.4401,0.3433,0.2372,0.1279,0.0161,-0.0989,-0.2166,-0.3336,-0.4437,-0.5384,-0.6076,-0.6421,-0.6352,-0.5844,-0.492,-0.3657,-0.2183,-0.0663,0.0721,0.1815,0.2529,0.2854,0.2845,0.259,0.2181,0.1696,0.1191,0.07
0.2592,0.2548,0.2504,0.246,0.242,0.2383,0.2352,0.2326,0.2307,0.2296,0.2296,0.2313,0.2355,0.2434,0.2568,0.2798,0.3191,0.3822,0.468,0.5531,0.5954,0.57,0.4907,0.3857,0.2738,0.162,0.0514,-0.0585,-0.1671,-0.2714,-0.3664,-0.4447,-0.4981,-0.5186,-0.5004,-0.4404,-0.3402,-0.2061,-0.0506,0.1086,0.2513,0.3599,0.4244,0.4446,0.4281,0.3858,0.3286,0.2653,0.2018,0.1417
0.2541,0.2504,0.2466,0.2429,0.2396,0.2367,0.2342,0.2324,0.2312,0.2309,0.2318,0.2344,0.2398,0.2495,0.2658,0.2932,0.3381,0.4071,0.498,0.5861,0.6291,0.6026,0.5211,0.4139,0.3007,0.1894,0.0817,-0.0225,-0.1224,-0.2154,-0.297,-0.3611,-0.4005,-0.4082,-0.3788,-0.3089,-0.1991,-0.0554,0.11,0.2779,0.4259,0.5341,0.5916,0.5993,0.5668,0.5076,0.4342,0.3564,0.2804,0.2097
0.2495,0.2462,0.2431,0.24,0.2373,0.235,0.2332,0.232,0.2315,0.232,0.2336,0.2372,0.2438,0.2551,0.2736,0.3037,0.3511,0.4207,0.5086,0.5913,0.6311,0.6063,0.5292,0.4263,0.3167,0.2092,0.1063,0.0086,-0.0827,-0.1654,-0.2352,-0.2867,-0.3137,-0.3098,-0.2697,-0.1898,-0.0702,0.0837,0.2594,0.4364,0.5899,0.6977,0.7484,0.7438,0.6959,0.6206,0.5321,0.4408,0.3533,0.2729
0.2451,0.2424,0.2397,0.2373,0.2351,0.2333,0.2321,0.2315,0.2316,0.2327,0.2351,0.2396,0.2472,0.2596,0.2795,0.3106,0.3574,0.4229,0.5018,0.5735,0.6075,0.5861,0.5178,0.4241,0.3223,0.2215,0.1251,0.0348,-0.0481,-0.121,-0.1802,-0.2207,-0.2367,-0.2225,-0.1726,-0.0835,0.0452,0.2086,0.3936,0.5785,0.7366,0.8438,0.888,0.8722,0.8108,0.7213,0.6195,0.5165,0.4189,0.3302
0.2411,0.2388,0.2366,0.2346,0.2329,0.2316,0.2309,0.2307,0.2314,0.233,0.2361,0.2413,0.2497,0.2628,0.2831,0.3136,0.3575,0.4158,0.4828,0.5414,0.5685,0.5505,0.4926,0.4106,0.3191,0.227,0.1386,0.0562,-0.0183,-0.0821,-0.1316,-0.1623,-0.1687,-0.1454,-0.0872,0.0098,0.1461,0.3168,0.5087,0.6992,0.8599,0.9657,1.0042,0.9794,0.907,0.8063,0.6941,0.5817,0.4761,0.3806
0.2372,0.2353,0.2335,0.2319,0.2307,0.2298,0.2295,0.2298,0.2308,0.233,0.2366,0.2423,0.2511,0.2645,0.2844,0.313,0.3525,0.4024,0.4569,0.5028,0.5231,0.5079,0.4597,0.3897,0.3095,0.2272,0.1475,0.0734,0.0073,-0.048,-0.0888,-0.1108,-0.109,-0.0781,-0.013,0.09,0.2315,0.4066,0.6019,0.7943,0.9551,1.0585,1.0922,1.061,0.9812,0.8731,0.7538,0.6351,0.5239,0.4235
