docs/data/wind_grid.json
[{"header":{"la1":42.85,"la2":41.18,"lo1":11.55,"lo2":14.05,"nx":36,"ny":24,"dx":0.07143,"dy":0.07261,"parameterCategory":2,"parameterNumber":2,"parameterNumberName":"eastward_wind","parameterUnit":"m.s-1"},"data":[-0.6455,-0.6563,-0.6682,-0.681,-0.6941,-0.7061,-0.7154,-0.7202,-0.7197,-0.7143,-0.7058,-0.6972,-0.691,-0.6886,-0.6905,-0.6962,-0.7042,-0.7125,-0.719,-0.7219,-0.7206,-0.7156,-0.7077,-0.6983,-0.6882,-0.6782,-0.6685,-0.6594,-0.6511,-0.6434,-0.6364,-0.6301,-0.6243,-0.6191,-0.6143,-0.61,-0.6486,-0.6615,-0.6764,-0.6933,-0.7115,-0.7293,-0.7441,-0.7521,-0.7508,-0.7406,-0.7252,-0.7098,-0.6987,-0.6944,-0.6972,-0.7062,-0.7191,-0.7327,-0.7431,-0.7475,-0.7449,-0.7367,-0.725,-0.7118,-0.6984,-0.6857,-0.674,-0.6633,-0.6537,-0.6451,-0.6373,-0.6304,-0.6242,-0.6186,-0.6136,-0.6091,-0.6508,-0.6658,-0.6842,-0.7063,-0.732,-0.7595,-0.7845,-0.7996,-0.7981,-0.7794,-0.7512,-0.724,-0.7052,-0.698,-0.7024,-0.7167,-0.7378,-0.7603,-0.7774,-0.7834,-0.7777,-0.7635,-0.7454,-0.7267,-0.709,-0.6931,-0.6789,-0.6665,-0.6557,-0.6461,-0.6377,-0.6302,-0.6236,-0.6177,-0.6124,-0.6077,-0.6513,-0.6684,-0.6903,-0.7185,-0.7542,-0.7972,-0.8418,-0.8736,-0.8741,-0.839,-0.7862,-0.7387,-0.7082,-0.6973,-0.7043,-0.727,-0.7612,-0.7993,-0.828,-0.8357,-0.8221,-0.7966,-0.7683,-0.742,-0.7191,-0.6996,-0.683,-0.6689,-0.6568,-0.6463,-0.6373,-0.6293,-0.6223,-0.6161,-0.6107,-0.6058,-0.6496,-0.668,-0.6926,-0.7266,-0.7739,-0.8389,-0.9192,-0.9905,-1.0014,-0.9313,-0.8302,-0.7496,-0.7038,-0.6892,-0.7005,-0.7346,-0.7886,-0.8533,-0.9036,-0.9114,-0.8797,-0.8341,-0.7914,-0.756,-0.7275,-0.7044,-0.6855,-0.6698,-0.6567,-0.6456,-0.636,-0.6277,-0.6204,-0.614,-0.6083,-0.6034,-0.6452,-0.6637,-0.6892,-0.7262,-0.7824,-0.8705,-1.0038,-1.1584,-1.2045,-1.058,-0.8693,-0.7454,-0.6855,-0.6699,-0.6874,-0.7344,-0.8125,-0.9168,-1.0049,-1.0081,-0.9418,-0.8679,-0.8094,-0.7657,-0.7324,-0.7065,-0.6859,-0.6691,-0.6553,-0.6437,-0.6338,-0.6252,-0.6177,-0.6111,-0.6054,-0.6003,-0.6381,-0.6552,-0.6788,-0.7136,-0.769,-0.8643,-1.0342,-1.2883,-1.3968,-1.1352,-0.8558,-0.7078,-0.647,-0.6366,-0.6618,-0.7198,-0.8149,-0.9505,-1.0759,-1.0722,-0.9743,-0.8823,-0.816,-0.7683,-0.7327,-0.7052,-0.6837,-0.6665,-0.6524,-0.6406,-0.6305,-0.6218,-0.6142,-0.6075,-0.6016,-0.5965,-0.6289,-0.6433,-0.6625,-0.6896,-0.7312,-0.8016,-0.9292,-1.1268,-1.2016,-0.9647,-0.7378,-0.6275,-0.5872,-0.5885,-0.623,-0.6888,-0.7854,-0.9075,-1.0136,-1.0179,-0.9451,-0.8694,-0.8095,-0.7634,-0.7278,-0.7003,-0.6788,-0.6617,-0.6479,-0.6363,-0.6263,-0.6176,-0.6098,-0.603,-0.597,-0.5919,-0.6186,-0.6299,-0.6439,-0.6612,-0.6831,-0.7113,-0.7469,-0.7746,-0.7351,-0.6281,-0.5552,-0.5237,-0.5139,-0.5272,-0.5719,-0.6501,-0.751,-0.851,-0.9189,-0.9314,-0.8982,-0.8471,-0.7964,-0.7531,-0.7185,-0.6917,-0.6712,-0.6551,-0.642,-0.6309,-0.6212,-0.6124,-0.6045,-0.5975,-0.5914,-0.5863,-0.6082,-0.617,-0.627,-0.6375,-0.6461,-0.6465,-0.6227,-0.5412,-0.3839,-0.308,-0.3817,-0.4289,-0.4372,-0.4508,-0.5055,-0.6127,-0.7518,-0.8761,-0.94,-0.9378,-0.8954,-0.8386,-0.784,-0.739,-0.7048,-0.6796,-0.6611,-0.6468,-0.6351,-0.6248,-0.6153,-0.6063,-0.5981,-0.5908,-0.5845,-0.5793,-0.5983,-0.6058,-0.6144,-0.6236,-0.632,-0.6343,-0.6125,-0.4999,-0.1458,0.0184,-0.2713,-0.3693,-0.3614,-0.3465,-0.4091,-0.5766,-0.817,-1.0457,-1.1289,-1.059,-0.9441,-0.8441,-0.7701,-0.7193,-0.6857,-0.6638,-0.6489,-0.6377,-0.628,-0.6185,-0.6089,-0.5994,-0.5904,-0.5824,-0.5758,-0.5707,-0.5891,-0.5961,-0.6051,-0.6174,-0.6352,-0.6627,-0.7035,-0.7108,-0.4202,-0.1857,-0.3217,-0.3531,-0.2942,-0.1949,-0.2729,-0.5463,-0.9776,-1.4939,-1.5867,-1.2794,-1.0066,-0.8378,-0.741,-0.6876,-0.6593,-0.6445,-0.6359,-0.6292,-0.6218,-0.6128,-0.6024,-0.5914,-0.5809,-0.5718,-0.5647,-0.5598,-0.58,-0.5866,-0.5963,-0.6116,-0.6378,-0.6862,-0.7768,-0.8949,-0.766,-0.4985,-0.4007,-0.3659,-0.302,-0.1469,-0.2189,-0.5772,-1.1644,-2.201,-2.2141,-1.4362,-0.9917,-0.7758,-0.6771,-0.6371,-0.6246,-0.6234,-0.6246,-0.6236,-0.6185,-0.6088,-0.5959,-0.5816,-0.5682,-0.5574,-0.5499,-0.5456,-0.5705,-0.5762,-0.5852,-0.5998,-0.6251,-0.6694,-0.7409,-0.8175,-0.7394,-0.5236,-0.4066,-0.3828,-0.3677,-0.225,-0.3722,-0.7381,-1.1936,-1.7357,-1.7749,-1.1977,-0.7979,-0.6161,-0.5642,-0.5666,-0.5855,-0.6056,-0.62,-0.6253,-0.6208,-0.6076,-0.5889,-0.5684,-0.5502,-0.5369,-0.5294,-0.5268,-0.5604,-0.5644,-0.5708,-0.5811,-0.5974,-0.6214,-0.6485,-0.6511,-0.5724,-0.4365,-0.3519,-0.3528,-0.3338,-0.2957,-0.4685,-1.0832,-1.6444,-1.257,-1.0479,-0.7243,-0.4221,-0.3435,-0.4084,-0.4882,-0.5532,-0.6011,-0.6305,-0.6404,-0.6324,-0.6104,-0.5799,-0.5482,-0.5223,-0.5064,-0.5004,-0.5018,-0.5499,-0.5517,-0.5546,-0.5589,-0.5643,-0.5687,-0.564,-0.5332,-0.4571,-0.3348,-0.1823,-0.3538,-0.3615,-0.3661,-0.5138,-0.9795,-1.3759,-0.9614,-0.6264,-0.3196,0.041,-0.0205,-0.2637,-0.433,-0.5476,-0.6255,-0.6683,-0.6771,-0.6577,-0.6174,-0.5654,-0.5141,-0.4767,-0.4596,-0.4596,-0.4694,-0.5395,-0.539,-0.5384,-0.5373,-0.5344,-0.5268,-0.5086,-0.4714,-0.4078,-0.3134,-0.2039,-0.2922,-0.3337,-0.3368,-0.4409,-0.5952,-0.6574,-0.4393,-0.2113,-0.1241,0.1103,0.0292,-0.2354,-0.437,-0.5897,-0.6981,-0.7492,-0.7447,-0.7003,-0.6279,-0.5386,-0.4544,-0.4016,-0.3894,-0.4046,-0.4301,-0.5297,-0.5272,-0.5239,-0.519,-0.5112,-0.4984,-0.4773,-0.4448,-0.4002,-0.3496,-0.3164,-0.326,-0.326,-0.3241,-0.3363,-0.3405,-0.3128,0.0016,0.3085,0.0119,-0.0869,-0.1567,-0.3136,-0.4986,-0.6851,-0.8338,-0.8848,-0.8457,-0.7605,-0.6409,-0.4938,-0.3568,-0.2871,-0.2945,-0.3395,-0.3886,-0.5211,-0.517,-0.5118,-0.5048,-0.4948,-0.4808,-0.4613,-0.4357,-0.4056,-0.3764,-0.3567,-0.3482,-0.3379,-0.3077,-0.1908,-0.1384,-0.1946,0.0101,0.181,-0.0019,-0.1305,-0.2474,-0.3883,-0.572,-0.7969,-0.9993,-1.0398,-0.9532,-0.8298,-0.6606,-0.4426,-0.2378,-0.1566,-0.2002,-0.2832,-0.3565,-0.5137,-0.5087,-0.5024,-0.4943,-0.4839,-0.4705,-0.4536,-0.4336,-0.4121,-0.3917,-0.3749,-0.3605,-0.3402,-0.2944,-0.1993,-0.1641,-0.1923,-0.1122,-0.0274,-0.012,-0.142,-0.2854,-0.4277,-0.6097,-0.8438,-1.044,-1.0794,-1.029,-0.9022,-0.7003,-0.4373,-0.193,-0.1069,-0.1684,-0.2665,-0.348,-0.5076,-0.502,-0.4953,-0.487,-0.4769,-0.4647,-0.4504,-0.4344,-0.4176,-0.4012,-0.3858,-0.3696,-0.3479,-0.3137,-0.27,-0.2448,-0.2284,-0.1782,-0.1098,-0.1024,-0.2058,-0.3208,-0.4273,-0.591,-0.8299,-1.0652,-1.2402,-1.1817,-0.9889,-0.7623,-0.5109,-0.2926,-0.202,-0.232,-0.3029,-0.3682,-0.5027,-0.497,-0.4902,-0.4822,-0.4727,-0.4619,-0.4496,-0.4363,-0.4224,-0.4085,-0.3944,-0.3791,-0.3605,-0.3372,-0.3122,-0.2912,-0.2704,-0.2419,-0.2173,-0.2295,-0.2862,-0.3299,-0.3628,-0.5136,-0.7851,-1.1136,-1.3769,-1.2715,-1.0311,-0.8097,-0.605,-0.439,-0.3514,-0.3411,-0.3702,-0.4078,-0.499,-0.4933,-0.4867,-0.4791,-0.4705,-0.4608,-0.4502,-0.4388,-0.4271,-0.415,-0.4026,-0.3892,-0.3742,-0.3575,-0.3405,-0.3246,-0.3095,-0.2958,-0.2908,-0.3041,-0.3264,-0.3136,-0.303,-0.4459,-0.7007,-0.974,-1.1503,-1.1188,-0.9711,-0.81,-0.6623,-0.543,-0.4677,-0.4376,-0.4379,-0.4518,-0.4963,-0.4907,-0.4845,-0.4774,-0.4696,-0.461,-0.4517,-0.4419,-0.4318,-0.4214,-0.4106,-0.3993,-0.3874,-0.375,-0.3629,-0.3518,-0.3426,-0.337,-0.3382,-0.3474,-0.3558,-0.3484,-0.3604,-0.4636,-0.637,-0.8132,-0.9255,-0.9357,-0.87,-0.7753,-0.6791,-0.5965,-0.5373,-0.5036,-0.4905,-0.49]},{"header":{"la1":42.85,"la2":41.18,"lo1":11.55,"lo2":14.05,"nx":36,"ny":24,"dx":0.07143,"dy":0.07261,"parameterCategory":2,"parameterNumber":3,"parameterNumberName":"northward_wind","parameterUnit":"m.s-1"},"data":[-0.8272,-0.8211,-0.8129,-0.8027,-0.7908,-0.7778,-0.7648,-0.7526,-0.7416,-0.7314,-0.7202,-0.7062,-0.688,-0.6649,-0.6373,-0.6066,-0.575,-0.5459,-0.5224,-0.5068,-0.4996,-0.4998,-0.5051,-0.5133,-0.523,-0.5331,-0.5431,-0.5528,-0.5621,-0.5711,-0.5798,-0.5882,-0.5963,-0.604,-0.6114,-0.6184,-0.8377,-0.8311,-0.8216,-0.8093,-0.7941,-0.7773,-0.7605,-0.746,-0.7352,-0.7273,-0.7192,-0.7073,-0.6888,-0.6626,-0.6289,-0.5896,-0.5478,-0.5087,-0.4782,-0.4604,-0.4559,-0.4618,-0.4737,-0.4882,-0.503,-0.517,-0.5301,-0.5422,-0.5535,-0.5641,-0.5743,-0.5839,-0.5931,-0.6019,-0.6102,-0.618,-0.8499,-0.8429,-0.832,-0.8167,-0.7967,-0.7731,-0.749,-0.7295,-0.7189,-0.7165,-0.7157,-0.7092,-0.692,-0.6626,-0.6212,-0.5697,-0.5122,-0.4569,-0.4149,-0.3949,-0.397,-0.414,-0.4371,-0.4607,-0.4821,-0.5009,-0.5173,-0.532,-0.5453,-0.5576,-0.5692,-0.5803,-0.5907,-0.6006,-0.6098,-0.6184,-0.8642,-0.8573,-0.8452,-0.8264,-0.7994,-0.7644,-0.7256,-0.6941,-0.6826,-0.6923,-0.7079,-0.7127,-0.6993,-0.6668,-0.616,-0.548,-0.4664,-0.3831,-0.3206,-0.2992,-0.3173,-0.3555,-0.3965,-0.4325,-0.4618,-0.4856,-0.5054,-0.5225,-0.5378,-0.5518,-0.565,-0.5774,-0.5892,-0.6002,-0.6105,-0.62,-0.8813,-0.8753,-0.863,-0.8411,-0.8058,-0.7533,-0.686,-0.6241,-0.6065,-0.6443,-0.695,-0.7207,-0.7137,-0.6782,-0.6171,-0.5289,-0.4123,-0.2803,-0.1784,-0.1592,-0.2135,-0.2898,-0.3565,-0.4069,-0.4441,-0.4724,-0.495,-0.5142,-0.5312,-0.5469,-0.5617,-0.5756,-0.5888,-0.6012,-0.6126,-0.6231,-0.9013,-0.8979,-0.8874,-0.8652,-0.8235,-0.7511,-0.6379,-0.5065,-0.4641,-0.5672,-0.6859,-0.7405,-0.739,-0.6998,-0.6293,-0.5223,-0.3655,-0.1594,0.0157,0.0235,-0.1012,-0.2324,-0.3265,-0.3889,-0.4314,-0.4623,-0.4865,-0.5072,-0.5257,-0.5431,-0.5595,-0.5752,-0.59,-0.6038,-0.6165,-0.6279,-0.9242,-0.9254,-0.9202,-0.9029,-0.8638,-0.7839,-0.6329,-0.408,-0.3138,-0.5218,-0.7162,-0.7852,-0.7789,-0.7328,-0.6566,-0.5417,-0.3635,-0.0991,0.1552,0.1479,-0.0461,-0.2136,-0.3185,-0.3828,-0.4249,-0.4554,-0.4799,-0.5014,-0.5213,-0.5403,-0.5587,-0.5763,-0.593,-0.6085,-0.6225,-0.6349,-0.9491,-0.9571,-0.9608,-0.9556,-0.933,-0.8762,-0.7567,-0.5662,-0.4905,-0.6827,-0.8333,-0.8627,-0.8317,-0.7745,-0.6969,-0.5896,-0.432,-0.2057,0.0147,0.025,-0.1217,-0.2525,-0.3357,-0.3878,-0.4234,-0.4508,-0.4744,-0.4963,-0.5176,-0.5387,-0.5594,-0.5795,-0.5984,-0.6159,-0.6314,-0.6449,-0.9745,-0.9906,-1.006,-1.0185,-1.0237,-1.0143,-0.9834,-0.9449,-0.9612,-1.0234,-1.0198,-0.9588,-0.8872,-0.8177,-0.742,-0.6482,-0.529,-0.3867,-0.2608,-0.2232,-0.2648,-0.3206,-0.3644,-0.3969,-0.4229,-0.4461,-0.4685,-0.4912,-0.5145,-0.5382,-0.5621,-0.5853,-0.6071,-0.6269,-0.6442,-0.6587,-0.9981,-1.0226,-1.0505,-1.0823,-1.1175,-1.1557,-1.199,-1.2656,-1.3809,-1.4031,-1.2215,-1.0417,-0.9292,-0.8557,-0.7848,-0.6968,-0.5969,-0.5012,-0.4244,-0.3794,-0.3664,-0.3719,-0.3845,-0.4002,-0.4181,-0.4382,-0.4606,-0.4851,-0.5115,-0.5392,-0.5673,-0.5947,-0.6203,-0.6429,-0.662,-0.6774,-1.0174,-1.0492,-1.0882,-1.1369,-1.1981,-1.2736,-1.3595,-1.4576,-1.6817,-1.7983,-1.3626,-1.0723,-0.9462,-0.8921,-0.8305,-0.7284,-0.6184,-0.5366,-0.4818,-0.4375,-0.4046,-0.3869,-0.383,-0.3899,-0.4044,-0.4246,-0.4491,-0.4772,-0.5085,-0.5419,-0.5761,-0.6093,-0.6397,-0.6658,-0.6868,-0.7026,-1.0304,-1.0671,-1.1136,-1.174,-1.2539,-1.3589,-1.4838,-1.5745,-1.6083,-1.6174,-1.2813,-1.0362,-0.9456,-0.9496,-0.893,-0.7363,-0.5895,-0.5276,-0.4992,-0.4452,-0.3949,-0.3643,-0.3547,-0.3615,-0.3791,-0.4035,-0.433,-0.4671,-0.5055,-0.5472,-0.5901,-0.6314,-0.6683,-0.6985,-0.7212,-0.7364,-1.0356,-1.0741,-1.1232,-1.1875,-1.2742,-1.3928,-1.5481,-1.6878,-1.5922,-1.3658,-1.1312,-0.9852,-0.933,-0.9668,-0.9097,-0.6664,-0.4852,-0.5406,-0.5387,-0.4215,-0.3404,-0.2991,-0.2941,-0.3125,-0.3412,-0.3744,-0.4115,-0.4539,-0.5025,-0.5562,-0.6118,-0.6647,-0.7104,-0.7455,-0.7689,-0.7817,-1.033,-1.0699,-1.1163,-1.1758,-1.2537,-1.3562,-1.4827,-1.5933,-1.5069,-1.2367,-1.0379,-0.9688,-0.9496,-0.8135,-0.7395,-0.3884,-0.1059,-0.3401,-0.4185,-0.3157,-0.2114,-0.1674,-0.1915,-0.2423,-0.2925,-0.3377,-0.3836,-0.4363,-0.499,-0.5704,-0.6452,-0.7155,-0.7733,-0.8134,-0.8352,-0.8418,-1.0232,-1.056,-1.0956,-1.1438,-1.2019,-1.269,-1.3337,-1.3551,-1.2612,-1.0884,-0.9672,-0.9114,-0.8302,-0.6992,-0.6053,0.204,1.0371,0.1659,-0.1766,-0.1226,0.0619,0.0844,-0.0408,-0.1598,-0.2389,-0.2938,-0.3457,-0.4101,-0.493,-0.5915,-0.6965,-0.7938,-0.8685,-0.9123,-0.9268,-0.9203,-1.0079,-1.035,-1.066,-1.1008,-1.1378,-1.1717,-1.1898,-1.1689,-1.0918,-0.9867,-0.9194,-0.8941,-0.876,-0.7923,-0.5852,0.0909,0.6789,0.1096,-0.1502,0.0594,0.5619,0.465,0.1086,-0.0956,-0.1898,-0.2374,-0.2864,-0.3653,-0.4795,-0.6213,-0.7754,-0.9159,-1.014,-1.056,-1.0513,-1.0197,-0.9891,-1.0103,-1.0328,-1.0557,-1.0762,-1.0893,-1.0867,-1.0598,-1.0084,-0.9512,-0.9184,-0.9202,-1.0463,-1.0914,-0.7362,-0.4075,-0.2196,-0.3288,-0.3928,-0.052,0.6132,0.4912,0.1025,-0.088,-0.1441,-0.1458,-0.1768,-0.2828,-0.4514,-0.6617,-0.8945,-1.1057,-1.2344,-1.2589,-1.2117,-1.1368,-0.9686,-0.9843,-0.9997,-1.0136,-1.0235,-1.026,-1.0173,-0.9953,-0.9639,-0.9344,-0.9208,-0.9436,-1.0823,-1.095,-0.8084,-0.6506,-0.5521,-0.6521,-0.8206,-0.448,-0.0505,0.0388,-0.0652,-0.1252,-0.0779,0.035,0.0397,-0.1432,-0.4085,-0.7132,-1.0603,-1.3814,-1.5437,-1.517,-1.3936,-1.257,-0.9478,-0.9588,-0.9688,-0.9764,-0.9801,-0.9778,-0.9682,-0.9513,-0.9306,-0.9119,-0.902,-0.9077,-0.9238,-0.8779,-0.7907,-0.7761,-0.6625,-0.6716,-0.7263,-0.533,-0.3647,-0.251,-0.2163,-0.1693,0.0013,0.3294,0.3923,0.0029,-0.3877,-0.7698,-1.2339,-1.6871,-1.8727,-1.7616,-1.5469,-1.3497,-0.9275,-0.9349,-0.9408,-0.9443,-0.9443,-0.9399,-0.9305,-0.9167,-0.9006,-0.8848,-0.8716,-0.8601,-0.8418,-0.8036,-0.7738,-0.758,-0.67,-0.6019,-0.5304,-0.5011,-0.4466,-0.363,-0.3062,-0.2351,-0.0545,0.34,0.4242,-0.1274,-0.4725,-0.8142,-1.2977,-1.8012,-1.992,-1.8438,-1.5958,-1.3793,-0.9083,-0.9129,-0.9159,-0.9166,-0.9144,-0.9088,-0.8996,-0.8873,-0.8729,-0.8573,-0.8409,-0.8222,-0.7979,-0.7671,-0.7372,-0.7019,-0.6433,-0.5796,-0.5264,-0.4968,-0.4497,-0.389,-0.351,-0.3237,-0.2903,-0.3432,-0.6847,-0.686,-0.6549,-0.8341,-1.1972,-1.5968,-1.7773,-1.6961,-1.512,-1.3342,-0.8903,-0.8928,-0.8937,-0.8925,-0.8889,-0.8826,-0.8734,-0.8617,-0.8478,-0.832,-0.8142,-0.7934,-0.7687,-0.74,-0.7083,-0.6708,-0.6242,-0.5737,-0.5277,-0.4845,-0.4253,-0.3569,-0.3363,-0.3706,-0.4573,-0.7107,-1.0594,-0.9309,-0.7717,-0.8323,-1.0482,-1.3008,-1.4478,-1.4439,-1.3517,-1.2384,-0.8738,-0.8746,-0.8739,-0.8714,-0.8669,-0.86,-0.8508,-0.8393,-0.8257,-0.8099,-0.7918,-0.7709,-0.7469,-0.7195,-0.6887,-0.6536,-0.6136,-0.5707,-0.5263,-0.4755,-0.4052,-0.3206,-0.3008,-0.3731,-0.4917,-0.6725,-0.8335,-0.8253,-0.7736,-0.8107,-0.9335,-1.0828,-1.1884,-1.218,-1.1873,-1.1282,-0.8586,-0.8582,-0.8563,-0.8529,-0.8476,-0.8404,-0.8311,-0.8198,-0.8064,-0.791,-0.7732,-0.753,-0.7301,-0.7044,-0.6757,-0.6437,-0.6085,-0.5705,-0.5291,-0.481,-0.4215,-0.3622,-0.3499,-0.4041,-0.4945,-0.6016,-0.6889,-0.723,-0.7364,-0.7771,-0.8545,-0.9458,-1.0188,-1.0542,-1.053,-1.0279]}]