docs/data/wind_grid.json
[{"header":{"la1":42.22,"la2":41.45,"lo1":11.9,"lo2":12.97,"nx":16,"ny":12,"dx":0.07133,"dy":0.07,"parameterCategory":2,"parameterNumber":2,"parameterNumberName":"eastward_wind","parameterUnit":"m.s-1"},"data":[-0.2644,-0.1724,-0.0193,0.1623,0.2142,0.0526,-0.1501,-0.2863,-0.3786,-0.4767,-0.61,-0.7732,-0.9295,-1.0304,-1.0559,-1.0256,-0.313,-0.2207,0.0043,0.4144,0.6032,0.221,-0.1254,-0.2739,-0.3379,-0.4349,-0.6207,-0.8798,-1.1394,-1.2792,-1.2644,-1.1686,-0.408,-0.3874,-0.226,0.3444,0.6986,0.171,-0.1875,-0.2737,-0.2319,-0.3269,-0.6161,-1.0434,-1.521,-1.708,-1.5552,-1.3265,-0.5192,-0.6393,-0.8066,-0.5579,-0.075,-0.1593,-0.3147,-0.316,-0.0442,-0.2122,-0.6279,-1.2334,-2.1309,-2.3382,-1.8507,-1.437,-0.5802,-0.7686,-1.0983,-1.0159,-0.4653,-0.3426,-0.4229,-0.4619,-0.3958,-0.4199,-0.6861,-1.2123,-2.2522,-2.4917,-1.8527,-1.398,-0.5613,-0.682,-0.8139,-0.7099,-0.4227,-0.3265,-0.4063,-0.4827,-0.5218,-0.5492,-0.7457,-0.9967,-1.3733,-1.6528,-1.4441,-1.1853,-0.5014,-0.5394,-0.5387,-0.4326,-0.251,-0.1162,-0.2744,-0.4307,-0.6145,-0.5708,-0.7811,-0.9934,-0.9688,-1.0152,-0.9731,-0.8931,-0.4438,-0.4387,-0.3983,-0.2986,-0.1221,0.1983,-0.1388,-0.3366,-0.3577,-0.468,-0.6413,-0.7728,-0.6913,-0.5631,-0.5471,-0.5949,-0.4036,-0.3835,-0.3392,-0.2617,-0.1475,-0.0353,-0.1356,-0.1869,-0.1261,-0.3378,-0.4762,-0.4827,-0.2543,-0.0112,-0.1303,-0.3326,-0.3804,-0.3583,-0.3223,-0.2718,-0.2161,-0.1855,-0.2073,-0.2113,-0.2122,-0.3108,-0.3761,-0.2972,0.03,0.2948,0.0893,-0.1815,-0.3693,-0.3502,-0.324,-0.2932,-0.2651,-0.2517,-0.2559,-0.2645,-0.283,-0.3211,-0.3328,-0.2478,-0.035,0.116,0.0152,-0.169,-0.3658,-0.3507,-0.3324,-0.3134,-0.2979,-0.2904,-0.2921,-0.3005,-0.3147,-0.3298,-0.3237,-0.2686,-0.1683,-0.1003,-0.1324,-0.2246]},{"header":{"la1":42.22,"la2":41.45,"lo1":11.9,"lo2":12.97,"nx":16,"ny":12,"dx":0.07133,"dy":0.07,"parameterCategory":2,"parameterNumber":3,"parameterNumberName":"northward_wind","parameterUnit":"m.s-1"},"data":[-1.0027,-1.068,-1.1376,-1.2021,-1.1843,-1.0101,-0.7904,-0.6319,-0.5341,-0.4626,-0.4013,-0.3572,-0.3345,-0.3248,-0.3179,-0.3114,-1.0693,-1.1585,-1.2558,-1.3972,-1.4604,-1.149,-0.8004,-0.6166,-0.5385,-0.4678,-0.383,-0.3296,-0.321,-0.3253,-0.3182,-0.3058,-1.1356,-1.2618,-1.3636,-1.4505,-1.5291,-1.1232,-0.733,-0.5897,-0.615,-0.5297,-0.3575,-0.2907,-0.3375,-0.3713,-0.3413,-0.3062,-1.1888,-1.3953,-1.6173,-1.535,-1.2367,-0.8842,-0.6201,-0.539,-0.827,-0.6061,-0.2624,-0.2088,-0.4367,-0.5078,-0.3797,-0.3026,-1.1833,-1.441,-1.8114,-1.7302,-1.087,-0.6949,-0.5954,-0.5796,-0.1311,-0.1779,0.0145,0.0761,-0.406,-0.5381,-0.3469,-0.2729,-1.0872,-1.2616,-1.4329,-1.285,-0.8358,-0.5464,-0.4743,-0.3459,0.3104,0.1448,0.4863,0.97,0.3567,-0.1146,-0.196,-0.2249,-0.941,-1.0021,-1.0004,-0.8469,-0.6111,-0.4644,-0.2784,-0.098,0.1982,0.1901,0.84,1.7742,0.8718,0.1515,-0.1231,-0.2239,-0.8027,-0.8007,-0.7485,-0.6341,-0.5181,-0.5472,-0.3024,-0.1347,-0.0405,0.0959,0.4741,0.825,0.4103,-0.0982,-0.2911,-0.3243,-0.6954,-0.67,-0.6146,-0.5349,-0.464,-0.4306,-0.3082,-0.142,-0.0985,-0.0274,0.1073,0.0907,-0.3312,-0.7292,-0.6495,-0.4937,-0.6179,-0.5865,-0.5379,-0.4775,-0.4168,-0.3554,-0.2677,-0.1679,-0.1219,-0.0974,-0.0936,-0.2604,-0.7496,-1.1001,-0.8734,-0.6125,-0.5626,-0.5315,-0.4897,-0.4403,-0.3872,-0.3303,-0.2669,-0.2068,-0.1699,-0.1609,-0.2019,-0.365,-0.6783,-0.8859,-0.7868,-0.6104,-0.5227,-0.494,-0.458,-0.4167,-0.372,-0.3254,-0.2789,-0.2388,-0.2143,-0.2147,-0.257,-0.3647,-0.5234,-0.6323,-0.6196,-0.5429]}]