docs/data/wind_grid.json
[{"header":{"la1":42.85,"la2":41.18,"lo1":11.55,"lo2":14.05,"nx":36,"ny":24,"dx":0.07143,"dy":0.07261,"parameterCategory":2,"parameterNumber":2,"parameterNumberName":"eastward_wind","parameterUnit":"m.s-1"},"data":[1.0852,1.064,1.03,0.9829,0.9234,0.8535,0.7757,0.692,0.6035,0.5112,0.4164,0.3217,0.231,0.1487,0.0797,0.0287,0.0006,-0.0001,0.0292,0.0852,0.1556,0.2206,0.2616,0.272,0.2579,0.2309,0.201,0.1737,0.1514,0.1343,0.122,0.1137,0.1086,0.106,0.1055,0.1065,1.1741,1.157,1.1232,1.0714,1.0029,0.9214,0.8313,0.7357,0.6354,0.5298,0.4192,0.3067,0.1975,0.0977,0.0136,-0.0487,-0.0821,-0.0776,-0.0265,0.0721,0.1995,0.3144,0.3755,0.3736,0.3309,0.275,0.2228,0.1806,0.1489,0.1264,0.111,0.1012,0.0955,0.0929,0.0926,0.094,1.2811,1.2719,1.2402,1.1827,1.1012,1.0025,0.8954,0.7862,0.6744,0.5551,0.4261,0.291,0.1579,0.0355,-0.0687,-0.1478,-0.193,-0.1893,-0.1131,0.0549,0.2934,0.51,0.5973,0.5485,0.4392,0.3309,0.2456,0.1845,0.1427,0.115,0.0972,0.0865,0.0807,0.0784,0.0787,0.0808,1.4106,1.4166,1.3916,1.3275,1.2256,1.0985,0.9652,0.8399,0.7202,0.5898,0.4392,0.2748,0.1104,-0.0411,-0.1708,-0.273,-0.342,-0.359,-0.2723,-0.0033,0.4627,0.9143,1.0208,0.8225,0.5739,0.3847,0.2593,0.1794,0.1292,0.0981,0.0794,0.0688,0.0637,0.0623,0.0636,0.0667,1.5671,1.6022,1.5955,1.5261,1.3908,1.213,1.0327,0.8851,0.7691,0.6368,0.4599,0.256,0.0506,-0.1375,-0.2971,-0.4262,-0.5327,-0.6157,-0.5934,-0.2326,0.661,1.6693,1.7134,1.1403,0.678,0.4042,0.2481,0.1579,0.1051,0.0742,0.0568,0.0479,0.0444,0.0446,0.0473,0.0517,1.7519,1.8418,1.8814,1.8175,1.6281,1.3592,1.0894,0.8958,0.8069,0.6943,0.4839,0.2279,-0.03,-0.2646,-0.4579,-0.6074,-0.7466,-0.9492,-1.1879,-0.8906,0.4643,2.1517,2.083,1.1928,0.638,0.3509,0.1989,0.1153,0.0686,0.0428,0.0294,0.0237,0.023,0.0254,0.0299,0.0359,1.9546,2.1399,2.2909,2.2734,1.9944,1.5712,1.1635,0.8739,0.8103,0.7366,0.4914,0.1793,-0.1435,-0.4427,-0.6809,-0.8333,-0.9449,-1.1873,-1.7424,-1.6147,-0.2924,0.886,1.1218,0.7343,0.41,0.2196,0.113,0.0537,0.0214,0.0049,-0.002,-0.003,-0.0003,0.0049,0.0116,0.0195,2.1387,2.4557,2.8348,2.9842,2.5299,1.8647,1.3362,0.9837,0.8509,0.7386,0.471,0.1081,-0.2975,-0.703,-1.0362,-1.1865,-1.1651,-1.182,-1.3664,-1.1774,-0.5849,-0.1966,0.1139,0.1786,0.1215,0.0556,0.0091,-0.0184,-0.0322,-0.037,-0.0361,-0.0315,-0.0247,-0.0165,-0.0073,0.0025,2.2399,2.6414,3.264,3.7347,2.9791,2.1055,1.5543,1.2068,0.9851,0.7782,0.4715,0.0401,-0.4797,-1.0676,-1.67,-1.8869,-1.563,-1.2384,-1.0504,-0.8121,-0.6102,-0.5475,-0.3144,-0.1569,-0.101,-0.0902,-0.0909,-0.0907,-0.0869,-0.08,-0.071,-0.0607,-0.0497,-0.0383,-0.0266,-0.0147,2.2198,2.552,2.9846,3.2281,2.7156,2.1514,1.7206,1.3979,1.1116,0.8842,0.5464,0.0065,-0.653,-1.4447,-2.6955,-3.3069,-2.107,-1.4194,-1.0866,-0.8237,-0.64,-0.5703,-0.4383,-0.313,-0.2379,-0.1988,-0.1754,-0.1567,-0.1389,-0.1217,-0.1053,-0.0897,-0.0747,-0.0603,-0.0461,-0.0321,2.1202,2.3366,2.5076,2.517,2.4535,2.1603,1.9091,1.6607,1.142,0.9221,0.6708,0.0102,-0.8243,-1.6546,-2.6881,-3.3797,-2.1139,-1.554,-1.2822,-0.9986,-0.76,-0.6094,-0.4869,-0.3852,-0.3179,-0.2772,-0.2458,-0.2155,-0.1867,-0.1608,-0.138,-0.1178,-0.0993,-0.0821,-0.0657,-0.0497,1.9997,2.1569,2.3044,2.4268,2.3757,2.1816,2.2298,2.3376,1.7026,1.1393,0.802,0.1293,-1.0163,-2.4544,-2.2823,-1.9528,-1.754,-1.8263,-1.7396,-1.271,-0.8936,-0.6634,-0.5158,-0.4202,-0.3699,-0.3436,-0.311,-0.2696,-0.23,-0.1965,-0.1686,-0.1447,-0.1235,-0.1039,-0.0854,-0.0675,1.8785,1.9953,2.1045,2.1761,2.1617,2.1849,2.4906,2.9854,2.5313,1.6238,1.0737,0.7016,-0.2493,-2.7983,-2.3605,-1.6243,-1.6997,-2.5897,-2.575,-1.4866,-0.9475,-0.6762,-0.5195,-0.4335,-0.4147,-0.4188,-0.3784,-0.3182,-0.2675,-0.2283,-0.197,-0.1707,-0.1474,-0.1259,-0.1055,-0.0856,1.7637,1.8472,1.9197,1.9697,2.0078,2.1126,2.3721,2.6871,2.4454,1.8082,1.4509,1.4418,1.4032,0.9306,-0.8399,-1.889,-1.8047,-1.9855,-1.965,-1.2703,-0.8598,-0.6468,-0.5069,-0.4323,-0.4492,-0.4864,-0.4265,-0.351,-0.297,-0.257,-0.2246,-0.1967,-0.1718,-0.1487,-0.1263,-0.1042,1.6615,1.723,1.7771,1.824,1.8775,1.9667,2.0975,2.1836,2.0938,2.0097,2.0757,1.9819,1.8096,2.8768,-0.2346,-2.0362,-2.1697,-1.4748,-1.1154,-0.862,-0.7713,-0.6728,-0.5088,-0.4151,-0.4243,-0.4525,-0.4144,-0.3642,-0.3232,-0.2869,-0.2538,-0.224,-0.1975,-0.1727,-0.1482,-0.1236,1.5736,1.6216,1.666,1.709,1.7579,1.8201,1.8904,1.951,2.0454,2.4095,3.2884,3.3079,2.5971,1.7158,0.3952,-0.9531,-1.5948,-0.9245,-0.5073,-0.5726,-1.0817,-0.9403,-0.5304,-0.3762,-0.3708,-0.3984,-0.4064,-0.3939,-0.3648,-0.3263,-0.2873,-0.2533,-0.2247,-0.1983,-0.1715,-0.1437,1.4983,1.5375,1.5753,1.6133,1.6553,1.7046,1.7645,1.8502,2.0274,2.4515,3.1481,2.9355,2.7457,2.5842,1.1959,0.2987,-0.0735,0.1512,0.3842,-0.0694,-1.08,-0.896,-0.4105,-0.2931,-0.3503,-0.4458,-0.5013,-0.4929,-0.4435,-0.3814,-0.3246,-0.282,-0.2519,-0.2253,-0.1958,-0.1637,1.433,1.4661,1.4986,1.5322,1.5692,1.6134,1.6715,1.7599,1.9104,2.146,2.3656,2.4042,2.6694,2.6616,1.8881,1.5167,1.0304,1.1542,1.5456,0.9271,0.1996,-0.0666,-0.0659,-0.1698,-0.4042,-0.6664,-0.7703,-0.6917,-0.5654,-0.4489,-0.3579,-0.3022,-0.2751,-0.2516,-0.2194,-0.1819,1.3756,1.4039,1.4323,1.4619,1.4949,1.5346,1.5863,1.6587,1.7599,1.8818,1.9847,2.0503,2.1307,2.195,2.8082,3.1557,1.8154,1.5363,1.7554,1.918,1.2514,0.6643,0.3168,-0.0382,-0.5292,-1.0718,-1.1975,-0.9444,-0.7069,-0.5164,-0.3781,-0.3056,-0.2886,-0.2726,-0.2372,-0.1943,1.3243,1.3487,1.3734,1.3994,1.4282,1.4622,1.5045,1.5581,1.6232,1.6925,1.7534,1.8045,1.8726,2.0636,2.6586,2.8374,1.9965,1.8623,2.8419,3.3742,1.961,1.1666,0.6947,0.1632,-0.5312,-1.1909,-1.3221,-1.1287,-0.8375,-0.5717,-0.391,-0.3035,-0.2914,-0.2788,-0.2417,-0.1963,1.2778,1.2988,1.3202,1.3426,1.367,1.3949,1.4276,1.4659,1.5084,1.5515,1.5916,1.6323,1.6933,1.8172,2.001,2.0065,1.8051,1.8644,2.3822,2.5565,1.9532,1.5778,1.2594,0.5808,-0.3285,-1.1633,-1.7742,-1.525,-0.9392,-0.5786,-0.395,-0.3098,-0.2848,-0.2646,-0.2284,-0.1855,1.2351,1.2532,1.2714,1.2903,1.3105,1.3326,1.3572,1.3842,1.4125,1.4406,1.4678,1.4972,1.5367,1.5929,1.6447,1.6414,1.6085,1.6664,1.8281,1.9041,1.9495,2.3445,2.3958,1.3244,0.0048,-1.2325,-2.2793,-1.7044,-0.7491,-0.4335,-0.3423,-0.2917,-0.2614,-0.2348,-0.2016,-0.164,1.1957,1.211,1.2264,1.242,1.2582,1.2753,1.2934,1.3123,1.3312,1.3496,1.3673,1.3858,1.407,1.43,1.4461,1.4475,1.4505,1.4893,1.5722,1.708,2.0835,2.9911,3.2872,1.9021,0.4209,-0.6682,-1.2198,-0.7979,-0.1427,-0.1617,-0.239,-0.2418,-0.222,-0.1969,-0.1677,-0.1357,1.159,1.1719,1.1846,1.1973,1.21,1.2229,1.2359,1.2488,1.2612,1.2727,1.2832,1.2932,1.3029,1.3112,1.3162,1.3185,1.3273,1.3577,1.4262,1.5741,1.9077,2.4379,2.5092,1.6617,0.6277,-0.1309,-0.4662,-0.3183,-0.0518,-0.0929,-0.1723,-0.1886,-0.1765,-0.1553,-0.1305,-0.1036]},{"header":{"la1":42.85,"la2":41.18,"lo1":11.55,"lo2":14.05,"nx":36,"ny":24,"dx":0.07143,"dy":0.07261,"parameterCategory":2,"parameterNumber":3,"parameterNumberName":"northward_wind","parameterUnit":"m.s-1"},"data":[-0.1756,-0.1706,-0.1695,-0.1726,-0.1794,-0.1892,-0.201,-0.2139,-0.227,-0.2399,-0.2516,-0.2612,-0.2676,-0.2696,-0.2665,-0.2578,-0.2436,-0.2251,-0.2042,-0.1838,-0.1684,-0.164,-0.176,-0.2058,-0.2494,-0.3009,-0.3544,-0.4064,-0.4548,-0.4988,-0.5382,-0.5731,-0.6041,-0.6313,-0.6553,-0.6763,-0.1428,-0.1355,-0.1337,-0.1376,-0.1468,-0.1599,-0.1752,-0.1913,-0.2073,-0.2226,-0.2368,-0.2484,-0.256,-0.2579,-0.2527,-0.2393,-0.2178,-0.1893,-0.1559,-0.1208,-0.0897,-0.0736,-0.0851,-0.1269,-0.1897,-0.2607,-0.3307,-0.3952,-0.4528,-0.5032,-0.5472,-0.5852,-0.6183,-0.6469,-0.6716,-0.6931,-0.104,-0.0931,-0.0897,-0.0949,-0.108,-0.1266,-0.1473,-0.1677,-0.1869,-0.2049,-0.2217,-0.236,-0.2455,-0.2476,-0.2401,-0.2211,-0.1899,-0.148,-0.0984,-0.0424,0.0167,0.0582,0.0485,-0.0188,-0.1165,-0.2177,-0.3096,-0.389,-0.4564,-0.5133,-0.5613,-0.602,-0.6366,-0.6661,-0.6913,-0.7128,-0.0576,-0.0401,-0.0335,-0.0404,-0.0604,-0.0886,-0.1187,-0.1456,-0.1677,-0.1873,-0.2064,-0.2239,-0.2361,-0.2393,-0.2298,-0.2041,-0.16,-0.0997,-0.0305,0.0488,0.1553,0.2584,0.2512,0.124,-0.0365,-0.1803,-0.2978,-0.3924,-0.4688,-0.531,-0.5821,-0.6245,-0.6598,-0.6895,-0.7145,-0.7357,-0.0018,0.0278,0.0423,0.0337,0.0017,-0.0447,-0.0927,-0.1312,-0.1553,-0.1719,-0.191,-0.2119,-0.228,-0.2333,-0.2227,-0.1904,-0.1293,-0.0395,0.0554,0.14,0.3016,0.547,0.5314,0.2732,0.023,-0.1654,-0.305,-0.411,-0.4933,-0.5585,-0.6109,-0.6535,-0.6885,-0.7175,-0.7417,-0.7619,0.064,0.1166,0.1504,0.1439,0.0903,0.01,-0.072,-0.1377,-0.1639,-0.1629,-0.1749,-0.1992,-0.2207,-0.2292,-0.2193,-0.1836,-0.1052,0.0351,0.1935,0.2331,0.3403,0.7077,0.6705,0.3059,0.0114,-0.1936,-0.3405,-0.4496,-0.5327,-0.5974,-0.6486,-0.6896,-0.723,-0.7504,-0.7729,-0.7915,0.1352,0.2294,0.3119,0.3229,0.2284,0.088,-0.043,-0.158,-0.1972,-0.1544,-0.1529,-0.1842,-0.2135,-0.2248,-0.2156,-0.1847,-0.1083,0.0707,0.3465,0.336,0.2272,0.361,0.3534,0.1331,-0.0929,-0.2719,-0.4077,-0.5103,-0.5883,-0.6485,-0.6956,-0.7331,-0.7634,-0.788,-0.8082,-0.8246,0.1951,0.3497,0.541,0.625,0.4359,0.1915,0.0301,-0.0857,-0.1305,-0.095,-0.1099,-0.1642,-0.2071,-0.2152,-0.1954,-0.1749,-0.1441,-0.0328,0.1551,0.1662,0.1047,0.0939,0.0377,-0.0884,-0.2442,-0.3872,-0.503,-0.5922,-0.6598,-0.7114,-0.7516,-0.7835,-0.8093,-0.8303,-0.8473,-0.861,0.2118,0.4042,0.7291,0.9872,0.6029,0.2561,0.1239,0.0797,0.0772,0.0641,-0.0257,-0.1405,-0.2079,-0.1962,-0.1135,-0.0813,-0.1568,-0.1808,-0.1182,-0.0235,0.1534,0.1063,-0.0968,-0.2612,-0.404,-0.5257,-0.6217,-0.6932,-0.7456,-0.7848,-0.8154,-0.84,-0.8601,-0.8767,-0.8901,-0.9006,0.1645,0.3035,0.5086,0.633,0.3391,0.1996,0.1939,0.2573,0.384,0.387,0.1177,-0.1265,-0.2358,-0.1936,0.0929,0.2601,-0.1144,-0.3062,-0.3195,-0.2037,0.0031,-0.0361,-0.2565,-0.4383,-0.5795,-0.6877,-0.7633,-0.812,-0.8436,-0.8665,-0.885,-0.901,-0.9149,-0.9267,-0.9361,-0.9432,0.0804,0.1272,0.0873,-0.1668,-0.1363,0.1073,0.2664,0.4161,0.7546,0.9462,0.2507,-0.1619,-0.311,-0.2912,0.002,0.2441,-0.2353,-0.4858,-0.547,-0.4848,-0.3912,-0.3987,-0.5149,-0.6577,-0.7886,-0.8838,-0.9321,-0.9473,-0.9503,-0.9527,-0.9577,-0.9648,-0.9726,-0.9796,-0.985,-0.9885,0.0034,0.0127,-0.0492,-0.1962,-0.1464,0.1324,0.3978,0.576,0.626,0.6308,0.0938,-0.2746,-0.4083,-0.3775,-0.3766,-0.3902,-0.5499,-0.7775,-0.8441,-0.7568,-0.6984,-0.7058,-0.7783,-0.8996,-1.0396,-1.131,-1.1343,-1.0947,-1.0584,-1.0378,-1.0298,-1.0293,-1.032,-1.035,-1.0367,-1.0365,-0.0543,-0.0426,-0.0529,-0.0636,0.0086,0.2083,0.5076,0.7957,0.6084,0.2087,-0.164,-0.3746,-0.5126,-0.406,-0.4783,-0.6247,-0.7381,-1.1378,-1.1678,-0.9524,-0.9209,-0.9479,-1.0075,-1.1299,-1.3261,-1.4428,-1.3599,-1.2347,-1.1543,-1.1142,-1.0976,-1.0929,-1.0927,-1.0929,-1.0913,-1.0872,-0.1017,-0.0831,-0.0662,-0.0359,0.0371,0.1793,0.3946,0.6058,0.4447,-0.0339,-0.3558,-0.3499,-0.4361,-1.8329,-0.8396,-0.7552,-0.7291,-0.9392,-1.0575,-1.0592,-1.1461,-1.2005,-1.2151,-1.2975,-1.5374,-1.6965,-1.5153,-1.3221,-1.2201,-1.1755,-1.1593,-1.1556,-1.1554,-1.1539,-1.1491,-1.1408,-0.1472,-0.1276,-0.1055,-0.0738,-0.0221,0.0554,0.1439,0.1684,-0.0119,-0.3486,-0.5948,-0.6604,-0.817,-0.8117,-0.8418,-0.7424,-0.3335,-0.7153,-0.9918,-1.2631,-1.5658,-1.5998,-1.4416,-1.3782,-1.4884,-1.5875,-1.4656,-1.3236,-1.2496,-1.222,-1.2168,-1.2196,-1.222,-1.2195,-1.211,-1.1974,-0.1935,-0.1777,-0.1608,-0.1407,-0.1164,-0.0931,-0.0916,-0.1566,-0.3358,-0.6233,-0.9463,-0.8362,-0.8005,-0.8053,-0.7791,-0.6443,-0.4637,-0.794,-1.1446,-1.6325,-2.4371,-2.2523,-1.6776,-1.4217,-1.3685,-1.3682,-1.325,-1.2762,-1.2577,-1.2621,-1.2756,-1.2888,-1.295,-1.2908,-1.2769,-1.2563,-0.2402,-0.2304,-0.2218,-0.2151,-0.213,-0.2229,-0.2597,-0.3444,-0.4927,-0.7023,-0.9202,-0.8412,-0.7182,-0.6857,-0.7826,-0.806,-0.8725,-1.1477,-1.4591,-1.7636,-2.5757,-2.3419,-1.7062,-1.4053,-1.2792,-1.2193,-1.1979,-1.2189,-1.2632,-1.3076,-1.3427,-1.3661,-1.3748,-1.3666,-1.3449,-1.3156,-0.2859,-0.2821,-0.2815,-0.2855,-0.2975,-0.3231,-0.3704,-0.4469,-0.5529,-0.6719,-0.7578,-0.7612,-0.6985,-0.7031,-0.8841,-0.9916,-1.1112,-1.6073,-2.1445,-1.6678,-1.7229,-1.7138,-1.4963,-1.3122,-1.1668,-1.0333,-1.0124,-1.1404,-1.2799,-1.3713,-1.4213,-1.446,-1.4523,-1.4385,-1.4085,-1.3708,-0.3292,-0.3306,-0.3361,-0.3473,-0.3667,-0.3977,-0.4439,-0.5066,-0.5819,-0.6576,-0.7161,-0.749,-0.7755,-0.8674,-1.1346,-1.2437,-1.179,-1.4895,-1.7266,-1.1834,-1.2278,-1.3161,-1.2945,-1.2148,-1.0505,-0.7246,-0.6569,-1.0604,-1.3473,-1.4738,-1.5086,-1.5034,-1.4978,-1.4868,-1.4576,-1.4169,-0.3692,-0.3747,-0.3844,-0.3996,-0.4222,-0.4537,-0.4954,-0.5468,-0.6043,-0.6618,-0.7135,-0.7606,-0.8194,-0.9289,-1.1205,-1.1911,-1.1214,-1.093,-0.6678,-0.4079,-0.9081,-1.1129,-1.1731,-1.179,-1.0833,-0.7138,-0.6249,-1.2619,-1.5616,-1.6546,-1.6198,-1.533,-1.5003,-1.5061,-1.49,-1.4524,-0.4057,-0.414,-0.4263,-0.4436,-0.467,-0.4971,-0.5343,-0.5776,-0.6249,-0.6734,-0.7215,-0.7715,-0.8317,-0.9118,-1.0012,-1.0454,-1.0338,-0.9668,-0.7678,-0.6917,-0.8933,-1.0194,-1.0867,-1.1828,-1.2969,-1.469,-1.8999,-1.9382,-1.964,-1.9779,-1.8364,-1.6485,-1.5582,-1.5434,-1.5228,-1.4832,-0.4385,-0.4487,-0.4625,-0.4807,-0.5037,-0.532,-0.5653,-0.603,-0.6438,-0.6865,-0.7307,-0.7775,-0.8294,-0.8864,-0.9399,-0.9739,-0.9807,-0.9561,-0.9071,-0.8968,-0.9357,-0.9244,-0.937,-1.1321,-1.4375,-1.884,-2.3538,-2.3111,-2.5516,-2.5509,-2.2227,-1.9001,-1.7133,-1.6265,-1.5696,-1.5147,-0.4679,-0.4793,-0.4939,-0.5122,-0.5344,-0.5607,-0.5909,-0.6245,-0.6607,-0.6989,-0.7389,-0.7808,-0.8247,-0.869,-0.9092,-0.9393,-0.9558,-0.9584,-0.9543,-0.9551,-0.9398,-0.8441,-0.8068,-1.0662,-1.4446,-1.8581,-2.2201,-2.7235,-3.5723,-3.3257,-2.6479,-2.1595,-1.8766,-1.7192,-1.6199,-1.5442,-0.4942,-0.5063,-0.5212,-0.5393,-0.5605,-0.585,-0.6126,-0.643,-0.6756,-0.7101,-0.7461,-0.7834,-0.8214,-0.8588,-0.8932,-0.9222,-0.9444,-0.9602,-0.9721,-0.9798,-0.969,-0.9246,-0.9369,-1.1314,-1.4447,-1.8093,-2.2438,-2.9496,-3.7067,-3.4501,-2.7786,-2.2785,-1.9688,-1.7792,-1.6549,-1.5642]}]