docs/data/wind_grid.json
[{"header":{"la1":42.85,"la2":41.18,"lo1":11.55,"lo2":14.05,"nx":36,"ny":24,"dx":0.07143,"dy":0.07261,"parameterCategory":2,"parameterNumber":2,"parameterNumberName":"eastward_wind","parameterUnit":"m.s-1"},"data":[2.0827,2.0452,1.9985,1.9433,1.882,1.8194,1.7623,1.7178,1.6907,1.6809,1.6837,1.6913,1.6966,1.694,1.6795,1.6504,1.6041,1.5385,1.4534,1.3537,1.253,1.1729,1.1328,1.1384,1.18,1.2415,1.3091,1.3746,1.4342,1.4868,1.5326,1.5725,1.6072,1.6376,1.6644,1.6881,2.1127,2.0714,2.0164,1.947,1.8654,1.7783,1.697,1.6355,1.604,1.6033,1.6236,1.6507,1.6725,1.6815,1.6739,1.6468,1.5965,1.5176,1.4042,1.2573,1.0968,0.9666,0.9113,0.9397,1.0233,1.1271,1.2284,1.318,1.3941,1.4578,1.5112,1.5562,1.5945,1.6275,1.6562,1.6814,2.155,2.1121,2.049,1.9619,1.851,1.7242,1.5998,1.5053,1.4657,1.4841,1.5383,1.599,1.6465,1.6726,1.6756,1.6543,1.605,1.5172,1.3722,1.1524,0.8773,0.6424,0.5662,0.6572,0.8269,1.0002,1.1478,1.266,1.3595,1.4338,1.4939,1.5433,1.5846,1.6197,1.6499,1.6762,2.2141,2.1748,2.107,2.0004,1.8492,1.6583,1.4533,1.2892,1.2316,1.2937,1.4169,1.5358,1.6209,1.669,1.6855,1.6751,1.6372,1.5583,1.3965,1.0781,0.5754,0.0962,0.0048,0.2698,0.6056,0.8797,1.0808,1.2268,1.335,1.4175,1.4823,1.5346,1.5778,1.6142,1.6454,1.6724,2.294,2.2687,2.2065,2.0847,1.8833,1.5948,1.24,0.9159,0.8109,0.9849,1.2542,1.4684,1.6017,1.6729,1.703,1.7072,1.6957,1.6666,1.5579,1.1653,0.2582,-0.7923,-0.8213,-0.148,0.4292,0.8046,1.0465,1.2093,1.3247,1.4105,1.477,1.5304,1.5743,1.6112,1.6427,1.67,2.3963,2.4033,2.3701,2.2508,1.9986,1.5839,0.9871,0.304,0.061,0.5328,1.0831,1.4214,1.5992,1.6859,1.7238,1.7409,1.7651,1.8409,1.956,1.6561,0.3689,-1.3264,-1.2449,-0.2498,0.4253,0.8186,1.0595,1.2181,1.3296,1.4128,1.4777,1.5302,1.5736,1.6102,1.6416,1.6687,2.5146,2.5799,2.6211,2.5472,2.2544,1.7212,0.9025,-0.244,-0.7406,0.2073,1.0291,1.4337,1.6227,1.7062,1.7397,1.7595,1.8032,1.9593,2.3643,2.2442,1.0278,-0.0902,-0.2752,0.1991,0.632,0.9233,1.1158,1.2487,1.3461,1.4216,1.4825,1.5327,1.5749,1.6108,1.6415,1.6683,2.6271,2.7706,2.9543,3.0103,2.6616,2.0369,1.2578,0.3273,-0.0542,0.595,1.19,1.5123,1.6678,1.7255,1.7363,1.7462,1.7834,1.8735,2.0315,1.8049,1.1056,0.7562,0.633,0.7233,0.9012,1.0632,1.1889,1.2864,1.3655,1.4317,1.4881,1.5362,1.5771,1.612,1.642,1.6681,2.6978,2.89,3.2114,3.4676,3.0008,2.3449,1.7544,1.2417,0.9943,1.0984,1.3663,1.6013,1.7179,1.7301,1.6828,1.669,1.732,1.7708,1.6967,1.3299,0.7049,0.7475,0.9383,1.0248,1.1018,1.1756,1.2445,1.3111,1.3759,1.4367,1.4913,1.5387,1.579,1.6131,1.6422,1.6675,2.7072,2.8645,3.0811,3.204,2.9063,2.499,2.0767,1.6123,1.0636,0.8924,1.3218,1.6643,1.7671,1.7195,1.5401,1.4432,1.6786,1.7824,1.7031,1.3919,0.934,0.9318,1.1218,1.1943,1.2098,1.2197,1.2487,1.3006,1.3653,1.4307,1.4895,1.539,1.5797,1.6132,1.6413,1.6658,2.6781,2.778,2.8642,2.8867,2.8419,2.6131,2.3593,1.8843,0.4432,-0.288,1.1845,1.7725,1.8214,1.7002,1.547,1.4425,1.7489,1.9071,1.8878,1.7041,1.464,1.3555,1.3401,1.2922,1.2082,1.1481,1.1597,1.2318,1.3249,1.4119,1.4828,1.5374,1.579,1.6115,1.6382,1.6616,2.6405,2.711,2.7824,2.849,2.8207,2.7219,2.7843,2.8127,1.6671,0.7649,1.6544,2.0532,1.8851,1.4438,1.5443,1.7639,1.9539,2.1607,2.1841,1.9974,1.7957,1.6361,1.4869,1.2812,1.0232,0.8624,0.9158,1.0872,1.257,1.3861,1.4754,1.5355,1.5766,1.6066,1.6311,1.6533,2.6048,2.6564,2.7071,2.7441,2.7523,2.8198,3.1155,3.5839,3.116,2.3329,2.3462,2.5986,2.3305,1.3183,1.4858,1.8882,2.0788,2.5209,2.5373,2.1906,1.9765,1.7926,1.5539,1.1507,0.5535,0.2088,0.4758,0.8931,1.191,1.3713,1.4758,1.5355,1.5711,1.5956,1.6167,1.6381,2.5742,2.6126,2.6494,2.6828,2.7272,2.8357,3.065,3.3345,3.1458,2.7331,2.7267,3.1711,3.2665,2.5485,2.0907,1.8488,2.0101,2.3319,2.3968,2.2216,2.0653,1.8973,1.6224,1.0606,0.0466,-0.5493,0.0963,0.7953,1.191,1.393,1.4916,1.5365,1.5574,1.572,1.5892,1.6117,2.5502,2.5813,2.6131,2.6486,2.6986,2.7805,2.8927,2.9678,2.9087,2.8516,2.9206,2.9937,2.9832,3.3345,2.3394,1.8378,2.2489,2.2491,2.2813,2.2177,2.1082,1.9914,1.7645,1.2702,0.4241,-0.0813,0.4005,0.9793,1.3097,1.4642,1.5206,1.5284,1.522,1.5229,1.5392,1.5683,2.5319,2.5591,2.5883,2.622,2.6647,2.7192,2.7771,2.8191,2.8545,2.9761,3.2527,3.1656,3.0516,2.9062,2.5449,2.2912,2.3193,2.3424,2.3578,2.2513,2.0649,2.0409,1.934,1.6432,1.2436,1.011,1.1378,1.3715,1.5194,1.567,1.5434,1.4863,1.4377,1.4261,1.4526,1.5015,2.5175,2.5421,2.5688,2.5992,2.6347,2.6754,2.719,2.7668,2.8394,2.9869,3.2088,3.1363,3.1822,3.1964,2.7522,2.5346,2.4859,2.5639,2.6206,2.4053,2.0756,2.083,2.0719,1.9421,1.7994,1.7353,1.7509,1.7694,1.7461,1.6656,1.5268,1.3654,1.2564,1.248,1.3151,1.4087,2.5056,2.528,2.5525,2.5797,2.6104,2.645,2.6844,2.7324,2.7991,2.8909,2.9761,3.0187,3.1848,3.2024,2.8759,2.7533,2.6972,2.8934,3.1752,2.7418,2.4083,2.2797,2.2205,2.1603,2.1452,2.1984,2.2074,2.1018,1.9454,1.7369,1.4424,1.1074,0.914,0.96,1.1283,1.3009,2.495,2.5156,2.538,2.5626,2.59,2.6207,2.6559,2.6977,2.7485,2.8054,2.857,2.901,2.9479,2.9389,2.9688,3.0101,2.822,2.9159,3.0628,2.8661,2.6388,2.4648,2.3683,2.3252,2.3671,2.5248,2.5597,2.3463,2.1028,1.795,1.3227,0.729,0.4334,0.6217,0.9493,1.2147,2.4852,2.5042,2.5247,2.547,2.5714,2.5985,2.6289,2.6631,2.701,2.7397,2.7748,2.8039,2.8259,2.8483,2.9285,2.9535,2.8245,2.8297,2.9411,2.9882,2.7535,2.5849,2.4939,2.4451,2.4674,2.5959,2.6277,2.4394,2.2167,1.8901,1.3346,0.5776,0.2197,0.4991,0.9031,1.2034,2.4758,2.4933,2.5119,2.532,2.5537,2.5773,2.603,2.6305,2.6592,2.6871,2.7122,2.733,2.7504,2.771,2.7985,2.7971,2.7636,2.7736,2.844,2.8583,2.7488,2.6807,2.6346,2.5561,2.5098,2.5308,2.5535,2.4887,2.3195,2.0558,1.5988,0.9868,0.6513,0.7801,1.0567,1.2906,2.4666,2.4826,2.4995,2.5175,2.5366,2.557,2.5784,2.6006,2.6228,2.6439,2.6625,2.6782,2.6915,2.7035,2.7123,2.7105,2.7035,2.711,2.7334,2.7418,2.7557,2.8504,2.8738,2.6991,2.5584,2.5356,2.5886,2.5312,2.4215,2.2696,1.9521,1.5392,1.257,1.2174,1.3164,1.4419,2.4574,2.472,2.4872,2.5033,2.52,2.5375,2.5554,2.5735,2.591,2.6073,2.6216,2.6335,2.6431,2.6502,2.6541,2.654,2.6534,2.6588,2.6725,2.7003,2.7866,2.9899,3.055,2.7992,2.5942,2.5233,2.5194,2.5105,2.5564,2.4767,2.2122,1.9053,1.6728,1.5673,1.5614,1.6029,2.4483,2.4615,2.4752,2.4894,2.5041,2.519,2.5341,2.5488,2.5629,2.5758,2.5869,2.5961,2.603,2.6078,2.6102,2.6111,2.6125,2.6179,2.6321,2.6662,2.7451,2.8688,2.8929,2.7407,2.5861,2.5066,2.4826,2.5049,2.5738,2.5121,2.3087,2.084,1.9034,1.7927,1.7458,1.7408]},{"header":{"la1":42.85,"la2":41.18,"lo1":11.55,"lo2":14.05,"nx":36,"ny":24,"dx":0.07143,"dy":0.07261,"parameterCategory":2,"parameterNumber":3,"parameterNumberName":"northward_wind","parameterUnit":"m.s-1"},"data":[0.7622,0.7375,0.7063,0.6691,0.6272,0.584,0.5439,0.5118,0.4907,0.4803,0.4767,0.4744,0.4677,0.4528,0.4269,0.3888,0.338,0.2748,0.2012,0.1223,0.0483,-0.0056,-0.0261,-0.0097,0.0354,0.0967,0.163,0.2275,0.2871,0.3406,0.388,0.4299,0.4668,0.4993,0.5281,0.5537,0.7846,0.7577,0.7213,0.6746,0.6192,0.5595,0.5032,0.4597,0.4361,0.4326,0.4415,0.4523,0.4558,0.4465,0.4213,0.3789,0.3182,0.2386,0.1397,0.025,-0.0914,-0.1792,-0.2074,-0.1705,-0.0902,0.0062,0.101,0.1864,0.2607,0.3244,0.379,0.4259,0.4663,0.5015,0.5322,0.559,0.8155,0.7879,0.7463,0.688,0.6129,0.5261,0.4402,0.3743,0.346,0.3569,0.3905,0.425,0.4456,0.4456,0.4229,0.3766,0.3059,0.2087,0.0794,-0.0888,-0.2838,-0.4427,-0.4819,-0.3943,-0.2455,-0.0927,0.0407,0.1509,0.2408,0.3145,0.3755,0.4267,0.4702,0.5073,0.5394,0.5673,0.8577,0.8329,0.7885,0.7174,0.6151,0.4842,0.3422,0.2276,0.1876,0.2316,0.3161,0.3928,0.4397,0.4531,0.4345,0.3852,0.3056,0.1941,0.0387,-0.1974,-0.5422,-0.8686,-0.9156,-0.6956,-0.4178,-0.1843,-0.0063,0.1282,0.2317,0.3134,0.3793,0.4336,0.479,0.5175,0.5504,0.5787,0.9138,0.8988,0.8586,0.7778,0.6417,0.4436,0.1958,-0.0336,-0.1067,0.0213,0.2144,0.3616,0.4438,0.4731,0.4599,0.4084,0.321,0.2033,0.0507,-0.2258,-0.8135,-1.5319,-1.538,-1.0156,-0.5524,-0.2373,-0.0241,0.1265,0.2379,0.3236,0.3917,0.4472,0.4934,0.5323,0.5654,0.5937,0.9846,0.9915,0.9711,0.8927,0.7237,0.4398,0.0198,-0.4727,-0.6482,-0.2958,0.1095,0.3502,0.4671,0.5106,0.5034,0.4507,0.3541,0.2328,0.134,-0.056,-0.7869,-1.9206,-1.8534,-1.0917,-0.5495,-0.2157,0.0011,0.1514,0.2616,0.346,0.4132,0.468,0.5136,0.552,0.5845,0.6123,1.0658,1.1114,1.1402,1.0928,0.9004,0.5413,-0.0328,-0.8715,-1.2432,-0.521,0.0974,0.3887,0.5172,0.5689,0.5707,0.5208,0.4131,0.271,0.2058,0.1525,-0.3633,-1.032,-1.1293,-0.7422,-0.3762,-0.1148,0.0688,0.2017,0.3018,0.3801,0.4434,0.4956,0.5395,0.5766,0.6081,0.6348,1.1428,1.2397,1.3601,1.397,1.1747,0.7696,0.2435,-0.4236,-0.7013,-0.1831,0.2663,0.4847,0.5894,0.6465,0.6715,0.6364,0.5182,0.3479,0.2094,0.0817,-0.1924,-0.3667,-0.4266,-0.321,-0.1416,0.0269,0.163,0.2696,0.3543,0.4232,0.4807,0.5293,0.5707,0.606,0.636,0.6612,1.1924,1.3214,1.5277,1.6877,1.3999,0.9948,0.6353,0.3361,0.2312,0.3468,0.4939,0.5944,0.6598,0.7317,0.8301,0.8417,0.6802,0.4721,0.2713,0.0122,-0.3419,-0.3106,-0.1638,-0.0558,0.0579,0.1678,0.2635,0.3442,0.4127,0.4718,0.5233,0.5681,0.607,0.6402,0.6684,0.6918,1.2016,1.3114,1.455,1.5349,1.3597,1.1149,0.8948,0.7271,0.6086,0.5782,0.63,0.672,0.6944,0.7767,1.0767,1.2455,0.8555,0.5823,0.3807,0.1268,-0.178,-0.1666,0.0064,0.1257,0.2144,0.2896,0.3556,0.4154,0.4708,0.5221,0.5691,0.6111,0.6479,0.6794,0.7056,0.7269,1.184,1.2621,1.3389,1.3895,1.357,1.1919,1.0697,0.9434,0.6232,0.4724,0.6842,0.724,0.6697,0.659,0.9787,1.243,0.8266,0.6142,0.4883,0.3463,0.2013,0.1632,0.2187,0.2847,0.3387,0.384,0.4276,0.4743,0.5231,0.5715,0.617,0.6582,0.694,0.7241,0.7484,0.7671,1.1565,1.217,1.2869,1.3615,1.3361,1.2348,1.2544,1.2981,0.9672,0.7004,0.8135,0.8127,0.6226,0.3184,0.4635,0.6515,0.627,0.587,0.5566,0.4946,0.4264,0.3905,0.3922,0.4075,0.4193,0.433,0.4646,0.5129,0.5667,0.6192,0.6675,0.7104,0.7467,0.7759,0.798,0.8135,1.125,1.1694,1.2157,1.2495,1.2437,1.2529,1.3845,1.5959,1.4052,1.0703,1.0006,1.0686,0.8559,0.2311,0.3411,0.4433,0.4795,0.5912,0.6022,0.5651,0.5397,0.5194,0.5035,0.4782,0.4301,0.4019,0.4499,0.53,0.6045,0.6684,0.7235,0.7704,0.8086,0.8372,0.8564,0.8674,1.0937,1.1242,1.1524,1.1731,1.1893,1.2335,1.342,1.4732,1.3777,1.1481,1.1105,1.4043,1.4616,0.8667,0.5143,0.1722,0.2736,0.501,0.5797,0.5998,0.6058,0.5982,0.5773,0.5195,0.3924,0.3094,0.4154,0.5495,0.6495,0.7262,0.7899,0.843,0.8843,0.9122,0.9269,0.9308,1.0658,1.0873,1.1071,1.1247,1.1453,1.1798,1.2299,1.2586,1.2031,1.1215,1.1149,1.1701,1.1089,1.1456,0.5749,0.094,0.1015,0.4052,0.5882,0.6494,0.6451,0.6407,0.6367,0.5869,0.4681,0.3913,0.4865,0.6165,0.718,0.8002,0.8724,0.9348,0.9814,1.0075,1.0138,1.0059,1.0423,1.0584,1.0734,1.0879,1.104,1.1231,1.1403,1.1405,1.117,1.0998,1.112,1.2314,1.1542,1.0008,0.7282,0.4183,0.2731,0.5353,0.7258,0.727,0.5834,0.6099,0.6848,0.6819,0.6347,0.6082,0.6517,0.7294,0.8095,0.8911,0.9759,1.0554,1.1118,1.133,1.1227,1.0943,1.0229,1.0352,1.0469,1.058,1.0689,1.079,1.0853,1.0843,1.0798,1.0862,1.1071,1.1509,1.2232,1.2226,0.9185,0.7417,0.7236,0.9143,1.079,0.9209,0.5943,0.6376,0.7552,0.7788,0.7715,0.7728,0.7969,0.8411,0.9043,0.9909,1.1027,1.2194,1.2954,1.3021,1.2575,1.1945,1.0066,1.0164,1.0255,1.0339,1.0414,1.0475,1.0514,1.0531,1.0561,1.0661,1.0846,1.1188,1.2279,1.2365,1.0355,0.9728,1.0232,1.3666,1.7138,1.3239,1.0042,0.8912,0.8823,0.8752,0.8672,0.8659,0.8791,0.9172,0.982,1.0863,1.2492,1.4429,1.5552,1.5217,1.4111,1.2964,0.993,1.0009,1.0081,1.0147,1.0203,1.0249,1.0285,1.0317,1.0364,1.0448,1.058,1.0786,1.1045,1.095,1.0883,1.1048,1.1486,1.4457,1.6966,1.657,1.3571,1.1195,1.0097,0.959,0.925,0.876,0.8685,0.9532,1.0394,1.1604,1.3848,1.6978,1.86,1.7463,1.5452,1.3765,0.9815,0.988,0.994,0.9993,1.004,1.008,1.0115,1.0152,1.0199,1.0265,1.0352,1.0459,1.0556,1.0635,1.0882,1.1092,1.1861,1.4442,1.9586,2.1813,1.5823,1.2417,1.0937,1.0259,0.9811,0.8965,0.8776,1.0308,1.0982,1.1943,1.4266,1.7964,1.9833,1.8266,1.5902,1.4052,0.9718,0.9773,0.9824,0.987,0.9911,0.9948,0.9983,1.0021,1.0064,1.0119,1.0186,1.0265,1.036,1.0498,1.0729,1.1096,1.198,1.3957,1.7078,1.7937,1.4797,1.235,1.1269,1.0789,1.0704,1.1264,1.2875,1.2472,1.1558,1.1758,1.3348,1.6034,1.7599,1.682,1.519,1.3737,0.9635,0.9683,0.9728,0.9769,0.9807,0.9842,0.9877,0.9915,0.9957,1.0007,1.0069,1.0146,1.0251,1.0406,1.0648,1.1044,1.1746,1.2852,1.3996,1.4085,1.2833,1.1637,1.1254,1.1083,1.1283,1.2567,1.4719,1.3333,1.1195,1.0941,1.1927,1.3517,1.464,1.4635,1.3922,1.3056,0.9564,0.9607,0.9647,0.9685,0.9721,0.9756,0.9791,0.9828,0.987,0.992,0.9982,1.0062,1.0171,1.0327,1.0554,1.089,1.1369,1.1947,1.2391,1.2353,1.1804,1.1284,1.1211,1.1141,1.1291,1.1964,1.2532,1.1284,0.9442,0.973,1.0792,1.19,1.2704,1.296,1.2752,1.2317,0.9503,0.9542,0.9579,0.9615,0.9649,0.9683,0.9718,0.9756,0.9799,0.985,0.9913,0.9993,1.01,1.0244,1.0439,1.0697,1.1014,1.1338,1.1558,1.1566,1.1388,1.1221,1.1151,1.1067,1.1092,1.1256,1.116,1.0242,0.9183,0.9481,1.0329,1.1098,1.1651,1.1909,1.1891,1.1688]}]