docs/data/wind_grid.json
[{"header":{"la1":42.85,"la2":41.18,"lo1":11.55,"lo2":14.05,"nx":36,"ny":24,"dx":0.07143,"dy":0.07261,"parameterCategory":2,"parameterNumber":2,"parameterNumberName":"eastward_wind","parameterUnit":"m.s-1"},"data":[-0.5999,-0.6131,-0.6278,-0.6431,-0.6578,-0.6698,-0.6763,-0.6742,-0.6614,-0.6372,-0.603,-0.5615,-0.5156,-0.4679,-0.4201,-0.3742,-0.3321,-0.2965,-0.27,-0.2543,-0.2494,-0.2532,-0.2626,-0.2745,-0.2868,-0.298,-0.3073,-0.3145,-0.3195,-0.3227,-0.3241,-0.3242,-0.3233,-0.3215,-0.3193,-0.3167,-0.6055,-0.622,-0.6414,-0.6632,-0.6861,-0.7072,-0.7223,-0.7259,-0.7134,-0.6836,-0.6392,-0.5855,-0.527,-0.4669,-0.4071,-0.3491,-0.2952,-0.2491,-0.216,-0.1996,-0.1997,-0.2122,-0.2313,-0.252,-0.2714,-0.2878,-0.3008,-0.3103,-0.3168,-0.3206,-0.3223,-0.3222,-0.3209,-0.3186,-0.3159,-0.3128,-0.6078,-0.6276,-0.6524,-0.6824,-0.7168,-0.7525,-0.7829,-0.7979,-0.7874,-0.7485,-0.6877,-0.6156,-0.5399,-0.4643,-0.3898,-0.3162,-0.2451,-0.1822,-0.1377,-0.1208,-0.1312,-0.1596,-0.1945,-0.228,-0.2567,-0.2794,-0.2964,-0.3083,-0.3159,-0.3201,-0.3216,-0.321,-0.3189,-0.3159,-0.3124,-0.3086,-0.6051,-0.6275,-0.6577,-0.6974,-0.7472,-0.8053,-0.8632,-0.9023,-0.8981,-0.8421,-0.7521,-0.6515,-0.553,-0.4591,-0.3676,-0.2749,-0.179,-0.0866,-0.0197,-0.0029,-0.0358,-0.0938,-0.1538,-0.205,-0.245,-0.2746,-0.2955,-0.3094,-0.3177,-0.3217,-0.3224,-0.3207,-0.3175,-0.3134,-0.3088,-0.3041,-0.5954,-0.6186,-0.6529,-0.7021,-0.7705,-0.8604,-0.9666,-1.0582,-1.0716,-0.9783,-0.8326,-0.6892,-0.5625,-0.4486,-0.3402,-0.2276,-0.0985,0.0468,0.163,0.1772,0.0936,-0.0184,-0.1153,-0.188,-0.2399,-0.2759,-0.2999,-0.3149,-0.3229,-0.3258,-0.3249,-0.3215,-0.3165,-0.3108,-0.3048,-0.299,-0.5763,-0.5968,-0.6314,-0.6875,-0.7734,-0.9002,-1.0777,-1.2763,-1.337,-1.1569,-0.9135,-0.717,-0.5618,-0.4287,-0.306,-0.1796,-0.0199,0.206,0.4269,0.4303,0.2412,0.047,-0.092,-0.1845,-0.2458,-0.286,-0.3114,-0.326,-0.3324,-0.3329,-0.3293,-0.3232,-0.3158,-0.3079,-0.3002,-0.293,-0.5459,-0.5575,-0.5854,-0.6411,-0.7374,-0.8898,-1.1247,-1.4468,-1.5822,-1.2767,-0.9453,-0.7185,-0.5444,-0.3916,-0.2547,-0.1303,0.0222,0.2924,0.6321,0.618,0.3137,0.0587,-0.1021,-0.2023,-0.2665,-0.3075,-0.332,-0.3441,-0.347,-0.3434,-0.3357,-0.3257,-0.3149,-0.3042,-0.2943,-0.2856,-0.5035,-0.4968,-0.5048,-0.5476,-0.6453,-0.8032,-1.0208,-1.2827,-1.3808,-1.1501,-0.8948,-0.6947,-0.5124,-0.3268,-0.1535,-0.0404,0.0318,0.1864,0.4272,0.4267,0.1937,-0.0152,-0.1539,-0.2444,-0.3044,-0.3428,-0.3638,-0.3709,-0.3677,-0.3576,-0.3437,-0.3284,-0.3132,-0.2991,-0.2867,-0.2762,-0.4522,-0.4136,-0.3782,-0.3835,-0.4809,-0.6596,-0.8495,-0.9975,-1.0461,-0.9776,-0.8438,-0.679,-0.4848,-0.2309,0.0747,0.2133,0.1078,0.0409,0.0749,0.0682,-0.0276,-0.1404,-0.234,-0.3063,-0.3599,-0.3947,-0.4103,-0.409,-0.3957,-0.3756,-0.3529,-0.3303,-0.3095,-0.2914,-0.2762,-0.264,-0.4023,-0.3203,-0.2056,-0.1144,-0.213,-0.4956,-0.7372,-0.8918,-0.9993,-1.0099,-0.8758,-0.7009,-0.4994,-0.1706,0.5028,0.8338,0.2697,-0.0462,-0.1397,-0.1699,-0.2071,-0.2598,-0.3202,-0.3816,-0.4354,-0.47,-0.478,-0.4623,-0.4322,-0.3968,-0.3616,-0.3298,-0.3024,-0.2797,-0.2618,-0.2481,-0.3723,-0.256,-0.0569,0.1937,0.115,-0.3735,-0.7007,-0.8786,-1.1206,-1.2292,-0.9485,-0.7497,-0.582,-0.3392,0.345,0.8225,0.1438,-0.1979,-0.304,-0.3208,-0.326,-0.3497,-0.3985,-0.4684,-0.5412,-0.5852,-0.58,-0.5364,-0.4774,-0.4188,-0.3672,-0.324,-0.2893,-0.2621,-0.2417,-0.2272,-0.378,-0.2682,-0.083,0.1435,0.0485,-0.4321,-0.726,-0.8284,-0.9761,-1.0845,-0.9289,-0.8164,-0.6917,-0.5848,-0.4341,-0.1983,-0.2785,-0.4422,-0.4839,-0.434,-0.3999,-0.4072,-0.4629,-0.5704,-0.7022,-0.7752,-0.7369,-0.6344,-0.5266,-0.436,-0.3645,-0.3092,-0.2671,-0.236,-0.2142,-0.1999,-0.4154,-0.3469,-0.2572,-0.2017,-0.3203,-0.581,-0.76,-0.804,-0.8302,-0.8978,-0.9243,-0.9874,-0.8813,-0.6309,-0.6057,-0.5277,-0.5178,-0.642,-0.6389,-0.498,-0.4288,-0.4282,-0.5028,-0.6809,-0.9446,-1.084,-0.9553,-0.7398,-0.5635,-0.437,-0.3462,-0.28,-0.2319,-0.1984,-0.1769,-0.1647,-0.4645,-0.4368,-0.4167,-0.4358,-0.5261,-0.659,-0.7612,-0.8022,-0.8237,-0.8838,-0.9682,-1.2184,-1.2588,-0.7319,-0.7033,-0.6487,-0.631,-0.6156,-0.5837,-0.4717,-0.4025,-0.4035,-0.4941,-0.7345,-1.1569,-1.3863,-1.1203,-0.7852,-0.5563,-0.4071,-0.3044,-0.231,-0.1793,-0.1458,-0.1273,-0.1201,-0.5084,-0.5054,-0.5149,-0.5486,-0.6115,-0.6887,-0.7552,-0.8011,-0.849,-0.931,-1.0147,-1.04,-0.9696,-0.993,-0.7722,-0.739,-0.8337,-0.6188,-0.4775,-0.3788,-0.3198,-0.3287,-0.4208,-0.6369,-0.9967,-1.1989,-0.9828,-0.6892,-0.4802,-0.3377,-0.2342,-0.1574,-0.1043,-0.0739,-0.0627,-0.0649,-0.5404,-0.5493,-0.5681,-0.6007,-0.6468,-0.6998,-0.7519,-0.8042,-0.8772,-1.016,-1.2537,-1.0901,-0.9556,-0.8157,-0.7133,-0.688,-0.7364,-0.5185,-0.3402,-0.2603,-0.2186,-0.2375,-0.3226,-0.46,-0.6324,-0.7224,-0.6412,-0.4897,-0.3515,-0.2359,-0.1367,-0.0555,-0.0008,0.0225,0.0196,0.0014,-0.5608,-0.5742,-0.5945,-0.6229,-0.6588,-0.6995,-0.7435,-0.7948,-0.8693,-1.0002,-1.1902,-1.0301,-0.6862,-0.5295,-0.5569,-0.4955,-0.4161,-0.2212,-0.0671,-0.1249,-0.1925,-0.206,-0.2527,-0.3196,-0.3801,-0.3993,-0.3654,-0.2986,-0.2155,-0.1213,-0.0181,0.0791,0.1402,0.149,0.1198,0.0762,-0.5716,-0.5859,-0.6048,-0.6288,-0.6572,-0.6891,-0.7244,-0.7652,-0.8163,-0.8767,-0.9034,-0.7972,-0.5586,-0.4585,-0.3411,-0.2179,-0.1631,0.126,0.4067,0.0889,-0.0961,-0.1576,-0.1916,-0.2207,-0.2382,-0.2394,-0.2204,-0.1724,-0.1036,-0.013,0.111,0.2483,0.3253,0.3041,0.2302,0.1511,-0.5754,-0.5887,-0.6052,-0.6247,-0.6468,-0.6708,-0.6962,-0.7226,-0.7481,-0.7637,-0.7456,-0.6676,-0.5381,-0.3579,0.0365,0.1887,-0.0158,0.1374,0.2975,0.1373,0.0025,-0.0842,-0.1239,-0.1417,-0.1606,-0.2169,-0.225,-0.107,-0.0123,0.0775,0.2249,0.4235,0.5235,0.4527,0.3232,0.2094,-0.5739,-0.5856,-0.5991,-0.6143,-0.6307,-0.6474,-0.6634,-0.677,-0.6845,-0.6784,-0.6471,-0.5795,-0.4675,-0.2811,0.0142,0.1139,-0.0098,0.0395,0.1485,0.1788,0.0523,-0.0281,-0.0568,-0.0644,-0.0788,-0.1817,-0.2061,0.0272,0.0984,0.1452,0.2737,0.4894,0.5984,0.5045,0.3556,0.232,-0.5688,-0.5784,-0.589,-0.6002,-0.6114,-0.6218,-0.63,-0.634,-0.6305,-0.6143,-0.579,-0.5186,-0.427,-0.2997,-0.1604,-0.0894,-0.074,-0.0181,0.0699,0.0954,0.041,0.0191,0.0195,0.0212,0.0606,0.1847,0.4573,0.3937,0.2303,0.1841,0.2442,0.3841,0.4695,0.4192,0.3136,0.2143,-0.5612,-0.5687,-0.5764,-0.5841,-0.591,-0.5962,-0.5985,-0.5959,-0.586,-0.5655,-0.5308,-0.4789,-0.4087,-0.3242,-0.2407,-0.1778,-0.1298,-0.0757,-0.0208,0.0112,0.0376,0.0999,0.1248,0.0965,0.1567,0.4003,0.7558,0.5515,0.2511,0.1743,0.1891,0.2511,0.3004,0.2895,0.2361,0.1719,-0.552,-0.5574,-0.5626,-0.5672,-0.5706,-0.5718,-0.5697,-0.563,-0.5497,-0.5279,-0.4957,-0.452,-0.3976,-0.336,-0.2745,-0.2191,-0.1686,-0.1187,-0.0701,-0.021,0.0515,0.1627,0.1929,0.1303,0.16,0.3026,0.4254,0.2969,0.1274,0.1259,0.1443,0.1696,0.1913,0.1895,0.1634,0.1244,-0.5418,-0.5454,-0.5484,-0.5505,-0.551,-0.5492,-0.5442,-0.535,-0.5202,-0.4986,-0.4694,-0.4323,-0.3882,-0.3397,-0.2898,-0.2413,-0.1942,-0.1474,-0.0991,-0.044,0.0282,0.1086,0.1338,0.109,0.1248,0.1861,0.2213,0.1684,0.1074,0.1112,0.1196,0.1253,0.1294,0.1246,0.108,0.0824]},{"header":{"la1":42.85,"la2":41.18,"lo1":11.55,"lo2":14.05,"nx":36,"ny":24,"dx":0.07143,"dy":0.07261,"parameterCategory":2,"parameterNumber":3,"parameterNumberName":"northward_wind","parameterUnit":"m.s-1"},"data":[-0.7289,-0.7357,-0.7434,-0.7517,-0.7601,-0.7679,-0.774,-0.7773,-0.777,-0.7724,-0.7634,-0.7499,-0.7321,-0.71,-0.6841,-0.6552,-0.6253,-0.5972,-0.574,-0.5583,-0.5506,-0.5496,-0.5529,-0.5581,-0.5635,-0.5679,-0.5707,-0.5718,-0.5712,-0.5692,-0.5659,-0.5616,-0.5566,-0.5512,-0.5456,-0.5399,-0.7278,-0.7357,-0.7451,-0.756,-0.7676,-0.7789,-0.7885,-0.7945,-0.7957,-0.7911,-0.7807,-0.765,-0.7438,-0.717,-0.6844,-0.6467,-0.6063,-0.5676,-0.5369,-0.5186,-0.5138,-0.5191,-0.5298,-0.5417,-0.5523,-0.5605,-0.5658,-0.5685,-0.5687,-0.5668,-0.5633,-0.5585,-0.5529,-0.5468,-0.5405,-0.5342,-0.7243,-0.7331,-0.7446,-0.7585,-0.7743,-0.7909,-0.8058,-0.8161,-0.8194,-0.8145,-0.8022,-0.7835,-0.7585,-0.7264,-0.6856,-0.6357,-0.5789,-0.5224,-0.4784,-0.4572,-0.4598,-0.4778,-0.5012,-0.5233,-0.5412,-0.5541,-0.5624,-0.5665,-0.5673,-0.5653,-0.5612,-0.5557,-0.5492,-0.5421,-0.5349,-0.5278,-0.7175,-0.7269,-0.7402,-0.7577,-0.7792,-0.8033,-0.8268,-0.8444,-0.8507,-0.8442,-0.8281,-0.8057,-0.7771,-0.7398,-0.69,-0.6239,-0.5412,-0.4523,-0.3828,-0.3588,-0.3801,-0.4236,-0.4684,-0.5051,-0.532,-0.5502,-0.5613,-0.5667,-0.5676,-0.5651,-0.56,-0.5532,-0.5453,-0.537,-0.5286,-0.5205,-0.7062,-0.7152,-0.7297,-0.7509,-0.7795,-0.8144,-0.8519,-0.8826,-0.8935,-0.8815,-0.858,-0.8311,-0.7999,-0.7593,-0.7017,-0.617,-0.4959,-0.3463,-0.2224,-0.1984,-0.2666,-0.359,-0.436,-0.4908,-0.5274,-0.5506,-0.564,-0.57,-0.5703,-0.5665,-0.5597,-0.551,-0.5413,-0.5312,-0.5214,-0.5121,-0.6892,-0.6957,-0.7096,-0.7338,-0.7703,-0.8191,-0.8774,-0.9322,-0.9508,-0.924,-0.8883,-0.8578,-0.8271,-0.7876,-0.7275,-0.6282,-0.4617,-0.2116,0.0271,0.0391,-0.1325,-0.3014,-0.4156,-0.4869,-0.5311,-0.5577,-0.5721,-0.5775,-0.5762,-0.57,-0.5606,-0.5491,-0.5368,-0.5245,-0.5128,-0.5021,-0.6652,-0.6655,-0.6749,-0.6993,-0.743,-0.8063,-0.8862,-0.9693,-0.9976,-0.9529,-0.912,-0.8845,-0.8589,-0.8267,-0.7746,-0.6768,-0.4874,-0.1494,0.232,0.2212,-0.0659,-0.2904,-0.4225,-0.4997,-0.5462,-0.5735,-0.5872,-0.5906,-0.5861,-0.5761,-0.5625,-0.5472,-0.5314,-0.5163,-0.5023,-0.4901,-0.6336,-0.6216,-0.6186,-0.6366,-0.6859,-0.7635,-0.8552,-0.9386,-0.9694,-0.9518,-0.9321,-0.9134,-0.8955,-0.877,-0.8469,-0.7738,-0.61,-0.3178,0.0074,0.0287,-0.1787,-0.3538,-0.463,-0.531,-0.5744,-0.6003,-0.6117,-0.6111,-0.6011,-0.585,-0.5654,-0.5447,-0.5245,-0.5058,-0.4892,-0.4752,-0.5964,-0.5632,-0.5322,-0.5279,-0.5819,-0.686,-0.7977,-0.8913,-0.9545,-0.9814,-0.9712,-0.9489,-0.9341,-0.9336,-0.9463,-0.9175,-0.78,-0.5739,-0.3856,-0.3232,-0.3765,-0.4554,-0.5231,-0.5766,-0.6166,-0.6414,-0.6494,-0.6418,-0.6227,-0.597,-0.5687,-0.5407,-0.5147,-0.4918,-0.4723,-0.4565,-0.5606,-0.4985,-0.4162,-0.3515,-0.4076,-0.5779,-0.7359,-0.8815,-1.0483,-1.1184,-1.0458,-0.9882,-0.9673,-0.9791,-1.0652,-1.1113,-0.9139,-0.7167,-0.5824,-0.5174,-0.5109,-0.5385,-0.5819,-0.6312,-0.6763,-0.7045,-0.7075,-0.6873,-0.6526,-0.6119,-0.5712,-0.5335,-0.5004,-0.4726,-0.4502,-0.4329,-0.5389,-0.4537,-0.3172,-0.1546,-0.1996,-0.4774,-0.6591,-0.8278,-1.2213,-1.4029,-1.1188,-1.0192,-0.9894,-0.9826,-1.0577,-1.1203,-0.9093,-0.7165,-0.607,-0.5661,-0.5617,-0.5828,-0.6288,-0.6957,-0.7659,-0.8075,-0.8003,-0.7541,-0.6914,-0.6277,-0.5699,-0.5201,-0.4789,-0.4459,-0.4208,-0.4027,-0.5421,-0.4601,-0.3316,-0.1839,-0.2327,-0.4688,-0.548,-0.5566,-0.9006,-1.1814,-1.0733,-1.0487,-1.0126,-0.9445,-0.9523,-0.9366,-0.7901,-0.5697,-0.4903,-0.5259,-0.5564,-0.5928,-0.6621,-0.7774,-0.9133,-0.9881,-0.9502,-0.8464,-0.7352,-0.6387,-0.5598,-0.4963,-0.4464,-0.4086,-0.3817,-0.364,-0.5681,-0.5119,-0.4413,-0.391,-0.4341,-0.5134,-0.468,-0.3154,-0.4909,-0.8559,-1.035,-1.1446,-1.122,-0.9399,-0.9457,-0.9022,-0.7029,-0.3147,-0.2934,-0.466,-0.5244,-0.5719,-0.6737,-0.8724,-1.1491,-1.2931,-1.1652,-0.9485,-0.7679,-0.6338,-0.533,-0.456,-0.398,-0.3566,-0.3297,-0.3147,-0.6043,-0.5744,-0.5466,-0.5374,-0.557,-0.5689,-0.5172,-0.4242,-0.5366,-0.8534,-1.0749,-1.2739,-1.3305,-1.3321,-1.0762,-0.9094,-0.736,-0.4746,-0.4008,-0.4602,-0.4676,-0.5046,-0.6343,-0.9136,-1.3618,-1.5971,-1.33,-0.993,-0.7579,-0.5977,-0.4806,-0.3921,-0.3274,-0.2845,-0.2608,-0.2523,-0.6395,-0.6271,-0.6196,-0.6224,-0.6343,-0.6417,-0.6353,-0.6487,-0.769,-0.9792,-1.1417,-1.2175,-1.2636,-1.3779,-1.1137,-0.8769,-0.7921,-0.6619,-0.5209,-0.4179,-0.3237,-0.3493,-0.5151,-0.798,-1.1958,-1.4081,-1.1934,-0.8982,-0.6801,-0.5209,-0.396,-0.2974,-0.2266,-0.1855,-0.1706,-0.1745,-0.6691,-0.6669,-0.6693,-0.6782,-0.693,-0.7121,-0.7403,-0.7994,-0.9197,-1.1054,-1.3117,-1.2813,-1.2259,-1.1732,-1.0287,-0.8492,-0.7698,-0.6399,-0.4769,-0.2888,-0.0333,-0.1039,-0.3635,-0.6047,-0.8265,-0.9355,-0.8609,-0.7062,-0.5524,-0.41,-0.2774,-0.1633,-0.0845,-0.0505,-0.0543,-0.0802,-0.692,-0.6958,-0.7036,-0.7168,-0.7361,-0.7635,-0.8045,-0.8703,-0.973,-1.1189,-1.2762,-1.226,-1.1252,-1.0683,-0.9221,-0.7657,-0.6439,-0.4849,-0.3435,-0.228,0.0128,-0.0627,-0.3024,-0.4769,-0.5931,-0.64,-0.6139,-0.5354,-0.4227,-0.2842,-0.1275,0.0212,0.1152,0.1308,0.0899,0.0274,-0.7088,-0.7159,-0.7267,-0.7421,-0.7635,-0.7926,-0.8329,-0.8886,-0.9612,-1.0431,-1.0996,-1.0854,-1.0505,-1.0002,-0.7281,-0.5506,-0.4825,-0.2874,-0.1309,-0.2121,-0.1961,-0.2246,-0.3264,-0.4245,-0.496,-0.5359,-0.5243,-0.4465,-0.324,-0.1626,0.0457,0.265,0.386,0.3577,0.2511,0.1366,-0.7202,-0.7289,-0.7408,-0.7566,-0.7772,-0.8037,-0.8373,-0.8783,-0.9239,-0.9651,-0.9846,-0.9673,-0.9102,-0.7487,-0.3373,-0.1859,-0.3614,-0.2606,-0.1514,-0.1619,-0.2248,-0.2845,-0.343,-0.4009,-0.4707,-0.5806,-0.5981,-0.4269,-0.2485,-0.0571,0.2088,0.5275,0.6816,0.5779,0.3886,0.2228,-0.727,-0.7361,-0.7478,-0.7625,-0.7806,-0.8024,-0.8277,-0.8552,-0.8813,-0.899,-0.8984,-0.8681,-0.7911,-0.6249,-0.3455,-0.2489,-0.3447,-0.2779,-0.0967,-0.0265,-0.197,-0.2942,-0.3412,-0.372,-0.4238,-0.5689,-0.6009,-0.3279,-0.1444,0.0312,0.2869,0.6299,0.7937,0.6558,0.4383,0.258,-0.7299,-0.7387,-0.7493,-0.762,-0.7768,-0.7933,-0.8109,-0.8278,-0.8406,-0.8444,-0.8324,-0.7968,-0.7278,-0.6173,-0.4887,-0.4171,-0.3881,-0.3115,-0.1883,-0.1512,-0.2456,-0.3177,-0.3422,-0.3368,-0.3138,-0.255,-0.0866,-0.0529,0.0173,0.1317,0.2773,0.487,0.6088,0.5355,0.3813,0.2358,-0.7298,-0.7376,-0.7467,-0.7571,-0.7684,-0.7801,-0.7913,-0.8003,-0.8044,-0.8,-0.783,-0.749,-0.6948,-0.6225,-0.5461,-0.4838,-0.4304,-0.3681,-0.3072,-0.289,-0.3215,-0.3604,-0.3669,-0.3254,-0.2363,-0.0788,0.0851,0.0946,0.2552,0.3184,0.3038,0.3422,0.3864,0.3596,0.2765,0.1792,-0.7273,-0.734,-0.7413,-0.7492,-0.7573,-0.765,-0.7712,-0.7746,-0.7731,-0.7644,-0.7459,-0.7156,-0.673,-0.6208,-0.5653,-0.5123,-0.462,-0.4133,-0.3734,-0.3549,-0.3613,-0.385,-0.3922,-0.3321,-0.2173,-0.0695,0.0707,0.3028,0.6742,0.5945,0.3916,0.2955,0.2644,0.2333,0.1812,0.1163,-0.723,-0.7284,-0.7341,-0.7397,-0.7451,-0.7494,-0.7519,-0.7514,-0.7464,-0.7355,-0.7172,-0.6906,-0.6559,-0.6149,-0.5707,-0.5261,-0.4827,-0.4421,-0.408,-0.3846,-0.3738,-0.3742,-0.3667,-0.3135,-0.21,-0.071,0.1107,0.416,0.7289,0.6379,0.4124,0.2713,0.2002,0.1543,0.1094,0.0603]}]