docs/data/wind_grid.json
[{"header":{"la1":42.85,"la2":41.18,"lo1":11.55,"lo2":14.05,"nx":36,"ny":24,"dx":0.07143,"dy":0.07261,"parameterCategory":2,"parameterNumber":2,"parameterNumberName":"eastward_wind","parameterUnit":"m.s-1"},"data":[-1.0321,-1.0377,-1.0441,-1.051,-1.0582,-1.065,-1.0706,-1.0743,-1.0758,-1.0761,-1.0771,-1.081,-1.0897,-1.103,-1.1181,-1.1296,-1.1324,-1.1252,-1.1109,-1.0934,-1.076,-1.06,-1.0457,-1.0328,-1.0212,-1.0105,-1.0007,-0.9916,-0.983,-0.9751,-0.9677,-0.9609,-0.9545,-0.9487,-0.9435,-0.9387,-1.0344,-1.0412,-1.0491,-1.0582,-1.0681,-1.0781,-1.0865,-1.0916,-1.0923,-1.0897,-1.0873,-1.0899,-1.1013,-1.1225,-1.1494,-1.1713,-1.1765,-1.1627,-1.138,-1.1115,-1.0876,-1.0674,-1.0503,-1.0356,-1.0226,-1.0108,-1.0,-0.99,-0.9808,-0.9722,-0.9642,-0.9569,-0.9501,-0.944,-0.9385,-0.9335,-1.0363,-1.0442,-1.054,-1.0659,-1.08,-1.0953,-1.1094,-1.118,-1.1177,-1.1092,-1.0993,-1.097,-1.1102,-1.1429,-1.1907,-1.233,-1.2413,-1.2124,-1.169,-1.1292,-1.0977,-1.0734,-1.0539,-1.0375,-1.0232,-1.0104,-0.9986,-0.9878,-0.9778,-0.9685,-0.9599,-0.9521,-0.9449,-0.9384,-0.9326,-0.9275,-1.0375,-1.0464,-1.0581,-1.0733,-1.0931,-1.1173,-1.1426,-1.1607,-1.1604,-1.1403,-1.1142,-1.1002,-1.1114,-1.1564,-1.2347,-1.3129,-1.3245,-1.2661,-1.1955,-1.1414,-1.1039,-1.0768,-1.0559,-1.0384,-1.023,-1.0091,-0.9964,-0.9847,-0.9739,-0.9639,-0.9547,-0.9463,-0.9386,-0.9318,-0.9257,-0.9204,-1.0376,-1.0472,-1.0603,-1.0787,-1.105,-1.1421,-1.1889,-1.2307,-1.2358,-1.1918,-1.133,-1.0964,-1.0981,-1.1469,-1.2476,-1.3606,-1.3748,-1.2885,-1.2006,-1.1419,-1.1042,-1.0776,-1.0565,-1.0383,-1.022,-1.007,-0.9933,-0.9806,-0.9689,-0.9582,-0.9483,-0.9393,-0.9312,-0.9239,-0.9176,-0.9121,-1.0366,-1.0461,-1.0595,-1.0795,-1.1108,-1.1615,-1.2406,-1.3348,-1.3623,-1.2674,-1.149,-1.0798,-1.0653,-1.102,-1.1882,-1.287,-1.3052,-1.241,-1.1746,-1.1302,-1.1003,-1.077,-1.0566,-1.0378,-1.0203,-1.004,-0.9891,-0.9753,-0.9627,-0.9512,-0.9406,-0.931,-0.9223,-0.9147,-0.9081,-0.9025,-1.0343,-1.0431,-1.0553,-1.0737,-1.1041,-1.1585,-1.2597,-1.4168,-1.4857,-1.3149,-1.133,-1.0401,-1.0123,-1.0307,-1.084,-1.1454,-1.172,-1.1595,-1.1371,-1.1172,-1.0983,-1.0786,-1.0579,-1.0374,-1.0179,-0.9999,-0.9835,-0.9686,-0.955,-0.9426,-0.9313,-0.921,-0.9117,-0.9037,-0.8968,-0.8912,-1.0314,-1.0387,-1.0484,-1.0623,-1.084,-1.1225,-1.1959,-1.3151,-1.3597,-1.2028,-1.0488,-0.9702,-0.9417,-0.9489,-0.9846,-1.0343,-1.0782,-1.1065,-1.12,-1.1197,-1.1071,-1.0863,-1.0618,-1.0373,-1.0145,-0.9941,-0.9761,-0.9601,-0.9456,-0.9323,-0.9201,-0.909,-0.8991,-0.8906,-0.8834,-0.8778,-1.0283,-1.0342,-1.0412,-1.0497,-1.0599,-1.0723,-1.0871,-1.0952,-1.0604,-0.9812,-0.9198,-0.8807,-0.8573,-0.859,-0.8947,-0.9602,-1.0376,-1.1053,-1.146,-1.1535,-1.1349,-1.1031,-1.0684,-1.0364,-1.009,-0.9859,-0.9664,-0.9493,-0.934,-0.9198,-0.9067,-0.8946,-0.8839,-0.8748,-0.8674,-0.8619,-1.0256,-1.0307,-1.0363,-1.0418,-1.0454,-1.0422,-1.02,-0.9538,-0.8324,-0.7679,-0.7967,-0.7931,-0.7614,-0.7492,-0.7945,-0.902,-1.0435,-1.1725,-1.2406,-1.2358,-1.1876,-1.1282,-1.0747,-1.0319,-0.9992,-0.9739,-0.9535,-0.936,-0.9201,-0.905,-0.8907,-0.8774,-0.8655,-0.8557,-0.848,-0.8428,-1.0237,-1.0288,-1.0347,-1.0412,-1.0476,-1.05,-1.0342,-0.9458,-0.6714,-0.5456,-0.7187,-0.7242,-0.6497,-0.592,-0.6528,-0.843,-1.1092,-1.3638,-1.4627,-1.3904,-1.2634,-1.1524,-1.0722,-1.0181,-0.9818,-0.9565,-0.9369,-0.9199,-0.9037,-0.8875,-0.8715,-0.8564,-0.8429,-0.8321,-0.8242,-0.8196,-1.0223,-1.028,-1.0354,-1.0457,-1.0613,-1.0859,-1.123,-1.1319,-0.8935,-0.6952,-0.7443,-0.6805,-0.5354,-0.3536,-0.4546,-0.7889,-1.2686,-1.831,-1.9403,-1.6233,-1.3338,-1.1513,-1.0458,-0.9869,-0.9536,-0.9327,-0.9167,-0.9015,-0.8852,-0.8674,-0.8487,-0.8306,-0.8146,-0.8024,-0.7945,-0.7911,-1.021,-1.0272,-1.036,-1.0496,-1.0724,-1.1138,-1.1903,-1.2895,-1.1799,-0.9374,-0.7909,-0.6504,-0.526,-0.2799,-0.3798,-0.812,-1.4447,-2.5651,-2.585,-1.7787,-1.3121,-1.0816,-0.9754,-0.931,-0.9129,-0.9034,-0.8942,-0.8819,-0.8653,-0.8445,-0.8211,-0.798,-0.7782,-0.7641,-0.7567,-0.7556,-1.0193,-1.0255,-1.0345,-1.0483,-1.0707,-1.1082,-1.1667,-1.2283,-1.1659,-0.9834,-0.8283,-0.6186,-0.5441,-0.5169,-0.6364,-0.9528,-1.3728,-2.0311,-2.1121,-1.5175,-1.093,-0.8969,-0.845,-0.849,-0.8632,-0.8725,-0.8729,-0.8638,-0.8454,-0.8188,-0.7873,-0.7556,-0.7295,-0.7131,-0.7075,-0.7111,-1.017,-1.0226,-1.0305,-1.0417,-1.0581,-1.0807,-1.1061,-1.1143,-1.0698,-0.9986,-0.9445,-0.8528,-0.7389,-0.6963,-0.8016,-1.1665,-1.4484,-1.393,-1.3308,-1.0087,-0.6535,-0.5648,-0.6582,-0.755,-0.8164,-0.8481,-0.8581,-0.8507,-0.8276,-0.7905,-0.7442,-0.6977,-0.6617,-0.6433,-0.6427,-0.6552,-1.0141,-1.0188,-1.0249,-1.0328,-1.0425,-1.053,-1.0599,-1.0554,-1.0402,-1.0486,-1.1292,-1.0825,-0.9952,-0.8889,-0.9485,-1.1617,-1.3349,-1.1618,-0.9496,-0.5799,-0.0456,-0.1356,-0.4815,-0.6875,-0.7918,-0.8406,-0.8561,-0.8472,-0.815,-0.7597,-0.6874,-0.6148,-0.5634,-0.5455,-0.5572,-0.5864,-1.0111,-1.0147,-1.0191,-1.0241,-1.0295,-1.034,-1.036,-1.0349,-1.0379,-1.0659,-1.1272,-1.1022,-1.1891,-1.2447,-1.0837,-1.0798,-1.0532,-0.8819,-0.6881,-0.4654,0.0325,-0.0879,-0.4692,-0.6923,-0.8055,-0.8567,-0.8709,-0.8573,-0.8117,-0.7275,-0.6105,-0.492,-0.4183,-0.4099,-0.4488,-0.5066,-1.008,-1.0108,-1.0139,-1.0172,-1.0203,-1.0229,-1.0247,-1.0272,-1.0347,-1.0526,-1.0766,-1.11,-1.2394,-1.2761,-1.1688,-1.128,-0.9659,-0.6256,-0.3657,-0.533,-0.4578,-0.4657,-0.6224,-0.7643,-0.8515,-0.8897,-0.8975,-0.8819,-0.8229,-0.699,-0.511,-0.3162,-0.215,-0.2376,-0.3263,-0.4255,-1.0052,-1.0073,-1.0096,-1.0119,-1.0142,-1.0163,-1.0188,-1.0227,-1.0303,-1.0434,-1.0627,-1.0945,-1.1439,-1.1829,-1.2935,-1.3424,-1.0303,-0.6821,-0.515,-0.6955,-0.7096,-0.7178,-0.7797,-0.8538,-0.9032,-0.9112,-0.9102,-0.9146,-0.8528,-0.688,-0.413,-0.1192,0.0041,-0.0731,-0.2235,-0.3639,-1.0027,-1.0044,-1.0062,-1.008,-1.0099,-1.0121,-1.0149,-1.0193,-1.0262,-1.0369,-1.0525,-1.075,-1.106,-1.1554,-1.2607,-1.2801,-1.0551,-0.854,-0.8411,-0.8765,-0.8379,-0.8628,-0.9073,-0.941,-0.9552,-0.9302,-0.9229,-0.9745,-0.9093,-0.7164,-0.3927,-0.0468,0.085,-0.0183,-0.1926,-0.3468,-1.0005,-1.0019,-1.0034,-1.0049,-1.0067,-1.0089,-1.0118,-1.016,-1.0221,-1.0307,-1.0425,-1.0584,-1.0793,-1.108,-1.1377,-1.1171,-1.0189,-0.9187,-0.8807,-0.8857,-0.9251,-1.0063,-1.0541,-1.0435,-1.0343,-1.071,-1.1729,-1.1361,-0.9952,-0.7867,-0.4936,-0.1979,-0.0675,-0.1247,-0.2556,-0.3829,-0.9986,-0.9997,-1.001,-1.0025,-1.0041,-1.0062,-1.0089,-1.0126,-1.0177,-1.0243,-1.0328,-1.0431,-1.0549,-1.0659,-1.0681,-1.0467,-0.9999,-0.9531,-0.9337,-0.9579,-1.054,-1.2156,-1.2671,-1.1681,-1.1079,-1.1659,-1.2862,-1.2188,-1.0499,-0.8573,-0.6346,-0.4254,-0.3102,-0.3099,-0.375,-0.4562,-0.9968,-0.9978,-0.999,-1.0003,-1.0018,-1.0037,-1.0061,-1.0092,-1.0131,-1.018,-1.0237,-1.0298,-1.0353,-1.038,-1.0337,-1.0188,-0.9962,-0.9779,-0.981,-1.0273,-1.1513,-1.3472,-1.3975,-1.2462,-1.1417,-1.144,-1.1822,-1.1457,-1.036,-0.8952,-0.741,-0.6001,-0.5085,-0.4804,-0.4995,-0.5409,-0.9952,-0.9961,-0.9971,-0.9983,-0.9996,-1.0013,-1.0033,-1.0057,-1.0087,-1.0121,-1.0157,-1.019,-1.0211,-1.0208,-1.0164,-1.0077,-0.9979,-0.9945,-1.0087,-1.0557,-1.15,-1.2678,-1.2978,-1.2144,-1.1354,-1.1075,-1.1006,-1.0696,-1.0016,-0.9086,-0.8058,-0.7106,-0.6413,-0.6068,-0.6031,-0.619]},{"header":{"la1":42.85,"la2":41.18,"lo1":11.55,"lo2":14.05,"nx":36,"ny":24,"dx":0.07143,"dy":0.07261,"parameterCategory":2,"parameterNumber":3,"parameterNumberName":"northward_wind","parameterUnit":"m.s-1"},"data":[-0.3792,-0.3643,-0.3473,-0.3288,-0.3101,-0.2934,-0.2818,-0.2785,-0.2859,-0.3042,-0.3312,-0.3638,-0.3984,-0.4318,-0.4606,-0.4809,-0.49,-0.4883,-0.4795,-0.4675,-0.4555,-0.4449,-0.4362,-0.4296,-0.4247,-0.4215,-0.4197,-0.419,-0.4194,-0.4206,-0.4224,-0.4248,-0.4275,-0.4304,-0.4335,-0.4365,-0.3783,-0.3601,-0.3381,-0.3128,-0.2853,-0.2586,-0.2377,-0.2288,-0.2368,-0.2625,-0.3019,-0.3487,-0.3979,-0.4459,-0.4883,-0.5178,-0.528,-0.5197,-0.5012,-0.4807,-0.4624,-0.4478,-0.4366,-0.4284,-0.4228,-0.4192,-0.4173,-0.4169,-0.4176,-0.4193,-0.4217,-0.4246,-0.4279,-0.4315,-0.435,-0.4386,-0.38,-0.3582,-0.3306,-0.2964,-0.2563,-0.2134,-0.1753,-0.154,-0.1612,-0.1992,-0.2587,-0.3269,-0.396,-0.464,-0.5275,-0.5735,-0.5843,-0.5617,-0.5262,-0.4933,-0.4675,-0.4486,-0.4351,-0.4257,-0.4195,-0.4158,-0.4141,-0.4141,-0.4154,-0.4177,-0.4209,-0.4246,-0.4286,-0.4329,-0.4371,-0.4412,-0.3853,-0.3607,-0.3273,-0.2829,-0.2257,-0.1571,-0.0867,-0.0378,-0.0397,-0.1008,-0.1963,-0.2966,-0.3898,-0.4798,-0.5711,-0.6443,-0.6552,-0.607,-0.5475,-0.5007,-0.4681,-0.4459,-0.4309,-0.4209,-0.4146,-0.4112,-0.41,-0.4107,-0.4128,-0.416,-0.4201,-0.4248,-0.4298,-0.4349,-0.4399,-0.4446,-0.3958,-0.3697,-0.332,-0.2777,-0.2007,-0.0954,0.0327,0.1446,0.1615,0.0511,-0.1135,-0.2607,-0.3774,-0.4805,-0.5887,-0.6856,-0.6972,-0.6261,-0.5502,-0.4965,-0.4615,-0.4385,-0.4234,-0.4137,-0.408,-0.4053,-0.4049,-0.4066,-0.4097,-0.4142,-0.4195,-0.4254,-0.4315,-0.4377,-0.4436,-0.449,-0.4126,-0.3875,-0.3491,-0.2894,-0.1962,-0.0509,0.1631,0.4053,0.4777,0.2567,-0.0313,-0.2353,-0.3659,-0.4621,-0.5522,-0.6308,-0.6431,-0.5874,-0.5243,-0.478,-0.4468,-0.4261,-0.4125,-0.4041,-0.3995,-0.3979,-0.3988,-0.4018,-0.4064,-0.4123,-0.4192,-0.4266,-0.4342,-0.4416,-0.4485,-0.4548,-0.436,-0.4156,-0.382,-0.3261,-0.2318,-0.0691,0.2094,0.6063,0.7715,0.3877,-0.0195,-0.2491,-0.372,-0.446,-0.4997,-0.538,-0.5449,-0.5184,-0.4816,-0.4498,-0.4261,-0.4096,-0.3987,-0.3921,-0.3892,-0.3892,-0.3917,-0.3964,-0.4029,-0.4107,-0.4195,-0.4288,-0.4381,-0.447,-0.4552,-0.4624,-0.4653,-0.4533,-0.431,-0.3906,-0.3178,-0.1867,0.0423,0.3691,0.4939,0.173,-0.1422,-0.3156,-0.4061,-0.4535,-0.4773,-0.4859,-0.4808,-0.4634,-0.4409,-0.4197,-0.4028,-0.3904,-0.3824,-0.3782,-0.3772,-0.3792,-0.3837,-0.3905,-0.3992,-0.4095,-0.4208,-0.4324,-0.4439,-0.4547,-0.4643,-0.4724,-0.4984,-0.4978,-0.492,-0.4764,-0.4422,-0.3761,-0.2664,-0.1398,-0.106,-0.2014,-0.318,-0.4064,-0.4612,-0.4866,-0.4882,-0.4736,-0.4517,-0.429,-0.4087,-0.3919,-0.3789,-0.3698,-0.3644,-0.3625,-0.3637,-0.3679,-0.3747,-0.3841,-0.3957,-0.409,-0.4234,-0.4381,-0.4523,-0.4653,-0.4765,-0.4856,-0.5321,-0.5442,-0.5574,-0.5707,-0.5809,-0.5803,-0.5543,-0.4882,-0.3991,-0.3695,-0.4242,-0.485,-0.5265,-0.543,-0.5261,-0.4838,-0.4383,-0.4045,-0.3826,-0.367,-0.3555,-0.3481,-0.3448,-0.3451,-0.3486,-0.3552,-0.3648,-0.3773,-0.3924,-0.4096,-0.4281,-0.4468,-0.4644,-0.4801,-0.493,-0.5029,-0.5629,-0.5868,-0.6182,-0.6598,-0.7141,-0.7781,-0.824,-0.749,-0.409,-0.259,-0.4605,-0.5488,-0.601,-0.6332,-0.597,-0.505,-0.4228,-0.382,-0.3637,-0.3466,-0.3327,-0.325,-0.3232,-0.3257,-0.3318,-0.341,-0.3536,-0.3698,-0.3894,-0.4118,-0.4358,-0.4598,-0.4819,-0.5008,-0.5155,-0.5259,-0.5872,-0.6203,-0.6657,-0.7298,-0.8222,-0.9548,-1.1267,-1.2177,-0.8079,-0.4776,-0.5602,-0.6093,-0.6756,-0.7857,-0.7109,-0.5131,-0.3813,-0.375,-0.3759,-0.336,-0.309,-0.2989,-0.2986,-0.3039,-0.3127,-0.3248,-0.3407,-0.3612,-0.3867,-0.4162,-0.4479,-0.4792,-0.5072,-0.53,-0.5464,-0.5565,-0.6026,-0.6405,-0.6929,-0.768,-0.8794,-1.0503,-1.3086,-1.5871,-1.3379,-0.8399,-0.6558,-0.6684,-0.6925,-0.8297,-0.7419,-0.4171,-0.2562,-0.4377,-0.4484,-0.3213,-0.2758,-0.2653,-0.2689,-0.2787,-0.2909,-0.3056,-0.3247,-0.3505,-0.3838,-0.4235,-0.4664,-0.5082,-0.5444,-0.5717,-0.589,-0.5971,-0.6082,-0.646,-0.6973,-0.7689,-0.8716,-1.0203,-1.2227,-1.4147,-1.2579,-0.825,-0.6278,-0.7303,-0.7588,-0.4353,-0.4387,-0.0483,0.2358,-0.1509,-0.2963,-0.2434,-0.2201,-0.2173,-0.2313,-0.2497,-0.2657,-0.2815,-0.3029,-0.335,-0.3795,-0.4345,-0.4946,-0.5522,-0.5997,-0.6319,-0.648,-0.6508,-0.6045,-0.6382,-0.6819,-0.7392,-0.8137,-0.9063,-1.0014,-1.0327,-0.8821,-0.6174,-0.4613,-0.4692,-0.4613,-0.4026,-0.2304,0.6889,1.6652,0.521,-0.0304,-0.1516,-0.1359,-0.1405,-0.184,-0.2187,-0.2363,-0.2484,-0.2694,-0.3095,-0.3711,-0.4503,-0.5379,-0.6202,-0.6834,-0.7196,-0.7297,-0.721,-0.5938,-0.6209,-0.6538,-0.6928,-0.7364,-0.7775,-0.7965,-0.7555,-0.6204,-0.412,-0.1962,-0.2869,-0.3101,-0.2941,-0.117,0.579,1.2231,0.4206,-0.0862,-0.1475,0.0121,-0.0222,-0.1408,-0.193,-0.2001,-0.1959,-0.2112,-0.2636,-0.3536,-0.4723,-0.6046,-0.7268,-0.812,-0.8473,-0.8407,-0.8098,-0.5785,-0.5984,-0.6205,-0.6432,-0.663,-0.6722,-0.6573,-0.6015,-0.4953,-0.3474,-0.2028,-0.2351,-0.1268,-0.0473,-0.1271,0.02,0.0865,-0.2334,-0.4925,-0.3198,0.015,-0.0253,-0.1522,-0.1803,-0.1464,-0.0997,-0.1011,-0.1802,-0.3205,-0.502,-0.7067,-0.8939,-1.0079,-1.0283,-0.9841,-0.9146,-0.5612,-0.5745,-0.5875,-0.5982,-0.6031,-0.5966,-0.5716,-0.5219,-0.4476,-0.3611,-0.2898,-0.2346,-0.0879,-0.0548,-0.2327,-0.2901,-0.3688,-0.7917,-1.1827,-0.6971,-0.3401,-0.2335,-0.2204,-0.1716,-0.0562,0.085,0.1067,-0.0443,-0.272,-0.5401,-0.8503,-1.1386,-1.2842,-1.2595,-1.1472,-1.0222,-0.5436,-0.5516,-0.558,-0.5609,-0.5577,-0.5451,-0.5197,-0.4801,-0.4287,-0.3731,-0.3222,-0.2743,-0.2302,-0.2623,-0.4235,-0.4833,-0.4984,-0.7999,-1.0203,-0.7643,-0.5432,-0.3792,-0.2765,-0.1615,0.0479,0.3637,0.4241,0.0966,-0.2397,-0.5809,-1.0014,-1.412,-1.5797,-1.4793,-1.2846,-1.1049,-0.5271,-0.5311,-0.533,-0.5313,-0.5243,-0.5102,-0.4878,-0.4571,-0.4203,-0.3819,-0.3466,-0.3189,-0.3102,-0.3471,-0.4369,-0.4753,-0.5061,-0.6459,-0.7616,-0.7823,-0.5984,-0.4188,-0.2963,-0.1774,0.0255,0.3838,0.4583,0.009,-0.2913,-0.607,-1.0533,-1.5139,-1.6873,-1.553,-1.3277,-1.1303,-0.5123,-0.5135,-0.5125,-0.5083,-0.5,-0.4865,-0.4676,-0.4438,-0.417,-0.39,-0.3663,-0.3507,-0.35,-0.3714,-0.4097,-0.444,-0.4899,-0.5718,-0.6608,-0.6666,-0.5225,-0.3637,-0.2712,-0.2155,-0.1509,-0.1533,-0.3942,-0.4062,-0.4182,-0.6079,-0.9543,-1.3254,-1.4915,-1.4179,-1.2501,-1.0877,-0.4993,-0.4987,-0.4961,-0.4908,-0.4823,-0.4702,-0.4546,-0.4361,-0.4162,-0.3969,-0.3809,-0.3713,-0.3714,-0.3833,-0.4045,-0.4308,-0.4645,-0.5053,-0.5325,-0.5014,-0.3815,-0.2296,-0.1796,-0.2183,-0.2731,-0.4322,-0.6673,-0.5837,-0.5009,-0.5933,-0.8102,-1.0505,-1.1884,-1.186,-1.1021,-0.9984,-0.4882,-0.4864,-0.4829,-0.4773,-0.4693,-0.4587,-0.4459,-0.4315,-0.4165,-0.4024,-0.3911,-0.3844,-0.3842,-0.3909,-0.4036,-0.4204,-0.4391,-0.4538,-0.4495,-0.4021,-0.2901,-0.1425,-0.1083,-0.1993,-0.2981,-0.4177,-0.5233,-0.5239,-0.51,-0.5713,-0.7006,-0.8465,-0.9478,-0.9769,-0.9496,-0.8956,-0.4788,-0.4763,-0.4725,-0.4669,-0.4596,-0.4506,-0.4401,-0.4286,-0.417,-0.4065,-0.398,-0.3929,-0.392,-0.3954,-0.4024,-0.4113,-0.419,-0.4201,-0.405,-0.3617,-0.2834,-0.1953,-0.1726,-0.2286,-0.3045,-0.3799,-0.4397,-0.4692,-0.4937,-0.5456,-0.6277,-0.7186,-0.7898,-0.8245,-0.8245,-0.8017]}]