docs/data/wind_grid.json
[{"header":{"la1":42.85,"la2":41.18,"lo1":11.55,"lo2":14.05,"nx":36,"ny":24,"dx":0.07143,"dy":0.07261,"parameterCategory":2,"parameterNumber":2,"parameterNumberName":"eastward_wind","parameterUnit":"m.s-1"},"data":[1.9673,1.9646,1.9603,1.9544,1.9466,1.9365,1.9235,1.9068,1.8857,1.86,1.83,1.7966,1.7606,1.7224,1.6818,1.6383,1.5909,1.5387,1.4814,1.421,1.3631,1.3168,1.2902,1.2851,1.2964,1.3163,1.3385,1.3595,1.3779,1.3935,1.4066,1.4177,1.4273,1.4357,1.4433,1.4502,1.9853,1.9836,1.9803,1.9755,1.969,1.9604,1.9488,1.9328,1.9108,1.8822,1.848,1.8098,1.7692,1.7269,1.6824,1.6347,1.5817,1.5208,1.4493,1.3672,1.2827,1.2147,1.1825,1.189,1.2201,1.2591,1.2961,1.3271,1.3521,1.3719,1.3879,1.4009,1.412,1.4215,1.43,1.4378,2.0044,2.0036,2.0014,1.9979,1.9933,1.9873,1.979,1.9656,1.9435,1.911,1.8701,1.8251,1.7788,1.7322,1.6844,1.6336,1.5767,1.5085,1.4212,1.3065,1.1713,1.0573,1.0176,1.0548,1.1261,1.1965,1.2534,1.296,1.3276,1.3513,1.3696,1.3843,1.3965,1.4071,1.4165,1.4251,2.0243,2.0244,2.0231,2.021,2.0187,2.0171,2.0155,2.0093,1.9891,1.9498,1.8973,1.8416,1.7881,1.7373,1.6876,1.636,1.5788,1.5094,1.4121,1.255,1.0202,0.7964,0.7526,0.873,1.0217,1.1371,1.2163,1.2695,1.3061,1.3322,1.352,1.3678,1.3809,1.3924,1.4026,1.4119,2.0447,2.045,2.044,2.043,2.0435,2.0479,2.0589,2.0709,2.0589,2.0047,1.9291,1.8567,1.7946,1.7408,1.6911,1.6417,1.5896,1.532,1.4506,1.2676,0.8621,0.3765,0.3639,0.6789,0.9395,1.0986,1.1928,1.2506,1.2883,1.3148,1.3349,1.3511,1.3649,1.3771,1.3881,1.3982,2.0651,2.0641,2.0613,2.0603,2.0639,2.0749,2.1041,2.1573,2.171,2.0785,1.958,1.864,1.7946,1.74,1.6932,1.6492,1.6068,1.5749,1.5617,1.4347,0.9054,0.1252,0.1651,0.6361,0.9388,1.0997,1.1879,1.2398,1.2736,1.2979,1.3173,1.3336,1.348,1.3609,1.3728,1.3838,2.0857,2.0791,2.0673,2.0634,2.0747,2.092,2.1292,2.2283,2.2867,2.1269,1.9589,1.8533,1.7836,1.7324,1.6918,1.6563,1.6234,1.61,1.6659,1.6286,1.2331,0.7474,0.6518,0.8616,1.0358,1.138,1.1963,1.2325,1.2582,1.2791,1.2975,1.3142,1.3295,1.3435,1.3564,1.3685,2.1091,2.0905,2.0479,2.024,2.0682,2.104,2.1159,2.1604,2.1793,2.0411,1.9046,1.8194,1.7598,1.7155,1.6845,1.6607,1.6366,1.617,1.619,1.5728,1.4531,1.3147,1.1648,1.1318,1.1555,1.1816,1.2013,1.2183,1.2359,1.2546,1.2735,1.2918,1.3088,1.3244,1.3388,1.3521,2.1435,2.1185,2.0198,1.9174,2.0676,2.1444,2.1066,2.0399,1.9544,1.8613,1.8083,1.7699,1.725,1.6874,1.6708,1.6641,1.6499,1.6288,1.6002,1.5645,1.5804,1.5415,1.3847,1.278,1.222,1.192,1.18,1.1837,1.1989,1.2203,1.2433,1.2654,1.2855,1.3034,1.3195,1.3343,2.1959,2.2072,2.1714,2.1363,2.2931,2.2646,2.1448,1.9688,1.7099,1.587,1.6854,1.7211,1.6801,1.6403,1.6607,1.6842,1.6627,1.6555,1.6331,1.5916,1.5709,1.5345,1.4241,1.3056,1.2063,1.1376,1.1079,1.1132,1.1394,1.1731,1.2061,1.2352,1.2597,1.2804,1.2985,1.3149,2.2517,2.3286,2.4877,2.8286,2.7763,2.4298,2.2478,2.023,1.3903,1.0738,1.5904,1.7036,1.6184,1.5285,1.5943,1.6706,1.6635,1.7064,1.7087,1.6494,1.5762,1.5003,1.3888,1.2409,1.0869,0.979,0.9529,0.9908,1.053,1.1136,1.1636,1.2022,1.232,1.2556,1.2755,1.2935,2.2817,2.3822,2.5652,2.8281,2.7704,2.486,2.4263,2.4266,1.9084,1.4874,1.7437,1.7622,1.5541,1.2646,1.3076,1.524,1.6668,1.853,1.8902,1.7494,1.611,1.4822,1.3195,1.0876,0.813,0.6399,0.6692,0.807,0.9449,1.0489,1.1207,1.1694,1.2033,1.2287,1.2499,1.2693,2.2779,2.3576,2.4632,2.5527,2.5278,2.4686,2.5648,2.7871,2.5522,2.1201,1.9952,1.9491,1.7091,1.092,1.1153,1.4382,1.6466,2.1865,2.2121,1.8347,1.627,1.458,1.2365,0.8636,0.3207,0.0085,0.2354,0.5908,0.8428,0.9955,1.0858,1.1397,1.1738,1.1985,1.2199,1.241,2.2545,2.3079,2.3628,2.4003,2.4091,2.4317,2.5264,2.6574,2.5519,2.2959,2.1832,2.1766,2.1224,1.6218,1.4671,1.2163,1.4542,1.9047,1.9961,1.7707,1.5848,1.4206,1.1858,0.7089,-0.154,-0.6591,-0.1171,0.4674,0.8,0.9746,1.0659,1.1137,1.1409,1.1614,1.1824,1.206,2.2262,2.2625,2.2964,2.3229,2.3443,2.3756,2.4253,2.4611,2.4313,2.4127,2.4469,2.3784,2.1526,2.1708,1.6324,1.1828,1.785,1.7405,1.7527,1.6363,1.4686,1.3585,1.2022,0.8172,0.1307,-0.2815,0.1071,0.5772,0.854,0.9952,1.0603,1.0857,1.0967,1.1097,1.1313,1.1609,2.1994,2.2263,2.2516,2.2745,2.2971,2.3236,2.3544,2.3846,2.4339,2.5969,2.9701,2.9094,2.6048,2.2124,1.9163,1.7326,1.828,1.7731,1.7092,1.5244,1.2278,1.2383,1.2463,1.0509,0.7379,0.5486,0.644,0.8349,0.9734,1.0416,1.0556,1.0399,1.0238,1.0289,1.0582,1.102,2.1755,2.1971,2.2182,2.2387,2.2601,2.2845,2.3142,2.3569,2.4396,2.6241,2.9173,2.8208,2.8471,2.8494,2.2538,1.9939,1.8909,1.8375,1.7721,1.5535,1.1952,1.2315,1.3009,1.221,1.0936,1.0157,1.0195,1.062,1.0942,1.0865,1.0305,0.9482,0.8917,0.8979,0.9538,1.0279,2.1542,2.1725,2.1908,2.2095,2.2297,2.2532,2.2835,2.3276,2.3985,2.5046,2.6055,2.6505,2.8632,2.8884,2.476,2.3005,2.0614,1.9306,1.9655,1.7122,1.4815,1.4032,1.3793,1.3228,1.2509,1.1996,1.1875,1.1985,1.188,1.1182,0.969,0.7747,0.6599,0.6986,0.8201,0.9464,2.1346,2.1506,2.1668,2.1838,2.2025,2.2244,2.252,2.2891,2.3389,2.3983,2.4529,2.5007,2.5602,2.5722,2.7366,2.8423,2.242,1.9278,1.8488,1.6187,1.5444,1.4868,1.4359,1.3807,1.3063,1.1983,1.1745,1.2667,1.2717,1.1544,0.8934,0.5301,0.3436,0.4709,0.6952,0.8824,2.1163,2.1303,2.1446,2.1598,2.1765,2.1957,2.2187,2.2469,2.2804,2.3161,2.3489,2.3775,2.4054,2.4594,2.6527,2.6929,2.2297,1.8488,1.4828,1.3445,1.4953,1.4906,1.4512,1.4164,1.363,1.2217,1.1874,1.3945,1.3908,1.2348,0.907,0.4336,0.2041,0.3888,0.6619,0.8712,2.0988,2.111,2.1235,2.1367,2.1509,2.1668,2.1848,2.2051,2.227,2.2486,2.2675,2.2829,2.2981,2.3246,2.3608,2.3017,2.0802,1.8152,1.5693,1.4732,1.488,1.4429,1.4084,1.4265,1.4706,1.5653,1.7973,1.7369,1.5555,1.3725,1.0844,0.6981,0.4852,0.5737,0.763,0.9278,2.0818,2.0923,2.103,2.1141,2.1258,2.1382,2.1515,2.1653,2.179,2.191,2.2,2.2051,2.2063,2.2025,2.1808,2.1091,1.9747,1.8107,1.6614,1.5563,1.4514,1.2983,1.2509,1.3729,1.5268,1.7586,2.0643,1.8975,1.6601,1.5246,1.3174,1.0565,0.8803,0.8616,0.9353,1.0282,2.0653,2.0741,2.083,2.092,2.1011,2.1104,2.1195,2.1282,2.1357,2.1408,2.1424,2.1392,2.1296,2.11,2.0724,2.0066,1.9106,1.7969,1.6814,1.5627,1.4013,1.1719,1.1098,1.3125,1.51,1.6853,1.8058,1.7476,1.6959,1.6446,1.4836,1.2941,1.1522,1.0926,1.0984,1.136,2.0492,2.0564,2.0636,2.0706,2.0773,2.0837,2.0894,2.0939,2.0967,2.0967,2.0928,2.0837,2.0676,2.0415,2.0014,1.9436,1.8682,1.7798,1.6827,1.5723,1.4333,1.2824,1.246,1.3631,1.4999,1.6069,1.6678,1.6797,1.6983,1.6634,1.5452,1.4112,1.3044,1.2425,1.2221,1.2293]},{"header":{"la1":42.85,"la2":41.18,"lo1":11.55,"lo2":14.05,"nx":36,"ny":24,"dx":0.07143,"dy":0.07261,"parameterCategory":2,"parameterNumber":3,"parameterNumberName":"northward_wind","parameterUnit":"m.s-1"},"data":[-0.2171,-0.2189,-0.2222,-0.2274,-0.2346,-0.2438,-0.2552,-0.2687,-0.2846,-0.3028,-0.3231,-0.3451,-0.368,-0.3913,-0.4145,-0.4379,-0.4619,-0.4877,-0.5159,-0.5458,-0.5743,-0.5959,-0.6055,-0.6014,-0.5861,-0.5635,-0.5374,-0.5102,-0.483,-0.4565,-0.431,-0.4067,-0.3835,-0.3615,-0.3409,-0.3215,-0.2054,-0.206,-0.2084,-0.2131,-0.2203,-0.2298,-0.2417,-0.2561,-0.2732,-0.2935,-0.3166,-0.342,-0.3683,-0.3947,-0.4204,-0.4456,-0.4716,-0.5007,-0.5358,-0.5778,-0.6219,-0.6568,-0.6708,-0.6612,-0.6351,-0.6012,-0.5656,-0.5307,-0.4977,-0.4667,-0.4375,-0.41,-0.3842,-0.36,-0.3374,-0.3165,-0.192,-0.1908,-0.1919,-0.196,-0.2032,-0.2133,-0.2258,-0.2408,-0.2589,-0.2813,-0.3079,-0.3376,-0.3684,-0.3983,-0.4263,-0.4521,-0.4776,-0.5074,-0.5491,-0.6095,-0.6838,-0.7463,-0.7665,-0.7419,-0.6944,-0.6425,-0.5939,-0.5503,-0.5109,-0.4751,-0.4421,-0.4115,-0.3829,-0.3565,-0.3319,-0.3094,-0.1768,-0.1728,-0.1718,-0.1751,-0.1829,-0.1942,-0.2078,-0.223,-0.2413,-0.2655,-0.2965,-0.3321,-0.3687,-0.4031,-0.4331,-0.4576,-0.4779,-0.5005,-0.5423,-0.6281,-0.763,-0.8888,-0.914,-0.8479,-0.76,-0.6825,-0.6192,-0.5665,-0.5212,-0.4809,-0.4443,-0.4105,-0.3793,-0.3505,-0.324,-0.2998,-0.1597,-0.1511,-0.1464,-0.1485,-0.158,-0.1727,-0.1891,-0.2047,-0.2211,-0.2458,-0.2824,-0.3261,-0.3706,-0.4109,-0.4431,-0.4641,-0.4716,-0.4691,-0.4854,-0.5927,-0.8418,-1.1117,-1.1216,-0.9595,-0.8145,-0.7117,-0.6365,-0.5773,-0.5275,-0.4835,-0.4435,-0.4067,-0.3728,-0.3415,-0.313,-0.2873,-0.141,-0.1245,-0.1123,-0.1118,-0.1256,-0.1478,-0.1718,-0.1917,-0.2033,-0.224,-0.2666,-0.3208,-0.3758,-0.4244,-0.4604,-0.4775,-0.466,-0.4103,-0.3301,-0.4202,-0.8105,-1.2437,-1.2264,-0.9951,-0.8286,-0.72,-0.6425,-0.5814,-0.5293,-0.4826,-0.4396,-0.3997,-0.3629,-0.3292,-0.2986,-0.2713,-0.1229,-0.0926,-0.0627,-0.0546,-0.0796,-0.1167,-0.1528,-0.1887,-0.2002,-0.2071,-0.2521,-0.3178,-0.3864,-0.4472,-0.4912,-0.5081,-0.4831,-0.3781,-0.1517,-0.1993,-0.6651,-0.9802,-1.0245,-0.9111,-0.7966,-0.7081,-0.6387,-0.5803,-0.5277,-0.4788,-0.4326,-0.3893,-0.3492,-0.3127,-0.28,-0.2511,-0.1119,-0.0616,0.0101,0.0461,-0.015,-0.0797,-0.1159,-0.1554,-0.1774,-0.1849,-0.2354,-0.316,-0.4031,-0.4835,-0.5446,-0.5681,-0.5432,-0.4649,-0.3469,-0.4505,-0.799,-0.9137,-0.8878,-0.8259,-0.7547,-0.6899,-0.6322,-0.5782,-0.5253,-0.4732,-0.4228,-0.375,-0.331,-0.2913,-0.2563,-0.226,-0.1202,-0.0606,0.0703,0.188,0.0267,-0.0618,-0.0566,-0.061,-0.0822,-0.1209,-0.201,-0.3102,-0.4234,-0.5341,-0.6373,-0.6772,-0.6335,-0.5829,-0.5877,-0.7669,-1.133,-1.0861,-0.889,-0.7892,-0.7289,-0.6807,-0.6335,-0.582,-0.5259,-0.4677,-0.4104,-0.3563,-0.3071,-0.2637,-0.2263,-0.1948,-0.1546,-0.134,-0.0751,-0.0304,-0.1702,-0.0982,0.0309,0.0795,0.0529,-0.0095,-0.1402,-0.2989,-0.44,-0.5796,-0.7811,-0.8766,-0.7222,-0.6428,-0.6518,-0.7824,-1.0117,-0.9949,-0.844,-0.7616,-0.7235,-0.6953,-0.6565,-0.6011,-0.5342,-0.4634,-0.3948,-0.3317,-0.2759,-0.2281,-0.1883,-0.1561,-0.197,-0.242,-0.3812,-0.7288,-0.6488,-0.1352,0.2104,0.3116,0.1619,0.0898,-0.0791,-0.2941,-0.4477,-0.5668,-0.7622,-0.8872,-0.7271,-0.6405,-0.6223,-0.6754,-0.7594,-0.7822,-0.7535,-0.7425,-0.7568,-0.7617,-0.7249,-0.6484,-0.5542,-0.4599,-0.3736,-0.2981,-0.2343,-0.1819,-0.1402,-0.1082,-0.2167,-0.2806,-0.4386,-0.7082,-0.5904,0.024,0.5693,0.8518,0.4844,0.1512,-0.0789,-0.3038,-0.4484,-0.5018,-0.6055,-0.7112,-0.69,-0.5687,-0.5237,-0.5799,-0.6304,-0.6626,-0.6961,-0.7677,-0.8786,-0.9419,-0.8785,-0.7357,-0.5844,-0.4518,-0.3412,-0.2507,-0.1781,-0.1215,-0.0791,-0.049,-0.2071,-0.2425,-0.302,-0.334,-0.1609,0.2801,0.865,1.4066,1.021,0.2895,-0.1154,-0.2702,-0.3996,-0.5121,-0.6234,-0.7957,-0.7662,-0.3735,-0.3374,-0.5192,-0.5669,-0.5985,-0.6706,-0.8466,-1.1527,-1.3336,-1.148,-0.8496,-0.6061,-0.4251,-0.2879,-0.182,-0.1012,-0.042,-0.0014,0.024,-0.1853,-0.1882,-0.1797,-0.1232,0.0393,0.3341,0.7327,1.0975,0.8536,0.1732,-0.204,-0.1728,-0.1738,-0.6952,-0.8171,-1.0953,-1.0657,-0.68,-0.5038,-0.5324,-0.5259,-0.5419,-0.6307,-0.8933,-1.4437,-1.7883,-1.3805,-0.8988,-0.5764,-0.3592,-0.2016,-0.083,0.0039,0.0627,0.0974,0.1135,-0.168,-0.1534,-0.1222,-0.0573,0.0581,0.2235,0.402,0.4779,0.2666,-0.1233,-0.3842,-0.4728,-0.632,-0.9558,-0.935,-1.2169,-1.8515,-1.0962,-0.6843,-0.5236,-0.4705,-0.4716,-0.5399,-0.7653,-1.2191,-1.5031,-1.1828,-0.7605,-0.4564,-0.2388,-0.0724,0.0556,0.1465,0.2002,0.2222,0.2217,-0.1613,-0.1427,-0.1122,-0.0643,0.0018,0.0743,0.1194,0.0772,-0.0997,-0.3627,-0.5761,-0.661,-0.6937,-0.7998,-0.8991,-1.2112,-1.5745,-0.9892,-0.5615,-0.4133,-0.4442,-0.4302,-0.4256,-0.5345,-0.7286,-0.8363,-0.714,-0.486,-0.2648,-0.0692,0.1024,0.2434,0.3386,0.3802,0.3776,0.3492,-0.1642,-0.1487,-0.1271,-0.0995,-0.0702,-0.051,-0.0632,-0.1319,-0.2672,-0.4423,-0.5814,-0.6428,-0.8011,-0.8824,-0.8184,-0.8625,-0.7999,-0.4332,-0.1073,-0.1732,-0.4116,-0.3784,-0.3029,-0.3296,-0.3968,-0.4283,-0.3725,-0.2379,-0.0626,0.1267,0.3187,0.4903,0.5962,0.6122,0.5641,0.4919,-0.1733,-0.1632,-0.1514,-0.1399,-0.1334,-0.1404,-0.1717,-0.2368,-0.3344,-0.4467,-0.5455,-0.6428,-0.8178,-0.8673,-0.7668,-0.6986,-0.4335,0.1902,0.6877,0.2952,-0.0021,-0.1089,-0.1221,-0.1541,-0.2241,-0.3093,-0.2911,-0.1125,0.1094,0.3281,0.5641,0.7997,0.9285,0.8919,0.7675,0.6352,-0.185,-0.1802,-0.1763,-0.1755,-0.1815,-0.1992,-0.2341,-0.2887,-0.3603,-0.4397,-0.5176,-0.5965,-0.6765,-0.7222,-0.8311,-0.8779,-0.3646,0.3068,0.7253,0.8062,0.4663,0.2045,0.0935,0.0144,-0.1504,-0.5101,-0.5818,-0.0884,0.2838,0.5311,0.7978,1.1142,1.2736,1.1551,0.9401,0.7511,-0.1968,-0.1962,-0.1977,-0.2032,-0.2149,-0.2358,-0.2682,-0.3124,-0.366,-0.424,-0.4817,-0.536,-0.5842,-0.6358,-0.7519,-0.752,-0.2889,0.3529,1.2803,1.6574,0.8309,0.4508,0.3163,0.2225,0.0369,-0.4686,-0.5871,0.2412,0.5886,0.7535,0.949,1.2411,1.3978,1.2509,1.0125,0.8098,-0.2071,-0.2095,-0.2142,-0.2227,-0.2364,-0.2567,-0.2845,-0.3194,-0.3594,-0.4012,-0.4411,-0.4757,-0.5027,-0.5229,-0.5278,-0.4328,-0.138,0.3319,0.92,1.116,0.7907,0.6321,0.5843,0.5028,0.4668,0.6429,1.286,1.2348,1.0548,1.0301,1.0493,1.1519,1.2297,1.144,0.974,0.8078,-0.2154,-0.2194,-0.2257,-0.2352,-0.2486,-0.2667,-0.2895,-0.3162,-0.3452,-0.3739,-0.3992,-0.4175,-0.425,-0.4155,-0.3731,-0.2637,-0.0586,0.2272,0.5145,0.6653,0.7297,0.9173,0.9856,0.7989,0.8039,1.2695,2.0156,1.7175,1.4947,1.406,1.226,1.117,1.0745,1.0058,0.8948,0.7722,-0.2212,-0.226,-0.2328,-0.242,-0.254,-0.2691,-0.2869,-0.3065,-0.3266,-0.3447,-0.3583,-0.3638,-0.3568,-0.3308,-0.2751,-0.1758,-0.026,0.1613,0.3525,0.5285,0.7643,1.15,1.2617,0.964,0.9085,1.1877,1.5229,1.6798,2.0196,1.858,1.4461,1.1716,1.0251,0.9253,0.8287,0.7301,-0.2248,-0.2297,-0.2361,-0.2443,-0.2544,-0.2663,-0.2795,-0.2932,-0.3059,-0.3157,-0.3202,-0.3164,-0.3003,-0.2671,-0.2104,-0.1247,-0.0086,0.1316,0.2866,0.4618,0.6908,0.9563,1.0346,0.9065,0.8891,1.0559,1.3137,1.6785,2.0837,1.9232,1.503,1.1924,1.0031,0.8788,0.7801,0.6913]}]