docs/data/wind_grid.json
[{"header":{"la1":42.85,"la2":41.18,"lo1":11.55,"lo2":14.05,"nx":36,"ny":24,"dx":0.07143,"dy":0.07261,"parameterCategory":2,"parameterNumber":2,"parameterNumberName":"eastward_wind","parameterUnit":"m.s-1"},"data":[-0.5955,-0.5979,-0.6001,-0.6019,-0.6033,-0.6037,-0.6025,-0.5989,-0.5924,-0.5835,-0.574,-0.5659,-0.5615,-0.5622,-0.5686,-0.58,-0.5949,-0.6105,-0.6236,-0.6318,-0.634,-0.6308,-0.6239,-0.615,-0.6054,-0.5961,-0.5874,-0.5796,-0.5728,-0.5668,-0.5617,-0.5572,-0.5534,-0.5501,-0.5472,-0.5447,-0.6043,-0.6078,-0.611,-0.6142,-0.6174,-0.62,-0.6208,-0.6178,-0.6095,-0.5963,-0.5808,-0.5673,-0.5592,-0.559,-0.5678,-0.5848,-0.6078,-0.6321,-0.6521,-0.6631,-0.6639,-0.6563,-0.644,-0.6299,-0.6161,-0.6034,-0.5923,-0.5828,-0.5747,-0.5679,-0.5621,-0.5573,-0.5531,-0.5496,-0.5466,-0.544,-0.6147,-0.6193,-0.6238,-0.6288,-0.6348,-0.6415,-0.6471,-0.6473,-0.6374,-0.617,-0.5913,-0.5681,-0.5538,-0.5517,-0.5636,-0.5891,-0.6253,-0.6649,-0.6967,-0.7115,-0.7075,-0.6907,-0.6688,-0.6468,-0.6272,-0.6105,-0.5966,-0.5853,-0.5759,-0.5683,-0.562,-0.5568,-0.5524,-0.5487,-0.5456,-0.543,-0.6269,-0.6328,-0.6386,-0.6455,-0.6551,-0.6689,-0.685,-0.695,-0.6856,-0.6523,-0.6073,-0.5675,-0.5429,-0.5373,-0.5529,-0.5907,-0.6487,-0.7161,-0.7703,-0.7892,-0.7718,-0.7359,-0.6977,-0.6644,-0.6375,-0.6163,-0.5996,-0.5865,-0.5761,-0.5678,-0.5611,-0.5556,-0.5511,-0.5474,-0.5443,-0.5417,-0.6416,-0.6491,-0.656,-0.664,-0.6769,-0.7004,-0.7373,-0.7741,-0.7725,-0.7126,-0.6297,-0.5624,-0.5227,-0.5114,-0.5302,-0.5837,-0.6757,-0.7952,-0.8953,-0.916,-0.8632,-0.7901,-0.7272,-0.6798,-0.6451,-0.6195,-0.6004,-0.5859,-0.5747,-0.5661,-0.5592,-0.5537,-0.5492,-0.5455,-0.5425,-0.5399,-0.6598,-0.6698,-0.6777,-0.6849,-0.6974,-0.7283,-0.7962,-0.895,-0.924,-0.8032,-0.6497,-0.5448,-0.4877,-0.4681,-0.4867,-0.5549,-0.6903,-0.8974,-1.0918,-1.1036,-0.9711,-0.8397,-0.7486,-0.6884,-0.6476,-0.6189,-0.5983,-0.5831,-0.5717,-0.563,-0.5563,-0.551,-0.5467,-0.5431,-0.5402,-0.5377,-0.683,-0.6978,-0.7081,-0.7122,-0.7158,-0.7387,-0.8209,-0.9944,-1.0806,-0.8614,-0.6316,-0.5014,-0.4324,-0.4012,-0.4101,-0.4819,-0.6499,-0.9422,-1.254,-1.2467,-1.027,-0.8549,-0.7505,-0.6857,-0.643,-0.6134,-0.5926,-0.5776,-0.5667,-0.5586,-0.5524,-0.5475,-0.5435,-0.5401,-0.5374,-0.5351,-0.7123,-0.7375,-0.7561,-0.7589,-0.7435,-0.7301,-0.7619,-0.8736,-0.921,-0.7248,-0.5344,-0.4261,-0.3575,-0.3064,-0.2838,-0.3379,-0.5122,-0.7974,-1.0786,-1.1023,-0.9496,-0.8172,-0.7297,-0.6713,-0.6309,-0.6027,-0.583,-0.5693,-0.5597,-0.5527,-0.5474,-0.5432,-0.5396,-0.5366,-0.534,-0.5319,-0.7468,-0.7919,-0.835,-0.8512,-0.8121,-0.7355,-0.6712,-0.6297,-0.5622,-0.458,-0.3865,-0.3362,-0.2759,-0.1884,-0.0782,-0.0794,-0.2994,-0.5815,-0.7901,-0.8594,-0.8238,-0.7586,-0.6978,-0.6491,-0.6125,-0.5867,-0.5693,-0.558,-0.5507,-0.5456,-0.5416,-0.5382,-0.5351,-0.5324,-0.53,-0.5281,-0.78,-0.8547,-0.9499,-1.024,-0.9674,-0.7914,-0.6289,-0.4691,-0.2629,-0.1656,-0.2359,-0.2597,-0.2107,-0.0862,0.2202,0.372,-0.1004,-0.5004,-0.7129,-0.7833,-0.7702,-0.7227,-0.6695,-0.6235,-0.5886,-0.565,-0.5511,-0.5438,-0.54,-0.5375,-0.5352,-0.5327,-0.5301,-0.5275,-0.5253,-0.5235,-0.7982,-0.8977,-1.0525,-1.2344,-1.1837,-0.8669,-0.6493,-0.4493,0.0021,0.2136,-0.1316,-0.2196,-0.1717,-0.072,0.1895,0.3804,-0.1958,-0.6788,-0.8926,-0.8852,-0.8014,-0.7159,-0.6463,-0.594,-0.5574,-0.536,-0.5275,-0.5266,-0.5282,-0.5292,-0.5288,-0.527,-0.5244,-0.5217,-0.5194,-0.5178,-0.7892,-0.8847,-1.0315,-1.1992,-1.1408,-0.8515,-0.7225,-0.6854,-0.3306,-0.0441,-0.2029,-0.2235,-0.1381,-0.0159,-0.0554,-0.1907,-0.622,-1.264,-1.429,-1.1298,-0.8702,-0.7121,-0.6169,-0.5559,-0.5158,-0.4965,-0.4973,-0.5073,-0.5167,-0.5219,-0.5229,-0.5211,-0.5178,-0.5144,-0.5118,-0.5104,-0.7545,-0.8207,-0.9017,-0.9571,-0.899,-0.7811,-0.7808,-0.9014,-0.7414,-0.4306,-0.3119,-0.257,-0.1673,0.0118,-0.0762,-0.3945,-0.9806,-2.1864,-2.2101,-1.3291,-0.8777,-0.6679,-0.5668,-0.5092,-0.4654,-0.4459,-0.4626,-0.4896,-0.5085,-0.5173,-0.5183,-0.5147,-0.5094,-0.5045,-0.5015,-0.5005,-0.7085,-0.7448,-0.777,-0.7847,-0.7534,-0.7192,-0.7416,-0.8067,-0.7185,-0.4838,-0.346,-0.2899,-0.2553,-0.0375,-0.2283,-0.6009,-1.0697,-1.6736,-1.7264,-1.1149,-0.7175,-0.5421,-0.4868,-0.4651,-0.4295,-0.4059,-0.4394,-0.4829,-0.5086,-0.5174,-0.5149,-0.5065,-0.4969,-0.4897,-0.4864,-0.4867,-0.6638,-0.6807,-0.6907,-0.6869,-0.6698,-0.6541,-0.6525,-0.6423,-0.5614,-0.433,-0.3502,-0.311,-0.2229,-0.1051,-0.3419,-0.9714,-1.5453,-1.1696,-0.9829,-0.67,-0.3747,-0.3027,-0.3689,-0.427,-0.4358,-0.4265,-0.4582,-0.4996,-0.5217,-0.5236,-0.5116,-0.4931,-0.4761,-0.4658,-0.4635,-0.4672,-0.6257,-0.6318,-0.6322,-0.6248,-0.6106,-0.5936,-0.5732,-0.5367,-0.4696,-0.3847,-0.3171,-0.3731,-0.3415,-0.2942,-0.441,-0.8959,-1.2866,-0.9027,-0.6008,-0.2921,0.1075,0.0307,-0.2397,-0.392,-0.4587,-0.4872,-0.5169,-0.5431,-0.5499,-0.5353,-0.5043,-0.4673,-0.4381,-0.4255,-0.4285,-0.4403,-0.5947,-0.5948,-0.5906,-0.5811,-0.5665,-0.5472,-0.5211,-0.4839,-0.4334,-0.376,-0.3283,-0.3592,-0.4201,-0.4484,-0.445,-0.5663,-0.634,-0.4624,-0.2688,-0.1393,0.1801,0.0817,-0.2135,-0.3946,-0.5011,-0.5668,-0.6031,-0.611,-0.5933,-0.5508,-0.4862,-0.4155,-0.3675,-0.3583,-0.377,-0.4055,-0.5699,-0.5667,-0.5601,-0.5495,-0.5347,-0.5153,-0.4907,-0.46,-0.4248,-0.3917,-0.3736,-0.386,-0.4381,-0.4468,-0.3686,-0.3504,-0.3446,-0.1124,0.1339,-0.0914,-0.1158,-0.1573,-0.2987,-0.4469,-0.5798,-0.6843,-0.7239,-0.702,-0.6506,-0.5696,-0.451,-0.3191,-0.2438,-0.2557,-0.3107,-0.3669,-0.5503,-0.5453,-0.5375,-0.5266,-0.5123,-0.4946,-0.4735,-0.4495,-0.4249,-0.4038,-0.3915,-0.3906,-0.3922,-0.3538,-0.2048,-0.1448,-0.2405,-0.1153,0.0048,-0.1752,-0.2343,-0.2852,-0.378,-0.5098,-0.6708,-0.8221,-0.8553,-0.7963,-0.7179,-0.5992,-0.4111,-0.1846,-0.077,-0.1396,-0.2494,-0.3375,-0.5348,-0.5288,-0.5206,-0.5101,-0.497,-0.4814,-0.4638,-0.445,-0.4265,-0.4104,-0.3981,-0.3879,-0.37,-0.32,-0.214,-0.1782,-0.2432,-0.2342,-0.2647,-0.2956,-0.2877,-0.3303,-0.4103,-0.5401,-0.714,-0.8636,-0.8919,-0.8719,-0.7963,-0.6594,-0.4288,-0.1338,-0.0037,-0.0991,-0.2355,-0.3351,-0.5226,-0.5163,-0.5082,-0.4983,-0.4865,-0.4731,-0.4584,-0.4431,-0.4282,-0.4144,-0.4018,-0.3883,-0.3683,-0.3346,-0.2919,-0.2746,-0.2842,-0.2851,-0.2887,-0.2959,-0.3045,-0.3222,-0.3769,-0.5132,-0.7116,-0.9053,-1.0615,-1.0179,-0.8983,-0.7661,-0.5566,-0.2961,-0.1604,-0.2008,-0.2925,-0.3679,-0.5131,-0.5067,-0.499,-0.4899,-0.4794,-0.4678,-0.4554,-0.4427,-0.4301,-0.4179,-0.4059,-0.3927,-0.3763,-0.3558,-0.3352,-0.3233,-0.3197,-0.3166,-0.3133,-0.3099,-0.2909,-0.2335,-0.2341,-0.4158,-0.6788,-0.9587,-1.1919,-1.1037,-1.0032,-0.9166,-0.7395,-0.5317,-0.3961,-0.3652,-0.389,-0.4236,-0.5057,-0.4995,-0.4923,-0.484,-0.4748,-0.4647,-0.4541,-0.4432,-0.4324,-0.4217,-0.4109,-0.3995,-0.3869,-0.3735,-0.361,-0.3521,-0.3465,-0.3418,-0.3356,-0.3206,-0.2701,-0.1501,-0.1117,-0.3313,-0.6154,-0.8625,-1.0165,-1.0608,-1.1509,-1.0857,-0.89,-0.6997,-0.5671,-0.501,-0.4808,-0.4821,-0.5,-0.4941,-0.4875,-0.48,-0.4718,-0.4631,-0.4539,-0.4446,-0.4352,-0.426,-0.4167,-0.4072,-0.3975,-0.388,-0.3795,-0.3728,-0.3677,-0.363,-0.3557,-0.3388,-0.297,-0.2286,-0.2261,-0.3738,-0.5816,-0.7686,-0.9095,-1.0402,-1.1688,-1.1101,-0.9369,-0.776,-0.6589,-0.5863,-0.5477,-0.5303]},{"header":{"la1":42.85,"la2":41.18,"lo1":11.55,"lo2":14.05,"nx":36,"ny":24,"dx":0.07143,"dy":0.07261,"parameterCategory":2,"parameterNumber":3,"parameterNumberName":"northward_wind","parameterUnit":"m.s-1"},"data":[-0.8027,-0.7984,-0.7928,-0.7856,-0.7771,-0.7679,-0.7588,-0.7511,-0.7451,-0.7405,-0.7357,-0.7288,-0.718,-0.7027,-0.6828,-0.6593,-0.6341,-0.6099,-0.5894,-0.5748,-0.5667,-0.5643,-0.5658,-0.5696,-0.5743,-0.5793,-0.5842,-0.5889,-0.5934,-0.5977,-0.6019,-0.606,-0.6101,-0.614,-0.6178,-0.6216,-0.8079,-0.8032,-0.7965,-0.7876,-0.7764,-0.7636,-0.7511,-0.7412,-0.7358,-0.7342,-0.7336,-0.7301,-0.7208,-0.7041,-0.6801,-0.65,-0.6163,-0.5835,-0.5566,-0.5396,-0.5333,-0.5353,-0.542,-0.5505,-0.5591,-0.5669,-0.574,-0.5803,-0.586,-0.5914,-0.5965,-0.6014,-0.6061,-0.6108,-0.6152,-0.6195,-0.8135,-0.8084,-0.8007,-0.7894,-0.774,-0.755,-0.7352,-0.7202,-0.7151,-0.7198,-0.7281,-0.7319,-0.7259,-0.7083,-0.679,-0.6394,-0.5925,-0.5452,-0.5076,-0.4879,-0.4867,-0.4979,-0.5137,-0.5294,-0.543,-0.5544,-0.5638,-0.5717,-0.5788,-0.5852,-0.5912,-0.597,-0.6025,-0.6079,-0.613,-0.6179,-0.8194,-0.8142,-0.8056,-0.7918,-0.7707,-0.7411,-0.7063,-0.6778,-0.6713,-0.6897,-0.7169,-0.7348,-0.7352,-0.7174,-0.6819,-0.6291,-0.5613,-0.4881,-0.4304,-0.4081,-0.4208,-0.4506,-0.4816,-0.5075,-0.5273,-0.5424,-0.5541,-0.5636,-0.5719,-0.5793,-0.5863,-0.5929,-0.5993,-0.6055,-0.6113,-0.6169,-0.8252,-0.8203,-0.8118,-0.7965,-0.7694,-0.724,-0.6593,-0.5956,-0.5805,-0.6311,-0.6992,-0.742,-0.7521,-0.7346,-0.6926,-0.6239,-0.5248,-0.4039,-0.3042,-0.2822,-0.3301,-0.3956,-0.4495,-0.4875,-0.5136,-0.5318,-0.5454,-0.5562,-0.5655,-0.5739,-0.5818,-0.5894,-0.5967,-0.6037,-0.6104,-0.6166,-0.8301,-0.8258,-0.8188,-0.8052,-0.7761,-0.715,-0.6021,-0.4544,-0.4051,-0.5356,-0.6846,-0.7617,-0.7807,-0.7634,-0.7169,-0.6343,-0.4977,-0.2982,-0.1116,-0.1,-0.2254,-0.3462,-0.4253,-0.4736,-0.5036,-0.5236,-0.5381,-0.5497,-0.5597,-0.5689,-0.5778,-0.5864,-0.5948,-0.6028,-0.6104,-0.6173,-0.8325,-0.8282,-0.8235,-0.8164,-0.7968,-0.7381,-0.5917,-0.3307,-0.2107,-0.4756,-0.714,-0.8081,-0.8247,-0.8057,-0.7606,-0.6758,-0.5184,-0.2493,0.0448,0.0375,-0.1722,-0.3307,-0.4196,-0.4691,-0.4986,-0.518,-0.5323,-0.544,-0.5545,-0.5645,-0.5744,-0.5842,-0.5938,-0.603,-0.6116,-0.6194,-0.8303,-0.8224,-0.8168,-0.8186,-0.8248,-0.8082,-0.7156,-0.5158,-0.4286,-0.6582,-0.8381,-0.888,-0.8814,-0.8593,-0.827,-0.7592,-0.617,-0.3781,-0.1236,-0.1035,-0.2493,-0.3667,-0.4345,-0.4734,-0.4976,-0.5144,-0.5275,-0.5389,-0.5497,-0.5606,-0.5717,-0.583,-0.5941,-0.6047,-0.6145,-0.6232,-0.8226,-0.803,-0.7828,-0.7821,-0.8247,-0.8905,-0.9243,-0.9187,-0.9503,-1.0261,-1.033,-0.9851,-0.9378,-0.9158,-0.9202,-0.8907,-0.7584,-0.574,-0.4147,-0.3562,-0.3826,-0.425,-0.4578,-0.481,-0.4981,-0.5116,-0.5233,-0.5342,-0.5454,-0.5573,-0.5699,-0.5831,-0.5961,-0.6085,-0.6197,-0.6294,-0.8127,-0.7716,-0.7087,-0.6582,-0.7299,-0.9288,-1.1078,-1.2471,-1.4018,-1.4368,-1.2458,-1.0681,-0.9751,-0.956,-1.0399,-1.0902,-0.876,-0.6794,-0.5541,-0.4877,-0.4646,-0.4642,-0.4728,-0.4847,-0.4973,-0.5091,-0.5197,-0.53,-0.5414,-0.5545,-0.5693,-0.585,-0.6006,-0.6152,-0.6281,-0.6387,-0.8105,-0.75,-0.6314,-0.4665,-0.5306,-0.9387,-1.2669,-1.4703,-1.7547,-1.8967,-1.4029,-1.0999,-0.9809,-0.9552,-1.0272,-1.0947,-0.8537,-0.6672,-0.5682,-0.5144,-0.484,-0.4708,-0.4713,-0.4813,-0.4956,-0.5086,-0.5182,-0.5268,-0.5378,-0.5525,-0.5703,-0.5896,-0.6088,-0.6263,-0.641,-0.6525,-0.8259,-0.7714,-0.6615,-0.5092,-0.5982,-1.0661,-1.4596,-1.6498,-1.6964,-1.696,-1.3232,-1.0623,-0.9669,-0.9633,-0.9317,-0.8485,-0.6983,-0.5687,-0.5183,-0.4879,-0.4614,-0.4482,-0.4526,-0.4725,-0.4989,-0.5173,-0.5228,-0.5256,-0.5345,-0.5512,-0.5735,-0.5984,-0.6226,-0.6438,-0.6604,-0.6722,-0.8572,-0.8324,-0.794,-0.7819,-0.9241,-1.2524,-1.6048,-1.7874,-1.754,-1.4415,-1.1672,-1.0044,-0.9495,-0.9736,-0.922,-0.7072,-0.5224,-0.491,-0.4875,-0.4419,-0.4082,-0.397,-0.4157,-0.4616,-0.5194,-0.5494,-0.5387,-0.5258,-0.5302,-0.5505,-0.5805,-0.6139,-0.6455,-0.6713,-0.6895,-0.7004,-0.891,-0.895,-0.9094,-0.9619,-1.0924,-1.3045,-1.5542,-1.781,-1.6665,-1.3021,-1.0631,-0.9788,-0.9624,-0.8791,-0.7618,-0.4118,-0.1252,-0.3205,-0.3996,-0.3569,-0.3085,-0.3006,-0.3499,-0.4386,-0.5471,-0.5956,-0.5536,-0.5192,-0.5214,-0.5503,-0.5937,-0.6411,-0.6832,-0.7144,-0.7327,-0.7399,-0.9157,-0.9351,-0.9684,-1.0277,-1.1228,-1.2478,-1.374,-1.4359,-1.3315,-1.1208,-0.9756,-0.9136,-0.8369,-0.6991,-0.6127,0.2072,1.0842,0.155,-0.2141,-0.2176,-0.1049,-0.111,-0.2372,-0.3735,-0.4973,-0.5535,-0.5176,-0.4883,-0.5029,-0.5515,-0.6186,-0.6885,-0.7461,-0.7823,-0.7965,-0.7945,-0.9278,-0.9515,-0.9853,-1.0328,-1.0938,-1.1589,-1.206,-1.2002,-1.1171,-0.9923,-0.909,-0.8889,-0.8549,-0.7598,-0.5622,0.1041,0.7034,0.0934,-0.2076,-0.0887,0.292,0.2002,-0.1055,-0.2822,-0.3762,-0.4153,-0.4129,-0.421,-0.47,-0.5562,-0.6645,-0.772,-0.852,-0.8893,-0.8891,-0.8673,-0.9289,-0.9508,-0.9785,-1.0118,-1.0477,-1.078,-1.0897,-1.0687,-1.0128,-0.9439,-0.9022,-0.8874,-0.9016,-0.8923,-0.6638,-0.3854,-0.2194,-0.3462,-0.4364,-0.1849,0.3365,0.2298,-0.0851,-0.2253,-0.2594,-0.2492,-0.2525,-0.3098,-0.4192,-0.5679,-0.7447,-0.9171,-1.0294,-1.054,-1.0169,-0.9577,-0.9222,-0.9402,-0.9606,-0.9822,-1.0019,-1.0141,-1.0125,-0.9926,-0.9569,-0.918,-0.8897,-0.8752,-0.9038,-0.8934,-0.7354,-0.6278,-0.5511,-0.6627,-0.8298,-0.5085,-0.1902,-0.1178,-0.1858,-0.2065,-0.1366,-0.0141,0.0053,-0.1433,-0.3524,-0.5888,-0.8691,-1.1531,-1.3102,-1.2863,-1.173,-1.055,-0.9109,-0.9246,-0.9387,-0.9518,-0.9616,-0.9649,-0.9587,-0.9419,-0.917,-0.8898,-0.8655,-0.8463,-0.8319,-0.7968,-0.769,-0.7715,-0.6633,-0.6874,-0.7494,-0.5885,-0.4365,-0.3277,-0.2751,-0.1997,-0.0111,0.3207,0.3897,0.0338,-0.2992,-0.6127,-1.0066,-1.4491,-1.6564,-1.5327,-1.313,-1.1319,-0.8972,-0.9069,-0.9161,-0.9234,-0.9273,-0.926,-0.9182,-0.9037,-0.8839,-0.8616,-0.8387,-0.8157,-0.7906,-0.7633,-0.7585,-0.7527,-0.6742,-0.6303,-0.6015,-0.5896,-0.5047,-0.4029,-0.3237,-0.2214,-0.0143,0.3666,0.4506,-0.0042,-0.3198,-0.622,-1.0426,-1.5649,-1.7988,-1.6199,-1.3555,-1.1533,-0.8825,-0.889,-0.8945,-0.8979,-0.8982,-0.8944,-0.8859,-0.8727,-0.8555,-0.8356,-0.8138,-0.7903,-0.7652,-0.7406,-0.7213,-0.6957,-0.6503,-0.6076,-0.5812,-0.559,-0.49,-0.4059,-0.3437,-0.2756,-0.1684,-0.0934,-0.221,-0.2802,-0.4066,-0.6132,-0.9205,-1.3158,-1.5289,-1.4458,-1.2646,-1.107,-0.8677,-0.8718,-0.8745,-0.8752,-0.8732,-0.868,-0.8592,-0.8467,-0.831,-0.8127,-0.7921,-0.7696,-0.7456,-0.721,-0.6959,-0.6667,-0.6306,-0.593,-0.558,-0.5152,-0.4429,-0.3582,-0.3255,-0.3175,-0.29,-0.3089,-0.3875,-0.3981,-0.5128,-0.6207,-0.775,-0.9992,-1.1607,-1.1771,-1.1064,-1.0183,-0.8535,-0.8556,-0.8563,-0.8551,-0.8517,-0.8455,-0.8365,-0.8246,-0.8099,-0.7928,-0.7735,-0.7523,-0.7295,-0.7052,-0.6792,-0.6502,-0.6173,-0.5814,-0.5413,-0.4887,-0.4102,-0.3172,-0.2959,-0.333,-0.3493,-0.3698,-0.4104,-0.5125,-0.6578,-0.6603,-0.7005,-0.814,-0.9214,-0.9684,-0.9597,-0.9237,-0.84,-0.8405,-0.8398,-0.8373,-0.8329,-0.8262,-0.8171,-0.8056,-0.7917,-0.7757,-0.7576,-0.7377,-0.716,-0.6927,-0.6675,-0.6397,-0.6089,-0.5746,-0.5347,-0.4846,-0.4204,-0.3562,-0.3375,-0.3627,-0.3891,-0.4187,-0.4729,-0.5791,-0.6769,-0.6679,-0.6731,-0.7291,-0.7952,-0.8387,-0.8521,-0.844]}]