docs/data/wind_grid.json
{"header": {"la1":42.1,"la2":41.55,"lo1":12.1,"lo2":12.95,"nx":50,"ny":50,"dx":0.01735,"dy":0.01122,"parameterCategory":2,"parameterNumber":2,"parameterNumberName":"eastward_wind","parameterUnit":"m.s-1"}, "data":
[rows 0 to 39 of 50, columns 0 to 49 of 50]
-0.6367,-0.6353,-0.634,-0.6329,-0.6319,-0.6312,-0.6307,-0.6305,-0.6305,-0.6308,-0.6316,-0.6327,-0.6344,-0.6368,-0.64,-0.6443,-0.6499,-0.6572,-0.6666,-0.6785,-0.6934,-0.7119,-0.7343,-0.7612,-0.7929,-0.8298,-0.872,-0.9196,-0.9726,-1.0307,-1.0934,-1.1603,-1.2301,-1.3018,-1.3734,-1.4431,-1.5084,-1.567,-1.6167,-1.6561,-1.6842,-1.7012,-1.7077,-1.7051,-1.6951,-1.6793,-1.6592,-1.6363,-1.6117,-1.5863
-0.632,-0.6304,-0.6289,-0.6275,-0.6263,-0.6253,-0.6245,-0.624,-0.6236,-0.6236,-0.6239,-0.6245,-0.6256,-0.6274,-0.6299,-0.6334,-0.6382,-0.6447,-0.6533,-0.6645,-0.6789,-0.6969,-0.7193,-0.7464,-0.7788,-0.8168,-0.8606,-0.9103,-0.9659,-1.0271,-1.0937,-1.1648,-1.2396,-1.3167,-1.3941,-1.4696,-1.5405,-1.604,-1.6575,-1.6991,-1.728,-1.7442,-1.7488,-1.7434,-1.7301,-1.7106,-1.687,-1.6608,-1.6331,-1.6048
-0.6273,-0.6255,-0.6237,-0.6222,-0.6207,-0.6195,-0.6184,-0.6175,-0.6168,-0.6164,-0.6162,-0.6163,-0.6168,-0.6179,-0.6197,-0.6223,-0.6263,-0.6318,-0.6395,-0.6498,-0.6634,-0.681,-0.7032,-0.7305,-0.7635,-0.8025,-0.8479,-0.8997,-0.958,-1.0226,-1.093,-1.1686,-1.2486,-1.3314,-1.4151,-1.497,-1.5741,-1.6429,-1.7005,-1.7446,-1.7742,-1.7894,-1.7916,-1.7829,-1.7657,-1.7423,-1.7148,-1.6849,-1.6539,-1.6228
-0.6227,-0.6206,-0.6187,-0.6168,-0.6152,-0.6136,-0.6123,-0.611,-0.61,-0.6092,-0.6085,-0.6081,-0.608,-0.6084,-0.6093,-0.6111,-0.614,-0.6185,-0.6251,-0.6344,-0.6472,-0.6641,-0.6859,-0.7133,-0.7469,-0.787,-0.834,-0.888,-0.949,-1.0169,-1.0913,-1.1716,-1.2569,-1.3457,-1.436,-1.5249,-1.6087,-1.6835,-1.7457,-1.7924,-1.8226,-1.8365,-1.8358,-1.8233,-1.8017,-1.7739,-1.7422,-1.7084,-1.674,-1.6399
-0.6181,-0.6158,-0.6136,-0.6115,-0.6096,-0.6078,-0.6062,-0.6047,-0.6033,-0.602,-0.6009,-0.6,-0.5992,-0.5988,-0.5989,-0.5997,-0.6015,-0.6048,-0.6102,-0.6183,-0.63,-0.6462,-0.6676,-0.695,-0.7291,-0.7702,-0.8189,-0.8751,-0.9389,-1.0101,-1.0884,-1.1733,-1.2641,-1.3592,-1.4565,-1.5528,-1.644,-1.7254,-1.7925,-1.8422,-1.8728,-1.8849,-1.881,-1.864,-1.8376,-1.805,-1.7688,-1.731,-1.6931,-1.656
-0.6135,-0.611,-0.6086,-0.6063,-0.6041,-0.6021,-0.6002,-0.5983,-0.5966,-0.595,-0.5934,-0.5919,-0.5905,-0.5894,-0.5885,-0.5882,-0.5888,-0.5908,-0.5948,-0.6015,-0.612,-0.6272,-0.648,-0.6754,-0.7099,-0.7522,-0.8025,-0.8609,-0.9275,-1.002,-1.0842,-1.1738,-1.2699,-1.3714,-1.4759,-1.5801,-1.6792,-1.7679,-1.8406,-1.8932,-1.9242,-1.9342,-1.9263,-1.9045,-1.8728,-1.835,-1.7941,-1.7522,-1.7108,-1.6707
-0.6089,-0.6062,-0.6036,-0.6011,-0.5987,-0.5964,-0.5942,-0.5921,-0.59,-0.588,-0.586,-0.584,-0.582,-0.58,-0.5782,-0.5768,-0.576,-0.5765,-0.5789,-0.5841,-0.5931,-0.6072,-0.6273,-0.6544,-0.6895,-0.7328,-0.7848,-0.8455,-0.9149,-0.9927,-1.0788,-1.1727,-1.2741,-1.3817,-1.4935,-1.6059,-1.7136,-1.8101,-1.8888,-1.9448,-1.9759,-1.9835,-1.9711,-1.9438,-1.9065,-1.8633,-1.8176,-1.7716,-1.7267,-1.6838
-0.6044,-0.6015,-0.5986,-0.5959,-0.5933,-0.5908,-0.5883,-0.5859,-0.5836,-0.5812,-0.5788,-0.5762,-0.5736,-0.5708,-0.568,-0.5654,-0.5632,-0.5621,-0.5627,-0.566,-0.5734,-0.586,-0.6053,-0.6322,-0.6677,-0.7122,-0.766,-0.8291,-0.9012,-0.9822,-1.0719,-1.17,-1.2762,-1.3896,-1.5085,-1.6292,-1.7458,-1.8508,-1.936,-1.9955,-2.0267,-2.0314,-2.0141,-1.981,-1.9377,-1.8891,-1.8386,-1.7886,-1.7404,-1.6949
-0.5999,-0.5968,-0.5938,-0.5908,-0.588,-0.5852,-0.5825,-0.5799,-0.5772,-0.5746,-0.5717,-0.5687,-0.5655,-0.5619,-0.5581,-0.5542,-0.5505,-0.5475,-0.5461,-0.5474,-0.5527,-0.5638,-0.582,-0.6087,-0.6447,-0.6905,-0.7462,-0.8117,-0.8866,-0.9707,-1.0637,-1.1654,-1.2758,-1.3945,-1.52,-1.6487,-1.7744,-1.8882,-1.9804,-2.0436,-2.0749,-2.0763,-2.0539,-2.0147,-1.9655,-1.9115,-1.8565,-1.8028,-1.7517,-1.7038
-0.5955,-0.5922,-0.5889,-0.5858,-0.5827,-0.5797,-0.5768,-0.574,-0.5711,-0.5681,-0.5649,-0.5615,-0.5576,-0.5533,-0.5485,-0.5433,-0.5379,-0.533,-0.5293,-0.5282,-0.5313,-0.5405,-0.5575,-0.5839,-0.6206,-0.6678,-0.7256,-0.7936,-0.8714,-0.9584,-1.0543,-1.159,-1.2728,-1.3957,-1.5268,-1.6629,-1.7974,-1.9202,-2.0197,-2.0869,-2.1182,-2.1163,-2.0886,-2.0435,-1.9886,-1.9297,-1.8706,-1.8136,-1.7599,-1.7101
-0.5911,-0.5876,-0.5841,-0.5808,-0.5775,-0.5743,-0.5712,-0.5682,-0.5651,-0.5618,-0.5583,-0.5545,-0.5501,-0.5451,-0.5393,-0.5328,-0.5257,-0.5186,-0.5124,-0.5085,-0.509,-0.516,-0.5318,-0.558,-0.5954,-0.6443,-0.7044,-0.7751,-0.8557,-0.9455,-1.0439,-1.1509,-1.2669,-1.3926,-1.528,-1.6703,-1.8128,-1.9443,-2.0512,-2.1225,-2.1539,-2.149,-2.1164,-2.0658,-2.0059,-1.9427,-1.8802,-1.8206,-1.765,-1.7136
-0.5868,-0.5831,-0.5794,-0.5758,-0.5724,-0.569,-0.5657,-0.5625,-0.5592,-0.5558,-0.5521,-0.5479,-0.5431,-0.5374,-0.5307,-0.5229,-0.514,-0.5046,-0.4956,-0.4886,-0.486,-0.4905,-0.5049,-0.5309,-0.5694,-0.6203,-0.683,-0.7566,-0.8402,-0.9325,-1.033,-1.1413,-1.2582,-1.3851,-1.5226,-1.6692,-1.8183,-1.9576,-2.0717,-2.1472,-2.1792,-2.1717,-2.1349,-2.0799,-2.016,-1.9496,-1.8847,-1.8233,-1.7664,-1.7142
-0.5826,-0.5786,-0.5747,-0.571,-0.5673,-0.5638,-0.5603,-0.5569,-0.5535,-0.5499,-0.546,-0.5416,-0.5365,-0.5302,-0.5227,-0.5137,-0.5031,-0.4913,-0.4792,-0.4686,-0.4623,-0.464,-0.4769,-0.503,-0.543,-0.5963,-0.6619,-0.7387,-0.8252,-0.92,-1.0219,-1.1307,-1.247,-1.3729,-1.5102,-1.6585,-1.8118,-1.9575,-2.0779,-2.1576,-2.1906,-2.1817,-2.1422,-2.0844,-2.018,-1.9498,-1.8836,-1.8215,-1.7641,-1.7116
-0.5784,-0.5742,-0.5701,-0.5662,-0.5623,-0.5586,-0.555,-0.5515,-0.548,-0.5443,-0.5403,-0.5358,-0.5304,-0.5237,-0.5155,-0.5054,-0.4931,-0.4788,-0.4634,-0.4488,-0.4383,-0.4366,-0.4479,-0.4746,-0.5167,-0.5728,-0.6417,-0.7218,-0.8113,-0.9085,-1.0115,-1.1197,-1.2339,-1.3566,-1.4908,-1.6375,-1.792,-1.9415,-2.0668,-2.1505,-2.1855,-2.1767,-2.1366,-2.0779,-2.0111,-1.9427,-1.8767,-1.8148,-1.7579,-1.7059
-0.5742,-0.5699,-0.5656,-0.5614,-0.5574,-0.5535,-0.5498,-0.5462,-0.5426,-0.5389,-0.5349,-0.5303,-0.5248,-0.518,-0.5092,-0.4981,-0.4843,-0.4677,-0.4488,-0.4296,-0.4142,-0.4085,-0.4183,-0.4463,-0.4911,-0.5507,-0.623,-0.7066,-0.7993,-0.8987,-1.0025,-1.1092,-1.2197,-1.3369,-1.4649,-1.6064,-1.7583,-1.9084,-2.0366,-2.1238,-2.1617,-2.1552,-2.1168,-2.0599,-1.9948,-1.9282,-1.8638,-1.8034,-1.7478,-1.697
-0.5702,-0.5656,-0.5611,-0.5567,-0.5525,-0.5484,-0.5446,-0.5409,-0.5373,-0.5337,-0.5298,-0.5253,-0.5198,-0.5129,-0.5039,-0.4922,-0.4771,-0.4584,-0.4361,-0.4119,-0.3905,-0.3801,-0.3888,-0.4189,-0.4675,-0.5309,-0.6068,-0.6938,-0.7896,-0.8913,-0.9956,-1.1002,-1.2057,-1.3152,-1.4339,-1.5665,-1.7117,-1.8585,-1.987,-2.0769,-2.1188,-2.1168,-2.083,-2.0305,-1.9694,-1.9064,-1.8451,-1.7873,-1.7339,-1.685
-0.5662,-0.5614,-0.5566,-0.552,-0.5476,-0.5434,-0.5395,-0.5357,-0.5321,-0.5286,-0.5248,-0.5206,-0.5154,-0.5086,-0.4996,-0.4876,-0.4718,-0.4513,-0.426,-0.3967,-0.3685,-0.3524,-0.3603,-0.3941,-0.4474,-0.5146,-0.5938,-0.684,-0.783,-0.887,-0.9916,-1.0938,-1.1932,-1.2931,-1.4001,-1.5202,-1.6546,-1.7942,-1.92,-2.0116,-2.0582,-2.0627,-2.036,-1.9904,-1.9355,-1.8778,-1.821,-1.767,-1.7166,-1.6702
-0.5623,-0.5572,-0.5523,-0.5474,-0.5428,-0.5384,-0.5344,-0.5306,-0.527,-0.5236,-0.5201,-0.5162,-0.5114,-0.5051,-0.4964,-0.4845,-0.4684,-0.4471,-0.4196,-0.3858,-0.3501,-0.327,-0.335,-0.3744,-0.4327,-0.5031,-0.5848,-0.6778,-0.7798,-0.8863,-0.9915,-1.091,-1.1836,-1.2728,-1.3658,-1.4707,-1.5908,-1.7197,-1.84,-1.9317,-1.9834,-1.9958,-1.9782,-1.9414,-1.8944,-1.8435,-1.7922,-1.7428,-1.6962,-1.6528
-0.5585,-0.5532,-0.5479,-0.5429,-0.538,-0.5335,-0.5292,-0.5254,-0.5219,-0.5187,-0.5155,-0.5121,-0.5079,-0.5022,-0.4942,-0.4829,-0.4672,-0.446,-0.4179,-0.3814,-0.339,-0.3081,-0.3171,-0.3634,-0.4257,-0.4975,-0.5804,-0.6754,-0.7803,-0.8895,-0.9957,-1.0927,-1.1784,-1.2562,-1.3341,-1.4219,-1.5253,-1.6406,-1.7528,-1.8431,-1.8992,-1.9201,-1.9125,-1.8857,-1.8477,-1.8045,-1.7596,-1.7154,-1.6731,-1.6331
-0.5548,-0.5492,-0.5437,-0.5384,-0.5332,-0.5285,-0.5241,-0.5202,-0.5167,-0.5137,-0.511,-0.5082,-0.5047,-0.4999,-0.4929,-0.4826,-0.4681,-0.4482,-0.4215,-0.386,-0.3409,-0.3037,-0.3145,-0.3657,-0.4281,-0.4982,-0.5806,-0.677,-0.7847,-0.8969,-1.0045,-1.0996,-1.1787,-1.245,-1.3075,-1.3775,-1.4631,-1.563,-1.665,-1.752,-1.8114,-1.8401,-1.8425,-1.8259,-1.7973,-1.7622,-1.7242,-1.6856,-1.6478,-1.6116
-0.5512,-0.5453,-0.5395,-0.5339,-0.5285,-0.5234,-0.5189,-0.5148,-0.5115,-0.5087,-0.5064,-0.5043,-0.5017,-0.498,-0.4923,-0.4835,-0.4707,-0.4531,-0.4302,-0.4006,-0.3622,-0.327,-0.3378,-0.3845,-0.4397,-0.5047,-0.585,-0.6821,-0.7925,-0.9081,-1.0179,-1.1118,-1.185,-1.2404,-1.288,-1.3406,-1.4083,-1.4923,-1.5828,-1.6647,-1.7254,-1.7604,-1.7716,-1.7646,-1.7451,-1.718,-1.6869,-1.654,-1.621,-1.5887
-0.5477,-0.5415,-0.5354,-0.5295,-0.5238,-0.5184,-0.5136,-0.5094,-0.506,-0.5034,-0.5017,-0.5003,-0.4988,-0.4965,-0.4923,-0.4853,-0.4747,-0.4601,-0.4422,-0.4223,-0.4015,-0.3841,-0.389,-0.4162,-0.4573,-0.5152,-0.5928,-0.6903,-0.8033,-0.9225,-1.035,-1.1286,-1.1969,-1.2427,-1.2766,-1.3131,-1.364,-1.4322,-1.5104,-1.5855,-1.6454,-1.6845,-1.7028,-1.704,-1.6928,-1.6732,-1.6487,-1.6215,-1.5931,-1.5648
-0.5443,-0.5379,-0.5315,-0.5251,-0.5191,-0.5133,-0.5082,-0.5037,-0.5003,-0.4979,-0.4966,-0.4961,-0.4959,-0.495,-0.4926,-0.4876,-0.4793,-0.4679,-0.4551,-0.4449,-0.4427,-0.4471,-0.444,-0.4487,-0.4762,-0.5276,-0.6028,-0.7006,-0.8161,-0.9388,-1.0544,-1.1484,-1.2131,-1.2507,-1.2729,-1.2954,-1.3311,-1.3845,-1.4503,-1.5172,-1.5742,-1.615,-1.6383,-1.6461,-1.6419,-1.629,-1.6105,-1.5885,-1.5647,-1.5402
-0.5411,-0.5344,-0.5276,-0.5209,-0.5144,-0.5082,-0.5026,-0.4979,-0.4942,-0.492,-0.4912,-0.4916,-0.4927,-0.4936,-0.493,-0.4901,-0.4842,-0.4757,-0.4667,-0.4624,-0.4689,-0.4802,-0.4749,-0.4714,-0.4925,-0.5403,-0.6142,-0.7124,-0.8298,-0.9556,-1.074,-1.1689,-1.2311,-1.2624,-1.2752,-1.2861,-1.3088,-1.3488,-1.4025,-1.4605,-1.5129,-1.5534,-1.5795,-1.5921,-1.5934,-1.5862,-1.573,-1.5558,-1.5362,-1.5153
-0.5381,-0.531,-0.5239,-0.5168,-0.5098,-0.5031,-0.497,-0.4918,-0.4878,-0.4855,-0.4851,-0.4866,-0.4893,-0.492,-0.4934,-0.4926,-0.489,-0.4828,-0.4762,-0.4738,-0.4795,-0.487,-0.484,-0.4842,-0.5056,-0.5529,-0.6264,-0.7248,-0.8433,-0.971,-1.0913,-1.1869,-1.2475,-1.2746,-1.2806,-1.2827,-1.2949,-1.3234,-1.3658,-1.4147,-1.4615,-1.4999,-1.527,-1.5426,-1.548,-1.5454,-1.5367,-1.5238,-1.508,-1.4905
-0.5353,-0.5279,-0.5204,-0.5128,-0.5054,-0.4981,-0.4914,-0.4855,-0.4809,-0.4784,-0.4784,-0.481,-0.4855,-0.4903,-0.4939,-0.4951,-0.4934,-0.4892,-0.4841,-0.4813,-0.4833,-0.4862,-0.4863,-0.4927,-0.5175,-0.5658,-0.6392,-0.7372,-0.8554,-0.9831,-1.1036,-1.1994,-1.259,-1.2837,-1.2859,-1.2822,-1.2866,-1.3056,-1.3381,-1.3783,-1.4188,-1.454,-1.4807,-1.4979,-1.5062,-1.5071,-1.5022,-1.4928,-1.4804,-1.466
-0.5327,-0.525,-0.5171,-0.5091,-0.5011,-0.4932,-0.4857,-0.479,-0.4736,-0.4706,-0.4706,-0.4743,-0.4811,-0.4886,-0.4945,-0.4975,-0.4974,-0.4947,-0.4908,-0.4876,-0.4869,-0.4877,-0.4905,-0.502,-0.53,-0.5793,-0.6523,-0.7489,-0.8651,-0.9905,-1.1093,-1.2039,-1.2629,-1.2871,-1.288,-1.2814,-1.2807,-1.2926,-1.3169,-1.3492,-1.3836,-1.415,-1.4402,-1.4578,-1.468,-1.4715,-1.4694,-1.4632,-1.4537,-1.442
-0.5304,-0.5224,-0.5141,-0.5057,-0.4971,-0.4885,-0.4801,-0.4724,-0.466,-0.4619,-0.4617,-0.4665,-0.476,-0.4871,-0.4956,-0.5,-0.5009,-0.4995,-0.4967,-0.494,-0.4926,-0.4934,-0.4986,-0.5135,-0.5438,-0.5937,-0.6655,-0.7595,-0.8717,-0.9928,-1.1076,-1.1996,-1.2581,-1.2831,-1.285,-1.2782,-1.275,-1.2819,-1.2998,-1.3254,-1.3541,-1.3816,-1.4048,-1.4221,-1.4332,-1.4385,-1.4387,-1.4349,-1.4279,-1.4186
-0.5283,-0.52,-0.5114,-0.5025,-0.4934,-0.4841,-0.4748,-0.4659,-0.4581,-0.4526,-0.4514,-0.4569,-0.4698,-0.4857,-0.4976,-0.5029,-0.5039,-0.5032,-0.5019,-0.5005,-0.5001,-0.5022,-0.5098,-0.5272,-0.5588,-0.6085,-0.6783,-0.7684,-0.8753,-0.99,-1.0989,-1.1871,-1.2448,-1.2716,-1.2762,-1.2712,-1.2676,-1.2717,-1.2849,-1.3052,-1.329,-1.3527,-1.3737,-1.3902,-1.4016,-1.408,-1.41,-1.4082,-1.4033,-1.396
-0.5266,-0.5181,-0.5092,-0.4999,-0.4902,-0.4802,-0.47,-0.4598,-0.4504,-0.4429,-0.4398,-0.4453,-0.462,-0.4845,-0.5005,-0.5061,-0.5064,-0.5059,-0.506,-0.5066,-0.5083,-0.5126,-0.5225,-0.5417,-0.5742,-0.623,-0.6902,-0.7756,-0.8758,-0.9828,-1.0846,-1.1681,-1.2246,-1.2536,-1.2619,-1.2601,-1.2577,-1.2607,-1.2709,-1.2872,-1.307,-1.3274,-1.3461,-1.3615,-1.3728,-1.38,-1.3832,-1.3829,-1.3798,-1.3743
-0.5252,-0.5165,-0.5073,-0.4977,-0.4875,-0.4769,-0.4658,-0.4545,-0.4433,-0.4335,-0.4278,-0.4318,-0.452,-0.4826,-0.5036,-0.509,-0.5081,-0.5077,-0.5091,-0.512,-0.5161,-0.523,-0.5352,-0.5561,-0.589,-0.6367,-0.7008,-0.7809,-0.8739,-0.9725,-1.0664,-1.1447,-1.1997,-1.2308,-1.2431,-1.2452,-1.2452,-1.2483,-1.2569,-1.2703,-1.287,-1.3047,-1.3213,-1.3356,-1.3466,-1.3541,-1.3581,-1.3591,-1.3574,-1.3535
-0.5242,-0.5153,-0.506,-0.496,-0.4856,-0.4744,-0.4626,-0.4503,-0.4376,-0.4255,-0.4168,-0.4182,-0.4402,-0.4789,-0.505,-0.5104,-0.5088,-0.5086,-0.5115,-0.5165,-0.5233,-0.5327,-0.5472,-0.5696,-0.6028,-0.6491,-0.7098,-0.7844,-0.8699,-0.9601,-1.0461,-1.1189,-1.1722,-1.205,-1.2211,-1.2273,-1.2302,-1.2344,-1.2423,-1.254,-1.2684,-1.2839,-1.2988,-1.3119,-1.3225,-1.3301,-1.3348,-1.3367,-1.3362,-1.3335
-0.5236,-0.5146,-0.5051,-0.495,-0.4843,-0.4729,-0.4606,-0.4476,-0.4339,-0.4203,-0.4094,-0.4082,-0.4299,-0.4726,-0.5024,-0.5092,-0.5084,-0.5093,-0.5136,-0.5205,-0.5296,-0.5415,-0.5581,-0.5818,-0.615,-0.6598,-0.7171,-0.7864,-0.8647,-0.9467,-1.0251,-1.0926,-1.1439,-1.1778,-1.1973,-1.2073,-1.2132,-1.2191,-1.2271,-1.2379,-1.2507,-1.2645,-1.2779,-1.2901,-1.3002,-1.3078,-1.3129,-1.3156,-1.316,-1.3144
-0.5234,-0.5144,-0.5048,-0.4947,-0.4839,-0.4723,-0.4599,-0.4467,-0.4327,-0.4188,-0.4074,-0.4055,-0.4256,-0.4659,-0.4962,-0.5057,-0.5073,-0.5099,-0.5157,-0.5243,-0.5354,-0.5494,-0.5678,-0.5926,-0.6258,-0.669,-0.723,-0.787,-0.8585,-0.933,-1.0044,-1.0668,-1.1159,-1.1506,-1.1726,-1.186,-1.1949,-1.2026,-1.2113,-1.2217,-1.2336,-1.2461,-1.2585,-1.2698,-1.2794,-1.287,-1.2924,-1.2956,-1.2968,-1.2962
-0.5236,-0.5146,-0.5051,-0.495,-0.4842,-0.4728,-0.4605,-0.4475,-0.4341,-0.421,-0.4109,-0.4103,-0.4282,-0.462,-0.4896,-0.5015,-0.5062,-0.5108,-0.5181,-0.5283,-0.541,-0.5566,-0.5765,-0.602,-0.635,-0.6766,-0.7274,-0.7866,-0.8519,-0.9196,-0.9847,-1.0424,-1.0892,-1.124,-1.1481,-1.1643,-1.1757,-1.1854,-1.195,-1.2054,-1.2168,-1.2285,-1.2401,-1.2507,-1.26,-1.2675,-1.2731,-1.2768,-1.2786,-1.2788
-0.5242,-0.5153,-0.5059,-0.496,-0.4854,-0.4742,-0.4624,-0.4501,-0.4377,-0.4263,-0.4185,-0.4196,-0.4351,-0.4618,-0.4852,-0.4984,-0.5056,-0.5124,-0.5211,-0.5324,-0.5464,-0.5634,-0.5843,-0.6103,-0.6429,-0.6829,-0.7307,-0.7854,-0.8452,-0.9068,-0.9662,-1.0196,-1.0642,-1.0988,-1.1243,-1.1426,-1.1563,-1.1677,-1.1783,-1.1891,-1.2003,-1.2116,-1.2225,-1.2327,-1.2416,-1.2491,-1.2549,-1.2589,-1.2613,-1.2621
-0.5252,-0.5164,-0.5072,-0.4976,-0.4874,-0.4767,-0.4655,-0.4542,-0.4432,-0.4338,-0.4283,-0.4306,-0.4437,-0.4644,-0.4838,-0.4971,-0.5062,-0.5146,-0.5246,-0.5369,-0.5518,-0.5698,-0.5914,-0.6177,-0.6497,-0.6881,-0.733,-0.7838,-0.8385,-0.8948,-0.9492,-0.9987,-1.0411,-1.0752,-1.1015,-1.1215,-1.137,-1.1499,-1.1616,-1.1729,-1.1841,-1.1951,-1.2057,-1.2155,-1.2243,-1.2317,-1.2376,-1.2419,-1.2448,-1.2462
-0.5266,-0.518,-0.5091,-0.4998,-0.49,-0.4799,-0.4696,-0.4594,-0.4499,-0.4424,-0.4388,-0.4417,-0.4526,-0.4688,-0.485,-0.4978,-0.5079,-0.5176,-0.5286,-0.5418,-0.5574,-0.5759,-0.598,-0.6243,-0.6556,-0.6924,-0.7347,-0.7818,-0.8322,-0.8837,-0.9337,-0.9798,-1.0199,-1.0533,-1.08,-1.1012,-1.1181,-1.1323,-1.145,-1.1568,-1.1682,-1.1791,-1.1895,-1.1991,-1.2077,-1.2151,-1.2212,-1.2258,-1.229,-1.2309
-0.5283,-0.52,-0.5114,-0.5025,-0.4933,-0.4838,-0.4744,-0.4654,-0.4573,-0.4514,-0.4492,-0.4524,-0.4614,-0.4744,-0.4881,-0.5002,-0.5108,-0.5214,-0.5332,-0.5469,-0.5631,-0.582,-0.6042,-0.6303,-0.6607,-0.696,-0.7358,-0.7796,-0.8261,-0.8735,-0.9197,-0.9626,-1.0007,-1.0331,-1.06,-1.0819,-1.0999,-1.1151,-1.1286,-1.141,-1.1526,-1.1636,-1.1739,-1.1834,-1.192,-1.1994,-1.2055,-1.2104,-1.214,-1.2163
-0.5304,-0.5224,-0.5142,-0.5057,-0.497,-0.4883,-0.4798,-0.4719,-0.4652,-0.4606,-0.4594,-0.4625,-0.47,-0.4808,-0.4926,-0.5039,-0.5148,-0.5259,-0.5382,-0.5524,-0.5688,-0.5879,-0.6101,-0.6358,-0.6653,-0.699,-0.7365,-0.7774,-0.8205,-0.8643,-0.907,-0.9471,-0.9832,-1.0147,-1.0413,-1.0636,-1.0824,-1.0985,-1.1127,-1.1255,-1.1374,-1.1485,-1.1589,-1.1684,-1.1769,-1.1843,-1.1906,-1.1957,-1.1996,-1.2023
