docs/data/wind_grid.json
[{"header":{"la1":42.85,"la2":41.18,"lo1":11.55,"lo2":14.05,"nx":36,"ny":24,"dx":0.07143,"dy":0.07261,"parameterCategory":2,"parameterNumber":2,"parameterNumberName":"eastward_wind","parameterUnit":"m.s-1"},"data":[0.6702,0.6746,0.6781,0.68,0.6794,0.6748,0.664,0.6449,0.6154,0.5742,0.5216,0.4587,0.3872,0.3091,0.2265,0.1426,0.0624,-0.0073,-0.0591,-0.0879,-0.0927,-0.0775,-0.0485,-0.0121,0.0266,0.0644,0.0996,0.1314,0.1596,0.1843,0.2058,0.2246,0.2409,0.2552,0.2677,0.2788,0.6897,0.6972,0.7045,0.7109,0.7156,0.7165,0.711,0.6951,0.6651,0.6189,0.5568,0.4813,0.3946,0.2988,0.1954,0.0873,-0.0194,-0.1139,-0.1826,-0.2153,-0.211,-0.178,-0.1285,-0.073,-0.0185,0.0316,0.0758,0.1142,0.1471,0.1751,0.199,0.2194,0.2368,0.2517,0.2647,0.276,0.7096,0.7206,0.7323,0.7444,0.7562,0.7657,0.7692,0.7602,0.7316,0.6792,0.6044,0.5123,0.4071,0.2903,0.1613,0.0205,-0.1259,-0.2609,-0.3579,-0.3946,-0.3704,-0.3047,-0.2219,-0.1389,-0.0638,0.0008,0.055,0.1002,0.1376,0.1686,0.1944,0.216,0.2341,0.2494,0.2626,0.274,0.7293,0.7441,0.7606,0.7793,0.8,0.8217,0.8402,0.8453,0.8218,0.7604,0.6664,0.5522,0.425,0.2851,0.1271,-0.0555,-0.2615,-0.4667,-0.6159,-0.6553,-0.5866,-0.4605,-0.3252,-0.2046,-0.1048,-0.0245,0.0396,0.0909,0.1321,0.1654,0.1925,0.2147,0.233,0.2484,0.2614,0.2726,0.7481,0.7666,0.7881,0.8134,0.844,0.881,0.9226,0.9545,0.9439,0.867,0.7417,0.5977,0.4467,0.285,0.0992,-0.1305,-0.4204,-0.7483,-1.0008,-1.0359,-0.8691,-0.6357,-0.4251,-0.2597,-0.1345,-0.04,0.0322,0.088,0.1316,0.1661,0.1936,0.2156,0.2336,0.2484,0.2609,0.2716,0.7654,0.7873,0.8132,0.8444,0.8835,0.9351,1.0039,1.0794,1.0959,0.9901,0.8179,0.6401,0.4676,0.2906,0.0872,-0.1796,-0.5616,-1.0741,-1.5203,-1.5313,-1.1754,-0.7872,-0.4936,-0.2886,-0.1448,-0.0413,0.0352,0.0928,0.1369,0.1711,0.1977,0.2188,0.2357,0.2494,0.261,0.2709,0.7807,0.8056,0.835,0.8704,0.9145,0.9726,1.0543,1.1611,1.2057,1.0716,0.8661,0.6673,0.4814,0.2994,0.0975,-0.1717,-0.5901,-1.2391,-1.891,-1.8684,-1.324,-0.8273,-0.4941,-0.2765,-0.1293,-0.0256,0.0499,0.1059,0.1481,0.1802,0.2048,0.2239,0.2389,0.251,0.2611,0.2699,0.7935,0.8209,0.8533,0.8918,0.938,0.9942,1.0621,1.1338,1.1543,1.0581,0.8826,0.6791,0.4827,0.3032,0.122,-0.1048,-0.4483,-0.978,-1.5229,-1.5345,-1.1055,-0.6959,-0.4115,-0.2202,-0.0878,0.0066,0.0756,0.1267,0.1646,0.193,0.2142,0.2302,0.2426,0.2525,0.2608,0.2683,0.8034,0.8329,0.8681,0.9099,0.9595,1.0175,1.0826,1.1455,1.1811,1.1307,0.943,0.6906,0.4637,0.2865,0.1369,-0.0275,-0.249,-0.5406,-0.81,-0.859,-0.6875,-0.4653,-0.2773,-0.1341,-0.0276,0.0516,0.1103,0.1537,0.1854,0.2085,0.225,0.2369,0.2458,0.2529,0.2591,0.2651,0.8099,0.8412,0.8789,0.9248,0.9808,1.05,1.141,1.2814,1.4936,1.5102,1.1166,0.6947,0.4041,0.2283,0.1187,0.0107,-0.1322,-0.292,-0.412,-0.4394,-0.3728,-0.2591,-0.1416,-0.04,0.0414,0.104,0.1508,0.1849,0.2089,0.2252,0.2358,0.2427,0.2474,0.2511,0.2549,0.2594,0.8125,0.8447,0.8843,0.9337,0.9966,1.0781,1.1885,1.3823,1.9363,2.216,1.2844,0.6268,0.2751,0.1047,0.0628,0.0059,-0.1283,-0.2859,-0.356,-0.3152,-0.2242,-0.1234,-0.0301,0.0487,0.1115,0.1593,0.1941,0.218,0.2331,0.2414,0.2449,0.2456,0.2453,0.2453,0.2466,0.2498,0.8108,0.8426,0.8822,0.9326,0.9988,1.0883,1.2106,1.3376,1.5596,1.7436,1.0268,0.4425,0.0984,-0.1557,0.0223,-0.0036,-0.2169,-0.5519,-0.6104,-0.382,-0.1745,-0.0343,0.0618,0.1304,0.18,0.2149,0.2378,0.2508,0.2559,0.2549,0.25,0.2434,0.2371,0.233,0.2322,0.2347,0.8047,0.8344,0.8713,0.9183,0.9799,1.0633,1.1875,1.546,1.0883,1.0244,0.6435,0.2139,0.0201,-0.0718,0.1786,0.0004,-0.3122,-1.0505,-1.0569,-0.4587,-0.1177,0.0557,0.1516,0.21,0.2471,0.2693,0.28,0.2813,0.2752,0.2634,0.2483,0.2326,0.2194,0.2111,0.2087,0.2119,0.7945,0.8207,0.8524,0.8914,0.9394,0.9959,1.0396,0.9465,0.9155,0.8082,0.5051,0.0387,-0.0978,0.0076,0.0591,-0.0257,-0.2365,-0.657,-0.6963,-0.2547,0.0356,0.1771,0.2491,0.2902,0.3126,0.321,0.3184,0.3071,0.2885,0.2639,0.2359,0.2086,0.187,0.1746,0.1724,0.1789,0.7815,0.803,0.828,0.8568,0.8886,0.9191,0.934,0.9136,0.8665,0.7995,0.6856,0.3877,0.0986,-0.1685,0.0359,-0.1116,-0.3426,-0.1774,-0.0805,0.1023,0.243,0.3055,0.3437,0.3676,0.3744,0.367,0.3499,0.3254,0.2934,0.2534,0.2082,0.1648,0.1322,0.1168,0.1186,0.1331,0.7667,0.7835,0.8018,0.8211,0.8397,0.8539,0.8577,0.8488,0.8493,0.9573,1.3545,0.6271,0.3809,0.129,0.141,0.0113,-0.1677,0.0964,0.2907,0.3629,0.3389,0.3599,0.4174,0.4392,0.429,0.4017,0.3688,0.3327,0.2881,0.2296,0.1594,0.091,0.0436,0.0285,0.0421,0.0726,0.7517,0.7641,0.7767,0.7887,0.7986,0.8044,0.805,0.8059,0.8341,0.9678,1.2645,0.8108,0.261,0.1013,0.3183,0.3792,0.3897,0.5418,0.6707,0.5917,0.3734,0.4076,0.5036,0.513,0.4704,0.4126,0.3649,0.3253,0.2734,0.1928,0.0838,-0.0264,-0.0946,-0.1,-0.0596,-0.0008,0.7373,0.7462,0.7546,0.7616,0.7663,0.7681,0.7675,0.7693,0.7846,0.8211,0.816,0.6119,0.2414,0.1949,0.6846,0.9067,0.8351,0.9094,0.9875,0.9528,0.7753,0.6801,0.6582,0.5955,0.4857,0.3762,0.3223,0.3013,0.2542,0.1493,-0.0184,-0.1979,-0.2919,-0.2672,-0.1775,-0.0773,0.7243,0.7306,0.736,0.7399,0.7418,0.7415,0.7396,0.7377,0.7371,0.7309,0.6939,0.6082,0.5403,0.7237,1.4419,1.7107,1.1885,1.121,1.2257,1.5515,1.2879,1.0145,0.8507,0.6862,0.4759,0.2844,0.2417,0.2693,0.2387,0.1152,-0.1201,-0.3891,-0.5055,-0.4284,-0.2777,-0.1357,0.713,0.7175,0.721,0.7231,0.7237,0.7225,0.7199,0.7161,0.7106,0.7002,0.6823,0.6697,0.7178,0.9438,1.4224,1.5799,1.2966,1.4025,2.1364,2.4849,1.7023,1.2879,1.0656,0.8197,0.5149,0.2662,0.2218,0.2506,0.2309,0.1121,-0.1482,-0.4595,-0.5843,-0.4822,-0.3072,-0.1503,0.7035,0.7068,0.7092,0.7106,0.7107,0.7096,0.7075,0.7046,0.7012,0.6979,0.6992,0.7191,0.7868,0.9343,1.1309,1.2269,1.2451,1.4353,1.866,2.0173,1.6984,1.5256,1.3946,1.0717,0.6534,0.3403,0.19,0.2029,0.2267,0.1456,-0.064,-0.3177,-0.436,-0.3764,-0.2426,-0.1112,0.6956,0.6982,0.7002,0.7014,0.7018,0.7015,0.7008,0.7003,0.701,0.7051,0.7174,0.7468,0.8051,0.8966,1.0014,1.0873,1.1739,1.3218,1.5136,1.6219,1.697,1.9538,2.0052,1.4864,0.8504,0.3677,0.1157,0.1714,0.2401,0.1998,0.0642,-0.101,-0.198,-0.1905,-0.1197,-0.0332,0.6892,0.6915,0.6934,0.6948,0.6958,0.6967,0.6978,0.7,0.7045,0.7135,0.7305,0.7605,0.8077,0.8718,0.9453,1.0219,1.1094,1.2214,1.3524,1.5028,1.7782,2.2862,2.4317,1.7867,1.0574,0.5522,0.3072,0.2803,0.2983,0.2651,0.1788,0.0755,0.0031,-0.0147,0.0114,0.0583,0.684,0.6863,0.6884,0.6902,0.692,0.6941,0.697,0.7014,0.7085,0.7202,0.7388,0.7668,0.8059,0.8558,0.9144,0.9805,1.0573,1.15,1.2641,1.4215,1.6764,2.0052,2.0634,1.6581,1.1378,0.7431,0.5184,0.4254,0.3841,0.3377,0.2728,0.2025,0.148,0.1225,0.1249,0.1455]},{"header":{"la1":42.85,"la2":41.18,"lo1":11.55,"lo2":14.05,"nx":36,"ny":24,"dx":0.07143,"dy":0.07261,"parameterCategory":2,"parameterNumber":3,"parameterNumberName":"northward_wind","parameterUnit":"m.s-1"},"data":[0.2989,0.3253,0.3556,0.3889,0.4235,0.4558,0.4812,0.4947,0.4925,0.4748,0.4451,0.4085,0.3698,0.332,0.2962,0.2629,0.2327,0.2067,0.1864,0.1728,0.1656,0.1635,0.1645,0.1665,0.1682,0.1688,0.1679,0.1654,0.1616,0.1566,0.1507,0.1441,0.1372,0.1301,0.1231,0.1163,0.3003,0.3319,0.3699,0.4141,0.4629,0.5118,0.553,0.5766,0.575,0.5475,0.5016,0.4478,0.3943,0.3446,0.2991,0.2569,0.2181,0.1845,0.1591,0.1442,0.1397,0.1427,0.1492,0.1561,0.1615,0.1645,0.165,0.1632,0.1594,0.1541,0.1476,0.1403,0.1326,0.1248,0.117,0.1096,0.2974,0.3342,0.3809,0.439,0.5081,0.5836,0.6535,0.6981,0.6989,0.6531,0.5778,0.4957,0.4209,0.3566,0.2998,0.2466,0.1955,0.1495,0.1155,0.0996,0.1013,0.114,0.1301,0.1445,0.1549,0.1609,0.1629,0.1615,0.1576,0.1516,0.1442,0.136,0.1273,0.1185,0.1099,0.1017,0.2884,0.3294,0.3846,0.4585,0.5548,0.6723,0.7955,0.8861,0.8956,0.8121,0.6796,0.5503,0.4466,0.3664,0.2986,0.2326,0.1633,0.0955,0.0453,0.029,0.0449,0.0764,0.1081,0.133,0.1496,0.1587,0.162,0.1607,0.1561,0.1491,0.1405,0.1309,0.121,0.111,0.1014,0.0924,0.2714,0.3139,0.375,0.4634,0.5908,0.768,0.9875,1.1832,1.222,1.0533,0.8054,0.6011,0.4641,0.3718,0.2971,0.2187,0.1236,0.016,-0.0678,-0.0821,-0.0338,0.0321,0.0871,0.1247,0.1475,0.1592,0.1629,0.161,0.1551,0.1465,0.1361,0.1249,0.1133,0.1019,0.0911,0.0812,0.2447,0.2846,0.3454,0.4403,0.5913,0.8327,1.1965,1.614,1.7425,1.3784,0.9184,0.6209,0.4617,0.371,0.2996,0.2146,0.0902,-0.0807,-0.2306,-0.2359,-0.1233,-0.0058,0.0755,0.1245,0.1512,0.1635,0.1662,0.1625,0.1544,0.1435,0.1309,0.1174,0.1038,0.0907,0.0786,0.0677,0.2085,0.2402,0.2914,0.3768,0.5244,0.7883,1.2591,1.9494,2.2389,1.5741,0.8986,0.5665,0.4293,0.3653,0.3126,0.2347,0.0976,-0.1261,-0.3526,-0.3453,-0.1645,-0.0086,0.0856,0.137,0.1626,0.1723,0.1721,0.1652,0.1539,0.1398,0.1242,0.1079,0.0919,0.0768,0.0631,0.0512,0.1644,0.1825,0.2145,0.2715,0.3761,0.5727,0.9403,1.5019,1.7203,1.1313,0.6177,0.4219,0.3742,0.3637,0.3425,0.2866,0.1731,-0.0181,-0.218,-0.2251,-0.081,0.0467,0.1234,0.1638,0.1816,0.1854,0.1801,0.1686,0.153,0.1348,0.1153,0.0956,0.0766,0.0591,0.0438,0.0309,0.1161,0.1175,0.1239,0.1403,0.1757,0.245,0.361,0.4816,0.433,0.2298,0.1685,0.241,0.3299,0.3845,0.3947,0.3622,0.2874,0.1746,0.0645,0.035,0.0823,0.1406,0.1804,0.2007,0.2063,0.2014,0.1893,0.1718,0.1508,0.1275,0.1033,0.0793,0.0567,0.0365,0.0194,0.0056,0.0687,0.053,0.0335,0.0089,-0.0226,-0.0657,-0.1379,-0.2991,-0.6101,-0.6948,-0.2862,0.1119,0.3443,0.4504,0.4734,0.4471,0.3918,0.3229,0.2612,0.2271,0.2231,0.2325,0.2403,0.2407,0.233,0.2185,0.1984,0.174,0.1465,0.117,0.0868,0.0576,0.0306,0.0073,-0.0117,-0.0261,0.0269,-0.003,-0.0437,-0.1002,-0.1794,-0.2892,-0.4378,-0.6795,-1.3306,-1.6574,-0.5859,0.1263,0.4542,0.5762,0.5736,0.5285,0.4664,0.4002,0.3533,0.3279,0.3136,0.3038,0.2933,0.2787,0.2592,0.2349,0.2064,0.1743,0.1391,0.1019,0.0643,0.0283,-0.0041,-0.0311,-0.0518,-0.066,-0.0056,-0.0449,-0.099,-0.1744,-0.28,-0.4227,-0.5894,-0.7244,-1.0007,-1.1614,-0.3325,0.3277,0.6367,0.7713,0.6407,0.5917,0.5098,0.3929,0.3512,0.366,0.3688,0.3583,0.3392,0.3137,0.2835,0.2497,0.2125,0.1718,0.1276,0.0808,0.0335,-0.0114,-0.0507,-0.0819,-0.1038,-0.1166,-0.0267,-0.0701,-0.1289,-0.2098,-0.3218,-0.4743,-0.6582,-0.7236,-0.7734,-0.4583,0.0963,0.6546,0.8409,0.7253,0.563,0.6593,0.5648,0.2835,0.2664,0.3829,0.4157,0.4104,0.3848,0.3478,0.3062,0.2626,0.2166,0.1666,0.1116,0.0521,-0.0087,-0.0659,-0.1145,-0.1503,-0.1721,-0.1812,-0.0366,-0.079,-0.1348,-0.2089,-0.3081,-0.4396,-0.6051,-0.7869,-0.6672,-0.2241,0.2723,0.9332,1.1564,1.3585,0.8591,0.8329,0.8349,0.5004,0.3922,0.455,0.4875,0.4821,0.4403,0.3834,0.327,0.2737,0.2197,0.16,0.0914,0.0143,-0.0663,-0.142,-0.2033,-0.244,-0.2628,-0.2635,-0.0367,-0.0744,-0.1219,-0.1814,-0.2549,-0.3415,-0.4285,-0.4645,-0.3461,-0.1195,0.0949,0.4263,0.8114,1.0835,0.8919,1.1413,1.6042,0.9322,0.6017,0.5628,0.6222,0.6096,0.5145,0.4183,0.3438,0.284,0.2254,0.156,0.0695,-0.0338,-0.1457,-0.2504,-0.3303,-0.3742,-0.3835,-0.3676,-0.0296,-0.0607,-0.0977,-0.1404,-0.1874,-0.2327,-0.2616,-0.2492,-0.1908,-0.1905,-0.4446,-0.0303,0.2447,0.6008,0.6644,0.9878,1.3356,0.8647,0.5902,0.6318,0.8754,0.8114,0.585,0.4364,0.3523,0.2983,0.2433,0.1643,0.0518,-0.0927,-0.2561,-0.409,-0.5156,-0.557,-0.5428,-0.496,-0.018,-0.0422,-0.0691,-0.0975,-0.1246,-0.1451,-0.1514,-0.1391,-0.1284,-0.1941,-0.3968,-0.1434,-0.0392,-0.0437,0.2917,0.4882,0.5898,0.4745,0.3851,0.5373,0.8962,0.8156,0.5577,0.4126,0.354,0.3346,0.2971,0.2028,0.0483,-0.161,-0.4094,-0.6439,-0.7874,-0.8087,-0.7437,-0.6445,-0.0043,-0.0224,-0.0411,-0.059,-0.0737,-0.0823,-0.082,-0.0748,-0.0732,-0.094,-0.1099,-0.0577,-0.1079,-0.1273,-0.0158,0.0233,0.1865,0.1989,0.1308,0.2809,0.4747,0.505,0.4115,0.3492,0.3669,0.4346,0.4312,0.2915,0.0661,-0.2332,-0.6097,-0.9751,-1.1619,-1.1243,-0.9687,-0.7952,0.0097,-0.0034,-0.016,-0.0269,-0.0347,-0.0377,-0.0355,-0.0299,-0.0256,-0.0246,-0.0192,-0.0107,-0.032,-0.1031,-0.4147,-0.5522,-0.0752,0.1105,0.1146,0.1283,0.207,0.2509,0.2435,0.2654,0.3918,0.6233,0.6671,0.3988,0.0856,-0.2937,-0.8108,-1.3381,-1.5574,-1.4215,-1.1569,-0.9105,0.023,0.0137,0.0053,-0.0012,-0.0051,-0.0055,-0.0027,0.0024,0.0079,0.0127,0.0161,0.0116,-0.0197,-0.1237,-0.3757,-0.446,-0.1248,0.0467,0.0351,0.0103,0.0649,0.0618,0.0588,0.1337,0.3244,0.6325,0.6948,0.3396,0.0539,-0.3151,-0.8762,-1.4726,-1.7008,-1.5209,-1.2167,-0.9474,0.035,0.0285,0.023,0.0191,0.0174,0.0181,0.0209,0.0253,0.03,0.0336,0.0336,0.0245,-0.0045,-0.0679,-0.1528,-0.158,-0.0559,0.0205,0.0252,0.0063,-0.0577,-0.1913,-0.2348,-0.0975,0.1066,0.2113,0.0837,0.0571,-0.0226,-0.289,-0.7409,-1.2239,-1.4409,-1.341,-1.1138,-0.8918,0.0455,0.0409,0.0373,0.035,0.0344,0.0355,0.038,0.0414,0.0447,0.0466,0.0449,0.0363,0.0169,-0.0138,-0.0421,-0.042,-0.0142,0.0042,-0.0134,-0.0867,-0.2908,-0.6405,-0.7392,-0.4252,-0.1127,-0.0149,-0.0879,-0.0565,-0.075,-0.2479,-0.5452,-0.8606,-1.0395,-1.0327,-0.9168,-0.7734,0.0545,0.0512,0.0488,0.0475,0.0474,0.0484,0.0504,0.0528,0.0549,0.0555,0.0533,0.0467,0.0347,0.019,0.0056,0.0004,-0.0009,-0.0151,-0.0653,-0.1923,-0.4826,-0.9455,-1.0669,-0.6442,-0.2587,-0.0906,-0.0638,-0.0646,-0.1024,-0.2176,-0.3992,-0.5914,-0.7216,-0.7555,-0.7143,-0.6369,0.062,0.0596,0.058,0.0572,0.0573,0.0581,0.0595,0.061,0.0621,0.0619,0.0596,0.0545,0.0463,0.0361,0.0257,0.0152,-0.0,-0.031,-0.0962,-0.226,-0.4579,-0.7427,-0.8087,-0.5676,-0.3,-0.1476,-0.0925,-0.0883,-0.1214,-0.197,-0.3072,-0.4244,-0.5136,-0.5541,-0.5483,-0.5122]}]