docs/data/wind_grid.json
[{"header":{"la1":42.85,"la2":41.18,"lo1":11.55,"lo2":14.05,"nx":36,"ny":24,"dx":0.07143,"dy":0.07261,"parameterCategory":2,"parameterNumber":2,"parameterNumberName":"eastward_wind","parameterUnit":"m.s-1"},"data":[2.8063,2.7723,2.7292,2.6776,2.6202,2.5621,2.5108,2.4739,2.4568,2.4597,2.4775,2.5023,2.5263,2.5435,2.5493,2.5397,2.5101,2.4552,2.3718,2.2636,2.1464,2.0467,1.9893,1.9821,2.0144,2.0676,2.1265,2.182,2.2307,2.2719,2.3063,2.3349,2.359,2.3795,2.3972,2.4127,2.8343,2.7966,2.7449,2.6784,2.5996,2.5156,2.4388,2.3841,2.363,2.3767,2.4149,2.4626,2.507,2.5406,2.559,2.5584,2.5319,2.469,2.3572,2.1937,2.002,1.8377,1.7578,1.7741,1.8527,1.952,2.0465,2.1265,2.191,2.2422,2.2828,2.3156,2.3424,2.3648,2.3839,2.4004,2.8753,2.8362,2.7761,2.691,2.5811,2.4548,2.3318,2.2419,2.2125,2.2477,2.3241,2.4101,2.4849,2.5408,2.5769,2.592,2.5789,2.5182,2.3767,2.125,1.7867,1.4867,1.3759,1.4648,1.6435,1.8216,1.9662,2.0752,2.156,2.2163,2.2623,2.2982,2.327,2.3508,2.3709,2.3883,2.9339,2.8993,2.8347,2.729,2.5758,2.3808,2.171,2.0057,1.9567,2.0404,2.1935,2.3445,2.4621,2.5451,2.6024,2.6418,2.6611,2.6338,2.4876,2.1114,1.4731,0.8531,0.7192,1.0234,1.4031,1.698,1.9004,2.0368,2.1303,2.1966,2.2456,2.2831,2.313,2.3375,2.3582,2.3761,3.0149,2.9967,2.9392,2.8172,2.6097,2.3093,1.9376,1.5975,1.4956,1.7027,2.018,2.2746,2.445,2.5541,2.6311,2.7007,2.7796,2.8557,2.8104,2.3326,1.1377,-0.2432,-0.2936,0.536,1.2154,1.6273,1.8708,2.0203,2.1173,2.184,2.2327,2.27,2.2998,2.3244,2.3453,2.3636,3.1202,3.1398,3.1162,2.9969,2.7323,2.2947,1.6613,0.9273,0.6691,1.2061,1.8359,2.2297,2.4458,2.5677,2.6526,2.7467,2.9018,3.1804,3.5022,3.1303,1.3656,-0.9237,-0.8227,0.4411,1.2399,1.6614,1.8926,2.0291,2.1166,2.1772,2.2224,2.2578,2.2867,2.311,2.3318,2.3503,3.2425,3.3322,3.3978,3.329,3.0112,2.4395,1.5686,0.3262,-0.2217,0.8527,1.7931,2.2573,2.4766,2.5831,2.6512,2.7445,2.9411,3.3868,4.1914,4.0402,2.3845,0.834,0.5221,1.0701,1.5278,1.7991,1.957,2.0549,2.1217,2.1716,2.2114,2.2444,2.2723,2.2962,2.317,2.3356,3.3551,3.5423,3.7895,3.8761,3.465,2.7716,1.9536,0.9674,0.5632,1.3266,2.0147,2.3715,2.5357,2.5912,2.6044,2.6605,2.8344,3.1809,3.6462,3.508,2.9088,2.4282,1.9513,1.8276,1.8849,1.9632,2.0261,2.0765,2.1202,2.16,2.1958,2.2275,2.2551,2.2789,2.2999,2.3187,3.4111,3.6588,4.1014,4.4654,3.8393,3.0708,2.4825,2.0196,1.8515,2.0309,2.3051,2.5161,2.6109,2.5829,2.4648,2.4407,2.6329,2.8797,3.0632,3.0941,3.2338,3.0987,2.5707,2.2512,2.1148,2.0627,2.0518,2.0665,2.097,2.1342,2.1713,2.2048,2.2337,2.2583,2.2797,2.299,3.3826,3.5663,3.8477,4.0165,3.574,3.142,2.7897,2.4939,2.2351,2.1857,2.4283,2.6424,2.7087,2.5934,2.166,1.9294,2.4272,2.7305,2.8702,2.9609,3.1035,3.0104,2.6592,2.3621,2.1596,2.0378,1.9891,1.9975,2.0379,2.0882,2.1356,2.1754,2.2073,2.2332,2.2552,2.2751,3.3052,3.379,3.3838,3.1964,3.1766,3.1285,2.9759,2.7278,2.0359,1.6893,2.4333,2.7805,2.8552,2.7559,2.2905,1.9348,2.4853,2.7401,2.8274,2.854,2.8519,2.7574,2.5403,2.2687,2.0084,1.8335,1.7894,1.8441,1.935,2.0217,2.0903,2.1402,2.1759,2.2027,2.2249,2.2455,3.2324,3.2559,3.2285,3.1465,3.1424,3.1613,3.2002,3.2147,2.6556,2.2232,2.712,2.9931,3.0284,2.9729,2.8588,2.6972,2.7516,2.8518,2.8769,2.8342,2.7564,2.6207,2.3869,2.0303,1.6074,1.3414,1.3847,1.592,1.7964,1.9455,2.0424,2.1021,2.1393,2.1649,2.1863,2.2078,3.1819,3.194,3.1874,3.1705,3.1725,3.2211,3.3695,3.596,3.3742,3.0234,3.0959,3.3181,3.2809,3.026,2.9831,2.8587,2.8611,2.9634,2.9634,2.8551,2.7281,2.5502,2.248,1.6938,0.8676,0.39,0.7404,1.2858,1.6653,1.8851,2.0036,2.0641,2.0952,2.1152,2.1346,2.1578,3.1494,3.1598,3.1639,3.1677,3.1855,3.2401,3.3518,3.4806,3.3989,3.2367,3.2951,3.6424,3.7348,3.4119,2.9905,2.6393,2.8258,2.9714,2.951,2.8462,2.6941,2.507,2.1842,1.4731,0.147,-0.638,0.2103,1.1212,1.6266,1.8737,1.9834,2.0236,2.0354,2.0438,2.0611,2.0895,3.1284,3.1391,3.1484,3.1603,3.1824,3.2226,3.2789,3.3197,3.3053,3.3036,3.3613,3.4115,3.3284,3.1116,2.9826,2.621,3.4948,3.1317,2.9707,2.7965,2.5817,2.4447,2.2368,1.6691,0.6104,-0.0353,0.5874,1.3304,1.7452,1.9264,1.9773,1.9654,1.9397,1.9316,1.9516,1.9945,3.1146,3.1258,3.1375,3.1521,3.1727,3.201,3.2332,3.2612,3.2918,3.3694,3.5253,3.4101,3.3344,3.2143,3.1259,3.1644,3.4404,3.201,3.0098,2.7063,2.2381,2.2719,2.3371,2.0813,1.6244,1.3467,1.5131,1.8069,1.9815,2.0185,1.9574,1.8526,1.7675,1.7453,1.7861,1.8639,3.1049,3.1166,3.1293,3.1443,3.1631,3.186,3.2123,3.2432,3.2889,3.3732,3.4956,3.4191,3.3595,3.3433,3.265,3.2514,3.2574,3.2216,3.1394,2.805,2.1996,2.2829,2.4747,2.4276,2.3066,2.2534,2.2806,2.2948,2.2422,2.1038,1.8782,1.6203,1.4476,1.4354,1.5441,1.6952,3.0977,3.1095,3.1225,3.1373,3.1549,3.1756,3.2001,3.2302,3.27,3.3205,3.3601,3.3577,3.366,3.3823,3.4503,3.4851,3.3721,3.3578,3.4453,3.152,2.8002,2.6817,2.7004,2.7065,2.7473,2.857,2.877,2.7152,2.475,2.1558,1.7032,1.1856,0.887,0.9625,1.2309,1.5071,3.0918,3.1035,3.1164,3.1309,3.1475,3.1667,3.1892,3.2157,3.2467,3.2795,3.3068,3.3283,3.3642,3.4702,3.8584,4.0285,3.5475,3.4067,3.4344,3.3591,3.1524,2.9888,2.9255,2.9294,3.047,3.3315,3.3931,3.0364,2.6571,2.1969,1.4865,0.5827,0.1298,0.4239,0.9376,1.3575,3.0866,3.098,3.1106,3.1245,3.1401,3.1579,3.1781,3.201,3.2262,3.2524,3.2791,3.311,3.3674,3.5027,3.8037,3.8953,3.5628,3.4242,3.5172,3.584,3.3319,3.1788,3.1109,3.0878,3.1644,3.4226,3.4847,3.1109,2.7686,2.2984,1.4799,0.3427,-0.2008,0.2292,0.8565,1.3283,3.0816,3.0927,3.1047,3.1179,3.1325,3.1488,3.1668,3.1867,3.2083,3.2315,3.2575,3.2908,3.3424,3.4284,3.5349,3.552,3.4566,3.4015,3.4454,3.4612,3.3735,3.347,3.3221,3.2308,3.1689,3.1636,3.0849,3.021,2.8534,2.5084,1.8543,0.9524,0.4532,0.6547,1.085,1.4533,3.0766,3.0872,3.0986,3.111,3.1245,3.1393,3.1554,3.1729,3.1919,3.2125,3.2359,3.2645,3.302,3.3481,3.3885,3.3949,3.3693,3.352,3.3631,3.3836,3.4486,3.6349,3.6857,3.4306,3.2026,3.0773,3.0054,3.0113,2.9822,2.8041,2.3617,1.7688,1.3609,1.313,1.4746,1.6773,3.0714,3.0815,3.0922,3.1037,3.1161,3.1295,3.1439,3.1593,3.1759,3.1937,3.2135,3.236,3.2615,3.2874,3.307,3.3128,3.3083,3.3076,3.324,3.3763,3.5314,3.8592,3.9602,3.5781,3.2555,3.0976,3.0443,3.0843,3.2165,3.1075,2.7366,2.3052,1.978,1.8357,1.8408,1.9165,3.0661,3.0756,3.0856,3.0962,3.1075,3.1195,3.1323,3.1458,3.1601,3.1752,3.1914,3.2085,3.2261,3.2422,3.2542,3.2604,3.2636,3.2712,3.2945,3.3537,3.4848,3.6798,3.7195,3.4941,3.256,3.1183,3.0728,3.127,3.2484,3.1618,2.8784,2.5678,2.3193,2.1709,2.1154,2.1213]},{"header":{"la1":42.85,"la2":41.18,"lo1":11.55,"lo2":14.05,"nx":36,"ny":24,"dx":0.07143,"dy":0.07261,"parameterCategory":2,"parameterNumber":3,"parameterNumberName":"northward_wind","parameterUnit":"m.s-1"},"data":[1.3595,1.3277,1.288,1.2408,1.1879,1.1333,1.0829,1.0432,1.018,1.006,1.0011,0.9943,0.9772,0.9439,0.8916,0.82,0.731,0.629,0.5201,0.4134,0.3222,0.2636,0.2528,0.2919,0.3694,0.4675,0.571,0.6705,0.7615,0.8424,0.9134,0.9752,1.029,1.0758,1.1166,1.1521,1.3818,1.3468,1.3,1.2406,1.1699,1.0936,1.0219,0.9677,0.9408,0.9405,0.9546,0.9665,0.962,0.9326,0.8747,0.7881,0.6753,0.5417,0.3943,0.242,0.102,0.0075,-0.0062,0.0659,0.1945,0.3432,0.4878,0.6176,0.7298,0.8254,0.9064,0.9752,1.0337,1.0836,1.1265,1.1634,1.4133,1.3766,1.3228,1.2481,1.1516,1.0391,0.9271,0.8426,0.8111,0.8346,0.8869,0.9337,0.9518,0.9307,0.8673,0.762,0.6182,0.4436,0.2467,0.0298,-0.1967,-0.368,-0.3864,-0.2419,-0.0178,0.21,0.4093,0.5744,0.7089,0.8186,0.9086,0.983,1.0451,1.0973,1.1415,1.1791,1.457,1.4226,1.3645,1.2733,1.1413,0.9695,0.7791,0.6254,0.5793,0.6556,0.787,0.8974,0.9519,0.944,0.8754,0.7471,0.562,0.3329,0.0797,-0.2106,-0.5885,-0.9453,-0.9661,-0.6467,-0.2491,0.0898,0.3518,0.5516,0.7056,0.8263,0.9226,1.0006,1.0646,1.1177,1.1622,1.1996,1.5157,1.4914,1.4374,1.3341,1.1599,0.8981,0.5576,0.2343,0.1396,0.348,0.6494,0.8679,0.9722,0.9808,0.9075,0.7528,0.5113,0.1987,-0.1177,-0.4277,-1.0007,-1.7946,-1.7732,-1.0688,-0.4247,0.0266,0.3386,0.5615,0.7264,0.8522,0.9506,1.0291,1.0929,1.1453,1.1888,1.2252,1.59,1.5888,1.5564,1.4574,1.2467,0.8761,0.2915,-0.4303,-0.6865,-0.1254,0.5123,0.8759,1.0281,1.0495,0.9738,0.7971,0.4894,0.0315,-0.4293,-0.5945,-1.0719,-2.2746,-2.1756,-1.1628,-0.4094,0.0708,0.3897,0.6127,0.7755,0.8983,0.9936,1.0692,1.1303,1.1803,1.2216,1.2559,1.6749,1.7138,1.7341,1.6732,1.4482,1.0014,0.2126,-1.0375,-1.613,-0.456,0.5319,0.9726,1.1323,1.1531,1.0807,0.9043,0.5648,-0.0334,-0.7915,-0.7818,-0.6468,-1.1796,-1.2316,-0.6808,-0.1534,0.2323,0.5069,0.7054,0.8524,0.9641,1.0511,1.1204,1.1766,1.2225,1.2605,1.2919,1.7552,1.8456,1.959,1.9905,1.7569,1.303,0.6352,-0.3202,-0.7275,0.1425,0.8696,1.1778,1.2782,1.2817,1.2215,1.0793,0.7909,0.2876,-0.2972,-0.3411,-0.1515,-0.2016,-0.2479,-0.0748,0.2022,0.4622,0.6709,0.8306,0.9523,1.0466,1.1212,1.1815,1.2308,1.2715,1.3052,1.3328,1.8078,1.9297,2.1259,2.2788,2.0013,1.6052,1.2437,0.9479,0.9284,1.1891,1.3722,1.4299,1.4328,1.4097,1.3692,1.2858,1.0785,0.7423,0.3941,0.1863,0.0315,0.0576,0.1863,0.3415,0.527,0.7066,0.8572,0.9756,1.0679,1.1411,1.2008,1.2504,1.2919,1.3266,1.3553,1.3786,1.8207,1.9243,2.0598,2.1355,1.9758,1.7724,1.6458,1.6917,1.9575,2.0805,1.8345,1.6438,1.5581,1.5097,1.4765,1.4582,1.2947,1.0425,0.7785,0.5034,0.2194,0.2471,0.4654,0.6521,0.8116,0.9461,1.051,1.1299,1.1913,1.2422,1.2862,1.3249,1.3586,1.3872,1.4107,1.4294,1.8071,1.8806,1.9515,1.9943,1.9688,1.8533,1.8344,2.0049,2.6348,2.9786,2.1416,1.7585,1.635,1.5839,1.5301,1.4928,1.3799,1.1655,0.9778,0.8295,0.6994,0.6929,0.8084,0.9511,1.0827,1.1837,1.2471,1.2856,1.3153,1.3443,1.3739,1.403,1.4299,1.453,1.4716,1.4853,1.7831,1.8399,1.9038,1.9691,1.949,1.8689,1.885,1.9665,2.2924,2.5414,2.0363,1.7611,1.6657,1.6182,1.6171,1.5848,1.4126,1.0339,0.8841,0.9831,1.0279,1.0596,1.1289,1.2327,1.3472,1.4247,1.4421,1.4341,1.432,1.442,1.4609,1.4836,1.506,1.5249,1.5388,1.5471,1.7545,1.7961,1.8388,1.8689,1.8607,1.8476,1.8831,1.9168,1.9378,1.9553,1.8236,1.7359,1.7053,1.6234,1.6749,1.8009,1.5416,0.4533,0.3821,1.0239,1.2484,1.3323,1.3871,1.4673,1.5887,1.6613,1.6197,1.5602,1.5323,1.5312,1.5459,1.5673,1.5887,1.6053,1.6146,1.6166,1.725,1.7533,1.7786,1.7947,1.8002,1.8127,1.8484,1.8867,1.8648,1.7787,1.704,1.7293,1.7651,1.9357,1.9205,2.3636,2.0237,1.1326,0.8928,1.2851,1.5205,1.6065,1.6101,1.6313,1.7353,1.8095,1.7257,1.6428,1.61,1.611,1.6307,1.658,1.683,1.6988,1.7028,1.696,1.6978,1.717,1.7333,1.7448,1.7534,1.7649,1.7806,1.7831,1.7352,1.6347,1.5561,1.5748,1.5965,1.3607,1.9501,2.4818,1.9444,1.7234,1.5529,1.7045,1.9663,1.9956,1.845,1.7427,1.7449,1.7727,1.7289,1.6827,1.6699,1.6858,1.7212,1.7637,1.7986,1.8147,1.8097,1.7888,1.6741,1.6874,1.6984,1.7063,1.7115,1.7143,1.7104,1.6866,1.6217,1.4927,1.2897,1.3841,1.4719,1.569,1.774,1.9343,1.8668,1.79,1.7834,2.0763,2.7212,2.5662,2.0795,1.8399,1.7576,1.7375,1.7229,1.714,1.7248,1.7628,1.8265,1.8995,1.9534,1.9676,1.9437,1.8979,1.6538,1.6631,1.6702,1.6746,1.6755,1.6712,1.6575,1.6261,1.5651,1.4578,1.3133,1.3866,1.44,1.4601,1.6153,1.7146,1.7506,1.7574,1.8155,2.1208,2.836,2.6503,2.1316,1.8811,1.7853,1.7577,1.7517,1.7545,1.7789,1.8439,1.9566,2.0896,2.1781,2.1789,2.1126,2.0224,1.6365,1.6428,1.6472,1.6487,1.6466,1.6391,1.6233,1.5955,1.5524,1.4964,1.4528,1.454,1.4375,1.4328,1.4619,1.4882,1.6194,1.7155,1.7245,1.9047,2.1607,2.1708,1.9897,1.8515,1.7971,1.7986,1.8035,1.7972,1.8223,1.9194,2.114,2.3643,2.5119,2.4633,2.3095,2.1502,1.6218,1.6261,1.6284,1.6282,1.6246,1.6165,1.6025,1.5814,1.5537,1.5239,1.5009,1.4876,1.469,1.4186,1.1923,1.0887,1.4876,1.7091,1.7852,1.9226,1.942,1.9166,1.8492,1.7958,1.7988,1.8589,1.8757,1.8282,1.8392,1.9638,2.2621,2.6962,2.9229,2.7642,2.484,2.2496,1.6094,1.6122,1.6133,1.6122,1.6083,1.601,1.5898,1.5746,1.5564,1.5378,1.5212,1.5051,1.4787,1.4085,1.2302,1.1847,1.4811,1.7357,2.021,2.1355,1.9144,1.795,1.7351,1.7276,1.7745,1.8664,1.8881,1.8174,1.8154,1.9394,2.2818,2.8241,3.0953,2.8716,2.5374,2.2787,1.5989,1.6008,1.6012,1.5998,1.5962,1.5902,1.5816,1.5707,1.5582,1.5453,1.5325,1.5181,1.4961,1.457,1.4086,1.4275,1.5555,1.7231,1.9032,1.9517,1.7946,1.6377,1.5765,1.6214,1.7064,1.7764,1.7937,1.7699,1.7428,1.8232,2.0975,2.5228,2.7646,2.6557,2.4254,2.223,1.5901,1.5914,1.5915,1.5902,1.5872,1.5824,1.576,1.5682,1.5594,1.5503,1.5409,1.5306,1.518,1.5038,1.4987,1.5249,1.5905,1.6747,1.7415,1.7284,1.5873,1.3629,1.2962,1.4619,1.6239,1.7272,1.794,1.7297,1.5866,1.6127,1.823,2.1115,2.3075,2.3226,2.2298,2.1141,1.5827,1.5837,1.5837,1.5826,1.5802,1.5767,1.572,1.5664,1.5603,1.554,1.5477,1.5416,1.5362,1.5337,1.5395,1.5601,1.595,1.6318,1.6459,1.5996,1.4442,1.1731,1.097,1.346,1.5503,1.6528,1.6742,1.5322,1.2841,1.3589,1.5979,1.8316,1.9948,2.059,2.0463,1.9965,1.5765,1.5773,1.5774,1.5765,1.5748,1.5722,1.5689,1.565,1.5609,1.5567,1.553,1.55,1.5486,1.5504,1.5575,1.5712,1.5891,1.6023,1.5959,1.5484,1.438,1.2873,1.2511,1.3843,1.5191,1.5846,1.5665,1.4239,1.2424,1.312,1.5117,1.6924,1.8209,1.8903,1.9094,1.896]}]