docs/data/wind_grid.json
[{"header":{"la1":42.85,"la2":41.18,"lo1":11.55,"lo2":14.05,"nx":36,"ny":24,"dx":0.07143,"dy":0.07261,"parameterCategory":2,"parameterNumber":2,"parameterNumberName":"eastward_wind","parameterUnit":"m.s-1"},"data":[-0.3133,-0.3214,-0.3304,-0.3401,-0.3499,-0.3588,-0.3656,-0.369,-0.368,-0.363,-0.3554,-0.347,-0.3397,-0.3346,-0.3319,-0.3313,-0.3323,-0.334,-0.3357,-0.3368,-0.3369,-0.336,-0.3343,-0.3319,-0.3291,-0.3259,-0.3227,-0.3193,-0.316,-0.3128,-0.3096,-0.3066,-0.3037,-0.301,-0.2983,-0.2959,-0.3157,-0.3254,-0.3367,-0.3495,-0.3633,-0.3767,-0.3877,-0.3935,-0.3921,-0.3835,-0.3706,-0.3569,-0.3456,-0.3381,-0.3347,-0.3346,-0.3369,-0.34,-0.3428,-0.3444,-0.3446,-0.3433,-0.3409,-0.3377,-0.3341,-0.3303,-0.3263,-0.3224,-0.3185,-0.3148,-0.3113,-0.3079,-0.3047,-0.3017,-0.2989,-0.2962,-0.3173,-0.3288,-0.3427,-0.3595,-0.379,-0.3999,-0.4188,-0.4301,-0.4286,-0.4137,-0.3911,-0.3684,-0.3509,-0.3404,-0.3364,-0.3376,-0.3419,-0.3473,-0.3518,-0.3541,-0.354,-0.3519,-0.3484,-0.3442,-0.3396,-0.3348,-0.3301,-0.3255,-0.321,-0.3168,-0.3129,-0.3091,-0.3056,-0.3023,-0.2992,-0.2963,-0.3177,-0.3307,-0.3473,-0.3687,-0.396,-0.4286,-0.4626,-0.4867,-0.487,-0.4598,-0.4187,-0.3807,-0.3543,-0.3402,-0.3364,-0.3399,-0.3477,-0.3566,-0.3636,-0.3665,-0.3654,-0.3618,-0.3569,-0.3513,-0.3454,-0.3396,-0.3339,-0.3285,-0.3234,-0.3187,-0.3143,-0.3101,-0.3063,-0.3027,-0.2994,-0.2963,-0.3164,-0.3304,-0.3491,-0.3749,-0.4109,-0.4604,-0.5216,-0.5759,-0.5843,-0.5308,-0.4533,-0.3906,-0.3527,-0.3357,-0.3335,-0.3411,-0.3542,-0.3684,-0.3785,-0.3814,-0.3785,-0.3728,-0.366,-0.3587,-0.3514,-0.3443,-0.3376,-0.3314,-0.3256,-0.3203,-0.3155,-0.3109,-0.3067,-0.3028,-0.2992,-0.2959,-0.313,-0.3271,-0.3465,-0.3745,-0.4172,-0.4844,-0.586,-0.704,-0.7392,-0.6276,-0.484,-0.3893,-0.3417,-0.3247,-0.3266,-0.3404,-0.3607,-0.3813,-0.3945,-0.3961,-0.3909,-0.3835,-0.3752,-0.3664,-0.3575,-0.349,-0.3411,-0.334,-0.3276,-0.3217,-0.3164,-0.3115,-0.3069,-0.3027,-0.2988,-0.2952,-0.3076,-0.3206,-0.3385,-0.3648,-0.4069,-0.4794,-0.609,-0.803,-0.8859,-0.6865,-0.4744,-0.3628,-0.3164,-0.3053,-0.3148,-0.3372,-0.3652,-0.3903,-0.4028,-0.4031,-0.3997,-0.3937,-0.3848,-0.3742,-0.3634,-0.3533,-0.3442,-0.3362,-0.3291,-0.3228,-0.317,-0.3116,-0.3067,-0.3021,-0.2979,-0.2941,-0.3005,-0.3115,-0.326,-0.3464,-0.3778,-0.4311,-0.5282,-0.6792,-0.7364,-0.5557,-0.3846,-0.304,-0.2761,-0.2771,-0.2975,-0.3314,-0.3695,-0.3976,-0.4063,-0.4083,-0.411,-0.4068,-0.396,-0.3824,-0.3689,-0.3569,-0.3466,-0.3378,-0.3302,-0.3234,-0.3172,-0.3115,-0.3061,-0.3011,-0.2966,-0.2925,-0.2926,-0.3012,-0.3117,-0.3247,-0.3409,-0.3617,-0.3877,-0.4075,-0.376,-0.2949,-0.244,-0.2273,-0.2267,-0.2408,-0.2738,-0.3253,-0.3834,-0.427,-0.4436,-0.4457,-0.4418,-0.4291,-0.4104,-0.3909,-0.3736,-0.3594,-0.348,-0.3387,-0.3309,-0.3238,-0.3172,-0.3109,-0.305,-0.2995,-0.2945,-0.2901,-0.2847,-0.2914,-0.2989,-0.3066,-0.3127,-0.312,-0.2918,-0.2251,-0.0976,-0.0384,-0.1068,-0.1575,-0.1764,-0.1955,-0.2398,-0.3194,-0.4209,-0.5075,-0.5444,-0.5338,-0.5009,-0.4624,-0.4268,-0.3978,-0.3759,-0.3599,-0.3481,-0.339,-0.3312,-0.3239,-0.3168,-0.3099,-0.3032,-0.297,-0.2915,-0.2868,-0.2771,-0.2829,-0.2894,-0.2964,-0.3024,-0.3034,-0.2849,-0.1927,0.0977,0.2328,-0.0171,-0.1153,-0.1294,-0.1336,-0.1842,-0.3105,-0.5008,-0.6879,-0.7524,-0.6851,-0.5831,-0.4985,-0.4387,-0.399,-0.3737,-0.3576,-0.3469,-0.3389,-0.3316,-0.3242,-0.3164,-0.3083,-0.3004,-0.2933,-0.2871,-0.2821,-0.2701,-0.2755,-0.2825,-0.292,-0.3057,-0.3267,-0.3581,-0.3626,-0.127,0.062,-0.0615,-0.1051,-0.0884,-0.0472,-0.1007,-0.2989,-0.65,-1.0952,-1.1747,-0.9019,-0.6624,-0.5166,-0.4339,-0.3885,-0.3646,-0.3521,-0.345,-0.3394,-0.3331,-0.3252,-0.3159,-0.3059,-0.2962,-0.2876,-0.2807,-0.2755,-0.263,-0.2683,-0.276,-0.2879,-0.3083,-0.3461,-0.4167,-0.5092,-0.4077,-0.1988,-0.1275,-0.1035,-0.0771,-0.0188,-0.0648,-0.3197,-0.8066,-1.7217,-1.7343,-1.0515,-0.668,-0.4837,-0.398,-0.3611,-0.3478,-0.3448,-0.3445,-0.3427,-0.3372,-0.3278,-0.3156,-0.3022,-0.2895,-0.2789,-0.2712,-0.2661,-0.2556,-0.2603,-0.2674,-0.2791,-0.299,-0.3337,-0.3896,-0.4493,-0.3893,-0.2244,-0.133,-0.098,-0.0844,-0.0164,-0.1372,-0.4203,-0.7941,-1.2971,-1.3464,-0.8549,-0.5227,-0.3712,-0.3222,-0.3166,-0.3266,-0.3398,-0.3497,-0.3523,-0.3464,-0.3331,-0.3149,-0.2954,-0.278,-0.2649,-0.2568,-0.2528,-0.2476,-0.251,-0.2563,-0.2646,-0.2778,-0.2971,-0.319,-0.3223,-0.2648,-0.1669,-0.1041,-0.088,-0.0624,-0.0065,-0.1791,-0.6572,-1.079,-0.8347,-0.7122,-0.4705,-0.2413,-0.1763,-0.2138,-0.2649,-0.3101,-0.3459,-0.3683,-0.3741,-0.3642,-0.3419,-0.3126,-0.2826,-0.258,-0.2422,-0.235,-0.2341,-0.2392,-0.2409,-0.2434,-0.2472,-0.2521,-0.2564,-0.2543,-0.2334,-0.1816,-0.1062,-0.0321,-0.0839,-0.075,-0.0699,-0.1939,-0.5657,-0.8772,-0.5963,-0.3782,-0.1655,0.0877,0.0483,-0.1129,-0.2287,-0.3141,-0.3771,-0.4122,-0.4165,-0.3947,-0.3546,-0.305,-0.2573,-0.2224,-0.2053,-0.203,-0.2089,-0.2308,-0.2306,-0.2304,-0.2299,-0.2283,-0.2233,-0.2109,-0.1853,-0.1435,-0.0884,-0.0366,-0.053,-0.006,0.0202,-0.1001,-0.2432,-0.3321,-0.2303,-0.1048,-0.0328,0.1364,0.0846,-0.0898,-0.2332,-0.3565,-0.4529,-0.4987,-0.4895,-0.4419,-0.3702,-0.2862,-0.209,-0.1608,-0.148,-0.1585,-0.1775,-0.2227,-0.2208,-0.2184,-0.2148,-0.2092,-0.1999,-0.1846,-0.1614,-0.1302,-0.0957,-0.0675,-0.0435,0.0203,0.0448,0.0473,0.0421,-0.0414,0.0358,0.1607,0.0392,0.0094,-0.0282,-0.1332,-0.2767,-0.4453,-0.5938,-0.6444,-0.5971,-0.5052,-0.387,-0.25,-0.1267,-0.0645,-0.069,-0.1049,-0.1438,-0.2153,-0.2122,-0.2081,-0.2026,-0.195,-0.1842,-0.1691,-0.1493,-0.1254,-0.0999,-0.0746,-0.045,-0.0018,0.073,0.3096,0.4071,0.1231,0.0769,0.1236,0.0605,0.001,-0.0635,-0.1614,-0.3206,-0.5481,-0.7741,-0.8201,-0.711,-0.5741,-0.4076,-0.2065,-0.0243,0.0467,0.0104,-0.0582,-0.1175,-0.2089,-0.2048,-0.1998,-0.1932,-0.1848,-0.1738,-0.1599,-0.1429,-0.1232,-0.1017,-0.0777,-0.0475,-0.001,0.0926,0.2806,0.335,0.1408,0.0608,0.077,0.0883,0.0238,-0.0416,-0.1367,-0.3129,-0.5741,-0.8172,-0.8614,-0.7765,-0.6381,-0.4428,-0.2019,0.0145,0.0891,0.0372,-0.0442,-0.1104,-0.2035,-0.1988,-0.1932,-0.1863,-0.1777,-0.1672,-0.1545,-0.1396,-0.1226,-0.1035,-0.0813,-0.0532,-0.0128,0.0486,0.1205,0.1343,0.0779,0.0425,0.0519,0.0577,0.0415,0.0407,-0.0152,-0.213,-0.5118,-0.7823,-0.9503,-0.893,-0.7088,-0.495,-0.2652,-0.0713,0.0081,-0.0162,-0.0742,-0.1267,-0.199,-0.1941,-0.1882,-0.1812,-0.1729,-0.163,-0.1515,-0.1384,-0.1235,-0.1066,-0.0871,-0.0635,-0.0339,0.0011,0.0315,0.0396,0.0268,0.018,0.0252,0.0455,0.1081,0.2475,0.2687,-0.009,-0.4072,-0.7966,-1.0678,-0.9672,-0.7389,-0.5314,-0.3442,-0.1959,-0.1181,-0.1072,-0.1295,-0.1586,-0.1955,-0.1904,-0.1846,-0.1778,-0.1699,-0.1608,-0.1504,-0.1387,-0.1256,-0.111,-0.0946,-0.0759,-0.055,-0.0337,-0.0168,-0.0089,-0.0076,-0.0039,0.0121,0.0562,0.1761,0.4062,0.4722,0.1476,-0.2731,-0.6303,-0.8345,-0.8109,-0.6721,-0.5226,-0.3882,-0.2813,-0.2141,-0.1862,-0.1842,-0.1935,-0.1928,-0.1878,-0.1821,-0.1756,-0.1682,-0.1598,-0.1505,-0.1402,-0.1288,-0.1164,-0.1028,-0.0882,-0.0731,-0.0587,-0.0469,-0.0388,-0.0325,-0.0229,-0.0017,0.0459,0.1447,0.2825,0.3016,0.0945,-0.1964,-0.4459,-0.5932,-0.6193,-0.5645,-0.4802,-0.3945,-0.3214,-0.2689,-0.2384,-0.2254,-0.2231]},{"header":{"la1":42.85,"la2":41.18,"lo1":11.55,"lo2":14.05,"nx":36,"ny":24,"dx":0.07143,"dy":0.07261,"parameterCategory":2,"parameterNumber":3,"parameterNumberName":"northward_wind","parameterUnit":"m.s-1"},"data":[-0.6673,-0.6615,-0.654,-0.6448,-0.634,-0.6222,-0.6098,-0.5974,-0.5851,-0.5722,-0.5574,-0.5392,-0.5165,-0.4888,-0.4565,-0.4211,-0.3852,-0.3526,-0.3271,-0.3118,-0.3072,-0.3117,-0.3225,-0.3368,-0.3524,-0.3678,-0.3824,-0.396,-0.4084,-0.4197,-0.4301,-0.4397,-0.4485,-0.4567,-0.4642,-0.4711,-0.6768,-0.6707,-0.6624,-0.6516,-0.6387,-0.6241,-0.6092,-0.5952,-0.583,-0.5715,-0.5584,-0.5405,-0.5159,-0.4836,-0.4436,-0.3976,-0.3493,-0.3045,-0.2705,-0.2527,-0.252,-0.2644,-0.2844,-0.3071,-0.3296,-0.3504,-0.3691,-0.3856,-0.4003,-0.4134,-0.4252,-0.4359,-0.4457,-0.4546,-0.4628,-0.4704,-0.6877,-0.6814,-0.6721,-0.6594,-0.643,-0.6238,-0.6038,-0.5866,-0.5747,-0.567,-0.5584,-0.5433,-0.5178,-0.4804,-0.4308,-0.37,-0.3025,-0.2375,-0.1892,-0.1689,-0.1771,-0.2045,-0.2396,-0.2748,-0.3064,-0.3335,-0.3565,-0.3762,-0.3931,-0.4079,-0.4211,-0.4329,-0.4436,-0.4533,-0.4622,-0.4703,-0.7003,-0.6942,-0.6842,-0.669,-0.6477,-0.6204,-0.5903,-0.5649,-0.5528,-0.5539,-0.5564,-0.5482,-0.5237,-0.4813,-0.4202,-0.3397,-0.2425,-0.1424,-0.0679,-0.0457,-0.0748,-0.1306,-0.19,-0.2421,-0.2845,-0.3185,-0.3458,-0.3683,-0.3872,-0.4036,-0.418,-0.4308,-0.4424,-0.4529,-0.4625,-0.4711,-0.7151,-0.7099,-0.6998,-0.6825,-0.6552,-0.6154,-0.5651,-0.5187,-0.5033,-0.5247,-0.5515,-0.557,-0.5356,-0.4889,-0.4161,-0.312,-0.172,-0.0101,0.1159,0.1361,0.0595,-0.0472,-0.1415,-0.2137,-0.2671,-0.3071,-0.3379,-0.3626,-0.3831,-0.4007,-0.4161,-0.4299,-0.4423,-0.4536,-0.4638,-0.4729,-0.7323,-0.7292,-0.7206,-0.7031,-0.6712,-0.6169,-0.5334,-0.4379,-0.4063,-0.4749,-0.5494,-0.5744,-0.5561,-0.5058,-0.4242,-0.2995,-0.1108,0.1452,0.3676,0.3751,0.2059,0.0252,-0.1073,-0.1966,-0.2576,-0.301,-0.3336,-0.3594,-0.3808,-0.3992,-0.4156,-0.4302,-0.4435,-0.4555,-0.4663,-0.476,-0.7518,-0.7523,-0.7478,-0.7341,-0.704,-0.6438,-0.5322,-0.3689,-0.3014,-0.4457,-0.5737,-0.6086,-0.587,-0.5329,-0.4487,-0.3187,-0.1068,0.2224,0.5494,0.5389,0.2767,0.0449,-0.1042,-0.1974,-0.2583,-0.301,-0.333,-0.3587,-0.3803,-0.3993,-0.4164,-0.4319,-0.4461,-0.4589,-0.4704,-0.4806,-0.7731,-0.7789,-0.7813,-0.7768,-0.7589,-0.7152,-0.6251,-0.4842,-0.4277,-0.5607,-0.658,-0.6648,-0.6261,-0.5665,-0.4869,-0.3723,-0.1922,0.0839,0.364,0.3736,0.1701,-0.0163,-0.1384,-0.2162,-0.2683,-0.306,-0.3354,-0.3599,-0.3813,-0.4007,-0.4186,-0.4352,-0.4503,-0.4641,-0.4763,-0.4869,-0.7949,-0.8072,-0.8188,-0.828,-0.8311,-0.8223,-0.7959,-0.7624,-0.7679,-0.8051,-0.7916,-0.7328,-0.6644,-0.5981,-0.5272,-0.4373,-0.3137,-0.1532,-0.004,0.0339,-0.0344,-0.1228,-0.1933,-0.2447,-0.2831,-0.3135,-0.3391,-0.362,-0.3832,-0.4032,-0.4222,-0.4401,-0.4566,-0.4715,-0.4845,-0.4956,-0.8154,-0.8345,-0.8563,-0.8807,-0.9075,-0.9352,-0.9636,-1.0031,-1.0721,-1.0778,-0.937,-0.7893,-0.6873,-0.618,-0.5578,-0.4869,-0.4003,-0.3082,-0.2306,-0.19,-0.1905,-0.2137,-0.2427,-0.2706,-0.2961,-0.3197,-0.3421,-0.3638,-0.3853,-0.4065,-0.4273,-0.4472,-0.4655,-0.4818,-0.4957,-0.5072,-0.8328,-0.8579,-0.8888,-0.9273,-0.9757,-1.0347,-1.0988,-1.1593,-1.285,-1.3537,-1.0394,-0.8055,-0.6836,-0.6214,-0.5762,-0.5124,-0.4336,-0.3643,-0.3163,-0.284,-0.2663,-0.2631,-0.2706,-0.2846,-0.3021,-0.3216,-0.3423,-0.3641,-0.3869,-0.4105,-0.4342,-0.457,-0.4779,-0.496,-0.5109,-0.5225,-0.8453,-0.8747,-0.912,-0.9607,-1.0256,-1.1117,-1.2157,-1.288,-1.2704,-1.2403,-0.9834,-0.7719,-0.6614,-0.6144,-0.5896,-0.5165,-0.42,-0.3516,-0.3249,-0.3049,-0.2845,-0.2726,-0.2726,-0.2823,-0.298,-0.3169,-0.3382,-0.3618,-0.3876,-0.4152,-0.4435,-0.4708,-0.4954,-0.5159,-0.5317,-0.5429,-0.8518,-0.8828,-0.9226,-0.9751,-1.0465,-1.1459,-1.2797,-1.4053,-1.3119,-1.0923,-0.8787,-0.7272,-0.655,-0.6117,-0.5917,-0.4839,-0.3613,-0.3176,-0.3137,-0.2918,-0.2631,-0.2458,-0.2473,-0.2622,-0.2827,-0.3049,-0.3289,-0.3559,-0.3868,-0.421,-0.4566,-0.4908,-0.5206,-0.544,-0.5603,-0.57,-0.8519,-0.882,-0.9199,-0.9689,-1.0335,-1.1195,-1.2272,-1.3227,-1.2464,-1.0086,-0.8226,-0.7046,-0.67,-0.6084,-0.5468,-0.3491,-0.1716,-0.2485,-0.2792,-0.2455,-0.1933,-0.1706,-0.1898,-0.2247,-0.2574,-0.2854,-0.313,-0.3449,-0.3835,-0.4282,-0.4755,-0.5205,-0.5578,-0.5844,-0.5998,-0.6059,-0.8464,-0.8734,-0.9061,-0.9461,-0.9947,-1.0511,-1.1062,-1.1256,-1.0505,-0.9146,-0.8168,-0.7444,-0.6452,-0.5103,-0.4992,-0.0321,0.4524,-0.0234,-0.194,-0.147,-0.0225,-0.0091,-0.0959,-0.1762,-0.2265,-0.2583,-0.2874,-0.3252,-0.3759,-0.4376,-0.5041,-0.566,-0.6141,-0.6432,-0.6544,-0.6528,-0.8364,-0.8591,-0.8852,-0.9146,-0.9462,-0.9759,-0.9936,-0.9813,-0.929,-0.8691,-0.8642,-0.8057,-0.7667,-0.6715,-0.539,-0.1209,0.239,-0.0723,-0.1925,-0.0315,0.3177,0.2494,0.0006,-0.1382,-0.196,-0.2191,-0.2434,-0.2893,-0.3603,-0.4501,-0.5482,-0.6378,-0.7009,-0.7292,-0.7289,-0.7121,-0.8236,-0.8417,-0.8613,-0.8814,-0.9002,-0.9137,-0.916,-0.9015,-0.8733,-0.8526,-0.8618,-0.848,-0.9946,-1.0618,-0.7125,-0.4581,-0.3039,-0.3177,-0.3154,-0.0964,0.3527,0.2646,-0.0107,-0.1385,-0.1646,-0.1507,-0.1598,-0.2235,-0.3313,-0.467,-0.6166,-0.7514,-0.8338,-0.8515,-0.8253,-0.7823,-0.8094,-0.8233,-0.8374,-0.8507,-0.8613,-0.867,-0.8651,-0.8551,-0.8414,-0.8336,-0.8386,-0.8751,-1.049,-1.0782,-0.805,-0.6665,-0.5272,-0.4637,-0.4748,-0.341,-0.1191,-0.0672,-0.1413,-0.1714,-0.115,-0.0142,0.0021,-0.1148,-0.289,-0.4893,-0.7142,-0.9192,-1.0226,-1.0083,-0.9352,-0.8547,-0.7947,-0.8052,-0.8152,-0.8237,-0.8297,-0.8318,-0.8294,-0.823,-0.8158,-0.8125,-0.818,-0.8409,-0.8799,-0.8639,-0.8437,-0.8536,-0.6451,-0.5168,-0.4948,-0.4807,-0.3835,-0.3045,-0.2733,-0.2144,-0.0537,0.2027,0.2533,0.0008,-0.2575,-0.5138,-0.8183,-1.1081,-1.2252,-1.1578,-1.0281,-0.9105,-0.7804,-0.7881,-0.795,-0.8004,-0.8037,-0.8042,-0.8017,-0.7972,-0.7923,-0.7893,-0.7902,-0.7954,-0.7987,-0.794,-0.8178,-0.8161,-0.6692,-0.5646,-0.5711,-0.5919,-0.5004,-0.4369,-0.3869,-0.2895,-0.0914,0.2204,0.2841,-0.0525,-0.2866,-0.5289,-0.8541,-1.1789,-1.2991,-1.208,-1.0578,-0.9286,-0.7667,-0.7723,-0.777,-0.7803,-0.7818,-0.7813,-0.7788,-0.7748,-0.7703,-0.7661,-0.7626,-0.7592,-0.7537,-0.7466,-0.7409,-0.7122,-0.6424,-0.5824,-0.5686,-0.5672,-0.5487,-0.5529,-0.5309,-0.4239,-0.2672,-0.1819,-0.3076,-0.3268,-0.3681,-0.5279,-0.7856,-1.0493,-1.1655,-1.1173,-1.007,-0.9017,-0.7538,-0.7578,-0.7609,-0.7627,-0.7631,-0.7618,-0.759,-0.755,-0.75,-0.7445,-0.7384,-0.731,-0.7215,-0.7094,-0.6924,-0.664,-0.6241,-0.5892,-0.5735,-0.5786,-0.6226,-0.7259,-0.7491,-0.5953,-0.4275,-0.39,-0.4751,-0.4392,-0.4266,-0.5213,-0.6889,-0.8628,-0.9613,-0.9631,-0.9103,-0.8449,-0.7419,-0.7446,-0.7464,-0.7472,-0.7467,-0.7448,-0.7417,-0.7373,-0.7319,-0.7254,-0.7178,-0.7086,-0.6973,-0.6831,-0.6649,-0.6416,-0.6157,-0.5948,-0.5882,-0.6088,-0.6874,-0.84,-0.883,-0.7032,-0.5219,-0.4434,-0.4408,-0.4396,-0.4547,-0.5185,-0.6214,-0.7293,-0.8032,-0.8269,-0.8124,-0.7803,-0.7309,-0.7326,-0.7334,-0.7333,-0.7322,-0.7298,-0.7263,-0.7217,-0.7159,-0.7089,-0.7006,-0.6907,-0.6789,-0.6649,-0.6484,-0.6299,-0.6118,-0.599,-0.5983,-0.6207,-0.681,-0.7686,-0.7852,-0.681,-0.5582,-0.4844,-0.4581,-0.4572,-0.4764,-0.5204,-0.5841,-0.6515,-0.7039,-0.7309,-0.7344,-0.7227]}]