docs/data/wind_grid.json
[{"header":{"la1":42.85,"la2":41.18,"lo1":11.55,"lo2":14.05,"nx":36,"ny":24,"dx":0.07143,"dy":0.07261,"parameterCategory":2,"parameterNumber":2,"parameterNumberName":"eastward_wind","parameterUnit":"m.s-1"},"data":[-0.6767,-0.6822,-0.6874,-0.6924,-0.697,-0.7005,-0.702,-0.7004,-0.6951,-0.6867,-0.6773,-0.6699,-0.667,-0.6702,-0.68,-0.6954,-0.7141,-0.7325,-0.7468,-0.7535,-0.7516,-0.7421,-0.7274,-0.71,-0.6919,-0.6743,-0.6579,-0.6431,-0.6297,-0.6177,-0.607,-0.5974,-0.5888,-0.5811,-0.5741,-0.5679,-0.6893,-0.6961,-0.7029,-0.7099,-0.7171,-0.7239,-0.7286,-0.7283,-0.7211,-0.7074,-0.691,-0.6772,-0.6705,-0.6736,-0.6872,-0.7103,-0.7395,-0.7691,-0.7918,-0.8016,-0.7967,-0.7803,-0.7573,-0.7321,-0.7076,-0.6852,-0.6652,-0.6477,-0.6324,-0.619,-0.6073,-0.597,-0.5878,-0.5796,-0.5724,-0.5659,-0.7038,-0.7122,-0.7207,-0.7302,-0.7415,-0.7542,-0.7659,-0.7705,-0.7616,-0.7388,-0.7096,-0.6844,-0.671,-0.6732,-0.6919,-0.7264,-0.7728,-0.8219,-0.8595,-0.8732,-0.8608,-0.8307,-0.7935,-0.7567,-0.7237,-0.6953,-0.6714,-0.6511,-0.634,-0.6194,-0.6067,-0.5957,-0.5861,-0.5776,-0.57,-0.5633,-0.7209,-0.731,-0.7413,-0.7533,-0.7696,-0.7923,-0.8191,-0.8377,-0.8298,-0.7898,-0.7356,-0.6902,-0.6658,-0.6657,-0.6909,-0.7418,-0.8159,-0.9005,-0.9668,-0.9849,-0.9532,-0.8956,-0.8349,-0.7818,-0.7383,-0.7035,-0.6755,-0.6528,-0.6341,-0.6184,-0.6051,-0.5935,-0.5835,-0.5747,-0.567,-0.5601,-0.7415,-0.7538,-0.7654,-0.7787,-0.7993,-0.8357,-0.892,-0.9485,-0.9512,-0.8743,-0.7697,-0.6904,-0.6503,-0.6469,-0.6788,-0.7501,-0.8662,-1.0168,-1.143,-1.1632,-1.0823,-0.972,-0.8761,-0.8029,-0.7485,-0.7078,-0.6766,-0.6521,-0.6323,-0.616,-0.6022,-0.5904,-0.5801,-0.5711,-0.5632,-0.5563,-0.7674,-0.7832,-0.7959,-0.8073,-0.8265,-0.8732,-0.9738,-1.1185,-1.163,-0.9994,-0.7991,-0.6742,-0.6183,-0.6116,-0.6481,-0.7376,-0.9042,-1.1628,-1.4127,-1.4229,-1.2329,-1.0407,-0.9045,-0.8133,-0.751,-0.7066,-0.6738,-0.6486,-0.6285,-0.612,-0.5981,-0.5861,-0.5757,-0.5667,-0.5587,-0.5517,-0.801,-0.8241,-0.8399,-0.8459,-0.8507,-0.8843,-1.0058,-1.2591,-1.3835,-1.0785,-0.7748,-0.6237,-0.5645,-0.5565,-0.5911,-0.6847,-0.8795,-1.2318,-1.6316,-1.6195,-1.3092,-1.0585,-0.9034,-0.8068,-0.7432,-0.6991,-0.6669,-0.6424,-0.6228,-0.6067,-0.5929,-0.5809,-0.5705,-0.5613,-0.5533,-0.5464,-0.8443,-0.8834,-0.9119,-0.9151,-0.8893,-0.8664,-0.9134,-1.0804,-1.1533,-0.8824,-0.6392,-0.5303,-0.4905,-0.483,-0.504,-0.5797,-0.7547,-1.0618,-1.3992,-1.4191,-1.1944,-0.9969,-0.8671,-0.7826,-0.7256,-0.6857,-0.6565,-0.634,-0.6157,-0.6002,-0.5867,-0.5748,-0.5643,-0.5551,-0.5471,-0.5402,-0.896,-0.9665,-1.0338,-1.0576,-0.9924,-0.8678,-0.7672,-0.7099,-0.6216,-0.4897,-0.4252,-0.4135,-0.4097,-0.4001,-0.3856,-0.4224,-0.5823,-0.8115,-1.009,-1.0664,-0.9975,-0.8976,-0.8121,-0.7479,-0.7018,-0.6689,-0.6443,-0.6247,-0.608,-0.5932,-0.5799,-0.568,-0.5573,-0.5479,-0.5399,-0.533,-0.946,-1.0637,-1.2153,-1.3334,-1.2373,-0.9439,-0.6806,-0.4448,-0.158,-0.0388,-0.1929,-0.308,-0.3404,-0.3275,-0.2457,-0.204,-0.4506,-0.7024,-0.8565,-0.9056,-0.8795,-0.8209,-0.7607,-0.7119,-0.6768,-0.6519,-0.6329,-0.6163,-0.6009,-0.5864,-0.5728,-0.5604,-0.5493,-0.5396,-0.5314,-0.5246,-0.9725,-1.13,-1.3794,-1.6773,-1.5904,-1.0459,-0.6664,-0.3642,0.2521,0.5428,-0.0225,-0.2508,-0.2895,-0.2774,-0.2324,-0.1941,-0.4945,-0.8044,-0.9511,-0.9345,-0.8581,-0.781,-0.7204,-0.6796,-0.6551,-0.6398,-0.6262,-0.6113,-0.5957,-0.5801,-0.5655,-0.552,-0.54,-0.5298,-0.5214,-0.5148,-0.9554,-1.106,-1.342,-1.617,-1.5125,-0.9862,-0.6969,-0.5928,-0.1612,0.1784,-0.1262,-0.2564,-0.2494,-0.1827,-0.2413,-0.4069,-0.7383,-1.2328,-1.356,-1.103,-0.8845,-0.7538,-0.6827,-0.6508,-0.6428,-0.6403,-0.6299,-0.6123,-0.593,-0.5746,-0.5576,-0.5423,-0.5289,-0.5179,-0.5093,-0.5029,-0.8976,-0.9995,-1.1249,-1.2067,-1.0884,-0.8339,-0.7239,-0.7934,-0.6469,-0.3514,-0.2858,-0.2709,-0.2485,-0.1464,-0.2107,-0.4925,-0.9714,-1.9714,-1.9899,-1.2477,-0.8686,-0.6987,-0.6323,-0.6248,-0.6495,-0.6658,-0.6484,-0.6187,-0.5919,-0.569,-0.5486,-0.5304,-0.515,-0.5028,-0.4941,-0.4885,-0.8227,-0.8751,-0.9186,-0.9172,-0.8396,-0.7336,-0.6929,-0.7252,-0.6446,-0.4416,-0.3335,-0.2541,-0.2401,-0.3748,-0.3652,-0.6251,-0.9917,-1.5171,-1.568,-1.049,-0.7165,-0.5775,-0.554,-0.5938,-0.6678,-0.7046,-0.6674,-0.6222,-0.5888,-0.5616,-0.537,-0.5147,-0.4963,-0.4828,-0.4745,-0.4705,-0.7513,-0.7725,-0.7801,-0.7612,-0.7137,-0.6591,-0.6239,-0.5962,-0.519,-0.4046,-0.3343,-0.317,-0.2987,-0.2115,-0.426,-0.873,-1.2881,-1.037,-0.9079,-0.6558,-0.4203,-0.3669,-0.4364,-0.5338,-0.6314,-0.675,-0.6487,-0.6126,-0.582,-0.5521,-0.5214,-0.4927,-0.4696,-0.455,-0.4484,-0.4479,-0.6918,-0.6967,-0.6908,-0.6702,-0.6364,-0.5973,-0.5584,-0.5118,-0.442,-0.3501,-0.251,-0.3628,-0.3617,-0.351,-0.4642,-0.7977,-1.087,-0.7945,-0.561,-0.3285,-0.0406,-0.0976,-0.3077,-0.4567,-0.557,-0.6077,-0.6163,-0.6038,-0.5781,-0.5422,-0.5002,-0.4596,-0.4294,-0.4148,-0.4134,-0.4197,-0.6447,-0.6416,-0.6308,-0.611,-0.5832,-0.5502,-0.5127,-0.4677,-0.4111,-0.3416,-0.2691,-0.333,-0.4184,-0.4485,-0.4361,-0.5169,-0.5599,-0.416,-0.2591,-0.1731,0.0216,-0.0457,-0.2582,-0.4159,-0.5296,-0.6034,-0.6341,-0.6252,-0.5889,-0.535,-0.4701,-0.4073,-0.3662,-0.356,-0.3673,-0.3863,-0.6079,-0.6009,-0.5884,-0.5698,-0.5457,-0.5171,-0.4844,-0.4474,-0.4069,-0.3681,-0.3474,-0.3688,-0.4287,-0.4351,-0.334,-0.2948,-0.2908,-0.1124,0.0607,-0.067,-0.1058,-0.1588,-0.2786,-0.4213,-0.5686,-0.6934,-0.7358,-0.6932,-0.6199,-0.532,-0.4281,-0.3253,-0.2689,-0.2755,-0.3126,-0.3513,-0.5791,-0.5703,-0.5574,-0.5403,-0.5191,-0.4946,-0.4674,-0.4383,-0.4096,-0.3854,-0.3721,-0.372,-0.3715,-0.3187,-0.1294,-0.0543,-0.1638,-0.0589,0.0555,0.0519,-0.0543,-0.163,-0.2794,-0.4347,-0.6413,-0.8614,-0.9089,-0.785,-0.6602,-0.5343,-0.3832,-0.2229,-0.1499,-0.1911,-0.2641,-0.3237,-0.5564,-0.5469,-0.5343,-0.5186,-0.5001,-0.4792,-0.4566,-0.4333,-0.4111,-0.3919,-0.3769,-0.3631,-0.3375,-0.27,-0.1359,-0.088,-0.1371,-0.0514,0.1721,0.2648,0.0338,-0.1078,-0.2268,-0.4031,-0.6502,-0.9016,-0.9511,-0.8269,-0.6903,-0.5453,-0.3734,-0.1827,-0.1012,-0.1612,-0.2487,-0.3147,-0.5383,-0.5287,-0.5167,-0.5025,-0.4861,-0.4681,-0.449,-0.4296,-0.4107,-0.3931,-0.3762,-0.3566,-0.3271,-0.2788,-0.2179,-0.1814,-0.1547,-0.0706,0.073,0.122,0.0365,-0.0017,-0.0708,-0.2795,-0.5689,-0.8199,-0.9652,-0.8888,-0.7042,-0.555,-0.4156,-0.2678,-0.1922,-0.2185,-0.2772,-0.3279,-0.5237,-0.5143,-0.5031,-0.4901,-0.4756,-0.4598,-0.4432,-0.4263,-0.4095,-0.3927,-0.3751,-0.3547,-0.3282,-0.2942,-0.2564,-0.2212,-0.1804,-0.1181,-0.0438,0.0092,0.0817,0.2569,0.288,-0.0432,-0.4504,-0.8032,-1.0717,-0.9167,-0.6339,-0.5219,-0.4524,-0.3702,-0.3128,-0.3052,-0.3267,-0.3543,-0.5119,-0.5029,-0.4924,-0.4806,-0.4675,-0.4535,-0.4387,-0.4236,-0.4081,-0.3921,-0.375,-0.3556,-0.3327,-0.3058,-0.276,-0.2436,-0.2051,-0.1562,-0.0969,-0.0163,0.1503,0.4693,0.5643,0.1382,-0.3189,-0.6378,-0.7851,-0.6494,-0.4408,-0.4448,-0.4531,-0.4211,-0.3857,-0.3692,-0.3708,-0.3817,-0.5023,-0.4937,-0.4839,-0.4731,-0.4612,-0.4485,-0.4352,-0.4214,-0.4071,-0.392,-0.3759,-0.358,-0.3378,-0.3149,-0.2893,-0.2605,-0.2264,-0.1845,-0.1298,-0.0472,0.0964,0.2907,0.3215,0.0595,-0.2591,-0.483,-0.5703,-0.5074,-0.4129,-0.4264,-0.4474,-0.4384,-0.4194,-0.4056,-0.401,-0.4035]},{"header":{"la1":42.85,"la2":41.18,"lo1":11.55,"lo2":14.05,"nx":36,"ny":24,"dx":0.07143,"dy":0.07261,"parameterCategory":2,"parameterNumber":3,"parameterNumberName":"northward_wind","parameterUnit":"m.s-1"},"data":[-0.7138,-0.7108,-0.7065,-0.7008,-0.694,-0.6865,-0.6793,-0.6733,-0.6693,-0.6668,-0.6648,-0.6618,-0.6566,-0.6485,-0.6375,-0.6242,-0.6098,-0.5954,-0.5827,-0.5726,-0.5655,-0.5611,-0.5587,-0.5579,-0.5581,-0.5591,-0.5606,-0.5628,-0.5654,-0.5684,-0.5718,-0.5754,-0.5793,-0.5832,-0.5872,-0.5912,-0.7195,-0.7161,-0.7109,-0.7036,-0.6943,-0.6836,-0.6732,-0.6653,-0.6614,-0.6615,-0.6631,-0.6633,-0.6599,-0.6517,-0.639,-0.6225,-0.6038,-0.5851,-0.5691,-0.5574,-0.5505,-0.5474,-0.5468,-0.5476,-0.5492,-0.5513,-0.5538,-0.5569,-0.5603,-0.5641,-0.5683,-0.5727,-0.5773,-0.5819,-0.5866,-0.5911,-0.7257,-0.7222,-0.7161,-0.7067,-0.6936,-0.6773,-0.6604,-0.6478,-0.6439,-0.6491,-0.6582,-0.6648,-0.6649,-0.6572,-0.6421,-0.6209,-0.5957,-0.5701,-0.5488,-0.5354,-0.5301,-0.5302,-0.5328,-0.5361,-0.5395,-0.543,-0.5468,-0.5508,-0.5551,-0.5599,-0.5649,-0.5702,-0.5757,-0.5811,-0.5865,-0.5917,-0.7328,-0.7293,-0.7226,-0.7109,-0.6926,-0.6668,-0.6367,-0.6121,-0.6067,-0.6232,-0.6483,-0.667,-0.6731,-0.6664,-0.6485,-0.6207,-0.5851,-0.5473,-0.5168,-0.502,-0.5019,-0.5089,-0.5169,-0.5238,-0.5295,-0.5346,-0.5395,-0.5446,-0.55,-0.5558,-0.5619,-0.5682,-0.5746,-0.5809,-0.5871,-0.593,-0.7405,-0.7376,-0.7311,-0.718,-0.6941,-0.6542,-0.5977,-0.5424,-0.5292,-0.5729,-0.6326,-0.6725,-0.6871,-0.6817,-0.6605,-0.6243,-0.5731,-0.5131,-0.4644,-0.45,-0.4639,-0.4843,-0.5005,-0.5116,-0.5196,-0.5262,-0.5323,-0.5386,-0.5451,-0.552,-0.5592,-0.5667,-0.5742,-0.5815,-0.5886,-0.5953,-0.7483,-0.7467,-0.7418,-0.73,-0.7036,-0.649,-0.5501,-0.422,-0.3792,-0.4911,-0.6196,-0.6885,-0.7108,-0.706,-0.6822,-0.6378,-0.5667,-0.4695,-0.384,-0.3757,-0.4208,-0.4616,-0.4863,-0.5007,-0.5103,-0.5181,-0.5254,-0.5328,-0.5405,-0.5487,-0.5572,-0.566,-0.5747,-0.5833,-0.5914,-0.5989,-0.7552,-0.7549,-0.753,-0.7468,-0.7275,-0.673,-0.5431,-0.3161,-0.2124,-0.4399,-0.6446,-0.7274,-0.7475,-0.7416,-0.7187,-0.6712,-0.5849,-0.4508,-0.3185,-0.3202,-0.3977,-0.4506,-0.4774,-0.492,-0.502,-0.5105,-0.5189,-0.5275,-0.5365,-0.5461,-0.5561,-0.5663,-0.5766,-0.5865,-0.5958,-0.6042,-0.7594,-0.7586,-0.7584,-0.7609,-0.7621,-0.7406,-0.654,-0.4774,-0.4009,-0.5979,-0.7515,-0.7953,-0.7955,-0.7883,-0.7766,-0.7373,-0.6474,-0.5131,-0.389,-0.3742,-0.4216,-0.4556,-0.4735,-0.4847,-0.4942,-0.5035,-0.5131,-0.523,-0.5334,-0.5445,-0.5561,-0.5681,-0.5801,-0.5916,-0.6022,-0.6117,-0.7599,-0.7536,-0.7466,-0.7507,-0.781,-0.8241,-0.8419,-0.8311,-0.8563,-0.9192,-0.9206,-0.8777,-0.8435,-0.8413,-0.8694,-0.8581,-0.7471,-0.6096,-0.5074,-0.4639,-0.4587,-0.4628,-0.4685,-0.4763,-0.4865,-0.4977,-0.509,-0.5201,-0.5317,-0.5442,-0.5577,-0.5719,-0.586,-0.5995,-0.6116,-0.622,-0.7579,-0.7397,-0.707,-0.6804,-0.7331,-0.8752,-1.0103,-1.1244,-1.2599,-1.2882,-1.1084,-0.9471,-0.874,-0.8816,-1.006,-1.0754,-0.845,-0.6565,-0.5504,-0.4943,-0.4667,-0.4555,-0.4558,-0.4652,-0.4798,-0.4952,-0.5085,-0.5201,-0.532,-0.5457,-0.5614,-0.5782,-0.5951,-0.6109,-0.6247,-0.6361,-0.7589,-0.7295,-0.6616,-0.5583,-0.6042,-0.8999,-1.1572,-1.3286,-1.5838,-1.7149,-1.2477,-0.9691,-0.8771,-0.8799,-0.9874,-1.0778,-0.8075,-0.6171,-0.5234,-0.4726,-0.4417,-0.4281,-0.4324,-0.452,-0.479,-0.5021,-0.516,-0.5248,-0.5349,-0.5492,-0.5675,-0.5881,-0.6087,-0.6275,-0.6432,-0.6553,-0.7688,-0.7438,-0.6822,-0.5874,-0.6534,-1.005,-1.3344,-1.5118,-1.5299,-1.52,-1.1625,-0.9258,-0.8668,-0.9175,-0.8754,-0.7791,-0.6298,-0.5138,-0.4669,-0.4256,-0.3912,-0.3791,-0.3964,-0.4409,-0.4959,-0.5325,-0.5395,-0.5362,-0.5399,-0.5543,-0.5768,-0.603,-0.6289,-0.6515,-0.6692,-0.6815,-0.7861,-0.7804,-0.7663,-0.7694,-0.8819,-1.1453,-1.4607,-1.7046,-1.5608,-1.259,-0.9992,-0.8724,-0.8333,-0.9365,-0.8612,-0.6087,-0.4445,-0.4617,-0.458,-0.3686,-0.3105,-0.2981,-0.3407,-0.4339,-0.5494,-0.6086,-0.5849,-0.5513,-0.544,-0.5602,-0.5903,-0.6256,-0.6593,-0.6867,-0.7058,-0.7169,-0.8024,-0.8144,-0.8347,-0.8826,-0.9893,-1.1657,-1.3828,-1.5627,-1.4482,-1.0985,-0.8701,-0.8727,-0.8665,-0.5268,-0.5644,-0.2873,-0.0538,-0.2693,-0.3417,-0.2499,-0.1607,-0.1504,-0.2419,-0.4075,-0.611,-0.7013,-0.6233,-0.5535,-0.5405,-0.5659,-0.6108,-0.6611,-0.706,-0.7389,-0.7579,-0.7647,-0.8107,-0.8309,-0.8616,-0.9113,-0.9885,-1.0905,-1.1936,-1.2348,-1.1157,-0.8856,-0.7171,-0.6432,-0.5197,-0.2244,-0.343,0.2938,1.045,0.2101,-0.1069,-0.0394,0.1561,0.145,-0.0674,-0.3079,-0.5304,-0.6303,-0.5707,-0.5165,-0.5227,-0.5724,-0.6441,-0.7187,-0.7798,-0.8177,-0.832,-0.8287,-0.8093,-0.8299,-0.8577,-0.895,-0.9413,-0.9889,-1.0172,-0.9916,-0.8841,-0.7246,-0.6097,-0.4507,-0.4488,-0.3905,-0.2862,0.2223,0.7161,0.1678,-0.0745,0.1761,0.7812,0.6344,0.1375,-0.1697,-0.3452,-0.4231,-0.4268,-0.4348,-0.489,-0.5838,-0.7007,-0.8149,-0.8989,-0.9373,-0.936,-0.9117,-0.8001,-0.8171,-0.8375,-0.8606,-0.8835,-0.8985,-0.8925,-0.8508,-0.768,-0.6653,-0.5972,-0.5182,-0.4445,-0.413,-0.3457,-0.1798,-0.0901,-0.2568,-0.345,0.0512,0.8531,0.6808,0.1615,-0.1005,-0.1983,-0.2174,-0.2363,-0.3111,-0.4402,-0.606,-0.7953,-0.9755,-1.0913,-1.1157,-1.0759,-1.0126,-0.786,-0.7981,-0.8108,-0.8227,-0.8303,-0.8285,-0.8103,-0.7704,-0.7105,-0.6429,-0.5826,-0.5198,-0.4456,-0.4185,-0.3934,-0.3579,-0.3826,-0.6324,-0.8987,-0.4212,0.0442,0.1296,-0.0183,-0.1106,-0.0747,0.0469,0.0578,-0.1306,-0.3806,-0.6434,-0.9375,-1.2274,-1.3858,-1.3603,-1.2431,-1.1197,-0.7695,-0.777,-0.7834,-0.7873,-0.7861,-0.7766,-0.7554,-0.7211,-0.6758,-0.6254,-0.5748,-0.5237,-0.4754,-0.4393,-0.4034,-0.3945,-0.4495,-0.6331,-0.7651,-0.5254,-0.3296,-0.2151,-0.195,-0.1521,0.0413,0.4396,0.5224,0.0594,-0.3493,-0.694,-1.0948,-1.5337,-1.7382,-1.614,-1.3915,-1.2049,-0.7525,-0.7561,-0.758,-0.7568,-0.7507,-0.7381,-0.7172,-0.688,-0.652,-0.612,-0.5706,-0.5295,-0.4904,-0.4534,-0.4172,-0.41,-0.4552,-0.5201,-0.5181,-0.499,-0.4402,-0.3743,-0.3294,-0.2397,-0.0065,0.478,0.5863,-0.0429,-0.4303,-0.748,-1.1557,-1.6548,-1.8797,-1.7041,-1.44,-1.2333,-0.7361,-0.7368,-0.7355,-0.7312,-0.7227,-0.7092,-0.6898,-0.6647,-0.6351,-0.6025,-0.5686,-0.5349,-0.5027,-0.4735,-0.4514,-0.4478,-0.4662,-0.4902,-0.4983,-0.4935,-0.4846,-0.4902,-0.475,-0.392,-0.2647,-0.2159,-0.4689,-0.5229,-0.62,-0.8108,-1.0804,-1.4319,-1.6244,-1.5396,-1.357,-1.1939,-0.7209,-0.7196,-0.7162,-0.7101,-0.7006,-0.6872,-0.6695,-0.6479,-0.623,-0.596,-0.5681,-0.5406,-0.5148,-0.4928,-0.4776,-0.473,-0.4787,-0.4888,-0.4977,-0.5108,-0.554,-0.646,-0.6699,-0.5601,-0.4792,-0.566,-0.7776,-0.7417,-0.8376,-0.9253,-1.0116,-1.1694,-1.292,-1.2912,-1.2106,-1.113,-0.7073,-0.7045,-0.6998,-0.6928,-0.6831,-0.6703,-0.6544,-0.6356,-0.6145,-0.592,-0.5689,-0.5464,-0.5257,-0.5085,-0.4965,-0.4911,-0.4923,-0.4988,-0.5115,-0.5407,-0.6141,-0.7473,-0.7854,-0.6566,-0.5817,-0.6256,-0.7256,-0.8815,-1.1328,-1.0929,-1.0153,-1.037,-1.0888,-1.1044,-1.0764,-1.026,-0.6952,-0.6915,-0.6861,-0.6787,-0.6691,-0.6572,-0.6429,-0.6266,-0.6086,-0.5896,-0.5704,-0.5519,-0.5351,-0.5212,-0.5112,-0.506,-0.5061,-0.5119,-0.5262,-0.5564,-0.6146,-0.6916,-0.7111,-0.654,-0.6222,-0.6604,-0.7649,-0.9656,-1.1707,-1.1201,-1.012,-0.9768,-0.9833,-0.9893,-0.978,-0.9518]}]