docs/data/wind_grid.json
[{"header":{"la1":42.85,"la2":41.18,"lo1":11.55,"lo2":14.05,"nx":36,"ny":24,"dx":0.07143,"dy":0.07261,"parameterCategory":2,"parameterNumber":2,"parameterNumberName":"eastward_wind","parameterUnit":"m.s-1"},"data":[-0.8836,-0.8901,-0.8949,-0.8976,-0.8972,-0.8926,-0.8817,-0.8625,-0.833,-0.793,-0.7438,-0.6882,-0.6293,-0.5699,-0.5127,-0.4601,-0.4153,-0.3816,-0.362,-0.3572,-0.364,-0.3763,-0.3878,-0.3952,-0.3984,-0.399,-0.3983,-0.3972,-0.396,-0.3947,-0.3934,-0.392,-0.3907,-0.3894,-0.3881,-0.387,-0.9089,-0.9187,-0.9273,-0.9343,-0.9389,-0.9398,-0.9342,-0.9179,-0.8869,-0.8399,-0.7795,-0.7104,-0.6376,-0.5647,-0.4944,-0.4291,-0.3729,-0.3316,-0.3117,-0.3162,-0.3396,-0.3685,-0.3899,-0.3995,-0.4006,-0.3983,-0.3954,-0.3928,-0.3907,-0.3889,-0.3873,-0.3857,-0.3841,-0.3826,-0.3812,-0.3799,-0.9353,-0.9491,-0.9621,-0.9743,-0.9857,-0.9957,-1.0005,-0.9923,-0.9617,-0.9048,-0.8273,-0.739,-0.6479,-0.5582,-0.4716,-0.3893,-0.3154,-0.2599,-0.2378,-0.2605,-0.3189,-0.381,-0.4156,-0.4203,-0.4115,-0.4014,-0.394,-0.3891,-0.3858,-0.3834,-0.3813,-0.3793,-0.3774,-0.3756,-0.3739,-0.3725,-0.9625,-0.9809,-0.9988,-1.0166,-1.0363,-1.06,-1.0848,-1.0964,-1.0712,-0.9978,-0.8912,-0.7741,-0.6593,-0.5499,-0.4444,-0.3402,-0.2383,-0.1523,-0.117,-0.1721,-0.3096,-0.4455,-0.4912,-0.4661,-0.4307,-0.4066,-0.3929,-0.3854,-0.3809,-0.3778,-0.3752,-0.3728,-0.3705,-0.3683,-0.3663,-0.3646,-0.9901,-1.0142,-1.0373,-1.0598,-1.0869,-1.1283,-1.1893,-1.2485,-1.2425,-1.1339,-0.9724,-0.8123,-0.6687,-0.5386,-0.4142,-0.2854,-0.1414,0.0121,0.1062,0.0071,-0.3057,-0.6131,-0.6403,-0.528,-0.4481,-0.4085,-0.3899,-0.3809,-0.3759,-0.3723,-0.3692,-0.3661,-0.3632,-0.3605,-0.358,-0.356,-1.0174,-1.0496,-1.0796,-1.1044,-1.1322,-1.1877,-1.3009,-1.4637,-1.5137,-1.3174,-1.0564,-0.8424,-0.6703,-0.5216,-0.3825,-0.2349,-0.0445,0.2335,0.529,0.4169,-0.1878,-0.7337,-0.7254,-0.5392,-0.4413,-0.4003,-0.3831,-0.3753,-0.3707,-0.3669,-0.3631,-0.3592,-0.3555,-0.352,-0.349,-0.3466,-1.0424,-1.0876,-1.1321,-1.1584,-1.1704,-1.2173,-1.3606,-1.6404,-1.78,-1.4474,-1.0942,-0.8478,-0.6576,-0.4938,-0.3453,-0.1975,0.0006,0.3684,0.9634,0.885,0.0659,-0.4114,-0.5097,-0.449,-0.4029,-0.3822,-0.3739,-0.3696,-0.3661,-0.3619,-0.3571,-0.352,-0.3471,-0.3426,-0.3389,-0.3361,-1.0588,-1.1232,-1.2045,-1.2476,-1.2109,-1.2112,-1.3111,-1.4995,-1.576,-1.3302,-1.0515,-0.8273,-0.6312,-0.4472,-0.2806,-0.1503,-0.0215,0.214,0.5511,0.4394,-0.0391,-0.2358,-0.3218,-0.3534,-0.3613,-0.3649,-0.3671,-0.3667,-0.3635,-0.358,-0.3513,-0.3443,-0.3377,-0.332,-0.3274,-0.3241,-1.0545,-1.1283,-1.2643,-1.3775,-1.235,-1.1815,-1.2414,-1.3023,-1.2895,-1.1759,-1.0042,-0.8091,-0.6051,-0.3783,-0.1324,-0.0026,-0.0125,0.0213,0.0754,-0.0389,-0.2695,-0.2724,-0.2774,-0.3132,-0.3418,-0.3602,-0.3693,-0.3701,-0.3648,-0.3559,-0.3457,-0.3357,-0.3268,-0.3195,-0.314,-0.3103,-1.0225,-1.0608,-1.1308,-1.1788,-1.0532,-1.1195,-1.2455,-1.2968,-1.2634,-1.1853,-1.0251,-0.8183,-0.6068,-0.3328,0.1634,0.4168,0.0783,-0.0436,-0.0715,-0.1404,-0.2435,-0.2618,-0.2743,-0.3118,-0.3499,-0.3767,-0.3875,-0.3841,-0.3717,-0.3557,-0.3395,-0.3252,-0.3134,-0.3043,-0.298,-0.2941,-0.9796,-0.9587,-0.8542,-0.5643,-0.6323,-1.0709,-1.3734,-1.4633,-1.3348,-1.2765,-1.0823,-0.8448,-0.657,-0.4536,0.0521,0.4128,0.0387,-0.047,-0.0655,-0.1224,-0.1911,-0.2387,-0.2821,-0.3357,-0.3901,-0.4263,-0.432,-0.4135,-0.385,-0.3562,-0.3313,-0.3113,-0.2961,-0.2854,-0.2785,-0.2748,-0.9537,-0.915,-0.7951,-0.5771,-0.6768,-1.1984,-1.6867,-1.9622,-1.6005,-1.3083,-1.0861,-0.8741,-0.7312,-0.6921,-0.5114,-0.2197,-0.092,0.0626,0.0904,-0.0437,-0.1549,-0.2307,-0.3004,-0.3851,-0.4796,-0.536,-0.5195,-0.4621,-0.4024,-0.354,-0.3177,-0.2914,-0.2731,-0.2613,-0.2546,-0.2519,-0.951,-0.9344,-0.896,-0.877,-1.0255,-1.4032,-1.931,-2.6276,-1.9652,-1.3906,-1.0721,-0.9772,-0.8394,-0.7506,-0.6318,-0.3171,-0.0862,0.3985,0.4146,0.0385,-0.1321,-0.2275,-0.32,-0.4551,-0.644,-0.7506,-0.6621,-0.5208,-0.4132,-0.3413,-0.2937,-0.2623,-0.2423,-0.2306,-0.2252,-0.2247,-0.9577,-0.9665,-0.9832,-1.0375,-1.178,-1.4279,-1.7514,-1.9527,-1.7674,-1.2915,-1.0262,-1.1616,-1.1605,-0.296,-0.399,-0.2082,-0.0612,0.1791,0.2069,-0.0139,-0.1378,-0.217,-0.3181,-0.4968,-0.8062,-0.9897,-0.781,-0.5425,-0.3943,-0.3068,-0.2535,-0.2206,-0.2014,-0.1919,-0.1897,-0.1928,-0.9605,-0.9826,-1.0174,-1.0786,-1.1802,-1.3206,-1.4636,-1.5133,-1.3544,-1.0775,-0.9042,-0.8548,-0.6625,-0.4041,-0.328,-0.1346,0.588,0.1171,-0.0399,-0.1091,-0.1172,-0.1585,-0.2702,-0.4375,-0.6903,-0.8402,-0.6735,-0.4606,-0.3226,-0.2413,-0.193,-0.1644,-0.1493,-0.1445,-0.1477,-0.1564,-0.9547,-0.9794,-1.0133,-1.0608,-1.1226,-1.1887,-1.2314,-1.206,-1.0852,-0.9165,-0.8003,-0.7878,-0.7086,-0.5408,-0.3922,-0.0435,0.3635,-0.0079,-0.1906,-0.153,0.0625,-0.0008,-0.1977,-0.3268,-0.4307,-0.473,-0.3979,-0.2843,-0.199,-0.1457,-0.1135,-0.0946,-0.0867,-0.0891,-0.1,-0.1164,-0.9411,-0.9628,-0.9893,-1.0206,-1.0533,-1.0783,-1.0797,-1.0402,-0.9577,-0.8587,-0.7933,-0.7699,-0.7211,-0.6856,-0.5814,-0.4274,-0.3081,-0.3691,-0.4285,-0.2832,0.077,0.0025,-0.1934,-0.2503,-0.2339,-0.1794,-0.1151,-0.069,-0.0436,-0.0307,-0.0231,-0.0175,-0.0175,-0.0283,-0.0492,-0.075,-0.9224,-0.9393,-0.9577,-0.9762,-0.9911,-0.9965,-0.9847,-0.9505,-0.8974,-0.8405,-0.7974,-0.7673,-0.7414,-0.7547,-0.9036,-0.9379,-0.7245,-0.6509,-0.6851,-0.5748,-0.3666,-0.2829,-0.277,-0.2096,-0.068,0.0947,0.1735,0.1606,0.1247,0.0895,0.0638,0.0531,0.0478,0.0302,-0.0008,-0.0365,-0.9013,-0.9135,-0.9253,-0.9351,-0.9403,-0.9375,-0.9234,-0.8974,-0.863,-0.8284,-0.8021,-0.7918,-0.8167,-0.971,-1.5742,-1.8355,-1.0781,-0.8049,-0.8048,-0.9191,-0.7201,-0.5236,-0.3779,-0.1876,0.0881,0.3653,0.433,0.3749,0.2957,0.2067,0.133,0.0956,0.089,0.0722,0.036,-0.0062,-0.8797,-0.8881,-0.8951,-0.8995,-0.8998,-0.8941,-0.8815,-0.8625,-0.8402,-0.8198,-0.8086,-0.8181,-0.8765,-1.0656,-1.5107,-1.6465,-1.1522,-0.9708,-1.2531,-1.4296,-0.9686,-0.7022,-0.5021,-0.2183,0.1669,0.4662,0.5224,0.5985,0.4867,0.327,0.1924,0.1111,0.0958,0.0869,0.0545,0.0121,-0.8589,-0.8643,-0.868,-0.8694,-0.8673,-0.8611,-0.8508,-0.8372,-0.8228,-0.8117,-0.8098,-0.8266,-0.8791,-0.9903,-1.1389,-1.1634,-1.0334,-0.9864,-1.1225,-1.1756,-0.9979,-0.8991,-0.7583,-0.38,0.1681,0.7376,1.2904,1.1215,0.7057,0.4488,0.2726,0.1541,0.1089,0.0904,0.0598,0.0196,-0.8392,-0.8425,-0.8441,-0.8437,-0.8407,-0.8349,-0.8266,-0.8169,-0.8075,-0.8016,-0.8032,-0.8177,-0.8512,-0.9038,-0.9542,-0.9622,-0.9319,-0.9242,-0.9629,-0.9981,-1.0707,-1.3214,-1.3539,-0.7499,0.0611,0.9519,1.7991,1.3757,0.7599,0.53,0.3627,0.226,0.146,0.101,0.0617,0.0207,-0.821,-0.8227,-0.8231,-0.8217,-0.8184,-0.8132,-0.8065,-0.7992,-0.7928,-0.7891,-0.7907,-0.8,-0.8181,-0.8418,-0.8613,-0.8661,-0.8608,-0.8645,-0.8917,-0.9624,-1.1776,-1.6766,-1.837,-1.0589,-0.1612,0.5892,1.0304,0.8592,0.6294,0.5703,0.4246,0.2786,0.1774,0.1114,0.0614,0.0174,-0.8042,-0.8049,-0.8043,-0.8024,-0.799,-0.7944,-0.7888,-0.783,-0.778,-0.775,-0.7752,-0.7797,-0.788,-0.798,-0.8057,-0.8083,-0.809,-0.8167,-0.8444,-0.9187,-1.096,-1.3786,-1.4104,-0.9225,-0.2888,0.2307,0.5285,0.592,0.6046,0.5604,0.4226,0.2856,0.1829,0.11,0.0548,0.0091]},{"header":{"la1":42.85,"la2":41.18,"lo1":11.55,"lo2":14.05,"nx":36,"ny":24,"dx":0.07143,"dy":0.07261,"parameterCategory":2,"parameterNumber":3,"parameterNumberName":"northward_wind","parameterUnit":"m.s-1"},"data":[0.3514,0.3319,0.3098,0.2853,0.2591,0.2327,0.2082,0.1883,0.1747,0.1676,0.1657,0.1669,0.1693,0.1718,0.1737,0.1744,0.1729,0.1677,0.1575,0.1424,0.1252,0.1108,0.104,0.1069,0.1176,0.1331,0.1506,0.1683,0.1854,0.2019,0.2175,0.2325,0.2467,0.2603,0.2732,0.2854,0.3574,0.3354,0.3097,0.28,0.2468,0.212,0.179,0.1527,0.1369,0.1322,0.1355,0.1424,0.1498,0.1563,0.1617,0.1659,0.1673,0.1631,0.1499,0.126,0.0954,0.0688,0.0574,0.0639,0.0828,0.1067,0.1309,0.1535,0.1742,0.1933,0.211,0.2276,0.2433,0.2582,0.2722,0.2854,0.3659,0.3415,0.3119,0.2761,0.2335,0.1856,0.1376,0.0994,0.0802,0.0815,0.0956,0.1127,0.1274,0.1391,0.1492,0.1588,0.1664,0.1671,0.1519,0.1133,0.0556,0.0029,-0.0155,0.0032,0.0397,0.0777,0.1111,0.1395,0.1639,0.1855,0.2052,0.2235,0.2407,0.2569,0.2721,0.2863,0.3773,0.3507,0.3175,0.2755,0.2213,0.1533,0.0777,0.0142,-0.012,0.0049,0.0424,0.0775,0.1024,0.1197,0.1349,0.1524,0.1724,0.1871,0.1771,0.1167,0.0015,-0.1124,-0.137,-0.0805,-0.0086,0.0501,0.094,0.1277,0.1551,0.1789,0.2004,0.2203,0.239,0.2565,0.2729,0.2882,0.3919,0.3629,0.327,0.2808,0.2155,0.1198,-0.007,-0.13,-0.1739,-0.1149,-0.0252,0.0397,0.076,0.0968,0.1159,0.1433,0.1847,0.2342,0.2558,0.1752,-0.0528,-0.3115,-0.3221,-0.1716,-0.0468,0.0321,0.0831,0.1195,0.1485,0.1736,0.1965,0.218,0.2382,0.2572,0.275,0.2914,0.409,0.3759,0.3368,0.2915,0.2246,0.1026,-0.1053,-0.3655,-0.4622,-0.2867,-0.094,0.0085,0.0505,0.0682,0.086,0.1221,0.1928,0.3103,0.4353,0.3676,0.001,-0.4359,-0.4185,-0.191,-0.0468,0.0324,0.0807,0.1152,0.1435,0.1692,0.1934,0.2166,0.2386,0.2593,0.2785,0.2961,0.4291,0.3844,0.3318,0.2914,0.2514,0.1359,-0.1343,-0.5769,-0.7748,-0.4075,-0.1156,-0.0024,0.0273,0.0291,0.0355,0.0725,0.1655,0.3505,0.6277,0.5935,0.2016,-0.111,-0.1751,-0.0809,-0.0011,0.0493,0.0839,0.1121,0.1384,0.1645,0.1904,0.2158,0.2401,0.2628,0.2837,0.3026,0.4577,0.3887,0.2813,0.2196,0.2707,0.2384,0.021,-0.335,-0.4919,-0.2424,-0.0504,0.0089,0.0019,-0.0283,-0.0493,-0.0248,0.0714,0.2431,0.4413,0.4276,0.2888,0.1882,0.0833,0.0485,0.0526,0.0665,0.0839,0.105,0.1301,0.1579,0.1869,0.2156,0.2429,0.2682,0.291,0.3113,0.5117,0.4286,0.2179,0.0208,0.2898,0.3992,0.2686,0.0851,-0.0108,0.0079,0.0373,0.0227,-0.0335,-0.1112,-0.1892,-0.1945,-0.078,0.0776,0.2077,0.2801,0.3725,0.3362,0.1932,0.1113,0.0756,0.064,0.0687,0.0866,0.1143,0.1474,0.1822,0.2162,0.2477,0.2762,0.3012,0.3229,0.6053,0.5873,0.4908,0.4138,0.6947,0.6589,0.4876,0.3157,0.1491,0.0705,0.0744,0.022,-0.0839,-0.2099,-0.3876,-0.4694,-0.2317,-0.0438,0.0844,0.1953,0.3065,0.2884,0.1842,0.1043,0.0521,0.0247,0.0244,0.0482,0.087,0.1319,0.1768,0.2185,0.2556,0.2878,0.3152,0.3381,0.7116,0.8096,1.0513,1.6127,1.5255,0.9479,0.6679,0.4713,0.0711,-0.1206,0.0782,0.0108,-0.1621,-0.3213,-0.4342,-0.4993,-0.2684,-0.1027,0.005,0.0924,0.1575,0.1634,0.1146,0.0431,-0.0298,-0.0744,-0.0683,-0.0203,0.0455,0.1122,0.1726,0.2247,0.2685,0.3046,0.3341,0.3578,0.7789,0.9187,1.1986,1.6186,1.5184,1.014,0.8148,0.7507,0.4438,0.1364,0.1693,0.0024,-0.2774,-0.6127,-0.5261,-0.3718,-0.2478,-0.1122,-0.0331,0.0274,0.075,0.083,0.0394,-0.0613,-0.1981,-0.2812,-0.2401,-0.1263,-0.0072,0.0935,0.1743,0.2384,0.2891,0.3288,0.3595,0.383,0.793,0.901,1.053,1.1821,1.1196,0.9567,0.9307,0.7672,1.0461,0.5909,0.3022,-0.039,-0.2718,-0.7257,-0.613,-0.4569,-0.3328,-0.0623,-0.0218,0.0034,0.0432,0.0439,-0.0197,-0.1945,-0.4935,-0.6703,-0.5094,-0.2532,-0.0531,0.088,0.1895,0.2647,0.321,0.3628,0.3933,0.415,0.7771,0.8446,0.9151,0.9565,0.943,0.9256,0.9988,1.2481,1.1375,0.7847,0.4997,-0.151,-0.3593,0.0808,-0.3235,-0.9178,-0.6328,-0.1837,-0.0497,0.0067,0.0374,0.0297,-0.0425,-0.2779,-0.779,-1.0906,-0.7316,-0.3191,-0.0553,0.1123,0.2268,0.3089,0.3679,0.4093,0.437,0.4547,0.7545,0.797,0.8357,0.861,0.8735,0.8946,0.9481,1.0123,1.0089,1.0233,1.0677,0.8702,0.6772,1.1997,-0.106,-1.0216,-0.4316,-0.2233,-0.0281,0.0366,0.0143,0.0046,-0.021,-0.1982,-0.5935,-0.8441,-0.5733,-0.2245,0.0154,0.1766,0.2915,0.375,0.4334,0.4708,0.4921,0.5025,0.7352,0.7652,0.793,0.8166,0.8391,0.8691,0.9134,0.9746,1.087,1.3943,2.0435,2.0874,1.5652,0.9485,0.3444,-0.1638,-0.2199,-0.0268,0.1278,0.0829,-0.155,-0.1063,0.0168,-0.0309,-0.1913,-0.2908,-0.2002,-0.0255,0.138,0.2732,0.382,0.4648,0.5202,0.5495,0.5593,0.558,0.7207,0.745,0.769,0.7931,0.8201,0.8552,0.9059,0.9879,1.1453,1.4734,1.9724,1.8703,1.9384,1.9364,0.9048,0.4215,0.2751,0.3671,0.457,0.2622,-0.1612,-0.0866,0.1018,0.12,0.0602,0.0156,0.0431,0.1375,0.2608,0.3831,0.4919,0.5783,0.6304,0.6455,0.6366,0.6185,0.7102,0.7316,0.754,0.7786,0.8077,0.8456,0.8993,0.9814,1.1119,1.3021,1.4846,1.5817,1.9525,1.9871,1.2323,0.937,0.7126,0.7627,0.9366,0.6477,0.3496,0.2554,0.275,0.2525,0.1683,0.0615,0.0546,0.1914,0.3554,0.494,0.6123,0.7096,0.7595,0.7521,0.7165,0.678,0.7021,0.7218,0.7432,0.7675,0.7967,0.8339,0.8838,0.9524,1.0442,1.1529,1.2541,1.3422,1.4374,1.4063,1.4538,1.5354,1.0144,0.8906,0.9649,0.9506,0.727,0.5501,0.4653,0.3771,0.1901,-0.1587,-0.2322,0.1656,0.454,0.6125,0.7272,0.829,0.8755,0.8425,0.7818,0.7272,0.6953,0.7137,0.734,0.7572,0.7848,0.8186,0.8612,0.9144,0.9777,1.0453,1.1078,1.159,1.1945,1.2267,1.378,1.4169,1.0766,0.9717,1.2069,1.3424,0.9583,0.7514,0.6497,0.5356,0.3156,-0.1491,-0.2559,0.3798,0.6564,0.7632,0.8212,0.8788,0.9105,0.8761,0.8151,0.7588,0.6891,0.7062,0.7251,0.7466,0.7715,0.8009,0.8357,0.876,0.9204,0.965,1.0049,1.0366,1.0606,1.0882,1.1278,1.1044,0.9994,0.9728,1.0902,1.1333,0.987,0.9194,0.877,0.7639,0.6453,0.6738,1.0682,1.0588,0.9852,0.9759,0.9346,0.8996,0.8898,0.8662,0.8225,0.775,0.6831,0.6989,0.7162,0.7355,0.7574,0.7823,0.8102,0.8408,0.8726,0.9032,0.93,0.951,0.9666,0.9786,0.9826,0.9632,0.9294,0.924,0.9585,0.986,1.028,1.1783,1.223,1.0235,0.9182,1.1225,1.5404,1.3889,1.3264,1.2815,1.1224,0.9859,0.9128,0.8692,0.8276,0.7851,0.6771,0.6915,0.7071,0.7243,0.7432,0.7639,0.7863,0.8097,0.8331,0.8549,0.8735,0.8878,0.8975,0.9022,0.9001,0.8901,0.8794,0.8824,0.9066,0.9595,1.0949,1.3728,1.4577,1.179,1.0345,1.1296,1.3076,1.4608,1.7672,1.6467,1.3266,1.0978,0.9679,0.8925,0.8391,0.7944,0.6711,0.6841,0.6981,0.7131,0.7293,0.7466,0.7646,0.7828,0.8004,0.8165,0.8299,0.8401,0.8466,0.8492,0.848,0.8446,0.8439,0.8531,0.8805,0.9404,1.0608,1.2314,1.2752,1.138,1.0524,1.1015,1.247,1.5143,1.8231,1.7044,1.3909,1.1534,1.0056,0.9136,0.8505,0.802]}]