docs/data/wind_grid.json
[{"header":{"la1":42.85,"la2":41.18,"lo1":11.55,"lo2":14.05,"nx":36,"ny":24,"dx":0.07143,"dy":0.07261,"parameterCategory":2,"parameterNumber":2,"parameterNumberName":"eastward_wind","parameterUnit":"m.s-1"},"data":[-0.5762,-0.576,-0.5737,-0.5693,-0.5633,-0.5562,-0.5487,-0.5415,-0.5351,-0.53,-0.5268,-0.5259,-0.5278,-0.532,-0.5378,-0.5432,-0.5453,-0.54,-0.524,-0.4964,-0.4614,-0.4272,-0.4019,-0.3886,-0.3848,-0.3861,-0.3888,-0.3909,-0.3918,-0.3915,-0.3905,-0.389,-0.3872,-0.3854,-0.3838,-0.3822,-0.593,-0.5934,-0.5909,-0.5854,-0.5774,-0.5679,-0.5581,-0.5488,-0.5406,-0.5339,-0.5297,-0.5289,-0.5321,-0.5397,-0.5506,-0.5628,-0.5716,-0.5699,-0.5497,-0.5068,-0.4482,-0.3919,-0.3568,-0.347,-0.3534,-0.3647,-0.3746,-0.3812,-0.3846,-0.3857,-0.3853,-0.3841,-0.3826,-0.381,-0.3796,-0.3782,-0.6136,-0.6154,-0.6128,-0.6058,-0.5949,-0.582,-0.5689,-0.557,-0.5465,-0.5375,-0.5314,-0.5299,-0.5346,-0.5462,-0.5646,-0.5877,-0.6099,-0.6191,-0.5966,-0.5273,-0.4195,-0.3169,-0.2684,-0.2764,-0.3083,-0.3387,-0.3596,-0.3717,-0.3777,-0.3798,-0.3799,-0.3789,-0.3776,-0.3762,-0.375,-0.3739,-0.6392,-0.6437,-0.642,-0.6329,-0.6175,-0.5989,-0.5813,-0.5666,-0.5538,-0.5415,-0.5318,-0.5282,-0.5337,-0.5498,-0.5776,-0.6174,-0.6647,-0.7025,-0.6909,-0.58,-0.3652,-0.1536,-0.0948,-0.1653,-0.2529,-0.3132,-0.3472,-0.3643,-0.3718,-0.3742,-0.3743,-0.3734,-0.3721,-0.371,-0.37,-0.3692,-0.671,-0.681,-0.6822,-0.6711,-0.6482,-0.6197,-0.5948,-0.5784,-0.5652,-0.5477,-0.5306,-0.5226,-0.5277,-0.5477,-0.5856,-0.6467,-0.7357,-0.8411,-0.891,-0.7372,-0.3042,0.1699,0.1986,-0.0352,-0.2099,-0.3004,-0.3425,-0.3606,-0.3672,-0.3688,-0.3683,-0.3671,-0.366,-0.3651,-0.3645,-0.3642,-0.7099,-0.7306,-0.7401,-0.7285,-0.6931,-0.6461,-0.6078,-0.5931,-0.5868,-0.5584,-0.5263,-0.5109,-0.5144,-0.5366,-0.5819,-0.6627,-0.8036,-1.035,-1.286,-1.1507,-0.4328,0.3835,0.3574,-0.017,-0.225,-0.3138,-0.3488,-0.3608,-0.3634,-0.3628,-0.3613,-0.3599,-0.359,-0.3585,-0.3585,-0.3587,-0.7541,-0.7937,-0.8238,-0.8195,-0.764,-0.6827,-0.6185,-0.6045,-0.6144,-0.5636,-0.5114,-0.4899,-0.4922,-0.5143,-0.5604,-0.6471,-0.8154,-1.1522,-1.6843,-1.6147,-0.8344,-0.2225,-0.0825,-0.218,-0.3134,-0.3519,-0.3622,-0.3616,-0.3581,-0.3547,-0.3523,-0.3511,-0.3509,-0.3512,-0.3519,-0.3529,-0.797,-0.8627,-0.9333,-0.9582,-0.8706,-0.7338,-0.6286,-0.5863,-0.5769,-0.5208,-0.4725,-0.4562,-0.4607,-0.4811,-0.5202,-0.5936,-0.7375,-1.0026,-1.3408,-1.3023,-1.0317,-0.8199,-0.5758,-0.46,-0.4159,-0.3903,-0.3709,-0.3566,-0.3475,-0.3425,-0.3405,-0.3404,-0.3415,-0.3431,-0.345,-0.3469,-0.8269,-0.9117,-1.0194,-1.0893,-0.9678,-0.7824,-0.6346,-0.5378,-0.471,-0.4214,-0.4064,-0.4112,-0.4219,-0.4402,-0.4672,-0.5156,-0.6262,-0.7941,-0.9568,-1.0538,-1.2419,-1.1546,-0.8053,-0.5853,-0.4676,-0.4002,-0.3603,-0.3382,-0.3277,-0.3244,-0.3251,-0.3276,-0.3309,-0.3344,-0.3378,-0.3409,-0.836,-0.9221,-1.0148,-1.0606,-0.995,-0.815,-0.632,-0.4783,-0.3214,-0.2555,-0.3181,-0.3623,-0.3777,-0.3946,-0.416,-0.4286,-0.5491,-0.6998,-0.8212,-0.9391,-1.1106,-1.0489,-0.7845,-0.5786,-0.4458,-0.3638,-0.3189,-0.2998,-0.296,-0.2996,-0.3061,-0.3131,-0.3197,-0.3256,-0.3307,-0.3351,-0.8262,-0.9145,-1.0358,-1.2124,-1.1599,-0.852,-0.6348,-0.4625,-0.1344,0.023,-0.2428,-0.3245,-0.3241,-0.3251,-0.3812,-0.4183,-0.5621,-0.7435,-0.8379,-0.8474,-0.8448,-0.7806,-0.635,-0.4796,-0.353,-0.2712,-0.2375,-0.2374,-0.2517,-0.2691,-0.285,-0.2982,-0.3088,-0.3173,-0.3242,-0.3299,-0.7975,-0.8805,-1.0074,-1.1788,-1.1162,-0.8153,-0.6547,-0.5971,-0.3605,-0.1661,-0.2858,-0.308,-0.2618,-0.1709,-0.276,-0.4492,-0.677,-1.0336,-1.1202,-0.9011,-0.7303,-0.6073,-0.4789,-0.3341,-0.1921,-0.1065,-0.1067,-0.1515,-0.1994,-0.2372,-0.2649,-0.285,-0.2996,-0.3105,-0.3189,-0.3256,-0.7511,-0.8096,-0.8797,-0.9281,-0.8649,-0.7279,-0.6762,-0.7035,-0.6519,-0.4354,-0.3496,-0.2943,-0.2489,-0.1365,-0.2499,-0.4757,-0.7749,-1.6939,-1.7262,-0.9892,-0.6507,-0.4733,-0.3368,-0.1733,0.0352,0.151,0.0707,-0.0576,-0.1513,-0.2116,-0.2504,-0.2761,-0.2936,-0.306,-0.3153,-0.3226,-0.6969,-0.7291,-0.7555,-0.7569,-0.7169,-0.6643,-0.6575,-0.7112,-0.6467,-0.4744,-0.3684,-0.2685,-0.2398,-0.2919,-0.3777,-0.5141,-0.6899,-1.1868,-1.2723,-0.79,-0.47,-0.3048,-0.2023,-0.0513,0.2251,0.3912,0.2055,-0.0023,-0.1285,-0.2018,-0.2461,-0.2739,-0.2919,-0.3042,-0.3134,-0.3208,-0.6451,-0.6599,-0.6663,-0.6578,-0.6339,-0.6081,-0.5965,-0.5873,-0.5331,-0.4515,-0.3972,-0.3463,-0.2957,-0.2112,-0.4209,-0.5533,-1.0962,-0.8124,-0.6714,-0.4042,-0.129,-0.045,-0.064,-0.0144,0.1566,0.2725,0.1382,-0.033,-0.1454,-0.2133,-0.2542,-0.2789,-0.2941,-0.3045,-0.3127,-0.3198,-0.6003,-0.6053,-0.6037,-0.5935,-0.5761,-0.5563,-0.5368,-0.5114,-0.4734,-0.4434,-0.465,-0.404,-0.3656,-0.3336,-0.4232,-0.6501,-0.9251,-0.6075,-0.3348,-0.0309,0.3855,0.3123,0.0742,-0.0086,0.008,0.0254,-0.0321,-0.1206,-0.1935,-0.243,-0.273,-0.2892,-0.2979,-0.3047,-0.3117,-0.319,-0.5627,-0.5624,-0.5573,-0.5468,-0.5316,-0.5133,-0.4925,-0.4683,-0.4433,-0.4328,-0.454,-0.4121,-0.3812,-0.3747,-0.3547,-0.3967,-0.3945,-0.1901,0.0388,0.1775,0.4809,0.3872,0.1265,-0.0094,-0.0732,-0.1148,-0.1601,-0.2094,-0.2534,-0.2837,-0.2974,-0.2985,-0.2968,-0.2999,-0.3079,-0.3173,-0.5314,-0.5282,-0.5213,-0.5105,-0.4963,-0.4793,-0.4599,-0.439,-0.4195,-0.4063,-0.3964,-0.3741,-0.3632,-0.3394,-0.1849,-0.0997,-0.0601,0.238,0.5292,0.3472,0.3,0.2344,0.1007,-0.0265,-0.1264,-0.194,-0.2373,-0.2808,-0.317,-0.3314,-0.3212,-0.2958,-0.2787,-0.2834,-0.2992,-0.3147,-0.5051,-0.5001,-0.4922,-0.4814,-0.4678,-0.4519,-0.434,-0.4151,-0.3964,-0.3785,-0.3585,-0.3306,-0.2872,-0.1726,0.1625,0.3028,0.1344,0.338,0.5548,0.6079,0.4182,0.2433,0.1017,-0.0409,-0.1719,-0.2279,-0.2437,-0.3387,-0.3947,-0.3915,-0.3434,-0.2716,-0.2353,-0.2556,-0.2893,-0.314,-0.4827,-0.4766,-0.4682,-0.4573,-0.4442,-0.4291,-0.4121,-0.3938,-0.3743,-0.3528,-0.3264,-0.2886,-0.2241,-0.0917,0.1518,0.2446,0.1844,0.3805,0.8878,1.1118,0.5935,0.3222,0.158,-0.0238,-0.2123,-0.2661,-0.2697,-0.4784,-0.5229,-0.4814,-0.3867,-0.2639,-0.2105,-0.2462,-0.2919,-0.3207,-0.4636,-0.4567,-0.4479,-0.4371,-0.4243,-0.4096,-0.3931,-0.3748,-0.3543,-0.3305,-0.3004,-0.2588,-0.1962,-0.1012,0.0141,0.0905,0.1609,0.3466,0.6621,0.7698,0.5543,0.4351,0.3283,0.0774,-0.251,-0.5684,-0.9173,-0.8659,-0.7158,-0.6179,-0.4905,-0.3497,-0.28,-0.291,-0.3194,-0.3386,-0.447,-0.4396,-0.4306,-0.4198,-0.4072,-0.3928,-0.3765,-0.3582,-0.3372,-0.3123,-0.2814,-0.2412,-0.1879,-0.1201,-0.0449,0.0284,0.116,0.2451,0.393,0.4761,0.5372,0.7376,0.7721,0.3318,-0.2133,-0.7594,-1.2421,-1.0662,-0.8954,-0.8076,-0.6485,-0.4921,-0.3987,-0.3674,-0.3633,-0.3645,-0.4325,-0.4249,-0.4157,-0.4049,-0.3925,-0.3783,-0.3623,-0.344,-0.323,-0.2983,-0.2684,-0.2316,-0.1865,-0.133,-0.0734,-0.008,0.0687,0.1615,0.263,0.3754,0.5852,1.0141,1.1486,0.5471,-0.098,-0.5957,-0.8982,-0.9769,-1.1183,-1.0317,-0.7975,-0.6097,-0.4945,-0.4344,-0.4054,-0.3905,-0.4199,-0.412,-0.4028,-0.3921,-0.3799,-0.366,-0.3502,-0.3323,-0.3118,-0.288,-0.2599,-0.2268,-0.1878,-0.1431,-0.093,-0.0369,0.027,0.1005,0.1861,0.3005,0.4901,0.7541,0.7946,0.4167,-0.0553,-0.4371,-0.707,-0.9357,-1.1449,-1.0624,-0.8386,-0.6599,-0.5446,-0.4754,-0.4348,-0.4103]},{"header":{"la1":42.85,"la2":41.18,"lo1":11.55,"lo2":14.05,"nx":36,"ny":24,"dx":0.07143,"dy":0.07261,"parameterCategory":2,"parameterNumber":3,"parameterNumberName":"northward_wind","parameterUnit":"m.s-1"},"data":[-0.2156,-0.1988,-0.179,-0.1564,-0.132,-0.108,-0.0878,-0.075,-0.0722,-0.0792,-0.0927,-0.1078,-0.1201,-0.1265,-0.1257,-0.1176,-0.1033,-0.0841,-0.0623,-0.0404,-0.0217,-0.0102,-0.0094,-0.0199,-0.0393,-0.0638,-0.09,-0.1158,-0.1401,-0.1625,-0.1829,-0.2015,-0.2184,-0.2337,-0.2476,-0.2601,-0.217,-0.1976,-0.1735,-0.1441,-0.11,-0.0742,-0.0421,-0.0214,-0.0183,-0.0329,-0.0589,-0.0867,-0.1088,-0.1209,-0.1216,-0.1114,-0.0919,-0.0653,-0.0343,-0.0018,0.028,0.0476,0.0492,0.0316,0.0009,-0.0348,-0.0703,-0.1032,-0.1326,-0.1588,-0.182,-0.2026,-0.2211,-0.2376,-0.2524,-0.2656,-0.2213,-0.1999,-0.1712,-0.1334,-0.0855,-0.0299,0.0247,0.0626,0.0681,0.0388,-0.0109,-0.0611,-0.0989,-0.1192,-0.1218,-0.1083,-0.0813,-0.0445,-0.0015,0.046,0.095,0.1315,0.1343,0.1009,0.0494,-0.0039,-0.0517,-0.0928,-0.1277,-0.1576,-0.1834,-0.2059,-0.2257,-0.2433,-0.2589,-0.2727,-0.2297,-0.2076,-0.1756,-0.1289,-0.0626,0.025,0.1238,0.2022,0.2166,0.1556,0.0578,-0.0319,-0.0933,-0.1244,-0.1288,-0.1102,-0.0724,-0.0211,0.0364,0.1007,0.1824,0.259,0.2624,0.1913,0.102,0.0242,-0.0379,-0.0871,-0.127,-0.1599,-0.1879,-0.2119,-0.2328,-0.2512,-0.2674,-0.2817,-0.243,-0.2228,-0.1909,-0.1383,-0.0517,0.0829,0.2664,0.4451,0.4902,0.3506,0.1498,-0.0059,-0.0984,-0.1411,-0.1464,-0.1205,-0.0664,0.0081,0.0832,0.1523,0.2744,0.4441,0.4388,0.2849,0.1422,0.0396,-0.0339,-0.0889,-0.1319,-0.1669,-0.1961,-0.221,-0.2427,-0.2616,-0.2783,-0.2929,-0.261,-0.2467,-0.2216,-0.1715,-0.0719,0.1146,0.4338,0.849,0.9954,0.6454,0.2411,-0.0026,-0.1241,-0.1747,-0.1795,-0.1453,-0.0698,0.0458,0.1605,0.1977,0.2934,0.5478,0.5262,0.3069,0.1407,0.0314,-0.0444,-0.1003,-0.1438,-0.179,-0.2084,-0.2337,-0.2556,-0.2749,-0.2918,-0.3065,-0.2816,-0.2775,-0.2684,-0.2356,-0.1422,0.0655,0.4883,1.2142,1.5576,0.8504,0.235,-0.0542,-0.1793,-0.229,-0.2337,-0.1951,-0.1024,0.058,0.251,0.2487,0.2075,0.3168,0.3258,0.2052,0.087,-0.0028,-0.07,-0.1216,-0.1626,-0.1964,-0.2251,-0.25,-0.2719,-0.2912,-0.3082,-0.3228,-0.3006,-0.3078,-0.3232,-0.3234,-0.2505,-0.0799,0.246,0.7854,1.022,0.488,0.0339,-0.1723,-0.2609,-0.3027,-0.3161,-0.2836,-0.1862,-0.031,0.129,0.146,0.1074,0.117,0.1212,0.0782,0.0118,-0.0525,-0.1069,-0.1512,-0.1878,-0.2188,-0.2459,-0.2701,-0.2918,-0.311,-0.3279,-0.3423,-0.3129,-0.3244,-0.3592,-0.3949,-0.327,-0.2327,-0.1149,0.0188,0.0199,-0.1417,-0.264,-0.3175,-0.348,-0.3863,-0.4412,-0.4371,-0.3134,-0.1616,-0.0411,0.0285,0.0811,0.0732,0.0346,-0.0078,-0.0575,-0.1071,-0.1506,-0.1872,-0.2182,-0.2455,-0.2706,-0.2939,-0.3154,-0.3346,-0.3514,-0.3655,-0.3173,-0.3179,-0.3288,-0.3385,-0.3029,-0.3289,-0.381,-0.4551,-0.5932,-0.6507,-0.529,-0.438,-0.4132,-0.4512,-0.6233,-0.7225,-0.441,-0.2478,-0.1349,-0.0444,0.0357,0.031,-0.0223,-0.0727,-0.1208,-0.1645,-0.2001,-0.2283,-0.2526,-0.2757,-0.2987,-0.3215,-0.3432,-0.3628,-0.3796,-0.3933,-0.3203,-0.3036,-0.2585,-0.1511,-0.1829,-0.3878,-0.5708,-0.7197,-0.9651,-1.0951,-0.7019,-0.5041,-0.4465,-0.4551,-0.5931,-0.7247,-0.416,-0.2625,-0.1898,-0.1245,-0.0721,-0.0621,-0.0904,-0.1364,-0.1878,-0.2309,-0.2581,-0.2747,-0.2899,-0.3081,-0.3298,-0.3532,-0.3761,-0.3968,-0.4138,-0.4267,-0.3305,-0.3105,-0.2595,-0.1681,-0.2202,-0.4915,-0.7531,-0.9044,-0.9433,-0.9435,-0.6781,-0.5196,-0.4732,-0.5241,-0.3837,-0.3235,-0.2513,-0.2558,-0.2494,-0.1803,-0.1308,-0.1188,-0.143,-0.1985,-0.2699,-0.3206,-0.3312,-0.3259,-0.3276,-0.3412,-0.3635,-0.3899,-0.416,-0.4387,-0.4561,-0.4677,-0.3495,-0.3419,-0.3274,-0.3258,-0.4125,-0.6227,-0.885,-1.0114,-1.0291,-0.776,-0.6063,-0.5628,-0.5066,-0.4537,-0.2225,-0.0788,-0.0726,-0.3616,-0.3813,-0.1996,-0.133,-0.1242,-0.1631,-0.253,-0.3817,-0.456,-0.4223,-0.3756,-0.3608,-0.3729,-0.4005,-0.4341,-0.4664,-0.4924,-0.5098,-0.5186,-0.371,-0.3775,-0.3909,-0.4274,-0.5136,-0.662,-0.8581,-1.0663,-0.9715,-0.6853,-0.5508,-0.6657,-0.6863,-0.292,-0.0617,0.3228,0.2465,-0.1003,-0.2202,-0.1282,-0.0689,-0.0683,-0.1371,-0.2742,-0.4813,-0.5911,-0.4901,-0.4024,-0.3813,-0.4018,-0.4433,-0.4911,-0.5338,-0.5643,-0.5801,-0.583,-0.3887,-0.403,-0.4266,-0.4672,-0.5328,-0.6233,-0.7218,-0.7765,-0.7,-0.5437,-0.4459,-0.4305,-0.3321,-0.1155,0.0381,0.4455,0.7406,0.2297,-0.0097,-0.0,0.1101,0.0971,-0.047,-0.2208,-0.4123,-0.5118,-0.4437,-0.3823,-0.384,-0.4298,-0.4985,-0.5712,-0.6303,-0.6651,-0.6745,-0.665,-0.3999,-0.4163,-0.4396,-0.4725,-0.5155,-0.5632,-0.5999,-0.5982,-0.5363,-0.4323,-0.3328,-0.3166,-0.318,-0.2385,-0.0644,0.2626,0.5311,0.1736,-0.0166,0.1143,0.5396,0.4283,0.0752,-0.1328,-0.2577,-0.3162,-0.314,-0.3191,-0.3703,-0.4622,-0.5779,-0.6928,-0.7769,-0.8118,-0.8027,-0.7682,-0.4052,-0.4203,-0.4395,-0.4629,-0.4886,-0.5113,-0.5212,-0.5068,-0.4633,-0.3989,-0.3384,-0.3524,-0.4741,-0.5156,-0.2599,-0.0871,-0.0277,-0.1622,-0.2578,-0.0031,0.5914,0.456,0.077,-0.0924,-0.141,-0.1357,-0.144,-0.2145,-0.3407,-0.5051,-0.6975,-0.8862,-1.0081,-1.0274,-0.9728,-0.892,-0.4063,-0.4188,-0.4333,-0.4489,-0.4636,-0.4737,-0.474,-0.4608,-0.4344,-0.4031,-0.3844,-0.4076,-0.5259,-0.5527,-0.4306,-0.3846,-0.3401,-0.5077,-0.7238,-0.391,-0.0552,0.0177,-0.0736,-0.1081,-0.0281,0.1272,0.1511,-0.0431,-0.2967,-0.5616,-0.8682,-1.1858,-1.3639,-1.3253,-1.1769,-1.0233,-0.4047,-0.4146,-0.4251,-0.4353,-0.4436,-0.4478,-0.4457,-0.4363,-0.4214,-0.4068,-0.4016,-0.4167,-0.4537,-0.4919,-0.6365,-0.7115,-0.5121,-0.5776,-0.6957,-0.6185,-0.4247,-0.2907,-0.2404,-0.1565,0.0906,0.5687,0.6727,0.1512,-0.2781,-0.6278,-1.0532,-1.5545,-1.8011,-1.6412,-1.3605,-1.1289,-0.4018,-0.4094,-0.417,-0.4237,-0.4285,-0.4303,-0.4282,-0.4222,-0.414,-0.4073,-0.4066,-0.4166,-0.4406,-0.4938,-0.6197,-0.6626,-0.5508,-0.5841,-0.7759,-0.8642,-0.6129,-0.481,-0.4063,-0.2741,0.0229,0.6106,0.7451,0.0193,-0.378,-0.6889,-1.123,-1.7025,-1.9807,-1.7559,-1.4223,-1.1658,-0.3985,-0.4044,-0.4098,-0.4144,-0.4174,-0.4183,-0.4168,-0.4134,-0.4092,-0.4065,-0.4079,-0.4163,-0.435,-0.4696,-0.5166,-0.5352,-0.5295,-0.5763,-0.691,-0.734,-0.6675,-0.6678,-0.6446,-0.4982,-0.3001,-0.2312,-0.5549,-0.5744,-0.5858,-0.738,-1.0227,-1.4291,-1.6595,-1.5506,-1.3219,-1.1204,-0.3953,-0.3998,-0.4039,-0.4072,-0.4093,-0.4101,-0.4094,-0.4077,-0.4059,-0.4055,-0.4081,-0.4153,-0.4288,-0.4491,-0.472,-0.49,-0.5096,-0.5499,-0.6097,-0.6666,-0.7693,-0.9924,-1.0543,-0.7892,-0.58,-0.6579,-0.9697,-0.8348,-0.749,-0.7897,-0.9019,-1.1003,-1.2489,-1.2458,-1.1454,-1.0251,-0.3923,-0.396,-0.3992,-0.4017,-0.4035,-0.4043,-0.4043,-0.4039,-0.4037,-0.4047,-0.4078,-0.4141,-0.4244,-0.4384,-0.4549,-0.4734,-0.4979,-0.5351,-0.5902,-0.6808,-0.8765,-1.2384,-1.3455,-0.9759,-0.7158,-0.6956,-0.7799,-0.8035,-0.8693,-0.8524,-0.848,-0.9192,-0.9968,-1.019,-0.985,-0.9229,-0.3898,-0.3928,-0.3954,-0.3976,-0.3992,-0.4002,-0.4008,-0.4013,-0.4022,-0.4041,-0.4076,-0.4135,-0.4221,-0.4337,-0.4482,-0.4667,-0.4918,-0.5283,-0.5839,-0.6771,-0.8414,-1.0601,-1.112,-0.9164,-0.7431,-0.6954,-0.7271,-0.7997,-0.8827,-0.8599,-0.8225,-0.8342,-0.8649,-0.88,-0.8683,-0.8363]}]