docs/data/wind_grid.json
[{"header":{"la1":42.85,"la2":41.18,"lo1":11.55,"lo2":14.05,"nx":36,"ny":24,"dx":0.07143,"dy":0.07261,"parameterCategory":2,"parameterNumber":2,"parameterNumberName":"eastward_wind","parameterUnit":"m.s-1"},"data":[1.5726,1.5763,1.5802,1.5842,1.5876,1.5898,1.5896,1.5858,1.5774,1.5636,1.5446,1.5207,1.4925,1.4603,1.4247,1.3871,1.3499,1.3169,1.2923,1.2792,1.2782,1.2875,1.3036,1.3229,1.3427,1.3613,1.378,1.3923,1.4044,1.4144,1.4227,1.4294,1.435,1.4395,1.4433,1.4464,1.5767,1.5818,1.5875,1.5939,1.6003,1.6059,1.6089,1.6074,1.5992,1.5836,1.5607,1.5317,1.4972,1.4574,1.4121,1.3622,1.3109,1.2642,1.23,1.2144,1.2184,1.2376,1.2649,1.2946,1.3227,1.3476,1.3687,1.386,1.4001,1.4114,1.4204,1.4276,1.4333,1.4379,1.4416,1.4447,1.5803,1.5868,1.5946,1.6039,1.6144,1.6252,1.6338,1.6367,1.6297,1.6112,1.5827,1.5468,1.5048,1.456,1.3987,1.3321,1.259,1.1892,1.1383,1.12,1.1352,1.1728,1.2188,1.2637,1.3029,1.3352,1.3611,1.3814,1.3973,1.4096,1.4191,1.4264,1.4321,1.4366,1.4401,1.443,1.583,1.5907,1.6007,1.6134,1.6292,1.6477,1.666,1.6776,1.6734,1.6496,1.6114,1.5659,1.5155,1.4575,1.3868,1.2981,1.1914,1.0805,0.9985,0.9778,1.0185,1.0911,1.1673,1.2332,1.2857,1.326,1.3565,1.3793,1.3965,1.4092,1.4188,1.426,1.4314,1.4355,1.4387,1.4413,1.5843,1.5929,1.6046,1.6206,1.6423,1.6713,1.7059,1.7355,1.738,1.7026,1.6463,1.5875,1.5287,1.4634,1.3806,1.2669,1.1114,0.9271,0.782,0.7627,0.8615,0.9976,1.1178,1.2091,1.2752,1.3225,1.3563,1.3805,1.398,1.4106,1.4197,1.4262,1.431,1.4345,1.4372,1.4394,1.5838,1.5928,1.6053,1.6233,1.6499,1.6897,1.747,1.8109,1.8294,1.7674,1.6801,1.6062,1.5426,1.4753,1.387,1.2535,1.0429,0.745,0.4796,0.4735,0.6873,0.9174,1.087,1.2007,1.2761,1.3269,1.3616,1.3855,1.4021,1.4136,1.4215,1.427,1.4307,1.4334,1.4354,1.437,1.5814,1.5898,1.6017,1.6195,1.647,1.6914,1.7644,1.8658,1.9074,1.808,1.6935,1.6152,1.5551,1.4939,1.4116,1.2785,1.0438,0.6565,0.2577,0.2717,0.6054,0.9042,1.0975,1.2169,1.292,1.3407,1.3728,1.3942,1.4085,1.4179,1.424,1.4279,1.4303,1.4319,1.433,1.434,1.5771,1.584,1.5939,1.6086,1.6315,1.6685,1.7287,1.8104,1.8409,1.7609,1.6739,1.6133,1.5658,1.5176,1.453,1.3467,1.156,0.8353,0.4934,0.4855,0.7523,0.9986,1.1598,1.2598,1.3227,1.3631,1.3893,1.4061,1.4167,1.4231,1.4267,1.4285,1.4292,1.4295,1.4296,1.43,1.5715,1.5761,1.5826,1.5922,1.6068,1.6294,1.6624,1.6988,1.7117,1.6886,1.6492,1.6097,1.5759,1.5431,1.5008,1.4333,1.3202,1.1497,0.9785,0.9412,1.0394,1.1614,1.2559,1.3206,1.3634,1.3913,1.409,1.4197,1.4257,1.4283,1.4288,1.4281,1.4268,1.4256,1.4247,1.4244,1.565,1.5671,1.5697,1.5732,1.5786,1.5876,1.6045,1.6352,1.6778,1.6899,1.6505,1.6111,1.5854,1.5659,1.5429,1.5073,1.4537,1.3832,1.3124,1.2743,1.2828,1.3169,1.3542,1.3847,1.4067,1.4211,1.4295,1.4334,1.434,1.4323,1.4293,1.4258,1.4223,1.4195,1.4176,1.4168,1.5585,1.558,1.5568,1.5544,1.5507,1.5464,1.5486,1.5861,1.7163,1.7761,1.6644,1.6123,1.593,1.5829,1.5725,1.5565,1.5384,1.5211,1.4954,1.461,1.4371,1.4305,1.4342,1.4407,1.4461,1.4486,1.4482,1.4452,1.4402,1.4339,1.4271,1.4204,1.4146,1.4101,1.4074,1.4064,1.5527,1.55,1.5456,1.5384,1.5266,1.5077,1.481,1.471,1.5924,1.6897,1.6332,1.6119,1.601,1.5916,1.5876,1.5828,1.59,1.615,1.6106,1.5655,1.5261,1.5032,1.4912,1.4841,1.478,1.4711,1.4629,1.4534,1.4429,1.4318,1.4208,1.4107,1.4023,1.3963,1.393,1.3923,1.5481,1.544,1.5376,1.5275,1.5113,1.4841,1.4391,1.3857,1.44,1.5505,1.5977,1.639,1.6311,1.5931,1.5909,1.5951,1.6208,1.6865,1.6852,1.6166,1.5715,1.5453,1.5283,1.5146,1.5012,1.4872,1.4722,1.4567,1.4406,1.4245,1.4089,1.3949,1.3837,1.3764,1.3731,1.3736,1.5449,1.5402,1.5332,1.5228,1.5071,1.4832,1.4493,1.4161,1.4441,1.522,1.5799,1.6886,1.7149,1.5953,1.5869,1.6073,1.6374,1.6644,1.6631,1.621,1.5865,1.5649,1.5497,1.5342,1.5161,1.4959,1.4748,1.4535,1.4322,1.4107,1.3896,1.3707,1.3563,1.3479,1.3458,1.3491,1.5432,1.5385,1.532,1.5231,1.5109,1.4954,1.4788,1.4713,1.4889,1.5172,1.5327,1.5516,1.5601,1.516,1.5694,1.6367,1.6938,1.6557,1.6375,1.6098,1.5766,1.5631,1.5588,1.5457,1.5232,1.4963,1.4689,1.4426,1.4164,1.389,1.3609,1.3352,1.3164,1.3078,1.309,1.3175,1.5428,1.5386,1.5331,1.5262,1.5179,1.509,1.502,1.5008,1.506,1.5071,1.4971,1.4226,1.4535,1.4999,1.5462,1.6245,1.6749,1.6571,1.6433,1.6013,1.5286,1.5362,1.5615,1.5526,1.5224,1.4857,1.4519,1.4225,1.3931,1.3591,1.3206,1.2838,1.2589,1.2517,1.2604,1.2785,1.5434,1.5398,1.5354,1.5303,1.5248,1.5194,1.5154,1.5132,1.5107,1.5029,1.4921,1.4532,1.3567,1.3231,1.5006,1.5958,1.6449,1.671,1.6786,1.6358,1.5283,1.5431,1.5777,1.5592,1.5108,1.4582,1.4193,1.3922,1.3634,1.3222,1.2671,1.211,1.1767,1.1757,1.1994,1.2333,1.5446,1.5417,1.5384,1.5347,1.5308,1.5271,1.5238,1.5204,1.5152,1.5056,1.4893,1.4519,1.344,1.3325,1.5296,1.6237,1.6679,1.7063,1.7051,1.7359,1.6831,1.6436,1.6209,1.5667,1.4834,1.4052,1.3672,1.3535,1.3311,1.2826,1.2024,1.1136,1.067,1.082,1.1317,1.1878,1.5463,1.5441,1.5416,1.5389,1.5361,1.5334,1.5306,1.5273,1.5224,1.5148,1.5029,1.4842,1.4665,1.5123,1.6498,1.6939,1.7026,1.7638,1.8107,1.9662,1.8719,1.7612,1.6789,1.5787,1.4476,1.3359,1.3109,1.3148,1.2997,1.2484,1.1415,1.0116,0.9539,0.9948,1.0756,1.1532,1.5483,1.5467,1.5449,1.5431,1.5412,1.5393,1.5373,1.535,1.5321,1.5283,1.5243,1.5232,1.5358,1.583,1.6601,1.6919,1.7322,1.8704,2.2003,2.3471,2.0315,1.8607,1.7533,1.6167,1.4424,1.3142,1.2923,1.2701,1.2644,1.2281,1.1196,0.9745,0.9134,0.9659,1.0581,1.1429,1.5505,1.5495,1.5483,1.5472,1.5461,1.5451,1.5442,1.5434,1.5428,1.5429,1.5451,1.5527,1.5711,1.6052,1.6483,1.6889,1.7535,1.8844,2.0861,2.1548,2.0277,1.9567,1.8898,1.7183,1.4812,1.2765,1.1294,1.1522,1.2198,1.2244,1.1514,1.0411,0.9868,1.0189,1.0899,1.1614,1.5528,1.5522,1.5517,1.5512,1.5509,1.5508,1.551,1.5517,1.5533,1.5563,1.5623,1.5731,1.5914,1.6184,1.6525,1.6945,1.7546,1.8419,1.938,1.9916,2.0307,2.1479,2.1672,1.9083,1.5601,1.2392,1.0223,1.0893,1.2028,1.2378,1.2052,1.1422,1.1028,1.1115,1.1516,1.2003,1.5551,1.555,1.555,1.5551,1.5555,1.5562,1.5575,1.5595,1.5627,1.5677,1.5755,1.5874,1.6047,1.6282,1.658,1.6958,1.7448,1.8055,1.8713,1.9427,2.0685,2.2994,2.3658,2.0524,1.6677,1.3616,1.192,1.1909,1.2459,1.2714,1.2582,1.2256,1.2006,1.1988,1.2176,1.2465,1.5574,1.5577,1.5581,1.5588,1.5598,1.5613,1.5634,1.5664,1.5707,1.5768,1.5854,1.5975,1.6136,1.6345,1.6606,1.693,1.7326,1.7796,1.8349,1.9074,2.0221,2.1698,2.193,1.9926,1.7208,1.4967,1.3622,1.3172,1.3172,1.3191,1.3081,1.2888,1.2726,1.2677,1.2751,1.2909]},{"header":{"la1":42.85,"la2":41.18,"lo1":11.55,"lo2":14.05,"nx":36,"ny":24,"dx":0.07143,"dy":0.07261,"parameterCategory":2,"parameterNumber":3,"parameterNumberName":"northward_wind","parameterUnit":"m.s-1"},"data":[0.9266,0.9483,0.9718,0.9962,1.0203,1.0419,1.0582,1.066,1.0634,1.0508,1.0309,1.008,0.986,0.9675,0.9538,0.945,0.9395,0.9348,0.9279,0.916,0.8979,0.8744,0.8471,0.8181,0.7893,0.7618,0.7361,0.7126,0.6913,0.6721,0.6547,0.6392,0.6253,0.6128,0.6017,0.5917,0.9379,0.9638,0.9928,1.0246,1.058,1.09,1.116,1.1298,1.127,1.1076,1.077,1.043,1.0122,0.9886,0.9737,0.9672,0.9669,0.9687,0.9667,0.956,0.9345,0.9043,0.8691,0.8326,0.7975,0.765,0.7356,0.7094,0.6861,0.6655,0.6472,0.6309,0.6165,0.6038,0.5925,0.5825,0.9473,0.9775,1.0129,1.054,1.1003,1.1489,1.1922,1.2186,1.2166,1.185,1.1351,1.0826,1.0387,1.0083,0.9925,0.9907,1.0002,1.0143,1.0223,1.0137,0.9855,0.9433,0.8953,0.848,0.8046,0.7662,0.7329,0.7039,0.6788,0.6569,0.6378,0.621,0.6063,0.5933,0.582,0.5721,0.9536,0.9878,1.0297,1.0813,1.1447,1.2187,1.2942,1.348,1.3507,1.2951,1.2087,1.1255,1.0628,1.024,1.0081,1.0141,1.0405,1.0783,1.1064,1.101,1.0578,0.9929,0.9244,0.862,0.8087,0.7641,0.7268,0.6954,0.6688,0.646,0.6263,0.6092,0.5943,0.5814,0.5701,0.5604,0.9557,0.9927,1.0397,1.1013,1.184,1.2935,1.4256,1.5415,1.5616,1.4545,1.2968,1.1654,1.0796,1.0327,1.0175,1.034,1.0861,1.1676,1.2372,1.235,1.1566,1.0501,0.9512,0.8705,0.8068,0.7565,0.7162,0.6831,0.6556,0.6324,0.6125,0.5954,0.5806,0.5678,0.5568,0.5474,0.9526,0.9903,1.0393,1.1066,1.204,1.3506,1.5651,1.809,1.8825,1.6616,1.377,1.186,1.0819,1.0316,1.0181,1.0432,1.1244,1.2734,1.4224,1.4187,1.268,1.0979,0.9638,0.8664,0.7952,0.7416,0.6999,0.6665,0.639,0.6159,0.5963,0.5795,0.565,0.5526,0.5419,0.5329,0.9441,0.9799,1.0265,1.091,1.1878,1.3463,1.6176,2.0114,2.177,1.7876,1.3785,1.163,1.0649,1.0218,1.0097,1.0331,1.1233,1.3236,1.5603,1.5492,1.3181,1.0981,0.9452,0.8424,0.7706,0.718,0.6776,0.6454,0.6189,0.5967,0.5777,0.5614,0.5475,0.5355,0.5254,0.517,0.931,0.9627,1.0024,1.0551,1.131,1.2521,1.4599,1.7694,1.8873,1.5463,1.2315,1.0893,1.0354,1.0127,1.0005,1.0053,1.0602,1.2114,1.407,1.4028,1.2077,1.0185,0.8858,0.796,0.7328,0.6859,0.6496,0.6201,0.5956,0.5748,0.5568,0.5413,0.528,0.5166,0.5072,0.4994,0.9147,0.9414,0.9724,1.0093,1.0542,1.1108,1.1811,1.2415,1.2024,1.0695,0.9997,0.9995,1.0175,1.0245,1.0089,0.98,0.9681,1.0065,1.0749,1.0745,0.9861,0.8814,0.7965,0.733,0.6851,0.6476,0.6172,0.5917,0.5698,0.5507,0.5339,0.5192,0.5065,0.4958,0.487,0.4801,0.897,0.9192,0.9431,0.9675,0.9892,1.0003,0.9804,0.8855,0.6881,0.6097,0.7782,0.9424,1.0438,1.0871,1.0619,0.9817,0.8884,0.8246,0.8041,0.7977,0.7753,0.739,0.7001,0.6645,0.6333,0.6063,0.5825,0.5614,0.5423,0.5249,0.5092,0.4951,0.483,0.4729,0.4648,0.4589,0.8791,0.8983,0.9184,0.938,0.9542,0.9592,0.9313,0.7919,0.3373,0.1211,0.6374,0.9571,1.1404,1.2398,1.1918,1.0208,0.8138,0.6416,0.5698,0.5832,0.6102,0.62,0.6143,0.6006,0.5835,0.5657,0.548,0.5308,0.5141,0.4981,0.4829,0.4691,0.4572,0.4475,0.4402,0.4354,0.8612,0.8788,0.8981,0.9195,0.9438,0.9734,1.0107,1.0092,0.6742,0.4198,0.7598,1.0454,1.2809,1.5209,1.4089,1.0724,0.7009,0.3503,0.2672,0.3898,0.4868,0.5325,0.5479,0.5477,0.54,0.5287,0.5157,0.5015,0.4864,0.4708,0.4554,0.441,0.4286,0.419,0.4126,0.4091,0.8428,0.8593,0.8788,0.9031,0.9368,0.9902,1.0818,1.198,1.0745,0.8622,0.9342,1.1542,1.3124,1.6094,1.4876,1.0323,0.5672,-0.0454,-0.0666,0.2621,0.4195,0.4828,0.5052,0.5091,0.505,0.4973,0.4873,0.4749,0.4602,0.4437,0.4264,0.41,0.3963,0.3864,0.3809,0.3795,0.8232,0.8382,0.8565,0.8805,0.9146,0.9667,1.044,1.1233,1.0567,0.9033,0.9358,1.2492,1.3586,1.2607,1.1236,0.8454,0.5445,0.1821,0.1108,0.3048,0.4265,0.4776,0.4888,0.4853,0.4792,0.4727,0.4646,0.453,0.4371,0.4173,0.3956,0.3749,0.3583,0.3478,0.344,0.3456,0.802,0.8145,0.8296,0.8488,0.8741,0.9069,0.9422,0.9521,0.8838,0.7685,0.721,0.815,0.8959,0.7317,0.8462,0.6319,0.499,0.4192,0.3467,0.4055,0.5053,0.5305,0.4999,0.4732,0.4608,0.456,0.4505,0.4387,0.4189,0.3922,0.3618,0.3331,0.3115,0.3004,0.2997,0.3066,0.7792,0.7884,0.7988,0.8108,0.8238,0.8352,0.8365,0.8089,0.7302,0.5894,0.3913,0.4314,0.537,0.6392,0.6199,0.5275,0.4719,0.3878,0.3387,0.454,0.6881,0.6535,0.5214,0.4609,0.4474,0.4511,0.4514,0.4377,0.4091,0.3689,0.3228,0.2797,0.2503,0.2399,0.246,0.262,0.7556,0.761,0.7663,0.7708,0.773,0.7692,0.7525,0.7125,0.6385,0.5224,0.3885,0.4072,0.2805,0.195,0.3455,0.3257,0.2841,0.1839,0.131,0.3368,0.6977,0.6464,0.4854,0.4305,0.4404,0.4707,0.4823,0.4596,0.4116,0.3477,0.2747,0.2075,0.1671,0.1622,0.1824,0.2131,0.7317,0.7335,0.7341,0.7325,0.7269,0.7143,0.6904,0.6504,0.5915,0.5182,0.4487,0.3751,0.189,0.1048,0.0162,-0.087,0.0045,-0.0862,-0.2432,0.0326,0.3056,0.3865,0.366,0.38,0.4521,0.5434,0.5699,0.5139,0.4273,0.3283,0.2155,0.1106,0.0578,0.069,0.1142,0.1653,0.7083,0.7069,0.7036,0.6974,0.6868,0.6697,0.6436,0.6065,0.5581,0.5007,0.4353,0.3486,0.2194,0.0067,-0.5707,-0.799,-0.2502,-0.1433,-0.2082,-0.1223,0.0374,0.1598,0.2265,0.3161,0.4786,0.6813,0.7226,0.5805,0.4428,0.3116,0.1566,0.007,-0.0542,-0.0162,0.0583,0.129,0.6859,0.6819,0.6756,0.6662,0.6525,0.6331,0.6066,0.5718,0.5283,0.4755,0.4101,0.3217,0.1865,-0.0628,-0.5121,-0.6477,-0.2742,-0.1394,-0.2236,-0.2718,-0.1068,-0.0086,0.0657,0.2064,0.4341,0.695,0.7451,0.5595,0.4303,0.302,0.1354,-0.0314,-0.0941,-0.0447,0.0396,0.1156,0.6649,0.6588,0.6503,0.6387,0.6231,0.6026,0.5762,0.5429,0.5019,0.4518,0.3887,0.305,0.1869,0.0175,-0.1725,-0.2324,-0.1479,-0.111,-0.167,-0.1961,-0.177,-0.226,-0.2097,-0.0082,0.2711,0.4566,0.4575,0.4402,0.3944,0.3011,0.168,0.0346,-0.0242,0.0031,0.0656,0.128,0.6455,0.6378,0.6276,0.6146,0.598,0.577,0.5509,0.519,0.4803,0.4332,0.3753,0.3027,0.2118,0.1055,0.0084,-0.0408,-0.0474,-0.0626,-0.1081,-0.1761,-0.3349,-0.6442,-0.7223,-0.3449,0.0814,0.3345,0.4037,0.3972,0.3636,0.2999,0.213,0.1275,0.0805,0.0833,0.116,0.1571,0.6278,0.6188,0.6076,0.5937,0.5765,0.5555,0.5301,0.4996,0.4634,0.4202,0.369,0.3084,0.2391,0.166,0.1003,0.0526,0.0179,-0.0224,-0.0874,-0.2105,-0.4836,-0.9456,-1.071,-0.5812,-0.0765,0.2215,0.3379,0.3505,0.3284,0.29,0.2401,0.1909,0.159,0.1527,0.1665,0.1905,0.6116,0.6018,0.5899,0.5755,0.5582,0.5375,0.513,0.4843,0.4507,0.4118,0.367,0.3165,0.2616,0.2055,0.153,0.1066,0.0625,0.0102,-0.067,-0.1991,-0.4297,-0.7201,-0.7804,-0.4847,-0.1275,0.1169,0.24,0.2831,0.2875,0.2735,0.25,0.2247,0.2063,0.2002,0.206,0.22]}]