docs/data/wind_grid.json
[{"header":{"la1":42.85,"la2":41.18,"lo1":11.55,"lo2":14.05,"nx":36,"ny":24,"dx":0.07143,"dy":0.07261,"parameterCategory":2,"parameterNumber":2,"parameterNumberName":"eastward_wind","parameterUnit":"m.s-1"},"data":[-0.9987,-1.0071,-1.0162,-1.0261,-1.0364,-1.0465,-1.0559,-1.064,-1.0712,-1.0789,-1.0901,-1.1078,-1.1343,-1.1683,-1.2035,-1.2288,-1.2332,-1.2141,-1.178,-1.1347,-1.0915,-1.0519,-1.0169,-0.9863,-0.9596,-0.9362,-0.9155,-0.8971,-0.8808,-0.8662,-0.8532,-0.8416,-0.8314,-0.8223,-0.8143,-0.8073,-1.0025,-1.0121,-1.0229,-1.0351,-1.0482,-1.0616,-1.0737,-1.0831,-1.0895,-1.0948,-1.1042,-1.1242,-1.1604,-1.2139,-1.2758,-1.3238,-1.333,-1.2985,-1.2383,-1.1731,-1.1141,-1.0641,-1.0224,-0.9876,-0.9579,-0.9324,-0.9102,-0.8907,-0.8735,-0.8583,-0.8448,-0.8329,-0.8225,-0.8133,-0.8053,-0.7983,-1.0057,-1.0166,-1.0294,-1.0445,-1.0619,-1.0805,-1.0981,-1.1107,-1.1156,-1.1148,-1.1175,-1.1358,-1.1816,-1.2626,-1.3706,-1.4632,-1.4792,-1.4103,-1.3068,-1.2099,-1.1319,-1.0714,-1.0238,-0.9853,-0.9533,-0.9262,-0.9027,-0.8823,-0.8644,-0.8487,-0.8349,-0.8228,-0.8122,-0.803,-0.7951,-0.7883,-1.0081,-1.0202,-1.035,-1.0535,-1.0766,-1.1041,-1.1327,-1.154,-1.1579,-1.1444,-1.1304,-1.1382,-1.1879,-1.2978,-1.4714,-1.6418,-1.6657,-1.5312,-1.3646,-1.2326,-1.1385,-1.0706,-1.0194,-0.9788,-0.9454,-0.9171,-0.8927,-0.8716,-0.8532,-0.8372,-0.8231,-0.811,-0.8004,-0.7913,-0.7836,-0.7771,-1.0093,-1.0222,-1.0386,-1.0604,-1.0902,-1.1305,-1.1803,-1.2245,-1.2322,-1.193,-1.1442,-1.1275,-1.167,-1.286,-1.5042,-1.7476,-1.7781,-1.5811,-1.3717,-1.225,-1.1277,-1.0597,-1.0086,-0.9678,-0.9339,-0.905,-0.8801,-0.8586,-0.8399,-0.8236,-0.8095,-0.7974,-0.787,-0.7781,-0.7707,-0.7646,-1.0091,-1.0221,-1.0391,-1.0626,-1.0974,-1.1515,-1.2332,-1.3288,-1.3572,-1.2655,-1.1545,-1.0999,-1.1138,-1.2052,-1.3849,-1.5896,-1.6236,-1.4699,-1.302,-1.1822,-1.1002,-1.0401,-0.9925,-0.9529,-0.9191,-0.8899,-0.8647,-0.8429,-0.8241,-0.8078,-0.7939,-0.7819,-0.7718,-0.7633,-0.7563,-0.7507,-1.0077,-1.02,-1.0359,-1.0581,-1.0922,-1.1501,-1.2536,-1.4109,-1.4792,-1.3116,-1.1345,-1.0489,-1.0357,-1.0827,-1.1824,-1.2921,-1.3272,-1.2728,-1.193,-1.1233,-1.0661,-1.0171,-0.9738,-0.9352,-0.9013,-0.8718,-0.8463,-0.8244,-0.8056,-0.7896,-0.7759,-0.7644,-0.7546,-0.7467,-0.7402,-0.7352,-1.0052,-1.0163,-1.0299,-1.0478,-1.0735,-1.1158,-1.192,-1.3116,-1.3562,-1.2027,-1.05,-0.9704,-0.9431,-0.9575,-1.0067,-1.0696,-1.1133,-1.1231,-1.108,-1.0786,-1.0403,-0.9978,-0.9553,-0.9157,-0.8805,-0.8503,-0.8245,-0.8028,-0.7843,-0.7687,-0.7556,-0.7445,-0.7354,-0.728,-0.7223,-0.7181,-1.0024,-1.0123,-1.0234,-1.0361,-1.0506,-1.0677,-1.0874,-1.1006,-1.0708,-0.9937,-0.9261,-0.8761,-0.8426,-0.8377,-0.8705,-0.9336,-1.0043,-1.0588,-1.082,-1.0712,-1.0352,-0.9874,-0.9384,-0.8939,-0.856,-0.8246,-0.7988,-0.7776,-0.7599,-0.745,-0.7326,-0.7222,-0.7138,-0.7072,-0.7024,-0.6992,-0.9998,-1.009,-1.0188,-1.0287,-1.0369,-1.039,-1.0241,-0.9709,-0.8697,-0.8107,-0.8165,-0.7871,-0.7346,-0.7065,-0.7417,-0.8411,-0.9709,-1.0845,-1.1372,-1.1189,-1.0578,-0.9858,-0.9203,-0.867,-0.8254,-0.7934,-0.7684,-0.7484,-0.732,-0.7183,-0.7068,-0.6972,-0.6896,-0.6839,-0.6801,-0.6781,-0.9976,-1.0069,-1.0172,-1.0282,-1.039,-1.0457,-1.0356,-0.9641,-0.7409,-0.6387,-0.7527,-0.717,-0.6112,-0.5276,-0.5773,-0.7609,-1.0103,-1.2421,-1.3245,-1.2424,-1.1057,-0.9835,-0.8923,-0.8288,-0.7853,-0.7548,-0.7323,-0.7149,-0.7006,-0.6885,-0.6781,-0.6694,-0.6625,-0.6577,-0.6551,-0.6546,-0.9955,-1.0055,-1.0175,-1.0324,-1.052,-1.0786,-1.1118,-1.1169,-0.9269,-0.7569,-0.7685,-0.6731,-0.4891,-0.2554,-0.3499,-0.6939,-1.1477,-1.6704,-1.7647,-1.4468,-1.1489,-0.9541,-0.8375,-0.7704,-0.7315,-0.7073,-0.6904,-0.6772,-0.6659,-0.6556,-0.6463,-0.6382,-0.6319,-0.6281,-0.6268,-0.6282,-0.993,-1.0036,-1.0172,-1.0355,-1.0627,-1.1063,-1.1759,-1.2124,-1.1974,-0.9589,-0.8049,-0.6561,-0.5143,-0.1638,-0.259,-0.7176,-1.3047,-2.3626,-2.3778,-1.5793,-1.0976,-0.8496,-0.7325,-0.6827,-0.6617,-0.651,-0.6432,-0.6359,-0.6283,-0.6201,-0.6114,-0.6033,-0.5971,-0.5939,-0.5944,-0.5983,-0.9895,-1.0003,-1.0141,-1.033,-1.0607,-1.1035,-1.1697,-1.2604,-1.1973,-1.0015,-0.8455,-0.6352,-0.5797,-0.7601,-0.6429,-0.858,-1.2058,-1.836,-1.9069,-1.2938,-0.8324,-0.6122,-0.5563,-0.563,-0.5789,-0.5891,-0.593,-0.5926,-0.5889,-0.5823,-0.5732,-0.5636,-0.5563,-0.5537,-0.5565,-0.5641,-0.9849,-0.995,-1.0076,-1.0241,-1.0462,-1.0754,-1.1091,-1.1271,-1.0868,-1.0204,-0.9734,-0.8821,-0.8077,-0.8075,-0.8223,-1.0059,-1.1659,-1.1794,-1.1139,-0.7341,-0.2989,-0.1905,-0.31,-0.4272,-0.4953,-0.5281,-0.5425,-0.5485,-0.5489,-0.543,-0.5313,-0.5174,-0.5071,-0.5047,-0.5112,-0.5246,-0.9791,-0.988,-0.9986,-1.0116,-1.0268,-1.0434,-1.0571,-1.06,-1.0541,-1.0825,-1.2021,-1.0977,-1.0166,-0.9252,-0.9244,-1.0077,-1.0909,-0.9556,-0.7241,-0.2377,0.4779,0.3638,-0.0759,-0.3215,-0.4306,-0.4739,-0.4922,-0.504,-0.5097,-0.5037,-0.4851,-0.4612,-0.4444,-0.443,-0.4566,-0.4795,-0.9725,-0.98,-0.9885,-0.9981,-1.0084,-1.0184,-1.0263,-1.0324,-1.0466,-1.0959,-1.1895,-1.132,-1.1923,-1.238,-1.0321,-0.9635,-0.8956,-0.7227,-0.511,-0.1473,0.5757,0.4254,-0.0493,-0.2985,-0.3966,-0.4226,-0.4346,-0.4564,-0.4737,-0.4673,-0.4339,-0.3895,-0.3612,-0.3641,-0.3918,-0.43,-0.9653,-0.9715,-0.9782,-0.9854,-0.9927,-0.9998,-1.0066,-1.0151,-1.0309,-1.0594,-1.0893,-1.1112,-1.2284,-1.2528,-1.0793,-0.9931,-0.8225,-0.5253,-0.3342,-0.3293,-0.0983,-0.0611,-0.2208,-0.3451,-0.3789,-0.3492,-0.346,-0.402,-0.448,-0.4408,-0.3793,-0.297,-0.2522,-0.269,-0.3218,-0.3817,-0.9579,-0.9629,-0.9682,-0.9737,-0.9792,-0.9848,-0.9909,-0.9988,-1.0105,-1.0266,-1.0444,-1.0668,-1.0996,-1.1012,-1.1288,-1.1494,-0.8663,-0.5491,-0.4023,-0.4428,-0.3925,-0.3508,-0.3748,-0.4031,-0.3635,-0.2294,-0.2011,-0.3593,-0.4531,-0.4372,-0.3332,-0.1983,-0.1383,-0.1806,-0.2645,-0.3459,-0.9505,-0.9544,-0.9586,-0.9627,-0.967,-0.9714,-0.9762,-0.9823,-0.9901,-0.9995,-1.0098,-1.0207,-1.0306,-1.0421,-1.093,-1.0929,-0.8699,-0.6364,-0.5156,-0.5009,-0.4849,-0.462,-0.4586,-0.4576,-0.4067,-0.235,-0.1961,-0.4546,-0.5275,-0.472,-0.3301,-0.163,-0.0964,-0.1514,-0.2474,-0.3356,-0.9431,-0.9461,-0.9492,-0.9524,-0.9555,-0.9587,-0.9621,-0.966,-0.9704,-0.975,-0.9793,-0.9823,-0.9834,-0.9843,-0.9836,-0.9404,-0.8166,-0.6683,-0.5615,-0.5266,-0.5152,-0.4949,-0.4888,-0.505,-0.5334,-0.61,-0.8344,-0.8041,-0.6685,-0.542,-0.3914,-0.2424,-0.1765,-0.2086,-0.2819,-0.3556,-0.9357,-0.938,-0.9402,-0.9424,-0.9444,-0.9464,-0.9483,-0.9501,-0.9517,-0.9526,-0.9523,-0.9496,-0.9437,-0.9326,-0.9102,-0.8623,-0.7822,-0.689,-0.6122,-0.5637,-0.5206,-0.4675,-0.4545,-0.5103,-0.6149,-0.822,-1.0753,-0.9676,-0.7593,-0.6073,-0.4761,-0.3651,-0.3063,-0.309,-0.3478,-0.3967,-0.9285,-0.9301,-0.9315,-0.9328,-0.9338,-0.9346,-0.935,-0.935,-0.9343,-0.9323,-0.9285,-0.9218,-0.9108,-0.8935,-0.8658,-0.8229,-0.7647,-0.6992,-0.6377,-0.5812,-0.5141,-0.4304,-0.4098,-0.4932,-0.6152,-0.7682,-0.8899,-0.8606,-0.7473,-0.6365,-0.5402,-0.4623,-0.415,-0.403,-0.4174,-0.4447,-0.9214,-0.9223,-0.923,-0.9235,-0.9236,-0.9233,-0.9225,-0.9209,-0.9182,-0.9141,-0.9078,-0.8984,-0.8848,-0.8653,-0.8378,-0.8009,-0.7552,-0.7044,-0.6522,-0.5979,-0.536,-0.4747,-0.4623,-0.5189,-0.6047,-0.693,-0.7527,-0.7518,-0.7036,-0.6398,-0.5775,-0.525,-0.4895,-0.4741,-0.4763,-0.4897]},{"header":{"la1":42.85,"la2":41.18,"lo1":11.55,"lo2":14.05,"nx":36,"ny":24,"dx":0.07143,"dy":0.07261,"parameterCategory":2,"parameterNumber":3,"parameterNumberName":"northward_wind","parameterUnit":"m.s-1"},"data":[-0.3294,-0.308,-0.2837,-0.2571,-0.2297,-0.2042,-0.1841,-0.1731,-0.1735,-0.1843,-0.2017,-0.2203,-0.2354,-0.2445,-0.2485,-0.2508,-0.2558,-0.2655,-0.2787,-0.293,-0.3064,-0.318,-0.3278,-0.3361,-0.3433,-0.3497,-0.3556,-0.3614,-0.367,-0.3727,-0.3783,-0.384,-0.3896,-0.3952,-0.4005,-0.4057,-0.3287,-0.3032,-0.2727,-0.2375,-0.1991,-0.1611,-0.1295,-0.1116,-0.1129,-0.1326,-0.1633,-0.1945,-0.2176,-0.2284,-0.2283,-0.2251,-0.2285,-0.2422,-0.2622,-0.2825,-0.3001,-0.3142,-0.3253,-0.3342,-0.3417,-0.3483,-0.3544,-0.3604,-0.3664,-0.3724,-0.3786,-0.3848,-0.3909,-0.397,-0.4029,-0.4085,-0.3312,-0.3014,-0.2638,-0.2175,-0.1632,-0.1048,-0.0517,-0.0189,-0.02,-0.056,-0.1113,-0.1649,-0.2013,-0.2137,-0.2043,-0.1882,-0.1882,-0.2111,-0.2435,-0.273,-0.2955,-0.3119,-0.3239,-0.3331,-0.3405,-0.3471,-0.3533,-0.3595,-0.3658,-0.3723,-0.379,-0.3858,-0.3927,-0.3994,-0.4059,-0.4121,-0.3385,-0.305,-0.2602,-0.201,-0.1252,-0.0342,0.0596,0.1268,0.1305,0.0627,-0.0399,-0.1324,-0.1901,-0.2054,-0.1805,-0.1402,-0.1352,-0.177,-0.2284,-0.268,-0.2947,-0.3121,-0.324,-0.3326,-0.3396,-0.3458,-0.352,-0.3584,-0.3651,-0.3722,-0.3797,-0.3873,-0.3949,-0.4025,-0.4097,-0.4165,-0.3521,-0.3167,-0.2666,-0.1952,-0.0942,0.0435,0.2114,0.3589,0.3842,0.2487,0.053,-0.1026,-0.1902,-0.2126,-0.1758,-0.1109,-0.1022,-0.1638,-0.2291,-0.2729,-0.2993,-0.3152,-0.3254,-0.3326,-0.3386,-0.3444,-0.3504,-0.357,-0.3643,-0.3721,-0.3805,-0.3892,-0.3979,-0.4064,-0.4145,-0.422,-0.3735,-0.3395,-0.2885,-0.2105,-0.0892,0.0996,0.3785,0.6953,0.7908,0.5057,0.143,-0.0938,-0.2111,-0.245,-0.217,-0.1614,-0.1523,-0.2023,-0.2552,-0.2896,-0.3094,-0.3206,-0.3275,-0.3325,-0.3372,-0.3422,-0.3481,-0.3551,-0.3631,-0.372,-0.3817,-0.3917,-0.4017,-0.4114,-0.4206,-0.4289,-0.403,-0.3748,-0.33,-0.2571,-0.1353,0.0747,0.4367,0.957,1.1745,0.6691,0.1415,-0.1386,-0.2632,-0.3034,-0.2941,-0.2657,-0.256,-0.2737,-0.297,-0.3132,-0.3221,-0.3266,-0.3291,-0.3314,-0.3344,-0.3388,-0.3448,-0.3524,-0.3615,-0.3719,-0.3832,-0.395,-0.4068,-0.418,-0.4285,-0.4378,-0.4396,-0.4217,-0.391,-0.3379,-0.2446,-0.0781,0.2153,0.6404,0.803,0.3728,-0.0403,-0.2523,-0.347,-0.3793,-0.3764,-0.3581,-0.3426,-0.3368,-0.3361,-0.3355,-0.3334,-0.3307,-0.3286,-0.328,-0.3296,-0.3335,-0.3398,-0.3485,-0.3592,-0.3717,-0.3854,-0.3995,-0.4136,-0.4268,-0.4388,-0.4491,-0.4806,-0.4763,-0.4656,-0.4432,-0.3993,-0.3188,-0.1889,-0.0439,-0.0233,-0.163,-0.3048,-0.3966,-0.4465,-0.4633,-0.4534,-0.4277,-0.4003,-0.3793,-0.3642,-0.3517,-0.3404,-0.3309,-0.3243,-0.3211,-0.3215,-0.3254,-0.3326,-0.343,-0.3562,-0.3716,-0.3885,-0.4059,-0.4229,-0.4386,-0.4523,-0.4638,-0.5222,-0.5327,-0.5442,-0.5558,-0.565,-0.5661,-0.55,-0.5155,-0.489,-0.4857,-0.4952,-0.5185,-0.5437,-0.5528,-0.5299,-0.4828,-0.4366,-0.4055,-0.3838,-0.3628,-0.3423,-0.3256,-0.3145,-0.3092,-0.3091,-0.3137,-0.3226,-0.3356,-0.3522,-0.3717,-0.393,-0.4149,-0.4358,-0.4546,-0.4705,-0.483,-0.5602,-0.5842,-0.616,-0.6588,-0.7158,-0.7856,-0.8455,-0.8157,-0.612,-0.5261,-0.585,-0.6029,-0.6349,-0.6634,-0.6222,-0.5278,-0.4532,-0.4253,-0.4082,-0.3748,-0.339,-0.3125,-0.297,-0.2906,-0.2912,-0.2974,-0.3089,-0.3255,-0.3469,-0.3723,-0.4,-0.428,-0.4542,-0.4769,-0.495,-0.5082,-0.5909,-0.625,-0.6719,-0.7381,-0.8328,-0.9662,-1.1324,-1.2223,-0.9206,-0.6634,-0.6607,-0.6607,-0.7156,-0.8389,-0.7453,-0.5454,-0.4376,-0.4749,-0.4795,-0.3964,-0.3266,-0.2868,-0.2682,-0.263,-0.2662,-0.2753,-0.2903,-0.3119,-0.3401,-0.3738,-0.4107,-0.4474,-0.4808,-0.5083,-0.5286,-0.5417,-0.6116,-0.6511,-0.7055,-0.7826,-0.8953,-1.0634,-1.3041,-1.4925,-1.3754,-0.9108,-0.7163,-0.7161,-0.7275,-0.8733,-0.7608,-0.4482,-0.3303,-0.6123,-0.6223,-0.3987,-0.2861,-0.2373,-0.2222,-0.2241,-0.2328,-0.2458,-0.2649,-0.2929,-0.3307,-0.3769,-0.4274,-0.477,-0.5202,-0.5534,-0.5751,-0.5863,-0.6217,-0.6614,-0.7149,-0.7887,-0.8928,-1.0415,-1.2441,-1.4631,-1.3118,-0.876,-0.6754,-0.7886,-0.808,-0.3578,-0.4259,-0.0772,0.169,-0.2736,-0.4186,-0.2824,-0.1859,-0.1457,-0.1519,-0.1726,-0.1906,-0.2067,-0.2291,-0.265,-0.317,-0.3823,-0.4539,-0.5227,-0.5796,-0.6189,-0.6399,-0.6456,-0.6219,-0.6577,-0.7038,-0.7634,-0.8403,-0.9353,-1.0346,-1.074,-0.9299,-0.669,-0.5105,-0.4999,-0.4243,-0.2163,-0.2006,0.6419,1.5839,0.4576,-0.0635,-0.1064,0.0017,0.0188,-0.0542,-0.1134,-0.14,-0.1526,-0.1743,-0.2207,-0.295,-0.3911,-0.4965,-0.5951,-0.671,-0.7155,-0.7301,-0.7233,-0.6144,-0.6438,-0.6793,-0.721,-0.7676,-0.8121,-0.8356,-0.8006,-0.673,-0.4754,-0.2788,-0.3072,-0.3312,-0.2925,-0.1422,0.5235,1.1525,0.3783,-0.0743,-0.0138,0.3288,0.2658,0.0392,-0.0637,-0.0802,-0.0692,-0.0816,-0.1451,-0.2581,-0.4051,-0.5657,-0.7117,-0.8134,-0.8574,-0.8535,-0.8219,-0.6019,-0.6242,-0.649,-0.6747,-0.6978,-0.7109,-0.7009,-0.6513,-0.5534,-0.4174,-0.2876,-0.3114,-0.3213,-0.3072,-0.242,-0.0538,0.0326,-0.2575,-0.4742,-0.1909,0.3522,0.273,0.0275,-0.0433,0.0026,0.0805,0.0899,-0.0136,-0.1983,-0.4277,-0.6764,-0.8982,-1.0326,-1.0596,-1.0134,-0.9387,-0.5869,-0.6028,-0.6186,-0.6324,-0.6409,-0.6386,-0.6187,-0.5753,-0.5092,-0.433,-0.3752,-0.3549,-0.3327,-0.3304,-0.3842,-0.3985,-0.4327,-0.8088,-1.1816,-0.6531,-0.2071,-0.0802,-0.0957,-0.0411,0.1377,0.3675,0.4121,0.1954,-0.1189,-0.463,-0.8378,-1.1749,-1.3438,-1.3188,-1.1957,-1.059,-0.5713,-0.5819,-0.5911,-0.5972,-0.5977,-0.5894,-0.5691,-0.5358,-0.4922,-0.4469,-0.4112,-0.3909,-0.3859,-0.4257,-0.5832,-0.6482,-0.5858,-0.8255,-1.0241,-0.7584,-0.514,-0.3317,-0.2157,-0.0497,0.2916,0.8053,0.9061,0.4095,-0.0705,-0.5098,-1.012,-1.4857,-1.6767,-1.5652,-1.3495,-1.1518,-0.5564,-0.563,-0.5677,-0.5692,-0.5659,-0.5561,-0.5386,-0.5138,-0.4843,-0.4552,-0.4323,-0.4208,-0.4285,-0.4763,-0.584,-0.6241,-0.597,-0.6854,-0.7715,-0.7858,-0.6157,-0.449,-0.3146,-0.1231,0.2382,0.8364,0.9598,0.2721,-0.1562,-0.5526,-1.0763,-1.6021,-1.7977,-1.648,-1.3985,-1.1813,-0.5429,-0.5467,-0.5485,-0.5475,-0.5426,-0.5332,-0.519,-0.5006,-0.4802,-0.4608,-0.4463,-0.4407,-0.4495,-0.4788,-0.5226,-0.5498,-0.5693,-0.6224,-0.6908,-0.6977,-0.6012,-0.5126,-0.4319,-0.2844,-0.0817,-0.0129,-0.3546,-0.368,-0.3618,-0.5774,-0.973,-1.3926,-1.5795,-1.4986,-1.3139,-1.1358,-0.5309,-0.5328,-0.5329,-0.5306,-0.5255,-0.5172,-0.5058,-0.4921,-0.4777,-0.4645,-0.4551,-0.4523,-0.4584,-0.4745,-0.4964,-0.5174,-0.5402,-0.5714,-0.6002,-0.6005,-0.581,-0.5989,-0.5936,-0.463,-0.3419,-0.4574,-0.7662,-0.6418,-0.5001,-0.5851,-0.8234,-1.0911,-1.2453,-1.2439,-1.1525,-1.0395,-0.5205,-0.5212,-0.5203,-0.5175,-0.5127,-0.5056,-0.4966,-0.4863,-0.4759,-0.4667,-0.4604,-0.4585,-0.4623,-0.4716,-0.4849,-0.5,-0.517,-0.5354,-0.5506,-0.5603,-0.5859,-0.6619,-0.6869,-0.56,-0.4515,-0.4827,-0.5803,-0.5657,-0.5259,-0.5776,-0.7137,-0.8727,-0.9843,-1.0169,-0.9877,-0.9293,-0.5116,-0.5115,-0.5101,-0.5073,-0.5029,-0.497,-0.4898,-0.482,-0.4743,-0.4677,-0.4632,-0.4618,-0.4639,-0.4697,-0.4782,-0.4887,-0.5004,-0.5125,-0.5242,-0.5387,-0.568,-0.6152,-0.6221,-0.5515,-0.4821,-0.4711,-0.4949,-0.5063,-0.5166,-0.5612,-0.644,-0.74,-0.8165,-0.8541,-0.8541,-0.8294]}]