docs/data/wind_grid.json
[{"header":{"la1":42.85,"la2":41.18,"lo1":11.55,"lo2":14.05,"nx":36,"ny":24,"dx":0.07143,"dy":0.07261,"parameterCategory":2,"parameterNumber":2,"parameterNumberName":"eastward_wind","parameterUnit":"m.s-1"},"data":[-0.611,-0.6233,-0.637,-0.6514,-0.6656,-0.6778,-0.6855,-0.6862,-0.678,-0.6608,-0.6365,-0.608,-0.578,-0.5485,-0.5205,-0.4946,-0.4714,-0.4519,-0.4373,-0.4282,-0.4245,-0.4251,-0.4285,-0.4333,-0.4383,-0.443,-0.447,-0.4503,-0.4528,-0.4547,-0.4561,-0.4571,-0.4578,-0.4582,-0.4585,-0.4586,-0.6178,-0.6331,-0.651,-0.6711,-0.6924,-0.7128,-0.7282,-0.7337,-0.7251,-0.702,-0.6681,-0.629,-0.5895,-0.5519,-0.5169,-0.4845,-0.4552,-0.4303,-0.4122,-0.4025,-0.401,-0.4057,-0.4135,-0.4223,-0.4304,-0.4373,-0.4429,-0.4472,-0.4504,-0.4527,-0.4543,-0.4555,-0.4562,-0.4566,-0.4568,-0.4569,-0.6232,-0.6417,-0.6643,-0.6916,-0.7232,-0.7568,-0.7863,-0.8019,-0.7941,-0.761,-0.7106,-0.655,-0.6021,-0.5545,-0.5114,-0.471,-0.4329,-0.3993,-0.3753,-0.3651,-0.3685,-0.3806,-0.3958,-0.4104,-0.4226,-0.4322,-0.4394,-0.4446,-0.4484,-0.451,-0.4528,-0.4539,-0.4546,-0.455,-0.4552,-0.4552,-0.6264,-0.6477,-0.6752,-0.7108,-0.756,-0.8101,-0.8657,-0.904,-0.9005,-0.848,-0.7672,-0.6849,-0.614,-0.5553,-0.5038,-0.4542,-0.4034,-0.3546,-0.3193,-0.3092,-0.3232,-0.3493,-0.3763,-0.3988,-0.4159,-0.4282,-0.4369,-0.4429,-0.447,-0.4498,-0.4515,-0.4526,-0.4531,-0.4534,-0.4534,-0.4533,-0.6263,-0.6495,-0.6809,-0.7243,-0.7849,-0.8678,-0.9696,-1.0592,-1.071,-0.9771,-0.8371,-0.7133,-0.6212,-0.5526,-0.495,-0.4366,-0.3684,-0.2923,-0.2333,-0.2247,-0.2624,-0.3139,-0.358,-0.39,-0.4118,-0.4263,-0.436,-0.4423,-0.4464,-0.449,-0.4506,-0.4514,-0.4517,-0.4517,-0.4516,-0.4513,-0.6224,-0.6458,-0.6785,-0.7262,-0.7987,-0.9118,-1.081,-1.2755,-1.333,-1.1473,-0.9016,-0.7259,-0.6165,-0.5444,-0.4868,-0.4243,-0.338,-0.2192,-0.1133,-0.1107,-0.1951,-0.2842,-0.3474,-0.3874,-0.4121,-0.4274,-0.4369,-0.4429,-0.4466,-0.4487,-0.4498,-0.4503,-0.4502,-0.4499,-0.4495,-0.449,-0.6145,-0.6358,-0.666,-0.7112,-0.7835,-0.9069,-1.1229,-1.4399,-1.574,-1.2519,-0.9011,-0.7002,-0.5927,-0.5289,-0.4806,-0.4255,-0.3358,-0.1845,-0.0248,-0.0305,-0.1647,-0.2818,-0.3536,-0.3945,-0.4179,-0.4316,-0.4397,-0.4446,-0.4474,-0.4488,-0.4493,-0.4491,-0.4486,-0.4478,-0.447,-0.4463,-0.6031,-0.6204,-0.6444,-0.6796,-0.735,-0.8291,-0.9956,-1.2452,-1.3395,-1.0563,-0.7777,-0.6275,-0.5497,-0.5057,-0.4756,-0.4418,-0.3792,-0.2599,-0.1231,-0.1202,-0.2288,-0.3241,-0.3809,-0.412,-0.4289,-0.4384,-0.4439,-0.447,-0.4486,-0.449,-0.4487,-0.4478,-0.4466,-0.4453,-0.4441,-0.4431,-0.5897,-0.602,-0.6178,-0.639,-0.6685,-0.7111,-0.7699,-0.8255,-0.8007,-0.6855,-0.5908,-0.534,-0.4974,-0.4758,-0.4671,-0.4633,-0.4478,-0.4016,-0.3399,-0.3241,-0.3589,-0.3977,-0.4223,-0.4355,-0.4424,-0.4462,-0.4485,-0.4496,-0.4498,-0.4492,-0.4479,-0.4461,-0.4441,-0.4421,-0.4403,-0.439,-0.5758,-0.5832,-0.5914,-0.6001,-0.6082,-0.612,-0.6013,-0.5506,-0.4411,-0.3848,-0.4323,-0.4558,-0.4481,-0.4392,-0.4478,-0.4777,-0.5159,-0.5386,-0.5303,-0.5055,-0.4854,-0.4724,-0.4636,-0.4577,-0.4543,-0.4528,-0.4522,-0.4518,-0.4509,-0.4492,-0.4467,-0.4438,-0.4407,-0.4378,-0.4354,-0.4338,-0.5629,-0.5665,-0.5694,-0.5706,-0.5683,-0.5594,-0.5352,-0.4609,-0.2436,-0.1418,-0.3423,-0.4143,-0.408,-0.3907,-0.4068,-0.4775,-0.5895,-0.6981,-0.7254,-0.6657,-0.5881,-0.5292,-0.492,-0.471,-0.4605,-0.456,-0.4543,-0.4533,-0.4516,-0.4488,-0.445,-0.4405,-0.4359,-0.4319,-0.4288,-0.4269,-0.5517,-0.5529,-0.5529,-0.5513,-0.5479,-0.5448,-0.5497,-0.5477,-0.3807,-0.2637,-0.3756,-0.4151,-0.3817,-0.3389,-0.3316,-0.4638,-0.6937,-0.9847,-1.0309,-0.8344,-0.6602,-0.5543,-0.497,-0.4692,-0.4579,-0.4549,-0.4547,-0.4544,-0.4525,-0.4483,-0.4424,-0.4357,-0.429,-0.4235,-0.4197,-0.4176,-0.5425,-0.5424,-0.5413,-0.5392,-0.5373,-0.5401,-0.5638,-0.6928,-0.5009,-0.4423,-0.4461,-0.4609,-0.4014,-0.2801,-0.2564,-0.4691,-0.7945,-1.4084,-1.4151,-0.9388,-0.6625,-0.5277,-0.4685,-0.4482,-0.4459,-0.4501,-0.4548,-0.4566,-0.4544,-0.4481,-0.4388,-0.4284,-0.4188,-0.4113,-0.4068,-0.4052,-0.5351,-0.5344,-0.5329,-0.5311,-0.5294,-0.5294,-0.5283,-0.4892,-0.4816,-0.4866,-0.489,-0.5292,-0.5071,-0.1511,-0.3369,-0.5302,-0.7633,-1.1118,-1.1445,-0.7914,-0.5402,-0.426,-0.3989,-0.4084,-0.4275,-0.4456,-0.458,-0.4626,-0.4591,-0.4486,-0.4335,-0.4171,-0.4028,-0.393,-0.3884,-0.3882,-0.5291,-0.5282,-0.5268,-0.5251,-0.5232,-0.5211,-0.5165,-0.5079,-0.508,-0.5233,-0.537,-0.5141,-0.4068,-0.3091,-0.4018,-0.6589,-0.863,-0.767,-0.6923,-0.4914,-0.2841,-0.2342,-0.2924,-0.3594,-0.4117,-0.4487,-0.4704,-0.4767,-0.469,-0.4502,-0.4247,-0.3983,-0.3772,-0.365,-0.3618,-0.3653,-0.5242,-0.5233,-0.522,-0.5206,-0.5191,-0.5176,-0.5164,-0.5179,-0.5305,-0.5708,-0.654,-0.5955,-0.5186,-0.4226,-0.4694,-0.6341,-0.7674,-0.6105,-0.4463,-0.228,0.0651,0.0131,-0.189,-0.3256,-0.4137,-0.4708,-0.5005,-0.5047,-0.4872,-0.4531,-0.4093,-0.3661,-0.335,-0.3219,-0.3242,-0.3354,-0.5202,-0.5193,-0.5183,-0.5172,-0.5164,-0.5161,-0.5175,-0.5232,-0.5394,-0.5779,-0.6396,-0.5887,-0.515,-0.4904,-0.4982,-0.5311,-0.5154,-0.3756,-0.2313,-0.1271,0.114,0.0455,-0.1778,-0.3366,-0.4491,-0.5253,-0.5594,-0.5531,-0.5165,-0.4568,-0.3821,-0.3107,-0.2662,-0.2574,-0.2734,-0.299,-0.5167,-0.5159,-0.5151,-0.5144,-0.514,-0.5145,-0.5168,-0.5224,-0.5336,-0.5508,-0.5615,-0.5414,-0.5072,-0.5011,-0.5279,-0.5258,-0.4142,-0.151,0.0504,-0.0968,-0.1065,-0.1393,-0.2568,-0.3912,-0.5208,-0.6215,-0.6546,-0.6241,-0.5578,-0.4614,-0.3389,-0.2223,-0.1627,-0.1711,-0.2137,-0.2607,-0.5136,-0.5129,-0.5122,-0.5117,-0.5115,-0.5122,-0.514,-0.5178,-0.5236,-0.5295,-0.5304,-0.5229,-0.5156,-0.5311,-0.6171,-0.6494,-0.4366,-0.1679,-0.0262,-0.1167,-0.1797,-0.2416,-0.3308,-0.4524,-0.601,-0.7351,-0.7616,-0.6988,-0.6054,-0.4714,-0.2912,-0.1165,-0.0461,-0.0859,-0.1623,-0.2312,-0.5107,-0.5101,-0.5094,-0.5089,-0.5088,-0.5091,-0.5102,-0.5121,-0.5145,-0.5161,-0.5156,-0.5133,-0.5153,-0.5365,-0.599,-0.6077,-0.4431,-0.2572,-0.1328,-0.1065,-0.198,-0.2848,-0.3717,-0.4861,-0.6355,-0.7654,-0.7884,-0.7494,-0.655,-0.4986,-0.2841,-0.0769,-0.002,-0.0572,-0.147,-0.2234,-0.5081,-0.5074,-0.5068,-0.5062,-0.5058,-0.5058,-0.506,-0.5065,-0.507,-0.5068,-0.5057,-0.5045,-0.5058,-0.5136,-0.5235,-0.4996,-0.4129,-0.2991,-0.2015,-0.1797,-0.2461,-0.3162,-0.3803,-0.4807,-0.6293,-0.7773,-0.8876,-0.8475,-0.714,-0.5453,-0.3451,-0.1631,-0.086,-0.1143,-0.1802,-0.2423,-0.5057,-0.5049,-0.5041,-0.5034,-0.5028,-0.5023,-0.5019,-0.5014,-0.5007,-0.4994,-0.4975,-0.4953,-0.493,-0.4901,-0.4808,-0.4533,-0.4015,-0.3381,-0.2878,-0.277,-0.3036,-0.3253,-0.3438,-0.4362,-0.6035,-0.8083,-0.9747,-0.9059,-0.7438,-0.5839,-0.4254,-0.2907,-0.2185,-0.2127,-0.2421,-0.2795,-0.5033,-0.5025,-0.5016,-0.5007,-0.4999,-0.499,-0.498,-0.4968,-0.4953,-0.4932,-0.4904,-0.4867,-0.4817,-0.4739,-0.4603,-0.437,-0.4038,-0.3675,-0.3399,-0.3304,-0.3312,-0.3144,-0.3064,-0.3956,-0.5525,-0.7212,-0.8305,-0.8076,-0.7064,-0.5905,-0.4783,-0.3838,-0.3236,-0.3012,-0.3053,-0.3215,-0.5011,-0.5002,-0.4992,-0.4982,-0.497,-0.4958,-0.4944,-0.4927,-0.4906,-0.4879,-0.4844,-0.4797,-0.4734,-0.4643,-0.4512,-0.433,-0.4106,-0.388,-0.3704,-0.3604,-0.3528,-0.3396,-0.3444,-0.4082,-0.5143,-0.6214,-0.6888,-0.6912,-0.6433,-0.5736,-0.5005,-0.436,-0.3894,-0.3639,-0.356,-0.3591]},{"header":{"la1":42.85,"la2":41.18,"lo1":11.55,"lo2":14.05,"nx":36,"ny":24,"dx":0.07143,"dy":0.07261,"parameterCategory":2,"parameterNumber":3,"parameterNumberName":"northward_wind","parameterUnit":"m.s-1"},"data":[-0.6978,-0.6966,-0.6942,-0.6904,-0.6852,-0.6788,-0.6713,-0.6631,-0.654,-0.6436,-0.6311,-0.6155,-0.5964,-0.5737,-0.548,-0.5202,-0.4924,-0.4669,-0.4461,-0.4319,-0.4244,-0.4227,-0.4251,-0.4299,-0.436,-0.4424,-0.449,-0.4555,-0.4618,-0.4681,-0.4742,-0.4802,-0.4861,-0.4918,-0.4974,-0.5027,-0.7071,-0.7063,-0.7038,-0.6996,-0.6935,-0.6858,-0.6771,-0.6682,-0.6592,-0.6496,-0.6377,-0.6218,-0.6008,-0.5743,-0.5428,-0.5077,-0.4715,-0.438,-0.4116,-0.3956,-0.3901,-0.3928,-0.4003,-0.4099,-0.4198,-0.4292,-0.4381,-0.4464,-0.4543,-0.4618,-0.4691,-0.4762,-0.483,-0.4896,-0.496,-0.5019,-0.7173,-0.717,-0.7146,-0.7097,-0.702,-0.6919,-0.6804,-0.6697,-0.6611,-0.6539,-0.6446,-0.6298,-0.6073,-0.5766,-0.5379,-0.4926,-0.4437,-0.3974,-0.3621,-0.3444,-0.3441,-0.3553,-0.3714,-0.3878,-0.4028,-0.4158,-0.4272,-0.4375,-0.4469,-0.4558,-0.4644,-0.4726,-0.4805,-0.488,-0.4952,-0.5019,-0.7286,-0.729,-0.7268,-0.7212,-0.711,-0.6963,-0.6786,-0.6629,-0.6545,-0.6532,-0.6509,-0.6399,-0.617,-0.5818,-0.5346,-0.4757,-0.4076,-0.3394,-0.2883,-0.2697,-0.2819,-0.3095,-0.3392,-0.3651,-0.386,-0.4028,-0.4168,-0.429,-0.44,-0.4503,-0.4601,-0.4695,-0.4785,-0.4872,-0.4953,-0.5028,-0.7411,-0.7428,-0.7414,-0.7352,-0.722,-0.6996,-0.6688,-0.6391,-0.6288,-0.6417,-0.656,-0.6534,-0.6313,-0.5918,-0.5355,-0.4604,-0.3647,-0.2585,-0.1772,-0.1608,-0.2011,-0.2581,-0.3073,-0.3442,-0.371,-0.3912,-0.4073,-0.4211,-0.4335,-0.4452,-0.4564,-0.4672,-0.4775,-0.4873,-0.4965,-0.5049,-0.7548,-0.7587,-0.7592,-0.754,-0.7387,-0.7072,-0.6537,-0.5892,-0.5676,-0.6149,-0.6632,-0.6737,-0.6522,-0.6085,-0.5446,-0.4545,-0.3273,-0.1636,-0.0262,-0.0193,-0.1141,-0.2129,-0.2829,-0.3287,-0.3594,-0.3815,-0.399,-0.414,-0.4277,-0.4408,-0.4535,-0.4658,-0.4776,-0.4888,-0.4991,-0.5085,-0.7695,-0.7766,-0.7809,-0.7795,-0.7668,-0.7324,-0.6589,-0.5435,-0.4943,-0.6005,-0.6904,-0.7072,-0.6813,-0.6327,-0.5648,-0.4688,-0.3249,-0.116,0.082,0.0766,-0.071,-0.1969,-0.2748,-0.3218,-0.3521,-0.374,-0.3917,-0.4074,-0.4224,-0.4371,-0.4515,-0.4657,-0.4793,-0.492,-0.5037,-0.514,-0.7846,-0.796,-0.8061,-0.8124,-0.8102,-0.7897,-0.7337,-0.6342,-0.5934,-0.6976,-0.7668,-0.7596,-0.7176,-0.6624,-0.5949,-0.5055,-0.3774,-0.1975,-0.0256,-0.0166,-0.1267,-0.2239,-0.285,-0.3226,-0.3481,-0.3677,-0.3848,-0.4011,-0.4175,-0.434,-0.4507,-0.4672,-0.4829,-0.4976,-0.5107,-0.5221,-0.7991,-0.8154,-0.8327,-0.85,-0.8649,-0.8735,-0.8712,-0.8643,-0.8858,-0.9209,-0.8942,-0.8246,-0.7544,-0.6924,-0.6287,-0.5507,-0.4514,-0.3346,-0.2331,-0.2016,-0.2308,-0.2711,-0.3026,-0.3256,-0.344,-0.3606,-0.3771,-0.3943,-0.4126,-0.4318,-0.4514,-0.4708,-0.4893,-0.5063,-0.5211,-0.5336,-0.8115,-0.8327,-0.8575,-0.8865,-0.9202,-0.9595,-1.0075,-1.0808,-1.1993,-1.2234,-1.05,-0.8811,-0.7793,-0.7174,-0.6612,-0.5892,-0.5017,-0.4146,-0.3467,-0.3093,-0.2991,-0.3032,-0.3122,-0.3232,-0.3359,-0.3505,-0.3673,-0.3863,-0.4075,-0.4304,-0.4541,-0.4775,-0.4997,-0.5194,-0.5361,-0.5495,-0.8204,-0.8455,-0.8765,-0.9153,-0.9651,-1.0292,-1.1085,-1.2124,-1.4678,-1.6,-1.1655,-0.8933,-0.7817,-0.7375,-0.6962,-0.6177,-0.5139,-0.42,-0.3616,-0.3317,-0.3147,-0.3058,-0.3044,-0.3096,-0.3202,-0.3352,-0.354,-0.3764,-0.4021,-0.4303,-0.4597,-0.4887,-0.5156,-0.5388,-0.5575,-0.5714,-0.8245,-0.8518,-0.8863,-0.931,-0.9909,-1.0739,-1.1888,-1.2926,-1.3299,-1.386,-1.0635,-0.8417,-0.766,-0.7519,-0.747,-0.6369,-0.485,-0.3497,-0.3039,-0.3029,-0.2923,-0.2797,-0.2756,-0.2815,-0.2947,-0.3133,-0.3363,-0.3639,-0.3961,-0.4321,-0.4698,-0.5066,-0.5398,-0.5672,-0.5877,-0.6014,-0.8232,-0.8505,-0.8849,-0.9296,-0.9895,-1.0734,-1.2027,-1.5502,-1.1104,-1.0501,-0.8901,-0.7548,-0.7391,-0.7865,-0.7966,-0.6206,-0.4248,-0.2366,-0.2244,-0.2597,-0.2428,-0.2229,-0.2219,-0.2366,-0.2586,-0.284,-0.3133,-0.3481,-0.3896,-0.4367,-0.4866,-0.5348,-0.5767,-0.609,-0.6305,-0.6421,-0.8166,-0.8418,-0.8727,-0.9115,-0.9604,-1.0199,-1.0721,-1.0018,-0.9723,-0.9108,-0.7933,-0.6794,-0.6717,-0.8766,-0.7265,-0.5163,-0.3238,-0.2552,-0.2359,-0.2113,-0.1469,-0.1147,-0.1344,-0.1743,-0.2129,-0.2474,-0.2835,-0.3273,-0.3817,-0.4456,-0.5139,-0.5791,-0.633,-0.6705,-0.6909,-0.697,-0.8055,-0.827,-0.8523,-0.8818,-0.9151,-0.9482,-0.9674,-0.9509,-0.8982,-0.8147,-0.7439,-0.7098,-0.7398,-0.8005,-0.661,-0.2937,0.0135,-0.1938,-0.212,-0.0973,0.0723,0.0948,-0.0063,-0.1012,-0.162,-0.2029,-0.2433,-0.2973,-0.3704,-0.4601,-0.5577,-0.6493,-0.7201,-0.7618,-0.7757,-0.7696,-0.7911,-0.8082,-0.8271,-0.8472,-0.8666,-0.881,-0.8823,-0.8606,-0.8121,-0.7498,-0.7101,-0.6941,-0.6891,-0.6841,-0.5825,-0.3097,-0.0906,-0.2036,-0.1766,0.0692,0.4918,0.4126,0.1213,-0.0422,-0.1128,-0.1451,-0.1819,-0.2486,-0.3508,-0.4819,-0.6273,-0.7615,-0.8558,-0.8965,-0.8923,-0.8624,-0.7749,-0.7877,-0.8007,-0.8129,-0.8223,-0.8255,-0.818,-0.7958,-0.7599,-0.7215,-0.7014,-0.6776,-0.5932,-0.5458,-0.5432,-0.4376,-0.3309,-0.2741,-0.1979,0.0427,0.5396,0.4375,0.1208,-0.0289,-0.0634,-0.0536,-0.0738,-0.1641,-0.316,-0.5125,-0.7352,-0.9395,-1.0648,-1.0892,-1.0443,-0.9728,-0.758,-0.767,-0.7752,-0.7816,-0.7846,-0.7821,-0.7718,-0.7527,-0.7269,-0.7005,-0.6764,-0.6382,-0.5596,-0.5324,-0.5428,-0.5019,-0.4071,-0.2826,-0.21,-0.1707,0.0254,0.0733,-0.0133,-0.0517,0.0063,0.116,0.1265,-0.0277,-0.2642,-0.5512,-0.8882,-1.2028,-1.3625,-1.3373,-1.2183,-1.0868,-0.7413,-0.7471,-0.7517,-0.7542,-0.7534,-0.7481,-0.7374,-0.7212,-0.7009,-0.6784,-0.6535,-0.6214,-0.5846,-0.5639,-0.5751,-0.5807,-0.4635,-0.336,-0.2886,-0.3627,-0.2684,-0.1772,-0.1413,-0.0822,0.0873,0.3753,0.4307,0.116,-0.2239,-0.5896,-1.0495,-1.4993,-1.683,-1.5747,-1.3656,-1.1748,-0.7253,-0.7287,-0.7306,-0.7304,-0.7274,-0.7209,-0.7105,-0.6962,-0.6787,-0.6587,-0.6361,-0.6105,-0.5848,-0.5666,-0.5696,-0.5648,-0.4873,-0.4325,-0.5192,-0.5788,-0.408,-0.2975,-0.2302,-0.1382,0.0546,0.3961,0.467,0.0502,-0.2569,-0.6065,-1.1022,-1.61,-1.8003,-1.6544,-1.4119,-1.2018,-0.7104,-0.7118,-0.7118,-0.7099,-0.7056,-0.6986,-0.6885,-0.6754,-0.6598,-0.6418,-0.6216,-0.5998,-0.5778,-0.5588,-0.5446,-0.5235,-0.4848,-0.4617,-0.4916,-0.4993,-0.4181,-0.3503,-0.3032,-0.2311,-0.1265,-0.0851,-0.2691,-0.294,-0.3533,-0.5915,-0.9884,-1.4024,-1.5863,-1.5076,-1.3282,-1.1561,-0.6966,-0.6966,-0.6952,-0.6922,-0.6871,-0.6798,-0.67,-0.6579,-0.6436,-0.6272,-0.6091,-0.5896,-0.5695,-0.5498,-0.5302,-0.5073,-0.481,-0.461,-0.453,-0.4369,-0.4019,-0.3808,-0.3695,-0.3199,-0.2714,-0.3331,-0.488,-0.436,-0.4195,-0.5648,-0.8258,-1.0999,-1.2556,-1.2565,-1.169,-1.0609,-0.6839,-0.6829,-0.6805,-0.6767,-0.6712,-0.6637,-0.6543,-0.643,-0.6297,-0.6147,-0.5982,-0.5804,-0.5617,-0.5424,-0.5223,-0.5008,-0.4784,-0.458,-0.44,-0.4199,-0.3989,-0.3947,-0.3971,-0.364,-0.3342,-0.3585,-0.4099,-0.4182,-0.4431,-0.5435,-0.7061,-0.8775,-0.9948,-1.0313,-1.006,-0.952,-0.6724,-0.6705,-0.6675,-0.6632,-0.6574,-0.65,-0.6409,-0.6302,-0.6178,-0.604,-0.5888,-0.5724,-0.555,-0.5368,-0.5178,-0.4978,-0.4775,-0.4576,-0.4383,-0.4189,-0.4018,-0.3936,-0.3891,-0.374,-0.361,-0.3683,-0.39,-0.4139,-0.4539,-0.5283,-0.6325,-0.7417,-0.8261,-0.8691,-0.8736,-0.8533]}]