docs/data/wind_grid.json
[{"header":{"la1":42.85,"la2":41.18,"lo1":11.55,"lo2":14.05,"nx":36,"ny":24,"dx":0.07143,"dy":0.07261,"parameterCategory":2,"parameterNumber":2,"parameterNumberName":"eastward_wind","parameterUnit":"m.s-1"},"data":[-0.8855,-0.8919,-0.8951,-0.8947,-0.8898,-0.8791,-0.8603,-0.8306,-0.7883,-0.7342,-0.6722,-0.6085,-0.5494,-0.4994,-0.4611,-0.4348,-0.419,-0.4109,-0.4076,-0.4064,-0.4065,-0.4084,-0.4136,-0.4227,-0.4346,-0.4477,-0.4606,-0.4724,-0.483,-0.4923,-0.5006,-0.5079,-0.5144,-0.5203,-0.5256,-0.5305,-0.9265,-0.9377,-0.9457,-0.9503,-0.9511,-0.9468,-0.9337,-0.9059,-0.8579,-0.7894,-0.707,-0.6219,-0.5444,-0.4815,-0.4361,-0.4081,-0.3944,-0.3903,-0.3904,-0.3901,-0.3882,-0.3874,-0.3925,-0.4049,-0.4219,-0.4398,-0.4562,-0.4704,-0.4823,-0.4925,-0.5011,-0.5087,-0.5153,-0.5212,-0.5266,-0.5314,-0.973,-0.9904,-1.0044,-1.0154,-1.0244,-1.0318,-1.0329,-1.0152,-0.9635,-0.8735,-0.7583,-0.6397,-0.5354,-0.4551,-0.4016,-0.3737,-0.3659,-0.3699,-0.3762,-0.3761,-0.367,-0.3568,-0.3599,-0.3798,-0.407,-0.4327,-0.4538,-0.4703,-0.4834,-0.494,-0.5028,-0.5103,-0.5168,-0.5227,-0.5279,-0.5327,-1.0259,-1.0514,-1.0725,-1.0902,-1.1091,-1.1355,-1.1672,-1.1806,-1.1333,-1.0069,-0.8334,-0.6607,-0.5176,-0.4144,-0.3525,-0.328,-0.3327,-0.3526,-0.3706,-0.37,-0.3413,-0.3029,-0.3025,-0.3438,-0.3918,-0.429,-0.455,-0.4732,-0.4866,-0.497,-0.5055,-0.5127,-0.519,-0.5245,-0.5296,-0.5341,-1.0859,-1.1228,-1.1527,-1.1754,-1.2013,-1.2519,-1.3432,-1.4405,-1.4239,-1.2224,-0.9363,-0.6772,-0.4813,-0.3502,-0.28,-0.2646,-0.2929,-0.3432,-0.3843,-0.3858,-0.3177,-0.2023,-0.2048,-0.3041,-0.3855,-0.434,-0.4623,-0.48,-0.4922,-0.5016,-0.5092,-0.5158,-0.5216,-0.5268,-0.5314,-0.5357,-1.1534,-1.208,-1.2515,-1.2761,-1.2953,-1.3594,-1.5387,-1.8315,-1.9216,-1.5381,-1.0431,-0.6674,-0.411,-0.2487,-0.1697,-0.17,-0.2386,-0.345,-0.4299,-0.4424,-0.3532,-0.1363,-0.1521,-0.3126,-0.4085,-0.4542,-0.4772,-0.4906,-0.4998,-0.5072,-0.5136,-0.5193,-0.5244,-0.5291,-0.5334,-0.5373,-1.2255,-1.3091,-1.3814,-1.4096,-1.3937,-1.4231,-1.6417,-2.164,-2.4394,-1.7649,-1.0578,-0.5955,-0.2891,-0.092,0.0024,-0.0158,-0.1419,-0.3329,-0.4777,-0.4932,-0.519,-0.4081,-0.3672,-0.4304,-0.4718,-0.4896,-0.4978,-0.5031,-0.508,-0.513,-0.518,-0.5227,-0.5272,-0.5313,-0.5351,-0.5387,-1.2915,-1.4153,-1.5475,-1.6053,-1.5161,-1.4383,-1.5367,-1.8656,-2.0099,-1.4867,-0.899,-0.45,-0.1092,0.1383,0.2772,0.2531,0.0516,-0.2329,-0.4524,-0.6048,-0.9102,-0.9143,-0.7095,-0.5965,-0.5492,-0.5274,-0.5173,-0.5139,-0.5146,-0.5176,-0.5215,-0.5256,-0.5295,-0.5331,-0.5364,-0.5395,-1.3318,-1.4846,-1.6788,-1.8036,-1.627,-1.4382,-1.381,-1.4124,-1.3682,-1.1176,-0.7177,-0.2786,0.115,0.4483,0.7232,0.7445,0.3823,-0.0554,-0.4212,-0.864,-1.5625,-1.4414,-0.9496,-0.7061,-0.5994,-0.5497,-0.5267,-0.5179,-0.5169,-0.5196,-0.5235,-0.5275,-0.531,-0.534,-0.5367,-0.5395,-1.3334,-1.48,-1.6398,-1.7214,-1.6184,-1.4364,-1.3169,-1.2895,-1.318,-1.2033,-0.7069,-0.1252,0.3651,0.7853,1.3615,1.6297,0.764,0.0801,-0.3712,-0.8099,-1.3101,-1.2666,-0.9214,-0.7088,-0.5994,-0.5432,-0.5177,-0.5104,-0.5126,-0.518,-0.5236,-0.528,-0.5312,-0.5336,-0.5357,-0.538,-1.3026,-1.439,-1.6032,-1.8,-1.7474,-1.4568,-1.3249,-1.3408,-1.6224,-1.8083,-0.7969,0.0504,0.6689,1.0979,1.4581,1.6929,0.7191,-0.0234,-0.4336,-0.6632,-0.8386,-0.8634,-0.7553,-0.6385,-0.5516,-0.4998,-0.4823,-0.4873,-0.5005,-0.513,-0.5219,-0.5271,-0.5297,-0.5311,-0.5324,-0.5343,-1.2455,-1.3698,-1.5409,-1.7513,-1.6912,-1.4199,-1.3846,-1.4686,-1.4651,-1.3987,-0.5408,0.2797,1.0332,1.7941,1.5338,0.9621,0.2754,-0.5685,-0.8842,-0.7583,-0.7063,-0.6872,-0.6362,-0.5533,-0.4604,-0.403,-0.4086,-0.4463,-0.4824,-0.5065,-0.5194,-0.5246,-0.5257,-0.5254,-0.5256,-0.5272,-1.1652,-1.2563,-1.3614,-1.4395,-1.3959,-1.3211,-1.4396,-1.6984,-1.4601,-0.8665,-0.1891,0.387,0.965,2.0879,1.7238,0.7834,0.0239,-1.6478,-1.7711,-0.9451,-0.7101,-0.6411,-0.5827,-0.4767,-0.3135,-0.2182,-0.2881,-0.3954,-0.4666,-0.5033,-0.5179,-0.5202,-0.5174,-0.5141,-0.513,-0.5149,-1.0739,-1.1279,-1.1763,-1.198,-1.1826,-1.1886,-1.3041,-1.4862,-1.2677,-0.5983,-0.0155,0.3438,0.504,1.2258,0.9643,0.7809,0.2509,-0.8925,-1.2258,-0.8536,-0.695,-0.635,-0.5765,-0.4415,-0.1738,-0.0122,-0.1877,-0.3732,-0.4701,-0.5094,-0.5178,-0.5113,-0.5006,-0.4928,-0.4909,-0.4948,-0.9851,-1.0117,-1.0287,-1.0295,-1.0173,-1.0142,-1.0329,-1.0051,-0.7552,-0.3167,0.047,0.3091,0.5903,0.8011,0.6499,0.7274,-0.5693,-0.4632,-0.683,-0.7114,-0.6543,-0.6287,-0.6075,-0.5033,-0.282,-0.1432,-0.2765,-0.4305,-0.5069,-0.5273,-0.516,-0.491,-0.4671,-0.4538,-0.4536,-0.4635,-0.9065,-0.9148,-0.9139,-0.9009,-0.8767,-0.843,-0.7889,-0.6721,-0.4448,-0.1507,0.0272,0.3234,0.3542,0.4093,0.2681,-0.0621,-0.5798,-0.5945,-0.7542,-0.7398,-0.5278,-0.5622,-0.6566,-0.6289,-0.531,-0.4659,-0.4977,-0.5516,-0.5704,-0.5505,-0.5029,-0.4454,-0.4007,-0.3837,-0.393,-0.4174,-0.8403,-0.8368,-0.8245,-0.8013,-0.7653,-0.7125,-0.6324,-0.5076,-0.3299,-0.1295,0.0046,0.1194,0.0872,0.0094,-0.1635,-0.4186,-0.6721,-1.0036,-1.2498,-1.0159,-0.5427,-0.6011,-0.755,-0.767,-0.7324,-0.7085,-0.7009,-0.6834,-0.641,-0.5679,-0.4636,-0.3498,-0.2734,-0.263,-0.301,-0.3554,-0.7865,-0.7757,-0.7567,-0.7278,-0.6864,-0.6291,-0.5508,-0.4468,-0.3213,-0.1948,-0.103,-0.0717,-0.0897,-0.2026,-0.8502,-1.2481,-1.2468,-1.7088,-2.2406,-1.6387,-1.1524,-0.9765,-0.9483,-0.9155,-0.888,-0.8882,-0.8731,-0.804,-0.7056,-0.5738,-0.3863,-0.1722,-0.0481,-0.0755,-0.1795,-0.2849,-0.7443,-0.7295,-0.7076,-0.6771,-0.6366,-0.5843,-0.519,-0.4419,-0.3604,-0.2898,-0.2537,-0.2798,-0.4122,-0.8731,-2.2789,-2.8603,-1.8055,-1.8922,-2.2332,-2.1893,-1.7213,-1.3517,-1.1694,-1.0599,-0.9987,-1.0228,-1.0263,-0.8941,-0.754,-0.5792,-0.2955,0.0729,0.2582,0.1399,-0.0648,-0.2289,-0.7125,-0.6961,-0.674,-0.6454,-0.6095,-0.5663,-0.5169,-0.4648,-0.4175,-0.3881,-0.3963,-0.4729,-0.6829,-1.1941,-2.1971,-2.5411,-1.8997,-1.9451,-2.6981,-3.0563,-2.1201,-1.619,-1.383,-1.2031,-1.0592,-1.0402,-1.0434,-0.8805,-0.7733,-0.6152,-0.2951,0.1694,0.3927,0.2175,-0.0348,-0.2207,-0.6894,-0.6733,-0.6529,-0.6279,-0.5985,-0.5655,-0.5311,-0.4993,-0.4773,-0.4757,-0.5105,-0.6054,-0.7978,-1.1293,-1.539,-1.7236,-1.6898,-1.8566,-2.3145,-2.4667,-2.0587,-1.8204,-1.6768,-1.4112,-1.117,-0.895,-0.6959,-0.724,-0.7875,-0.7138,-0.4617,-0.0872,0.122,0.0414,-0.1306,-0.2745,-0.6735,-0.6589,-0.6412,-0.6208,-0.5981,-0.5747,-0.5528,-0.5365,-0.5316,-0.5465,-0.592,-0.6817,-0.8285,-1.0304,-1.2421,-1.3915,-1.4956,-1.6503,-1.8504,-1.9483,-1.9837,-2.2142,-2.2639,-1.7631,-1.2324,-0.8276,-0.523,-0.6722,-0.9069,-0.9005,-0.7074,-0.4428,-0.2616,-0.2342,-0.2935,-0.3687,-0.6634,-0.6508,-0.6364,-0.6205,-0.6042,-0.5888,-0.5768,-0.5715,-0.5775,-0.6005,-0.6474,-0.7243,-0.8339,-0.9691,-1.1096,-1.2354,-1.3518,-1.4795,-1.6166,-1.7598,-2.0208,-2.5635,-2.7343,-2.0325,-1.3763,-0.9796,-0.8084,-0.9468,-1.206,-1.138,-0.9132,-0.6903,-0.5304,-0.4569,-0.4481,-0.4694,-0.6577,-0.6474,-0.6362,-0.6246,-0.6137,-0.6048,-0.6001,-0.6022,-0.6145,-0.6408,-0.6849,-0.7493,-0.8339,-0.9336,-1.0395,-1.1444,-1.2491,-1.3592,-1.4814,-1.6378,-1.8901,-2.2365,-2.3019,-1.8818,-1.4148,-1.1174,-1.0065,-1.0912,-1.2485,-1.1834,-0.993,-0.8146,-0.6818,-0.6014,-0.5645,-0.5555]},{"header":{"la1":42.85,"la2":41.18,"lo1":11.55,"lo2":14.05,"nx":36,"ny":24,"dx":0.07143,"dy":0.07261,"parameterCategory":2,"parameterNumber":3,"parameterNumberName":"northward_wind","parameterUnit":"m.s-1"},"data":[-0.7842,-0.7886,-0.7933,-0.7979,-0.8021,-0.8052,-0.8065,-0.8054,-0.8011,-0.7928,-0.7799,-0.7618,-0.7381,-0.7091,-0.6753,-0.638,-0.5993,-0.5615,-0.5271,-0.4978,-0.4742,-0.4554,-0.44,-0.4263,-0.4136,-0.4017,-0.3906,-0.3804,-0.3714,-0.3635,-0.3567,-0.3511,-0.3465,-0.3429,-0.3402,-0.3382,-0.7874,-0.7926,-0.7985,-0.8049,-0.8113,-0.8168,-0.8205,-0.8217,-0.8194,-0.8127,-0.8005,-0.7819,-0.7563,-0.7234,-0.684,-0.6394,-0.5924,-0.5468,-0.5068,-0.4751,-0.4523,-0.436,-0.4228,-0.4102,-0.3974,-0.3848,-0.373,-0.3625,-0.3533,-0.3454,-0.339,-0.3338,-0.3299,-0.3269,-0.3249,-0.3237,-0.788,-0.7937,-0.8008,-0.8092,-0.8183,-0.8268,-0.8336,-0.8374,-0.8378,-0.8337,-0.8235,-0.8054,-0.7782,-0.7414,-0.6952,-0.641,-0.5824,-0.5255,-0.478,-0.4453,-0.4273,-0.4181,-0.4093,-0.3967,-0.3817,-0.367,-0.3537,-0.3424,-0.3329,-0.3253,-0.3193,-0.3148,-0.3116,-0.3096,-0.3086,-0.3083,-0.7851,-0.7905,-0.7985,-0.8092,-0.8218,-0.8342,-0.8442,-0.8506,-0.854,-0.8542,-0.8483,-0.8327,-0.8051,-0.7647,-0.7109,-0.6443,-0.5688,-0.4939,-0.4351,-0.4047,-0.4022,-0.4118,-0.4093,-0.3902,-0.3672,-0.3475,-0.3317,-0.3193,-0.3097,-0.3024,-0.2972,-0.2937,-0.2917,-0.2909,-0.291,-0.2919,-0.7774,-0.7814,-0.7893,-0.8023,-0.8196,-0.8377,-0.8509,-0.8569,-0.8619,-0.8701,-0.8737,-0.8641,-0.8384,-0.7958,-0.7347,-0.6532,-0.5529,-0.4461,-0.3645,-0.3422,-0.3793,-0.439,-0.4386,-0.391,-0.3503,-0.3234,-0.3051,-0.2921,-0.2827,-0.2763,-0.2723,-0.2703,-0.2698,-0.2706,-0.2723,-0.2746,-0.7639,-0.7642,-0.77,-0.7844,-0.8086,-0.8362,-0.853,-0.8492,-0.8475,-0.8746,-0.8995,-0.9012,-0.8801,-0.838,-0.7722,-0.6764,-0.5443,-0.3819,-0.2442,-0.2323,-0.3286,-0.4675,-0.4596,-0.3726,-0.3189,-0.2895,-0.2713,-0.2589,-0.2508,-0.246,-0.244,-0.2442,-0.246,-0.2488,-0.2524,-0.2564,-0.7443,-0.738,-0.7381,-0.7506,-0.7829,-0.8284,-0.8567,-0.8343,-0.8112,-0.8774,-0.9337,-0.9478,-0.9326,-0.8946,-0.8307,-0.7283,-0.5701,-0.3487,-0.1297,-0.127,-0.2009,-0.296,-0.3266,-0.2898,-0.2609,-0.2418,-0.2279,-0.2181,-0.2125,-0.2108,-0.212,-0.2153,-0.22,-0.2256,-0.2315,-0.2376,-0.7194,-0.7047,-0.6989,-0.7049,-0.7379,-0.8108,-0.8746,-0.8781,-0.8704,-0.939,-0.994,-1.0084,-0.9968,-0.9674,-0.917,-0.8232,-0.6581,-0.4276,-0.2147,-0.1149,0.0489,0.0411,-0.0983,-0.1676,-0.1848,-0.1817,-0.1736,-0.1677,-0.1665,-0.1696,-0.1757,-0.1836,-0.1923,-0.2012,-0.2099,-0.2184,-0.6907,-0.6652,-0.669,-0.694,-0.6831,-0.7795,-0.907,-0.9801,-1.0193,-1.0572,-1.0789,-1.0811,-1.0699,-1.0529,-1.0366,-0.975,-0.7967,-0.5551,-0.3105,-0.0014,0.4862,0.4026,0.0719,-0.0704,-0.1097,-0.1113,-0.1056,-0.1046,-0.1106,-0.1217,-0.1352,-0.1494,-0.1632,-0.1762,-0.1882,-0.1992,-0.66,-0.6043,-0.5678,-0.5603,-0.5155,-0.7206,-0.9588,-1.0944,-1.1515,-1.1677,-1.1646,-1.1576,-1.1462,-1.1365,-1.1784,-1.2025,-0.9342,-0.6443,-0.3828,-0.0705,0.301,0.2804,0.0688,-0.0244,-0.0363,-0.0225,-0.0149,-0.0228,-0.0423,-0.0666,-0.0911,-0.1137,-0.1338,-0.1514,-0.1669,-0.1806,-0.6399,-0.5342,-0.3276,0.0824,-0.0214,-0.6563,-1.0679,-1.2343,-1.23,-1.21,-1.2313,-1.2343,-1.2251,-1.2071,-1.2098,-1.2239,-0.9354,-0.6278,-0.4015,-0.2207,-0.0551,0.0057,-0.0048,0.0129,0.0663,0.1131,0.1183,0.0865,0.04,-0.0058,-0.0455,-0.0784,-0.1056,-0.1282,-0.1471,-0.1634,-0.6529,-0.5388,-0.3134,0.0365,-0.1031,-0.7981,-1.2828,-1.4816,-1.3759,-1.2807,-1.3073,-1.3218,-1.3077,-1.2768,-1.2301,-1.0953,-0.8173,-0.4092,-0.2281,-0.2258,-0.1714,-0.0981,-0.0179,0.1004,0.253,0.3506,0.3243,0.2292,0.1325,0.0555,-0.0026,-0.0467,-0.0809,-0.1079,-0.13,-0.1483,-0.7031,-0.6332,-0.5318,-0.4661,-0.6447,-1.0634,-1.4602,-1.7024,-1.5913,-1.435,-1.4148,-1.4355,-1.425,-1.3114,-1.2874,-1.1492,-0.7789,0.0911,0.1679,-0.1499,-0.1695,-0.0978,0.0266,0.2454,0.5711,0.7592,0.6148,0.3866,0.2178,0.1064,0.0311,-0.0224,-0.0621,-0.0927,-0.1167,-0.1363,-0.769,-0.7491,-0.7406,-0.7868,-0.9429,-1.1919,-1.4447,-1.6122,-1.5845,-1.5227,-1.5405,-1.5308,-1.5493,-1.8804,-1.4246,-1.4381,-0.9699,-0.2505,-0.0573,-0.1543,-0.1317,-0.0564,0.0772,0.3578,0.8702,1.1718,0.8437,0.482,0.2637,0.1337,0.0495,-0.0092,-0.0521,-0.0842,-0.1089,-0.1284,-0.8286,-0.8407,-0.8722,-0.942,-1.0623,-1.2191,-1.373,-1.481,-1.5436,-1.657,-1.8022,-1.8053,-1.732,-1.8658,-1.412,-1.4158,0.1682,-0.2734,-0.2152,-0.1256,-0.0466,0.0085,0.0996,0.3215,0.7164,0.9534,0.7238,0.4369,0.2503,0.1316,0.0498,-0.0098,-0.0534,-0.0849,-0.1079,-0.1254,-0.8719,-0.8992,-0.9431,-1.0106,-1.1035,-1.2131,-1.3245,-1.4324,-1.5757,-1.8706,-2.4092,-2.4345,-1.9972,-1.5221,-1.1735,-0.6351,0.0621,-0.1329,-0.0708,0.017,0.0769,0.0794,0.1102,0.2264,0.3997,0.5022,0.4415,0.3155,0.2016,0.1093,0.034,-0.0258,-0.0693,-0.0977,-0.1156,-0.1282,-0.898,-0.9305,-0.9752,-1.0346,-1.1083,-1.1929,-1.2854,-1.394,-1.5549,-1.8492,-2.2837,-2.0897,-1.4996,-1.1779,-0.8975,-0.5142,-0.1898,0.1197,0.3573,0.2486,0.1185,0.1145,0.1344,0.1852,0.253,0.2938,0.2822,0.2308,0.1602,0.083,0.0062,-0.0608,-0.1059,-0.1267,-0.1335,-0.1368,-0.9095,-0.9419,-0.9827,-1.033,-1.0922,-1.1591,-1.2342,-1.3235,-1.4399,-1.5871,-1.6818,-1.5362,-1.2033,-0.988,-0.3654,0.0624,0.172,0.7186,1.3139,0.6651,0.3136,0.2097,0.1864,0.1977,0.2309,0.2643,0.2639,0.2168,0.1458,0.0627,-0.0312,-0.121,-0.1718,-0.1753,-0.1607,-0.1493,-0.9095,-0.9391,-0.9743,-1.0153,-1.0617,-1.1126,-1.1677,-1.2273,-1.2892,-1.3366,-1.3222,-1.1901,-0.9343,-0.4338,0.8208,1.3248,0.553,0.7663,1.1101,0.8226,0.5244,0.3352,0.2576,0.2371,0.2601,0.3288,0.3425,0.2453,0.1486,0.0518,-0.0688,-0.1998,-0.2604,-0.2322,-0.1876,-0.16,-0.901,-0.9264,-0.9553,-0.9874,-1.0219,-1.0576,-1.0928,-1.1244,-1.1452,-1.1397,-1.0812,-0.9382,-0.6684,-0.1509,0.75,1.0606,0.5762,0.6035,0.9242,1.0468,0.6534,0.4309,0.3387,0.2886,0.2779,0.3404,0.3571,0.2319,0.1441,0.0541,-0.0745,-0.2308,-0.299,-0.2528,-0.1947,-0.1609,-0.8863,-0.9071,-0.9296,-0.9532,-0.9769,-0.9991,-1.0171,-1.0269,-1.0211,-0.988,-0.9113,-0.7707,-0.5411,-0.1981,0.1951,0.3824,0.373,0.473,0.705,0.7791,0.6057,0.5193,0.4749,0.3755,0.2817,0.229,0.1637,0.1527,0.132,0.074,-0.0276,-0.155,-0.2228,-0.2068,-0.1715,-0.1487,-0.8675,-0.8835,-0.8999,-0.9159,-0.9303,-0.9412,-0.9459,-0.9403,-0.9186,-0.8728,-0.7928,-0.6686,-0.4932,-0.2741,-0.0552,0.0999,0.201,0.3162,0.4456,0.5192,0.5736,0.7366,0.782,0.54,0.3157,0.1821,0.1024,0.124,0.1412,0.1137,0.0402,-0.0527,-0.1169,-0.1358,-0.1329,-0.1284,-0.846,-0.8576,-0.8685,-0.8779,-0.8845,-0.8866,-0.8815,-0.866,-0.8358,-0.7856,-0.71,-0.605,-0.471,-0.3174,-0.1647,-0.0324,0.0812,0.1911,0.3,0.4126,0.5977,0.9363,1.038,0.668,0.36,0.207,0.1485,0.1547,0.1882,0.1663,0.094,0.0147,-0.046,-0.0809,-0.0981,-0.1081,-0.8232,-0.8307,-0.8369,-0.8408,-0.8412,-0.8366,-0.8249,-0.8034,-0.7693,-0.7192,-0.6506,-0.5622,-0.4562,-0.3388,-0.2197,-0.1067,-0.0009,0.102,0.208,0.3331,0.5136,0.7402,0.791,0.5737,0.3497,0.2216,0.1685,0.1676,0.1946,0.1743,0.1104,0.0434,-0.0109,-0.0493,-0.0749,-0.093]}]