docs/data/wind_grid.json
[{"header":{"la1":42.85,"la2":41.18,"lo1":11.55,"lo2":14.05,"nx":36,"ny":24,"dx":0.07143,"dy":0.07261,"parameterCategory":2,"parameterNumber":2,"parameterNumberName":"eastward_wind","parameterUnit":"m.s-1"},"data":[1.0807,1.0659,1.0472,1.0248,0.9996,0.9733,0.9484,0.9272,0.9114,0.9006,0.8927,0.8846,0.8737,0.8577,0.835,0.804,0.7632,0.7109,0.6467,0.5735,0.5008,0.4435,0.4152,0.4198,0.4498,0.4936,0.5412,0.5867,0.6276,0.6632,0.694,0.7205,0.7435,0.7636,0.7814,0.7971,1.0949,1.0791,1.0576,1.0302,0.9976,0.9623,0.9286,0.9013,0.884,0.8765,0.8746,0.8729,0.8669,0.8538,0.8319,0.7997,0.7543,0.6917,0.6072,0.5009,0.386,0.2934,0.2551,0.277,0.3381,0.4126,0.4844,0.5469,0.5991,0.6422,0.678,0.7079,0.7332,0.755,0.774,0.7907,1.1142,1.0984,1.0744,1.0406,0.9971,0.947,0.8973,0.8582,0.8382,0.8379,0.8482,0.858,0.86,0.8516,0.8323,0.8011,0.7544,0.6845,0.5776,0.4202,0.2242,0.057,0.0046,0.0734,0.198,0.3233,0.4281,0.5105,0.5745,0.6247,0.6647,0.6973,0.7245,0.7476,0.7675,0.785,1.1404,1.1269,1.1019,1.061,1.0021,0.9277,0.848,0.7833,0.7575,0.774,0.8097,0.8397,0.8537,0.8515,0.836,0.8089,0.768,0.7027,0.5836,0.3582,0.0012,-0.343,-0.4057,-0.2071,0.0407,0.2395,0.3823,0.4836,0.5571,0.6121,0.6549,0.6892,0.7175,0.7414,0.762,0.78,1.1753,1.169,1.1475,1.101,1.0221,0.9098,0.7733,0.6492,0.6071,0.667,0.7573,0.8208,0.8495,0.8528,0.8409,0.821,0.7963,0.7619,0.6767,0.4047,-0.2336,-0.998,-1.0156,-0.5098,-0.0817,0.1904,0.3607,0.4721,0.5493,0.6057,0.649,0.6836,0.7122,0.7364,0.7572,0.7755,1.2197,1.2294,1.2221,1.1769,1.0757,0.9122,0.6828,0.4231,0.3304,0.5062,0.7034,0.8108,0.8507,0.8541,0.8419,0.8291,0.8289,0.8601,0.9116,0.7163,-0.1516,-1.3933,-1.3292,-0.5734,-0.0728,0.2081,0.3736,0.4789,0.5513,0.6046,0.6462,0.6799,0.708,0.7321,0.7529,0.7712,1.2707,1.3097,1.3395,1.3142,1.1892,0.9713,0.655,0.2176,0.0267,0.3926,0.6975,0.8253,0.86,0.8509,0.8285,0.8175,0.8381,0.927,1.1417,1.0773,0.3748,-0.4092,-0.5554,-0.2063,0.0983,0.293,0.4164,0.4994,0.5596,0.6065,0.6447,0.6769,0.7043,0.7279,0.7486,0.767,1.3171,1.3972,1.5039,1.5425,1.3724,1.0962,0.7931,0.4446,0.303,0.5664,0.786,0.8709,0.8759,0.8346,0.7798,0.7595,0.7961,0.8783,0.9885,0.9224,0.6934,0.4736,0.258,0.2383,0.3164,0.3996,0.4669,0.521,0.5667,0.6068,0.6421,0.673,0.6999,0.7234,0.7439,0.7622,1.339,1.4449,1.6361,1.7938,1.5239,1.2013,0.9759,0.8215,0.7813,0.8491,0.9141,0.9323,0.8961,0.797,0.6493,0.5923,0.694,0.7971,0.8433,0.8304,0.864,0.811,0.6075,0.4963,0.4677,0.4745,0.4963,0.5271,0.5631,0.6002,0.6354,0.6668,0.6941,0.7177,0.7383,0.7565,1.3246,1.4024,1.5244,1.5979,1.4014,1.205,1.0614,0.993,0.9974,1.0169,1.0134,0.9935,0.9291,0.7682,0.3796,0.1715,0.5585,0.7525,0.8081,0.8201,0.8402,0.8069,0.6938,0.5917,0.5208,0.4819,0.4768,0.5001,0.5394,0.5826,0.6229,0.6574,0.6862,0.7103,0.7309,0.7493,1.2891,1.3185,1.3214,1.2484,1.2316,1.1621,1.0585,1.0192,1.0644,1.0918,1.0725,1.0516,0.9842,0.8462,0.4636,0.1746,0.6085,0.7597,0.7929,0.8103,0.8092,0.7749,0.6966,0.5846,0.4662,0.3863,0.3768,0.4229,0.4893,0.5528,0.6049,0.6451,0.6761,0.7005,0.7211,0.7395,1.2561,1.2616,1.2487,1.2207,1.2016,1.114,0.9941,0.9275,1.0092,1.0825,1.1153,1.1162,1.0379,0.8954,0.8634,0.8097,0.8104,0.7289,0.7073,0.7869,0.8151,0.7784,0.6755,0.4934,0.2623,0.116,0.1508,0.2838,0.4162,0.5162,0.5852,0.6316,0.6636,0.6875,0.7075,0.726,1.2341,1.2316,1.2201,1.1997,1.1597,1.0718,0.9369,0.8041,0.9014,1.0883,1.1856,1.1944,1.1521,0.8965,0.9551,1.0366,0.9287,0.4891,0.4671,0.7676,0.8444,0.8025,0.6521,0.3344,-0.1565,-0.4424,-0.2278,0.1072,0.3445,0.4875,0.5705,0.6186,0.6479,0.6689,0.6875,0.7066,1.2226,1.2172,1.2052,1.1837,1.1457,1.0806,0.9853,0.8915,0.9681,1.1855,1.3018,1.2323,1.236,1.7485,1.2683,1.1763,1.0733,0.7778,0.6999,0.867,0.9109,0.8536,0.6718,0.2348,-0.5823,-1.0639,-0.5463,0.0107,0.3249,0.4863,0.5668,0.6053,0.625,0.6398,0.6569,0.678,1.2197,1.2148,1.2052,1.1896,1.166,1.1334,1.099,1.0965,1.1961,1.387,1.5331,1.5349,1.5725,1.7858,1.3724,1.1836,0.9385,1.0278,1.022,1.0218,0.9784,0.9165,0.7683,0.3882,-0.2884,-0.6939,-0.3173,0.1346,0.3951,0.5212,0.5719,0.5842,0.5845,0.5903,0.608,0.6359,1.2234,1.221,1.2164,1.21,1.2028,1.199,1.2095,1.259,1.3826,1.6104,1.9375,1.8646,1.7412,1.6218,1.4359,1.2124,1.0444,1.1774,1.2301,1.1318,0.9069,0.9131,0.8937,0.6759,0.3443,0.1422,0.226,0.4031,0.5258,0.5763,0.5708,0.5362,0.5056,0.5031,0.5305,0.5755,1.2312,1.2323,1.2333,1.2356,1.2416,1.2564,1.2892,1.3551,1.4733,1.666,1.9044,1.8342,1.8159,1.8147,1.5801,1.4437,1.3947,1.4863,1.5575,1.3408,0.9198,0.9584,1.0229,0.9091,0.7419,0.6309,0.6119,0.6381,0.6537,0.6241,0.5399,0.4281,0.3514,0.3522,0.413,0.4949,1.2412,1.2456,1.2516,1.2605,1.2749,1.2989,1.3385,1.4008,1.4911,1.6037,1.6978,1.7329,1.8208,1.8443,1.7599,1.7421,1.689,1.8512,2.0533,1.7817,1.4434,1.2822,1.2049,1.0802,0.9309,0.813,0.7687,0.7715,0.7491,0.6536,0.4617,0.2171,0.0726,0.1157,0.2575,0.4036,1.2517,1.2589,1.2685,1.2816,1.3004,1.3275,1.3661,1.4185,1.4841,1.5552,1.6175,1.6679,1.7249,1.8005,2.0629,2.1892,1.9068,1.9952,2.174,2.3059,1.9457,1.6129,1.4052,1.2176,0.9987,0.7596,0.7047,0.8231,0.8307,0.6876,0.3656,-0.0824,-0.312,-0.1584,0.1104,0.3313,1.2616,1.271,1.2828,1.2982,1.3186,1.3456,1.3805,1.4237,1.4736,1.526,1.5766,1.6266,1.688,1.7983,2.0266,2.1081,1.969,2.1362,2.8242,3.1601,2.3157,1.8505,1.5995,1.3686,1.0948,0.771,0.7019,0.938,0.948,0.7747,0.3799,-0.2007,-0.4824,-0.2572,0.0725,0.3214,1.2705,1.2811,1.2943,1.3106,1.3311,1.3565,1.3874,1.4236,1.4639,1.5065,1.5502,1.5973,1.6556,1.7381,1.8394,1.8933,1.9285,2.1145,2.5135,2.6408,2.2609,2.0114,1.8517,1.5947,1.3118,1.1673,1.2747,1.2394,1.1146,0.936,0.5974,0.1251,-0.1372,-0.0303,0.1976,0.3928,1.2779,1.2893,1.303,1.3194,1.3391,1.3625,1.3899,1.4209,1.4549,1.4912,1.5295,1.5715,1.6203,1.6779,1.7383,1.7918,1.8582,1.979,2.132,2.1893,2.1696,2.2945,2.3115,1.9149,1.5238,1.3805,1.4676,1.3799,1.2548,1.1346,0.8897,0.5695,0.3505,0.3244,0.4101,0.5176,1.2839,1.2956,1.3092,1.3252,1.3438,1.3653,1.3897,1.4167,1.4461,1.4776,1.5111,1.5474,1.5875,1.6314,1.6776,1.7262,1.7851,1.862,1.946,2.025,2.1782,2.5447,2.6655,2.1377,1.6607,1.4424,1.3914,1.3564,1.3717,1.3094,1.1058,0.8686,0.6895,0.611,0.6122,0.6514,1.2885,1.3001,1.3135,1.3287,1.3461,1.3657,1.3875,1.4114,1.4372,1.4647,1.4939,1.5251,1.5586,1.5944,1.6325,1.6738,1.7213,1.7772,1.8421,1.9283,2.0815,2.3108,2.3489,2.0315,1.6849,1.477,1.3831,1.3564,1.3861,1.3412,1.1904,1.0197,0.8819,0.7988,0.7664,0.7674]},{"header":{"la1":42.85,"la2":41.18,"lo1":11.55,"lo2":14.05,"nx":36,"ny":24,"dx":0.07143,"dy":0.07261,"parameterCategory":2,"parameterNumber":3,"parameterNumberName":"northward_wind","parameterUnit":"m.s-1"},"data":[-0.1726,-0.1614,-0.1504,-0.1399,-0.1304,-0.1229,-0.1191,-0.1211,-0.1304,-0.1471,-0.1697,-0.1958,-0.2234,-0.2514,-0.2799,-0.3098,-0.3428,-0.3809,-0.4254,-0.4752,-0.5256,-0.5679,-0.5943,-0.6027,-0.5972,-0.584,-0.5685,-0.5535,-0.5404,-0.5292,-0.5198,-0.5119,-0.5052,-0.4993,-0.4942,-0.4896,-0.1564,-0.1424,-0.1282,-0.1137,-0.0992,-0.0857,-0.0759,-0.0738,-0.083,-0.1042,-0.134,-0.1676,-0.2012,-0.2334,-0.2644,-0.2963,-0.3318,-0.3753,-0.431,-0.5005,-0.5764,-0.6403,-0.6738,-0.6739,-0.6524,-0.6237,-0.5961,-0.5729,-0.5544,-0.5397,-0.528,-0.5185,-0.5105,-0.5037,-0.4978,-0.4926,-0.1394,-0.1222,-0.1044,-0.0853,-0.064,-0.0409,-0.0196,-0.0084,-0.0163,-0.0455,-0.0885,-0.1344,-0.1766,-0.2134,-0.2462,-0.2779,-0.313,-0.3588,-0.4266,-0.5267,-0.6521,-0.7614,-0.8045,-0.7792,-0.7236,-0.6683,-0.6239,-0.5909,-0.5668,-0.5488,-0.535,-0.5241,-0.5151,-0.5075,-0.5009,-0.4952,-0.1215,-0.1008,-0.0793,-0.0555,-0.0262,0.0116,0.0551,0.0881,0.0855,0.0392,-0.0301,-0.0972,-0.1512,-0.1925,-0.2252,-0.2538,-0.2827,-0.3214,-0.3932,-0.5358,-0.7623,-0.979,-1.0283,-0.929,-0.8051,-0.7105,-0.6467,-0.6046,-0.576,-0.5557,-0.5405,-0.5286,-0.5188,-0.5105,-0.5034,-0.4971,-0.1027,-0.0773,-0.0521,-0.0253,0.0104,0.0676,0.1528,0.2398,0.2555,0.1669,0.0415,-0.0602,-0.1281,-0.1718,-0.2017,-0.2238,-0.239,-0.2504,-0.2924,-0.4676,-0.88,-1.3542,-1.3728,-1.0938,-0.8685,-0.7348,-0.6574,-0.6108,-0.5807,-0.5599,-0.5443,-0.5319,-0.5216,-0.5127,-0.505,-0.4983,-0.0825,-0.0499,-0.0195,0.0069,0.0403,0.1121,0.261,0.4739,0.5483,0.3465,0.1108,-0.0352,-0.1122,-0.152,-0.1748,-0.1893,-0.1884,-0.1476,-0.0779,-0.2106,-0.8045,-1.5866,-1.5526,-1.1252,-0.8602,-0.7238,-0.6508,-0.6082,-0.5809,-0.5615,-0.5465,-0.5341,-0.5234,-0.5141,-0.5059,-0.4986,-0.062,-0.016,0.028,0.0525,0.063,0.119,0.3054,0.6779,0.8614,0.4696,0.1231,-0.0401,-0.107,-0.1301,-0.1384,-0.1477,-0.147,-0.0761,0.1302,0.0802,-0.4521,-0.9784,-1.0899,-0.9099,-0.7629,-0.6781,-0.6296,-0.5994,-0.5784,-0.5619,-0.5479,-0.5355,-0.5245,-0.5145,-0.5057,-0.4979,-0.0466,0.0208,0.1025,0.1429,0.0954,0.0801,0.1943,0.4552,0.5734,0.2778,0.0263,-0.0812,-0.11,-0.0975,-0.073,-0.0765,-0.1109,-0.1053,-0.0194,-0.0677,-0.2325,-0.3962,-0.5865,-0.6492,-0.6426,-0.6234,-0.6059,-0.5907,-0.5765,-0.5627,-0.5493,-0.5365,-0.5247,-0.5139,-0.5044,-0.4961,-0.0487,0.033,0.169,0.276,0.1262,0.0172,0.0211,0.0625,0.0405,-0.0603,-0.1261,-0.1393,-0.1149,-0.0446,0.0688,0.0964,-0.0331,-0.1443,-0.1769,-0.1678,-0.0437,-0.1083,-0.3608,-0.506,-0.5668,-0.5892,-0.5941,-0.5895,-0.5792,-0.5659,-0.5515,-0.5373,-0.524,-0.512,-0.5015,-0.4926,-0.0769,-0.0187,0.0679,0.1206,-0.0076,-0.0713,-0.1005,-0.1638,-0.2977,-0.3605,-0.2704,-0.1894,-0.123,0.0023,0.3407,0.5254,0.0876,-0.1737,-0.2623,-0.2422,-0.1335,-0.1755,-0.3518,-0.48,-0.5535,-0.5914,-0.6051,-0.6022,-0.5897,-0.5728,-0.5548,-0.5375,-0.5218,-0.5081,-0.4965,-0.487,-0.1203,-0.1029,-0.1243,-0.2398,-0.2294,-0.1474,-0.1414,-0.2266,-0.5428,-0.7069,-0.3666,-0.2066,-0.1351,-0.0483,0.2701,0.5228,0.0017,-0.2823,-0.381,-0.3782,-0.3443,-0.3626,-0.4413,-0.5273,-0.5961,-0.637,-0.6465,-0.633,-0.609,-0.5828,-0.558,-0.5359,-0.5169,-0.5012,-0.4885,-0.4787,-0.1599,-0.1593,-0.19,-0.2559,-0.2407,-0.1549,-0.0915,-0.0726,-0.3107,-0.4972,-0.296,-0.1625,-0.1216,-0.1109,-0.1006,-0.1188,-0.2963,-0.5082,-0.5738,-0.5226,-0.4873,-0.4924,-0.5368,-0.609,-0.6896,-0.7375,-0.7268,-0.6828,-0.6349,-0.5932,-0.5587,-0.5305,-0.5077,-0.4899,-0.4764,-0.4667,-0.1902,-0.1889,-0.1979,-0.2084,-0.1904,-0.132,-0.0315,0.0932,-0.0209,-0.2076,-0.1763,-0.0099,-0.0147,-0.1099,-0.1687,-0.3435,-0.4958,-0.7831,-0.7998,-0.6315,-0.5773,-0.5759,-0.6131,-0.6998,-0.8351,-0.9131,-0.8474,-0.7415,-0.658,-0.5977,-0.5528,-0.5181,-0.4916,-0.4719,-0.4584,-0.4497,-0.2153,-0.2115,-0.2097,-0.2046,-0.186,-0.1432,-0.0683,0.0143,-0.0495,-0.1957,-0.1702,0.2044,0.313,-0.1195,-0.3191,-0.4997,-0.5956,-0.7189,-0.7384,-0.6632,-0.6316,-0.6313,-0.6627,-0.7604,-0.964,-1.0901,-0.9435,-0.773,-0.6615,-0.588,-0.5351,-0.495,-0.4651,-0.4447,-0.4324,-0.4266,-0.2387,-0.2346,-0.2307,-0.2244,-0.2118,-0.1894,-0.1605,-0.1516,-0.2146,-0.3215,-0.3645,-0.2674,-0.2181,-0.284,-0.4243,-0.5637,-1.0367,-0.7768,-0.7082,-0.6832,-0.6726,-0.6703,-0.6847,-0.751,-0.8981,-0.9929,-0.8814,-0.7354,-0.6318,-0.5584,-0.5016,-0.4567,-0.4239,-0.4042,-0.3959,-0.3958,-0.2617,-0.2591,-0.2569,-0.2543,-0.2505,-0.247,-0.2505,-0.278,-0.3513,-0.4854,-0.6904,-0.6029,-0.5165,-0.4539,-0.5327,-0.7248,-0.9613,-0.8092,-0.7466,-0.7196,-0.6976,-0.694,-0.6926,-0.7101,-0.7534,-0.7753,-0.7267,-0.6478,-0.575,-0.5104,-0.4506,-0.3984,-0.3616,-0.3451,-0.3458,-0.3563,-0.2843,-0.284,-0.2848,-0.2869,-0.2911,-0.3,-0.3193,-0.3586,-0.4289,-0.5427,-0.6854,-0.6437,-0.7424,-0.8159,-0.6838,-0.7312,-0.7929,-0.8175,-0.8288,-0.7816,-0.709,-0.7075,-0.7005,-0.6803,-0.6603,-0.634,-0.598,-0.5571,-0.5099,-0.4518,-0.3824,-0.3132,-0.268,-0.2605,-0.28,-0.309,-0.306,-0.3082,-0.312,-0.3181,-0.3278,-0.3434,-0.3684,-0.4072,-0.463,-0.5328,-0.5972,-0.6536,-0.811,-0.8717,-0.8494,-0.8956,-0.8691,-0.9126,-0.971,-0.9097,-0.8198,-0.7619,-0.716,-0.66,-0.5957,-0.5334,-0.4987,-0.4823,-0.4517,-0.3929,-0.3007,-0.1937,-0.132,-0.1473,-0.2024,-0.259,-0.3265,-0.3307,-0.337,-0.3461,-0.3591,-0.3775,-0.4034,-0.4383,-0.4826,-0.5334,-0.5871,-0.6513,-0.7395,-0.8517,-1.1447,-1.2748,-0.9952,-0.976,-1.0417,-1.1322,-0.984,-0.838,-0.7379,-0.6453,-0.5426,-0.4476,-0.4235,-0.4289,-0.4063,-0.3447,-0.2236,-0.0573,0.0281,-0.0304,-0.1335,-0.219,-0.3453,-0.3512,-0.3594,-0.3703,-0.385,-0.4042,-0.4292,-0.4605,-0.498,-0.5411,-0.5902,-0.65,-0.731,-0.8645,-1.1071,-1.1887,-1.0195,-1.0501,-1.3759,-1.5409,-1.1265,-0.8916,-0.7602,-0.6449,-0.5205,-0.4227,-0.4036,-0.3874,-0.3677,-0.3155,-0.1936,-0.0036,0.0924,0.0118,-0.1099,-0.2045,-0.3623,-0.3695,-0.3789,-0.3909,-0.4062,-0.4253,-0.4489,-0.4773,-0.5107,-0.5491,-0.5937,-0.6478,-0.7177,-0.8122,-0.919,-0.965,-0.9584,-1.0274,-1.2156,-1.2727,-1.0598,-0.8951,-0.7942,-0.6732,-0.5266,-0.3957,-0.2968,-0.3069,-0.3261,-0.3006,-0.2237,-0.0959,-0.0201,-0.061,-0.1454,-0.2204,-0.3775,-0.3856,-0.3957,-0.4082,-0.4235,-0.4421,-0.4642,-0.4902,-0.5203,-0.5548,-0.5944,-0.6409,-0.696,-0.7586,-0.8183,-0.8589,-0.8893,-0.9402,-1.005,-1.0116,-0.9454,-0.9116,-0.8874,-0.7443,-0.5513,-0.364,-0.2219,-0.2621,-0.2854,-0.2792,-0.2586,-0.2057,-0.1627,-0.1691,-0.2087,-0.2549,-0.391,-0.3996,-0.41,-0.4226,-0.4376,-0.4553,-0.476,-0.4998,-0.527,-0.5576,-0.5922,-0.6311,-0.6741,-0.719,-0.7611,-0.7963,-0.8276,-0.8603,-0.8874,-0.8933,-0.8939,-0.9499,-0.9747,-0.8037,-0.5923,-0.4205,-0.3174,-0.2781,-0.2212,-0.2376,-0.2683,-0.2651,-0.2506,-0.2501,-0.2671,-0.2927,-0.4028,-0.4116,-0.4221,-0.4345,-0.449,-0.4658,-0.485,-0.5067,-0.5311,-0.5582,-0.588,-0.6204,-0.6547,-0.6892,-0.7219,-0.7511,-0.777,-0.7998,-0.8171,-0.8283,-0.8463,-0.8857,-0.8828,-0.7655,-0.608,-0.4728,-0.3733,-0.2866,-0.2135,-0.2336,-0.2782,-0.2967,-0.2992,-0.3018,-0.311,-0.3257]}]