docs/data/wind_grid.json
[{"header":{"la1":42.85,"la2":41.18,"lo1":11.55,"lo2":14.05,"nx":36,"ny":24,"dx":0.07143,"dy":0.07261,"parameterCategory":2,"parameterNumber":2,"parameterNumberName":"eastward_wind","parameterUnit":"m.s-1"},"data":[-0.4747,-0.4541,-0.4309,-0.4052,-0.3775,-0.3487,-0.3199,-0.2919,-0.2642,-0.2347,-0.1998,-0.1558,-0.1007,-0.0373,0.0248,0.0696,0.0823,0.0601,0.0131,-0.0444,-0.1017,-0.1537,-0.1989,-0.2375,-0.2704,-0.2985,-0.3226,-0.3434,-0.3614,-0.3772,-0.391,-0.4032,-0.414,-0.4236,-0.4323,-0.4402,-0.4811,-0.4586,-0.4325,-0.4026,-0.3697,-0.335,-0.3009,-0.2695,-0.2411,-0.2127,-0.1773,-0.1269,-0.0551,0.0378,0.1382,0.2145,0.2327,0.1877,0.1062,0.0177,-0.062,-0.1286,-0.183,-0.2275,-0.2641,-0.2946,-0.3204,-0.3423,-0.361,-0.3772,-0.3913,-0.4036,-0.4145,-0.4241,-0.4327,-0.4405,-0.4902,-0.4659,-0.4364,-0.4014,-0.3611,-0.3171,-0.2736,-0.2362,-0.2085,-0.1863,-0.1568,-0.1045,-0.0153,0.1184,0.2834,0.4203,0.446,0.3522,0.2101,0.0772,-0.0289,-0.1102,-0.1727,-0.2218,-0.2612,-0.2935,-0.3203,-0.3429,-0.362,-0.3784,-0.3925,-0.4048,-0.4155,-0.425,-0.4335,-0.4411,-0.5029,-0.4771,-0.4445,-0.4034,-0.3529,-0.2939,-0.2325,-0.1817,-0.1549,-0.1486,-0.1379,-0.0944,0.005,0.1809,0.4352,0.6759,0.71,0.5259,0.2977,0.1169,-0.0115,-0.1029,-0.1701,-0.2216,-0.2623,-0.2953,-0.3226,-0.3453,-0.3644,-0.3807,-0.3946,-0.4065,-0.417,-0.4262,-0.4344,-0.4418,-0.52,-0.4939,-0.4591,-0.4123,-0.3496,-0.2683,-0.1729,-0.0883,-0.0579,-0.0872,-0.1189,-0.1011,-0.0096,0.1803,0.491,0.824,0.8653,0.5995,0.3154,0.1149,-0.018,-0.1095,-0.176,-0.2269,-0.2673,-0.3,-0.327,-0.3494,-0.3682,-0.384,-0.3973,-0.4088,-0.4187,-0.4275,-0.4353,-0.4424,-0.5424,-0.5178,-0.4833,-0.4336,-0.3609,-0.2539,-0.1046,0.057,0.1107,0.005,-0.1043,-0.1262,-0.0606,0.0938,0.3468,0.6192,0.6632,0.4582,0.2306,0.0654,-0.0476,-0.1282,-0.189,-0.2368,-0.2755,-0.3072,-0.3334,-0.3551,-0.373,-0.388,-0.4007,-0.4114,-0.4206,-0.4288,-0.4361,-0.4428,-0.5703,-0.5498,-0.5196,-0.4734,-0.4004,-0.2814,-0.0878,0.1748,0.2801,0.0635,-0.1243,-0.1718,-0.1294,-0.028,0.1168,0.2565,0.2937,0.2123,0.0954,-0.0068,-0.0878,-0.1525,-0.2055,-0.2494,-0.286,-0.3163,-0.3413,-0.3619,-0.3788,-0.3927,-0.4042,-0.414,-0.4224,-0.4298,-0.4365,-0.4428,-0.6032,-0.5896,-0.5684,-0.534,-0.4766,-0.3787,-0.2144,0.0126,0.1021,-0.0793,-0.2169,-0.2356,-0.1906,-0.1186,-0.0394,0.0272,0.055,0.0365,-0.0098,-0.0653,-0.1211,-0.1737,-0.2212,-0.2626,-0.2976,-0.3267,-0.3504,-0.3696,-0.385,-0.3974,-0.4076,-0.4161,-0.4235,-0.4301,-0.4362,-0.4421,-0.6395,-0.6351,-0.6268,-0.6114,-0.5827,-0.5313,-0.4488,-0.3536,-0.3177,-0.3475,-0.3483,-0.2977,-0.2225,-0.1502,-0.0944,-0.0564,-0.0354,-0.0333,-0.0514,-0.0876,-0.135,-0.1856,-0.2332,-0.275,-0.3098,-0.338,-0.3603,-0.3777,-0.3913,-0.4019,-0.4104,-0.4174,-0.4236,-0.4293,-0.4347,-0.4402,-0.677,-0.6827,-0.6893,-0.6962,-0.7014,-0.6996,-0.6808,-0.6369,-0.584,-0.5387,-0.4553,-0.3318,-0.2063,-0.1129,-0.0666,-0.0483,-0.0318,-0.0168,-0.0244,-0.0646,-0.1243,-0.1864,-0.2414,-0.2868,-0.3226,-0.35,-0.3706,-0.3857,-0.3969,-0.4053,-0.4117,-0.4171,-0.4219,-0.4267,-0.4316,-0.4368,-0.7128,-0.7282,-0.7492,-0.778,-0.817,-0.8649,-0.9023,-0.8595,-0.669,-0.5918,-0.5166,-0.3248,-0.1281,0.0104,0.0346,0.0114,0.0298,0.085,0.0892,0.0118,-0.0909,-0.1804,-0.249,-0.2998,-0.3367,-0.3628,-0.3808,-0.3929,-0.4011,-0.4066,-0.4108,-0.4143,-0.4177,-0.4216,-0.4261,-0.4313,-0.7446,-0.7676,-0.7998,-0.8459,-0.9136,-1.0124,-1.143,-1.2155,-0.9302,-0.6816,-0.538,-0.2897,-0.0125,0.245,0.195,0.078,0.1269,0.3317,0.353,0.1414,-0.0522,-0.1797,-0.262,-0.3166,-0.353,-0.3762,-0.3902,-0.398,-0.4023,-0.4046,-0.4062,-0.4077,-0.4098,-0.413,-0.4174,-0.4231,-0.7704,-0.7981,-0.8363,-0.8911,-0.9725,-1.0975,-1.2874,-1.4937,-1.3033,-0.876,-0.5548,-0.2646,-0.0207,0.324,0.2553,0.0804,0.1974,0.7207,0.7194,0.2308,-0.0547,-0.2007,-0.2847,-0.3382,-0.3712,-0.389,-0.3968,-0.3989,-0.3985,-0.3973,-0.3963,-0.3959,-0.3969,-0.3997,-0.4046,-0.4115,-0.7898,-0.8187,-0.8574,-0.9108,-0.9861,-1.0936,-1.2376,-1.3729,-1.2595,-0.9185,-0.6215,-0.2567,-0.0982,0.2985,0.0322,0.0157,0.1484,0.4239,0.4352,0.0826,-0.1333,-0.2399,-0.3114,-0.3618,-0.3895,-0.3985,-0.3969,-0.3917,-0.3865,-0.3824,-0.3792,-0.3772,-0.3772,-0.3802,-0.3865,-0.3956,-0.803,-0.8306,-0.8658,-0.911,-0.9688,-1.0393,-1.1121,-1.1454,-1.0756,-0.9649,-0.8883,-0.7096,-0.416,-0.3805,-0.2125,0.0551,0.3916,0.0824,-0.0605,-0.1706,-0.1983,-0.2372,-0.3217,-0.3837,-0.4053,-0.3993,-0.3837,-0.3703,-0.3622,-0.3572,-0.3531,-0.3496,-0.3489,-0.3528,-0.3619,-0.3749,-0.8116,-0.8365,-0.8665,-0.9021,-0.9428,-0.9851,-1.0197,-1.0327,-1.0336,-1.1067,-1.3525,-1.301,-1.032,-0.6704,-0.5206,-0.1711,0.1416,-0.2115,-0.4117,-0.3309,-0.0469,-0.1079,-0.3177,-0.4115,-0.4155,-0.3796,-0.3435,-0.3249,-0.3205,-0.3201,-0.3171,-0.3117,-0.3095,-0.3153,-0.3295,-0.3492,-0.817,-0.8389,-0.8639,-0.8918,-0.9214,-0.9501,-0.9748,-0.9972,-1.0378,-1.1478,-1.3367,-1.2789,-1.4044,-1.4771,-0.9914,-0.7478,-0.6354,-0.7772,-0.8856,-0.6031,-0.0542,-0.1399,-0.3986,-0.4665,-0.4095,-0.3129,-0.2505,-0.2416,-0.258,-0.2723,-0.2727,-0.2627,-0.2567,-0.2661,-0.2896,-0.3196,-0.8204,-0.8397,-0.861,-0.8839,-0.9075,-0.9312,-0.9551,-0.9836,-1.0275,-1.0972,-1.1722,-1.243,-1.5025,-1.5832,-1.4279,-1.4022,-1.197,-1.2636,-1.4314,-1.1345,-0.741,-0.6046,-0.6197,-0.5495,-0.3622,-0.1524,-0.0689,-0.1117,-0.1781,-0.2202,-0.2259,-0.205,-0.1912,-0.2076,-0.2459,-0.29,-0.8229,-0.8402,-0.8589,-0.8788,-0.8996,-0.9214,-0.9454,-0.9746,-1.0132,-1.0634,-1.1231,-1.2056,-1.3359,-1.5123,-2.0595,-2.2948,-1.6005,-1.438,-1.5263,-1.6054,-1.317,-1.0545,-0.8863,-0.6544,-0.2847,0.1007,0.1829,0.0307,-0.0989,-0.1745,-0.1879,-0.1514,-0.1274,-0.1545,-0.2103,-0.2683,-0.8249,-0.8407,-0.8577,-0.8759,-0.8952,-0.9162,-0.9398,-0.968,-1.003,-1.0467,-1.1022,-1.1795,-1.2997,-1.5301,-1.9884,-2.1251,-1.684,-1.5949,-1.9995,-2.2051,-1.6943,-1.4138,-1.2066,-0.851,-0.3262,0.153,0.2402,0.1001,-0.0375,-0.1418,-0.1719,-0.133,-0.1051,-0.1373,-0.2004,-0.2638,-0.8266,-0.8414,-0.8573,-0.8743,-0.8928,-0.9131,-0.9362,-0.9633,-0.9961,-1.0366,-1.0886,-1.1595,-1.2633,-1.4204,-1.606,-1.659,-1.5735,-1.6097,-1.8448,-1.9445,-1.8259,-1.8597,-1.7727,-1.2727,-0.5625,0.003,0.2891,0.2217,0.0219,-0.1244,-0.1809,-0.1651,-0.1466,-0.1716,-0.2243,-0.2805,-0.8281,-0.8421,-0.8572,-0.8735,-0.8913,-0.911,-0.9334,-0.9594,-0.9903,-1.028,-1.0752,-1.136,-1.2152,-1.3115,-1.4028,-1.4518,-1.4745,-1.5425,-1.6722,-1.8179,-2.1115,-2.7154,-2.8537,-1.9863,-0.9043,-0.0411,0.4499,0.3072,0.0296,-0.14,-0.2122,-0.222,-0.2187,-0.2355,-0.2716,-0.3139,-0.8293,-0.8427,-0.8572,-0.8729,-0.8901,-0.9091,-0.9307,-0.9555,-0.9845,-1.019,-1.0607,-1.1112,-1.1711,-1.2369,-1.2993,-1.3514,-1.4049,-1.4868,-1.6211,-1.8632,-2.4009,-3.3384,-3.5969,-2.5067,-1.2725,-0.3926,0.0485,0.0554,-0.0926,-0.2093,-0.268,-0.2863,-0.2917,-0.3039,-0.3269,-0.3558,-0.8302,-0.8431,-0.8571,-0.8722,-0.8888,-0.9071,-0.9277,-0.9511,-0.978,-1.0093,-1.0458,-1.088,-1.1356,-1.1865,-1.2382,-1.2912,-1.3538,-1.4429,-1.5854,-1.8367,-2.2871,-2.868,-2.9767,-2.3023,-1.432,-0.7643,-0.3884,-0.2676,-0.2786,-0.3176,-0.3443,-0.3553,-0.36,-0.3676,-0.3813,-0.3997]},{"header":{"la1":42.85,"la2":41.18,"lo1":11.55,"lo2":14.05,"nx":36,"ny":24,"dx":0.07143,"dy":0.07261,"parameterCategory":2,"parameterNumber":3,"parameterNumberName":"northward_wind","parameterUnit":"m.s-1"},"data":[1.5737,1.5451,1.5127,1.4766,1.4379,1.3978,1.3582,1.3206,1.2845,1.2464,1.2003,1.1396,1.0608,0.9676,0.8747,0.8077,0.7899,0.8262,0.9005,0.9901,1.0783,1.1568,1.2235,1.2791,1.325,1.3632,1.395,1.4218,1.4446,1.4641,1.4809,1.4957,1.5087,1.5202,1.5306,1.5399,1.5805,1.5488,1.5118,1.4693,1.4222,1.3727,1.3247,1.282,1.2457,1.2107,1.1658,1.0971,0.9937,0.855,0.702,0.585,0.5585,0.631,0.7605,0.8996,1.0233,1.1245,1.2051,1.2689,1.3197,1.3607,1.3942,1.422,1.4452,1.465,1.4819,1.4967,1.5096,1.521,1.5313,1.5405,1.5909,1.5561,1.5139,1.4631,1.4041,1.3395,1.276,1.2236,1.1888,1.1657,1.1331,1.0645,0.9359,0.7337,0.4782,0.2638,0.2248,0.3758,0.603,0.8137,0.9795,1.1036,1.196,1.266,1.3199,1.3624,1.3965,1.4245,1.4477,1.4673,1.484,1.4984,1.5111,1.5223,1.5323,1.5413,1.6059,1.5688,1.5214,1.461,1.3856,1.2963,1.2028,1.1272,1.0937,1.0988,1.101,1.0511,0.9093,0.6411,0.2421,-0.1404,-0.1943,0.103,0.4709,0.7601,0.9621,1.1015,1.2,1.272,1.3263,1.3685,1.402,1.4292,1.4518,1.4707,1.4869,1.5008,1.513,1.5238,1.5335,1.5423,1.627,1.589,1.538,1.4685,1.3737,1.2479,1.0971,0.9626,0.921,0.988,1.0666,1.0647,0.9393,0.6497,0.1583,-0.377,-0.4436,-0.0105,0.4521,0.7756,0.9851,1.1234,1.2187,1.2873,1.3388,1.3786,1.4102,1.4359,1.4572,1.4751,1.4904,1.5036,1.5152,1.5254,1.5347,1.5432,1.655,1.6189,1.5681,1.4943,1.384,1.2172,0.9765,0.7081,0.6214,0.8214,1.0401,1.1109,1.0307,0.7988,0.3992,-0.0402,-0.1103,0.2293,0.605,0.8731,1.0494,1.1675,1.25,1.3102,1.3559,1.3917,1.4204,1.4439,1.4635,1.48,1.4942,1.5065,1.5173,1.527,1.5358,1.5439,1.6902,1.6597,1.615,1.5467,1.4374,1.2542,0.9433,0.5026,0.3205,0.7169,1.0803,1.1982,1.1563,1.0107,0.7882,0.5683,0.5142,0.6555,0.8521,1.0165,1.1371,1.224,1.2883,1.3372,1.3755,1.4063,1.4315,1.4524,1.4699,1.4849,1.4978,1.5091,1.5191,1.5281,1.5364,1.5442,1.7317,1.7103,1.6781,1.6276,1.5444,1.4008,1.1496,0.7832,0.6398,0.9858,1.2638,1.3273,1.2767,1.1787,1.0667,0.9741,0.944,0.9873,1.0684,1.1517,1.2228,1.2802,1.3263,1.3638,1.3947,1.4204,1.442,1.4603,1.4758,1.4892,1.5007,1.5109,1.5201,1.5285,1.5363,1.5437,1.777,1.7672,1.7519,1.7277,1.688,1.6224,1.5223,1.4164,1.4164,1.5181,1.5395,1.4639,1.3536,1.2535,1.1847,1.1501,1.1464,1.1686,1.2062,1.2483,1.2889,1.3255,1.3578,1.3861,1.4108,1.4322,1.4507,1.4666,1.4803,1.4921,1.5024,1.5116,1.5199,1.5277,1.5351,1.5423,1.8231,1.8253,1.8278,1.8308,1.8345,1.8396,1.851,1.8926,1.997,2.0129,1.8028,1.5555,1.3498,1.2121,1.1633,1.1784,1.2135,1.2468,1.2757,1.3031,1.3296,1.3547,1.3784,1.4007,1.4213,1.4399,1.4563,1.4704,1.4825,1.493,1.5022,1.5104,1.518,1.5252,1.5323,1.5395,1.8668,1.8795,1.8971,1.9223,1.9587,2.01,2.0743,2.1497,2.3346,2.4337,1.9757,1.5638,1.2368,1.0157,1.0045,1.117,1.2162,1.2687,1.297,1.3223,1.3456,1.3658,1.3852,1.4049,1.4243,1.4421,1.4575,1.4706,1.4816,1.4911,1.4993,1.5067,1.5136,1.5205,1.5275,1.5348,1.9056,1.9262,1.9542,1.9935,2.0496,2.128,2.2258,2.297,2.3063,2.2884,1.9244,1.5117,1.0621,0.5996,0.7154,1.0327,1.2105,1.2585,1.2764,1.3135,1.3401,1.3566,1.3741,1.3956,1.4178,1.4375,1.4535,1.4662,1.4766,1.4854,1.4929,1.4997,1.5061,1.5127,1.5199,1.5278,1.9381,1.9634,1.9968,2.0418,2.1038,2.189,2.3,2.3996,2.3281,2.1345,1.852,1.5191,1.1503,0.4651,0.6131,1.0635,1.231,1.2209,1.2262,1.2953,1.3127,1.3157,1.3355,1.3681,1.4003,1.4253,1.4429,1.4559,1.4662,1.4748,1.4821,1.4884,1.4944,1.501,1.5088,1.5177,1.9642,1.9914,2.0259,2.0699,2.1264,2.1978,2.2804,2.3479,2.3041,2.15,1.9403,1.5763,1.4023,0.9109,1.1532,1.2325,1.2328,1.2568,1.2712,1.2863,1.2278,1.2011,1.2481,1.3179,1.3723,1.4052,1.4242,1.4372,1.4484,1.4582,1.4659,1.4718,1.4773,1.484,1.4929,1.5039,1.9845,2.0117,2.0447,2.0844,2.1314,2.1841,2.2355,2.2688,2.2719,2.2895,2.3069,2.1606,1.9175,2.2235,1.613,1.2555,0.9142,1.2655,1.361,1.2159,0.937,0.9039,1.0886,1.2516,1.3399,1.3768,1.3925,1.4054,1.4204,1.4341,1.4434,1.4485,1.4527,1.4596,1.4708,1.4854,2.0,2.0264,2.0572,2.0925,2.1321,2.1745,2.2171,2.2626,2.339,2.5315,2.9042,2.9583,2.6297,2.2241,1.9463,1.4951,1.1544,1.4662,1.5293,1.0693,0.2086,0.3588,0.9171,1.2108,1.3146,1.3326,1.334,1.3504,1.3783,1.4026,1.4148,1.4169,1.4177,1.4251,1.4407,1.4617,2.0118,2.0371,2.0658,2.0982,2.1341,2.1738,2.2199,2.2824,2.3897,2.5948,2.8786,2.8487,2.9824,3.0421,2.4046,2.0605,1.8971,1.9903,2.0005,1.3557,0.1486,0.3509,0.9872,1.2571,1.2942,1.2406,1.2137,1.2541,1.3201,1.3675,1.3823,1.3747,1.3676,1.3769,1.4018,1.4335,2.0207,2.0449,2.0721,2.1026,2.1368,2.1761,2.2242,2.2889,2.3829,2.5117,2.6369,2.7359,3.0464,3.1172,2.769,2.6447,2.4207,2.4988,2.7104,2.1755,1.4452,1.2253,1.3462,1.3782,1.2402,1.0254,0.9628,1.1001,1.2564,1.3407,1.3511,1.3196,1.2982,1.3148,1.3569,1.4046,2.0273,2.0505,2.0764,2.1053,2.1381,2.1762,2.2223,2.2803,2.3536,2.4395,2.5279,2.6265,2.7562,2.8646,3.2292,3.4041,2.781,2.6551,2.7682,2.7485,2.2928,1.898,1.7054,1.5123,1.1543,0.65,0.546,0.9447,1.2353,1.3439,1.3312,1.2593,1.2212,1.2537,1.319,1.3836,2.0318,2.054,2.0786,2.1061,2.1371,2.1728,2.2146,2.2642,2.3223,2.3871,2.457,2.5357,2.6343,2.7997,3.1504,3.251,2.8438,2.7668,3.1989,3.4214,2.7228,2.256,1.9835,1.6933,1.2497,0.6296,0.5037,1.0903,1.345,1.399,1.3439,1.2387,1.1913,1.2339,1.3102,1.3817,2.0346,2.0557,2.0789,2.1047,2.1336,2.1662,2.2033,2.2456,2.293,2.3451,2.402,2.4667,2.5481,2.6634,2.7992,2.8216,2.7206,2.7415,2.9782,3.0428,2.7031,2.4491,2.2735,1.9804,1.6157,1.4376,1.709,1.6939,1.5752,1.5009,1.408,1.3035,1.2548,1.282,1.3429,1.4044,2.0357,2.0556,2.0775,2.1015,2.128,2.1574,2.19,2.2261,2.2657,2.3085,2.3551,2.4068,2.4664,2.5335,2.5909,2.6068,2.5945,2.619,2.6857,2.6891,2.6305,2.6943,2.6912,2.3372,1.9474,1.8674,2.0824,1.9579,1.7364,1.6025,1.5,1.4134,1.3672,1.371,1.4045,1.4461,2.0355,2.0542,2.0745,2.0966,2.1207,2.147,2.1756,2.2066,2.2399,2.2753,2.313,2.3531,2.3952,2.4361,2.468,2.4837,2.4908,2.5063,2.5306,2.5543,2.6369,2.8783,2.9564,2.5595,2.1372,1.953,1.9472,1.8927,1.7754,1.6693,1.5825,1.5139,1.4723,1.4615,1.4734,1.4961,2.034,2.0514,2.0702,2.0905,2.1122,2.1357,2.1607,2.1873,2.2154,2.2447,2.275,2.3058,2.3361,2.3636,2.3851,2.3991,2.4091,2.4213,2.4402,2.4777,2.5701,2.7226,2.7428,2.496,2.1956,2.0052,1.9183,1.8574,1.7856,1.7116,1.645,1.5911,1.5546,1.5374,1.5364,1.5455]}]