docs/data/wind_grid.json
[{"header":{"la1":42.85,"la2":41.18,"lo1":11.55,"lo2":14.05,"nx":36,"ny":24,"dx":0.07143,"dy":0.07261,"parameterCategory":2,"parameterNumber":2,"parameterNumberName":"eastward_wind","parameterUnit":"m.s-1"},"data":[4.1193,4.1331,4.147,4.1605,4.1728,4.1826,4.1881,4.1873,4.1788,4.1623,4.1388,4.11,4.0776,4.0431,4.0073,3.9712,3.9362,3.9036,3.875,3.8513,3.8319,3.8156,3.8005,3.7852,3.7686,3.7504,3.7304,3.709,3.6865,3.6633,3.6398,3.6164,3.5937,3.5718,3.5512,3.532,4.1337,4.1503,4.1679,4.186,4.2038,4.2196,4.2306,4.2334,4.2252,4.2052,4.1755,4.1394,4.0996,4.0577,4.0147,3.971,3.9282,3.8888,3.8558,3.8309,3.8134,3.8004,3.7888,3.7759,3.7606,3.7425,3.7218,3.699,3.6746,3.6493,3.6236,3.5981,3.5733,3.5496,3.5274,3.507,4.1471,4.1669,4.1887,4.2124,4.2376,4.2624,4.2829,4.2927,4.2857,4.26,4.2203,4.1733,4.1238,4.0732,4.0214,3.9678,3.9137,3.8634,3.8233,3.7978,3.7853,3.7795,3.7742,3.7655,3.7521,3.7342,3.7125,3.6879,3.6612,3.6333,3.605,3.577,3.5498,3.524,3.5,3.4783,4.1591,4.1819,4.208,4.2381,4.2727,4.3108,4.3476,4.3718,4.3682,4.3321,4.2747,4.2114,4.1497,4.0897,4.0282,3.962,3.891,3.8218,3.7688,3.7439,3.7434,3.7519,3.7574,3.7548,3.7438,3.7259,3.7026,3.6756,3.646,3.6149,3.5834,3.5523,3.5223,3.4941,3.4682,3.445,4.1687,4.1942,4.2242,4.2605,4.3054,4.3611,4.4252,4.4791,4.4855,4.4273,4.3372,4.2503,4.1754,4.1072,4.0373,3.957,3.8614,3.7579,3.6786,3.6578,3.6845,3.7196,3.7411,3.7458,3.7368,3.7179,3.6922,3.6618,3.6284,3.5934,3.558,3.5232,3.4899,3.4589,3.4308,3.4062,4.1756,4.2029,4.2354,4.276,4.3292,4.4027,4.5036,4.6143,4.6463,4.5411,4.3962,4.2822,4.1978,4.1264,4.0525,3.961,3.8366,3.6784,3.5464,3.5373,3.6174,3.6918,3.7312,3.7414,3.7322,3.7106,3.681,3.646,3.6079,3.568,3.5278,3.4886,3.4514,3.4172,3.3868,3.3606,4.1792,4.2072,4.2406,4.282,4.3371,4.4169,4.5408,4.7105,4.7804,4.612,4.4198,4.296,4.2144,4.1484,4.0786,3.9863,3.847,3.6415,3.4463,3.4509,3.5868,3.6895,3.7357,3.7443,3.7307,3.7038,3.6685,3.6276,3.5834,3.5376,3.4916,3.447,3.4052,3.3673,3.3343,3.3067,4.1797,4.2076,4.24,4.2789,4.3279,4.3948,4.493,4.6229,4.6704,4.5341,4.387,4.2912,4.2273,4.1754,4.118,4.0387,3.9175,3.7373,3.5595,3.5482,3.6519,3.7293,3.7582,3.7546,3.7316,3.6966,3.6537,3.6055,3.5539,3.5007,3.4476,3.3964,3.3491,3.3069,3.2712,3.2424,4.1774,4.2046,4.2354,4.2706,4.3109,4.3573,4.4098,4.457,4.4624,4.4118,4.343,4.2841,4.2438,4.2118,4.1707,4.1096,4.0235,3.9119,3.8048,3.7648,3.7815,3.7974,3.7922,3.7687,3.7325,3.6872,3.6353,3.5783,3.5177,3.4555,3.3935,3.3343,3.2801,3.233,3.1944,3.165,4.1725,4.1991,4.2289,4.2619,4.2974,4.3333,4.3656,4.3896,4.4044,4.3928,4.3357,4.2867,4.2714,4.267,4.2399,4.1863,4.1248,4.0635,4.0004,3.9441,3.9013,3.8643,3.8252,3.7807,3.7303,3.674,3.6119,3.5446,3.4733,3.3998,3.3266,3.2571,3.1944,3.1415,3.1001,3.071,4.1652,4.1914,4.2211,4.2545,4.2916,4.3307,4.3667,4.394,4.4403,4.4662,4.3465,4.2891,4.3166,4.3656,4.3404,4.2616,4.2088,4.1951,4.161,4.0803,3.9907,3.9137,3.8474,3.7853,3.7222,3.655,3.5822,3.5033,3.4188,3.3309,3.2429,3.1597,3.0862,3.0264,2.9828,2.9557,4.1552,4.1808,4.2106,4.246,4.2886,4.3405,4.3995,4.439,4.4246,4.4076,4.3018,4.268,4.3678,4.5622,4.4883,4.3142,4.2734,4.3783,4.376,4.2066,4.0496,3.9379,3.8532,3.7792,3.7065,3.6296,3.5457,3.4533,3.3524,3.2454,3.1373,3.0352,2.947,2.8792,2.8347,2.8131,4.142,4.1664,4.1954,4.2312,4.2773,4.3398,4.4242,4.5049,4.4439,4.3094,4.217,4.2154,4.2927,4.6161,4.5258,4.27,4.2775,4.6499,4.6485,4.2793,4.0564,3.9291,3.84,3.7621,3.6833,3.5981,3.5028,3.3948,3.2729,3.1397,3.0024,2.8728,2.7643,2.6871,2.6449,2.635,4.1256,4.1476,4.1737,4.206,4.2477,4.3039,4.3765,4.4434,4.3843,4.2072,4.1118,4.1871,4.201,3.8767,4.1305,4.0821,4.0849,4.3761,4.4222,4.1636,3.9883,3.8882,3.8125,3.737,3.6546,3.5622,3.4555,3.3295,3.1802,3.0093,2.8277,2.6559,2.5181,2.4311,2.3986,2.4118,4.1062,4.1246,4.1457,4.1706,4.2004,4.235,4.2681,4.272,4.1898,4.0357,3.9251,3.9247,3.9164,3.7975,3.9292,3.8733,3.7556,3.9516,4.0276,3.9609,3.8916,3.8447,3.7849,3.7094,3.6231,3.5251,3.4088,3.2633,3.0778,2.8506,2.5981,2.3579,2.176,2.0823,2.0758,2.1332,4.0845,4.0985,4.1136,4.1294,4.1449,4.1565,4.1544,4.1187,4.0243,3.8649,3.6747,3.6542,3.7341,3.8112,3.8464,3.8198,3.7684,3.8137,3.822,3.8295,3.8679,3.8466,3.767,3.6801,3.5902,3.4925,3.3735,3.2094,2.9761,2.6628,2.292,1.9352,1.687,1.6004,1.6552,1.7933,4.0617,4.0712,4.0803,4.0877,4.0915,4.0872,4.0673,4.0206,3.9367,3.8123,3.6813,3.6853,3.6397,3.6142,3.7543,3.7792,3.7493,3.6771,3.6237,3.711,3.8557,3.8294,3.7298,3.6408,3.5586,3.4778,3.372,3.193,2.8961,2.4523,1.8834,1.3241,0.9802,0.9433,1.1283,1.4025,4.0386,4.0442,4.0482,4.0493,4.0453,4.033,4.0078,3.965,3.9029,3.8284,3.7647,3.7211,3.624,3.6022,3.7082,3.72,3.6675,3.4932,3.3466,3.5179,3.6617,3.6944,3.6528,3.5916,3.5383,3.508,3.4428,3.2435,2.863,2.2427,1.3679,0.4753,0.0136,0.1231,0.5407,1.008,4.0162,4.0186,4.0187,4.0156,4.0074,3.9922,3.9676,3.9324,3.8876,3.8389,3.7937,3.7522,3.7109,3.6989,3.7001,3.6929,3.6373,3.4745,3.3638,3.3907,3.5011,3.5754,3.5795,3.5475,3.5338,3.6011,3.6035,3.3367,2.8722,2.0898,0.8649,-0.4495,-1.006,-0.6485,0.0506,0.708,3.995,3.9949,3.9924,3.9867,3.9766,3.961,3.939,3.9103,3.8766,3.8406,3.8056,3.773,3.7443,3.722,3.7014,3.6877,3.628,3.4921,3.2934,3.2196,3.4135,3.5197,3.5393,3.5133,3.5007,3.6005,3.6219,3.3009,2.8733,2.0768,0.7163,-0.7899,-1.3768,-0.9059,-0.1023,0.6159,3.9752,3.9733,3.9691,3.962,3.9513,3.9364,3.9169,3.8932,3.8662,3.8376,3.809,3.7813,3.7552,3.7301,3.7054,3.6763,3.6186,3.5153,3.3833,3.3471,3.4529,3.535,3.5475,3.4987,3.4187,3.3241,3.1534,3.0966,2.868,2.2195,1.0922,-0.1393,-0.6973,-0.4302,0.1749,0.7702,3.9569,3.9537,3.9484,3.9406,3.9299,3.916,3.8988,3.8785,3.8559,3.8318,3.8072,3.7825,3.7578,3.7325,3.7054,3.6718,3.6234,3.559,3.4992,3.4883,3.5405,3.6117,3.6236,3.5318,3.3775,3.177,3.0067,3.0221,2.8781,2.4076,1.641,0.8273,0.3663,0.3915,0.7057,1.0944,3.94,3.9359,3.93,3.9219,3.9115,3.8985,3.883,3.8652,3.8455,3.8244,3.8025,3.7798,3.7564,3.7316,3.7044,3.6725,3.6341,3.5925,3.5604,3.5559,3.5927,3.6663,3.6867,3.5718,3.3957,3.215,3.091,3.0322,2.8865,2.5579,2.0725,1.5665,1.2267,1.1423,1.2582,1.4708,3.9244,3.9197,3.9134,3.9053,3.8952,3.883,3.8689,3.8528,3.8351,3.8162,3.7961,3.775,3.7528,3.729,3.7031,3.6743,3.643,3.6121,3.5885,3.5808,3.5963,3.6298,3.6298,3.5462,3.4105,3.27,3.1552,3.0556,2.911,2.6768,2.366,2.0466,1.8071,1.7004,1.7189,1.8196]},{"header":{"la1":42.85,"la2":41.18,"lo1":11.55,"lo2":14.05,"nx":36,"ny":24,"dx":0.07143,"dy":0.07261,"parameterCategory":2,"parameterNumber":3,"parameterNumberName":"northward_wind","parameterUnit":"m.s-1"},"data":[1.3712,1.3619,1.3531,1.3451,1.3386,1.3341,1.3324,1.3338,1.3385,1.3455,1.3528,1.3574,1.356,1.3457,1.3247,1.2939,1.2574,1.2226,1.1986,1.1928,1.2077,1.2403,1.2842,1.3329,1.3812,1.4258,1.4653,1.4992,1.5277,1.5514,1.571,1.5869,1.5999,1.6103,1.6188,1.6255,1.3579,1.3464,1.3351,1.3246,1.3154,1.3086,1.3051,1.3063,1.3126,1.3233,1.3355,1.3447,1.3455,1.3326,1.3022,1.2542,1.1937,1.1335,1.0905,1.0792,1.1034,1.1552,1.2215,1.2908,1.3556,1.4124,1.4604,1.4999,1.532,1.5579,1.5785,1.5949,1.6079,1.6181,1.6261,1.6324,1.3441,1.33,1.3158,1.3019,1.2891,1.2786,1.2721,1.2717,1.2795,1.2953,1.3154,1.3328,1.3389,1.3246,1.2824,1.2086,1.1086,1.0028,0.9252,0.9066,0.952,1.0405,1.1445,1.2445,1.3313,1.4027,1.4599,1.5049,1.5401,1.5675,1.5887,1.605,1.6176,1.6271,1.6344,1.6399,1.3303,1.3133,1.2955,1.2775,1.26,1.2443,1.2326,1.2285,1.2367,1.2591,1.2912,1.3222,1.3387,1.3266,1.2714,1.1617,0.9969,0.8067,0.6619,0.6351,0.7309,0.8909,1.0568,1.1999,1.3135,1.4006,1.4665,1.516,1.5531,1.581,1.6018,1.6174,1.6289,1.6374,1.6435,1.648,1.3169,1.2966,1.2749,1.2522,1.229,1.207,1.1883,1.1774,1.183,1.2126,1.2615,1.3135,1.3485,1.3454,1.2809,1.1277,0.8645,0.5191,0.2368,0.2073,0.4224,0.7154,0.9737,1.1695,1.3106,1.4112,1.483,1.5346,1.5718,1.5987,1.6181,1.632,1.6418,1.6487,1.6533,1.6564,1.3045,1.2809,1.2548,1.2267,1.1975,1.1691,1.1448,1.1285,1.1281,1.1603,1.2276,1.3082,1.3722,1.39,1.328,1.1393,0.7592,0.1671,-0.3807,-0.3892,0.0709,0.5664,0.9306,1.1731,1.3329,1.4396,1.512,1.562,1.5967,1.6208,1.6374,1.6487,1.656,1.6607,1.6635,1.6649,1.2939,1.2668,1.2362,1.2022,1.1659,1.1312,1.107,1.103,1.1058,1.1183,1.1917,1.3075,1.4145,1.4688,1.4308,1.2435,0.8044,0.0051,-0.8474,-0.8162,-0.0888,0.561,0.9776,1.2312,1.3883,1.4887,1.5544,1.5981,1.6274,1.6468,1.6592,1.6668,1.6711,1.673,1.6735,1.673,1.2859,1.2556,1.2204,1.1797,1.1339,1.0868,1.052,1.0538,1.0624,1.0452,1.1308,1.3074,1.4811,1.5894,1.5964,1.4612,1.1034,0.4279,-0.32,-0.336,0.2559,0.7954,1.1408,1.3492,1.4767,1.5569,1.6084,1.6416,1.6628,1.6756,1.6827,1.6857,1.6861,1.6849,1.6827,1.6802,1.2813,1.2485,1.2093,1.1621,1.1043,1.0332,0.9483,0.8545,0.7605,0.7547,0.9706,1.2995,1.5841,1.7611,1.8177,1.7531,1.5513,1.1958,0.8162,0.7275,0.938,1.1938,1.3837,1.5079,1.5871,1.6377,1.6699,1.6897,1.7009,1.7059,1.7066,1.7043,1.7003,1.6954,1.6904,1.6857,1.281,1.2468,1.2054,1.154,1.0874,0.994,0.8431,0.5604,0.1047,0.0089,0.6416,1.306,1.7537,2.0037,2.0861,2.0579,1.9749,1.8497,1.6947,1.5812,1.5577,1.5903,1.6353,1.6738,1.7022,1.7214,1.7332,1.7388,1.7394,1.7359,1.7295,1.7213,1.7124,1.7035,1.6954,1.6885,1.2854,1.2516,1.2105,1.1598,1.0949,1.0055,0.8548,0.4688,-0.7098,-1.281,0.3397,1.4261,2.0283,2.3559,2.4052,2.3339,2.3228,2.3722,2.3322,2.1672,2.0017,1.8973,1.8434,1.8179,1.8058,1.7989,1.793,1.7857,1.7761,1.764,1.75,1.7352,1.7207,1.7076,1.6964,1.6876,1.2947,1.2627,1.2246,1.1791,1.1257,1.0672,1.0139,0.9166,0.1571,-0.3944,0.7728,1.7063,2.3413,2.8645,2.7635,2.5308,2.6098,2.9708,3.0028,2.6229,2.294,2.0969,1.9867,1.9246,1.888,1.8643,1.846,1.8286,1.8098,1.7888,1.7664,1.7439,1.7232,1.7056,1.6916,1.6815,1.3082,1.2795,1.2461,1.2079,1.1672,1.1332,1.1353,1.2036,1.0704,0.9309,1.3828,1.962,2.35,3.0062,2.8708,2.5483,2.7729,3.7003,3.7034,2.8868,2.419,2.1852,2.0613,1.9902,1.9462,1.9162,1.8918,1.8674,1.8401,1.8094,1.7768,1.7451,1.717,1.6946,1.6785,1.6682,1.3252,1.3005,1.2725,1.2419,1.2106,1.1846,1.1754,1.1866,1.1795,1.2636,1.5761,2.1008,2.2511,2.0624,2.3031,2.3983,2.6323,3.1976,3.2646,2.716,2.3503,2.1684,2.0755,2.0205,1.9845,1.9583,1.9338,1.9048,1.8684,1.8253,1.7791,1.7349,1.6976,1.6704,1.6537,1.6455,1.3446,1.3242,1.3018,1.2782,1.2549,1.2349,1.2227,1.223,1.2454,1.2993,1.3913,1.6065,1.7614,1.5661,1.9885,2.3695,2.6381,2.5858,2.5675,2.3654,2.163,2.0789,2.05,2.0285,2.0123,1.999,1.9799,1.947,1.8981,1.8365,1.7696,1.7069,1.6577,1.6267,1.6128,1.611,1.3654,1.3492,1.3321,1.3149,1.2987,1.2856,1.2781,1.2769,1.2688,1.1839,0.9045,1.1289,1.3666,1.6316,1.8521,2.2263,2.4918,2.372,2.291,2.1468,1.9651,1.9711,2.0161,2.0313,2.0433,2.0535,2.0451,2.0051,1.9345,1.8426,1.7422,1.6507,1.5856,1.5545,1.5509,1.5629,1.3867,1.3743,1.3618,1.3499,1.3393,1.3312,1.3254,1.3171,1.2853,1.1734,0.954,1.1355,1.2992,1.3546,1.6522,1.9056,2.1052,2.207,2.2372,2.1204,1.9417,1.9556,2.008,2.0441,2.0949,2.1479,2.1561,2.0956,1.9839,1.8424,1.688,1.5501,1.4653,1.4443,1.4656,1.5026,1.4076,1.3985,1.3899,1.382,1.3755,1.3704,1.3656,1.3563,1.3318,1.2829,1.2461,1.2958,1.3103,1.3245,1.4619,1.5755,1.8802,2.2366,2.4386,2.2264,2.0676,2.0153,2.0181,2.0668,2.1818,2.3227,2.3535,2.2319,2.0466,1.8348,1.6009,1.3915,1.2862,1.2972,1.3646,1.4382,1.4278,1.4215,1.4158,1.4111,1.4075,1.4049,1.4022,1.3969,1.3865,1.3732,1.3716,1.3894,1.4,1.3803,1.1615,1.0606,1.6587,2.1513,2.3459,2.2376,2.114,2.0212,1.9975,2.0695,2.2759,2.5788,2.6393,2.3729,2.0973,1.8226,1.5033,1.2067,1.0886,1.1536,1.2776,1.3878,1.4468,1.4428,1.4395,1.4372,1.4359,1.4356,1.4356,1.4351,1.4341,1.4346,1.4406,1.4508,1.4508,1.3999,1.2139,1.1788,1.6147,2.006,2.2406,2.2954,2.1015,1.9438,1.8972,1.9935,2.2441,2.6067,2.6795,2.3405,2.0873,1.8189,1.4721,1.137,1.0156,1.1051,1.2503,1.3725,1.4646,1.4624,1.4611,1.4607,1.4613,1.463,1.4654,1.4686,1.4728,1.4789,1.4875,1.4964,1.4976,1.4774,1.4426,1.4941,1.696,1.9287,2.108,2.1339,1.9399,1.7102,1.6394,1.7894,2.0429,2.2133,2.1466,2.1138,2.0285,1.831,1.5467,1.2694,1.1492,1.1951,1.3009,1.3998,1.4811,1.4804,1.4806,1.4817,1.4839,1.4872,1.4916,1.4972,1.5042,1.5129,1.5233,1.5341,1.543,1.5497,1.567,1.6245,1.7311,1.8471,1.916,1.8673,1.627,1.2497,1.1473,1.4691,1.8285,2.0146,2.0224,2.0279,1.9797,1.8427,1.6482,1.4594,1.354,1.348,1.396,1.4558,1.4963,1.4968,1.4982,1.5005,1.5039,1.5085,1.5142,1.5213,1.5299,1.5401,1.552,1.5651,1.5796,1.5975,1.6253,1.6702,1.7287,1.7784,1.781,1.6804,1.3963,0.9426,0.8248,1.2477,1.6684,1.9027,1.982,1.9813,1.9328,1.8387,1.7147,1.5935,1.5116,1.4825,1.4918,1.5187,1.5102,1.5117,1.514,1.5173,1.5216,1.527,1.5337,1.5417,1.5512,1.5622,1.5748,1.5892,1.6058,1.6259,1.6516,1.6831,1.7145,1.7305,1.7061,1.6065,1.3975,1.1318,1.0728,1.317,1.6073,1.7996,1.8889,1.907,1.8801,1.8219,1.7452,1.6679,1.6084,1.5758,1.5674,1.5743]}]