docs/data/wind_grid.json
[{"header":{"la1":42.85,"la2":41.18,"lo1":11.55,"lo2":14.05,"nx":36,"ny":24,"dx":0.07143,"dy":0.07261,"parameterCategory":2,"parameterNumber":2,"parameterNumberName":"eastward_wind","parameterUnit":"m.s-1"},"data":[-0.7238,-0.7333,-0.744,-0.7558,-0.7682,-0.7807,-0.7921,-0.8018,-0.8096,-0.817,-0.8264,-0.841,-0.8626,-0.8906,-0.9198,-0.9414,-0.9469,-0.9343,-0.909,-0.8784,-0.8481,-0.8208,-0.7972,-0.7769,-0.7595,-0.7444,-0.7313,-0.7198,-0.7096,-0.7006,-0.6925,-0.6853,-0.6788,-0.673,-0.6679,-0.6632,-0.7244,-0.7353,-0.748,-0.7626,-0.7786,-0.7951,-0.8102,-0.8218,-0.829,-0.8336,-0.8404,-0.8556,-0.8841,-0.9269,-0.9767,-1.0159,-1.0249,-1.0003,-0.9564,-0.9093,-0.8672,-0.8324,-0.8039,-0.7806,-0.7612,-0.7448,-0.7307,-0.7185,-0.7077,-0.6982,-0.6899,-0.6824,-0.6757,-0.6698,-0.6646,-0.6599,-0.724,-0.7363,-0.7514,-0.7696,-0.7909,-0.8141,-0.8362,-0.8522,-0.8584,-0.8564,-0.8553,-0.8669,-0.9017,-0.9655,-1.0512,-1.1248,-1.1386,-1.0873,-1.0102,-0.9391,-0.8831,-0.8406,-0.808,-0.7823,-0.7613,-0.7439,-0.729,-0.7161,-0.705,-0.6951,-0.6865,-0.6788,-0.672,-0.666,-0.6607,-0.656,-0.7223,-0.7357,-0.7531,-0.7756,-0.8041,-0.8384,-0.8744,-0.9016,-0.9075,-0.8917,-0.8721,-0.8714,-0.9074,-0.9933,-1.1301,-1.2638,-1.283,-1.1808,-1.0557,-0.9585,-0.8908,-0.8433,-0.8084,-0.7813,-0.7595,-0.7414,-0.726,-0.7127,-0.7012,-0.6911,-0.6823,-0.6745,-0.6676,-0.6616,-0.6562,-0.6515,-0.7186,-0.7327,-0.7518,-0.7782,-0.8152,-0.8659,-0.9282,-0.9838,-0.9951,-0.9501,-0.892,-0.8654,-0.891,-0.984,-1.1558,-1.346,-1.3697,-1.2198,-1.063,-0.9556,-0.8862,-0.8392,-0.8048,-0.7779,-0.7559,-0.7374,-0.7217,-0.7082,-0.6964,-0.6862,-0.6772,-0.6694,-0.6624,-0.6564,-0.6511,-0.6464,-0.7127,-0.7264,-0.7457,-0.7742,-0.8177,-0.886,-0.9887,-1.1075,-1.1437,-1.0368,-0.9085,-0.8436,-0.8478,-0.9201,-1.0631,-1.224,-1.2516,-1.1367,-1.0132,-0.9275,-0.8705,-0.8299,-0.7983,-0.7725,-0.7506,-0.732,-0.7161,-0.7024,-0.6906,-0.6803,-0.6713,-0.6634,-0.6565,-0.6504,-0.6451,-0.6406,-0.7046,-0.7167,-0.7339,-0.7602,-0.8029,-0.8771,-1.0092,-1.2059,-1.2899,-1.0914,-0.8893,-0.797,-0.7824,-0.823,-0.9062,-0.9961,-1.0275,-0.991,-0.9363,-0.8896,-0.8519,-0.8197,-0.7913,-0.7662,-0.7443,-0.7254,-0.7093,-0.6955,-0.6837,-0.6734,-0.6644,-0.6565,-0.6496,-0.6436,-0.6384,-0.634,-0.6948,-0.704,-0.717,-0.7366,-0.7681,-0.8235,-0.9245,-1.08,-1.1393,-0.9605,-0.7941,-0.7202,-0.7037,-0.7245,-0.7721,-0.8289,-0.8702,-0.8854,-0.8814,-0.8657,-0.8421,-0.8145,-0.7863,-0.76,-0.737,-0.7175,-0.7011,-0.6873,-0.6756,-0.6654,-0.6565,-0.6487,-0.6418,-0.6357,-0.6306,-0.6264,-0.6841,-0.69,-0.6977,-0.7082,-0.723,-0.7449,-0.7758,-0.804,-0.7811,-0.7048,-0.651,-0.6273,-0.6208,-0.6341,-0.6727,-0.7322,-0.7971,-0.8493,-0.876,-0.8743,-0.8513,-0.8184,-0.7843,-0.7538,-0.7283,-0.7078,-0.6912,-0.6777,-0.6664,-0.6565,-0.6477,-0.6398,-0.6328,-0.6268,-0.6217,-0.6177,-0.6737,-0.6766,-0.6795,-0.6822,-0.6834,-0.6801,-0.6638,-0.6145,-0.5182,-0.4718,-0.5188,-0.5439,-0.5401,-0.5433,-0.5851,-0.6728,-0.7863,-0.8883,-0.9395,-0.9304,-0.8853,-0.8317,-0.7836,-0.7455,-0.7168,-0.6956,-0.6795,-0.6668,-0.6561,-0.6466,-0.6378,-0.6298,-0.6226,-0.6164,-0.6113,-0.6075,-0.6643,-0.665,-0.665,-0.6635,-0.6592,-0.649,-0.6248,-0.5552,-0.3533,-0.258,-0.4379,-0.4895,-0.4611,-0.4303,-0.4786,-0.6258,-0.8366,-1.0402,-1.1168,-1.0522,-0.9426,-0.847,-0.7777,-0.7309,-0.7002,-0.6798,-0.6655,-0.6545,-0.645,-0.6359,-0.627,-0.6185,-0.6107,-0.6041,-0.599,-0.5955,-0.6564,-0.656,-0.6548,-0.6526,-0.6495,-0.6464,-0.6458,-0.6346,-0.4914,-0.3757,-0.4652,-0.4719,-0.3919,-0.2713,-0.3324,-0.5871,-0.9692,-1.4258,-1.5116,-1.2435,-0.9989,-0.8445,-0.7545,-0.7039,-0.6758,-0.6599,-0.6497,-0.6417,-0.6337,-0.6249,-0.6153,-0.6055,-0.5966,-0.5892,-0.5841,-0.5811,-0.65,-0.6491,-0.6479,-0.6467,-0.6468,-0.6518,-0.6705,-0.7046,-0.6576,-0.558,-0.5231,-0.4888,-0.4112,-0.2099,-0.2646,-0.6087,-1.1195,-2.0337,-2.0477,-1.3728,-0.9824,-0.7899,-0.699,-0.659,-0.6427,-0.6366,-0.6335,-0.6298,-0.6235,-0.6142,-0.6026,-0.5902,-0.579,-0.5704,-0.5652,-0.5633,-0.6448,-0.6438,-0.6429,-0.6426,-0.6442,-0.6506,-0.6652,-0.6839,-0.6621,-0.6038,-0.5619,-0.5127,-0.4863,-0.4104,-0.4703,-0.7352,-1.0928,-1.6031,-1.655,-1.1564,-0.8111,-0.6519,-0.6015,-0.5957,-0.6037,-0.6135,-0.6202,-0.6214,-0.616,-0.6044,-0.5883,-0.5709,-0.5557,-0.5453,-0.5407,-0.5409,-0.6404,-0.6395,-0.6388,-0.6387,-0.6401,-0.6438,-0.6495,-0.6519,-0.6418,-0.6314,-0.6262,-0.5906,-0.5269,-0.4914,-0.581,-0.9582,-1.2992,-1.1116,-0.9972,-0.74,-0.4924,-0.4246,-0.4697,-0.5248,-0.5674,-0.5971,-0.6148,-0.6204,-0.614,-0.5965,-0.5714,-0.5445,-0.5227,-0.5103,-0.5078,-0.5125,-0.6366,-0.6357,-0.635,-0.6348,-0.6354,-0.6369,-0.6388,-0.6402,-0.645,-0.673,-0.7472,-0.699,-0.6341,-0.5676,-0.637,-0.9014,-1.1312,-0.863,-0.6245,-0.3936,-0.1212,-0.1673,-0.3489,-0.4708,-0.5477,-0.5968,-0.624,-0.6317,-0.6204,-0.5911,-0.5489,-0.5049,-0.4727,-0.4596,-0.4634,-0.4769,-0.6332,-0.6322,-0.6315,-0.631,-0.6311,-0.6317,-0.6331,-0.6366,-0.6476,-0.6793,-0.7351,-0.6908,-0.627,-0.6071,-0.6251,-0.6817,-0.6694,-0.4508,-0.2436,-0.2083,-0.0639,-0.1246,-0.3178,-0.4597,-0.5577,-0.6211,-0.6535,-0.6597,-0.6391,-0.5893,-0.5164,-0.442,-0.3949,-0.3864,-0.4053,-0.4348,-0.63,-0.629,-0.6281,-0.6274,-0.6271,-0.6273,-0.6286,-0.632,-0.6399,-0.6537,-0.6627,-0.6445,-0.6148,-0.6055,-0.5972,-0.5731,-0.4453,-0.0448,0.2986,-0.0423,-0.1806,-0.2476,-0.3635,-0.489,-0.5981,-0.6687,-0.6985,-0.7043,-0.6742,-0.5939,-0.4701,-0.3448,-0.2799,-0.2899,-0.3381,-0.3912,-0.627,-0.6259,-0.6248,-0.6239,-0.6233,-0.6231,-0.6236,-0.6253,-0.6286,-0.632,-0.6307,-0.6204,-0.6062,-0.5935,-0.5886,-0.5848,-0.4183,-0.0683,0.1449,-0.0669,-0.1975,-0.2991,-0.4051,-0.5292,-0.651,-0.709,-0.7204,-0.7588,-0.7329,-0.6146,-0.4226,-0.229,-0.1503,-0.1949,-0.2806,-0.3581,-0.6241,-0.6229,-0.6216,-0.6205,-0.6195,-0.6187,-0.6182,-0.6181,-0.618,-0.6167,-0.6124,-0.6037,-0.5916,-0.5786,-0.5751,-0.5613,-0.4282,-0.2302,-0.1176,-0.1066,-0.2055,-0.3127,-0.4177,-0.5525,-0.6998,-0.7446,-0.7472,-0.8795,-0.8371,-0.6689,-0.4229,-0.186,-0.1011,-0.1631,-0.264,-0.3496,-0.6214,-0.62,-0.6185,-0.6171,-0.6156,-0.6142,-0.6128,-0.6111,-0.6089,-0.6053,-0.5993,-0.5901,-0.5776,-0.5622,-0.5435,-0.5061,-0.4202,-0.3011,-0.2004,-0.18,-0.244,-0.3045,-0.3774,-0.53,-0.7553,-1.003,-1.2933,-1.2285,-0.9945,-0.7559,-0.504,-0.2869,-0.1969,-0.2282,-0.3019,-0.3711,-0.6189,-0.6173,-0.6156,-0.6138,-0.612,-0.6099,-0.6076,-0.6049,-0.6013,-0.5962,-0.5891,-0.5792,-0.5659,-0.5483,-0.5238,-0.4854,-0.4267,-0.3557,-0.2971,-0.2746,-0.2691,-0.2261,-0.2314,-0.4275,-0.7535,-1.1755,-1.5608,-1.4059,-1.0835,-0.8255,-0.6081,-0.4383,-0.3499,-0.3407,-0.3723,-0.4133,-0.6164,-0.6147,-0.6128,-0.6107,-0.6085,-0.6059,-0.603,-0.5994,-0.5949,-0.589,-0.5812,-0.5708,-0.5573,-0.5394,-0.5154,-0.4829,-0.4413,-0.3956,-0.3553,-0.3219,-0.2665,-0.1489,-0.1128,-0.3334,-0.6686,-1.0177,-1.2513,-1.2104,-1.0235,-0.8349,-0.6738,-0.5488,-0.4717,-0.442,-0.4441,-0.4606,-0.6142,-0.6122,-0.6102,-0.6079,-0.6053,-0.6024,-0.599,-0.5949,-0.5898,-0.5834,-0.5753,-0.5649,-0.5518,-0.535,-0.5139,-0.4876,-0.4569,-0.4243,-0.3921,-0.3567,-0.3022,-0.2271,-0.2224,-0.3719,-0.6032,-0.8277,-0.9707,-0.9856,-0.9082,-0.8002,-0.6951,-0.6078,-0.5466,-0.5129,-0.501,-0.5024]},{"header":{"la1":42.85,"la2":41.18,"lo1":11.55,"lo2":14.05,"nx":36,"ny":24,"dx":0.07143,"dy":0.07261,"parameterCategory":2,"parameterNumber":3,"parameterNumberName":"northward_wind","parameterUnit":"m.s-1"},"data":[-0.6736,-0.6648,-0.6541,-0.6415,-0.6274,-0.6125,-0.5977,-0.5839,-0.5712,-0.5583,-0.543,-0.5226,-0.4959,-0.4638,-0.4315,-0.4069,-0.3975,-0.4044,-0.4226,-0.445,-0.4667,-0.4855,-0.5011,-0.5139,-0.5244,-0.5334,-0.5412,-0.5483,-0.5548,-0.561,-0.5669,-0.5726,-0.5781,-0.5834,-0.5884,-0.5932,-0.6801,-0.6704,-0.658,-0.6428,-0.6251,-0.6059,-0.5872,-0.571,-0.5583,-0.5474,-0.5338,-0.5119,-0.4778,-0.4313,-0.3797,-0.3394,-0.3273,-0.3455,-0.3803,-0.4172,-0.4489,-0.4739,-0.493,-0.5078,-0.5195,-0.5293,-0.5377,-0.5452,-0.5522,-0.5589,-0.5654,-0.5716,-0.5776,-0.5833,-0.5888,-0.594,-0.6883,-0.6777,-0.6634,-0.6448,-0.6218,-0.5955,-0.5693,-0.5482,-0.536,-0.5309,-0.5241,-0.5044,-0.4631,-0.3962,-0.3114,-0.2404,-0.225,-0.268,-0.3327,-0.3906,-0.4342,-0.4651,-0.4871,-0.5032,-0.5156,-0.5257,-0.5344,-0.5424,-0.5499,-0.557,-0.564,-0.5708,-0.5774,-0.5837,-0.5897,-0.5953,-0.6987,-0.6877,-0.6717,-0.649,-0.6185,-0.5803,-0.5392,-0.5061,-0.4939,-0.5023,-0.5128,-0.5035,-0.4595,-0.3707,-0.2387,-0.1138,-0.0951,-0.1848,-0.2926,-0.3734,-0.4266,-0.461,-0.484,-0.5002,-0.5125,-0.5226,-0.5314,-0.5397,-0.5476,-0.5553,-0.563,-0.5704,-0.5777,-0.5846,-0.5911,-0.5973,-0.7119,-0.7014,-0.6844,-0.6582,-0.6187,-0.5627,-0.4925,-0.4288,-0.4113,-0.4501,-0.4986,-0.5128,-0.4763,-0.3793,-0.2145,-0.039,-0.0172,-0.1503,-0.2865,-0.3761,-0.43,-0.4628,-0.4839,-0.4987,-0.51,-0.5196,-0.5284,-0.5369,-0.5453,-0.5538,-0.5622,-0.5704,-0.5785,-0.5862,-0.5934,-0.6,-0.7282,-0.7197,-0.7039,-0.6766,-0.6303,-0.5539,-0.4376,-0.3036,-0.2608,-0.3677,-0.4882,-0.5375,-0.5179,-0.4377,-0.2985,-0.1491,-0.1231,-0.2246,-0.3315,-0.4019,-0.4439,-0.4693,-0.4858,-0.4977,-0.5075,-0.5164,-0.5251,-0.5339,-0.543,-0.5523,-0.5617,-0.571,-0.58,-0.5886,-0.5966,-0.6038,-0.7477,-0.743,-0.7317,-0.7086,-0.6641,-0.58,-0.4266,-0.2,-0.1048,-0.3168,-0.5151,-0.5866,-0.5786,-0.5237,-0.4379,-0.3531,-0.3241,-0.3566,-0.4036,-0.4393,-0.4623,-0.4771,-0.4875,-0.496,-0.504,-0.5122,-0.521,-0.5304,-0.5405,-0.551,-0.5616,-0.5723,-0.5825,-0.5922,-0.6011,-0.609,-0.7695,-0.7707,-0.7674,-0.7553,-0.7262,-0.6642,-0.5423,-0.3532,-0.2786,-0.4694,-0.6244,-0.665,-0.6471,-0.604,-0.5498,-0.4982,-0.4665,-0.4588,-0.4638,-0.471,-0.477,-0.4818,-0.4865,-0.4918,-0.4984,-0.5063,-0.5156,-0.5261,-0.5376,-0.5497,-0.5622,-0.5745,-0.5864,-0.5973,-0.6072,-0.6158,-0.7922,-0.8007,-0.808,-0.812,-0.8085,-0.7911,-0.7534,-0.7096,-0.7207,-0.7827,-0.7943,-0.7575,-0.7099,-0.664,-0.619,-0.5751,-0.538,-0.5122,-0.4964,-0.4873,-0.4821,-0.4797,-0.4802,-0.4835,-0.4895,-0.4979,-0.5085,-0.5207,-0.5343,-0.5488,-0.5636,-0.5782,-0.592,-0.6046,-0.6156,-0.6249,-0.8137,-0.8298,-0.8484,-0.8697,-0.8936,-0.9196,-0.9495,-0.9981,-1.0872,-1.106,-0.9678,-0.8337,-0.7527,-0.7032,-0.66,-0.6121,-0.5652,-0.5282,-0.5031,-0.4865,-0.4753,-0.4687,-0.4668,-0.4695,-0.4763,-0.4864,-0.4992,-0.5142,-0.5307,-0.5484,-0.5663,-0.5839,-0.6002,-0.6148,-0.6271,-0.6369,-0.832,-0.8546,-0.883,-0.9194,-0.9665,-1.0258,-1.0937,-1.1676,-1.3316,-1.4183,-1.0842,-0.8624,-0.7683,-0.7309,-0.6915,-0.6286,-0.5632,-0.5167,-0.4899,-0.4716,-0.4569,-0.4473,-0.4444,-0.4483,-0.4577,-0.4711,-0.4875,-0.5063,-0.5269,-0.5489,-0.5711,-0.5926,-0.6123,-0.6291,-0.6427,-0.6529,-0.8452,-0.8722,-0.9073,-0.9541,-1.0175,-1.1025,-1.2055,-1.2795,-1.2906,-1.2852,-1.025,-0.8341,-0.765,-0.7712,-0.7319,-0.6289,-0.5329,-0.4866,-0.4702,-0.4489,-0.4267,-0.4123,-0.4098,-0.4179,-0.4329,-0.4516,-0.4731,-0.4969,-0.523,-0.5508,-0.579,-0.6059,-0.6298,-0.6494,-0.6641,-0.6741,-0.8522,-0.8809,-0.9183,-0.9686,-1.0378,-1.1344,-1.2635,-1.3821,-1.2983,-1.1022,-0.9091,-0.7896,-0.7473,-0.7807,-0.7392,-0.5783,-0.4584,-0.4734,-0.4728,-0.4201,-0.3771,-0.3543,-0.3565,-0.3756,-0.401,-0.4278,-0.4556,-0.4858,-0.5191,-0.5551,-0.5916,-0.6261,-0.6556,-0.6782,-0.6934,-0.702,-0.8526,-0.8803,-0.9157,-0.962,-1.0239,-1.1067,-1.2105,-1.3025,-1.229,-1.0001,-0.8323,-0.772,-0.7521,-0.6117,-0.6033,-0.3922,-0.214,-0.3576,-0.408,-0.3505,-0.2779,-0.2474,-0.2728,-0.3194,-0.3631,-0.3999,-0.4343,-0.4717,-0.5146,-0.5623,-0.6114,-0.6568,-0.6938,-0.7196,-0.7339,-0.7389,-0.8474,-0.8718,-0.9018,-0.9388,-0.9842,-1.0372,-1.0887,-1.1045,-1.0236,-0.8744,-0.7683,-0.721,-0.642,-0.5021,-0.504,-0.0088,0.5291,-0.0512,-0.2781,-0.2206,-0.0563,-0.0367,-0.1493,-0.2554,-0.3237,-0.3677,-0.4059,-0.4512,-0.5079,-0.5736,-0.642,-0.7041,-0.7514,-0.7793,-0.7894,-0.7866,-0.8378,-0.8578,-0.8808,-0.9069,-0.9347,-0.9601,-0.9723,-0.9516,-0.8819,-0.7833,-0.7092,-0.7067,-0.6858,-0.6143,-0.5051,-0.0927,0.2826,-0.1225,-0.3038,-0.0897,0.3837,0.297,-0.0263,-0.2091,-0.29,-0.3266,-0.3608,-0.4162,-0.4952,-0.5901,-0.6894,-0.7777,-0.8387,-0.8654,-0.864,-0.8464,-0.8256,-0.8408,-0.8571,-0.8736,-0.888,-0.8961,-0.8908,-0.8643,-0.8147,-0.7549,-0.7114,-0.7164,-0.7768,-0.7959,-0.619,-0.4467,-0.3658,-0.5104,-0.5902,-0.2344,0.4243,0.3131,-0.0448,-0.2151,-0.2606,-0.2556,-0.2736,-0.351,-0.4717,-0.6134,-0.7617,-0.8917,-0.9699,-0.9857,-0.9592,-0.9164,-0.8121,-0.8231,-0.8339,-0.8432,-0.8491,-0.8487,-0.8385,-0.8163,-0.7844,-0.7517,-0.7316,-0.7381,-0.8011,-0.8099,-0.7019,-0.6506,-0.6468,-0.8739,-1.1261,-0.6761,-0.2373,-0.1304,-0.2167,-0.2636,-0.213,-0.1049,-0.0933,-0.2396,-0.4394,-0.6462,-0.8632,-1.0557,-1.1516,-1.137,-1.0664,-0.9878,-0.7985,-0.8061,-0.8127,-0.8173,-0.8184,-0.8146,-0.8043,-0.7875,-0.7666,-0.7467,-0.7341,-0.7339,-0.7445,-0.7422,-0.7596,-0.7764,-0.7368,-0.879,-1.0046,-0.7817,-0.5733,-0.43,-0.3776,-0.32,-0.1522,0.1523,0.2118,-0.1246,-0.4328,-0.6898,-0.9711,-1.2353,-1.342,-1.2788,-1.156,-1.0429,-0.7856,-0.7905,-0.7941,-0.7958,-0.7946,-0.7896,-0.7805,-0.7677,-0.753,-0.739,-0.7288,-0.7237,-0.7228,-0.7271,-0.7536,-0.7635,-0.7387,-0.7723,-0.7941,-0.7913,-0.6756,-0.5593,-0.4866,-0.401,-0.2155,0.157,0.236,-0.2581,-0.5269,-0.7388,-1.0169,-1.3024,-1.4102,-1.3263,-1.1854,-1.0616,-0.7736,-0.7766,-0.7783,-0.7782,-0.7758,-0.7706,-0.7628,-0.7527,-0.7415,-0.7307,-0.7216,-0.7152,-0.7119,-0.7133,-0.7202,-0.7215,-0.7175,-0.7288,-0.7487,-0.7424,-0.676,-0.615,-0.5738,-0.5173,-0.4523,-0.4879,-0.8093,-0.7965,-0.7159,-0.7841,-0.9726,-1.1907,-1.2902,-1.244,-1.1394,-1.0377,-0.7627,-0.7643,-0.7647,-0.7636,-0.7607,-0.7558,-0.749,-0.7407,-0.7316,-0.7227,-0.7146,-0.708,-0.7035,-0.7013,-0.7007,-0.6992,-0.6976,-0.6995,-0.701,-0.6886,-0.6628,-0.6558,-0.6519,-0.6166,-0.6306,-0.8398,-1.1693,-1.0361,-0.8371,-0.8114,-0.9035,-1.0319,-1.109,-1.1045,-1.0509,-0.9853,-0.753,-0.7536,-0.7532,-0.7515,-0.7483,-0.7437,-0.7378,-0.7308,-0.7231,-0.7154,-0.7081,-0.7017,-0.6964,-0.6924,-0.689,-0.6858,-0.6827,-0.6799,-0.6753,-0.6668,-0.662,-0.6778,-0.6847,-0.6585,-0.6809,-0.8075,-0.9459,-0.9223,-0.8351,-0.8091,-0.8495,-0.9175,-0.9686,-0.9808,-0.9606,-0.9249,-0.7443,-0.7442,-0.7433,-0.7412,-0.7381,-0.7338,-0.7285,-0.7224,-0.7158,-0.709,-0.7024,-0.6962,-0.6907,-0.6857,-0.6813,-0.677,-0.6728,-0.6683,-0.6633,-0.6585,-0.6589,-0.6678,-0.6705,-0.6635,-0.682,-0.7406,-0.7996,-0.8107,-0.792,-0.7869,-0.8087,-0.8456,-0.8776,-0.8918,-0.8872,-0.8701]}]