docs/data/wind_grid.json
[{"header":{"la1":42.85,"la2":41.18,"lo1":11.55,"lo2":14.05,"nx":36,"ny":24,"dx":0.07143,"dy":0.07261,"parameterCategory":2,"parameterNumber":2,"parameterNumberName":"eastward_wind","parameterUnit":"m.s-1"},"data":[2.8187,2.8346,2.8531,2.8737,2.8949,2.9141,2.9274,2.9304,2.9199,2.8951,2.858,2.8121,2.7606,2.7053,2.6461,2.5813,2.5078,2.4217,2.3211,2.2091,2.0984,2.0104,1.9648,1.9668,2.0056,2.0637,2.1267,2.186,2.2382,2.2825,2.3197,2.3507,2.3766,2.3984,2.417,2.433,2.8208,2.8403,2.8644,2.8932,2.9254,2.9578,2.9842,2.9966,2.9883,2.9575,2.909,2.8502,2.7872,2.723,2.657,2.586,2.5041,2.4028,2.2729,2.1125,1.94,1.8001,1.7398,1.7674,1.8518,1.9548,2.0526,2.1362,2.2042,2.2588,2.3024,2.3375,2.3662,2.3898,2.4096,2.4265,2.8186,2.8413,2.8714,2.91,2.9576,3.0109,3.0608,3.0919,3.0883,3.0461,2.9766,2.8965,2.8171,2.7423,2.6706,2.597,2.5124,2.4011,2.2393,2.0043,1.7119,1.4615,1.3805,1.4781,1.6565,1.8341,1.98,2.0921,2.1765,2.2403,2.2893,2.3276,2.3582,2.383,2.4036,2.4209,2.8105,2.8352,2.8701,2.9194,2.9869,3.0729,3.1666,3.2377,3.2457,3.1778,3.0662,2.9498,2.847,2.76,2.6846,2.6144,2.5389,2.4365,2.2589,1.9242,1.3919,0.8766,0.7807,1.0733,1.4358,1.7222,1.9235,2.0624,2.1598,2.2299,2.2819,2.3216,2.3529,2.378,2.3988,2.4162,2.7951,2.8191,2.856,2.9135,3.0029,3.1358,3.3098,3.474,3.5132,3.3803,3.1797,3.0036,2.8703,2.7705,2.6942,2.6346,2.5856,2.5322,2.4075,2.0055,1.052,-0.0978,-0.125,0.6328,1.267,1.6626,1.9039,2.0566,2.1581,2.2289,2.2805,2.3195,2.3501,2.3748,2.3951,2.4122,2.7715,2.7917,2.825,2.8827,2.9871,3.1722,3.4722,3.8453,3.975,3.6672,3.2945,3.0401,2.8768,2.7662,2.6907,2.6462,2.6379,2.6844,2.7611,2.4772,1.1893,-0.691,-0.5936,0.5508,1.2964,1.7043,1.9369,2.0791,2.1721,2.2369,2.2843,2.3207,2.3494,2.3727,2.392,2.4085,2.7407,2.7549,2.7801,2.8245,2.9215,3.1314,3.5327,4.1712,4.4626,3.8696,3.3292,3.0329,2.8573,2.7388,2.6606,2.6285,2.657,2.7907,3.0954,3.0086,2.0233,0.8441,0.611,1.1312,1.5746,1.8491,2.0166,2.1239,2.1972,2.2505,2.2912,2.3234,2.3494,2.3709,2.389,2.4046,2.7036,2.7141,2.7408,2.7684,2.8191,2.994,3.3371,3.8318,4.0396,3.6161,3.2178,2.978,2.8139,2.6816,2.5809,2.5493,2.6063,2.7363,2.9058,2.86,2.6655,2.3451,1.9353,1.8473,1.9293,2.0301,2.1116,2.1741,2.2235,2.264,2.2976,2.3256,2.3489,2.3685,2.3852,2.3999,2.658,2.6636,2.7229,2.7909,2.7279,2.8201,3.0461,3.2702,3.3471,3.239,3.0744,2.9165,2.7668,2.5969,2.402,2.336,2.4798,2.6435,2.7568,2.8735,3.2025,3.07,2.5507,2.275,2.1834,2.1684,2.1821,2.208,2.2391,2.2707,2.2997,2.325,2.3463,2.3643,2.3798,2.3936,2.6012,2.5685,2.5723,2.59,2.4799,2.6262,2.8454,3.013,3.1273,3.1412,3.0271,2.8893,2.7483,2.534,2.0652,1.8181,2.3174,2.6115,2.7441,2.8645,3.0663,2.9893,2.6674,2.4283,2.2895,2.2182,2.1953,2.2054,2.2329,2.265,2.295,2.3201,2.3406,2.3573,2.3717,2.3847,2.5478,2.4484,2.2457,1.8257,1.9098,2.4373,2.734,2.9109,3.1942,3.3268,3.0498,2.8922,2.7755,2.621,2.1714,1.8234,2.4043,2.7037,2.8115,2.8338,2.8382,2.7692,2.6054,2.4182,2.2547,2.1499,2.1219,2.1497,2.1983,2.2453,2.2829,2.3106,2.3309,2.3465,2.3597,2.3721,2.5274,2.408,2.1813,1.8443,1.9445,2.4398,2.6847,2.7621,2.9683,3.1383,2.9952,2.9165,2.8186,2.6776,2.7443,2.6077,2.7216,2.9639,3.0306,2.908,2.7993,2.6891,2.5317,2.3113,2.0626,1.9074,1.9245,2.0321,2.1388,2.2164,2.2666,2.2974,2.3166,2.3302,2.342,2.3541,2.5472,2.4611,2.3425,2.2497,2.3401,2.555,2.6638,2.7042,2.6782,2.8667,2.9465,3.0426,2.9743,2.843,3.0352,2.8023,2.8654,3.3775,3.4016,3.0013,2.8124,2.6687,2.4731,2.1424,1.6681,1.3964,1.5842,1.8769,2.0778,2.1918,2.2518,2.2813,2.296,2.3056,2.3156,2.3283,2.5884,2.5417,2.4976,2.4879,2.5431,2.6263,2.6591,2.6057,2.6597,2.8116,2.9318,3.2404,3.3131,2.8332,2.8406,2.776,2.7604,3.0516,3.1567,2.9463,2.7997,2.6681,2.4605,2.034,1.2715,0.8287,1.2972,1.7929,2.0621,2.1897,2.2434,2.2607,2.2641,2.267,2.2757,2.2912,2.6317,2.6102,2.5975,2.6051,2.636,2.6735,2.6945,2.7036,2.7448,2.8073,2.8447,2.8764,2.8761,2.798,2.7806,2.7321,2.2637,2.6779,2.8636,2.847,2.7618,2.6793,2.5235,2.1631,1.5391,1.1669,1.5081,1.9098,2.1276,2.2178,2.2384,2.2268,2.2096,2.2036,2.2142,2.2381,2.6685,2.6602,2.6591,2.6687,2.6882,2.7108,2.7307,2.7508,2.7782,2.8068,2.8379,2.5329,2.6381,2.7606,2.7528,2.6139,2.3943,2.6843,2.8514,2.8223,2.6723,2.668,2.6213,2.4177,2.1218,1.9435,2.0205,2.1687,2.252,2.2621,2.2213,2.1592,2.1101,2.0972,2.1202,2.1641,2.6977,2.6958,2.6989,2.708,2.7221,2.7386,2.7553,2.7721,2.7885,2.8028,2.8212,2.698,2.6158,2.6177,2.7721,2.7942,2.8051,2.9431,3.0527,2.9327,2.6748,2.6949,2.7182,2.6263,2.5098,2.446,2.4371,2.426,2.3823,2.2965,2.1671,2.0227,1.927,1.9211,1.9828,2.0683,2.7203,2.7216,2.7263,2.7346,2.7458,2.7587,2.7719,2.7842,2.7935,2.7959,2.7831,2.739,2.6461,2.6565,2.9282,3.0492,3.0587,3.2423,3.4396,3.2119,2.989,2.8914,2.8471,2.786,2.7484,2.7675,2.753,2.6382,2.4877,2.3057,2.0572,1.7743,1.6114,1.655,1.8059,1.9615,2.7379,2.7409,2.7461,2.7538,2.7633,2.7739,2.7847,2.7944,2.8015,2.804,2.8004,2.7936,2.804,2.9271,3.3204,3.478,3.235,3.3253,3.4681,3.4918,3.2823,3.1016,2.9945,2.9153,2.8983,3.0219,3.0467,2.7876,2.5495,2.3011,1.9242,1.4374,1.1914,1.3547,1.6408,1.8763,2.7519,2.7557,2.7612,2.7684,2.7769,2.7863,2.7958,2.805,2.8132,2.8206,2.8296,2.8484,2.9001,3.0375,3.3066,3.4028,3.2762,3.3743,3.7529,3.9293,3.5001,3.2791,3.1564,3.0298,2.9426,3.0466,3.0785,2.7329,2.5387,2.3198,1.9059,1.3033,1.0098,1.2461,1.5941,1.8584,2.7632,2.7675,2.7731,2.78,2.788,2.7968,2.8061,2.8158,2.8261,2.8382,2.8553,2.8845,2.9382,3.0303,3.1458,3.2095,3.2381,3.3555,3.5877,3.6723,3.5286,3.4864,3.425,3.2002,2.9252,2.6781,2.3562,2.3932,2.487,2.3981,2.0928,1.628,1.3647,1.4783,1.7187,1.9264,2.7724,2.777,2.7828,2.7895,2.7973,2.8059,2.8154,2.8258,2.8379,2.8529,2.8734,2.9037,2.9485,3.0091,3.0756,3.1331,3.1927,3.2844,3.4004,3.4887,3.6161,3.9223,3.995,3.5202,2.9853,2.4922,2.0419,2.2569,2.5561,2.5592,2.3595,2.0631,1.8553,1.8373,1.9324,2.0498,2.78,2.7849,2.7907,2.7974,2.8051,2.8137,2.8234,2.8345,2.8476,2.8638,2.8848,2.9128,2.9494,2.9941,3.0434,3.0949,3.1534,3.2278,3.3214,3.4545,3.7354,4.2833,4.4501,3.7766,3.119,2.668,2.4369,2.5732,2.8154,2.7628,2.5687,2.353,2.1903,2.1234,2.1343,2.1826,2.7863,2.7913,2.7972,2.8039,2.8116,2.8202,2.8301,2.8414,2.8548,2.8711,2.8912,2.9163,2.9471,2.9831,3.0236,3.0687,3.1212,3.1862,3.2734,3.409,3.649,3.9803,4.0422,3.6376,3.1685,2.841,2.6918,2.7375,2.8539,2.8055,2.6556,2.5011,2.3797,2.3096,2.2876,2.2976]},{"header":{"la1":42.85,"la2":41.18,"lo1":11.55,"lo2":14.05,"nx":36,"ny":24,"dx":0.07143,"dy":0.07261,"parameterCategory":2,"parameterNumber":3,"parameterNumberName":"northward_wind","parameterUnit":"m.s-1"},"data":[1.3858,1.3993,1.4103,1.4185,1.4238,1.426,1.4242,1.4172,1.4038,1.3838,1.3581,1.3282,1.2953,1.2595,1.2202,1.1758,1.124,1.0626,0.9902,0.9091,0.8275,0.7584,0.7135,0.6958,0.6995,0.7151,0.7349,0.7538,0.7696,0.7816,0.7898,0.7947,0.7968,0.7969,0.7954,0.7929,1.4172,1.4346,1.4488,1.4598,1.4677,1.473,1.4745,1.4699,1.4561,1.4325,1.4012,1.3656,1.3283,1.2894,1.2479,1.2011,1.1452,1.0747,0.9838,0.8719,0.7514,0.65,0.594,0.5877,0.614,0.6527,0.6908,0.7228,0.7474,0.7649,0.7765,0.7832,0.7863,0.7866,0.785,0.7822,1.4534,1.4762,1.4945,1.5081,1.5188,1.5284,1.5364,1.5376,1.5244,1.4944,1.453,1.4084,1.3652,1.3238,1.2818,1.2357,1.1801,1.1052,0.9947,0.8349,0.64,0.4727,0.4025,0.4306,0.5045,0.5818,0.6458,0.6939,0.728,0.751,0.7653,0.7733,0.7766,0.7767,0.7746,0.7712,1.4961,1.5271,1.5509,1.5667,1.5782,1.5929,1.6137,1.6301,1.6208,1.5773,1.5156,1.4555,1.4051,1.3624,1.3226,1.2817,1.2355,1.1718,1.0546,0.8272,0.4818,0.1643,0.0857,0.212,0.3784,0.5123,0.6072,0.6718,0.7144,0.7415,0.7574,0.7655,0.7682,0.7672,0.764,0.7595,1.5475,1.5927,1.6262,1.6423,1.6479,1.6641,1.7086,1.7651,1.771,1.6942,1.5885,1.5034,1.4456,1.4048,1.3709,1.3394,1.315,1.2991,1.2345,0.9466,0.315,-0.3471,-0.3808,-0.0267,0.2728,0.4652,0.586,0.6622,0.7099,0.7383,0.7537,0.7603,0.761,0.758,0.7529,0.7468,1.609,1.6816,1.7376,1.7536,1.7348,1.7327,1.8085,1.9614,2.0169,1.8504,1.6584,1.5424,1.4835,1.4524,1.429,1.4068,1.4068,1.4889,1.6434,1.3968,0.4044,-0.6572,-0.6209,-0.1003,0.2546,0.4646,0.5919,0.67,0.7167,0.7426,0.7546,0.7575,0.7546,0.7484,0.7407,0.7325,1.6761,1.8018,1.9191,1.9495,1.8628,1.7831,1.8539,2.127,2.273,1.9566,1.6813,1.5588,1.5176,1.5108,1.5072,1.4879,1.4791,1.6147,2.0825,1.9538,0.7549,-0.0411,-0.1569,0.0954,0.342,0.5151,0.6275,0.6967,0.7359,0.7547,0.76,0.7567,0.7484,0.7378,0.7265,0.7157,1.7279,1.9356,2.2068,2.3312,2.0767,1.8045,1.7708,1.9487,2.0428,1.812,1.6205,1.5494,1.5508,1.592,1.6346,1.6193,1.5402,1.5159,1.6456,1.3155,0.3418,0.0338,0.1312,0.2972,0.4654,0.5981,0.688,0.7414,0.7673,0.7742,0.7689,0.7566,0.741,0.7246,0.709,0.6953,1.7194,1.9797,2.4589,2.8559,2.2578,1.7447,1.6063,1.6245,1.6334,1.5763,1.5281,1.5286,1.585,1.7057,1.8758,1.9074,1.6851,1.4278,1.1491,0.4888,-0.6645,-0.5177,0.0998,0.4099,0.5866,0.7013,0.7708,0.8039,0.8105,0.7999,0.7797,0.7553,0.7302,0.7067,0.6863,0.6695,1.6195,1.7901,2.0801,2.2639,1.7615,1.499,1.4207,1.4164,1.4425,1.4576,1.4643,1.5082,1.6076,1.8096,2.2902,2.5431,1.9163,1.4595,1.0852,0.5073,-0.2727,-0.2266,0.259,0.5596,0.7321,0.8339,0.8816,0.887,0.8653,0.8298,0.7895,0.7495,0.7129,0.6814,0.6558,0.6362,1.4706,1.4833,1.3511,0.8683,0.9035,1.2011,1.2444,1.2712,1.4129,1.4851,1.4307,1.489,1.609,1.785,2.2299,2.5608,1.8744,1.456,1.1757,0.8601,0.5346,0.456,0.6021,0.7807,0.9294,1.0209,1.038,0.9976,0.9312,0.86,0.7933,0.7345,0.6847,0.6447,0.6142,0.5928,1.3458,1.2918,1.114,0.8114,0.8529,1.081,1.0957,1.0717,1.2271,1.3749,1.3772,1.4671,1.6153,1.7665,1.8329,1.8006,1.5973,1.3638,1.2213,1.0711,0.9086,0.8333,0.8787,1.0183,1.2013,1.3126,1.2712,1.1409,1.002,0.8822,0.7834,0.7032,0.6395,0.5912,0.5573,0.5359,1.2677,1.2192,1.1276,1.033,1.0319,1.0596,1.0015,0.9766,0.9476,1.1724,1.3049,1.4359,1.5753,1.847,1.8475,1.6168,1.4795,1.241,1.1991,1.1409,1.0371,0.9871,1.0367,1.2342,1.5837,1.7905,1.6009,1.2972,1.0558,0.8802,0.7482,0.6463,0.569,0.514,0.4792,0.4615,1.2203,1.1886,1.1444,1.1041,1.0814,1.0528,0.9847,0.8706,0.9252,1.0905,1.2157,1.4132,1.5034,1.6511,1.587,1.584,1.5302,1.3305,1.2218,1.1353,1.0477,1.0169,1.0847,1.3498,1.9237,2.2832,1.8624,1.3715,1.0483,0.8322,0.6737,0.5522,0.4624,0.4035,0.3729,0.3648,1.1869,1.1657,1.1392,1.1124,1.0867,1.0556,1.0151,0.9814,0.9882,0.9966,0.9978,1.1077,1.2853,1.3164,1.4601,1.5974,1.7569,1.4289,1.2033,1.0646,0.9829,0.9679,1.0325,1.2541,1.7081,1.9946,1.6699,1.2453,0.9425,0.7232,0.5484,0.4071,0.3045,0.2463,0.2289,0.2409,1.1598,1.1438,1.1244,1.1029,1.0798,1.054,1.0259,0.9972,0.9552,0.8401,0.5769,0.7172,0.9004,1.1289,1.2579,1.4432,1.5893,1.2931,1.052,0.9364,0.8993,0.8997,0.9344,1.0448,1.226,1.323,1.1959,0.9721,0.7583,0.5592,0.3664,0.1936,0.0721,0.0228,0.0364,0.0863,1.136,1.1226,1.1064,1.0879,1.0672,1.0437,1.0164,0.9804,0.9192,0.7943,0.5992,0.6875,0.6036,0.5462,0.9114,1.0525,1.0722,0.8963,0.7235,0.766,0.8683,0.8589,0.8383,0.8584,0.8871,0.8759,0.8078,0.7016,0.5583,0.3666,0.1278,-0.1145,-0.2719,-0.2922,-0.2123,-0.096,1.1144,1.1023,1.0877,1.0708,1.0514,1.0287,1.001,0.9641,0.9109,0.8369,0.7659,0.7144,0.5171,0.4486,0.5338,0.522,0.6372,0.4649,0.2048,0.4934,0.6736,0.723,0.7161,0.6998,0.6638,0.6014,0.5531,0.5079,0.3962,0.1801,-0.1569,-0.5462,-0.7698,-0.7101,-0.5025,-0.2865,1.0945,1.0831,1.0694,1.0534,1.0347,1.0126,0.9858,0.952,0.9093,0.8584,0.8035,0.7347,0.6266,0.4595,-0.0821,-0.3304,0.3031,0.3647,0.2438,0.3193,0.4642,0.5514,0.5695,0.5571,0.5155,0.4429,0.4189,0.4087,0.2945,0.037,-0.4268,-1.0425,-1.3557,-1.1405,-0.7594,-0.439,1.0762,1.065,1.0518,1.0363,1.0182,0.9969,0.9716,0.941,0.9044,0.8613,0.8098,0.7411,0.6338,0.422,-0.0169,-0.1584,0.2492,0.3521,0.1885,0.1047,0.3132,0.3886,0.4011,0.4188,0.43,0.4103,0.4014,0.3784,0.2372,-0.0354,-0.5277,-1.2386,-1.591,-1.296,-0.8489,-0.4965,1.0591,1.0481,1.0352,1.0201,1.0026,0.9821,0.9581,0.9298,0.8965,0.8569,0.8082,0.7436,0.6497,0.5073,0.3363,0.2827,0.3614,0.3709,0.2695,0.2184,0.2393,0.1683,0.1367,0.2336,0.3486,0.4261,0.4968,0.4107,0.1785,-0.0738,-0.4174,-0.9024,-1.1816,-1.0323,-0.7221,-0.4422,1.0432,1.0323,1.0196,1.0049,0.9878,0.9681,0.9453,0.9188,0.8878,0.851,0.8063,0.7499,0.6776,0.5899,0.5063,0.4611,0.4472,0.4142,0.3453,0.2567,0.0784,-0.2622,-0.3662,-0.0487,0.2345,0.4137,0.5835,0.3955,-0.0365,-0.2127,-0.3174,-0.515,-0.6701,-0.6446,-0.4959,-0.3206,1.0284,1.0176,1.0051,0.9906,0.9741,0.9551,0.9333,0.9083,0.8793,0.8454,0.8053,0.7577,0.702,0.6413,0.5841,0.5381,0.4976,0.4448,0.3628,0.2208,-0.077,-0.5955,-0.7447,-0.2566,0.118,0.2831,0.3004,-0.0353,-0.5634,-0.4935,-0.3332,-0.3238,-0.3658,-0.3597,-0.2904,-0.1883,1.0147,1.0039,0.9915,0.9774,0.9613,0.9431,0.9223,0.8985,0.8714,0.8404,0.8047,0.764,0.7187,0.6708,0.6231,0.5768,0.5275,0.4651,0.3741,0.2259,-0.0245,-0.3448,-0.4243,-0.1637,0.078,0.1644,0.0786,-0.2581,-0.6359,-0.5408,-0.3279,-0.2318,-0.2054,-0.1833,-0.1388,-0.074]}]