docs/data/wind_grid.json
[{"header":{"la1":42.85,"la2":41.18,"lo1":11.55,"lo2":14.05,"nx":36,"ny":24,"dx":0.07143,"dy":0.07261,"parameterCategory":2,"parameterNumber":2,"parameterNumberName":"eastward_wind","parameterUnit":"m.s-1"},"data":[5.1292,5.1283,5.126,5.1221,5.1165,5.1086,5.098,5.084,5.066,5.0436,5.0166,4.9856,4.951,4.913,4.8719,4.8274,4.7789,4.7257,4.668,4.6077,4.5504,4.5049,4.4788,4.4737,4.4843,4.5028,4.5227,4.5405,4.5548,4.5654,4.5728,4.5775,4.5804,4.5818,4.5824,4.5825,5.1433,5.1435,5.1423,5.1396,5.1351,5.1284,5.119,5.1057,5.0873,5.0631,5.0331,4.9981,4.9591,4.9167,4.871,4.8214,4.7665,4.7042,4.6323,4.5509,4.468,4.4018,4.3709,4.3779,4.4086,4.4463,4.4809,4.5085,4.5289,4.5431,4.5525,4.5583,4.5616,4.5633,4.5639,4.564,5.1579,5.1594,5.1596,5.1582,5.1552,5.1503,5.143,5.1315,5.1135,5.0871,5.0529,5.0126,4.9682,4.9209,4.8707,4.8167,4.7567,4.6863,4.5985,4.4856,4.354,4.2438,4.2065,4.2444,4.3153,4.3845,4.439,4.478,4.5044,4.5216,4.5324,4.5387,4.542,4.5434,4.5438,4.5438,5.1729,5.176,5.1777,5.1777,5.1763,5.1739,5.1703,5.1631,5.1468,5.1175,5.0765,5.0286,4.9774,4.9246,4.8702,4.8134,4.7515,4.6785,4.5802,4.427,4.2004,3.9846,3.944,4.0642,4.2119,4.3261,4.4029,4.4521,4.4828,4.5016,4.5125,4.5184,4.5211,4.522,4.5219,4.5215,5.1881,5.1931,5.1965,5.1979,5.1978,5.198,5.2003,5.2023,5.1916,5.1566,5.1038,5.0448,4.9849,4.9257,4.8676,4.8103,4.7516,4.6881,4.6035,4.4269,4.0397,3.5726,3.5622,3.8723,4.1306,4.2886,4.3806,4.4342,4.4652,4.4829,4.4924,4.4969,4.4984,4.4982,4.4974,4.4965,5.2029,5.2104,5.2161,5.2187,5.2188,5.2203,5.2296,5.249,5.2519,5.2037,5.1308,5.0579,4.9878,4.9206,4.8583,4.803,4.7538,4.714,4.6898,4.5694,4.073,3.3279,3.3675,3.8288,4.1297,4.2909,4.3775,4.4249,4.4507,4.4644,4.471,4.4731,4.4728,4.4713,4.4694,4.468,5.2165,5.2272,5.2366,5.2408,5.239,5.2385,5.2492,5.2828,5.3032,5.2363,5.1464,5.0637,4.983,4.9034,4.8324,4.7807,4.7485,4.7346,4.773,4.7386,4.3749,3.9189,3.8347,4.0467,4.2257,4.3314,4.3892,4.4201,4.4361,4.4437,4.4462,4.4455,4.4431,4.4399,4.4369,4.4349,5.2273,5.2414,5.2572,5.2652,5.2582,5.2532,5.257,5.27,5.2727,5.2203,5.1449,5.0633,4.9707,4.8657,4.7667,4.715,4.7173,4.7296,4.7357,4.6869,4.5551,4.4287,4.3155,4.308,4.347,4.3806,4.4003,4.4104,4.4153,4.4168,4.4155,4.4121,4.4075,4.4026,4.3985,4.396,5.2331,5.2478,5.2706,5.2882,5.2691,5.2662,5.2721,5.2651,5.2414,5.2008,5.1445,5.0669,4.9593,4.8034,4.606,4.5254,4.6293,4.7169,4.7245,4.6692,4.6071,4.5887,4.5145,4.4552,4.423,4.4029,4.3898,4.3832,4.3808,4.3793,4.3761,4.3708,4.3641,4.3574,4.3521,4.3495,5.2335,5.2413,5.2515,5.2582,5.2461,5.2784,5.3122,5.3009,5.2414,5.1927,5.1568,5.0853,4.9724,4.761,4.2827,4.0303,4.4961,4.7311,4.7749,4.7211,4.641,4.6183,4.5765,4.5043,4.4297,4.3699,4.3356,4.3245,4.3254,4.3275,4.3258,4.3196,4.3107,4.3018,4.2954,4.2929,5.2324,5.2302,5.2088,5.1468,5.1681,5.3006,5.4025,5.4004,5.2208,5.1313,5.1757,5.1189,5.0305,4.8787,4.3946,4.0367,4.5866,4.8357,4.8873,4.8338,4.7485,4.6789,4.5977,4.4804,4.3474,4.2462,4.2091,4.2201,4.2443,4.2607,4.2639,4.2567,4.2444,4.2325,4.2247,4.2232,5.2351,5.2313,5.2077,5.1568,5.1918,5.3756,5.5754,5.6856,5.4441,5.2411,5.2216,5.1614,5.1051,5.1013,4.9385,4.7912,4.8847,5.0468,5.0776,4.9711,4.8502,4.7318,4.5859,4.3773,4.1268,3.9623,3.9698,4.0615,4.1416,4.183,4.1915,4.18,4.161,4.1439,4.1347,4.1357,5.2422,5.2458,5.2449,5.251,5.3143,5.4729,5.7124,5.9846,5.7535,5.4263,5.2738,5.2216,5.1611,5.1027,4.9937,4.9488,5.0217,5.2992,5.3076,5.0766,4.9131,4.7579,4.5498,4.203,3.704,3.4153,3.5983,3.8742,4.0398,4.1054,4.1101,4.0849,4.0521,4.0268,4.0169,4.024,5.2502,5.2619,5.278,5.309,5.3748,5.4912,5.6528,5.7903,5.6921,5.4318,5.2914,5.2924,5.2752,4.9539,4.9709,4.7845,4.9847,5.2193,5.2332,5.0813,4.9168,4.7563,4.5318,4.0831,3.2854,2.8265,3.2953,3.7643,3.9811,4.0401,4.0172,3.9599,3.902,3.8652,3.8583,3.879,5.2555,5.2715,5.2934,5.3267,5.3779,5.4484,5.5245,5.5602,5.4919,5.3716,5.2968,5.2439,5.1613,5.1057,5.0001,4.783,5.6097,5.3065,5.1976,5.0352,4.8167,4.6958,4.5628,4.2027,3.5547,3.1672,3.4933,3.8491,3.9923,3.9863,3.8978,3.7803,3.681,3.6319,3.6394,3.6899,5.2569,5.2736,5.2948,5.3223,5.3568,5.3947,5.4239,5.4243,5.3869,5.3475,5.3706,5.236,5.2146,5.1781,5.1588,5.2707,5.5682,5.4056,5.287,4.9788,4.4508,4.494,4.6106,4.4483,4.1398,3.9374,3.9782,4.0618,4.0461,3.9225,3.7212,3.4995,3.3356,3.283,3.3344,3.4465,5.2548,5.2702,5.2883,5.3091,5.3315,5.3517,5.3633,5.36,5.3445,5.3374,5.3619,5.3021,5.3194,5.3479,5.3113,5.3663,5.4633,5.5879,5.629,5.1898,4.4191,4.5065,4.7135,4.6588,4.5253,4.4307,4.3729,4.2756,4.0987,3.8232,3.4459,3.0415,2.7766,2.757,2.9204,3.1493,5.2502,5.2638,5.2786,5.2943,5.3094,5.3216,5.3282,5.3278,5.3234,5.3215,5.3225,5.3236,5.366,5.4001,5.4962,5.5902,5.6516,6.0213,6.4493,5.7879,5.1923,4.9716,4.9169,4.8306,4.7653,4.7772,4.7224,4.4773,4.1356,3.6866,3.0496,2.3166,1.8945,2.013,2.4147,2.8308,5.2441,5.256,5.2682,5.2805,5.2917,5.3008,5.3067,5.3096,5.3114,5.3148,5.3229,5.3426,5.3887,5.5022,5.846,5.9957,5.8019,6.0613,6.3392,6.1304,5.6943,5.3335,5.1146,4.9561,4.9132,5.1409,5.1819,4.6427,4.131,3.5551,2.6308,1.4072,0.7834,1.2078,1.9555,2.5776,5.2374,5.2477,5.2581,5.2683,5.2777,5.2857,5.2923,5.2979,5.3041,5.3132,5.3292,5.3595,5.4206,5.5551,5.8178,5.9152,5.8097,5.9714,6.4068,6.5965,5.964,5.5401,5.2717,5.0309,4.8854,5.1394,5.2117,4.4208,4.0013,3.5107,2.5261,1.0483,0.3168,0.9176,1.8138,2.5058,5.2303,5.2395,5.2487,5.2576,5.2661,5.274,5.2814,5.2891,5.2984,5.3114,5.3318,5.3654,5.4223,5.5153,5.6316,5.6969,5.7329,5.8747,6.1472,6.2177,5.9104,5.685,5.4921,5.1401,4.6925,4.1899,3.412,3.5224,3.7906,3.6169,2.9244,1.8264,1.1953,1.4908,2.1116,2.6574,5.2231,5.2314,5.2397,5.2479,5.2559,5.2639,5.272,5.281,5.2921,5.3069,5.3281,5.3592,5.4043,5.4641,5.5291,5.5839,5.6404,5.7298,5.8343,5.8646,5.854,6.0028,6.0037,5.4321,4.6464,3.6729,2.6188,3.1469,3.8666,3.9026,3.4945,2.8447,2.3812,2.3668,2.63,2.9503,5.2158,5.2235,5.2311,5.2388,5.2465,5.2544,5.2629,5.2724,5.2841,5.299,5.3188,5.3452,5.3795,5.4205,5.4644,5.5075,5.5536,5.608,5.6641,5.7228,5.8786,6.2962,6.4376,5.6975,4.8114,4.0256,3.5496,3.8585,4.3583,4.2737,3.9239,3.5005,3.171,3.0528,3.1157,3.2671,5.2085,5.2156,5.2227,5.2299,5.2373,5.245,5.2534,5.2629,5.2742,5.2881,5.3054,5.327,5.3529,5.3825,5.4138,5.4457,5.479,5.5151,5.5569,5.6225,5.7682,6.0124,6.0315,5.552,4.9199,4.3972,4.132,4.2247,4.4338,4.3573,4.1094,3.8357,3.6135,3.495,3.4823,3.5416]},{"header":{"la1":42.85,"la2":41.18,"lo1":11.55,"lo2":14.05,"nx":36,"ny":24,"dx":0.07143,"dy":0.07261,"parameterCategory":2,"parameterNumber":3,"parameterNumberName":"northward_wind","parameterUnit":"m.s-1"},"data":[0.4035,0.4095,0.4151,0.4201,0.4243,0.4277,0.4293,0.4285,0.4242,0.4161,0.4045,0.3897,0.372,0.351,0.3263,0.2972,0.2635,0.2251,0.1829,0.1392,0.0984,0.0672,0.0514,0.0522,0.0666,0.0893,0.1161,0.1441,0.172,0.1991,0.2251,0.25,0.2736,0.2959,0.3169,0.3363,0.4129,0.4206,0.4278,0.4345,0.4408,0.4465,0.4509,0.4522,0.4485,0.4392,0.4253,0.408,0.388,0.3646,0.3369,0.3034,0.2634,0.2162,0.1614,0.1006,0.0403,-0.0065,-0.0268,-0.0185,0.0094,0.046,0.0844,0.1214,0.1561,0.1886,0.2191,0.2476,0.2744,0.2994,0.3226,0.344,0.4239,0.4339,0.4431,0.4515,0.46,0.4694,0.4787,0.4844,0.482,0.47,0.4515,0.4302,0.4076,0.3824,0.3521,0.3145,0.2681,0.2116,0.142,0.0562,-0.0396,-0.1176,-0.1434,-0.1154,-0.0607,-0.0019,0.0521,0.0997,0.142,0.1801,0.2151,0.2475,0.2776,0.3054,0.331,0.3544,0.4372,0.4505,0.4621,0.472,0.4823,0.4966,0.5153,0.5313,0.532,0.513,0.4842,0.4561,0.4311,0.4054,0.3738,0.3327,0.2804,0.2165,0.1346,0.0167,-0.1462,-0.295,-0.3238,-0.2435,-0.1387,-0.0486,0.0233,0.0816,0.1311,0.1746,0.2141,0.2504,0.2839,0.3146,0.3427,0.3681,0.4537,0.4727,0.4882,0.4984,0.5077,0.5264,0.5626,0.6048,0.6148,0.5759,0.5228,0.4836,0.4579,0.4351,0.4049,0.3609,0.3029,0.2366,0.1587,0.019,-0.2573,-0.5676,-0.5765,-0.3784,-0.2034,-0.0823,0.0038,0.07,0.1249,0.173,0.2167,0.2568,0.2939,0.3278,0.3584,0.3858,0.4742,0.5044,0.5289,0.5385,0.5376,0.5523,0.6143,0.7203,0.76,0.6627,0.5588,0.5069,0.4874,0.4748,0.4509,0.4048,0.3374,0.2708,0.2345,0.1289,-0.2438,-0.7262,-0.7034,-0.42,-0.2185,-0.0908,-0.0022,0.0663,0.1241,0.1758,0.2234,0.2676,0.3084,0.3457,0.3791,0.4085,0.497,0.5495,0.5999,0.6143,0.5817,0.5623,0.6312,0.8224,0.9211,0.7192,0.5636,0.5179,0.5206,0.5312,0.5231,0.4768,0.3903,0.3034,0.3121,0.2708,-0.0889,-0.4067,-0.452,-0.3128,-0.1767,-0.0746,0.0037,0.0691,0.1277,0.1825,0.2345,0.2833,0.3286,0.3696,0.406,0.4374,0.5134,0.6014,0.7198,0.7749,0.6629,0.5498,0.5588,0.6891,0.756,0.6024,0.507,0.5138,0.5623,0.6153,0.6434,0.6049,0.4848,0.3388,0.253,0.1259,-0.1741,-0.2848,-0.2642,-0.2001,-0.1225,-0.051,0.0131,0.0736,0.1333,0.1924,0.2501,0.305,0.3556,0.401,0.4405,0.4739,0.5035,0.6143,0.8281,1.0092,0.7341,0.4989,0.4308,0.4244,0.3992,0.3607,0.4007,0.5025,0.6188,0.7374,0.8525,0.8506,0.6502,0.4108,0.2018,-0.0788,-0.4897,-0.4429,-0.2458,-0.15,-0.09,-0.0384,0.0146,0.0731,0.1372,0.2042,0.2708,0.334,0.3916,0.4422,0.4851,0.5199,0.4535,0.5214,0.6467,0.7281,0.4906,0.3679,0.305,0.2157,0.0626,0.0289,0.2553,0.4991,0.6951,0.8777,1.1731,1.3181,0.8491,0.4826,0.2266,-0.0462,-0.3491,-0.3437,-0.1984,-0.1228,-0.0852,-0.0519,-0.0053,0.0589,0.1357,0.2176,0.2981,0.3731,0.4397,0.4964,0.5426,0.5782,0.3831,0.3753,0.295,0.0414,0.0626,0.2252,0.2234,0.1096,-0.2751,-0.4834,0.1288,0.5372,0.8123,1.0096,1.2043,1.3452,0.8236,0.4551,0.2361,0.0675,-0.0792,-0.1343,-0.1236,-0.1174,-0.1237,-0.1154,-0.0667,0.0203,0.1261,0.2343,0.336,0.427,0.5049,0.5684,0.6172,0.6523,0.3272,0.2884,0.1856,0.0188,0.0458,0.1893,0.2089,0.1633,-0.0272,-0.1763,0.2524,0.6351,0.9841,1.3765,1.1898,0.8968,0.5919,0.2751,0.1299,0.0772,-0.0006,-0.0661,-0.1122,-0.1686,-0.2449,-0.2784,-0.2021,-0.0519,0.1113,0.2613,0.3923,0.5036,0.5947,0.665,0.715,0.7465,0.2961,0.2634,0.2096,0.1585,0.1699,0.2169,0.2332,0.127,0.2837,0.23,0.4252,0.7504,0.9937,1.4912,1.2166,0.7254,0.441,-0.0272,-0.0788,0.017,-0.0429,-0.1128,-0.1723,-0.2805,-0.4896,-0.6148,-0.4354,-0.1439,0.1107,0.3146,0.48,0.6147,0.7202,0.7961,0.8437,0.8668,0.2806,0.2595,0.2345,0.217,0.2193,0.2363,0.2662,0.3535,0.3267,0.2723,0.4072,0.8672,1.0209,0.7707,0.7089,0.5611,0.4425,0.1417,0.0053,-0.0588,-0.1988,-0.2742,-0.2839,-0.3802,-0.7326,-0.9942,-0.6332,-0.1704,0.1689,0.419,0.6169,0.7765,0.8973,0.9762,1.0146,1.0204,0.2711,0.2571,0.2428,0.2325,0.2292,0.2326,0.2421,0.2484,0.2081,0.1236,0.0892,0.245,0.3762,0.1337,0.4638,0.5234,0.3557,0.2407,0.0269,-0.2729,-0.6322,-0.6654,-0.4568,-0.3736,-0.5729,-0.7537,-0.44,-0.0054,0.3325,0.5969,0.8213,1.0105,1.15,1.2264,1.2425,1.215,0.2634,0.2523,0.2411,0.2311,0.2226,0.2142,0.2008,0.1681,0.083,-0.1206,-0.52,-0.3861,-0.1226,0.1412,0.2663,0.3233,0.2904,0.1565,-0.102,-0.6592,-1.6573,-1.4197,-0.6665,-0.2933,-0.1906,-0.1411,0.0595,0.3371,0.5986,0.8501,1.1066,1.3465,1.5166,1.5791,1.5456,1.4567,0.2562,0.246,0.235,0.2233,0.2101,0.1928,0.1654,0.115,0.0157,-0.1816,-0.4774,-0.3498,-0.3052,-0.3068,-0.002,0.0905,0.0886,-0.0233,-0.2157,-0.6917,-1.8117,-1.5057,-0.6272,-0.1254,0.1761,0.4014,0.5885,0.7436,0.9136,1.1523,1.478,1.8287,2.0592,2.0776,1.9377,1.7416,0.2494,0.2391,0.2275,0.2141,0.1977,0.1756,0.1431,0.0925,0.0137,-0.096,-0.1923,-0.2184,-0.3362,-0.3751,-0.2858,-0.2821,-0.1528,-0.1924,-0.3142,-0.3457,-0.6642,-0.6507,-0.2678,0.1557,0.5769,0.9606,1.1398,1.1467,1.2114,1.4522,1.9184,2.5068,2.8526,2.7456,2.398,2.0387,0.2434,0.2328,0.2206,0.2061,0.1881,0.1647,0.133,0.0896,0.0329,-0.0322,-0.0912,-0.1432,-0.2168,-0.3375,-0.7748,-0.9779,-0.3699,-0.1859,-0.1868,-0.0363,-0.1232,-0.1283,0.0751,0.4423,0.9625,1.5442,1.6861,1.4747,1.4329,1.675,2.3248,3.2941,3.8036,3.4429,2.8062,2.273,0.2384,0.2277,0.2152,0.2003,0.1821,0.1595,0.1308,0.0951,0.0525,0.0058,-0.0421,-0.0954,-0.1738,-0.3367,-0.6995,-0.807,-0.3611,-0.08,0.192,0.3103,0.1108,0.1062,0.2736,0.6111,1.1318,1.6947,1.8138,1.6404,1.5537,1.7406,2.4327,3.5979,4.1935,3.6925,2.9372,2.3482,0.2347,0.224,0.2115,0.1969,0.1795,0.1586,0.1334,0.1038,0.0699,0.0326,-0.0081,-0.0566,-0.1239,-0.2282,-0.3534,-0.36,-0.1993,-0.02,0.1424,0.2013,0.1591,0.1868,0.3194,0.624,1.1135,1.6379,2.0261,1.8746,1.5788,1.6122,2.1066,2.9673,3.4721,3.221,2.6971,2.2322,0.2323,0.2218,0.2098,0.1959,0.1797,0.1608,0.139,0.1141,0.0863,0.0558,0.0221,-0.0167,-0.0637,-0.1175,-0.1586,-0.1477,-0.0763,0.0176,0.0994,0.1448,0.1558,0.1381,0.1769,0.4905,1.0271,1.6964,2.3379,1.9657,1.3551,1.2866,1.6114,2.1316,2.4998,2.5011,2.273,1.9967,0.2311,0.2211,0.2097,0.1968,0.182,0.1653,0.1465,0.1256,0.1027,0.078,0.0515,0.0229,-0.0069,-0.0337,-0.0469,-0.034,0.0064,0.0611,0.1137,0.1508,0.1506,0.0605,0.0229,0.3564,0.8654,1.3723,1.6592,1.3207,0.7789,0.8729,1.2164,1.5815,1.8495,1.9381,1.876,1.7404,0.2311,0.2217,0.2111,0.1993,0.1861,0.1715,0.1554,0.138,0.1194,0.0999,0.0798,0.0599,0.0418,0.029,0.0267,0.0395,0.0675,0.1055,0.1455,0.1776,0.1839,0.1484,0.1701,0.4005,0.7466,1.0545,1.1738,0.978,0.6951,0.7848,1.0476,1.298,1.4838,1.5754,1.577,1.5183]}]