docs/data/wind_grid.json
[{"header":{"la1":42.85,"la2":41.18,"lo1":11.55,"lo2":14.05,"nx":36,"ny":24,"dx":0.07143,"dy":0.07261,"parameterCategory":2,"parameterNumber":2,"parameterNumberName":"eastward_wind","parameterUnit":"m.s-1"},"data":[3.2287,3.2408,3.258,3.28,3.3058,3.3333,3.3597,3.3821,3.3984,3.4077,3.4105,3.4079,3.4006,3.389,3.3734,3.3539,3.3312,3.3066,3.2818,3.2587,3.2393,3.2259,3.2205,3.2228,3.2303,3.2396,3.2485,3.2557,3.2611,3.2649,3.2674,3.2691,3.2704,3.2713,3.2722,3.273,3.2018,3.2146,3.2346,3.2622,3.2962,3.3338,3.3703,3.4008,3.4215,3.4312,3.4319,3.4259,3.4151,3.3998,3.3796,3.3541,3.3239,3.2908,3.2575,3.2261,3.1992,3.181,3.1764,3.1854,3.2018,3.2193,3.2338,3.2445,3.2518,3.2565,3.2596,3.2615,3.263,3.2641,3.2652,3.2663,3.167,3.1789,3.2014,3.2359,3.2816,3.3348,3.3881,3.4319,3.4584,3.4663,3.461,3.4489,3.4331,3.4132,3.3876,3.3543,3.3135,3.2681,3.223,3.1809,3.1417,3.1127,3.1096,3.1333,3.1671,3.1974,3.2194,3.2338,3.2426,3.2479,3.2511,3.2532,3.2547,3.256,3.2574,3.2588,3.1216,3.1301,3.1534,3.1955,3.2576,3.3355,3.4181,3.4864,3.5213,3.5205,3.5005,3.4768,3.4542,3.4298,3.3986,3.3558,3.2994,3.2339,3.1721,3.1204,3.0629,3.0054,3.0048,3.0635,3.1297,3.1779,3.2076,3.2246,3.2339,3.239,3.2419,3.2438,3.2453,3.2469,3.2485,3.2504,3.0636,3.0634,3.0827,3.1311,3.2144,3.3307,3.4663,3.5862,3.6361,3.6062,3.551,3.5077,3.4776,3.4503,3.4151,3.3619,3.2822,3.1784,3.0846,3.0398,2.9765,2.8449,2.853,2.9908,3.1037,3.1683,3.2015,3.2176,3.2253,3.229,3.2311,3.2328,3.2344,3.2363,3.2385,3.2409,2.9919,2.974,2.9791,3.0268,3.1339,3.3033,3.5264,3.7587,3.8445,3.7293,3.6031,3.535,3.5009,3.4754,3.441,3.3809,3.2731,3.0961,2.9023,2.9008,2.9506,2.7536,2.7767,2.9851,3.1155,3.1763,3.2021,3.212,3.2154,3.2167,3.2179,3.2194,3.2215,3.224,3.2269,3.2301,2.9093,2.862,2.8341,2.8636,2.9914,3.2183,3.5331,3.918,4.0713,3.8168,3.6238,3.5492,3.5224,3.5063,3.4805,3.4247,3.3058,3.0612,2.6807,2.7175,3.0625,3.0362,3.0171,3.1111,3.1747,3.1997,3.2051,3.2035,3.201,3.1999,3.2006,3.2027,3.2059,3.2096,3.2137,3.218,2.8258,2.7415,2.6609,2.6422,2.7837,3.0587,3.39,3.7329,3.8692,3.7079,3.5878,3.5491,3.5436,3.544,3.5344,3.4975,3.4058,3.2224,2.9811,3.0744,3.4657,3.5059,3.3593,3.2808,3.2451,3.2196,3.1989,3.1846,3.1773,3.1756,3.1777,3.1819,3.1871,3.1928,3.1986,3.2044,2.7559,2.6435,2.5346,2.4833,2.5992,2.8808,3.1862,3.4223,3.5366,3.5478,3.5402,3.5487,3.569,3.5882,3.5986,3.5862,3.5309,3.4439,3.393,3.5626,4.0028,3.9206,3.5774,3.3843,3.2772,3.2093,3.1668,3.1449,3.1382,3.1406,3.1476,3.1562,3.165,3.1735,3.1816,3.1893,2.7078,2.5711,2.4492,2.3986,2.4111,2.7113,3.0403,3.2733,3.4414,3.5175,3.5283,3.5592,3.6031,3.6372,3.6578,3.6635,3.6244,3.5878,3.5793,3.669,3.8808,3.8319,3.5793,3.3801,3.2383,3.1418,3.0889,3.0723,3.0778,3.0928,3.1099,3.1259,3.1399,3.152,3.1627,3.1726,2.6875,2.508,2.2249,1.7428,1.8569,2.5425,2.948,3.1817,3.5048,3.6419,3.5386,3.5785,3.6531,3.7058,3.6947,3.6804,3.6787,3.6957,3.6952,3.6771,3.6732,3.6132,3.464,3.2806,3.1056,2.9828,2.9386,2.9538,2.9927,3.0327,3.0661,3.0922,3.1124,3.1286,3.1422,3.1544,2.7124,2.5277,2.2225,1.7964,1.9313,2.5835,2.8827,2.9458,3.2478,3.4958,3.5099,3.5987,3.716,3.8597,3.8,3.7133,3.7398,3.8709,3.8898,3.7517,3.6294,3.5101,3.3437,3.1088,2.8401,2.6687,2.6782,2.7824,2.8878,2.9665,3.0207,3.0578,3.0839,3.1037,3.12,3.1346,2.7853,2.6527,2.4851,2.3606,2.4848,2.7631,2.848,2.7216,2.9017,3.2751,3.4876,3.6258,3.7041,3.9116,3.8339,3.6816,3.7601,4.1976,4.2107,3.833,3.6264,3.4606,3.2434,2.8892,2.3921,2.1088,2.2935,2.5839,2.7862,2.9078,2.9806,3.0256,3.0553,3.0773,3.0956,3.1126,2.8821,2.8079,2.7421,2.7276,2.802,2.9032,2.9146,2.8378,2.9595,3.285,3.5016,3.6747,3.6939,3.3702,3.5913,3.5157,3.6517,3.9533,4.006,3.7749,3.5916,3.4279,3.193,2.7424,1.9704,1.5319,1.9848,2.4628,2.7309,2.8732,2.9518,2.9973,3.0262,3.048,3.0678,3.0876,2.9777,2.9424,2.9227,2.9336,2.9774,3.0269,3.0519,3.0787,3.1998,3.3895,3.5164,3.5658,3.5271,3.4201,3.5372,3.5013,3.9194,3.8036,3.7716,3.6597,3.5176,3.4035,3.219,2.8323,2.2071,1.8453,2.1549,2.5265,2.7475,2.8684,2.9344,2.9705,2.9929,3.0123,3.0338,3.0579,3.0605,3.0471,3.0466,3.0639,3.0972,3.1377,3.1817,3.245,3.3497,3.4783,3.5777,3.5197,3.5277,3.5347,3.591,3.7066,3.8782,3.7885,3.7235,3.5863,3.3863,3.3671,3.2798,3.0275,2.6978,2.4977,2.5451,2.6844,2.8018,2.8787,2.92,2.9372,2.9469,2.963,2.9893,3.0218,3.1288,3.1274,3.1357,3.1556,3.1862,3.2257,3.2745,3.3383,3.4195,3.5071,3.5731,3.5567,3.5768,3.6018,3.6417,3.709,3.7667,3.8028,3.8013,3.6382,3.3751,3.3753,3.3277,3.1467,2.9311,2.7772,2.7326,2.7707,2.835,2.8831,2.8973,2.8843,2.8734,2.8893,2.9297,2.979,3.1842,3.1895,3.2022,3.2234,3.2528,3.2902,3.3357,3.3899,3.4501,3.5071,3.5474,3.5715,3.6021,3.6293,3.7299,3.8008,3.8166,3.9267,4.0595,3.8371,3.6129,3.4902,3.3706,3.1806,2.9404,2.7197,2.647,2.7272,2.8265,2.8774,2.8617,2.7958,2.7515,2.7815,2.856,2.9337,3.2291,3.2381,3.2531,3.2744,3.3022,3.3363,3.3762,3.421,3.4677,3.5116,3.5493,3.5847,3.6283,3.7131,3.9407,4.0345,3.8851,3.9455,4.0398,3.9883,3.7927,3.5949,3.4119,3.1777,2.8391,2.4161,2.3213,2.6093,2.8118,2.8833,2.829,2.6764,2.5865,2.6591,2.7887,2.8998,3.2655,3.2766,3.2923,3.3131,3.3389,3.3694,3.404,3.4416,3.4803,3.5183,3.5554,3.5956,3.6499,3.7466,3.9189,3.9786,3.8854,3.9285,4.1363,4.2351,3.9051,3.6596,3.4605,3.2108,2.8428,2.3595,2.2552,2.6359,2.8607,2.9385,2.8535,2.6329,2.5124,2.6163,2.7738,2.8975,3.2951,3.3071,3.3229,3.3427,3.3663,3.3935,3.4236,3.456,3.4895,3.5236,3.5589,3.5985,3.6484,3.7165,3.7935,3.8296,3.832,3.8831,4.0075,4.0353,3.8534,3.6917,3.5508,3.3244,3.012,2.7479,2.7095,2.8073,2.9981,3.083,2.9925,2.7922,2.6741,2.7267,2.8382,2.936,3.3191,3.3314,3.3468,3.3653,3.3868,3.4111,3.4376,3.4659,3.4954,3.5259,3.5581,3.5933,3.6335,3.6788,3.7218,3.7512,3.7724,3.8048,3.8425,3.835,3.7787,3.7712,3.7433,3.5045,3.1845,2.9162,2.7371,2.9044,3.2891,3.3705,3.2288,3.0429,2.9235,2.907,2.9483,3.0023,3.3385,3.3508,3.3655,3.3827,3.4022,3.4239,3.4474,3.4723,3.4983,3.5253,3.5535,3.5834,3.6149,3.647,3.6763,3.6996,3.7183,3.7355,3.7466,3.7441,3.7555,3.8543,3.8942,3.6346,3.3273,3.1097,3.0442,3.3499,3.8522,3.7546,3.466,3.2483,3.1177,3.0625,3.0569,3.0747,3.3544,3.3662,3.3801,3.396,3.4137,3.4331,3.454,3.4759,3.4988,3.5224,3.5466,3.5714,3.5964,3.6205,3.642,3.6596,3.6731,3.6826,3.6875,3.6911,3.7128,3.7691,3.7662,3.606,3.4085,3.286,3.3144,3.5922,3.9301,3.8271,3.5589,3.359,3.2357,3.1695,3.1424,3.1385]},{"header":{"la1":42.85,"la2":41.18,"lo1":11.55,"lo2":14.05,"nx":36,"ny":24,"dx":0.07143,"dy":0.07261,"parameterCategory":2,"parameterNumber":3,"parameterNumberName":"northward_wind","parameterUnit":"m.s-1"},"data":[1.0256,1.0351,1.0417,1.045,1.0452,1.0421,1.0355,1.0245,1.0084,0.9871,0.9617,0.9335,0.9036,0.8726,0.84,0.805,0.7665,0.7232,0.6747,0.6226,0.5719,0.5309,0.5069,0.5016,0.5105,0.5267,0.5447,0.5612,0.5747,0.5852,0.5927,0.5978,0.6009,0.6025,0.6029,0.6024,1.058,1.0708,1.0798,1.0848,1.0862,1.0846,1.0795,1.0692,1.0516,1.0263,0.9951,0.9611,0.9264,0.8915,0.8557,0.8172,0.7738,0.7228,0.6614,0.5894,0.5142,0.4531,0.4236,0.4284,0.455,0.4885,0.5199,0.5456,0.5651,0.5792,0.5889,0.5951,0.5988,0.6006,0.6009,0.6003,1.0958,1.1133,1.1255,1.1321,1.1345,1.1349,1.1335,1.1266,1.1083,1.0766,1.0359,0.993,0.952,0.9133,0.8749,0.834,0.7872,0.7296,0.6535,0.551,0.4286,0.3248,0.288,0.3203,0.3835,0.446,0.496,0.5328,0.5585,0.5759,0.5872,0.5942,0.598,0.5996,0.5996,0.5986,1.1407,1.1655,1.1824,1.19,1.1916,1.1939,1.2006,1.2043,1.1882,1.1445,1.0857,1.0285,0.9797,0.938,0.8987,0.8573,0.81,0.751,0.6651,0.522,0.3059,0.1,0.0588,0.1675,0.3022,0.4071,0.4789,0.5263,0.557,0.5766,0.5885,0.5954,0.5987,0.5996,0.5989,0.5973,1.1948,1.2323,1.2575,1.2649,1.2597,1.2599,1.2819,1.3158,1.3117,1.2405,1.1443,1.0645,1.0078,0.9657,0.9284,0.8887,0.8443,0.7951,0.7239,0.5535,0.1737,-0.2774,-0.2898,-0.0,0.2406,0.3887,0.477,0.5304,0.5629,0.5823,0.5934,0.599,0.601,0.6006,0.5989,0.5963,1.2591,1.3208,1.3654,1.3728,1.3458,1.3263,1.367,1.4744,1.5118,1.3691,1.2006,1.093,1.0334,0.9979,0.9676,0.9311,0.8888,0.8589,0.8533,0.7324,0.2264,-0.5077,-0.4706,-0.0302,0.2553,0.4106,0.4976,0.548,0.5774,0.5938,0.6021,0.6051,0.6048,0.6026,0.5993,0.5954,1.33,1.4366,1.532,1.5523,1.4707,1.3835,1.4103,1.6061,1.7187,1.4564,1.2171,1.1018,1.0553,1.0389,1.0254,0.9935,0.9425,0.9112,0.9677,0.9312,0.5491,0.0868,-0.0053,0.1953,0.3679,0.4757,0.5407,0.5791,0.6005,0.611,0.6144,0.6134,0.61,0.6051,0.5998,0.5944,1.39,1.564,1.7798,1.875,1.6679,1.4268,1.3611,1.471,1.5337,1.3346,1.1614,1.0878,1.0758,1.0983,1.1236,1.1028,1.0218,0.9409,0.9213,0.8807,0.7916,0.6623,0.505,0.4756,0.5154,0.5628,0.5989,0.6209,0.6312,0.6331,0.6298,0.6234,0.6158,0.6078,0.6001,0.5929,1.4036,1.6223,1.9902,2.2812,1.8382,1.418,1.2586,1.2271,1.2004,1.1299,1.075,1.0634,1.0982,1.1847,1.3108,1.3316,1.1611,0.9886,0.899,0.8837,0.9857,0.9347,0.7412,0.65,0.636,0.6499,0.6649,0.6713,0.6685,0.6595,0.6473,0.6342,0.6215,0.6098,0.5995,0.5905,1.3465,1.51,1.7507,1.8947,1.5458,1.2866,1.1472,1.0742,1.0221,0.9962,1.0058,1.0406,1.1169,1.2705,1.6349,1.8278,1.3366,1.021,0.8869,0.8642,0.9287,0.8996,0.7887,0.7319,0.7253,0.7365,0.7413,0.7322,0.7128,0.6893,0.6658,0.6445,0.626,0.6104,0.5973,0.5866,1.2463,1.3128,1.3075,1.1134,1.107,1.1274,1.0523,0.9954,0.9458,0.9282,0.9622,1.0226,1.1323,1.2829,1.599,1.8387,1.2753,0.9513,0.8195,0.7894,0.8007,0.7952,0.7742,0.7804,0.8161,0.8474,0.8448,0.811,0.7652,0.721,0.6832,0.6524,0.6278,0.6083,0.5929,0.5807,1.1486,1.1707,1.1414,1.0581,1.0515,1.0404,0.9932,0.9717,0.9436,0.9246,0.9335,1.0001,1.1649,1.408,1.3514,1.2175,0.994,0.7552,0.6681,0.6896,0.711,0.7292,0.7639,0.8432,0.9612,1.0375,1.0067,0.9154,0.8234,0.7503,0.6958,0.6553,0.6251,0.6024,0.5853,0.5722,1.0679,1.0788,1.0702,1.047,1.0203,0.9848,0.9674,0.9868,0.9549,0.8909,0.8811,0.9541,1.085,1.4774,1.3373,1.0127,0.8267,0.5012,0.473,0.6005,0.6394,0.6759,0.7567,0.9334,1.2186,1.3862,1.2492,1.0336,0.8734,0.7682,0.6982,0.6501,0.6161,0.5916,0.5739,0.5608,1.0001,1.005,0.9995,0.9834,0.9585,0.9344,0.9313,0.9515,0.9112,0.8045,0.7746,0.9274,0.9828,0.836,0.9296,0.9267,0.8126,0.5968,0.528,0.5567,0.5704,0.6101,0.7211,0.9837,1.4746,1.7655,1.4475,1.0965,0.8857,0.7624,0.6853,0.6343,0.5994,0.5753,0.5584,0.5464,0.9411,0.9408,0.933,0.9173,0.8958,0.8748,0.8598,0.8382,0.7647,0.6327,0.5347,0.5679,0.5698,0.2325,0.7297,0.903,0.611,0.6038,0.5301,0.4895,0.4803,0.5157,0.6302,0.8785,1.2948,1.5409,1.3089,1.0215,0.8387,0.7271,0.6552,0.6072,0.5749,0.5534,0.5391,0.5293,0.8894,0.8847,0.8741,0.8573,0.8351,0.8088,0.7757,0.7214,0.6176,0.4291,0.1443,0.1762,0.3137,0.4332,0.5644,0.6211,0.5528,0.486,0.3964,0.3763,0.4016,0.4233,0.5158,0.6902,0.9096,1.0378,0.9843,0.8612,0.7533,0.6719,0.6125,0.5712,0.5443,0.5276,0.5172,0.5105,0.8438,0.8357,0.8225,0.8037,0.779,0.747,0.7034,0.6378,0.5338,0.3693,0.1649,0.2158,0.2398,0.2374,0.3554,0.3804,0.3477,0.2138,0.0979,0.203,0.3703,0.3779,0.4246,0.5437,0.6766,0.7628,0.7756,0.7358,0.675,0.6144,0.5652,0.5313,0.5118,0.5013,0.4953,0.4914,0.8036,0.7929,0.7776,0.757,0.7301,0.6954,0.6496,0.5876,0.5049,0.4052,0.3208,0.2827,0.2122,0.1647,0.0396,-0.0544,0.018,-0.1644,-0.4213,-0.1088,0.133,0.2432,0.3261,0.4459,0.5882,0.708,0.7449,0.6995,0.6292,0.5655,0.5199,0.4954,0.4859,0.4811,0.4769,0.4738,0.7683,0.7556,0.7387,0.7169,0.6892,0.6545,0.6109,0.5568,0.4926,0.4233,0.3581,0.2944,0.205,0.0119,-0.6008,-0.8665,-0.2785,-0.2622,-0.411,-0.3707,-0.1396,0.0571,0.1991,0.3633,0.584,0.8293,0.8829,0.7341,0.6044,0.5194,0.4787,0.4752,0.4807,0.4741,0.4641,0.458,0.7371,0.7232,0.7053,0.683,0.6555,0.6221,0.5819,0.5347,0.4811,0.423,0.3604,0.2851,0.169,-0.0674,-0.539,-0.6954,-0.3239,-0.2902,-0.6089,-0.7664,-0.3515,-0.126,0.0252,0.2369,0.5348,0.8552,0.92,0.728,0.5592,0.4522,0.4288,0.4642,0.4869,0.4705,0.4508,0.4412,0.7098,0.6949,0.6766,0.6543,0.6276,0.596,0.5591,0.5168,0.4693,0.4164,0.3557,0.2799,0.1725,0.0112,-0.181,-0.2545,-0.2063,-0.254,-0.4489,-0.5245,-0.3949,-0.3706,-0.3009,-0.0143,0.3685,0.6808,0.8369,0.7184,0.4539,0.3125,0.3233,0.3991,0.443,0.4379,0.4245,0.4189,0.6858,0.6705,0.6521,0.6302,0.6045,0.5747,0.5406,0.502,0.4586,0.4098,0.3534,0.2852,0.1998,0.097,-0.003,-0.066,-0.1027,-0.1678,-0.2698,-0.3626,-0.5228,-0.8917,-0.9811,-0.4381,0.1517,0.6025,0.946,0.6817,0.132,-0.0012,0.1182,0.2582,0.3414,0.3726,0.3829,0.3901,0.6648,0.6493,0.631,0.6098,0.5852,0.5572,0.5255,0.4899,0.4501,0.4054,0.3546,0.2961,0.229,0.1561,0.0862,0.0269,-0.0285,-0.0976,-0.1931,-0.3445,-0.6767,-1.3162,-1.5093,-0.757,-0.0634,0.3461,0.4835,0.0821,-0.5785,-0.4608,-0.1213,0.1084,0.2366,0.3025,0.3375,0.3593,0.6463,0.6309,0.613,0.5925,0.5691,0.5427,0.5132,0.4803,0.4438,0.4033,0.3582,0.3081,0.2534,0.196,0.139,0.0836,0.0254,-0.045,-0.1431,-0.3022,-0.5861,-0.9738,-1.0526,-0.6201,-0.1521,0.1132,0.1171,-0.2362,-0.6774,-0.5459,-0.2106,0.0266,0.1679,0.2502,0.2999,0.3323]}]