docs/data/wind_grid.json
[{"header":{"la1":42.85,"la2":41.18,"lo1":11.55,"lo2":14.05,"nx":36,"ny":24,"dx":0.07143,"dy":0.07261,"parameterCategory":2,"parameterNumber":2,"parameterNumberName":"eastward_wind","parameterUnit":"m.s-1"},"data":[3.5245,3.5338,3.5437,3.5539,3.5642,3.5743,3.5835,3.5915,3.5981,3.6037,3.6089,3.6149,3.6224,3.6318,3.643,3.6553,3.6672,3.6763,3.6797,3.6752,3.6619,3.641,3.6145,3.5847,3.5538,3.5229,3.4931,3.4646,3.4379,3.4129,3.3897,3.3683,3.3486,3.3306,3.3142,3.2995,3.5275,3.5379,3.549,3.561,3.5733,3.5856,3.597,3.6063,3.6132,3.6182,3.6227,3.6284,3.6368,3.6487,3.6643,3.6829,3.7025,3.7193,3.7282,3.7247,3.7077,3.6796,3.6444,3.6064,3.5681,3.5312,3.4965,3.4642,3.4344,3.4069,3.3817,3.3587,3.3377,3.3187,3.3016,3.2863,3.5297,3.5411,3.5538,3.5678,3.5829,3.5986,3.6133,3.6251,3.6322,3.6353,3.6374,3.6418,3.6508,3.6656,3.6867,3.7141,3.7459,3.7761,3.7949,3.7931,3.7687,3.7279,3.6792,3.6293,3.5817,3.5377,3.4977,3.4613,3.4283,3.3983,3.3712,3.3465,3.3243,3.3044,3.2866,3.2709,3.5309,3.5433,3.5575,3.5737,3.5924,3.6131,3.6339,3.6505,3.6581,3.6569,3.6535,3.6547,3.6637,3.6814,3.7089,3.748,3.7986,3.8528,3.8908,3.8911,3.8509,3.7871,3.7174,3.6515,3.5927,3.5409,3.4953,3.4549,3.4188,3.3865,3.3575,3.3314,3.3081,3.2873,3.269,3.2529,3.5308,3.5439,3.5593,3.5777,3.6003,3.628,3.6595,3.6871,3.6966,3.6853,3.6704,3.6661,3.6747,3.6953,3.7291,3.7814,3.8585,3.9549,4.0315,4.033,3.9581,3.8535,3.7536,3.6685,3.5978,3.5385,3.4879,3.4439,3.4053,3.3709,3.3402,3.3129,3.2886,3.2671,3.2483,3.2321,3.5291,3.5426,3.5585,3.5781,3.6037,3.6387,3.6862,3.7373,3.7542,3.7205,3.6847,3.6739,3.6838,3.7074,3.7452,3.807,3.9121,4.071,4.2193,4.2172,4.0744,3.9103,3.7763,3.6735,3.5933,3.5284,3.4741,3.4276,3.3869,3.3509,3.3189,3.2904,3.2652,3.2432,3.2242,3.2081,3.5259,3.5391,3.5546,3.5737,3.5992,3.6365,3.6952,3.7754,3.8078,3.7408,3.6851,3.6759,3.6924,3.7201,3.7573,3.8166,3.9286,4.1303,4.3526,4.3426,4.13,3.9222,3.7699,3.6596,3.5758,3.5088,3.453,3.4051,3.3632,3.326,3.2929,3.2635,3.2376,3.2152,3.1961,3.1802,3.5212,3.5337,3.548,3.5649,3.5859,3.6153,3.6609,3.7257,3.7514,3.694,3.6597,3.6726,3.7059,3.7407,3.7727,3.8135,3.8921,4.0439,4.2207,4.2171,4.0422,3.8634,3.7269,3.6245,3.5446,3.4793,3.4242,3.3762,3.3338,3.2958,3.2618,3.2315,3.205,3.1823,3.1634,3.1481,3.5153,3.5271,3.5399,3.5539,3.5688,3.5844,3.6003,3.6116,3.6034,3.5886,3.6129,3.6712,3.7352,3.7833,3.8073,3.8186,3.8429,3.8993,3.9639,3.9593,3.8716,3.7599,3.6583,3.573,3.5017,3.4411,3.3882,3.3411,3.2986,3.26,3.2251,3.1939,3.1668,3.1438,3.1252,3.1108,3.5085,3.5196,3.5316,3.5439,3.5553,3.5624,3.5576,3.5256,3.4587,3.4446,3.5508,3.6826,3.7975,3.8715,3.8835,3.8537,3.8254,3.8172,3.8144,3.7899,3.7339,3.6596,3.5834,3.5132,3.451,3.3957,3.3459,3.3001,3.2577,3.2183,3.1822,3.1498,3.1217,3.0986,3.0805,3.0676,3.5007,3.5115,3.5235,3.5365,3.5497,3.5601,3.5582,3.5097,3.33,3.2439,3.5007,3.7228,3.9126,4.0469,4.0306,3.9222,3.8393,3.8062,3.7781,3.7241,3.6536,3.5804,3.5117,3.4502,3.3952,3.3451,3.2984,3.2539,3.2113,3.1705,3.1324,3.098,3.0685,3.045,3.0278,3.017,3.4918,3.5024,3.5149,3.5301,3.549,3.5733,3.6028,3.6116,3.4729,3.3734,3.5628,3.7888,4.0565,4.3771,4.263,3.9878,3.8552,3.8677,3.8476,3.726,3.6044,3.5105,3.4396,3.3835,3.3352,3.2905,3.2469,3.2033,3.1595,3.1162,3.0745,3.0367,3.0048,2.9807,2.9651,2.9575,3.4814,3.4915,3.504,3.5205,3.5439,3.58,3.6369,3.6989,3.6434,3.5496,3.6333,3.8594,4.0364,4.4685,4.3265,3.9345,3.8274,4.0111,4.0019,3.7285,3.538,3.424,3.3559,3.31,3.2713,3.233,3.1926,3.1492,3.1029,3.0547,3.0069,2.9631,2.9272,2.9023,2.8892,2.887,3.4692,3.478,3.4891,3.5041,3.5259,3.5592,3.6082,3.6593,3.6165,3.5159,3.5656,3.9481,4.0524,3.6259,3.776,3.7157,3.6925,3.834,3.8322,3.5921,3.396,3.2916,3.2501,3.2285,3.2053,3.175,3.1376,3.0933,3.0422,2.9857,2.9271,2.8729,2.8302,2.8044,2.7962,2.8027,3.4554,3.4619,3.47,3.4804,3.4942,3.5122,3.5308,3.5294,3.462,3.3348,3.2542,3.3297,3.3255,2.8667,3.4108,3.548,3.5834,3.5722,3.5138,3.3391,3.1482,3.0928,3.1237,3.1457,3.1422,3.1203,3.0853,3.0386,2.9795,2.9086,2.8312,2.7587,2.7049,2.679,2.6805,2.7023,3.4403,3.444,3.448,3.4521,3.4556,3.4558,3.4449,3.4046,3.304,3.1068,2.8137,2.7277,2.9183,3.1,3.2735,3.442,3.5198,3.4328,3.3101,3.1041,2.8195,2.8591,3.0111,3.0785,3.0903,3.0746,3.0415,2.9907,2.9186,2.8241,2.7139,2.6088,2.5372,2.5151,2.5368,2.5846,3.4247,3.4255,3.4253,3.4234,3.4179,3.4051,3.3774,3.3218,3.2188,3.0445,2.8312,2.84,2.8242,2.8242,3.1285,3.2797,3.3202,3.2507,3.1537,3.0302,2.7746,2.8255,2.9784,3.0426,3.056,3.0469,3.0179,2.9597,2.8667,2.7345,2.5686,2.4063,2.3079,2.3019,2.3637,2.4535,3.4092,3.4074,3.4037,3.3972,3.3858,3.3663,3.3336,3.2806,3.2011,3.0981,3.0064,2.9571,2.833,2.8209,3.0714,3.1659,3.1903,3.1007,3.0039,3.0543,2.9933,2.9728,3.0064,3.0279,3.0402,3.0552,3.039,2.9588,2.8297,2.646,2.3959,2.1401,2.0082,2.0453,2.1762,2.3241,3.3945,3.3906,3.3844,3.375,3.3608,3.3395,3.3083,3.2646,3.2085,3.146,3.0904,3.0462,3.0087,3.0324,3.0924,3.0986,3.139,3.0967,3.0534,3.1127,3.083,3.0378,3.0133,3.0059,3.0323,3.1201,3.1343,2.9756,2.7965,2.5709,2.2321,1.8617,1.7026,1.8101,2.0225,2.2262,3.381,3.3756,3.3679,3.3571,3.3421,3.3216,3.2944,3.26,3.22,3.1784,3.1412,3.1126,3.0977,3.103,3.1066,3.1079,3.134,3.1371,3.1754,3.2015,3.1092,3.0247,2.971,2.9518,2.9782,3.105,3.1328,2.8822,2.7262,2.5266,2.1725,1.7597,1.5939,1.732,1.9728,2.1932,3.3688,3.3624,3.354,3.3428,3.3282,3.3096,3.2867,3.2596,3.23,3.2003,3.1738,3.1534,3.1412,3.1364,3.1339,3.1353,3.1401,3.1412,3.1527,3.1444,3.0504,2.9265,2.8587,2.8539,2.8438,2.7648,2.5473,2.5628,2.6149,2.5182,2.2572,1.9372,1.7871,1.8685,2.0512,2.235,3.358,3.3511,3.3424,3.3314,3.3178,3.3013,3.282,3.2603,3.2373,3.2148,3.1944,3.1778,3.1657,3.1575,3.1514,3.1463,3.1391,3.1262,3.1044,3.05,2.9154,2.7195,2.6543,2.732,2.7348,2.5639,2.3225,2.4167,2.5522,2.5357,2.3898,2.198,2.0851,2.1031,2.2039,2.3279,3.3484,3.3413,3.3326,3.3221,3.3097,3.2951,3.2787,3.2608,3.2422,3.2239,3.2071,3.1924,3.18,3.1695,3.1596,3.1483,3.1324,3.1071,3.0636,2.9788,2.8121,2.5797,2.523,2.6602,2.7063,2.6127,2.5001,2.5158,2.5765,2.5746,2.5008,2.3975,2.3248,2.3165,2.3629,2.4367,3.3398,3.3328,3.3244,3.3145,3.3031,3.2901,3.2759,3.2606,3.2449,3.2293,3.2145,3.2007,3.188,3.1756,3.1625,3.1465,3.1247,3.0922,3.0406,2.955,2.8205,2.6706,2.6277,2.694,2.7278,2.692,2.6413,2.6283,2.6373,2.628,2.5877,2.5322,2.4887,2.4763,2.4963,2.5385]},{"header":{"la1":42.85,"la2":41.18,"lo1":11.55,"lo2":14.05,"nx":36,"ny":24,"dx":0.07143,"dy":0.07261,"parameterCategory":2,"parameterNumber":3,"parameterNumberName":"northward_wind","parameterUnit":"m.s-1"},"data":[1.6627,1.6422,1.6193,1.5945,1.5691,1.5448,1.5245,1.5109,1.5054,1.507,1.5122,1.5163,1.5148,1.5052,1.4867,1.4608,1.4311,1.4032,1.3832,1.3758,1.3826,1.4019,1.4296,1.4618,1.495,1.527,1.5567,1.5835,1.6073,1.6283,1.6467,1.6627,1.6767,1.689,1.6997,1.7091,1.6599,1.6359,1.6079,1.5763,1.5421,1.508,1.4786,1.4596,1.455,1.4637,1.4793,1.493,1.4972,1.4877,1.4631,1.4255,1.3801,1.3358,1.3039,1.2931,1.3056,1.3366,1.3784,1.4237,1.468,1.5086,1.5448,1.5762,1.6034,1.6267,1.6467,1.6638,1.6786,1.6913,1.7023,1.7118,1.6593,1.6315,1.5978,1.5573,1.5105,1.4603,1.4139,1.3833,1.3789,1.401,1.4364,1.4677,1.4822,1.4738,1.4411,1.3859,1.3149,1.2426,1.1899,1.1748,1.1999,1.2529,1.3175,1.3822,1.4409,1.4919,1.5352,1.5715,1.6019,1.6273,1.6486,1.6666,1.6818,1.6947,1.7058,1.7154,1.6619,1.6309,1.5912,1.5405,1.4767,1.4008,1.3223,1.2646,1.2571,1.3055,1.3795,1.4421,1.4735,1.4679,1.4246,1.3443,1.2326,1.1102,1.019,0.9996,1.0539,1.1482,1.2494,1.3406,1.417,1.4793,1.5297,1.5705,1.6036,1.6306,1.6528,1.6712,1.6866,1.6995,1.7104,1.7198,1.6689,1.6359,1.5916,1.5312,1.4477,1.3352,1.1982,1.0773,1.0539,1.1583,1.3085,1.4227,1.4774,1.4755,1.4202,1.3083,1.1363,0.9256,0.759,0.7394,0.8601,1.0288,1.183,1.3062,1.4011,1.474,1.5303,1.5744,1.6093,1.6371,1.6595,1.6778,1.6929,1.7055,1.7161,1.725,1.6813,1.6485,1.603,1.5372,1.4383,1.2865,1.0626,0.8081,0.7308,0.9571,1.2447,1.4261,1.503,1.503,1.4366,1.2947,1.0527,0.7081,0.4024,0.3964,0.6474,0.9244,1.1378,1.2901,1.3993,1.4792,1.5389,1.5844,1.6195,1.647,1.6689,1.6865,1.7008,1.7127,1.7226,1.731,1.6992,1.6696,1.6278,1.5655,1.467,1.3011,1.0147,0.5999,0.4261,0.8333,1.2604,1.4789,1.5584,1.5537,1.4807,1.3258,1.0464,0.5979,0.1457,0.1616,0.5431,0.8967,1.14,1.3033,1.4164,1.4973,1.5566,1.6009,1.6345,1.6605,1.6808,1.697,1.7102,1.721,1.7301,1.7377,1.7218,1.6981,1.665,1.6164,1.5402,1.412,1.1881,0.8566,0.7307,1.0906,1.4318,1.5921,1.6417,1.624,1.5491,1.4046,1.1587,0.7804,0.3994,0.3916,0.6924,0.9876,1.2005,1.3488,1.4535,1.5287,1.5834,1.6238,1.654,1.677,1.6949,1.7091,1.7206,1.7301,1.7381,1.7448,1.7473,1.7309,1.7094,1.68,1.6385,1.5783,1.4946,1.4137,1.4379,1.5789,1.6875,1.7335,1.7363,1.7024,1.6271,1.4987,1.3085,1.0727,0.8727,0.8404,0.9703,1.1445,1.2981,1.4178,1.5067,1.5714,1.6181,1.652,1.6769,1.6958,1.7104,1.7221,1.7317,1.7397,1.7465,1.7523,1.7735,1.7643,1.7536,1.7417,1.7299,1.7221,1.7303,1.7842,1.9079,1.9711,1.9072,1.8551,1.8202,1.7748,1.6988,1.57,1.3837,1.1896,1.0705,1.0673,1.155,1.2799,1.4003,1.4982,1.571,1.6227,1.6586,1.6838,1.7019,1.7156,1.7263,1.7352,1.7428,1.7493,1.7549,1.7598,1.7984,1.795,1.7922,1.7914,1.7948,1.8065,1.8359,1.9177,2.151,2.2607,2.0375,1.9321,1.88,1.8285,1.756,1.6095,1.3372,1.0252,0.9046,1.0165,1.2026,1.37,1.4972,1.5857,1.6437,1.68,1.7026,1.717,1.7269,1.7347,1.7414,1.7476,1.7534,1.7586,1.7632,1.7673,1.8208,1.8213,1.8232,1.8269,1.833,1.8399,1.8413,1.8507,2.0167,2.1412,2.0348,1.9774,1.9219,1.8549,1.7753,1.6379,1.1583,0.3832,0.2387,0.7466,1.1889,1.4576,1.6083,1.6874,1.7254,1.7413,1.7466,1.748,1.749,1.7509,1.7541,1.7583,1.7628,1.7672,1.7711,1.7745,1.8403,1.8434,1.8474,1.8522,1.8562,1.854,1.8298,1.737,1.8731,1.9804,2.0203,2.0389,2.0111,1.8085,1.7405,1.7108,1.0353,-0.7593,-0.7915,0.5497,1.2837,1.6256,1.7693,1.8147,1.8164,1.8023,1.7856,1.7723,1.7645,1.7617,1.7629,1.7663,1.7707,1.775,1.7787,1.7817,1.8573,1.8619,1.8671,1.8724,1.8759,1.8739,1.8638,1.8684,1.8993,1.9787,2.0459,2.092,2.1277,2.4182,2.051,1.9463,1.5948,0.3023,0.0701,1.0267,1.6757,1.9575,2.0105,1.9706,1.9097,1.8536,1.8108,1.783,1.7686,1.7643,1.7664,1.7716,1.7774,1.7825,1.7863,1.7889,1.8721,1.8778,1.8842,1.8906,1.8962,1.8999,1.9035,1.9163,1.955,2.0177,2.0763,2.1349,2.2025,2.2713,2.1833,2.3187,2.6378,1.8528,1.5223,1.8923,2.393,2.5048,2.3283,2.1336,1.9842,1.8779,1.8086,1.7707,1.7562,1.7565,1.7645,1.7749,1.7843,1.7909,1.7948,1.7967,1.885,1.8917,1.8992,1.9072,1.9158,1.9255,1.9388,1.9616,1.9997,2.0439,2.0542,2.223,2.2145,2.2042,2.1902,2.3289,2.5133,2.1978,2.1311,2.5562,3.3356,3.1868,2.6202,2.2423,2.0035,1.8487,1.7599,1.7241,1.7224,1.7379,1.7593,1.7795,1.7942,1.8024,1.8054,1.8056,1.8962,1.9037,1.9122,1.9218,1.9329,1.9464,1.9642,1.9892,2.0221,2.0539,2.0624,2.144,2.2152,2.2286,2.1723,2.1905,2.2327,2.2488,2.3364,2.6818,3.4555,3.2667,2.6465,2.222,1.9307,1.7341,1.6394,1.6312,1.6658,1.7118,1.756,1.7912,1.8122,1.8197,1.8191,1.8158,1.9057,1.9139,1.9232,1.9339,1.9463,1.9613,1.9801,2.0036,2.0312,2.0599,2.0893,2.1343,2.2043,2.2131,2.1216,2.1049,2.1841,2.321,2.4046,2.4907,2.7281,2.7092,2.4174,2.0833,1.7626,1.5053,1.4197,1.4897,1.5944,1.6861,1.7618,1.8168,1.8426,1.844,1.8354,1.8263,1.9137,1.9223,1.932,1.9431,1.956,1.9711,1.989,2.0098,2.0332,2.0579,2.0838,2.1116,2.1334,2.1109,2.0037,1.9669,2.1415,2.3259,2.4231,2.4917,2.4721,2.3898,2.2044,1.931,1.575,1.2016,1.1262,1.3481,1.5376,1.67,1.7764,1.8526,1.8792,1.8688,1.8498,1.8347,1.9202,1.929,1.9388,1.9499,1.9625,1.9768,1.9932,2.0114,2.0309,2.0511,2.0706,2.0871,2.0929,2.0715,2.0098,1.9994,2.1388,2.3236,2.5697,2.6627,2.4367,2.2554,2.0781,1.8512,1.532,1.1549,1.0811,1.3622,1.5382,1.6666,1.7815,1.8669,1.8932,1.8773,1.8545,1.8377,1.9254,1.9341,1.9437,1.9545,1.9664,1.9797,1.9943,2.0101,2.0265,2.0428,2.0579,2.0696,2.0747,2.0699,2.0614,2.0816,2.1612,2.2911,2.4514,2.4894,2.3187,2.1324,1.9941,1.8444,1.6358,1.4759,1.5143,1.5381,1.5854,1.6719,1.7659,1.8391,1.8676,1.8618,1.847,1.8347,1.9294,1.9378,1.9471,1.9573,1.9684,1.9805,1.9936,2.0072,2.0211,2.0347,2.0472,2.0576,2.0651,2.0707,2.0801,2.1048,2.1538,2.2215,2.2791,2.2631,2.1392,1.9864,1.923,1.8632,1.7271,1.617,1.6074,1.6036,1.6267,1.6838,1.7493,1.8026,1.8306,1.8369,1.8333,1.8281,1.9323,1.9404,1.9492,1.9587,1.969,1.98,1.9915,2.0034,2.0155,2.0271,2.0381,2.048,2.0569,2.0663,2.0791,2.0992,2.1275,2.1569,2.1677,2.1307,2.0303,1.9148,1.892,1.8771,1.7849,1.686,1.6393,1.6392,1.6643,1.7036,1.7465,1.7828,1.8065,1.8178,1.8214,1.8217,1.9342,1.9419,1.9502,1.959,1.9685,1.9784,1.9886,1.9991,2.0096,2.0199,2.0297,2.0389,2.048,2.0576,2.069,2.0828,2.0976,2.1074,2.1011,2.0661,2.0007,1.9341,1.9069,1.8824,1.8211,1.7512,1.7069,1.6956,1.7068,1.7295,1.7555,1.7793,1.7971,1.8084,1.8146,1.8177]}]