docs/data/wind_grid.json
[{"header":{"la1":42.85,"la2":41.18,"lo1":11.55,"lo2":14.05,"nx":36,"ny":24,"dx":0.07143,"dy":0.07261,"parameterCategory":2,"parameterNumber":2,"parameterNumberName":"eastward_wind","parameterUnit":"m.s-1"},"data":[1.057,1.0643,1.0719,1.0794,1.0858,1.0896,1.0884,1.0799,1.0618,1.033,0.994,0.9459,0.8903,0.8284,0.7617,0.6926,0.6253,0.5662,0.5226,0.5,0.4994,0.5172,0.5473,0.5833,0.6203,0.6555,0.6873,0.7152,0.7393,0.7598,0.7773,0.792,0.8046,0.8153,0.8245,0.8323,1.0663,1.0761,1.0873,1.0996,1.1119,1.1225,1.1279,1.1238,1.1061,1.073,1.0255,0.9665,0.898,0.8212,0.7366,0.6457,0.5537,0.4706,0.4102,0.3834,0.3919,0.4277,0.4783,0.533,0.5852,0.6317,0.6716,0.7051,0.7329,0.756,0.7751,0.7909,0.8041,0.8152,0.8245,0.8324,1.0744,1.0869,1.1022,1.1203,1.1409,1.1621,1.1792,1.1842,1.1686,1.1289,1.0688,0.9946,0.9103,0.8159,0.7092,0.5888,0.4587,0.3347,0.2442,0.2124,0.2416,0.3113,0.3961,0.4784,0.5505,0.6105,0.6591,0.6982,0.7296,0.7548,0.7751,0.7916,0.805,0.8161,0.8253,0.8331,1.0805,1.0955,1.1147,1.1395,1.1709,1.2082,1.2461,1.2701,1.2604,1.2086,1.1265,1.0305,0.9272,0.8138,0.6825,0.524,0.3353,0.137,-0.0126,-0.0497,0.0277,0.1633,0.3039,0.4247,0.5209,0.5952,0.6523,0.6962,0.7302,0.7567,0.7775,0.7941,0.8073,0.8181,0.8269,0.8343,1.0838,1.1004,1.1227,1.1537,1.1971,1.2567,1.3305,1.3957,1.4014,1.3222,1.1985,1.0711,0.9471,0.8167,0.6628,0.4621,0.189,-0.1468,-0.4246,-0.4622,-0.2685,-0.0088,0.2149,0.3824,0.5032,0.5902,0.6536,0.7004,0.7354,0.7621,0.7826,0.7985,0.8111,0.8211,0.8292,0.836,1.0835,1.1002,1.1237,1.1582,1.2113,1.2944,1.42,1.5682,1.6131,1.4681,1.2708,1.1065,0.9659,0.8249,0.6584,0.4273,0.0626,-0.4947,-1.0435,-1.0582,-0.6119,-0.1595,0.159,0.3679,0.5059,0.5996,0.665,0.7117,0.7459,0.7712,0.7903,0.8048,0.816,0.8249,0.832,0.8378,1.0794,1.0942,1.1155,1.1486,1.2032,1.2967,1.4592,1.7016,1.8069,1.5651,1.3031,1.1236,0.9792,0.8356,0.6705,0.446,0.0582,-0.6666,-1.5404,-1.5091,-0.7803,-0.1862,0.1772,0.3968,0.5349,0.6256,0.6872,0.7303,0.7612,0.7837,0.8003,0.8126,0.8219,0.8291,0.8348,0.8396,1.0719,1.0827,1.0982,1.1237,1.169,1.2489,1.3834,1.5728,1.6472,1.4653,1.2702,1.1234,0.9887,0.8404,0.6755,0.4971,0.2241,-0.3193,-1.0114,-1.0348,-0.489,-0.0147,0.286,0.4716,0.5894,0.6667,0.7188,0.755,0.7805,0.7988,0.8119,0.8214,0.8282,0.8333,0.8374,0.8408,1.0622,1.0675,1.0741,1.0869,1.117,1.1735,1.2552,1.3414,1.3741,1.3256,1.2358,1.1317,1.0081,0.8328,0.6061,0.4615,0.3962,0.1991,-0.0804,-0.147,0.0386,0.2692,0.4495,0.575,0.66,0.7173,0.7563,0.7833,0.8021,0.8153,0.8243,0.8303,0.8341,0.8368,0.8389,0.8409,1.0521,1.0519,1.0483,1.0454,1.0605,1.1028,1.1589,1.2315,1.3206,1.345,1.2621,1.1696,1.0661,0.8559,0.3833,0.1452,0.4367,0.5119,0.4526,0.4119,0.4466,0.5267,0.6113,0.6814,0.7334,0.7697,0.7946,0.812,0.824,0.8319,0.8364,0.8383,0.8388,0.8386,0.8385,0.839,1.0435,1.0398,1.03,1.0154,1.0203,1.0504,1.0791,1.158,1.4104,1.5316,1.3147,1.2281,1.1909,1.0718,0.5468,0.1739,0.5738,0.7174,0.7265,0.7009,0.691,0.7083,0.7398,0.7718,0.7971,0.8149,0.8277,0.8374,0.8441,0.8472,0.847,0.8444,0.8408,0.8373,0.8349,0.8341,1.0371,1.0332,1.025,1.0149,1.0157,1.0127,0.9788,0.9639,1.1862,1.3696,1.2839,1.2922,1.3489,1.4486,1.2608,0.9254,0.865,0.8955,0.8956,0.857,0.8316,0.8267,0.8319,0.8379,0.8404,0.8425,0.8485,0.8563,0.8609,0.8603,0.8551,0.8471,0.8385,0.8312,0.8265,0.8247,1.0323,1.0294,1.0245,1.0186,1.0101,0.9807,0.907,0.8072,0.9094,1.122,1.2484,1.4029,1.4586,1.5521,1.4547,1.1472,0.9911,0.9875,0.9838,0.9344,0.9153,0.9088,0.8989,0.8796,0.8525,0.8382,0.8504,0.8678,0.8751,0.8713,0.8596,0.8442,0.829,0.8173,0.8105,0.8088,1.0281,1.0258,1.0218,1.0152,1.002,0.973,0.9204,0.8629,0.9154,1.0688,1.221,1.5458,1.6411,1.3988,1.2873,1.092,0.9575,0.9632,0.9716,0.9678,0.9828,0.9849,0.9595,0.9107,0.8422,0.808,0.8436,0.8802,0.8909,0.8809,0.8586,0.8319,0.8077,0.7909,0.7833,0.7838,1.0242,1.0221,1.0184,1.0121,1.0012,0.9836,0.9617,0.9524,0.9849,1.0394,1.0853,1.1725,1.2421,1.1987,1.1568,0.9272,0.7462,0.8834,0.9488,1.0114,1.0892,1.0941,1.0344,0.962,0.8828,0.8427,0.8771,0.9121,0.9143,0.8893,0.8483,0.8033,0.766,0.7443,0.7392,0.7465,1.0206,1.0187,1.0155,1.0105,1.0035,0.9947,0.9875,0.9877,0.9954,0.986,0.93,0.8529,0.9437,1.0517,1.0218,0.8962,0.7915,0.8618,0.9278,1.0715,1.2954,1.2559,1.1142,1.0318,0.9815,0.9595,0.969,0.9737,0.9487,0.8946,0.8213,0.7455,0.6891,0.6653,0.6712,0.694,1.0173,1.0156,1.0129,1.0093,1.0047,0.9997,0.9957,0.9927,0.9857,0.9617,0.9202,0.8838,0.7475,0.6841,0.8764,0.8891,0.8554,0.8133,0.8111,1.0132,1.3197,1.2758,1.1406,1.0877,1.0818,1.0958,1.0985,1.0643,0.9941,0.8935,0.7665,0.6372,0.5522,0.5372,0.5728,0.6264,1.0143,1.0127,1.0104,1.0075,1.0039,0.9999,0.9954,0.9892,0.978,0.9574,0.9264,0.8674,0.7,0.6578,0.8047,0.8284,0.816,0.6632,0.4735,0.8194,1.07,1.1319,1.1201,1.1298,1.1861,1.2719,1.2859,1.1859,1.0473,0.885,0.6764,0.4521,0.3256,0.3493,0.4489,0.5522,1.0114,1.0099,1.0078,1.0052,1.0019,0.9978,0.9925,0.9848,0.973,0.9546,0.9268,0.8821,0.8222,0.7961,0.7593,0.7346,0.8008,0.7219,0.6466,0.9215,1.0228,1.0812,1.1187,1.1682,1.2856,1.5064,1.5525,1.304,1.0877,0.8785,0.578,0.2116,0.035,0.1436,0.3361,0.4947,1.0088,1.0073,1.0052,1.0026,0.9993,0.9951,0.9894,0.9815,0.9702,0.9543,0.9323,0.9034,0.871,0.8372,0.781,0.7651,0.8361,0.8944,1.0718,1.1637,1.083,1.1105,1.1516,1.1925,1.2897,1.5297,1.5852,1.2493,1.0775,0.9015,0.5741,0.1202,-0.0884,0.0717,0.307,0.4853,1.0064,1.0048,1.0028,1.0002,0.9969,0.9927,0.9871,0.9796,0.9696,0.9565,0.94,0.9203,0.8985,0.875,0.8524,0.8549,0.8954,0.9614,1.0592,1.1102,1.1298,1.1994,1.2398,1.2206,1.1932,1.1304,0.9056,0.9455,1.0493,0.9935,0.7414,0.3677,0.1637,0.2371,0.3989,0.5373,1.0042,1.0027,1.0007,0.9982,0.995,0.9909,0.9857,0.979,0.9707,0.9604,0.9482,0.9348,0.9211,0.9089,0.903,0.9121,0.9413,0.9889,1.0483,1.113,1.2199,1.3889,1.4395,1.3049,1.15,0.9368,0.6453,0.8434,1.1822,1.2058,1.0015,0.7231,0.5352,0.5029,0.5573,0.6293,1.0023,1.0008,0.9989,0.9965,0.9935,0.9898,0.9852,0.9796,0.9728,0.9651,0.9565,0.9478,0.9401,0.9355,0.937,0.9487,0.9737,1.0127,1.0673,1.1499,1.3002,1.5313,1.5934,1.3825,1.1827,1.0293,0.9563,1.2001,1.588,1.5047,1.2319,0.9788,0.8035,0.7223,0.7091,0.728,1.0007,0.9993,0.9975,0.9953,0.9926,0.9893,0.9854,0.9809,0.9757,0.9701,0.9644,0.9593,0.9559,0.9557,0.9608,0.9738,0.9967,1.0316,1.0828,1.1607,1.2818,1.4251,1.4584,1.3377,1.206,1.1325,1.1634,1.3834,1.6447,1.5591,1.3165,1.1046,0.954,0.8645,0.8231,0.812]},{"header":{"la1":42.85,"la2":41.18,"lo1":11.55,"lo2":14.05,"nx":36,"ny":24,"dx":0.07143,"dy":0.07261,"parameterCategory":2,"parameterNumber":3,"parameterNumberName":"northward_wind","parameterUnit":"m.s-1"},"data":[1.4156,1.4305,1.4472,1.4654,1.4842,1.5024,1.5181,1.5296,1.5357,1.5363,1.5324,1.5254,1.5167,1.5071,1.4968,1.4858,1.4737,1.4598,1.4429,1.4221,1.3969,1.3677,1.3358,1.3024,1.269,1.2366,1.2058,1.1772,1.151,1.1272,1.1059,1.0868,1.0698,1.0549,1.0418,1.0303,1.4147,1.4315,1.4515,1.4743,1.499,1.5238,1.5458,1.562,1.5698,1.5693,1.5625,1.5524,1.5413,1.5303,1.5197,1.5092,1.4982,1.4857,1.4695,1.4476,1.419,1.3845,1.3463,1.3068,1.2678,1.2306,1.1961,1.1646,1.1363,1.111,1.0886,1.069,1.0518,1.0369,1.0239,1.0128,1.4098,1.4285,1.452,1.4805,1.5133,1.5482,1.5807,1.6048,1.615,1.6111,1.598,1.5823,1.5676,1.555,1.5443,1.5349,1.5265,1.5175,1.5041,1.4818,1.4482,1.4055,1.3582,1.3101,1.264,1.2213,1.1826,1.1481,1.1177,1.0912,1.0682,1.0483,1.0311,1.0165,1.0039,0.9933,1.3995,1.4193,1.4462,1.4813,1.525,1.5753,1.6261,1.6654,1.6795,1.6667,1.6403,1.6145,1.5949,1.5809,1.5706,1.5632,1.5591,1.5576,1.5519,1.5303,1.4881,1.4315,1.3703,1.3109,1.2561,1.2071,1.164,1.1267,1.0945,1.0671,1.0438,1.0241,1.0075,0.9934,0.9816,0.9718,1.3818,1.4009,1.4299,1.4718,1.529,1.6017,1.6846,1.7564,1.7793,1.7434,1.6885,1.6466,1.6219,1.6081,1.5994,1.594,1.5955,1.6081,1.6209,1.6025,1.5421,1.461,1.3795,1.3057,1.2412,1.1858,1.1386,1.0989,1.0657,1.0381,1.0152,0.9963,0.9806,0.9676,0.9569,0.9482,1.3546,1.3695,1.3973,1.444,1.515,1.6153,1.7475,1.8876,1.9346,1.8415,1.7332,1.6725,1.6472,1.6381,1.633,1.6281,1.6319,1.6641,1.7159,1.7033,1.6041,1.4843,1.3781,1.2895,1.2158,1.1546,1.1042,1.0631,1.0299,1.0032,0.9817,0.9643,0.9503,0.9389,0.9297,0.9225,1.3157,1.3201,1.34,1.3859,1.4673,1.5906,1.7672,1.993,2.0839,1.904,1.7466,1.6841,1.6706,1.6751,1.679,1.6717,1.6632,1.6964,1.7879,1.7785,1.632,1.4785,1.3546,1.2557,1.1755,1.1105,1.0585,1.0178,0.9862,0.9619,0.943,0.9282,0.9165,0.9073,0.9001,0.8946,1.2644,1.2479,1.246,1.28,1.3675,1.5047,1.6777,1.8712,1.9449,1.8088,1.7041,1.6797,1.6955,1.7271,1.7541,1.7462,1.7006,1.6768,1.7165,1.6966,1.5657,1.4222,1.3006,1.2,1.117,1.0503,0.9989,0.9608,0.9334,0.9136,0.899,0.8879,0.8794,0.8729,0.868,0.8647,1.2039,1.1509,1.1003,1.0956,1.1917,1.3661,1.5306,1.6353,1.6574,1.6284,1.6308,1.6695,1.7256,1.8002,1.8906,1.9038,1.7797,1.6505,1.5846,1.5288,1.436,1.3261,1.2192,1.1216,1.0373,0.9702,0.9219,0.8902,0.8705,0.8582,0.8499,0.8439,0.8393,0.8359,0.8338,0.8328,1.1458,1.0424,0.9002,0.7868,0.895,1.2042,1.434,1.5064,1.4593,1.442,1.5513,1.6658,1.7594,1.8727,2.1056,2.2193,1.8876,1.6167,1.4683,1.3818,1.3044,1.217,1.1205,1.022,0.9326,0.8642,0.8226,0.8034,0.7972,0.7963,0.7967,0.7968,0.7967,0.7968,0.7975,0.7991,1.1121,0.9687,0.7265,0.4246,0.5177,1.0918,1.4462,1.513,1.306,1.1877,1.4948,1.6875,1.7996,1.8913,2.0866,2.2262,1.8187,1.4776,1.2995,1.2313,1.1803,1.1082,1.0124,0.9012,0.7946,0.7208,0.6933,0.6984,0.7148,0.7303,0.7412,0.7481,0.7526,0.756,0.7595,0.7636,1.1215,0.9868,0.7616,0.4871,0.6037,1.1996,1.5882,1.7095,1.5218,1.3726,1.5815,1.752,1.8593,1.9354,1.919,1.8318,1.5461,1.1323,0.987,1.0532,1.063,1.0048,0.9004,0.7584,0.6081,0.5191,0.5247,0.5774,0.6288,0.6646,0.6865,0.6994,0.7075,0.7136,0.7197,0.7265,1.1692,1.0854,0.9769,0.9119,1.0657,1.4163,1.7158,1.8873,1.7908,1.6517,1.7084,1.8523,1.9213,1.9669,1.9227,1.7229,1.3551,0.6275,0.5881,0.9115,0.9665,0.9087,0.7932,0.6063,0.3674,0.2436,0.3252,0.458,0.552,0.6063,0.6358,0.6519,0.6618,0.6697,0.678,0.6875,1.2305,1.1969,1.1742,1.2021,1.3247,1.5166,1.6994,1.8168,1.7799,1.6961,1.7409,1.9458,2.025,2.05,1.8572,1.6818,1.4438,0.9465,0.8021,0.9125,0.8817,0.8066,0.7037,0.503,0.1787,0.0118,0.1865,0.3865,0.5026,0.5618,0.591,0.6059,0.615,0.6235,0.6338,0.6464,1.2845,1.2812,1.2941,1.3389,1.4235,1.5319,1.631,1.6866,1.677,1.6474,1.6567,1.7292,1.8373,1.9056,1.7865,1.6916,1.7484,1.3747,1.0804,0.8955,0.7163,0.6513,0.6287,0.504,0.263,0.1269,0.248,0.3987,0.4871,0.5309,0.5507,0.5594,0.5653,0.5736,0.5863,0.603,1.3232,1.3338,1.3568,1.3973,1.4547,1.519,1.5738,1.6035,1.6032,1.5801,1.5311,1.5243,1.609,1.7139,1.6546,1.6179,1.6493,1.3733,1.0835,0.76,0.3689,0.4123,0.5564,0.5406,0.441,0.3741,0.3973,0.4499,0.487,0.505,0.51,0.5089,0.5096,0.5179,0.5346,0.5573,1.3471,1.3623,1.3858,1.4184,1.4581,1.4989,1.5325,1.5523,1.5563,1.5456,1.5228,1.5304,1.5342,1.5252,1.491,1.4218,1.349,1.1969,1.0298,0.7501,0.3189,0.3777,0.5373,0.5546,0.5171,0.4864,0.4781,0.479,0.479,0.4745,0.4641,0.451,0.4452,0.4552,0.4794,0.5108,1.3591,1.3748,1.3954,1.4208,1.449,1.4763,1.4987,1.5132,1.5192,1.5183,1.5135,1.5052,1.4916,1.4604,1.2834,1.161,1.1454,1.0836,1.0741,0.879,0.6428,0.5624,0.5602,0.5423,0.5202,0.5126,0.5045,0.4809,0.4563,0.4356,0.4126,0.3862,0.3731,0.3887,0.4248,0.4673,1.3624,1.3766,1.3938,1.4132,1.4333,1.4521,1.4672,1.4769,1.4807,1.4785,1.469,1.4474,1.4025,1.2747,0.9263,0.7942,0.9937,1.0054,0.9791,0.7985,0.6952,0.5952,0.5238,0.4875,0.4904,0.5355,0.5446,0.4727,0.4181,0.3879,0.3623,0.3288,0.3101,0.3335,0.3815,0.4331,1.3595,1.3716,1.3852,1.3997,1.4139,1.4264,1.4357,1.4406,1.44,1.4324,1.4148,1.3803,1.3125,1.1708,0.9291,0.8456,0.938,0.8894,0.7008,0.621,0.6125,0.4752,0.372,0.3624,0.4193,0.5212,0.5425,0.4137,0.3486,0.3241,0.3183,0.3049,0.2912,0.3136,0.3614,0.4137,1.3524,1.3621,1.3724,1.3827,1.3922,1.3997,1.4041,1.4043,1.3988,1.3859,1.3622,1.3221,1.2564,1.1565,1.0407,0.9711,0.9292,0.8358,0.7023,0.6128,0.4379,0.1399,-0.0002,0.1098,0.2667,0.3322,0.2784,0.2623,0.2334,0.2214,0.2553,0.2907,0.3033,0.3231,0.3616,0.4078,1.3422,1.3496,1.357,1.3638,1.3693,1.3727,1.3729,1.3688,1.3592,1.3422,1.3153,1.275,1.218,1.1449,1.0655,0.9908,0.9096,0.8007,0.6617,0.464,0.0595,-0.5751,-0.7672,-0.3081,0.0796,0.2094,0.1992,0.1723,0.0463,0.0361,0.1384,0.2359,0.2917,0.3281,0.3665,0.4091,1.3302,1.3353,1.34,1.3438,1.346,1.3458,1.3425,1.335,1.3221,1.3024,1.2739,1.235,1.1843,1.1226,1.0525,0.9741,0.88,0.7571,0.584,0.2972,-0.2539,-1.1019,-1.3287,-0.6108,-0.0634,0.1335,0.1435,-0.0107,-0.2932,-0.2157,0.0034,0.1651,0.2615,0.3217,0.3689,0.4125,1.3168,1.3199,1.3223,1.3234,1.3228,1.3198,1.3136,1.3033,1.2879,1.2663,1.2372,1.1995,1.1522,1.0953,1.0283,0.9487,0.8502,0.7208,0.5376,0.254,-0.1923,-0.7208,-0.8509,-0.4559,-0.0773,0.0842,0.0714,-0.1095,-0.3378,-0.2565,-0.0377,0.133,0.244,0.3175,0.3721,0.4181]}]