docs/data/wind_grid.json
[{"header":{"la1":42.85,"la2":41.18,"lo1":11.55,"lo2":14.05,"nx":36,"ny":24,"dx":0.07143,"dy":0.07261,"parameterCategory":2,"parameterNumber":2,"parameterNumberName":"eastward_wind","parameterUnit":"m.s-1"},"data":[2.8094,2.7956,2.7803,2.764,2.7482,2.7352,2.7283,2.7312,2.7465,2.7743,2.8121,2.8558,2.9013,2.9457,2.9874,3.0252,3.0581,3.0849,3.104,3.1144,3.116,3.1099,3.0981,3.0823,3.064,3.0442,3.0237,3.003,2.9823,2.9618,2.9419,2.9225,2.9039,2.8863,2.8696,2.854,2.7996,2.7818,2.7609,2.7372,2.7117,2.6876,2.6703,2.6666,2.6825,2.7187,2.7703,2.8293,2.8889,2.9453,2.9971,3.0442,3.0859,3.1203,3.1446,3.1563,3.1555,3.1446,3.1268,3.1052,3.0817,3.0575,3.0331,3.0091,2.9854,2.9624,2.9402,2.9188,2.8984,2.8791,2.8611,2.8443,2.7911,2.7692,2.742,2.7087,2.6695,2.6274,2.5904,2.5723,2.5868,2.6372,2.7121,2.795,2.874,2.9451,3.0088,3.0671,3.1208,3.167,3.1994,3.2127,3.2067,3.1868,3.1597,3.1299,3.0998,3.0702,3.0416,3.0139,2.9872,2.9614,2.9367,2.9131,2.8908,2.8699,2.8504,2.8325,2.7851,2.7594,2.7259,2.6816,2.6242,2.5538,2.48,2.4291,2.4367,2.5142,2.6324,2.7535,2.8588,2.9463,3.0221,3.0931,3.1634,3.2294,3.2772,3.2918,3.2737,3.2374,3.1957,3.155,3.117,3.0816,3.0484,3.0169,2.987,2.9584,2.9311,2.9052,2.8808,2.8581,2.8372,2.8181,2.7826,2.7545,2.716,2.6617,2.5837,2.4734,2.3332,2.2063,2.1898,2.3271,2.5305,2.7115,2.8482,2.9505,3.035,3.1177,3.2107,3.3123,3.3916,3.4059,3.3599,3.2937,3.2314,3.1778,3.1315,3.0903,3.0526,3.0175,2.9844,2.9528,2.9229,2.8946,2.868,2.8434,2.8209,2.8007,2.7843,2.7558,2.7159,2.6566,2.5629,2.4105,2.1718,1.8836,1.7946,2.072,2.43,2.6871,2.8509,2.959,3.0428,3.1308,3.2486,3.4074,3.5514,3.5585,3.4542,3.3445,3.2597,3.1944,3.1411,3.095,3.0535,3.015,2.9788,2.9444,2.9116,2.8806,2.8517,2.825,2.8009,2.7796,2.7899,2.7635,2.7271,2.6718,2.5792,2.4119,2.1039,1.6261,1.4149,1.902,2.4096,2.7083,2.8757,2.9712,3.0368,3.1149,3.2451,3.454,3.6734,3.6676,3.5046,3.3669,3.2718,3.2014,3.1443,3.0949,3.0505,3.0092,2.97,2.9326,2.8968,2.8629,2.8313,2.8024,2.7766,2.7541,2.7982,2.7753,2.7461,2.7047,2.635,2.5042,2.2615,1.8943,1.7491,2.1347,2.5337,2.7837,2.9239,2.9825,2.9988,3.0441,3.1707,3.3682,3.5569,3.5703,3.4577,3.3498,3.2663,3.1987,3.141,3.09,3.0434,2.9998,2.9579,2.9172,2.8779,2.8406,2.8058,2.7744,2.7467,2.7232,2.8072,2.7867,2.7639,2.7391,2.7043,2.6368,2.5194,2.383,2.3498,2.4833,2.6907,2.8818,2.9939,2.9898,2.8818,2.8539,3.0303,3.241,3.3804,3.4192,3.3833,3.3202,3.2534,3.1902,3.1326,3.0806,3.0328,2.9872,2.9424,2.8981,2.8545,2.8128,2.7742,2.7397,2.7101,2.6857,2.8159,2.7942,2.7691,2.749,2.7458,2.7403,2.7009,2.6186,2.5059,2.5094,2.7381,2.9778,3.1053,3.038,2.6216,2.3949,2.8775,3.2128,3.3587,3.3932,3.3663,3.3106,3.2451,3.18,3.1202,3.0673,3.0192,2.9723,2.9243,2.875,2.8257,2.7782,2.7346,2.6965,2.6648,2.6399,2.8262,2.8012,2.7641,2.7219,2.7333,2.8035,2.8306,2.7407,2.3499,2.1508,2.716,3.0969,3.2958,3.2985,2.7988,2.4184,3.0089,3.3779,3.5109,3.4888,3.4112,3.3258,3.2436,3.1681,3.1033,3.0505,3.0043,2.9567,2.9042,2.8477,2.7901,2.7347,2.6845,2.6419,2.6082,2.5836,2.8413,2.8182,2.7813,2.7365,2.7583,2.8756,2.9768,3.0031,2.7052,2.4863,2.9068,3.2633,3.5247,3.7663,3.5874,3.3025,3.4472,3.7991,3.8799,3.674,3.4855,3.3506,3.2433,3.1517,3.0796,3.0308,2.9913,2.9432,2.883,2.8152,2.7453,2.6785,2.6195,2.5716,2.5364,2.5136,2.8618,2.8482,2.8311,2.8234,2.8629,2.9594,3.0775,3.1866,3.0949,2.9848,3.1556,3.4352,3.6075,3.8968,3.8008,3.5905,3.7435,4.366,4.3695,3.8261,3.5322,3.3672,3.2418,3.131,3.0483,3.0115,2.9853,2.9334,2.8594,2.7742,2.6864,2.6036,2.5329,2.4791,2.444,2.426,2.8839,2.8807,2.8813,2.8947,2.9336,2.999,3.077,3.1413,3.1176,3.0962,3.2271,3.5658,3.6708,3.4995,3.5634,3.6601,3.8517,4.1017,4.0973,3.7371,3.5176,3.3826,3.2508,3.1193,3.0238,3.002,2.9854,2.9214,2.8273,2.7187,2.6059,2.5004,2.4139,2.3544,2.3231,2.3157,2.9033,2.9072,2.9159,2.934,2.9646,3.0055,3.0475,3.0743,3.072,3.0677,3.0983,3.2052,3.2987,3.2107,3.4267,3.8659,4.3436,3.8841,3.6799,3.5629,3.5372,3.462,3.2938,3.1334,3.0323,3.0015,2.9711,2.8935,2.7791,2.641,2.4927,2.3534,2.2452,2.1821,2.1634,2.1773,2.9182,2.9254,2.9366,2.9533,2.9758,3.0014,3.0241,3.0359,3.0285,2.9856,2.8761,2.8611,2.9889,3.1554,3.3034,3.7065,4.0676,3.6441,3.4018,3.4735,3.7949,3.6912,3.3559,3.148,3.0461,2.998,2.9487,2.8586,2.719,2.5379,2.3331,2.1383,1.9984,1.9398,1.9525,2.007,2.9284,2.9366,2.9476,2.9616,2.9781,2.9947,3.0077,3.0119,2.9996,2.9554,2.8775,2.8872,2.815,2.7838,3.0631,3.2483,3.3129,3.1184,2.9749,3.2412,3.8081,3.682,3.3016,3.1104,3.0452,3.0292,2.985,2.8636,2.6685,2.4135,2.1124,1.8184,1.63,1.5993,1.6824,1.8081,2.9344,2.9425,2.9523,2.9637,2.9758,2.987,2.9947,2.9958,2.9862,2.963,2.9336,2.8982,2.7698,2.737,2.8585,2.8858,2.9001,2.648,2.3888,2.7471,3.1173,3.1934,3.0785,3.0138,3.0651,3.1909,3.1895,2.9624,2.6458,2.2784,1.827,1.3568,1.0966,1.1521,1.3708,1.603,2.9371,2.9445,2.9529,2.9619,2.9708,2.9784,2.9832,2.9831,2.9764,2.9624,2.9414,2.9079,2.8551,2.7995,2.63,2.5491,2.6985,2.5496,2.3846,2.4105,2.6328,2.7813,2.8164,2.8803,3.1117,3.5706,3.6635,3.1147,2.6156,2.15,1.5394,0.8222,0.4787,0.7,1.0996,1.4418,2.9373,2.9437,2.9505,2.9575,2.964,2.9691,2.9718,2.9708,2.965,2.9537,2.9356,2.9077,2.8647,2.7879,2.6403,2.5862,2.6411,2.508,2.1682,2.0258,2.3484,2.4764,2.5287,2.6639,2.9807,3.5868,3.7201,2.938,2.4698,2.0513,1.4322,0.6145,0.2341,0.5405,1.0098,1.3856,2.9354,2.9407,2.9462,2.9514,2.9559,2.959,2.96,2.9579,2.9519,2.9411,2.924,2.8984,2.8598,2.8021,2.7309,2.6837,2.6351,2.4997,2.2813,2.19,2.2175,2.114,2.0884,2.2951,2.5673,2.658,2.3045,2.2673,2.2074,1.9775,1.5705,0.995,0.6735,0.8263,1.1539,1.4523,2.932,2.9363,2.9404,2.9441,2.9469,2.9483,2.9477,2.9444,2.9377,2.9265,2.9098,2.8859,2.8526,2.8091,2.7588,2.7051,2.633,2.5208,2.3795,2.231,1.9583,1.4607,1.318,1.7956,2.1869,2.167,1.86,1.967,1.9604,1.8747,1.7277,1.4571,1.2513,1.2604,1.411,1.5943,2.9275,2.9307,2.9336,2.9359,2.9372,2.9372,2.9351,2.9306,2.9229,2.9112,2.8946,2.8718,2.8418,2.804,2.7581,2.7016,2.6263,2.5222,2.3797,2.1565,1.7148,0.9844,0.7819,1.4656,1.9765,2.0859,2.004,1.8945,1.6857,1.7249,1.7793,1.7082,1.6127,1.5904,1.6485,1.7485,2.9221,2.9244,2.9261,2.9272,2.9272,2.9258,2.9225,2.9168,2.9082,2.8959,2.8791,2.8569,2.8284,2.7926,2.7479,2.6912,2.6166,2.5152,2.3708,2.1456,1.7787,1.3264,1.219,1.5908,1.936,2.0544,2.0095,1.8428,1.6521,1.7037,1.808,1.8277,1.8049,1.7967,1.8246,1.8813]},{"header":{"la1":42.85,"la2":41.18,"lo1":11.55,"lo2":14.05,"nx":36,"ny":24,"dx":0.07143,"dy":0.07261,"parameterCategory":2,"parameterNumber":3,"parameterNumberName":"northward_wind","parameterUnit":"m.s-1"},"data":[1.0812,1.0496,1.0143,0.9758,0.9354,0.8961,0.8621,0.8378,0.826,0.8253,0.8304,0.8344,0.8311,0.817,0.7916,0.7573,0.7193,0.6854,0.6641,0.6625,0.6826,0.7216,0.7737,0.8324,0.8928,0.9515,1.0068,1.058,1.1048,1.1475,1.1863,1.2215,1.2534,1.2823,1.3084,1.332,1.0745,1.0381,0.9957,0.947,0.8932,0.8382,0.7891,0.7554,0.7438,0.7533,0.7737,0.7913,0.7955,0.7808,0.7464,0.6953,0.6351,0.5782,0.5403,0.5345,0.5642,0.6221,0.6963,0.7758,0.8534,0.9257,0.9912,1.05,1.1026,1.1496,1.1917,1.2295,1.2633,1.2938,1.321,1.3454,1.0705,1.0293,0.979,0.9177,0.8448,0.7639,0.6865,0.6322,0.6198,0.6497,0.7006,0.7443,0.7625,0.7482,0.7013,0.6253,0.529,0.4315,0.3631,0.3516,0.4018,0.4948,0.605,0.7146,0.8147,0.903,0.9798,1.0464,1.1046,1.1557,1.2009,1.2409,1.2765,1.3083,1.3365,1.3615,1.0704,1.0252,0.9675,0.8921,0.7938,0.6716,0.5394,0.4372,0.4177,0.4913,0.6046,0.6961,0.7372,0.7243,0.6611,0.55,0.3961,0.2244,0.0957,0.077,0.1747,0.3347,0.5032,0.6542,0.7815,0.8871,0.975,1.0489,1.1121,1.1666,1.2143,1.2563,1.2934,1.3262,1.3551,1.3806,1.075,1.028,0.9656,0.8784,0.7519,0.5703,0.3354,0.1163,0.0662,0.2409,0.485,0.6571,0.7285,0.7156,0.6326,0.4787,0.241,-0.0667,-0.3243,-0.347,-0.1353,0.1498,0.4045,0.6058,0.7613,0.8827,0.9797,1.0592,1.1259,1.183,1.2326,1.276,1.3142,1.3478,1.3773,1.403,1.0841,1.0381,0.9767,0.8866,0.742,0.4984,0.1054,-0.3769,-0.5345,-0.1165,0.3763,0.6542,0.7487,0.7265,0.6221,0.4312,0.1028,-0.4189,-0.9433,-0.9497,-0.4911,-0.0129,0.3399,0.5865,0.7629,0.8943,0.9962,1.0784,1.1468,1.2052,1.256,1.3004,1.3394,1.3736,1.4033,1.429,1.0957,1.053,0.9991,0.9218,0.7898,0.5339,0.0293,-0.7856,-1.1494,-0.3459,0.4038,0.7302,0.8068,0.7528,0.6233,0.424,0.0732,-0.6001,-1.4327,-1.3998,-0.6687,-0.0496,0.3514,0.6127,0.7929,0.9243,1.0253,1.1066,1.1746,1.2332,1.2845,1.3296,1.3692,1.4038,1.4336,1.459,1.1061,1.0651,1.0203,0.9694,0.8908,0.7224,0.3528,-0.2729,-0.5319,0.1342,0.7005,0.9038,0.8974,0.7741,0.5954,0.4163,0.1817,-0.2972,-0.9324,-0.943,-0.3909,0.112,0.4551,0.6869,0.8503,0.971,1.065,1.1421,1.2081,1.2662,1.3179,1.3638,1.4041,1.439,1.4687,1.4935,1.112,1.0639,1.0149,0.9829,0.9797,0.967,0.8851,0.7645,0.8064,1.0341,1.1566,1.1315,1.0042,0.7654,0.4373,0.2503,0.249,0.132,-0.0863,-0.1141,0.1051,0.3807,0.6135,0.7915,0.9254,1.028,1.1107,1.1816,1.2452,1.3032,1.3559,1.4031,1.4444,1.4798,1.5093,1.5332,1.1154,1.0466,0.9587,0.8903,0.9472,1.1208,1.2833,1.4618,1.7422,1.8489,1.598,1.3495,1.1316,0.78,0.0439,-0.3231,0.1634,0.3388,0.3317,0.353,0.4604,0.6154,0.7698,0.9005,1.0033,1.0845,1.1542,1.2194,1.2826,1.3427,1.3983,1.4481,1.4912,1.5272,1.5563,1.5789,1.1272,1.0365,0.8867,0.6988,0.7629,1.1763,1.5163,1.7973,2.3447,2.6159,1.9,1.5,1.2979,1.0468,0.2554,-0.3006,0.2694,0.4025,0.4135,0.4997,0.6328,0.7718,0.896,0.9952,1.0681,1.1255,1.1832,1.2481,1.317,1.3843,1.446,1.5002,1.546,1.583,1.6114,1.6319,1.1613,1.0755,0.9306,0.7488,0.8392,1.3127,1.6817,1.8677,2.1091,2.2816,1.8371,1.5563,1.4529,1.4691,1.2287,0.7731,0.5395,0.2018,0.1407,0.4362,0.6995,0.8768,0.9951,1.067,1.1007,1.126,1.1793,1.26,1.3476,1.4294,1.5014,1.5623,1.6117,1.6497,1.6766,1.6937,1.2181,1.1661,1.0992,1.0652,1.199,1.5029,1.7782,1.9145,1.8923,1.8432,1.6941,1.5877,1.528,1.5676,1.4726,1.0961,0.5864,-0.4508,-0.4648,0.3479,0.771,0.9771,1.0822,1.114,1.0763,1.0485,1.1258,1.257,1.381,1.4846,1.5697,1.6388,1.6925,1.7309,1.7549,1.7664,1.283,1.2662,1.2604,1.2961,1.41,1.5861,1.756,1.8601,1.8353,1.7374,1.6553,1.638,1.6095,1.2685,1.3661,1.1124,0.7313,0.1118,0.0398,0.6043,0.9416,1.0986,1.1708,1.1573,1.0231,0.926,1.0697,1.2754,1.4379,1.5608,1.6583,1.7361,1.7945,1.8321,1.8502,1.8524,1.3421,1.3469,1.3667,1.4138,1.4952,1.5979,1.6917,1.744,1.7333,1.6926,1.6718,1.6636,1.5847,1.6085,1.3939,0.9729,0.5777,0.7818,0.8645,1.0348,1.1389,1.2004,1.2603,1.2505,1.1239,1.0334,1.1751,1.3798,1.5421,1.6684,1.7743,1.8624,1.9266,1.9612,1.9678,1.9541,1.3896,1.4043,1.4306,1.4724,1.529,1.5916,1.6453,1.6762,1.6827,1.6841,1.696,1.8307,1.7508,1.6196,1.48,1.1248,0.8215,1.1636,1.3786,1.338,1.1175,1.1699,1.3358,1.3951,1.3723,1.3612,1.4452,1.5726,1.6924,1.8062,1.9212,2.0277,2.1023,2.1292,2.1136,2.0729,1.4259,1.4438,1.4696,1.5039,1.5447,1.5868,1.6231,1.6491,1.6667,1.6845,1.7015,1.7602,1.8515,1.8753,1.6764,1.5459,1.543,1.8421,2.0675,1.7216,1.147,1.222,1.4583,1.5632,1.6177,1.6722,1.7328,1.7894,1.8571,1.9576,2.097,2.246,2.3429,2.3503,2.2907,2.2055,1.4534,1.4716,1.4949,1.5231,1.5544,1.586,1.6148,1.6393,1.6612,1.6841,1.712,1.7628,1.8808,1.9166,1.8778,1.9108,2.0114,2.58,3.1301,2.4165,1.834,1.6568,1.6874,1.7491,1.8382,1.9465,1.9959,1.9822,1.9989,2.0966,2.2906,2.5311,2.6695,2.6274,2.4873,2.338,1.4745,1.4919,1.5127,1.5365,1.5622,1.5881,1.6131,1.6366,1.6598,1.6849,1.716,1.7615,1.8262,1.911,2.1408,2.2441,2.2058,2.6475,3.0126,2.8074,2.3634,2.0329,1.9108,1.9117,2.0092,2.1788,2.2203,2.1157,2.0895,2.1922,2.4601,2.8423,3.0358,2.9006,2.6545,2.4399,1.4912,1.5075,1.5262,1.547,1.5691,1.5918,1.6145,1.6373,1.6609,1.6873,1.7196,1.7631,1.8264,1.9363,2.1288,2.2075,2.2335,2.5448,3.104,3.3216,2.645,2.2222,2.051,2.0136,2.0775,2.2243,2.259,2.1429,2.1184,2.2176,2.5065,2.9589,3.18,2.9956,2.7087,2.4748,1.5047,1.52,1.5371,1.5557,1.5756,1.5962,1.6175,1.6396,1.6634,1.6904,1.7232,1.7659,1.8254,1.9109,2.0146,2.0951,2.201,2.4421,2.8042,2.8945,2.5258,2.2372,2.1151,2.0665,2.076,2.117,2.1141,2.1014,2.1015,2.1742,2.3874,2.7234,2.9145,2.8203,2.6185,2.4326,1.5159,1.5303,1.5462,1.5633,1.5816,1.6008,1.6211,1.6426,1.6663,1.6932,1.7254,1.7656,1.8171,1.8818,1.9552,2.0334,2.1351,2.2805,2.4249,2.4389,2.3015,2.1906,2.156,2.1027,2.0726,2.0813,2.0947,2.0821,2.0611,2.0946,2.2192,2.4131,2.5507,2.5485,2.4564,2.3425,1.5255,1.5391,1.554,1.57,1.5871,1.6054,1.6248,1.6457,1.6688,1.695,1.7257,1.7625,1.8068,1.8591,1.9185,1.9852,2.0631,2.1487,2.2153,2.2253,2.1889,2.1807,2.1874,2.1222,2.07,2.0608,2.0637,2.0398,2.0006,2.0207,2.103,2.2169,2.3078,2.3347,2.3039,2.2436,1.5337,1.5467,1.5608,1.5759,1.5922,1.6095,1.6281,1.6483,1.6706,1.6957,1.7244,1.7577,1.7962,1.8402,1.8894,1.9434,2.0014,2.0578,2.1007,2.121,2.1286,2.1444,2.144,2.0987,2.0561,2.0392,2.0321,2.0142,1.9921,2.0052,2.0545,2.1188,2.1729,2.1974,2.1892,2.1579]}]