docs/data/wind_grid.json
[{"header":{"la1":42.85,"la2":41.18,"lo1":11.55,"lo2":14.05,"nx":36,"ny":24,"dx":0.07143,"dy":0.07261,"parameterCategory":2,"parameterNumber":2,"parameterNumberName":"eastward_wind","parameterUnit":"m.s-1"},"data":[1.7794,1.7636,1.743,1.718,1.6904,1.6633,1.6412,1.6284,1.6282,1.6409,1.6639,1.6926,1.7221,1.7478,1.7648,1.7676,1.7491,1.7013,1.6185,1.5035,1.3744,1.2623,1.1969,1.1882,1.2241,1.2837,1.3494,1.411,1.4646,1.5093,1.546,1.576,1.6007,1.621,1.6379,1.6522,1.7937,1.7761,1.7505,1.7169,1.677,1.6352,1.5988,1.5763,1.5742,1.5937,1.6296,1.6741,1.7196,1.7605,1.7919,1.8073,1.7962,1.7427,1.6291,1.45,1.2326,1.043,0.9492,0.966,1.0545,1.1667,1.273,1.3623,1.4335,1.4892,1.5327,1.5669,1.5942,1.6162,1.6342,1.6492,1.8165,1.7986,1.7684,1.7238,1.6658,1.5999,1.5378,1.4959,1.4891,1.5204,1.5784,1.6471,1.715,1.7765,1.8285,1.8661,1.8762,1.8311,1.6863,1.4033,1.0104,0.6575,0.5245,0.6247,0.8292,1.0326,1.1966,1.3191,1.4088,1.4746,1.5237,1.561,1.5901,1.6131,1.6318,1.6472,1.8513,1.8372,1.8048,1.7478,1.6639,1.5587,1.449,1.3664,1.3483,1.4041,1.5036,1.6107,1.7085,1.7949,1.8732,1.9452,2.0022,2.006,1.8612,1.4287,0.6729,-0.0653,-0.2285,0.1251,0.5661,0.9064,1.1379,1.292,1.3961,1.4684,1.5204,1.559,1.5886,1.6118,1.6306,1.646,1.9019,1.9001,1.8732,1.8056,1.6874,1.5209,1.3235,1.1497,1.1025,1.219,1.4021,1.5685,1.7022,1.8143,1.9202,2.0362,2.1759,2.3185,2.3056,1.7453,0.3064,-1.3516,-1.4156,-0.4345,0.3635,0.8426,1.1226,1.292,1.3999,1.4722,1.5232,1.5608,1.5896,1.6122,1.6304,1.6454,1.9702,1.997,1.9948,1.9273,1.7676,1.5156,1.1768,0.8046,0.6775,0.9535,1.2939,1.5352,1.702,1.8331,1.9589,2.1142,2.3561,2.7633,3.2194,2.7756,0.6135,-2.1603,-2.0408,-0.5318,0.4121,0.904,1.1701,1.3244,1.4207,1.4852,1.5312,1.5656,1.5923,1.6135,1.6309,1.6452,2.0518,2.1333,2.1994,2.1639,1.9516,1.5968,1.121,0.5006,0.2346,0.7625,1.2522,1.5346,1.714,1.8507,1.98,2.1447,2.4345,3.0492,4.1196,3.9349,1.8864,-0.012,-0.4037,0.2435,0.7788,1.092,1.2719,1.3808,1.4523,1.503,1.5413,1.5714,1.5955,1.6151,1.6314,1.6449,2.1258,2.2873,2.5023,2.5838,2.2666,1.7763,1.2921,0.7927,0.5992,0.9673,1.3325,1.5709,1.7376,1.868,1.9856,2.1215,2.3502,2.7989,3.4207,3.282,2.6077,2.0188,1.3794,1.1883,1.2354,1.3183,1.3866,1.4394,1.4822,1.5186,1.5496,1.5759,1.5979,1.6161,1.6312,1.644,2.1528,2.3664,2.754,3.074,2.5351,1.9129,1.5034,1.233,1.1406,1.2391,1.4242,1.611,1.7626,1.8857,1.993,2.0847,2.2186,2.4464,2.6859,2.8156,3.176,2.9746,2.1869,1.7327,1.5464,1.4791,1.4628,1.4724,1.4955,1.5239,1.552,1.5771,1.5981,1.6154,1.6297,1.6418,2.1072,2.2635,2.5119,2.6624,2.2565,1.8631,1.5607,1.3487,1.1958,1.1911,1.4088,1.6308,1.7793,1.8933,2.0228,2.0852,2.1473,2.2916,2.4425,2.6281,2.9383,2.8109,2.288,1.8899,1.6488,1.5153,1.4586,1.4546,1.479,1.5129,1.5459,1.5736,1.5956,1.6126,1.6262,1.6377,2.0185,2.0738,2.0699,1.8992,1.868,1.7432,1.5126,1.3136,0.9784,0.8088,1.3427,1.661,1.7873,1.8497,1.9853,2.0779,2.1473,2.3034,2.4075,2.4519,2.4819,2.3796,2.1142,1.814,1.5563,1.3903,1.3376,1.3662,1.4259,1.4851,1.5323,1.5664,1.5902,1.6071,1.6199,1.6306,1.9349,1.9414,1.907,1.8388,1.8024,1.6421,1.4246,1.2875,1.1566,1.0808,1.4847,1.7599,1.8029,1.7117,1.8089,2.0067,2.2223,2.5475,2.6383,2.4668,2.3213,2.1673,1.9357,1.6131,1.2557,1.0335,1.0526,1.1977,1.3428,1.4486,1.5168,1.5582,1.5827,1.598,1.6092,1.6193,1.873,1.8638,1.8368,1.7932,1.715,1.5589,1.3599,1.2132,1.2813,1.4495,1.7139,1.9832,1.9567,1.6609,1.7493,2.0184,2.3016,3.1254,3.163,2.5594,2.2838,2.0824,1.8079,1.3476,0.6944,0.3222,0.5805,0.9843,1.2635,1.424,1.5095,1.5521,1.5723,1.583,1.5916,1.6013,1.8304,1.8141,1.7849,1.7378,1.6614,1.5471,1.4095,1.2984,1.3648,1.5891,1.8321,2.2469,2.343,1.9066,1.938,2.0891,2.219,2.6755,2.7927,2.4559,2.2464,2.066,1.7726,1.1843,0.1472,-0.4552,0.188,0.8755,1.2545,1.4384,1.5192,1.5482,1.5549,1.5566,1.562,1.5729,1.8032,1.7845,1.756,1.7147,1.6581,1.5884,1.5201,1.4902,1.554,1.6833,1.7947,1.9013,1.9011,1.7167,1.9759,2.1182,2.3714,2.3181,2.3468,2.2961,2.2471,2.1397,1.8729,1.3558,0.5101,0.0086,0.4862,1.0553,1.3705,1.5066,1.5453,1.5377,1.5182,1.5072,1.5117,1.529,1.788,1.7704,1.7464,1.7156,1.6792,1.6424,1.617,1.6214,1.6658,1.7189,1.7147,1.6625,1.7514,1.8451,1.964,2.1374,2.296,2.2109,2.1898,2.2455,2.4038,2.3247,2.0401,1.699,1.3095,1.0952,1.2312,1.46,1.5895,1.6135,1.5692,1.4968,1.4367,1.414,1.4282,1.4638,1.7815,1.7669,1.7487,1.7277,1.7063,1.6889,1.6824,1.6929,1.7181,1.7366,1.7224,1.7313,1.7949,1.8387,1.9261,2.0213,2.0801,2.0634,2.051,2.1736,2.4264,2.3535,2.1255,1.9611,1.8676,1.8679,1.9142,1.9134,1.8457,1.7233,1.5569,1.3818,1.2652,1.2464,1.2986,1.3752,1.7809,1.7696,1.7568,1.7435,1.7318,1.7246,1.7251,1.7348,1.7503,1.7634,1.7718,1.7918,1.8212,1.8393,1.8866,1.9262,1.97,1.9273,1.8323,2.02,2.167,2.1819,2.1292,2.1344,2.2707,2.509,2.5768,2.3686,2.0925,1.8066,1.4768,1.1365,0.9448,0.979,1.1246,1.2732,1.7838,1.7756,1.7671,1.7593,1.7535,1.7515,1.7548,1.7633,1.7754,1.7884,1.8024,1.8203,1.8397,1.8547,1.8348,1.8197,1.9157,1.9284,1.9091,2.0409,2.0787,2.0932,2.1215,2.2462,2.5897,3.1888,3.324,2.7643,2.2803,1.8608,1.3547,0.7781,0.5,0.668,0.9587,1.1906,1.7886,1.7831,1.7778,1.7736,1.7714,1.7723,1.7767,1.7847,1.7954,1.8079,1.822,1.8376,1.8529,1.8607,1.8425,1.8401,1.9143,1.9838,2.1114,2.173,2.0693,2.0358,2.0772,2.2494,2.6437,3.3087,3.4585,2.7997,2.3419,1.9177,1.3467,0.6324,0.3042,0.5546,0.9124,1.1746,1.7943,1.7908,1.7879,1.7862,1.7862,1.7886,1.7937,1.8013,1.8111,1.8227,1.8357,1.8494,1.8626,1.8722,1.8771,1.8923,1.9318,1.9876,2.0619,2.0816,1.9965,1.9122,1.9282,2.1129,2.4262,2.6938,2.6438,2.5389,2.3127,2.0025,1.5556,0.993,0.6889,0.8009,1.0425,1.2448,1.8002,1.7983,1.7971,1.797,1.7985,1.8017,1.8071,1.8144,1.8235,1.834,1.8457,1.8581,1.8703,1.8818,1.8935,1.91,1.9343,1.9627,1.9825,1.9584,1.8435,1.6409,1.5972,1.8745,2.21,2.4356,2.5094,2.4458,2.2648,2.0941,1.8196,1.4617,1.2142,1.1781,1.2625,1.3693,1.806,1.8053,1.8053,1.8063,1.8086,1.8124,1.8178,1.8247,1.8331,1.8427,1.8533,1.8644,1.8758,1.8872,1.8992,1.9126,1.9267,1.9365,1.9292,1.8768,1.7243,1.4349,1.3489,1.7025,2.0574,2.2792,2.3642,2.2989,2.2189,2.1699,1.9932,1.753,1.5605,1.4713,1.4658,1.5003,1.8114,1.8116,1.8124,1.8142,1.817,1.8211,1.8264,1.833,1.8407,1.8494,1.8589,1.8689,1.8791,1.8895,1.8998,1.9096,1.917,1.9174,1.9008,1.8492,1.7363,1.5756,1.5468,1.7495,1.9875,2.1498,2.2193,2.2154,2.2119,2.1788,2.0511,1.8859,1.7432,1.653,1.6141,1.6097]},{"header":{"la1":42.85,"la2":41.18,"lo1":11.55,"lo2":14.05,"nx":36,"ny":24,"dx":0.07143,"dy":0.07261,"parameterCategory":2,"parameterNumber":3,"parameterNumberName":"northward_wind","parameterUnit":"m.s-1"},"data":[1.4355,1.398,1.3499,1.2911,1.2238,1.1521,1.0822,1.0203,0.9703,0.9313,0.8981,0.863,0.8195,0.763,0.691,0.6029,0.4995,0.3826,0.2564,0.1286,0.0141,-0.0659,-0.0929,-0.0629,0.0109,0.1083,0.2122,0.3122,0.4033,0.484,0.5546,0.616,0.6695,0.7162,0.757,0.7931,1.4818,1.4422,1.3874,1.3161,1.2302,1.1355,1.0428,0.9646,0.91,0.8782,0.8584,0.8364,0.8009,0.7453,0.6672,0.5659,0.4419,0.2962,0.1305,-0.0494,-0.2237,-0.3502,-0.3846,-0.3199,-0.19,-0.0371,0.1114,0.2438,0.3573,0.4534,0.5343,0.6029,0.6612,0.7112,0.7543,0.7919,1.5413,1.502,1.441,1.3541,1.2409,1.1087,0.9749,0.8656,0.8037,0.7898,0.7999,0.8044,0.7847,0.7337,0.6502,0.5346,0.3872,0.2084,-0.0051,-0.261,-0.5455,-0.7715,-0.8172,-0.6715,-0.4343,-0.1936,0.0146,0.1847,0.3217,0.4323,0.5224,0.5966,0.6586,0.7109,0.7556,0.7941,1.6179,1.5842,1.5207,1.4166,1.2656,1.0718,0.8601,0.684,0.6069,0.6374,0.7129,0.7677,0.7745,0.7316,0.6434,0.5125,0.3396,0.1267,-0.1319,-0.4796,-0.9688,-1.4343,-1.4875,-1.1378,-0.7016,-0.3366,-0.0603,0.1463,0.3032,0.4247,0.521,0.5988,0.6627,0.716,0.761,0.7996,1.7153,1.6976,1.6417,1.5249,1.3267,1.038,0.6781,0.3437,0.2241,0.3719,0.5924,0.7343,0.7771,0.7431,0.6503,0.5042,0.3032,0.0541,-0.2239,-0.6115,-1.4106,-2.4421,-2.4376,-1.6277,-0.9068,-0.4173,-0.0884,0.1411,0.3081,0.4341,0.5321,0.6102,0.6738,0.7265,0.7708,0.8086,1.8343,1.85,1.8243,1.7124,1.4676,1.0567,0.4528,-0.2502,-0.5057,-0.0394,0.4707,0.7291,0.8029,0.7711,0.6726,0.5156,0.2873,-0.0152,-0.301,-0.5377,-1.4133,-3.025,-2.9158,-1.7368,-0.8952,-0.38,-0.0491,0.177,0.3396,0.4615,0.5559,0.6309,0.6918,0.7422,0.7846,0.8206,1.9679,2.0412,2.0873,2.021,1.7439,1.2256,0.3997,-0.8,-1.329,-0.3285,0.4797,0.7937,0.86,0.8122,0.7053,0.5503,0.3194,-0.032,-0.4062,-0.44,-0.7928,-1.6519,-1.7782,-1.1755,-0.6141,-0.2182,0.0562,0.2515,0.3955,0.5051,0.591,0.6597,0.7159,0.7624,0.8017,0.8353,2.0947,2.2423,2.4174,2.4701,2.1563,1.5776,0.8212,-0.1407,-0.5447,0.1806,0.7522,0.9436,0.9415,0.851,0.7253,0.5887,0.4108,0.1315,-0.1798,-0.2449,-0.2524,-0.4226,-0.5912,-0.4812,-0.2343,0.006,0.2004,0.351,0.4679,0.5602,0.6343,0.6946,0.7444,0.786,0.8212,0.8516,2.1814,2.3759,2.6637,2.8761,2.4929,1.9291,1.4224,1.0143,0.8897,1.0432,1.151,1.1307,1.0242,0.8632,0.6795,0.5602,0.489,0.3443,0.1617,0.0424,-0.0017,-0.0215,-0.0758,-0.0367,0.0831,0.2228,0.3501,0.4574,0.5465,0.6204,0.6817,0.7328,0.7753,0.8112,0.8419,0.8687,2.2108,2.3868,2.5988,2.7118,2.4989,2.1403,1.8332,1.6729,1.668,1.6608,1.4934,1.2951,1.0903,0.8514,0.5086,0.3421,0.4911,0.4603,0.3466,0.2149,0.0864,0.0882,0.1583,0.2317,0.3146,0.3999,0.4804,0.5542,0.6208,0.6793,0.7294,0.7714,0.8066,0.8364,0.8622,0.8851,2.1989,2.3464,2.5175,2.7049,2.6389,2.2827,2.0808,2.0141,2.021,2.0543,1.7177,1.4101,1.1288,0.8624,0.5458,0.3431,0.5196,0.47,0.3928,0.3561,0.3196,0.3232,0.3738,0.43,0.4791,0.5245,0.5735,0.6279,0.6826,0.7321,0.7739,0.8081,0.8359,0.8594,0.88,0.8991,2.1627,2.2896,2.4573,2.6584,2.596,2.3173,2.2682,2.3279,2.1693,2.0257,1.7841,1.5121,1.1394,0.6905,0.6959,0.6821,0.5515,0.2496,0.1686,0.359,0.4753,0.5257,0.5575,0.5729,0.5692,0.5709,0.6075,0.6679,0.7281,0.7772,0.8139,0.8407,0.8608,0.8775,0.8929,0.9086,2.1093,2.2031,2.307,2.3831,2.3474,2.2831,2.3809,2.585,2.4117,2.075,1.8644,1.7515,1.4506,0.6147,0.7034,0.7557,0.507,-0.384,-0.4152,0.3054,0.5818,0.6745,0.6931,0.6524,0.5502,0.4862,0.5603,0.6754,0.7625,0.8176,0.8496,0.8673,0.8779,0.8868,0.8972,0.9105,2.0502,2.1127,2.1697,2.2034,2.2071,2.2287,2.3281,2.4609,2.3652,2.1154,1.9937,2.0382,2.0576,2.04,1.1421,0.5837,0.5195,0.1441,0.0651,0.511,0.7335,0.8068,0.8042,0.7059,0.4661,0.3125,0.491,0.6905,0.8049,0.8602,0.8811,0.884,0.8811,0.8809,0.8874,0.9009,1.996,2.0386,2.0751,2.101,2.1211,2.1533,2.2064,2.2438,2.206,2.1658,2.1942,2.1936,2.1651,2.5344,1.3044,0.4996,0.24,0.5886,0.7277,0.8491,0.8813,0.8972,0.9078,0.8204,0.5979,0.4542,0.6026,0.7799,0.8761,0.9097,0.905,0.882,0.859,0.8488,0.8552,0.8746,1.9505,1.9821,2.0098,2.0332,2.0556,2.082,2.1118,2.1359,2.1665,2.2846,2.5639,2.662,2.4129,2.0834,1.5354,0.9079,0.5456,0.9435,1.1852,1.1062,0.7712,0.8281,0.9934,0.9896,0.8902,0.8221,0.8642,0.937,0.9728,0.9609,0.9102,0.8427,0.7893,0.7716,0.7888,0.8262,1.9131,1.9385,1.9616,1.983,2.0042,2.0272,2.0533,2.0871,2.1503,2.294,2.5206,2.4912,2.4541,2.3967,1.8743,1.5209,1.4173,1.6992,1.9424,1.5299,0.7925,0.8823,1.1282,1.1652,1.1269,1.0947,1.0921,1.0959,1.0739,1.003,0.8785,0.7323,0.6323,0.621,0.6759,0.7535,1.8823,1.9037,1.924,1.9437,1.9637,1.9856,2.0121,2.0487,2.1064,2.1933,2.2775,2.3113,2.4296,2.4401,2.2143,2.1316,2.064,2.5991,3.2814,2.3559,1.6382,1.3998,1.3766,1.3414,1.2877,1.2419,1.2243,1.2182,1.1694,1.0355,0.7958,0.5041,0.3324,0.3716,0.5179,0.6662,1.8563,1.8751,1.8933,1.9115,1.9305,1.9515,1.9768,2.0095,2.0528,2.1047,2.1533,2.1952,2.2509,2.3293,2.7068,2.9021,2.4369,2.7207,3.1141,2.8064,2.2527,1.8321,1.623,1.4971,1.3801,1.2412,1.2095,1.2996,1.2746,1.0855,0.6956,0.1714,-0.0933,0.0746,0.3648,0.5969,1.8339,1.8507,1.8673,1.8842,1.9019,1.9215,1.9443,1.9717,2.0042,2.04,2.0765,2.1161,2.1751,2.3107,2.646,2.7628,2.4852,2.6144,3.1554,3.3958,2.5816,2.0601,1.7994,1.6351,1.4832,1.2726,1.2259,1.4518,1.4334,1.2084,0.7271,0.0411,-0.285,-0.0324,0.3291,0.5935,1.8141,1.8293,1.8445,1.8601,1.8765,1.8943,1.9143,1.9371,1.9627,1.9907,2.0212,2.0582,2.1133,2.2079,2.3362,2.3857,2.3673,2.4959,2.8197,2.8958,2.4573,2.1086,1.9271,1.78,1.668,1.6749,1.8866,1.8356,1.6662,1.4375,1.0091,0.43,0.1136,0.2277,0.4739,0.6784,1.7962,1.8101,1.824,1.8383,1.8533,1.8693,1.8868,1.906,1.9271,1.9502,1.9762,2.0078,2.05,2.1059,2.1647,2.2032,2.2361,2.3118,2.4097,2.3923,2.2274,2.1176,2.0732,1.9254,1.8182,1.909,2.1554,2.033,1.9048,1.7534,1.4053,0.9755,0.6884,0.6379,0.7178,0.8218,1.7799,1.7925,1.8053,1.8183,1.8319,1.8462,1.8614,1.8779,1.8956,1.915,1.9367,1.9621,1.9926,2.0276,2.0623,2.0921,2.1217,2.1577,2.1832,2.1639,2.1194,2.1513,2.1761,2.0087,1.8812,1.9001,1.9851,2.0408,2.2048,2.086,1.7228,1.3565,1.0956,0.9725,0.9499,0.9743,1.7648,1.7763,1.7879,1.7998,1.812,1.8247,1.838,1.8522,1.8672,1.8835,1.9013,1.9211,1.9432,1.9667,1.9898,2.0109,2.0305,2.0477,2.0556,2.05,2.0492,2.0812,2.0794,1.9761,1.8842,1.872,1.9246,2.0571,2.2429,2.1413,1.8368,1.5429,1.3236,1.1895,1.125,1.1046]}]