docs/data/wind_grid.json
[{"header":{"la1":42.85,"la2":41.18,"lo1":11.55,"lo2":14.05,"nx":36,"ny":24,"dx":0.07143,"dy":0.07261,"parameterCategory":2,"parameterNumber":2,"parameterNumberName":"eastward_wind","parameterUnit":"m.s-1"},"data":[-0.693,-0.6952,-0.6946,-0.6912,-0.6851,-0.6769,-0.6665,-0.654,-0.6395,-0.6237,-0.608,-0.5943,-0.5844,-0.5788,-0.5775,-0.579,-0.5809,-0.58,-0.5735,-0.56,-0.5414,-0.522,-0.5067,-0.4971,-0.4921,-0.4893,-0.4868,-0.4838,-0.4801,-0.4758,-0.4713,-0.4667,-0.4623,-0.4582,-0.4543,-0.4508,-0.7198,-0.7238,-0.7241,-0.7206,-0.7139,-0.7048,-0.6937,-0.6797,-0.6621,-0.6413,-0.6199,-0.6013,-0.5885,-0.5828,-0.5841,-0.5903,-0.5978,-0.6011,-0.5941,-0.573,-0.5413,-0.5093,-0.488,-0.4799,-0.48,-0.4821,-0.4829,-0.4815,-0.4785,-0.4743,-0.4696,-0.4648,-0.4602,-0.4559,-0.4519,-0.4484,-0.7521,-0.759,-0.7606,-0.7569,-0.7492,-0.7395,-0.7288,-0.715,-0.6943,-0.666,-0.6347,-0.6078,-0.5904,-0.5844,-0.5897,-0.6038,-0.6219,-0.6347,-0.629,-0.594,-0.5339,-0.4746,-0.4449,-0.4467,-0.4607,-0.4727,-0.4787,-0.4795,-0.4769,-0.4727,-0.4677,-0.4626,-0.4577,-0.4532,-0.4492,-0.4456,-0.7914,-0.803,-0.8071,-0.8027,-0.7925,-0.7818,-0.7747,-0.7667,-0.745,-0.7037,-0.6542,-0.6128,-0.5879,-0.5813,-0.5923,-0.6188,-0.6559,-0.6903,-0.6947,-0.6366,-0.5127,-0.3876,-0.3514,-0.3896,-0.4356,-0.4639,-0.476,-0.4784,-0.4758,-0.4709,-0.4653,-0.4598,-0.4546,-0.45,-0.446,-0.4424,-0.8394,-0.8597,-0.8688,-0.863,-0.8461,-0.8312,-0.8333,-0.8474,-0.8335,-0.7653,-0.6787,-0.6128,-0.5775,-0.5703,-0.5883,-0.6312,-0.6993,-0.7813,-0.8277,-0.7445,-0.4873,-0.2006,-0.1824,-0.3203,-0.4179,-0.4624,-0.4776,-0.4792,-0.475,-0.4688,-0.4623,-0.4563,-0.4509,-0.4462,-0.4422,-0.4388,-0.8971,-0.9335,-0.9548,-0.9484,-0.9152,-0.8835,-0.8969,-0.9709,-0.9941,-0.8591,-0.6993,-0.5998,-0.5543,-0.5474,-0.5723,-0.6321,-0.7392,-0.9077,-1.0825,-1.0095,-0.5779,-0.073,-0.0891,-0.3175,-0.4349,-0.4762,-0.485,-0.4815,-0.4739,-0.4657,-0.4582,-0.4518,-0.4463,-0.4417,-0.4379,-0.4348,-0.9623,-1.027,-1.0786,-1.0804,-1.0138,-0.9329,-0.9299,-1.078,-1.1751,-0.9211,-0.6792,-0.5598,-0.5135,-0.5098,-0.5394,-0.6081,-0.7397,-0.9836,-1.3349,-1.2984,-0.8529,-0.4765,-0.3804,-0.4547,-0.4974,-0.504,-0.4955,-0.4831,-0.4711,-0.4608,-0.4525,-0.446,-0.4407,-0.4365,-0.4331,-0.4303,-1.0248,-1.1293,-1.2428,-1.2855,-1.1603,-0.9823,-0.8929,-0.9506,-0.9891,-0.7685,-0.5734,-0.4846,-0.4545,-0.4582,-0.4893,-0.5542,-0.6762,-0.8839,-1.1296,-1.1487,-1.0828,-0.9585,-0.7448,-0.627,-0.5685,-0.5301,-0.5014,-0.4799,-0.4642,-0.4528,-0.4446,-0.4386,-0.434,-0.4305,-0.4277,-0.4254,-1.0662,-1.1999,-1.3736,-1.4886,-1.2964,-1.024,-0.8253,-0.7027,-0.5895,-0.4637,-0.4018,-0.3854,-0.3836,-0.3979,-0.4303,-0.4823,-0.5858,-0.7414,-0.9062,-1.0831,-1.4133,-1.3197,-0.9422,-0.7197,-0.6026,-0.535,-0.4934,-0.4673,-0.4511,-0.4408,-0.4342,-0.4296,-0.4263,-0.4238,-0.4218,-0.4202,-1.0743,-1.2065,-1.352,-1.4253,-1.3137,-1.0481,-0.7754,-0.5161,-0.2094,-0.0733,-0.2014,-0.2862,-0.3069,-0.3297,-0.3844,-0.4175,-0.5204,-0.6749,-0.8196,-0.996,-1.2492,-1.1921,-0.9075,-0.7033,-0.5806,-0.5074,-0.4651,-0.4423,-0.4306,-0.4247,-0.4215,-0.4195,-0.418,-0.4167,-0.4157,-0.4148,-1.0531,-1.1827,-1.3536,-1.5896,-1.5166,-1.0908,-0.7773,-0.4765,0.1909,0.517,-0.0437,-0.2203,-0.2209,-0.2152,-0.3218,-0.4018,-0.5288,-0.7269,-0.846,-0.8873,-0.9217,-0.8786,-0.7455,-0.61,-0.5083,-0.4446,-0.4139,-0.4041,-0.4035,-0.4055,-0.4075,-0.4089,-0.4095,-0.4097,-0.4096,-0.4094,-1.0056,-1.1251,-1.3031,-1.5393,-1.4537,-1.0477,-0.8539,-0.7898,-0.284,0.1218,-0.1432,-0.2124,-0.1316,0.0229,-0.1033,-0.358,-0.6324,-1.0355,-1.1451,-0.9359,-0.7867,-0.6897,-0.5921,-0.4902,-0.3995,-0.3461,-0.3393,-0.3553,-0.373,-0.386,-0.3943,-0.3991,-0.4017,-0.4029,-0.4036,-0.4041,-0.9339,-1.0185,-1.1187,-1.1886,-1.1062,-0.9371,-0.9263,-1.0957,-0.8709,-0.4373,-0.2959,-0.2461,-0.1509,0.1108,-0.0142,-0.3689,-0.7295,-1.7478,-1.7904,-1.0291,-0.7068,-0.5592,-0.4654,-0.3731,-0.2683,-0.212,-0.2479,-0.3055,-0.3464,-0.3708,-0.3844,-0.3916,-0.395,-0.3967,-0.3978,-0.3987,-0.8517,-0.8988,-0.9378,-0.9432,-0.8946,-0.8399,-0.8667,-0.9655,-0.8363,-0.508,-0.3363,-0.2789,-0.2551,-0.1197,-0.2571,-0.4273,-0.6316,-1.196,-1.3091,-0.8316,-0.5394,-0.4064,-0.3474,-0.285,-0.1709,-0.1,-0.1829,-0.2774,-0.3343,-0.3649,-0.3803,-0.3871,-0.3897,-0.3907,-0.3917,-0.393,-0.773,-0.7946,-0.8049,-0.795,-0.7658,-0.7379,-0.7318,-0.7165,-0.6021,-0.4258,-0.3208,-0.294,-0.2654,-0.2843,-0.3484,-0.4733,-1.0748,-0.7904,-0.6819,-0.4612,-0.2427,-0.1837,-0.2206,-0.2354,-0.1897,-0.1497,-0.2123,-0.2932,-0.3449,-0.3718,-0.383,-0.3854,-0.3843,-0.3835,-0.3842,-0.3863,-0.7043,-0.7111,-0.7086,-0.6942,-0.6696,-0.6408,-0.6083,-0.5546,-0.4594,-0.3405,-0.2413,-0.3504,-0.3144,-0.2789,-0.3471,-0.5865,-0.894,-0.5806,-0.3465,-0.1276,0.1579,0.1001,-0.0934,-0.197,-0.2369,-0.2565,-0.2977,-0.3459,-0.3779,-0.3914,-0.391,-0.3832,-0.3751,-0.3717,-0.3733,-0.3777,-0.6464,-0.6447,-0.6358,-0.6186,-0.5936,-0.5617,-0.5207,-0.4646,-0.391,-0.3097,-0.2448,-0.2781,-0.246,-0.2133,-0.2234,-0.2825,-0.316,-0.1533,0.0298,0.0832,0.236,0.1665,-0.0359,-0.1768,-0.2745,-0.3455,-0.3946,-0.4212,-0.429,-0.4211,-0.3999,-0.3731,-0.3537,-0.3495,-0.3563,-0.3665,-0.598,-0.5913,-0.5788,-0.5598,-0.5342,-0.5017,-0.4614,-0.4124,-0.3569,-0.3035,-0.265,-0.2378,-0.1956,-0.1468,0.0666,0.1716,0.0916,0.2763,0.5309,0.2979,0.1813,0.0957,-0.0354,-0.1844,-0.3354,-0.463,-0.5208,-0.5185,-0.4957,-0.4581,-0.4032,-0.3423,-0.3068,-0.3105,-0.3324,-0.3537,-0.5576,-0.5478,-0.5332,-0.5133,-0.4879,-0.4568,-0.4198,-0.3776,-0.3323,-0.2876,-0.2447,-0.1945,-0.1147,0.0858,0.7086,0.9715,0.4005,0.3865,0.5342,0.5264,0.3295,0.1476,-0.0098,-0.1936,-0.4143,-0.6137,-0.661,-0.6238,-0.5756,-0.5045,-0.4027,-0.2867,-0.2319,-0.2607,-0.3088,-0.3442,-0.5236,-0.512,-0.4964,-0.4763,-0.4517,-0.4224,-0.3887,-0.3511,-0.3105,-0.2673,-0.2184,-0.1531,-0.043,0.1908,0.6543,0.8077,0.4508,0.4255,0.7584,0.923,0.4944,0.2484,0.0725,-0.1559,-0.4439,-0.6677,-0.7095,-0.7372,-0.6768,-0.5717,-0.429,-0.2654,-0.1956,-0.243,-0.3051,-0.3456,-0.4951,-0.4824,-0.4663,-0.4465,-0.4229,-0.3956,-0.3645,-0.3299,-0.2918,-0.2491,-0.1982,-0.1305,-0.0294,0.1263,0.3127,0.3841,0.3381,0.3877,0.5868,0.6578,0.487,0.3991,0.2892,-0.0061,-0.4057,-0.7736,-1.079,-1.0029,-0.808,-0.6676,-0.5167,-0.3578,-0.2788,-0.2949,-0.3336,-0.3619,-0.471,-0.4578,-0.4417,-0.4224,-0.4,-0.3743,-0.3454,-0.3131,-0.2772,-0.2362,-0.1876,-0.1266,-0.0477,0.0489,0.1433,0.2015,0.2334,0.2915,0.3812,0.4436,0.5261,0.771,0.8147,0.3138,-0.2981,-0.8696,-1.3377,-1.1438,-0.8959,-0.7825,-0.639,-0.4944,-0.4051,-0.378,-0.38,-0.3875,-0.4507,-0.4373,-0.4214,-0.4028,-0.3815,-0.3574,-0.3304,-0.3004,-0.2668,-0.2288,-0.1849,-0.1331,-0.0726,-0.0065,0.0565,0.1081,0.1537,0.208,0.2783,0.3798,0.6101,1.0945,1.2463,0.5723,-0.1388,-0.6633,-0.9567,-0.9564,-0.9668,-0.9061,-0.7412,-0.5933,-0.4961,-0.4452,-0.4225,-0.4129,-0.4335,-0.4202,-0.4047,-0.3869,-0.3667,-0.3441,-0.319,-0.2912,-0.2603,-0.2258,-0.1871,-0.1437,-0.0959,-0.046,0.0026,0.0479,0.0926,0.1435,0.2106,0.318,0.5188,0.8091,0.854,0.4373,-0.0743,-0.4694,-0.7152,-0.8601,-0.9729,-0.9187,-0.7649,-0.6316,-0.5401,-0.4835,-0.4507,-0.4317]},{"header":{"la1":42.85,"la2":41.18,"lo1":11.55,"lo2":14.05,"nx":36,"ny":24,"dx":0.07143,"dy":0.07261,"parameterCategory":2,"parameterNumber":3,"parameterNumberName":"northward_wind","parameterUnit":"m.s-1"},"data":[-0.5686,-0.5548,-0.5374,-0.5163,-0.4923,-0.4674,-0.4444,-0.4266,-0.4162,-0.4129,-0.4142,-0.4163,-0.416,-0.4116,-0.4025,-0.3898,-0.3749,-0.36,-0.3472,-0.3379,-0.3327,-0.3312,-0.3328,-0.3369,-0.3429,-0.3504,-0.359,-0.3682,-0.378,-0.388,-0.398,-0.408,-0.4177,-0.4272,-0.4364,-0.4451,-0.5796,-0.5644,-0.5437,-0.517,-0.4847,-0.4493,-0.4157,-0.3905,-0.3789,-0.381,-0.3913,-0.4023,-0.4082,-0.4063,-0.3966,-0.3807,-0.3612,-0.3415,-0.3253,-0.3148,-0.3106,-0.311,-0.3147,-0.3207,-0.3286,-0.338,-0.3484,-0.3595,-0.3709,-0.3824,-0.3939,-0.4051,-0.4161,-0.4267,-0.4368,-0.4463,-0.5943,-0.5782,-0.5544,-0.5207,-0.4764,-0.4236,-0.37,-0.3294,-0.3151,-0.3287,-0.3575,-0.3851,-0.4015,-0.4036,-0.3929,-0.372,-0.345,-0.3176,-0.2963,-0.2858,-0.2855,-0.2906,-0.2972,-0.3049,-0.3144,-0.3256,-0.338,-0.351,-0.3642,-0.3774,-0.3904,-0.403,-0.4153,-0.427,-0.4381,-0.4485,-0.6136,-0.5984,-0.5727,-0.5318,-0.4712,-0.3898,-0.2971,-0.221,-0.1988,-0.2391,-0.3075,-0.3659,-0.3987,-0.4062,-0.3934,-0.3649,-0.3259,-0.2847,-0.2546,-0.2471,-0.2594,-0.2759,-0.2854,-0.292,-0.3014,-0.314,-0.3282,-0.3432,-0.3583,-0.3732,-0.3878,-0.402,-0.4156,-0.4285,-0.4407,-0.452,-0.6382,-0.6269,-0.6029,-0.5574,-0.4786,-0.3546,-0.1862,-0.0217,0.0264,-0.083,-0.239,-0.3504,-0.4052,-0.4178,-0.4012,-0.3623,-0.3046,-0.237,-0.1859,-0.1867,-0.2349,-0.2813,-0.2882,-0.284,-0.29,-0.3032,-0.3194,-0.3364,-0.3534,-0.3701,-0.3864,-0.4022,-0.4173,-0.4315,-0.4448,-0.4571,-0.6677,-0.6649,-0.6497,-0.6076,-0.5161,-0.3438,-0.0522,0.3238,0.459,0.1605,-0.1728,-0.356,-0.4293,-0.4426,-0.4205,-0.37,-0.2884,-0.1739,-0.0638,-0.0737,-0.1934,-0.2939,-0.294,-0.2745,-0.2781,-0.2931,-0.3116,-0.3307,-0.3497,-0.3684,-0.3865,-0.4039,-0.4206,-0.4363,-0.4509,-0.4641,-0.6995,-0.7104,-0.7148,-0.6904,-0.602,-0.4073,-0.0186,0.6432,0.9547,0.3279,-0.1939,-0.4106,-0.4786,-0.4832,-0.455,-0.3971,-0.2984,-0.1394,0.0589,0.0468,-0.1175,-0.215,-0.2443,-0.2486,-0.2629,-0.2833,-0.3051,-0.3266,-0.3476,-0.3682,-0.3882,-0.4076,-0.4261,-0.4435,-0.4593,-0.4735,-0.7276,-0.7545,-0.7903,-0.801,-0.7247,-0.56,-0.2598,0.2382,0.4595,-0.0184,-0.3947,-0.5268,-0.5503,-0.5369,-0.5071,-0.4517,-0.3524,-0.2053,-0.0527,-0.0323,-0.0542,-0.0904,-0.1629,-0.2124,-0.2467,-0.275,-0.3004,-0.3241,-0.3471,-0.3697,-0.392,-0.4137,-0.4343,-0.4535,-0.4708,-0.486,-0.7441,-0.778,-0.8413,-0.8955,-0.8103,-0.7178,-0.623,-0.5135,-0.52,-0.6532,-0.7048,-0.673,-0.627,-0.5947,-0.5801,-0.5435,-0.436,-0.3015,-0.1831,-0.0799,0.0701,0.0353,-0.1062,-0.189,-0.2368,-0.2704,-0.298,-0.3233,-0.3482,-0.3732,-0.3982,-0.4226,-0.4459,-0.4672,-0.4861,-0.5023,-0.7463,-0.7652,-0.7958,-0.8162,-0.7707,-0.8188,-0.9135,-1.0337,-1.2242,-1.2736,-1.0212,-0.8001,-0.6872,-0.6438,-0.676,-0.7029,-0.5139,-0.3544,-0.2424,-0.1298,-0.0012,-0.0167,-0.1199,-0.1917,-0.2373,-0.2701,-0.2976,-0.3237,-0.3506,-0.3785,-0.4071,-0.4353,-0.462,-0.486,-0.5067,-0.5237,-0.743,-0.7383,-0.6951,-0.5657,-0.6086,-0.8866,-1.1522,-1.3725,-1.7478,-1.9527,-1.2501,-0.8584,-0.7227,-0.6884,-0.6854,-0.7062,-0.4868,-0.3411,-0.262,-0.1966,-0.1406,-0.1329,-0.1678,-0.2091,-0.2441,-0.2725,-0.2978,-0.3242,-0.3536,-0.3859,-0.4197,-0.4531,-0.4843,-0.5116,-0.5341,-0.5516,-0.746,-0.7365,-0.6877,-0.5839,-0.6542,-1.024,-1.42,-1.672,-1.6891,-1.667,-1.1525,-0.8213,-0.7423,-0.8366,-0.7095,-0.4895,-0.3405,-0.2756,-0.2511,-0.2155,-0.1851,-0.1763,-0.1914,-0.2203,-0.2509,-0.2752,-0.2966,-0.3231,-0.3568,-0.3958,-0.4373,-0.4783,-0.5156,-0.547,-0.5712,-0.5882,-0.7573,-0.7618,-0.7579,-0.7685,-0.8911,-1.1922,-1.6109,-1.9805,-1.7579,-1.3161,-0.9496,-0.7549,-0.6948,-0.8931,-0.7121,-0.2469,-0.1367,-0.257,-0.2681,-0.1976,-0.1646,-0.1579,-0.1787,-0.2181,-0.2585,-0.28,-0.2932,-0.32,-0.3605,-0.4098,-0.4628,-0.5147,-0.5605,-0.5967,-0.6218,-0.6366,-0.7694,-0.7889,-0.8174,-0.875,-0.9987,-1.2145,-1.5062,-1.7674,-1.604,-1.1227,-0.8067,-0.7511,-0.711,-0.1755,-0.1825,0.2828,0.204,-0.0788,-0.1733,-0.1293,-0.0809,-0.0751,-0.1254,-0.1997,-0.2676,-0.2898,-0.2897,-0.3165,-0.3666,-0.4305,-0.5008,-0.569,-0.6267,-0.6681,-0.6918,-0.7005,-0.7753,-0.8017,-0.8397,-0.8993,-0.9921,-1.1198,-1.2565,-1.3171,-1.1679,-0.8821,-0.6732,-0.5582,-0.3424,0.0602,0.0083,0.4286,0.6594,0.175,-0.0381,-0.0048,0.1403,0.1346,-0.0148,-0.1521,-0.2431,-0.2765,-0.2815,-0.3127,-0.3758,-0.4617,-0.5587,-0.6525,-0.7273,-0.7729,-0.7894,-0.7846,-0.7726,-0.7987,-0.833,-0.8788,-0.9364,-0.9979,-1.0388,-1.0154,-0.8947,-0.7189,-0.6033,-0.4451,-0.417,-0.2845,-0.1353,0.1843,0.443,0.0994,-0.0622,0.1366,0.6831,0.5484,0.1259,-0.0911,-0.1854,-0.2231,-0.2457,-0.2938,-0.3826,-0.5055,-0.6476,-0.7846,-0.8849,-0.9294,-0.9252,-0.8929,-0.7628,-0.7847,-0.8108,-0.8407,-0.8714,-0.8943,-0.8944,-0.8543,-0.7695,-0.6663,-0.6013,-0.5504,-0.6835,-0.7452,-0.4059,-0.2066,-0.1314,-0.249,-0.3195,0.0096,0.7517,0.5851,0.1223,-0.0757,-0.1273,-0.1243,-0.1429,-0.2283,-0.3736,-0.5621,-0.7821,-0.9969,-1.1366,-1.1627,-1.1078,-1.0245,-0.7485,-0.7651,-0.7828,-0.8001,-0.8137,-0.8177,-0.8046,-0.7688,-0.7136,-0.6549,-0.6152,-0.6214,-0.7683,-0.8032,-0.6311,-0.5653,-0.4756,-0.6066,-0.8175,-0.4342,-0.0328,0.0525,-0.0627,-0.115,-0.0477,0.0927,0.1102,-0.0808,-0.3414,-0.6293,-0.9715,-1.3267,-1.5264,-1.4872,-1.3285,-1.1653,-0.7322,-0.7437,-0.7547,-0.7634,-0.7674,-0.7633,-0.7477,-0.7198,-0.6836,-0.648,-0.6255,-0.6304,-0.6689,-0.7134,-0.9041,-1.0036,-0.6851,-0.6798,-0.7746,-0.6595,-0.4496,-0.3064,-0.2574,-0.1795,0.053,0.4954,0.5907,0.1054,-0.3204,-0.699,-1.1743,-1.7331,-2.0068,-1.8326,-1.5279,-1.2788,-0.7155,-0.723,-0.7291,-0.7325,-0.7315,-0.7244,-0.7099,-0.6888,-0.6639,-0.6408,-0.6261,-0.6267,-0.6479,-0.7103,-0.8757,-0.9271,-0.7253,-0.6807,-0.7992,-0.8611,-0.6412,-0.513,-0.4352,-0.2999,-0.0074,0.5406,0.6647,0.0093,-0.398,-0.754,-1.2484,-1.8964,-2.2045,-1.9581,-1.5949,-1.3183,-0.6996,-0.7041,-0.7069,-0.7071,-0.7038,-0.696,-0.6836,-0.6673,-0.6495,-0.6333,-0.6228,-0.6221,-0.6357,-0.6712,-0.7231,-0.7295,-0.6802,-0.6732,-0.7371,-0.7614,-0.7046,-0.7045,-0.6752,-0.5181,-0.2967,-0.1761,-0.394,-0.4553,-0.5743,-0.798,-1.136,-1.5939,-1.8509,-1.733,-1.4852,-1.2687,-0.6851,-0.6874,-0.6881,-0.6865,-0.6822,-0.6747,-0.6642,-0.6515,-0.6381,-0.6262,-0.618,-0.616,-0.6222,-0.6366,-0.6521,-0.6543,-0.6464,-0.6533,-0.6831,-0.7222,-0.8144,-1.0243,-1.0795,-0.806,-0.558,-0.5323,-0.6878,-0.6647,-0.7738,-0.8799,-1.0131,-1.2344,-1.4005,-1.3997,-1.2929,-1.1653,-0.6721,-0.6729,-0.6723,-0.6698,-0.6652,-0.6584,-0.6495,-0.6394,-0.629,-0.6196,-0.6128,-0.6098,-0.6112,-0.6162,-0.6217,-0.6249,-0.629,-0.643,-0.6761,-0.7475,-0.9234,-1.263,-1.3647,-0.9957,-0.7075,-0.6285,-0.673,-0.8105,-1.0409,-1.0127,-0.9762,-1.0433,-1.127,-1.1533,-1.119,-1.0549,-0.6606,-0.6604,-0.659,-0.6561,-0.6516,-0.6455,-0.6381,-0.6298,-0.6214,-0.6139,-0.608,-0.6045,-0.6037,-0.6051,-0.6081,-0.6125,-0.621,-0.6393,-0.6764,-0.7511,-0.8956,-1.0957,-1.1407,-0.9438,-0.7578,-0.6929,-0.7377,-0.8976,-1.0757,-1.0348,-0.9587,-0.9562,-0.9861,-1.0035,-0.9934,-0.9619]}]