docs/data/wind_grid.json
[{"header":{"la1":42.85,"la2":41.18,"lo1":11.55,"lo2":14.05,"nx":36,"ny":24,"dx":0.07143,"dy":0.07261,"parameterCategory":2,"parameterNumber":2,"parameterNumberName":"eastward_wind","parameterUnit":"m.s-1"},"data":[-0.5491,-0.5541,-0.5584,-0.5618,-0.564,-0.5644,-0.5619,-0.5553,-0.5437,-0.5272,-0.507,-0.4852,-0.4639,-0.4447,-0.4287,-0.4167,-0.4091,-0.4063,-0.4084,-0.4148,-0.4236,-0.4323,-0.4385,-0.4411,-0.4404,-0.4372,-0.4324,-0.4267,-0.4206,-0.4144,-0.4083,-0.4024,-0.3968,-0.3916,-0.3867,-0.3823,-0.5619,-0.5687,-0.5749,-0.5806,-0.5855,-0.589,-0.5895,-0.5845,-0.5717,-0.5506,-0.5235,-0.4941,-0.4659,-0.441,-0.4208,-0.4057,-0.3963,-0.3934,-0.398,-0.4097,-0.4257,-0.4408,-0.4504,-0.4533,-0.451,-0.4456,-0.4386,-0.431,-0.4232,-0.4156,-0.4083,-0.4015,-0.3952,-0.3894,-0.3841,-0.3793,-0.576,-0.585,-0.5935,-0.6019,-0.6106,-0.6194,-0.6264,-0.6263,-0.6131,-0.5849,-0.5465,-0.5054,-0.4672,-0.4349,-0.4092,-0.3901,-0.3777,-0.3733,-0.3803,-0.4008,-0.4303,-0.4571,-0.4711,-0.472,-0.4655,-0.4561,-0.4458,-0.4355,-0.4257,-0.4164,-0.4079,-0.4001,-0.3929,-0.3865,-0.3807,-0.3755,-0.5915,-0.6033,-0.6145,-0.6256,-0.6387,-0.656,-0.6762,-0.6892,-0.6786,-0.6377,-0.5788,-0.5188,-0.4668,-0.425,-0.3929,-0.3688,-0.3509,-0.3405,-0.3467,-0.3813,-0.4389,-0.4892,-0.5063,-0.4985,-0.4834,-0.4678,-0.4531,-0.4397,-0.4275,-0.4165,-0.4066,-0.3978,-0.3898,-0.3828,-0.3765,-0.371,-0.6089,-0.6245,-0.6386,-0.6517,-0.668,-0.6962,-0.7414,-0.7883,-0.7899,-0.7211,-0.6218,-0.5319,-0.4617,-0.4091,-0.3703,-0.3411,-0.3148,-0.2871,-0.2759,-0.3288,-0.4478,-0.5462,-0.5566,-0.5284,-0.5015,-0.479,-0.4596,-0.4428,-0.4281,-0.4154,-0.4041,-0.3943,-0.3856,-0.378,-0.3713,-0.3655,-0.6283,-0.65,-0.6687,-0.6819,-0.6958,-0.731,-0.8138,-0.9392,-0.9806,-0.8413,-0.6661,-0.5371,-0.4474,-0.3833,-0.3383,-0.3069,-0.2742,-0.2117,-0.1263,-0.1862,-0.424,-0.5818,-0.5825,-0.5468,-0.5151,-0.4875,-0.4638,-0.4438,-0.4269,-0.4125,-0.4001,-0.3893,-0.38,-0.3719,-0.3649,-0.3589,-0.6488,-0.6814,-0.7111,-0.7246,-0.7229,-0.7448,-0.8475,-1.0689,-1.1808,-0.9266,-0.6762,-0.5223,-0.419,-0.3423,-0.2888,-0.2609,-0.2409,-0.1644,0.0406,-0.0042,-0.4018,-0.5659,-0.5808,-0.5592,-0.5256,-0.4926,-0.4646,-0.4417,-0.4229,-0.4073,-0.394,-0.3826,-0.3728,-0.3643,-0.357,-0.3509,-0.6664,-0.7152,-0.7719,-0.7983,-0.7597,-0.7337,-0.7898,-0.9407,-1.0086,-0.8179,-0.6226,-0.4859,-0.3771,-0.2793,-0.2009,-0.1764,-0.2055,-0.2142,-0.1513,-0.2855,-0.6899,-0.7768,-0.6751,-0.5937,-0.5362,-0.4932,-0.4606,-0.4355,-0.4157,-0.3994,-0.3857,-0.3738,-0.3636,-0.3548,-0.3474,-0.3413,-0.6723,-0.7326,-0.8237,-0.8908,-0.7938,-0.7081,-0.6977,-0.7284,-0.7292,-0.66,-0.5579,-0.4487,-0.3339,-0.1933,-0.026,0.0256,-0.1131,-0.2624,-0.3912,-0.6782,-1.204,-1.124,-0.7922,-0.6235,-0.5372,-0.4849,-0.4497,-0.4242,-0.4046,-0.3885,-0.3748,-0.3628,-0.3523,-0.3433,-0.3358,-0.3298,-0.6606,-0.7105,-0.7756,-0.8125,-0.7371,-0.665,-0.628,-0.6277,-0.6484,-0.636,-0.5441,-0.4322,-0.314,-0.1276,0.2881,0.5057,0.0339,-0.2748,-0.4651,-0.7045,-1.0336,-1.0005,-0.7558,-0.6006,-0.5145,-0.4631,-0.4302,-0.4073,-0.3897,-0.3747,-0.3613,-0.3492,-0.3384,-0.3292,-0.3217,-0.316,-0.6367,-0.6683,-0.6926,-0.6918,-0.6798,-0.6209,-0.5696,-0.5745,-0.6926,-0.759,-0.5643,-0.4318,-0.3351,-0.2034,0.2045,0.508,-0.038,-0.3674,-0.5284,-0.6217,-0.7099,-0.7101,-0.6225,-0.5332,-0.4689,-0.4274,-0.4023,-0.3855,-0.3717,-0.3584,-0.3453,-0.3328,-0.3215,-0.312,-0.3046,-0.2994,-0.6093,-0.6309,-0.6518,-0.6723,-0.6552,-0.5735,-0.5026,-0.4772,-0.5737,-0.6475,-0.5233,-0.4345,-0.3753,-0.3539,-0.2575,-0.1484,-0.316,-0.6484,-0.7614,-0.6558,-0.5956,-0.5608,-0.5139,-0.4596,-0.4114,-0.3809,-0.368,-0.361,-0.3522,-0.3404,-0.3269,-0.3132,-0.3008,-0.2907,-0.2835,-0.2791,-0.5816,-0.5952,-0.6069,-0.61,-0.5825,-0.5212,-0.4556,-0.4055,-0.4409,-0.4907,-0.4765,-0.4745,-0.427,-0.3862,-0.3359,-0.2358,-0.4104,-1.1701,-1.2146,-0.7284,-0.5516,-0.4827,-0.4407,-0.3986,-0.3531,-0.3284,-0.333,-0.3381,-0.3333,-0.3212,-0.3055,-0.2892,-0.2747,-0.2637,-0.257,-0.2543,-0.5551,-0.5613,-0.563,-0.555,-0.5306,-0.4923,-0.4522,-0.4236,-0.4329,-0.4533,-0.462,-0.5546,-0.5611,-0.2348,-0.2107,0.0179,-0.1993,-0.7493,-0.8898,-0.6199,-0.4697,-0.4071,-0.382,-0.3568,-0.3151,-0.2922,-0.3111,-0.3224,-0.3167,-0.3007,-0.2799,-0.2585,-0.2405,-0.2284,-0.223,-0.2234,-0.5317,-0.5328,-0.5296,-0.5195,-0.5016,-0.4787,-0.4571,-0.4437,-0.4419,-0.4437,-0.4433,-0.4386,-0.3753,-0.3013,-0.1818,0.0645,-0.4191,-0.4281,-0.4961,-0.4272,-0.3239,-0.2974,-0.3217,-0.3322,-0.3172,-0.3038,-0.3126,-0.3148,-0.3017,-0.2774,-0.2471,-0.217,-0.1932,-0.1803,-0.1784,-0.1848,-0.5121,-0.5105,-0.5055,-0.4965,-0.4836,-0.4688,-0.4553,-0.4459,-0.4416,-0.4457,-0.4705,-0.4067,-0.381,-0.3307,-0.2783,-0.2819,-0.419,-0.3871,-0.3755,-0.2882,-0.1039,-0.1419,-0.2626,-0.3142,-0.326,-0.3249,-0.3226,-0.3117,-0.2867,-0.2489,-0.2029,-0.1574,-0.1247,-0.1127,-0.1195,-0.1371,-0.496,-0.4932,-0.488,-0.4802,-0.4704,-0.4598,-0.4498,-0.442,-0.4378,-0.4422,-0.4613,-0.4238,-0.3912,-0.3798,-0.3518,-0.3473,-0.362,-0.3593,-0.3379,-0.263,-0.0712,-0.1196,-0.2516,-0.3115,-0.3361,-0.346,-0.3412,-0.3163,-0.2732,-0.2145,-0.1421,-0.0686,-0.0212,-0.0165,-0.043,-0.081,-0.483,-0.4797,-0.4747,-0.4681,-0.4602,-0.4518,-0.4437,-0.4368,-0.4319,-0.4298,-0.4264,-0.4115,-0.3963,-0.3952,-0.415,-0.4238,-0.3904,-0.3474,-0.3142,-0.3184,-0.2619,-0.2523,-0.2925,-0.3281,-0.3606,-0.3948,-0.3943,-0.339,-0.2638,-0.1757,-0.0624,0.062,0.1326,0.1133,0.0469,-0.0222,-0.4723,-0.4689,-0.4643,-0.4585,-0.4519,-0.445,-0.4381,-0.4319,-0.4265,-0.4219,-0.4165,-0.4101,-0.4087,-0.4298,-0.5245,-0.5661,-0.4391,-0.3707,-0.3506,-0.3895,-0.3592,-0.3326,-0.332,-0.3468,-0.3909,-0.492,-0.5123,-0.3709,-0.2492,-0.1371,0.0192,0.2174,0.3175,0.2488,0.1271,0.0247,-0.4635,-0.4601,-0.4559,-0.4508,-0.4452,-0.4392,-0.4333,-0.4278,-0.4227,-0.4182,-0.4143,-0.4126,-0.4185,-0.4457,-0.5148,-0.5355,-0.4515,-0.4124,-0.4562,-0.4873,-0.4101,-0.3713,-0.3558,-0.3508,-0.3768,-0.4945,-0.523,-0.311,-0.201,-0.1061,0.0512,0.2792,0.3925,0.2978,0.1543,0.0414,-0.4561,-0.4529,-0.449,-0.4445,-0.4396,-0.4344,-0.4293,-0.4244,-0.4199,-0.4162,-0.4136,-0.4137,-0.4194,-0.4346,-0.4562,-0.458,-0.4334,-0.4204,-0.4385,-0.4457,-0.4138,-0.3945,-0.3792,-0.3477,-0.3064,-0.2401,-0.0817,-0.0902,-0.1194,-0.0836,0.0141,0.1692,0.2598,0.2118,0.112,0.0223,-0.4498,-0.4467,-0.4432,-0.4392,-0.4348,-0.4303,-0.4258,-0.4216,-0.4177,-0.4145,-0.4125,-0.4125,-0.4155,-0.4216,-0.4275,-0.4263,-0.4181,-0.4127,-0.4145,-0.4147,-0.4146,-0.4331,-0.4337,-0.3677,-0.2648,-0.1041,0.0895,0.0111,-0.0605,-0.061,-0.0308,0.0374,0.0907,0.084,0.0369,-0.0188,-0.4444,-0.4415,-0.4382,-0.4346,-0.4307,-0.4268,-0.4228,-0.419,-0.4156,-0.4128,-0.4108,-0.4101,-0.4108,-0.4124,-0.4133,-0.4114,-0.4074,-0.404,-0.403,-0.4054,-0.4208,-0.4666,-0.4822,-0.3933,-0.2728,-0.1445,-0.049,-0.0388,-0.0164,-0.0299,-0.0491,-0.0353,-0.0139,-0.012,-0.0322,-0.0636,-0.4397,-0.4369,-0.4339,-0.4306,-0.4272,-0.4236,-0.42,-0.4166,-0.4135,-0.4108,-0.4087,-0.4073,-0.4065,-0.406,-0.4049,-0.4027,-0.3996,-0.3967,-0.3954,-0.3979,-0.4105,-0.4351,-0.4351,-0.3736,-0.283,-0.1925,-0.12,-0.0621,-0.0121,-0.028,-0.0618,-0.0727,-0.0711,-0.0728,-0.0839,-0.1026]},{"header":{"la1":42.85,"la2":41.18,"lo1":11.55,"lo2":14.05,"nx":36,"ny":24,"dx":0.07143,"dy":0.07261,"parameterCategory":2,"parameterNumber":3,"parameterNumberName":"northward_wind","parameterUnit":"m.s-1"},"data":[-0.4327,-0.4393,-0.4461,-0.4527,-0.4586,-0.4633,-0.4657,-0.4645,-0.4589,-0.4483,-0.4333,-0.4148,-0.3937,-0.3709,-0.3472,-0.3236,-0.3015,-0.2827,-0.2687,-0.2603,-0.2567,-0.2555,-0.2539,-0.2505,-0.2454,-0.2397,-0.2342,-0.2295,-0.2255,-0.2224,-0.2199,-0.218,-0.2165,-0.2153,-0.2145,-0.2139,-0.4392,-0.4475,-0.4563,-0.4653,-0.4744,-0.4826,-0.4885,-0.4899,-0.4848,-0.4725,-0.454,-0.4311,-0.4053,-0.3777,-0.3488,-0.3196,-0.2919,-0.2687,-0.2532,-0.2474,-0.2498,-0.2549,-0.2567,-0.2528,-0.2453,-0.237,-0.2296,-0.2238,-0.2194,-0.2161,-0.2137,-0.212,-0.2108,-0.2099,-0.2093,-0.209,-0.4453,-0.4554,-0.4663,-0.4783,-0.4914,-0.505,-0.5171,-0.5235,-0.5199,-0.5047,-0.4805,-0.4512,-0.4194,-0.386,-0.3507,-0.314,-0.278,-0.2473,-0.2292,-0.2292,-0.2454,-0.2648,-0.2717,-0.2634,-0.2487,-0.2349,-0.2245,-0.2172,-0.2123,-0.2091,-0.2069,-0.2055,-0.2046,-0.2041,-0.2039,-0.2038,-0.4506,-0.4626,-0.4759,-0.4909,-0.5088,-0.5303,-0.5534,-0.5704,-0.5703,-0.5491,-0.5142,-0.4751,-0.436,-0.3964,-0.3542,-0.3078,-0.2586,-0.2138,-0.1885,-0.1993,-0.2476,-0.3019,-0.314,-0.2872,-0.2551,-0.2319,-0.2175,-0.209,-0.204,-0.201,-0.1993,-0.1984,-0.198,-0.198,-0.1981,-0.1984,-0.4549,-0.4694,-0.485,-0.5024,-0.5245,-0.5563,-0.5989,-0.6396,-0.6483,-0.6118,-0.5553,-0.5016,-0.4546,-0.4098,-0.3614,-0.304,-0.2349,-0.1614,-0.1128,-0.1365,-0.2528,-0.394,-0.4,-0.3189,-0.2569,-0.2236,-0.2067,-0.1982,-0.1939,-0.1918,-0.191,-0.1908,-0.191,-0.1915,-0.1921,-0.1928,-0.4582,-0.4764,-0.4954,-0.5135,-0.5358,-0.5762,-0.6477,-0.7396,-0.7715,-0.694,-0.5974,-0.5265,-0.474,-0.4277,-0.3767,-0.3098,-0.2157,-0.0906,0.025,0.0028,-0.1987,-0.4597,-0.4489,-0.313,-0.2372,-0.2043,-0.1903,-0.1844,-0.1821,-0.1816,-0.1819,-0.1826,-0.1836,-0.1847,-0.1859,-0.187,-0.4594,-0.4853,-0.5136,-0.5319,-0.5422,-0.5777,-0.6696,-0.8232,-0.8928,-0.7523,-0.6208,-0.5436,-0.493,-0.4517,-0.4056,-0.3372,-0.2259,-0.0507,0.1579,0.1473,-0.0347,-0.2186,-0.2688,-0.2192,-0.1863,-0.1731,-0.1688,-0.1681,-0.1688,-0.1703,-0.1721,-0.174,-0.1759,-0.1778,-0.1795,-0.1811,-0.4549,-0.4941,-0.5521,-0.5844,-0.5533,-0.5543,-0.6292,-0.7494,-0.8,-0.7076,-0.6145,-0.5529,-0.5123,-0.484,-0.4548,-0.3985,-0.2881,-0.1188,0.0561,0.1126,0.1811,0.1338,-0.0152,-0.0935,-0.1243,-0.138,-0.1455,-0.1505,-0.1547,-0.1585,-0.162,-0.1652,-0.1681,-0.1707,-0.173,-0.1752,-0.4353,-0.4811,-0.5902,-0.6906,-0.5561,-0.5038,-0.5638,-0.6393,-0.6772,-0.6613,-0.6127,-0.5632,-0.5321,-0.5242,-0.5346,-0.5091,-0.3915,-0.2292,-0.0607,0.1564,0.5278,0.4509,0.1429,-0.0132,-0.0797,-0.1091,-0.1239,-0.1332,-0.1404,-0.1465,-0.1518,-0.1564,-0.1603,-0.1637,-0.1666,-0.1693,-0.3946,-0.4058,-0.4539,-0.4922,-0.3579,-0.4025,-0.5157,-0.6162,-0.7077,-0.7297,-0.6483,-0.5774,-0.5481,-0.56,-0.6507,-0.7018,-0.4969,-0.3102,-0.1436,0.0795,0.3694,0.339,0.1245,-0.0031,-0.0622,-0.0894,-0.1046,-0.1159,-0.1257,-0.1344,-0.1417,-0.1477,-0.1527,-0.1569,-0.1604,-0.1635,-0.3476,-0.299,-0.1704,0.1334,0.0772,-0.2873,-0.4965,-0.6262,-0.8315,-0.9315,-0.6938,-0.5828,-0.5557,-0.5664,-0.6453,-0.7115,-0.4977,-0.3313,-0.208,-0.0804,0.0449,0.0728,0.019,-0.0317,-0.0584,-0.0716,-0.0832,-0.0968,-0.1105,-0.1224,-0.1321,-0.1397,-0.1456,-0.1504,-0.1544,-0.1579,-0.3218,-0.2534,-0.1055,0.1272,0.0554,-0.3069,-0.5169,-0.6003,-0.7125,-0.7936,-0.6437,-0.5677,-0.5609,-0.5787,-0.5667,-0.5233,-0.4155,-0.2809,-0.2083,-0.1587,-0.0976,-0.0601,-0.0524,-0.0519,-0.0446,-0.0399,-0.0517,-0.0736,-0.0948,-0.1114,-0.1236,-0.1326,-0.1394,-0.1446,-0.1489,-0.1526,-0.3242,-0.2766,-0.205,-0.149,-0.2232,-0.4048,-0.5445,-0.598,-0.5996,-0.6037,-0.5658,-0.5422,-0.5608,-0.5932,-0.5696,-0.4879,-0.3741,-0.1686,-0.1447,-0.1694,-0.1344,-0.0987,-0.074,-0.0465,-0.0032,0.0226,-0.0053,-0.0485,-0.0813,-0.103,-0.1173,-0.1271,-0.1343,-0.1397,-0.1441,-0.1478,-0.3413,-0.3196,-0.2996,-0.3043,-0.3598,-0.4509,-0.5325,-0.5775,-0.5711,-0.5415,-0.5205,-0.5185,-0.5422,-0.7492,-0.5558,-0.5327,-0.3927,-0.2214,-0.1747,-0.1589,-0.1149,-0.0819,-0.0635,-0.0314,0.0422,0.0906,0.0322,-0.0348,-0.0758,-0.0994,-0.114,-0.1237,-0.1306,-0.1359,-0.1401,-0.1436,-0.3596,-0.3539,-0.3548,-0.3713,-0.4081,-0.4571,-0.5008,-0.524,-0.5173,-0.4922,-0.4745,-0.484,-0.5444,-0.594,-0.5161,-0.5126,0.0366,-0.1695,-0.1737,-0.1099,-0.0242,-0.0046,-0.0302,-0.0304,0.0162,0.0516,0.0071,-0.0483,-0.0825,-0.1019,-0.114,-0.1225,-0.129,-0.1337,-0.1373,-0.1401,-0.373,-0.3748,-0.382,-0.3976,-0.4215,-0.4488,-0.4713,-0.4809,-0.4734,-0.4504,-0.4173,-0.4075,-0.4461,-0.4894,-0.431,-0.2658,-0.0235,-0.1386,-0.1338,-0.019,0.1901,0.1483,0.0156,-0.0372,-0.0413,-0.0384,-0.0574,-0.0823,-0.0986,-0.1086,-0.1165,-0.1239,-0.13,-0.1341,-0.1363,-0.1379,-0.3808,-0.3853,-0.3933,-0.4055,-0.421,-0.4367,-0.4484,-0.4523,-0.4465,-0.432,-0.4141,-0.4137,-0.4108,-0.4034,-0.3725,-0.289,-0.2032,-0.1489,-0.0931,0.0043,0.2249,0.1703,0.0193,-0.0526,-0.0867,-0.1085,-0.1215,-0.1223,-0.1174,-0.1152,-0.1196,-0.1286,-0.1364,-0.1391,-0.1383,-0.137,-0.3839,-0.3888,-0.3958,-0.4048,-0.4148,-0.4241,-0.4303,-0.4318,-0.4282,-0.421,-0.4133,-0.4055,-0.394,-0.3806,-0.3224,-0.2638,-0.203,-0.0962,-0.0167,-0.0321,0.0232,0.0265,-0.0274,-0.0806,-0.1335,-0.1872,-0.2021,-0.1681,-0.1322,-0.1163,-0.1217,-0.1401,-0.1533,-0.1517,-0.1437,-0.1372,-0.3836,-0.3881,-0.3936,-0.3999,-0.4063,-0.4116,-0.4148,-0.4148,-0.4117,-0.406,-0.398,-0.3865,-0.3685,-0.3301,-0.2438,-0.2098,-0.1911,-0.0972,-0.0347,-0.0388,-0.0395,-0.041,-0.0612,-0.1023,-0.1781,-0.2996,-0.3262,-0.2109,-0.1306,-0.1032,-0.1187,-0.1607,-0.1842,-0.1709,-0.1499,-0.1365,-0.381,-0.3846,-0.3887,-0.3929,-0.3968,-0.3996,-0.4006,-0.3993,-0.3955,-0.389,-0.3793,-0.3647,-0.3412,-0.3003,-0.2403,-0.2141,-0.1881,-0.1168,-0.034,-0.0077,-0.043,-0.0498,-0.0598,-0.0944,-0.1709,-0.3121,-0.344,-0.1765,-0.0875,-0.062,-0.0953,-0.1665,-0.2008,-0.1771,-0.1476,-0.1311,-0.377,-0.3797,-0.3824,-0.385,-0.387,-0.3879,-0.3873,-0.3847,-0.3799,-0.3723,-0.3613,-0.3455,-0.3226,-0.2911,-0.2553,-0.2247,-0.1866,-0.129,-0.0662,-0.0408,-0.0396,-0.0188,-0.0136,-0.0479,-0.0992,-0.1264,-0.0709,-0.0418,0.0087,0.0278,-0.024,-0.1086,-0.1539,-0.1465,-0.1286,-0.1183,-0.372,-0.3738,-0.3755,-0.3767,-0.3773,-0.3768,-0.3749,-0.3712,-0.3654,-0.357,-0.3454,-0.3298,-0.3092,-0.2838,-0.2553,-0.2245,-0.1877,-0.1433,-0.0989,-0.0618,-0.0107,0.0735,0.0989,0.0267,-0.0304,-0.0294,-0.0007,0.0382,0.1825,0.2014,0.103,-0.0046,-0.0699,-0.0927,-0.0976,-0.0998,-0.3665,-0.3675,-0.3682,-0.3684,-0.3678,-0.3662,-0.3633,-0.3588,-0.3522,-0.3434,-0.3317,-0.3167,-0.2981,-0.276,-0.2507,-0.222,-0.1889,-0.1514,-0.1104,-0.0604,0.0217,0.1501,0.1859,0.0784,0.0116,0.0124,0.0566,0.2268,0.5123,0.4408,0.239,0.0906,0.0029,-0.043,-0.0667,-0.0809,-0.3607,-0.361,-0.3609,-0.3602,-0.3588,-0.3563,-0.3526,-0.3474,-0.3404,-0.3313,-0.3198,-0.3056,-0.2885,-0.2685,-0.2454,-0.2193,-0.1895,-0.1557,-0.1163,-0.0659,0.0057,0.0893,0.112,0.0601,0.0261,0.0444,0.1267,0.3282,0.5567,0.4813,0.2841,0.1365,0.0444,-0.0107,-0.0442,-0.0659]}]