docs/data/wind_grid.json
[{"header":{"la1":42.85,"la2":41.18,"lo1":11.55,"lo2":14.05,"nx":36,"ny":24,"dx":0.07143,"dy":0.07261,"parameterCategory":2,"parameterNumber":2,"parameterNumberName":"eastward_wind","parameterUnit":"m.s-1"},"data":[-0.5863,-0.5975,-0.6098,-0.6226,-0.6351,-0.6459,-0.6529,-0.654,-0.6475,-0.6334,-0.613,-0.5887,-0.5625,-0.5362,-0.5104,-0.4858,-0.4631,-0.4435,-0.428,-0.4175,-0.4119,-0.4102,-0.4107,-0.4122,-0.4135,-0.4143,-0.4142,-0.4133,-0.4116,-0.4093,-0.4067,-0.4037,-0.4007,-0.3976,-0.3946,-0.3918,-0.5926,-0.6064,-0.6222,-0.6399,-0.6584,-0.6761,-0.6895,-0.6945,-0.688,-0.6693,-0.6413,-0.6084,-0.5744,-0.5411,-0.509,-0.4783,-0.4495,-0.4244,-0.4054,-0.3942,-0.3907,-0.3927,-0.3973,-0.4024,-0.4064,-0.4089,-0.4099,-0.4095,-0.408,-0.4057,-0.4028,-0.3997,-0.3964,-0.3931,-0.3899,-0.3869,-0.5977,-0.6142,-0.6341,-0.6577,-0.6848,-0.7133,-0.7383,-0.7519,-0.7461,-0.7196,-0.6786,-0.6325,-0.5875,-0.5457,-0.5062,-0.4677,-0.4301,-0.3962,-0.3712,-0.3594,-0.3606,-0.3698,-0.3814,-0.3917,-0.3993,-0.4039,-0.4059,-0.4059,-0.4045,-0.402,-0.3988,-0.3953,-0.3917,-0.3881,-0.3846,-0.3814,-0.6006,-0.6196,-0.6437,-0.6743,-0.7126,-0.7579,-0.8041,-0.836,-0.834,-0.7924,-0.7274,-0.6601,-0.6007,-0.5494,-0.5021,-0.4543,-0.4037,-0.3543,-0.3178,-0.306,-0.3177,-0.3407,-0.3636,-0.3813,-0.3931,-0.3998,-0.4027,-0.4028,-0.4011,-0.3982,-0.3945,-0.3905,-0.3864,-0.3824,-0.3787,-0.3753,-0.6008,-0.6214,-0.6488,-0.686,-0.7371,-0.8058,-0.8892,-0.9619,-0.9723,-0.8983,-0.787,-0.6871,-0.6107,-0.5511,-0.4979,-0.4407,-0.3718,-0.2942,-0.2338,-0.2237,-0.2593,-0.3073,-0.3468,-0.3734,-0.3893,-0.3975,-0.4006,-0.4003,-0.3979,-0.3942,-0.3898,-0.3851,-0.3804,-0.3759,-0.3719,-0.3682,-0.5974,-0.6182,-0.6468,-0.6878,-0.749,-0.8425,-0.9796,-1.1351,-1.1812,-1.0359,-0.8425,-0.7022,-0.6122,-0.5496,-0.4955,-0.4331,-0.3445,-0.2225,-0.1143,-0.1109,-0.1937,-0.2794,-0.3375,-0.3715,-0.3894,-0.3975,-0.3997,-0.3982,-0.3946,-0.3898,-0.3844,-0.3789,-0.3735,-0.3685,-0.364,-0.3602,-0.5903,-0.6094,-0.6361,-0.6754,-0.737,-0.8396,-1.0145,-1.2656,-1.3706,-1.121,-0.848,-0.6884,-0.5996,-0.5435,-0.4971,-0.4402,-0.3461,-0.189,-0.0252,-0.0307,-0.1644,-0.2781,-0.3445,-0.3788,-0.3946,-0.4002,-0.4,-0.3964,-0.3911,-0.3848,-0.3781,-0.3716,-0.3653,-0.3597,-0.3548,-0.3508,-0.58,-0.5956,-0.6171,-0.6484,-0.697,-0.7778,-0.916,-1.1161,-1.1916,-0.9768,-0.7616,-0.6399,-0.5729,-0.5324,-0.5018,-0.4642,-0.3953,-0.2684,-0.1259,-0.1218,-0.2294,-0.3211,-0.3721,-0.3958,-0.4043,-0.4046,-0.4006,-0.3943,-0.3867,-0.3786,-0.3705,-0.3627,-0.3555,-0.3492,-0.3439,-0.3398,-0.5674,-0.5785,-0.5927,-0.6121,-0.6399,-0.681,-0.7394,-0.7988,-0.7963,-0.7165,-0.6357,-0.5776,-0.539,-0.5164,-0.505,-0.4955,-0.4719,-0.4174,-0.3493,-0.3297,-0.3614,-0.3955,-0.4136,-0.4185,-0.4158,-0.4092,-0.4006,-0.391,-0.3809,-0.3708,-0.361,-0.3518,-0.3436,-0.3366,-0.331,-0.3268,-0.5541,-0.5604,-0.5673,-0.5749,-0.5833,-0.592,-0.5992,-0.5966,-0.5725,-0.552,-0.5455,-0.5266,-0.5052,-0.4943,-0.5,-0.5215,-0.5485,-0.561,-0.5453,-0.5153,-0.4904,-0.4717,-0.4552,-0.4398,-0.4252,-0.4115,-0.3983,-0.3855,-0.3729,-0.3607,-0.3491,-0.3384,-0.329,-0.3212,-0.3153,-0.3113,-0.5413,-0.5435,-0.5445,-0.5432,-0.5382,-0.5282,-0.5145,-0.5045,-0.4959,-0.4902,-0.5036,-0.4942,-0.4738,-0.4623,-0.4792,-0.5352,-0.6283,-0.7229,-0.7423,-0.6781,-0.5959,-0.5307,-0.4847,-0.4523,-0.4283,-0.4091,-0.3925,-0.377,-0.3622,-0.3478,-0.3341,-0.3216,-0.3108,-0.3023,-0.2963,-0.2927,-0.5301,-0.5294,-0.5265,-0.5198,-0.5076,-0.4876,-0.4607,-0.4429,-0.4666,-0.4848,-0.4899,-0.4789,-0.4479,-0.4199,-0.4409,-0.5364,-0.733,-1.0035,-1.0437,-0.8475,-0.6714,-0.5598,-0.4922,-0.4502,-0.422,-0.4006,-0.3823,-0.3652,-0.3483,-0.3316,-0.3154,-0.3005,-0.2881,-0.2787,-0.2728,-0.2702,-0.521,-0.5187,-0.5138,-0.5052,-0.4908,-0.4682,-0.4359,-0.4046,-0.4279,-0.4721,-0.4905,-0.4952,-0.4503,-0.4017,-0.4179,-0.5412,-0.827,-1.414,-1.4195,-0.9531,-0.6802,-0.541,-0.4692,-0.4299,-0.405,-0.3857,-0.3681,-0.3502,-0.3314,-0.3117,-0.292,-0.2739,-0.2591,-0.2488,-0.2436,-0.2429,-0.514,-0.5111,-0.506,-0.4979,-0.4855,-0.4675,-0.4439,-0.4226,-0.4383,-0.4825,-0.5054,-0.5406,-0.5165,-0.1623,-0.396,-0.5728,-0.786,-1.1234,-1.156,-0.8151,-0.5742,-0.4571,-0.4111,-0.392,-0.3793,-0.3665,-0.3514,-0.3333,-0.3119,-0.2878,-0.2628,-0.2396,-0.2214,-0.2103,-0.2067,-0.2095,-0.5087,-0.5061,-0.5019,-0.4957,-0.4873,-0.4769,-0.4665,-0.4637,-0.4826,-0.5198,-0.5438,-0.5232,-0.4166,-0.3105,-0.4231,-0.675,-0.8666,-0.7812,-0.7171,-0.5388,-0.3597,-0.3051,-0.3251,-0.3448,-0.351,-0.347,-0.3353,-0.3166,-0.2912,-0.2601,-0.2261,-0.1945,-0.171,-0.1595,-0.1598,-0.1688,-0.5048,-0.5028,-0.4998,-0.496,-0.4916,-0.4877,-0.4869,-0.4946,-0.5188,-0.5696,-0.6552,-0.5969,-0.5232,-0.4305,-0.4812,-0.6441,-0.7735,-0.626,-0.4798,-0.3082,-0.0936,-0.1242,-0.2435,-0.3053,-0.3292,-0.3335,-0.3248,-0.3039,-0.2714,-0.2286,-0.1795,-0.1333,-0.1018,-0.0918,-0.1005,-0.1204,-0.5018,-0.5004,-0.4987,-0.4968,-0.4954,-0.4955,-0.4992,-0.51,-0.5331,-0.5772,-0.6405,-0.5905,-0.517,-0.4921,-0.501,-0.5347,-0.5235,-0.3917,-0.2611,-0.2044,-0.0549,-0.0966,-0.2226,-0.2906,-0.3221,-0.3343,-0.3282,-0.3012,-0.2558,-0.1941,-0.1197,-0.0485,-0.0055,-0.0023,-0.0281,-0.0659,-0.4992,-0.4984,-0.4976,-0.4971,-0.4973,-0.4992,-0.504,-0.5134,-0.5289,-0.5496,-0.562,-0.5422,-0.5071,-0.4988,-0.513,-0.5067,-0.4132,-0.1625,0.0442,-0.1425,-0.1858,-0.2031,-0.254,-0.2977,-0.3322,-0.3615,-0.3604,-0.3146,-0.2459,-0.1583,-0.0467,0.0648,0.1219,0.1065,0.051,-0.0116,-0.4968,-0.4964,-0.4962,-0.4964,-0.4973,-0.4996,-0.5037,-0.5102,-0.5188,-0.5269,-0.5288,-0.5207,-0.5103,-0.5145,-0.562,-0.5797,-0.422,-0.1885,-0.061,-0.1994,-0.2425,-0.2604,-0.2813,-0.3062,-0.3477,-0.4218,-0.435,-0.3339,-0.2327,-0.1252,0.0242,0.1841,0.2524,0.2066,0.1161,0.0295,-0.4943,-0.4942,-0.4943,-0.4947,-0.4958,-0.4976,-0.5006,-0.5045,-0.5087,-0.5117,-0.5114,-0.5078,-0.5051,-0.5135,-0.5485,-0.5509,-0.4318,-0.301,-0.2717,-0.2865,-0.2773,-0.2848,-0.2923,-0.3006,-0.3282,-0.4171,-0.4366,-0.2778,-0.1909,-0.101,0.0514,0.228,0.2989,0.2399,0.1372,0.0432,-0.4917,-0.4917,-0.4919,-0.4923,-0.4931,-0.4943,-0.4961,-0.498,-0.4997,-0.5003,-0.4991,-0.4964,-0.494,-0.4949,-0.4968,-0.4764,-0.4137,-0.341,-0.3005,-0.293,-0.295,-0.2975,-0.2952,-0.2844,-0.2607,-0.2035,-0.0643,-0.0757,-0.1193,-0.089,0.0176,0.1526,0.2164,0.1816,0.1035,0.0251,-0.489,-0.489,-0.489,-0.4893,-0.4897,-0.4903,-0.491,-0.4915,-0.4916,-0.4908,-0.4886,-0.4852,-0.4808,-0.4752,-0.4649,-0.442,-0.4034,-0.3601,-0.3285,-0.3137,-0.3079,-0.3042,-0.3002,-0.2792,-0.2176,-0.0816,0.0786,0.0172,-0.0779,-0.0902,-0.0364,0.0422,0.0894,0.0813,0.0381,-0.0149,-0.4862,-0.486,-0.4859,-0.4859,-0.4858,-0.4858,-0.4857,-0.4852,-0.4842,-0.4823,-0.4792,-0.4748,-0.4686,-0.4599,-0.4466,-0.4264,-0.3991,-0.3699,-0.345,-0.3271,-0.3138,-0.3059,-0.3049,-0.2847,-0.2234,-0.1231,-0.0394,-0.049,-0.0936,-0.1069,-0.0831,-0.0426,-0.013,-0.0101,-0.0302,-0.0619,-0.4832,-0.4829,-0.4826,-0.4823,-0.4818,-0.4813,-0.4805,-0.4792,-0.4774,-0.4746,-0.4708,-0.4655,-0.4583,-0.4486,-0.4354,-0.418,-0.397,-0.3746,-0.3535,-0.335,-0.319,-0.308,-0.3019,-0.2839,-0.2411,-0.1823,-0.1355,-0.1238,-0.1322,-0.1346,-0.122,-0.1009,-0.0837,-0.079,-0.0879,-0.1061]},{"header":{"la1":42.85,"la2":41.18,"lo1":11.55,"lo2":14.05,"nx":36,"ny":24,"dx":0.07143,"dy":0.07261,"parameterCategory":2,"parameterNumber":3,"parameterNumberName":"northward_wind","parameterUnit":"m.s-1"},"data":[-0.5776,-0.5809,-0.5837,-0.5859,-0.587,-0.5869,-0.5848,-0.5804,-0.5729,-0.5621,-0.5477,-0.53,-0.5092,-0.4857,-0.4603,-0.4337,-0.4075,-0.3836,-0.3639,-0.3497,-0.3412,-0.3374,-0.3367,-0.3377,-0.3394,-0.3411,-0.3424,-0.3434,-0.3441,-0.3444,-0.3446,-0.3447,-0.3447,-0.3447,-0.3447,-0.3447,-0.5859,-0.5902,-0.5941,-0.5976,-0.6002,-0.6015,-0.6008,-0.5973,-0.59,-0.5784,-0.5622,-0.5417,-0.5172,-0.4892,-0.458,-0.4247,-0.3912,-0.3604,-0.336,-0.3204,-0.3137,-0.3136,-0.3173,-0.3222,-0.3269,-0.3308,-0.3337,-0.3358,-0.3372,-0.3382,-0.3388,-0.3392,-0.3394,-0.3397,-0.3399,-0.3402,-0.5941,-0.5996,-0.6049,-0.6098,-0.6142,-0.6175,-0.6189,-0.6171,-0.6105,-0.5981,-0.5797,-0.5559,-0.5272,-0.4938,-0.4556,-0.4132,-0.3687,-0.327,-0.295,-0.2782,-0.2761,-0.2835,-0.2944,-0.305,-0.3137,-0.3203,-0.325,-0.3282,-0.3303,-0.3318,-0.3328,-0.3335,-0.3341,-0.3346,-0.335,-0.3355,-0.6023,-0.6089,-0.6157,-0.6223,-0.6287,-0.6346,-0.639,-0.64,-0.6349,-0.6216,-0.6003,-0.5726,-0.5394,-0.5002,-0.454,-0.3998,-0.3388,-0.2783,-0.233,-0.2157,-0.2246,-0.2461,-0.2688,-0.2873,-0.3008,-0.3102,-0.3165,-0.3207,-0.3235,-0.3254,-0.3267,-0.3277,-0.3286,-0.3293,-0.33,-0.3307,-0.6102,-0.6181,-0.6262,-0.6346,-0.6431,-0.6518,-0.6599,-0.6654,-0.663,-0.6486,-0.6235,-0.5914,-0.5538,-0.5095,-0.4554,-0.3874,-0.3027,-0.2096,-0.1383,-0.1233,-0.1569,-0.204,-0.2434,-0.2712,-0.2895,-0.3013,-0.3088,-0.3137,-0.3169,-0.319,-0.3206,-0.3218,-0.3229,-0.3239,-0.3249,-0.3259,-0.6175,-0.6267,-0.6363,-0.6463,-0.6567,-0.6675,-0.6789,-0.6893,-0.6911,-0.6754,-0.6464,-0.6109,-0.5703,-0.5227,-0.4631,-0.383,-0.2713,-0.1282,-0.0082,-0.0019,-0.0833,-0.167,-0.2245,-0.2599,-0.2813,-0.2942,-0.3021,-0.3071,-0.3104,-0.3126,-0.3144,-0.3158,-0.3171,-0.3184,-0.3196,-0.3209,-0.6243,-0.6347,-0.6457,-0.6572,-0.669,-0.6809,-0.6923,-0.7023,-0.7057,-0.693,-0.6658,-0.6302,-0.5888,-0.5407,-0.4802,-0.3964,-0.2706,-0.0877,0.0857,0.081,-0.0472,-0.1551,-0.2198,-0.2562,-0.2769,-0.2889,-0.2962,-0.3008,-0.3038,-0.3061,-0.3079,-0.3096,-0.3111,-0.3127,-0.3142,-0.3158,-0.6301,-0.6418,-0.6543,-0.6675,-0.681,-0.694,-0.7044,-0.7088,-0.7089,-0.7065,-0.6867,-0.6513,-0.6095,-0.563,-0.5066,-0.43,-0.3186,-0.1607,-0.0093,-0.0013,-0.0974,-0.1811,-0.2314,-0.2597,-0.2757,-0.285,-0.2907,-0.2944,-0.2971,-0.2992,-0.3012,-0.3031,-0.305,-0.3069,-0.3088,-0.3107,-0.6349,-0.6478,-0.6619,-0.6772,-0.6934,-0.7102,-0.7266,-0.7417,-0.7551,-0.7556,-0.7248,-0.6775,-0.6317,-0.5882,-0.5383,-0.4728,-0.3869,-0.2845,-0.195,-0.1669,-0.1922,-0.2261,-0.2507,-0.266,-0.2752,-0.2809,-0.2847,-0.2874,-0.2897,-0.2919,-0.2941,-0.2963,-0.2986,-0.301,-0.3034,-0.3057,-0.6383,-0.6524,-0.6681,-0.6856,-0.7052,-0.7275,-0.755,-0.796,-0.8572,-0.8699,-0.7869,-0.7046,-0.6525,-0.6151,-0.572,-0.5111,-0.4358,-0.3604,-0.301,-0.2679,-0.2584,-0.2603,-0.265,-0.2691,-0.2724,-0.275,-0.2772,-0.2793,-0.2815,-0.2838,-0.2865,-0.2893,-0.2922,-0.2951,-0.298,-0.3008,-0.6399,-0.6549,-0.672,-0.6916,-0.7142,-0.7405,-0.7727,-0.8273,-0.9741,-1.0458,-0.8398,-0.7164,-0.6679,-0.6455,-0.61,-0.5409,-0.4518,-0.372,-0.3223,-0.2961,-0.2807,-0.2716,-0.2667,-0.2649,-0.2648,-0.2658,-0.2674,-0.2695,-0.272,-0.275,-0.2784,-0.282,-0.2858,-0.2895,-0.2931,-0.2964,-0.6395,-0.6549,-0.6727,-0.6936,-0.718,-0.7462,-0.7754,-0.8012,-0.8804,-0.9377,-0.7945,-0.7028,-0.6785,-0.6822,-0.6543,-0.56,-0.4315,-0.319,-0.2812,-0.2803,-0.2723,-0.2615,-0.2542,-0.2513,-0.2513,-0.2528,-0.255,-0.2578,-0.2613,-0.2654,-0.27,-0.2749,-0.2799,-0.2845,-0.2888,-0.2925,-0.6368,-0.652,-0.6697,-0.6905,-0.7152,-0.7439,-0.7738,-0.7917,-0.7905,-0.7781,-0.7215,-0.6751,-0.6811,-0.6973,-0.675,-0.5487,-0.3823,-0.2285,-0.219,-0.2517,-0.2454,-0.2324,-0.2268,-0.228,-0.2318,-0.236,-0.2401,-0.2444,-0.2493,-0.2552,-0.2617,-0.2684,-0.2749,-0.2807,-0.2857,-0.2898,-0.6317,-0.6461,-0.6626,-0.6818,-0.7043,-0.7301,-0.7572,-0.7773,-0.7663,-0.7259,-0.6869,-0.6469,-0.6575,-0.8654,-0.6691,-0.4651,-0.2907,-0.2395,-0.2297,-0.2251,-0.1952,-0.1771,-0.1818,-0.1954,-0.2077,-0.2165,-0.2232,-0.2294,-0.2364,-0.2447,-0.254,-0.2634,-0.272,-0.2791,-0.2846,-0.2887,-0.6245,-0.6374,-0.6519,-0.6683,-0.6864,-0.7055,-0.7229,-0.7307,-0.7175,-0.6924,-0.6775,-0.6733,-0.7168,-0.7981,-0.6257,-0.2639,0.0205,-0.175,-0.215,-0.1665,-0.0878,-0.0751,-0.118,-0.1579,-0.1825,-0.1964,-0.2052,-0.2131,-0.2225,-0.2343,-0.2479,-0.2615,-0.273,-0.2813,-0.2867,-0.2899,-0.6155,-0.6266,-0.6386,-0.6515,-0.6647,-0.677,-0.6856,-0.6865,-0.6791,-0.6753,-0.6928,-0.6859,-0.6699,-0.6552,-0.5393,-0.2713,-0.0705,-0.1782,-0.1897,-0.082,0.1056,0.0716,-0.0549,-0.1276,-0.162,-0.178,-0.187,-0.1955,-0.2076,-0.2246,-0.2452,-0.2654,-0.2809,-0.2898,-0.2934,-0.2942,-0.6053,-0.6144,-0.6239,-0.6334,-0.6424,-0.6496,-0.6537,-0.6535,-0.6517,-0.6579,-0.6789,-0.6549,-0.5716,-0.5224,-0.4776,-0.3572,-0.2624,-0.2267,-0.19,-0.0816,0.1298,0.0873,-0.0473,-0.1186,-0.1501,-0.1635,-0.1698,-0.1767,-0.1909,-0.2156,-0.2481,-0.2797,-0.3004,-0.3074,-0.3059,-0.3017,-0.5942,-0.6014,-0.6085,-0.6152,-0.6209,-0.6249,-0.6265,-0.6257,-0.6242,-0.6244,-0.6205,-0.59,-0.5255,-0.4904,-0.4072,-0.327,-0.2798,-0.2226,-0.1974,-0.1521,-0.0649,-0.0492,-0.0912,-0.1259,-0.1451,-0.1566,-0.1594,-0.1577,-0.1704,-0.2059,-0.2585,-0.3095,-0.336,-0.3356,-0.3233,-0.311,-0.5827,-0.5881,-0.5932,-0.5976,-0.6008,-0.6024,-0.602,-0.5996,-0.5954,-0.5885,-0.5742,-0.5448,-0.4992,-0.4267,-0.2774,-0.224,-0.2597,-0.218,-0.1868,-0.1513,-0.1331,-0.1203,-0.1221,-0.1287,-0.1397,-0.1673,-0.173,-0.1382,-0.1405,-0.1905,-0.2718,-0.3499,-0.3806,-0.3661,-0.3396,-0.3185,-0.5711,-0.575,-0.5783,-0.5807,-0.5819,-0.5816,-0.5794,-0.5749,-0.5677,-0.5564,-0.5378,-0.5081,-0.462,-0.3873,-0.2802,-0.2425,-0.2554,-0.2116,-0.1315,-0.1024,-0.1354,-0.1334,-0.1235,-0.1155,-0.115,-0.1544,-0.1639,-0.0764,-0.0864,-0.1608,-0.2676,-0.3652,-0.3985,-0.3765,-0.3437,-0.3192,-0.5597,-0.5621,-0.5639,-0.5647,-0.5643,-0.5624,-0.5585,-0.5522,-0.5428,-0.529,-0.5089,-0.48,-0.4393,-0.3852,-0.3279,-0.2917,-0.2648,-0.2178,-0.1587,-0.1345,-0.1358,-0.1165,-0.0982,-0.087,-0.0585,0.0087,0.1394,0.1083,-0.004,-0.1167,-0.2309,-0.3243,-0.362,-0.3525,-0.3297,-0.3108,-0.5485,-0.5498,-0.5503,-0.5498,-0.548,-0.5447,-0.5394,-0.5317,-0.521,-0.5062,-0.4862,-0.4597,-0.426,-0.3863,-0.3461,-0.3104,-0.2751,-0.234,-0.1925,-0.16,-0.1215,-0.0645,-0.0432,-0.0555,-0.0192,0.1108,0.2738,0.1998,0.0437,-0.0817,-0.1848,-0.2624,-0.3028,-0.311,-0.3046,-0.2961,-0.5378,-0.538,-0.5374,-0.5358,-0.5329,-0.5285,-0.5222,-0.5136,-0.5022,-0.4873,-0.4682,-0.4445,-0.4161,-0.3843,-0.351,-0.3177,-0.2833,-0.2464,-0.2079,-0.165,-0.1035,-0.0242,-0.0051,-0.0407,-0.0243,0.0594,0.1391,0.1123,0.0186,-0.0762,-0.1564,-0.2174,-0.2557,-0.2737,-0.2794,-0.2801,-0.5275,-0.5269,-0.5254,-0.5229,-0.5192,-0.5139,-0.5069,-0.4978,-0.4862,-0.4716,-0.4538,-0.4325,-0.4078,-0.3806,-0.3515,-0.3211,-0.2892,-0.255,-0.2175,-0.1731,-0.1166,-0.0588,-0.0411,-0.0568,-0.05,-0.012,0.0212,0.0125,-0.0339,-0.0929,-0.1489,-0.1948,-0.2278,-0.2485,-0.2602,-0.2667]}]