docs/data/wind_grid.json
[{"header":{"la1":42.85,"la2":41.18,"lo1":11.55,"lo2":14.05,"nx":36,"ny":24,"dx":0.07143,"dy":0.07261,"parameterCategory":2,"parameterNumber":2,"parameterNumberName":"eastward_wind","parameterUnit":"m.s-1"},"data":[-0.1592,-0.1761,-0.1964,-0.2196,-0.2443,-0.268,-0.2873,-0.2984,-0.2986,-0.2875,-0.2674,-0.2419,-0.2149,-0.1895,-0.1682,-0.1531,-0.1464,-0.1505,-0.167,-0.195,-0.2292,-0.2609,-0.2822,-0.2898,-0.2859,-0.2747,-0.2601,-0.2444,-0.229,-0.2142,-0.2002,-0.187,-0.1746,-0.1629,-0.152,-0.1417,-0.1529,-0.1724,-0.1974,-0.2279,-0.2626,-0.2984,-0.3294,-0.3487,-0.3504,-0.3336,-0.3026,-0.2645,-0.2254,-0.1894,-0.1591,-0.1365,-0.1246,-0.128,-0.1516,-0.1966,-0.2548,-0.3082,-0.3392,-0.3439,-0.3303,-0.3086,-0.2853,-0.2632,-0.2431,-0.2249,-0.2082,-0.193,-0.1788,-0.1657,-0.1535,-0.1423,-0.1413,-0.1627,-0.1925,-0.232,-0.2811,-0.3362,-0.3885,-0.4241,-0.4297,-0.4024,-0.3522,-0.2937,-0.2371,-0.187,-0.1447,-0.1111,-0.089,-0.0863,-0.1165,-0.1898,-0.2952,-0.3914,-0.4354,-0.4252,-0.3888,-0.3484,-0.3126,-0.2825,-0.2571,-0.2352,-0.2159,-0.1984,-0.1825,-0.1679,-0.1544,-0.1421,-0.1224,-0.1439,-0.1772,-0.2267,-0.2951,-0.381,-0.4728,-0.5435,-0.5586,-0.5088,-0.4216,-0.3298,-0.2488,-0.1812,-0.1243,-0.0753,-0.034,-0.0105,-0.0363,-0.153,-0.3574,-0.5486,-0.6023,-0.5415,-0.4579,-0.3895,-0.3387,-0.3003,-0.27,-0.2447,-0.2228,-0.2032,-0.1855,-0.1693,-0.1545,-0.1411,-0.0943,-0.112,-0.145,-0.2024,-0.2938,-0.4253,-0.59,-0.7412,-0.7822,-0.6767,-0.5134,-0.3686,-0.2568,-0.1699,-0.0979,-0.0309,0.0421,0.121,0.1476,-0.0169,-0.423,-0.829,-0.8567,-0.6714,-0.5187,-0.4218,-0.3588,-0.3146,-0.2808,-0.253,-0.2288,-0.2072,-0.1876,-0.1698,-0.1536,-0.139,-0.0561,-0.0638,-0.0881,-0.1455,-0.2573,-0.4446,-0.725,-1.0555,-1.1706,-0.9175,-0.6096,-0.3966,-0.2543,-0.1498,-0.065,0.0159,0.124,0.3103,0.5354,0.376,-0.3345,-1.0056,-0.99,-0.7154,-0.5373,-0.4344,-0.3698,-0.3247,-0.2897,-0.2602,-0.2341,-0.2103,-0.1887,-0.1691,-0.1514,-0.1356,-0.0095,0.0005,-0.0017,-0.0423,-0.1621,-0.3926,-0.7742,-1.3325,-1.5793,-1.0895,-0.6436,-0.3931,-0.2349,-0.1159,-0.0199,0.0617,0.1702,0.4282,0.9512,0.8523,-0.1009,-0.6548,-0.7434,-0.624,-0.5085,-0.4287,-0.3737,-0.3326,-0.2982,-0.2675,-0.239,-0.2128,-0.1887,-0.167,-0.1477,-0.1307,0.0401,0.0717,0.1023,0.1004,-0.0106,-0.2524,-0.6055,-1.0506,-1.2325,-0.8909,-0.5641,-0.3566,-0.2016,-0.0622,0.0603,0.1341,0.1754,0.293,0.5277,0.3027,-0.4391,-0.6718,-0.6238,-0.5462,-0.4747,-0.4202,-0.3787,-0.3432,-0.3094,-0.2763,-0.2445,-0.2146,-0.1875,-0.1633,-0.1421,-0.1239,0.0853,0.133,0.1767,0.1958,0.123,-0.0938,-0.3644,-0.5981,-0.6902,-0.6147,-0.4725,-0.3242,-0.1742,0.0107,0.235,0.3328,0.235,0.1413,0.0334,-0.3812,-1.1519,-1.0613,-0.6861,-0.5279,-0.4613,-0.4254,-0.3964,-0.3644,-0.3278,-0.289,-0.251,-0.2157,-0.1844,-0.1572,-0.1341,-0.1146,0.1223,0.1884,0.2456,0.2673,0.2634,0.045,-0.2151,-0.4189,-0.5788,-0.613,-0.4779,-0.3299,-0.1879,0.0476,0.5769,0.8569,0.3802,0.116,-0.0725,-0.4167,-0.9116,-0.8927,-0.6259,-0.5031,-0.4696,-0.4608,-0.443,-0.4071,-0.3588,-0.3072,-0.2583,-0.2151,-0.1784,-0.1478,-0.1227,-0.1024,0.146,0.2441,0.416,0.7331,0.6534,0.1705,-0.1438,-0.3594,-0.7269,-0.9016,-0.5383,-0.3627,-0.2719,-0.1204,0.435,0.8498,0.324,0.1147,-0.0083,-0.1976,-0.4162,-0.497,-0.4741,-0.479,-0.5249,-0.5617,-0.547,-0.4858,-0.4066,-0.3302,-0.2644,-0.2106,-0.1677,-0.1338,-0.1072,-0.0865,0.1433,0.2459,0.4306,0.702,0.6067,0.1421,-0.1155,-0.2081,-0.4662,-0.666,-0.4747,-0.3994,-0.3964,-0.4515,-0.2608,0.0416,0.1047,0.1561,0.1354,-0.016,-0.1722,-0.286,-0.3815,-0.5166,-0.6949,-0.805,-0.7548,-0.6128,-0.4683,-0.3518,-0.2639,-0.1984,-0.1496,-0.1134,-0.0864,-0.0663,0.112,0.1819,0.2753,0.3427,0.2445,0.0215,-0.1088,-0.0991,-0.1766,-0.3363,-0.3971,-0.4904,-0.506,-0.5494,-0.4314,-0.1294,0.0389,0.3525,0.3607,0.0926,-0.0647,-0.1905,-0.3514,-0.6317,-1.0589,-1.3064,-1.0981,-0.7689,-0.5214,-0.3572,-0.2479,-0.1733,-0.1213,-0.0848,-0.0592,-0.0413,0.0681,0.1022,0.1306,0.1249,0.056,-0.0467,-0.1134,-0.1227,-0.161,-0.2577,-0.3609,-0.6316,-0.7123,-0.4648,-0.257,-0.0438,0.0105,0.1822,0.2245,0.0837,-0.0218,-0.1294,-0.3153,-0.7088,-1.4368,-1.8713,-1.3871,-0.8456,-0.517,-0.3251,-0.2069,-0.1307,-0.0804,-0.0471,-0.0253,-0.0114,0.0273,0.039,0.0404,0.0209,-0.0233,-0.0778,-0.1204,-0.1467,-0.1772,-0.2151,-0.2571,-0.3414,-0.3841,-0.3988,-0.1777,-0.0103,0.0591,0.0554,0.0738,0.049,0.0138,-0.0524,-0.2159,-0.5644,-1.1657,-1.5275,-1.1614,-0.7043,-0.4143,-0.2424,-0.1366,-0.0692,-0.0263,-0.0001,0.0149,0.0229,-0.0039,-0.003,-0.0103,-0.0289,-0.0581,-0.0913,-0.1205,-0.143,-0.16,-0.1629,-0.1308,-0.1932,-0.1949,-0.1876,-0.1043,-0.0097,0.0482,0.0433,0.0486,0.054,0.0757,0.0432,-0.0876,-0.301,-0.5764,-0.7295,-0.6143,-0.4035,-0.2347,-0.1198,-0.043,0.0074,0.0382,0.054,0.0598,0.0599,-0.0252,-0.0287,-0.0375,-0.0525,-0.0724,-0.0938,-0.1129,-0.1271,-0.1343,-0.13,-0.1139,-0.1102,0.0831,0.1939,0.0491,0.0545,0.0619,0.0568,0.0529,0.0659,0.0898,0.0722,0.0007,-0.0938,-0.1818,-0.2118,-0.1725,-0.1053,-0.0394,0.0157,0.0586,0.0894,0.1066,0.1105,0.1056,0.097,-0.0385,-0.0431,-0.0511,-0.0623,-0.0757,-0.0892,-0.1004,-0.1074,-0.1079,-0.1001,-0.0796,-0.0146,0.1827,0.2582,0.243,0.2732,0.1682,0.0714,0.0169,0.0765,0.096,0.0906,0.0742,0.0557,0.0558,0.0842,0.1097,0.1209,0.131,0.1404,0.1502,0.1611,0.1666,0.1604,0.1464,0.1305,-0.0459,-0.0502,-0.0564,-0.0642,-0.0727,-0.0804,-0.0857,-0.0867,-0.0815,-0.067,-0.0366,0.0244,0.1233,0.2551,0.609,0.7631,0.3268,0.1276,0.0798,0.158,0.1599,0.1591,0.1678,0.1827,0.2067,0.2184,0.2243,0.2684,0.2742,0.2484,0.219,0.2023,0.1989,0.1916,0.1757,0.157,-0.0491,-0.0525,-0.0568,-0.0617,-0.0664,-0.0697,-0.0705,-0.067,-0.0574,-0.0387,-0.0062,0.0471,0.1309,0.2795,0.5626,0.6485,0.3557,0.2104,0.2434,0.2808,0.2366,0.2576,0.2899,0.3115,0.3282,0.2803,0.2676,0.4372,0.4264,0.3516,0.2739,0.2168,0.2018,0.2024,0.1928,0.1761,-0.0494,-0.0517,-0.0542,-0.0567,-0.0584,-0.0586,-0.056,-0.0494,-0.0371,-0.0169,0.0142,0.0605,0.128,0.2248,0.3343,0.3601,0.2846,0.2324,0.2453,0.2694,0.3165,0.4217,0.4831,0.4714,0.494,0.63,0.9211,0.8305,0.6004,0.4554,0.3443,0.2586,0.2225,0.2159,0.2068,0.1911,-0.0479,-0.0489,-0.0499,-0.0505,-0.05,-0.0477,-0.0428,-0.0343,-0.0209,-0.001,0.0271,0.0651,0.1144,0.1722,0.2236,0.2443,0.2365,0.2341,0.2585,0.3201,0.4716,0.734,0.8229,0.6657,0.6284,0.8552,1.2469,1.0121,0.6672,0.5326,0.4247,0.3295,0.2718,0.2438,0.2244,0.2052,-0.0451,-0.0451,-0.0448,-0.0438,-0.0416,-0.0377,-0.0313,-0.0218,-0.0082,0.0105,0.0349,0.0656,0.1018,0.1402,0.174,0.197,0.213,0.236,0.2832,0.3834,0.6017,0.9656,1.0675,0.7877,0.6634,0.7559,0.8774,0.7499,0.6063,0.5715,0.4819,0.3859,0.3168,0.2731,0.2429,0.2183,-0.0415,-0.0407,-0.0393,-0.0371,-0.0337,-0.0287,-0.0214,-0.0115,0.0018,0.0188,0.04,0.0652,0.0934,0.1227,0.1504,0.1756,0.2015,0.2368,0.295,0.3982,0.5763,0.8008,0.863,0.7217,0.6266,0.6355,0.6582,0.6206,0.5941,0.5713,0.4943,0.409,0.3412,0.2924,0.2567,0.2284]},{"header":{"la1":42.85,"la2":41.18,"lo1":11.55,"lo2":14.05,"nx":36,"ny":24,"dx":0.07143,"dy":0.07261,"parameterCategory":2,"parameterNumber":3,"parameterNumberName":"northward_wind","parameterUnit":"m.s-1"},"data":[-0.2728,-0.2862,-0.3032,-0.3234,-0.3461,-0.3691,-0.3899,-0.4052,-0.4127,-0.4119,-0.4035,-0.3896,-0.3718,-0.3513,-0.3291,-0.3062,-0.2843,-0.2659,-0.2535,-0.2483,-0.2496,-0.2544,-0.2594,-0.2629,-0.2645,-0.2649,-0.2646,-0.2637,-0.2622,-0.2602,-0.2574,-0.254,-0.2501,-0.2458,-0.2412,-0.2365,-0.2607,-0.2756,-0.2958,-0.3217,-0.3524,-0.3854,-0.4161,-0.4391,-0.4497,-0.4467,-0.4329,-0.4123,-0.3878,-0.3608,-0.3316,-0.3009,-0.2709,-0.2456,-0.2302,-0.2277,-0.2365,-0.2496,-0.2599,-0.2649,-0.2661,-0.2657,-0.2649,-0.2639,-0.2625,-0.2603,-0.2574,-0.2536,-0.2492,-0.2443,-0.2391,-0.2338,-0.2434,-0.259,-0.2824,-0.3151,-0.3571,-0.4056,-0.4538,-0.4907,-0.5061,-0.4978,-0.4729,-0.441,-0.4073,-0.3723,-0.3345,-0.2932,-0.2504,-0.213,-0.192,-0.1963,-0.2225,-0.2534,-0.2714,-0.2743,-0.271,-0.2678,-0.2659,-0.2647,-0.2632,-0.261,-0.2577,-0.2534,-0.2483,-0.2427,-0.2367,-0.2306,-0.2195,-0.2339,-0.2592,-0.2991,-0.3562,-0.4294,-0.5093,-0.5745,-0.5986,-0.5757,-0.5272,-0.4761,-0.4301,-0.3865,-0.3394,-0.2842,-0.2207,-0.1593,-0.1246,-0.1428,-0.2115,-0.2841,-0.309,-0.296,-0.2793,-0.2703,-0.267,-0.2659,-0.2647,-0.2624,-0.2586,-0.2536,-0.2475,-0.2408,-0.2339,-0.2269,-0.1876,-0.1975,-0.2211,-0.2662,-0.3411,-0.4508,-0.5893,-0.7184,-0.7626,-0.6981,-0.5968,-0.5141,-0.4545,-0.4044,-0.3497,-0.2784,-0.183,-0.0717,0.0058,-0.0331,-0.2006,-0.3749,-0.3903,-0.3258,-0.2854,-0.2708,-0.2677,-0.2678,-0.2673,-0.2649,-0.2604,-0.2541,-0.2467,-0.2386,-0.2304,-0.2223,-0.1475,-0.1475,-0.1623,-0.2058,-0.2961,-0.4504,-0.6831,-0.9565,-1.056,-0.874,-0.6675,-0.5452,-0.4771,-0.4275,-0.3713,-0.2873,-0.1523,0.0512,0.2582,0.2122,-0.1193,-0.4435,-0.4376,-0.3243,-0.2764,-0.2664,-0.2683,-0.2715,-0.2721,-0.2692,-0.2633,-0.2552,-0.2458,-0.2359,-0.226,-0.2166,-0.1012,-0.0852,-0.0802,-0.1084,-0.2029,-0.39,-0.7067,-1.1717,-1.3752,-0.9972,-0.6887,-0.5539,-0.4953,-0.4583,-0.412,-0.3285,-0.1704,0.1182,0.5196,0.4858,0.0715,-0.2028,-0.2755,-0.2524,-0.2485,-0.2596,-0.2719,-0.2794,-0.2806,-0.2763,-0.2679,-0.2569,-0.2446,-0.2322,-0.2202,-0.2093,-0.0547,-0.02,0.0134,0.0174,-0.0673,-0.2543,-0.5413,-0.9213,-1.0834,-0.8239,-0.6178,-0.5372,-0.5114,-0.5,-0.4779,-0.4143,-0.2716,-0.0214,0.2719,0.2913,0.1968,0.0966,-0.0654,-0.165,-0.2231,-0.2615,-0.2852,-0.2957,-0.2954,-0.2873,-0.2743,-0.2588,-0.2426,-0.2269,-0.2124,-0.1997,-0.0149,0.0322,0.0773,0.0988,0.0449,-0.0994,-0.2912,-0.4807,-0.5731,-0.5507,-0.5186,-0.5158,-0.532,-0.5541,-0.5737,-0.5471,-0.4214,-0.2301,-0.0332,0.1456,0.4286,0.3535,0.0499,-0.1303,-0.2296,-0.2872,-0.3171,-0.3257,-0.3192,-0.3032,-0.2825,-0.2603,-0.2387,-0.219,-0.2016,-0.187,0.0152,0.0724,0.1205,0.1398,0.1465,0.047,-0.08,-0.214,-0.3588,-0.439,-0.4647,-0.5099,-0.5611,-0.6102,-0.6912,-0.7283,-0.5548,-0.371,-0.1986,0.01,0.2709,0.2309,-0.0064,-0.1779,-0.2865,-0.3513,-0.3787,-0.376,-0.3545,-0.3241,-0.2914,-0.2599,-0.2314,-0.2069,-0.1865,-0.1701,0.0341,0.1106,0.2246,0.4092,0.3786,0.1975,0.1353,0.0246,-0.3627,-0.5417,-0.4512,-0.5231,-0.6008,-0.6506,-0.7104,-0.7486,-0.5884,-0.4244,-0.2938,-0.1767,-0.071,-0.0693,-0.1701,-0.2937,-0.4036,-0.4731,-0.4856,-0.4539,-0.4025,-0.3483,-0.2982,-0.2547,-0.2181,-0.1884,-0.1651,-0.1476,0.0346,0.1165,0.2417,0.4008,0.3792,0.2968,0.434,0.566,0.0786,-0.3377,-0.4148,-0.5576,-0.6532,-0.6895,-0.697,-0.6797,-0.5675,-0.3587,-0.2603,-0.26,-0.2434,-0.2526,-0.3197,-0.4446,-0.5982,-0.6919,-0.6629,-0.5639,-0.4588,-0.3696,-0.2977,-0.2404,-0.1953,-0.1608,-0.1354,-0.1178,0.0142,0.0804,0.1627,0.2363,0.2619,0.3472,0.6586,1.0903,0.7158,-0.0138,-0.4113,-0.622,-0.7115,-0.71,-0.7317,-0.77,-0.6216,-0.1029,-0.0563,-0.2679,-0.3125,-0.3411,-0.4209,-0.6041,-0.899,-1.0709,-0.9241,-0.6891,-0.5059,-0.3761,-0.2817,-0.211,-0.1582,-0.1202,-0.0944,-0.0787,-0.0192,0.0277,0.0788,0.1266,0.1799,0.2965,0.5379,0.8178,0.5807,-0.0738,-0.4829,-0.683,-0.7495,-1.0235,-0.8844,-1.0445,-0.8662,-0.4037,-0.2461,-0.3229,-0.3469,-0.3746,-0.4617,-0.6989,-1.1748,-1.4655,-1.1339,-0.7535,-0.5089,-0.3512,-0.2408,-0.1599,-0.1014,-0.0621,-0.039,-0.0282,-0.0572,-0.0255,0.0077,0.0421,0.0858,0.156,0.2495,0.2771,0.061,-0.3202,-0.5935,-0.7263,-0.8382,-0.9928,-0.9247,-1.1055,-0.9115,-0.6627,-0.4446,-0.3675,-0.3568,-0.3715,-0.4362,-0.6302,-1.0064,-1.2388,-0.9892,-0.6659,-0.4405,-0.2844,-0.1682,-0.0802,-0.018,0.019,0.0347,0.0353,-0.0948,-0.0748,-0.055,-0.0357,-0.0158,0.0027,0.001,-0.0692,-0.2546,-0.5207,-0.7471,-0.8438,-0.8145,-0.8157,-0.804,-0.8284,-0.8049,-0.5888,-0.386,-0.3256,-0.3713,-0.367,-0.3787,-0.4778,-0.6389,-0.729,-0.641,-0.4751,-0.3177,-0.1811,-0.0626,0.0345,0.1003,0.13,0.13,0.1128,-0.13,-0.1192,-0.1104,-0.1051,-0.1058,-0.1188,-0.1581,-0.2438,-0.3869,-0.5698,-0.728,-0.7521,-0.7198,-0.6925,-0.6494,-0.6017,-0.5085,-0.2812,-0.0924,-0.1773,-0.3565,-0.3429,-0.3155,-0.3524,-0.4085,-0.4323,-0.3937,-0.3039,-0.187,-0.0589,0.0729,0.1914,0.2652,0.2781,0.248,0.2016,-0.1613,-0.1576,-0.1573,-0.1621,-0.1751,-0.2015,-0.2486,-0.3228,-0.4229,-0.532,-0.6149,-0.6453,-0.6542,-0.6284,-0.4517,-0.3311,-0.2332,0.1399,0.5035,0.1283,-0.119,-0.2044,-0.2303,-0.2602,-0.2988,-0.3352,-0.3169,-0.2137,-0.0781,0.0668,0.2301,0.3945,0.4848,0.4618,0.3796,0.2926,-0.1882,-0.1896,-0.1948,-0.2054,-0.2239,-0.2532,-0.2963,-0.3538,-0.4215,-0.4877,-0.5358,-0.5542,-0.5366,-0.4311,-0.1161,0.0141,-0.0793,0.1899,0.4298,0.3247,0.0991,-0.0671,-0.1447,-0.1885,-0.2583,-0.4217,-0.4517,-0.1903,0.0255,0.1909,0.3816,0.6067,0.719,0.6383,0.493,0.3666,-0.2103,-0.215,-0.2233,-0.2365,-0.2561,-0.2833,-0.3189,-0.3615,-0.407,-0.4477,-0.4738,-0.4754,-0.4375,-0.3256,-0.1126,-0.0279,-0.0493,0.1349,0.4888,0.6305,0.2322,0.0024,-0.0892,-0.1212,-0.1755,-0.3991,-0.4526,-0.0152,0.1964,0.3238,0.4772,0.6929,0.805,0.7029,0.5396,0.403,-0.2279,-0.2344,-0.244,-0.2576,-0.2759,-0.2992,-0.3272,-0.3581,-0.3883,-0.4127,-0.4248,-0.417,-0.3804,-0.3066,-0.2092,-0.1393,-0.0713,0.0778,0.3032,0.3637,0.1449,-0.0307,-0.0906,-0.0662,0.0075,0.1547,0.5002,0.4986,0.464,0.4974,0.5374,0.6243,0.6847,0.6264,0.5103,0.3984,-0.2414,-0.2486,-0.2584,-0.2711,-0.2871,-0.3062,-0.3275,-0.3494,-0.3692,-0.3831,-0.3869,-0.376,-0.3465,-0.298,-0.2383,-0.1771,-0.1062,-0.0124,0.0781,0.0849,-0.0214,-0.1555,-0.1871,-0.0758,0.1247,0.4674,0.8672,0.7623,0.7783,0.7713,0.6596,0.593,0.57,0.526,0.4521,0.3707,-0.2513,-0.2585,-0.2677,-0.2791,-0.2925,-0.3075,-0.3234,-0.3386,-0.3512,-0.3585,-0.3577,-0.3463,-0.3226,-0.2873,-0.2434,-0.1938,-0.1387,-0.0814,-0.0402,-0.0454,-0.1178,-0.2456,-0.281,-0.1138,0.13,0.4169,0.6621,0.8788,1.2556,1.1356,0.8249,0.6296,0.5309,0.4659,0.4029,0.3386,-0.2583,-0.2651,-0.2733,-0.283,-0.2939,-0.3055,-0.317,-0.3274,-0.3349,-0.338,-0.3347,-0.3236,-0.304,-0.2763,-0.242,-0.203,-0.1617,-0.1231,-0.0971,-0.0968,-0.1312,-0.189,-0.1924,-0.0727,0.1222,0.3493,0.597,0.9482,1.3169,1.1911,0.8693,0.6437,0.5128,0.4302,0.3662,0.309]}]