docs/data/wind_grid.json
[{"header":{"la1":42.85,"la2":41.18,"lo1":11.55,"lo2":14.05,"nx":36,"ny":24,"dx":0.07143,"dy":0.07261,"parameterCategory":2,"parameterNumber":2,"parameterNumberName":"eastward_wind","parameterUnit":"m.s-1"},"data":[0.9718,0.9282,0.8721,0.8042,0.7274,0.6478,0.5738,0.514,0.4744,0.4557,0.4534,0.4602,0.4693,0.4757,0.4759,0.4669,0.4459,0.4097,0.3566,0.2895,0.2197,0.1659,0.1462,0.1663,0.2178,0.2863,0.3597,0.4308,0.4964,0.5558,0.6093,0.6577,0.7016,0.7415,0.778,0.8113,1.0167,0.9703,0.9051,0.8201,0.7182,0.6081,0.5039,0.4218,0.3739,0.3614,0.3744,0.3989,0.4235,0.4416,0.4502,0.4465,0.4263,0.3831,0.3094,0.2039,0.0826,-0.0155,-0.0486,-0.0074,0.0829,0.19,0.2938,0.3864,0.4667,0.5362,0.5968,0.6504,0.6982,0.7413,0.7803,0.8157,1.081,1.0356,0.9623,0.8561,0.718,0.5591,0.4024,0.28,0.2191,0.2228,0.2676,0.3236,0.3719,0.4063,0.4266,0.4323,0.4188,0.374,0.278,0.112,-0.1104,-0.304,-0.3569,-0.2574,-0.087,0.0841,0.2295,0.3472,0.4426,0.5216,0.5886,0.6468,0.6982,0.7442,0.7855,0.8228,1.1712,1.1357,1.0602,0.9305,0.7411,0.5031,0.2508,0.0476,-0.0366,0.0098,0.1225,0.2337,0.3159,0.3698,0.4041,0.4246,0.4289,0.3998,0.2955,0.0475,-0.3785,-0.8013,-0.8712,-0.6059,-0.2777,-0.0133,0.1795,0.3207,0.4281,0.5141,0.5858,0.6476,0.702,0.7504,0.7938,0.8328,1.2944,1.2866,1.2253,1.077,0.8199,0.4581,0.0295,-0.3528,-0.4891,-0.326,-0.0653,0.137,0.2604,0.3316,0.378,0.4178,0.4567,0.4807,0.4265,0.1223,-0.6613,-1.6343,-1.6516,-0.9846,-0.4217,-0.0646,0.1614,0.3141,0.4261,0.5146,0.5887,0.6529,0.7097,0.7603,0.8056,0.8461,1.4533,1.5064,1.4992,1.3553,1.0172,0.4824,-0.2342,-1.0116,-1.2902,-0.8082,-0.2593,0.0592,0.2139,0.2885,0.3373,0.3956,0.4845,0.6133,0.7349,0.5251,-0.5326,-2.1437,-2.0562,-1.0479,-0.3906,-0.0276,0.1874,0.3299,0.4359,0.522,0.5963,0.6621,0.7211,0.7739,0.821,0.8629,1.6367,1.8032,1.9381,1.8648,1.4268,0.6875,-0.3134,-1.6037,-2.1453,-1.1519,-0.328,0.0398,0.1826,0.231,0.2602,0.3259,0.4638,0.6992,1.0244,0.9679,0.2262,-0.7643,-0.9719,-0.5204,-0.1405,0.0959,0.2487,0.36,0.4514,0.5324,0.6064,0.6743,0.736,0.7913,0.8403,0.8835,1.8007,2.1289,2.5669,2.7351,2.0956,1.1011,0.0909,-0.9779,-1.4072,-0.7383,-0.1682,0.086,0.1594,0.1403,0.1066,0.1555,0.3372,0.6084,0.8691,0.9322,0.9863,0.7396,0.2831,0.1377,0.1698,0.239,0.3108,0.3842,0.4609,0.5391,0.6159,0.6882,0.7541,0.8127,0.864,0.9085,1.8652,2.2935,3.0791,3.7317,2.65,1.4363,0.6269,0.0317,-0.2416,-0.1612,0.0291,0.1456,0.1303,-0.0023,-0.2018,-0.2249,0.0812,0.442,0.7405,1.1153,1.8385,1.6528,0.9106,0.5205,0.3656,0.3174,0.3268,0.3754,0.4493,0.5351,0.622,0.7034,0.776,0.8391,0.8929,0.9384,1.7805,2.0811,2.5669,2.8655,2.0606,1.41,0.9258,0.4664,-0.0264,-0.2051,0.0477,0.1855,0.0997,-0.1602,-0.733,-1.029,-0.2331,0.3267,0.6737,1.0514,1.5536,1.4612,0.9577,0.5959,0.3785,0.2663,0.2474,0.3032,0.4021,0.5152,0.6243,0.7213,0.8036,0.8719,0.928,0.9739,1.6138,1.6939,1.6063,1.0826,1.0912,1.2782,1.1749,0.7842,-0.4574,-1.0709,-0.0166,0.2626,0.068,-0.2578,-0.7172,-1.0582,-0.1653,0.3828,0.6633,0.8547,1.0094,0.9762,0.7444,0.452,0.1804,0.0138,0.0107,0.1355,0.31,0.4811,0.6279,0.7466,0.8402,0.9134,0.9706,1.0157,1.4707,1.4545,1.3017,1.0032,1.0471,1.3467,1.635,1.8048,0.6329,-0.2239,0.3768,0.5147,0.024,-0.8105,-0.4562,-0.1417,0.2424,0.656,0.8218,0.8218,0.8154,0.7391,0.5283,0.158,-0.306,-0.5872,-0.4786,-0.1504,0.1832,0.449,0.6456,0.788,0.891,0.9663,1.0221,1.0641,1.3848,1.3636,1.2972,1.2272,1.2809,1.5047,1.9629,3.0661,1.7274,1.034,0.9885,1.2017,0.6347,-0.8515,-0.2962,0.135,0.4595,1.0719,1.1247,0.8775,0.7772,0.6493,0.3687,-0.2349,-1.2093,-1.7801,-1.2837,-0.5033,0.0787,0.4565,0.6987,0.8563,0.9609,1.0322,1.0822,1.1186,1.3398,1.332,1.3161,1.3171,1.3762,1.5224,1.7383,1.7329,1.5827,1.3522,1.3698,2.0731,2.1349,0.0428,0.2015,0.1505,0.3916,0.8491,0.9797,0.8659,0.7592,0.6223,0.3217,-0.4735,-2.1015,-3.1079,-1.9565,-0.6614,0.1174,0.5563,0.8095,0.9597,1.0514,1.1096,1.1488,1.1768,1.3163,1.3183,1.3223,1.3402,1.3863,1.4645,1.5471,1.5664,1.517,1.5153,1.5919,1.5626,1.1296,0.7737,0.4737,0.1616,0.71,0.7707,0.8839,0.83,0.6614,0.5729,0.4242,-0.1773,-1.4666,-2.2874,-1.3914,-0.2792,0.4059,0.7818,0.9854,1.0952,1.1553,1.1909,1.2154,1.2341,1.3038,1.3107,1.3212,1.3406,1.373,1.4162,1.4582,1.4891,1.5436,1.7486,2.25,1.6862,1.4115,1.0422,0.8499,0.7389,0.8371,0.9588,1.0428,0.8124,0.2346,0.3342,0.587,0.4275,-0.036,-0.3061,0.0243,0.5424,0.9078,1.1088,1.2037,1.2398,1.251,1.2588,1.2702,1.2836,1.2974,1.3065,1.3187,1.3365,1.361,1.3915,1.4264,1.4732,1.566,1.7859,2.1622,1.8292,1.6518,1.6361,1.336,1.237,1.2456,1.4096,1.511,1.0961,0.206,0.3798,0.85,1.0111,1.0653,1.1825,1.3539,1.4597,1.4866,1.4662,1.4131,1.3458,1.2961,1.2835,1.2972,1.3179,1.2949,1.3049,1.3176,1.334,1.3552,1.3817,1.4155,1.4634,1.5395,1.6506,1.7355,1.6966,1.7352,1.7905,1.9494,2.0658,1.8496,1.9952,2.2957,1.8054,1.2649,1.1392,1.3263,1.5793,1.9502,2.423,2.5909,2.3353,2.0285,1.782,1.5541,1.3439,1.2264,1.2295,1.2845,1.3352,1.2951,1.3057,1.3185,1.3344,1.3543,1.3791,1.4107,1.4525,1.507,1.5687,1.6194,1.6609,1.7564,2.0517,3.106,3.5697,2.4169,2.2131,2.3713,2.4012,2.0295,1.7938,1.8345,2.0926,2.6683,3.6095,3.8277,3.0372,2.4372,2.0244,1.6159,1.2029,1.0148,1.1045,1.25,1.3485,1.2974,1.3083,1.3214,1.3372,1.3564,1.38,1.4093,1.4456,1.4891,1.5383,1.5932,1.6703,1.8233,2.1958,3.0,3.2603,2.5285,2.3728,2.8983,3.1811,2.5059,2.2552,2.2787,2.462,2.9371,3.8364,4.046,3.1511,2.6348,2.2329,1.7269,1.143,0.8956,1.0585,1.2636,1.3867,1.301,1.3124,1.3257,1.3415,1.3605,1.3833,1.4108,1.444,1.4834,1.5305,1.5903,1.6774,1.8225,2.067,2.3731,2.4721,2.3414,2.3705,2.6721,2.8044,2.6408,2.7046,2.7942,2.7683,2.8615,3.0176,2.82,2.7803,2.7343,2.5073,2.0484,1.4876,1.1993,1.2541,1.3847,1.4712,1.3057,1.3174,1.331,1.347,1.3658,1.3881,1.4146,1.4461,1.4839,1.53,1.5891,1.6697,1.7825,1.9289,2.0742,2.1558,2.189,2.2723,2.4309,2.595,2.8806,3.4703,3.6685,3.1896,2.867,2.7232,2.5175,2.699,3.0519,2.982,2.5325,2.0163,1.6847,1.5787,1.5767,1.5898,1.311,1.3231,1.3369,1.353,1.3717,1.3937,1.4195,1.4501,1.4865,1.5307,1.5856,1.6551,1.7414,1.8401,1.9367,2.0171,2.0929,2.1966,2.3532,2.6084,3.1339,4.0557,4.3214,3.5022,2.9459,2.7644,2.7678,3.1577,3.8503,3.6331,2.9859,2.4288,2.0595,1.8595,1.7626,1.7112,1.3167,1.329,1.3431,1.3593,1.378,1.3997,1.4249,1.4545,1.4894,1.531,1.5808,1.6405,1.7099,1.7865,1.8651,1.9442,2.0318,2.1455,2.311,2.5776,3.0275,3.6048,3.7538,3.3136,2.9296,2.8112,2.9311,3.3905,3.9593,3.7407,3.1341,2.6221,2.2671,2.0404,1.9003,1.8107]},{"header":{"la1":42.85,"la2":41.18,"lo1":11.55,"lo2":14.05,"nx":36,"ny":24,"dx":0.07143,"dy":0.07261,"parameterCategory":2,"parameterNumber":3,"parameterNumberName":"northward_wind","parameterUnit":"m.s-1"},"data":[-0.2817,-0.3079,-0.3438,-0.3893,-0.4424,-0.4995,-0.5552,-0.6042,-0.6434,-0.6728,-0.6958,-0.7175,-0.7424,-0.774,-0.814,-0.8636,-0.9232,-0.9927,-1.0706,-1.1525,-1.2287,-1.2848,-1.3086,-1.2968,-1.2568,-1.2006,-1.1383,-1.0765,-1.0186,-0.9659,-0.9186,-0.8765,-0.839,-0.8057,-0.7761,-0.7497,-0.236,-0.2628,-0.3036,-0.3593,-0.4282,-0.5045,-0.5793,-0.6424,-0.6868,-0.7124,-0.7266,-0.7389,-0.7572,-0.7859,-0.827,-0.8815,-0.9503,-1.0348,-1.1361,-1.2516,-1.3675,-1.4556,-1.487,-1.4569,-1.3851,-1.2963,-1.2072,-1.1254,-1.0529,-0.9898,-0.9351,-0.8876,-0.8463,-0.8101,-0.7783,-0.7504,-0.1764,-0.2008,-0.2456,-0.3144,-0.4064,-0.5142,-0.6225,-0.711,-0.7629,-0.7776,-0.7718,-0.7655,-0.7715,-0.7945,-0.8352,-0.8936,-0.9706,-1.0696,-1.1979,-1.3633,-1.5531,-1.707,-1.7492,-1.6743,-1.541,-1.4009,-1.2758,-1.1701,-1.0821,-1.0087,-0.947,-0.8946,-0.8498,-0.8113,-0.7779,-0.7487,-0.0982,-0.1141,-0.1589,-0.2423,-0.3677,-0.5272,-0.6977,-0.8377,-0.9029,-0.8886,-0.8384,-0.7973,-0.7836,-0.7981,-0.8371,-0.8977,-0.9794,-1.0858,-1.2342,-1.4639,-1.7947,-2.1007,-2.1503,-1.9598,-1.7131,-1.5006,-1.3339,-1.2043,-1.1021,-1.0199,-0.9525,-0.8964,-0.8491,-0.8089,-0.7743,-0.7445,0.0032,0.0082,-0.0254,-0.1204,-0.2908,-0.5327,-0.8195,-1.0761,-1.1727,-1.0786,-0.9298,-0.829,-0.7892,-0.7946,-0.8317,-0.8928,-0.9735,-1.0697,-1.2006,-1.4741,-2.0431,-2.6954,-2.7068,-2.2594,-1.8537,-1.568,-1.3673,-1.2207,-1.1092,-1.0214,-0.9506,-0.8923,-0.8436,-0.8025,-0.7675,-0.7375,0.1295,0.1784,0.1831,0.0918,-0.1336,-0.4924,-0.9727,-1.493,-1.6811,-1.3685,-1.024,-0.8441,-0.7816,-0.7829,-0.8198,-0.8803,-0.9558,-1.0196,-1.0433,-1.2504,-2.0264,-3.0382,-2.9854,-2.351,-1.8797,-1.5733,-1.3646,-1.2144,-1.101,-1.0123,-0.9408,-0.8821,-0.8332,-0.7921,-0.7574,-0.7278,0.2727,0.4012,0.5036,0.4601,0.1669,-0.3309,-1.0053,-1.8791,-2.2476,-1.5741,-1.0325,-0.8153,-0.7558,-0.765,-0.8054,-0.8642,-0.9362,-0.9797,-0.8613,-0.9468,-1.725,-2.3781,-2.4481,-2.1101,-1.7699,-1.513,-1.3258,-1.1863,-1.0788,-0.9932,-0.9235,-0.8659,-0.818,-0.7779,-0.7441,-0.7156,0.4022,0.6426,0.9481,1.0646,0.6393,-0.0271,-0.7058,-1.4308,-1.7231,-1.2495,-0.8716,-0.7343,-0.717,-0.75,-0.7993,-0.8523,-0.9183,-0.9986,-1.0412,-1.3026,-2.0057,-2.2189,-2.0736,-1.8484,-1.6149,-1.4183,-1.2645,-1.1439,-1.0468,-0.9668,-0.9002,-0.8447,-0.7985,-0.7601,-0.728,-0.701,0.4633,0.7747,1.3047,1.728,1.0309,0.2288,-0.3045,-0.6698,-0.8025,-0.7228,-0.6427,-0.635,-0.6825,-0.754,-0.8244,-0.8656,-0.8967,-0.9937,-1.2215,-1.8098,-2.8829,-2.7224,-2.0552,-1.6951,-1.477,-1.3209,-1.1995,-1.0988,-1.0121,-0.937,-0.873,-0.8195,-0.7754,-0.7393,-0.7095,-0.6848,0.4221,0.6611,1.0086,1.2138,0.7165,0.2529,-0.0715,-0.2744,-0.3829,-0.4255,-0.4714,-0.5529,-0.6699,-0.7894,-0.9027,-0.9497,-0.8769,-0.9139,-1.1283,-1.6586,-2.4494,-2.3864,-1.849,-1.525,-1.3517,-1.2415,-1.1516,-1.0655,-0.9827,-0.9076,-0.8435,-0.7912,-0.7494,-0.7161,-0.6894,-0.6675,0.3185,0.4326,0.4721,0.297,0.2698,0.1956,0.0675,-0.0507,-0.2839,-0.3751,-0.3668,-0.482,-0.6955,-0.8899,-0.9384,-0.9518,-0.8164,-0.7735,-0.8773,-1.1584,-1.5002,-1.5869,-1.4501,-1.3234,-1.2589,-1.2161,-1.152,-1.062,-0.966,-0.8806,-0.812,-0.7597,-0.7207,-0.6914,-0.6688,-0.6503,0.2134,0.2682,0.2748,0.2266,0.2102,0.1809,0.2508,0.3712,-0.0211,-0.2547,-0.2444,-0.3295,-0.7325,-1.3229,-1.0951,-0.8299,-0.6798,-0.5635,-0.5828,-0.7729,-0.9779,-1.0989,-1.1426,-1.1899,-1.2769,-1.3257,-1.2523,-1.1058,-0.963,-0.8528,-0.7756,-0.7241,-0.69,-0.6667,-0.6494,-0.635,0.1266,0.1603,0.1753,0.1709,0.153,0.164,0.3397,1.1157,0.0997,-0.0676,-0.0291,0.2381,-0.21,-1.4119,-1.0976,-0.6992,-0.544,-0.3127,-0.3126,-0.5613,-0.731,-0.8537,-0.9726,-1.1721,-1.5037,-1.7003,-1.4988,-1.1862,-0.9547,-0.8113,-0.7285,-0.6832,-0.6589,-0.6448,-0.6344,-0.6243,0.0563,0.0773,0.0879,0.0867,0.0805,0.0936,0.1287,-0.0431,-0.0824,-0.0512,0.1,1.0737,1.2358,-0.8493,-0.7027,-0.4241,-0.4574,-0.4021,-0.383,-0.5083,-0.6332,-0.7371,-0.8676,-1.1693,-1.8,-2.1992,-1.7299,-1.2004,-0.8919,-0.7357,-0.6647,-0.6386,-0.6326,-0.632,-0.6292,-0.6223,-0.0006,0.0119,0.0174,0.0162,0.0124,0.0118,0.0051,-0.035,-0.0772,-0.0928,-0.0539,0.0518,-0.38,-1.4065,-0.6191,-0.3782,-0.6566,-0.4832,-0.4249,-0.5087,-0.6721,-0.7362,-0.7697,-0.9872,-1.506,-1.8462,-1.458,-0.9871,-0.7224,-0.6114,-0.5857,-0.5998,-0.6237,-0.6399,-0.6427,-0.6346,-0.0463,-0.0393,-0.0371,-0.0395,-0.045,-0.0528,-0.0668,-0.0915,-0.1203,-0.1365,-0.1229,-0.27,-0.3748,-0.6316,-0.528,-0.495,-0.5751,-0.3807,-0.2876,-0.5097,-1.0244,-0.9409,-0.6851,-0.6742,-0.8291,-0.9207,-0.7623,-0.5511,-0.448,-0.4483,-0.5093,-0.5908,-0.6572,-0.6887,-0.6875,-0.6674,-0.0829,-0.0792,-0.0793,-0.0829,-0.0897,-0.0999,-0.1145,-0.1337,-0.1531,-0.1613,-0.1449,-0.218,-0.2287,-0.2239,-0.3401,-0.3303,-0.2386,0.0297,0.2092,-0.221,-1.0468,-0.9112,-0.5187,-0.3399,-0.2236,-0.0933,0.0067,-0.0056,-0.1153,-0.2792,-0.4715,-0.6559,-0.7772,-0.8082,-0.7769,-0.7242,-0.112,-0.1105,-0.1118,-0.1161,-0.1231,-0.133,-0.1458,-0.1606,-0.1749,-0.1857,-0.1963,-0.2136,-0.183,-0.1717,-0.2044,-0.1482,0.0479,0.6783,1.301,0.5061,-0.1398,-0.3103,-0.1896,0.0216,0.3602,0.7803,0.9044,0.6109,0.2239,-0.1426,-0.5111,-0.853,-1.04,-1.023,-0.911,-0.7975,-0.1353,-0.1349,-0.1368,-0.141,-0.1475,-0.156,-0.1662,-0.1773,-0.1882,-0.1976,-0.2057,-0.2089,-0.198,-0.1728,-0.1053,-0.0665,0.1435,0.7247,1.1565,0.9259,0.4594,0.1522,0.1248,0.3409,0.8895,1.7902,1.9923,1.18,0.4853,-0.0598,-0.613,-1.1695,-1.4244,-1.2848,-1.0456,-0.86,-0.1538,-0.154,-0.156,-0.1597,-0.165,-0.1717,-0.1792,-0.1871,-0.1942,-0.1997,-0.202,-0.1976,-0.181,-0.1437,-0.0864,-0.0409,0.1636,0.5966,1.244,1.4981,0.7667,0.3733,0.3033,0.4947,1.0352,1.983,2.1973,1.2449,0.5506,-0.0227,-0.6364,-1.3043,-1.5952,-1.3822,-1.0842,-0.8712,-0.1685,-0.1689,-0.1705,-0.1734,-0.1774,-0.1822,-0.1873,-0.192,-0.1955,-0.1967,-0.1937,-0.1835,-0.1619,-0.1244,-0.0705,0.0107,0.1822,0.4911,0.9086,1.0211,0.6474,0.3848,0.3365,0.4708,0.8072,1.1717,1.1636,0.9305,0.4318,-0.0465,-0.509,-1.0082,-1.27,-1.1777,-0.9781,-0.8136,-0.1803,-0.1805,-0.1816,-0.1836,-0.1862,-0.1891,-0.1919,-0.1939,-0.1942,-0.1917,-0.1846,-0.1706,-0.1467,-0.1095,-0.0551,0.0266,0.1552,0.3341,0.5069,0.5391,0.4099,0.2917,0.2745,0.3685,0.5868,0.8481,1.0726,0.7803,0.0741,-0.2427,-0.4246,-0.6691,-0.8513,-0.8735,-0.8012,-0.7132,-0.1896,-0.1895,-0.1901,-0.1911,-0.1924,-0.1937,-0.1944,-0.194,-0.1917,-0.1864,-0.1767,-0.1607,-0.1361,-0.1005,-0.0507,0.0179,0.1084,0.2118,0.2959,0.3191,0.2826,0.2409,0.234,0.2904,0.4183,0.5628,0.5882,0.0819,-0.6702,-0.6078,-0.4687,-0.5103,-0.6017,-0.648,-0.6413,-0.6089,-0.1971,-0.1967,-0.1966,-0.1967,-0.1968,-0.1967,-0.1957,-0.1935,-0.1892,-0.182,-0.1707,-0.1539,-0.1301,-0.0977,-0.0548,-0.0005,0.0637,0.1302,0.1843,0.2134,0.2216,0.2257,0.2308,0.2488,0.2884,0.3006,0.1638,-0.2922,-0.7739,-0.6789,-0.4892,-0.4468,-0.4779,-0.5124,-0.5261,-0.5218]}]