docs/data/wind_grid.json
[{"header":{"la1":42.85,"la2":41.18,"lo1":11.55,"lo2":14.05,"nx":36,"ny":24,"dx":0.07143,"dy":0.07261,"parameterCategory":2,"parameterNumber":2,"parameterNumberName":"eastward_wind","parameterUnit":"m.s-1"},"data":[-0.6875,-0.6986,-0.7111,-0.7247,-0.7386,-0.7517,-0.7622,-0.7683,-0.769,-0.7649,-0.7582,-0.752,-0.749,-0.7508,-0.7578,-0.7693,-0.7833,-0.7969,-0.8071,-0.8115,-0.8093,-0.8012,-0.7888,-0.774,-0.7582,-0.7425,-0.7275,-0.7135,-0.7006,-0.6888,-0.678,-0.6683,-0.6595,-0.6516,-0.6445,-0.6381,-0.6899,-0.703,-0.7185,-0.7363,-0.7557,-0.7749,-0.7911,-0.8005,-0.8004,-0.7913,-0.7774,-0.7643,-0.7568,-0.7576,-0.7671,-0.7841,-0.8057,-0.8272,-0.8433,-0.8497,-0.8453,-0.8322,-0.8137,-0.793,-0.7722,-0.7524,-0.7342,-0.7177,-0.7029,-0.6897,-0.6779,-0.6673,-0.6579,-0.6495,-0.642,-0.6354,-0.691,-0.7064,-0.7254,-0.7485,-0.7758,-0.8053,-0.8324,-0.8493,-0.8489,-0.8306,-0.8031,-0.7778,-0.7628,-0.7616,-0.7747,-0.8002,-0.8342,-0.8691,-0.8951,-0.9039,-0.8943,-0.8717,-0.8432,-0.8139,-0.7864,-0.7617,-0.74,-0.7209,-0.7041,-0.6895,-0.6766,-0.6653,-0.6553,-0.6465,-0.6388,-0.6319,-0.6904,-0.7076,-0.7301,-0.7596,-0.7975,-0.8435,-0.8916,-0.9264,-0.928,-0.8919,-0.838,-0.7911,-0.7642,-0.7603,-0.7784,-0.8165,-0.8702,-0.9286,-0.9723,-0.9834,-0.9613,-0.9208,-0.8763,-0.8353,-0.7997,-0.7695,-0.744,-0.7223,-0.7038,-0.6879,-0.6741,-0.6622,-0.6517,-0.6426,-0.6346,-0.6276,-0.6873,-0.7056,-0.7307,-0.766,-0.8162,-0.8858,-0.9725,-1.0498,-1.0624,-0.9883,-0.8822,-0.7997,-0.7567,-0.7498,-0.7746,-0.8292,-0.9123,-1.0115,-1.0889,-1.1,-1.0491,-0.9767,-0.9093,-0.854,-0.8098,-0.7743,-0.7454,-0.7215,-0.7015,-0.6845,-0.6701,-0.6576,-0.6469,-0.6375,-0.6294,-0.6224,-0.6813,-0.6992,-0.7248,-0.763,-0.8224,-0.9172,-1.0615,-1.2296,-1.28,-1.1223,-0.9208,-0.7915,-0.7333,-0.7257,-0.7582,-0.8305,-0.9488,-1.1093,-1.2469,-1.2512,-1.1446,-1.0263,-0.9337,-0.8654,-0.8141,-0.7746,-0.7432,-0.7177,-0.6968,-0.6792,-0.6644,-0.6517,-0.6407,-0.6313,-0.6232,-0.6162,-0.6723,-0.6882,-0.7111,-0.7464,-0.8044,-0.9069,-1.0919,-1.3696,-1.4883,-1.2037,-0.9024,-0.7464,-0.6868,-0.6843,-0.7248,-0.8095,-0.9507,-1.1598,-1.3592,-1.353,-1.193,-1.0441,-0.9389,-0.8649,-0.8106,-0.7692,-0.7368,-0.7107,-0.6894,-0.6717,-0.6568,-0.6441,-0.6331,-0.6238,-0.6157,-0.6089,-0.6612,-0.6735,-0.6908,-0.7168,-0.7589,-0.8336,-0.9728,-1.1905,-1.2732,-1.0143,-0.7692,-0.6542,-0.6162,-0.6249,-0.6733,-0.7632,-0.9,-1.0846,-1.2542,-1.2601,-1.1379,-1.0148,-0.9212,-0.8516,-0.7988,-0.7579,-0.7259,-0.7003,-0.6794,-0.6621,-0.6474,-0.6348,-0.6241,-0.6148,-0.607,-0.6004,-0.6491,-0.6573,-0.6678,-0.6816,-0.7005,-0.7274,-0.7643,-0.7946,-0.7519,-0.6368,-0.5628,-0.5351,-0.5295,-0.5489,-0.6055,-0.7042,-0.8352,-0.9731,-1.0748,-1.0942,-1.0413,-0.9643,-0.8907,-0.829,-0.7797,-0.741,-0.7107,-0.6865,-0.6668,-0.6503,-0.6362,-0.624,-0.6134,-0.6043,-0.5967,-0.5905,-0.6373,-0.642,-0.6469,-0.6512,-0.6527,-0.6454,-0.6136,-0.5218,-0.3488,-0.2692,-0.3633,-0.4259,-0.4379,-0.4535,-0.5184,-0.6467,-0.813,-0.9636,-1.0459,-1.0493,-1.0001,-0.9298,-0.8603,-0.8013,-0.7547,-0.719,-0.6915,-0.6698,-0.652,-0.6368,-0.6234,-0.6115,-0.6011,-0.5921,-0.5848,-0.579,-0.627,-0.6294,-0.6314,-0.632,-0.6292,-0.6178,-0.581,-0.4538,-0.0712,0.1083,-0.2355,-0.358,-0.3453,-0.3206,-0.3935,-0.592,-0.8691,-1.1277,-1.2246,-1.1532,-1.0292,-0.9171,-0.8305,-0.7677,-0.7234,-0.692,-0.669,-0.651,-0.6357,-0.622,-0.6092,-0.5974,-0.5869,-0.5779,-0.5708,-0.5655,-0.6184,-0.6199,-0.6214,-0.6232,-0.6265,-0.6342,-0.6507,-0.6407,-0.3522,-0.121,-0.2993,-0.3445,-0.2613,-0.1217,-0.2183,-0.5475,-1.037,-1.6042,-1.7075,-1.3785,-1.0835,-0.8975,-0.7869,-0.722,-0.6837,-0.6601,-0.6441,-0.6312,-0.6191,-0.6068,-0.594,-0.5816,-0.5703,-0.561,-0.554,-0.5495,-0.6112,-0.6125,-0.6147,-0.6191,-0.6295,-0.6545,-0.7121,-0.7984,-0.6928,-0.4751,-0.4091,-0.3715,-0.2765,-0.0577,-0.1494,-0.583,-1.2411,-2.3659,-2.3805,-1.5423,-1.0593,-0.8204,-0.7069,-0.6561,-0.6344,-0.625,-0.6193,-0.6129,-0.604,-0.5921,-0.5781,-0.5635,-0.5504,-0.5402,-0.5335,-0.5303,-0.6051,-0.6062,-0.6087,-0.6141,-0.6257,-0.65,-0.6943,-0.7451,-0.6904,-0.5434,-0.4579,-0.4037,-0.3635,-0.1395,-0.3546,-0.7765,-1.2778,-1.8656,-1.9078,-1.2816,-0.8416,-0.6369,-0.5736,-0.5679,-0.5788,-0.5911,-0.599,-0.5999,-0.593,-0.5794,-0.5612,-0.5419,-0.5252,-0.5135,-0.5076,-0.5066,-0.5994,-0.6003,-0.6022,-0.6063,-0.6143,-0.6276,-0.6442,-0.6475,-0.6052,-0.5375,-0.4964,-0.4673,-0.3828,-0.3031,-0.5057,-1.1661,-1.7516,-1.3517,-1.126,-0.7641,-0.4205,-0.3272,-0.3927,-0.47,-0.528,-0.5678,-0.5908,-0.5976,-0.5897,-0.5698,-0.5424,-0.5138,-0.4908,-0.4774,-0.4738,-0.4773,-0.5941,-0.5944,-0.5953,-0.5973,-0.6005,-0.6041,-0.6044,-0.5934,-0.5654,-0.5313,-0.506,-0.5706,-0.5462,-0.5042,-0.6375,-1.0903,-1.4815,-1.0455,-0.6758,-0.3171,0.1063,0.0399,-0.2244,-0.3955,-0.5016,-0.5691,-0.6054,-0.6136,-0.5982,-0.5642,-0.5188,-0.4734,-0.4405,-0.4266,-0.4292,-0.4413,-0.5892,-0.5888,-0.5886,-0.5886,-0.5886,-0.5872,-0.5826,-0.5721,-0.5559,-0.538,-0.5208,-0.5725,-0.7463,-0.8287,-0.6936,-0.757,-0.7703,-0.5061,-0.2389,-0.1099,0.1848,0.0975,-0.1838,-0.381,-0.5186,-0.6116,-0.656,-0.6561,-0.6226,-0.5629,-0.4856,-0.4107,-0.3638,-0.3548,-0.372,-0.3993,-0.5846,-0.5836,-0.5826,-0.5814,-0.5797,-0.5769,-0.5721,-0.5653,-0.5582,-0.5551,-0.5663,-0.6249,-0.7963,-0.834,-0.6483,-0.5745,-0.4513,-0.0401,0.3053,0.0215,-0.0482,-0.1042,-0.2524,-0.4207,-0.583,-0.7074,-0.7521,-0.728,-0.6647,-0.5664,-0.4383,-0.3154,-0.2525,-0.2615,-0.3066,-0.3564,-0.5804,-0.579,-0.5775,-0.5757,-0.5734,-0.5705,-0.5669,-0.5632,-0.5613,-0.5648,-0.5798,-0.6148,-0.6601,-0.6401,-0.5367,-0.5013,-0.3775,-0.0334,0.1867,0.0348,-0.0832,-0.1831,-0.3036,-0.4661,-0.6635,-0.8303,-0.864,-0.8103,-0.7201,-0.5796,-0.3883,-0.2034,-0.129,-0.1708,-0.251,-0.3235,-0.5766,-0.575,-0.5731,-0.5711,-0.5687,-0.5661,-0.5634,-0.5614,-0.5612,-0.5647,-0.5735,-0.5861,-0.5906,-0.5649,-0.5156,-0.4854,-0.3688,-0.1531,0.0328,0.0773,-0.0663,-0.1816,-0.296,-0.4672,-0.6926,-0.8674,-0.8971,-0.8854,-0.7885,-0.6151,-0.3822,-0.1615,-0.0826,-0.1403,-0.2342,-0.3139,-0.5732,-0.5714,-0.5694,-0.5672,-0.5649,-0.5624,-0.5601,-0.5584,-0.5578,-0.5589,-0.561,-0.5615,-0.554,-0.5319,-0.4974,-0.4489,-0.3542,-0.2098,-0.0652,-0.0242,-0.0877,-0.1263,-0.1944,-0.3855,-0.6635,-0.92,-1.1159,-1.0618,-0.8785,-0.6735,-0.4488,-0.2524,-0.1705,-0.1995,-0.2678,-0.3321,-0.5701,-0.5681,-0.566,-0.5638,-0.5614,-0.5589,-0.5565,-0.5544,-0.5526,-0.5509,-0.5484,-0.5428,-0.5307,-0.5091,-0.4763,-0.4279,-0.3555,-0.263,-0.1769,-0.1259,-0.0721,0.0521,0.0697,-0.2004,-0.5869,-0.9785,-1.2699,-1.1609,-0.9236,-0.7181,-0.5341,-0.3858,-0.308,-0.3008,-0.3307,-0.3691,-0.5672,-0.5652,-0.563,-0.5606,-0.558,-0.5554,-0.5526,-0.5498,-0.5467,-0.5429,-0.5374,-0.5286,-0.5145,-0.4932,-0.4626,-0.4205,-0.3652,-0.3003,-0.2336,-0.1605,-0.0307,0.2011,0.267,-0.054,-0.4676,-0.8219,-1.0288,-1.0046,-0.8647,-0.7172,-0.5855,-0.4804,-0.4148,-0.3904,-0.3939,-0.4104,-0.5646,-0.5625,-0.5601,-0.5576,-0.5549,-0.5519,-0.5487,-0.5452,-0.541,-0.5356,-0.5284,-0.5181,-0.5035,-0.4831,-0.4557,-0.4203,-0.3766,-0.3258,-0.268,-0.1932,-0.0768,0.0712,0.0933,-0.113,-0.4007,-0.6466,-0.7924,-0.8184,-0.7648,-0.6829,-0.5998,-0.529,-0.4789,-0.4517,-0.4433,-0.4465]},{"header":{"la1":42.85,"la2":41.18,"lo1":11.55,"lo2":14.05,"nx":36,"ny":24,"dx":0.07143,"dy":0.07261,"parameterCategory":2,"parameterNumber":3,"parameterNumberName":"northward_wind","parameterUnit":"m.s-1"},"data":[-0.8265,-0.8238,-0.8193,-0.8129,-0.8048,-0.7953,-0.7849,-0.7741,-0.7632,-0.7516,-0.7383,-0.7221,-0.7023,-0.6788,-0.652,-0.6234,-0.5947,-0.5685,-0.5472,-0.5325,-0.5248,-0.5231,-0.5256,-0.5308,-0.5375,-0.5449,-0.5527,-0.5606,-0.5687,-0.5767,-0.5848,-0.5928,-0.6007,-0.6084,-0.6158,-0.6229,-0.8382,-0.8356,-0.8308,-0.8234,-0.8135,-0.8016,-0.7888,-0.7766,-0.7656,-0.7552,-0.7432,-0.7273,-0.706,-0.6788,-0.6464,-0.6103,-0.5732,-0.539,-0.5122,-0.4958,-0.49,-0.4925,-0.5,-0.5099,-0.5204,-0.5309,-0.5412,-0.5512,-0.5609,-0.5706,-0.58,-0.5894,-0.5985,-0.6073,-0.6157,-0.6236,-0.8513,-0.8491,-0.8439,-0.835,-0.8222,-0.806,-0.7885,-0.7731,-0.7622,-0.7552,-0.7474,-0.7339,-0.7118,-0.6807,-0.6411,-0.5947,-0.545,-0.4981,-0.4625,-0.4444,-0.4436,-0.4544,-0.4703,-0.4869,-0.5025,-0.5167,-0.5297,-0.5419,-0.5535,-0.5648,-0.5758,-0.5866,-0.597,-0.607,-0.6165,-0.6254,-0.8663,-0.8649,-0.8595,-0.8489,-0.8317,-0.808,-0.7805,-0.7569,-0.7457,-0.747,-0.7496,-0.7425,-0.7211,-0.6858,-0.6375,-0.5774,-0.5086,-0.4403,-0.3893,-0.3704,-0.3817,-0.4084,-0.4375,-0.4632,-0.4848,-0.5029,-0.5186,-0.533,-0.5465,-0.5596,-0.5723,-0.5846,-0.5966,-0.6079,-0.6186,-0.6284,-0.8833,-0.8835,-0.8789,-0.8669,-0.8444,-0.8086,-0.761,-0.7161,-0.7012,-0.7226,-0.7493,-0.7549,-0.7359,-0.6962,-0.6384,-0.5618,-0.4657,-0.3603,-0.2801,-0.2635,-0.3021,-0.357,-0.4049,-0.4413,-0.4687,-0.4903,-0.5085,-0.5248,-0.5403,-0.5552,-0.5697,-0.5838,-0.5974,-0.6103,-0.6223,-0.6332,-0.9026,-0.9057,-0.9035,-0.8923,-0.866,-0.8159,-0.7344,-0.6385,-0.6066,-0.6767,-0.7519,-0.7764,-0.7588,-0.7141,-0.6476,-0.5555,-0.4282,-0.267,-0.1329,-0.1259,-0.2169,-0.3119,-0.3796,-0.4246,-0.4558,-0.4796,-0.4995,-0.5175,-0.5348,-0.5517,-0.5683,-0.5845,-0.6,-0.6146,-0.628,-0.6401,-0.924,-0.9318,-0.9348,-0.9286,-0.9053,-0.8498,-0.7386,-0.57,-0.4993,-0.6509,-0.783,-0.8161,-0.7923,-0.7404,-0.6681,-0.569,-0.4249,-0.2201,-0.0281,-0.0332,-0.1746,-0.2951,-0.3699,-0.4159,-0.4469,-0.4708,-0.4915,-0.511,-0.5302,-0.5494,-0.5684,-0.587,-0.6048,-0.6214,-0.6364,-0.6496,-0.9467,-0.9608,-0.9723,-0.9772,-0.9682,-0.9313,-0.8431,-0.6963,-0.6367,-0.7804,-0.8807,-0.8809,-0.8353,-0.773,-0.6986,-0.6041,-0.4747,-0.2982,-0.1315,-0.1224,-0.2271,-0.3193,-0.3773,-0.4143,-0.4409,-0.4631,-0.484,-0.5049,-0.5264,-0.5483,-0.5703,-0.592,-0.6125,-0.6314,-0.6483,-0.6627,-0.9691,-0.991,-1.0135,-1.0346,-1.0502,-1.0533,-1.0369,-1.0111,-1.0255,-1.0673,-1.0406,-0.9618,-0.8799,-0.8068,-0.733,-0.6475,-0.5453,-0.4301,-0.3313,-0.2996,-0.3256,-0.3621,-0.3912,-0.4141,-0.4343,-0.4545,-0.4758,-0.4988,-0.5232,-0.5488,-0.5748,-0.6002,-0.6242,-0.6459,-0.6647,-0.6803,-0.9892,-1.0191,-1.0537,-1.0933,-1.1373,-1.1841,-1.2336,-1.3003,-1.4081,-1.4209,-1.2261,-1.0326,-0.9128,-0.8378,-0.7679,-0.6839,-0.5929,-0.5102,-0.4458,-0.4062,-0.3907,-0.3898,-0.3963,-0.4076,-0.4232,-0.4427,-0.4657,-0.4919,-0.5207,-0.5513,-0.5825,-0.613,-0.6414,-0.6664,-0.6874,-0.7039,-1.0045,-1.0415,-1.0871,-1.1439,-1.2149,-1.3011,-1.3959,-1.4932,-1.7041,-1.8164,-1.361,-1.054,-0.9251,-0.874,-0.8121,-0.7091,-0.604,-0.5317,-0.4838,-0.4414,-0.4077,-0.3881,-0.3826,-0.3887,-0.4038,-0.4256,-0.4526,-0.4839,-0.5189,-0.5564,-0.5948,-0.6322,-0.6662,-0.6953,-0.7184,-0.7353,-1.013,-1.0546,-1.1077,-1.1771,-1.2696,-1.392,-1.539,-1.6436,-1.6477,-1.6309,-1.267,-1.0078,-0.9248,-0.9439,-0.882,-0.7144,-0.5723,-0.5292,-0.5063,-0.4436,-0.3872,-0.3544,-0.3449,-0.3535,-0.374,-0.402,-0.4357,-0.4745,-0.5181,-0.5653,-0.6139,-0.6606,-0.7021,-0.736,-0.7609,-0.777,-1.013,-1.0558,-1.1111,-1.1846,-1.2855,-1.4268,-1.6176,-1.7958,-1.6666,-1.3671,-1.0916,-0.9471,-0.9121,-0.9676,-0.9023,-0.6369,-0.4643,-0.5687,-0.5683,-0.4195,-0.3248,-0.2801,-0.2766,-0.299,-0.3329,-0.3718,-0.4147,-0.4633,-0.5186,-0.5795,-0.6426,-0.7027,-0.7544,-0.7938,-0.8194,-0.8324,-1.0044,-1.0446,-1.0959,-1.1631,-1.2532,-1.3754,-1.5312,-1.6716,-1.5548,-1.195,-0.9519,-0.925,-0.9357,-0.8814,-0.7074,-0.3356,-0.0603,-0.3355,-0.4237,-0.2996,-0.1838,-0.1378,-0.1664,-0.2245,-0.2826,-0.3356,-0.3889,-0.4491,-0.52,-0.6007,-0.6856,-0.7657,-0.8315,-0.8765,-0.9,-0.9055,-0.9881,-1.0226,-1.0651,-1.1177,-1.1825,-1.2591,-1.3335,-1.352,-1.2129,-0.9557,-0.7739,-0.7305,-0.6978,-0.5212,-0.5109,0.2857,1.1157,0.2195,-0.1413,-0.0849,0.1086,0.1298,-0.0071,-0.1393,-0.2299,-0.2945,-0.355,-0.4278,-0.5202,-0.6309,-0.75,-0.8613,-0.9468,-0.9962,-1.0109,-1.0007,-0.966,-0.9931,-1.0244,-1.0596,-1.0968,-1.1291,-1.1392,-1.0934,-0.9588,-0.7532,-0.5554,-0.5313,-0.5768,-0.5751,-0.424,0.1956,0.7602,0.1725,-0.104,0.1103,0.6374,0.5328,0.1493,-0.0759,-0.1855,-0.2447,-0.3024,-0.3891,-0.5138,-0.6716,-0.8466,-1.0086,-1.122,-1.1693,-1.161,-1.1206,-0.9406,-0.9601,-0.9805,-1.0002,-1.0156,-1.0195,-0.9997,-0.9406,-0.8337,-0.6909,-0.5616,-0.5655,-0.5892,-0.5868,-0.4883,-0.2753,-0.1371,-0.2787,-0.3608,-0.0098,0.6907,0.5587,0.1374,-0.0767,-0.1502,-0.1651,-0.2035,-0.3135,-0.4916,-0.7235,-0.9894,-1.2356,-1.3863,-1.4132,-1.3542,-1.2618,-0.9141,-0.9268,-0.9382,-0.9464,-0.948,-0.9378,-0.9093,-0.8572,-0.7826,-0.6995,-0.6363,-0.6115,-0.6027,-0.5974,-0.5841,-0.5438,-0.4864,-0.6286,-0.8177,-0.4369,-0.0235,0.0667,-0.0529,-0.1301,-0.1005,-0.0057,-0.0061,-0.1811,-0.45,-0.7841,-1.1849,-1.5644,-1.7574,-1.7238,-1.5733,-1.4066,-0.8883,-0.8954,-0.9001,-0.9007,-0.8948,-0.8792,-0.8511,-0.8095,-0.7577,-0.7047,-0.6617,-0.6342,-0.6204,-0.6299,-0.7172,-0.7565,-0.6195,-0.6594,-0.7362,-0.5654,-0.3847,-0.2637,-0.2333,-0.1932,-0.0372,0.2561,0.3118,-0.0368,-0.4187,-0.8411,-1.3868,-1.9299,-2.1535,-2.0188,-1.7579,-1.5179,-0.8641,-0.867,-0.8672,-0.8633,-0.8538,-0.8369,-0.8119,-0.779,-0.7411,-0.7032,-0.6706,-0.647,-0.6359,-0.6495,-0.7109,-0.7279,-0.6362,-0.6041,-0.5999,-0.5967,-0.5038,-0.4157,-0.3609,-0.2794,-0.0902,0.2709,0.3463,-0.1247,-0.4682,-0.8684,-1.4541,-2.066,-2.2977,-2.1177,-1.8162,-1.5527,-0.8422,-0.8421,-0.8393,-0.8329,-0.822,-0.8057,-0.784,-0.7574,-0.7282,-0.699,-0.6729,-0.6527,-0.641,-0.642,-0.6531,-0.6464,-0.6114,-0.5856,-0.5792,-0.5705,-0.5327,-0.5063,-0.4788,-0.4073,-0.3059,-0.2848,-0.5185,-0.5401,-0.5895,-0.8543,-1.3186,-1.8138,-2.0356,-1.9371,-1.713,-1.4966,-0.8226,-0.8205,-0.8159,-0.8083,-0.797,-0.782,-0.7631,-0.7411,-0.7175,-0.6938,-0.6721,-0.6538,-0.6405,-0.6325,-0.6263,-0.6143,-0.5949,-0.5772,-0.5664,-0.5596,-0.5653,-0.6049,-0.6132,-0.5363,-0.48,-0.5785,-0.7877,-0.7148,-0.6695,-0.8225,-1.1224,-1.446,-1.6307,-1.6279,-1.5163,-1.3785,-0.8054,-0.8019,-0.7963,-0.7881,-0.7772,-0.7634,-0.7469,-0.7283,-0.7084,-0.6885,-0.6697,-0.6529,-0.6388,-0.6269,-0.6157,-0.6029,-0.5884,-0.5754,-0.5673,-0.5692,-0.5968,-0.6632,-0.683,-0.6046,-0.5531,-0.5943,-0.6701,-0.6752,-0.6879,-0.7917,-0.9749,-1.1737,-1.3104,-1.3499,-1.3141,-1.2428,-0.7903,-0.786,-0.7798,-0.7716,-0.7611,-0.7485,-0.7339,-0.7178,-0.7008,-0.6836,-0.6669,-0.6514,-0.6373,-0.6245,-0.6121,-0.5998,-0.5878,-0.5777,-0.5724,-0.5766,-0.5984,-0.6345,-0.6424,-0.6047,-0.5762,-0.5876,-0.6195,-0.6464,-0.6856,-0.7642,-0.8801,-1.0046,-1.1011,-1.1483,-1.1489,-1.1192]}]