docs/data/wind_grid.json
[{"header":{"la1":42.85,"la2":41.18,"lo1":11.55,"lo2":14.05,"nx":36,"ny":24,"dx":0.07143,"dy":0.07261,"parameterCategory":2,"parameterNumber":2,"parameterNumberName":"eastward_wind","parameterUnit":"m.s-1"},"data":[0.4381,0.4372,0.4362,0.4351,0.4339,0.4325,0.4309,0.4289,0.4266,0.4242,0.422,0.4206,0.4207,0.4226,0.4266,0.4323,0.439,0.4457,0.4512,0.4545,0.4553,0.454,0.4511,0.4475,0.4438,0.4402,0.4369,0.4341,0.4317,0.4298,0.4282,0.427,0.4261,0.4254,0.425,0.4247,0.4395,0.4386,0.4377,0.4368,0.4358,0.4346,0.4332,0.4311,0.4282,0.4246,0.4211,0.4186,0.4181,0.4204,0.4258,0.434,0.4441,0.4543,0.4624,0.4667,0.4668,0.4635,0.4584,0.4526,0.447,0.4421,0.4378,0.4343,0.4314,0.4292,0.4274,0.426,0.425,0.4244,0.4239,0.4237,0.4412,0.4404,0.4397,0.4389,0.4383,0.4378,0.4369,0.4351,0.4316,0.4265,0.4206,0.416,0.4143,0.4167,0.424,0.4361,0.4517,0.4679,0.4804,0.4858,0.4838,0.4766,0.4675,0.4584,0.4504,0.4438,0.4384,0.4341,0.4307,0.4282,0.4262,0.4248,0.4238,0.4231,0.4227,0.4226,0.4432,0.4425,0.442,0.4416,0.4416,0.4421,0.4428,0.4424,0.4387,0.4309,0.421,0.4126,0.4086,0.4108,0.4204,0.4379,0.4624,0.4892,0.5098,0.5163,0.5088,0.4939,0.4782,0.4644,0.4534,0.4448,0.4383,0.4333,0.4295,0.4267,0.4246,0.4232,0.4222,0.4216,0.4213,0.4212,0.4455,0.445,0.4447,0.4446,0.4453,0.4474,0.4512,0.4548,0.4523,0.4399,0.4224,0.4077,0.3998,0.401,0.413,0.4377,0.4757,0.5216,0.5579,0.5643,0.5435,0.5144,0.4888,0.4693,0.4551,0.4447,0.4372,0.4316,0.4276,0.4246,0.4226,0.4212,0.4203,0.4198,0.4197,0.4198,0.4482,0.448,0.4478,0.4479,0.449,0.4525,0.4608,0.4731,0.4756,0.4542,0.4235,0.3993,0.3861,0.3854,0.3992,0.4313,0.4861,0.5621,0.6276,0.6304,0.583,0.5326,0.4958,0.4711,0.4544,0.4428,0.4347,0.4289,0.4248,0.4219,0.4199,0.4187,0.418,0.4177,0.4178,0.4181,0.4514,0.4515,0.4515,0.4516,0.4523,0.4555,0.4657,0.4872,0.4981,0.4633,0.4173,0.3841,0.3652,0.3613,0.3753,0.412,0.4788,0.5814,0.6797,0.6769,0.6021,0.5365,0.4942,0.4677,0.4504,0.4387,0.4306,0.4249,0.421,0.4183,0.4166,0.4157,0.4153,0.4153,0.4157,0.4163,0.4551,0.4557,0.4562,0.4563,0.4562,0.4566,0.4605,0.4725,0.476,0.4405,0.3952,0.359,0.3344,0.3258,0.3384,0.3758,0.4414,0.5357,0.6245,0.6289,0.5712,0.5178,0.4821,0.4587,0.4431,0.4323,0.4248,0.4196,0.4161,0.4139,0.4127,0.4122,0.4122,0.4127,0.4134,0.4143,0.4594,0.4608,0.4623,0.4633,0.4633,0.461,0.4552,0.4451,0.4268,0.3975,0.3635,0.3257,0.2914,0.2744,0.2854,0.3257,0.3879,0.4592,0.5165,0.5327,0.5139,0.4867,0.4634,0.4458,0.4329,0.4238,0.4173,0.4129,0.4102,0.4086,0.408,0.4081,0.4087,0.4097,0.4109,0.4122,0.4641,0.4668,0.4699,0.4734,0.4761,0.4758,0.4666,0.4391,0.3923,0.3599,0.337,0.2891,0.2327,0.1983,0.2102,0.2665,0.3442,0.4166,0.4637,0.4805,0.4753,0.4606,0.4446,0.4311,0.4208,0.4133,0.4082,0.4048,0.403,0.4023,0.4026,0.4035,0.4049,0.4065,0.4082,0.41,0.4689,0.473,0.4785,0.4857,0.4947,0.5043,0.5065,0.473,0.3622,0.3141,0.3237,0.2529,0.1527,0.0782,0.0984,0.2008,0.3284,0.4368,0.4875,0.4857,0.4655,0.4447,0.4279,0.4155,0.4069,0.401,0.3972,0.3951,0.3945,0.395,0.3965,0.3985,0.4008,0.4032,0.4055,0.4078,0.4733,0.4788,0.4866,0.4978,0.5147,0.5402,0.5757,0.5924,0.4708,0.3654,0.3291,0.2275,0.0685,-0.1086,-0.0574,0.1418,0.3582,0.5622,0.6102,0.5356,0.4703,0.4312,0.4092,0.3971,0.3903,0.3863,0.3841,0.3835,0.3844,0.3866,0.3896,0.393,0.3965,0.3998,0.4029,0.4058,0.4769,0.4833,0.4925,0.5062,0.5277,0.5634,0.6223,0.6917,0.6217,0.4619,0.3464,0.2463,0.1049,-0.1785,-0.1275,0.1437,0.4105,0.7847,0.7961,0.5761,0.4588,0.4041,0.381,0.3729,0.37,0.3686,0.3682,0.3694,0.3723,0.3768,0.382,0.3873,0.3923,0.3967,0.4006,0.404,0.4795,0.4861,0.4953,0.5088,0.5291,0.5602,0.6051,0.6496,0.6079,0.483,0.3772,0.2908,0.2409,0.0192,0.0789,0.22,0.3774,0.6178,0.6613,0.5062,0.3939,0.3432,0.3349,0.3406,0.3454,0.3471,0.3482,0.3514,0.3574,0.3654,0.3739,0.3818,0.3886,0.3942,0.3988,0.4027,0.481,0.4872,0.4954,0.5066,0.5218,0.5414,0.5626,0.5713,0.5448,0.5043,0.4701,0.3823,0.2343,0.0972,0.1961,0.2884,0.3055,0.4072,0.4513,0.3697,0.252,0.2258,0.2678,0.3033,0.3179,0.3203,0.3212,0.3271,0.3385,0.3525,0.3661,0.3775,0.3862,0.3928,0.3979,0.402,0.4817,0.4871,0.494,0.5024,0.5124,0.5232,0.5318,0.534,0.5343,0.5696,0.695,0.512,0.4255,0.3129,0.3336,0.3514,0.3382,0.3949,0.3934,0.2559,0.0127,0.0531,0.2022,0.2734,0.2893,0.2831,0.2799,0.2913,0.3137,0.3385,0.3599,0.3756,0.3862,0.3931,0.398,0.402,0.482,0.4866,0.4921,0.4984,0.5052,0.5118,0.5175,0.5234,0.5383,0.5865,0.6794,0.5823,0.5774,0.6064,0.5192,0.5039,0.478,0.4657,0.4343,0.2838,-0.0122,0.0419,0.2063,0.2666,0.2556,0.2194,0.2068,0.2349,0.2821,0.3258,0.358,0.3783,0.3894,0.3953,0.3993,0.4028,0.4821,0.4861,0.4906,0.4956,0.5008,0.5062,0.512,0.5199,0.5344,0.5588,0.5795,0.5791,0.6317,0.6689,0.7502,0.8,0.6493,0.5296,0.4992,0.4368,0.2952,0.2536,0.2858,0.2787,0.2026,0.0945,0.0676,0.1499,0.249,0.3199,0.3634,0.3865,0.3958,0.399,0.4013,0.404,0.4823,0.4859,0.4898,0.4941,0.4988,0.5039,0.51,0.5183,0.5301,0.5456,0.5626,0.5868,0.6397,0.7705,1.1846,1.3478,0.8449,0.5892,0.5374,0.5559,0.4812,0.4109,0.3701,0.3014,0.1422,-0.106,-0.1565,0.0674,0.2405,0.3296,0.3757,0.3967,0.402,0.4022,0.4032,0.4056,0.4825,0.4859,0.4895,0.4936,0.4981,0.5033,0.5097,0.5181,0.5292,0.544,0.5646,0.5989,0.667,0.8231,1.1372,1.2243,0.8693,0.6568,0.6525,0.68,0.5746,0.5023,0.4485,0.3596,0.1834,-0.114,-0.1761,0.1574,0.3069,0.3626,0.3895,0.4014,0.4035,0.4035,0.405,0.4076,0.4829,0.4861,0.4896,0.4936,0.4981,0.5035,0.5102,0.5187,0.5299,0.5452,0.5674,0.6025,0.6619,0.7596,0.8746,0.8877,0.7671,0.6626,0.6406,0.6377,0.598,0.5777,0.5505,0.4698,0.3627,0.3392,0.538,0.5241,0.4434,0.4141,0.4066,0.4049,0.4046,0.4056,0.4078,0.4105,0.4833,0.4864,0.4899,0.4938,0.4984,0.5039,0.5107,0.5192,0.5303,0.5452,0.5659,0.5955,0.637,0.6886,0.7315,0.7324,0.6894,0.643,0.6208,0.6152,0.63,0.6887,0.7015,0.5991,0.5127,0.5847,0.7775,0.6879,0.5344,0.4599,0.4289,0.4162,0.4118,0.4114,0.4128,0.4148,0.4837,0.4867,0.4902,0.4941,0.4987,0.5042,0.5109,0.5191,0.5296,0.5431,0.5607,0.5831,0.6102,0.6381,0.6572,0.6578,0.641,0.6207,0.6098,0.6171,0.6632,0.7637,0.793,0.6739,0.5769,0.587,0.6452,0.618,0.5399,0.481,0.4478,0.4308,0.4229,0.4199,0.4195,0.4202,0.484,0.487,0.4904,0.4943,0.4988,0.5042,0.5105,0.5183,0.5277,0.5393,0.5534,0.5699,0.5877,0.604,0.6144,0.6159,0.6097,0.6017,0.5998,0.6127,0.6523,0.7125,0.7247,0.6565,0.5879,0.566,0.569,0.5547,0.5199,0.4847,0.4591,0.4429,0.4336,0.4288,0.4267,0.4261]},{"header":{"la1":42.85,"la2":41.18,"lo1":11.55,"lo2":14.05,"nx":36,"ny":24,"dx":0.07143,"dy":0.07261,"parameterCategory":2,"parameterNumber":3,"parameterNumberName":"northward_wind","parameterUnit":"m.s-1"},"data":[-0.4909,-0.4864,-0.4817,-0.4769,-0.4723,-0.4681,-0.4646,-0.4622,-0.4609,-0.4602,-0.4594,-0.4571,-0.4522,-0.4441,-0.4323,-0.4174,-0.4008,-0.3845,-0.3712,-0.3626,-0.3593,-0.3603,-0.364,-0.3687,-0.3729,-0.3761,-0.3778,-0.3782,-0.3774,-0.3755,-0.3729,-0.3698,-0.3663,-0.3627,-0.3592,-0.3557,-0.4896,-0.4842,-0.4785,-0.4725,-0.4665,-0.4609,-0.4564,-0.4536,-0.4529,-0.454,-0.4552,-0.4548,-0.4507,-0.4416,-0.4268,-0.4067,-0.3832,-0.3599,-0.3413,-0.3312,-0.3302,-0.336,-0.345,-0.3544,-0.3622,-0.3678,-0.3711,-0.3723,-0.3717,-0.3698,-0.3669,-0.3634,-0.3596,-0.3556,-0.3517,-0.348,-0.4881,-0.4818,-0.4748,-0.4672,-0.4592,-0.4513,-0.4445,-0.4405,-0.4406,-0.4444,-0.4495,-0.4525,-0.4502,-0.4404,-0.4218,-0.394,-0.3594,-0.3237,-0.2962,-0.2843,-0.2889,-0.3039,-0.3221,-0.3386,-0.3513,-0.3598,-0.3647,-0.3665,-0.3661,-0.3639,-0.3606,-0.3565,-0.3521,-0.3477,-0.3434,-0.3393,-0.4867,-0.4792,-0.4708,-0.4612,-0.4505,-0.4389,-0.4279,-0.4206,-0.4208,-0.4293,-0.4414,-0.4504,-0.4516,-0.4418,-0.4187,-0.3803,-0.3278,-0.2699,-0.2254,-0.212,-0.2298,-0.2628,-0.296,-0.3226,-0.3412,-0.3529,-0.3591,-0.3612,-0.3605,-0.3577,-0.3537,-0.3489,-0.3438,-0.3387,-0.3339,-0.3295,-0.4855,-0.4768,-0.4668,-0.4551,-0.4411,-0.4245,-0.406,-0.3907,-0.3892,-0.4061,-0.4304,-0.4492,-0.456,-0.4476,-0.4204,-0.3691,-0.29,-0.1918,-0.113,-0.1005,-0.1491,-0.2152,-0.2707,-0.3094,-0.3339,-0.3479,-0.3547,-0.3565,-0.3549,-0.3512,-0.3461,-0.3403,-0.3343,-0.3284,-0.323,-0.3182,-0.4847,-0.4748,-0.4633,-0.4495,-0.4327,-0.411,-0.3823,-0.3512,-0.3428,-0.375,-0.4193,-0.4511,-0.4651,-0.4599,-0.431,-0.3687,-0.2583,-0.0972,0.047,0.0517,-0.0587,-0.174,-0.2543,-0.3033,-0.3313,-0.3458,-0.3519,-0.3524,-0.3493,-0.344,-0.3375,-0.3303,-0.3232,-0.3164,-0.3104,-0.3052,-0.4844,-0.4733,-0.4604,-0.4451,-0.4267,-0.4028,-0.3686,-0.3226,-0.3034,-0.3542,-0.4172,-0.4593,-0.48,-0.4796,-0.4538,-0.3903,-0.2645,-0.0518,0.1659,0.1589,-0.0161,-0.1669,-0.2581,-0.3086,-0.3349,-0.347,-0.3505,-0.3485,-0.3432,-0.3358,-0.3274,-0.3186,-0.3101,-0.3023,-0.2955,-0.29,-0.4848,-0.4724,-0.4579,-0.4412,-0.4223,-0.4006,-0.374,-0.3422,-0.3319,-0.3744,-0.4304,-0.4744,-0.5003,-0.5057,-0.4877,-0.4369,-0.3323,-0.1525,0.0376,0.0443,-0.0931,-0.2142,-0.2869,-0.3256,-0.3441,-0.3506,-0.3498,-0.3443,-0.336,-0.326,-0.3152,-0.3045,-0.2943,-0.2854,-0.2779,-0.272,-0.4862,-0.4722,-0.4556,-0.4365,-0.4157,-0.3948,-0.3766,-0.3645,-0.3663,-0.3922,-0.4408,-0.4911,-0.523,-0.5334,-0.525,-0.494,-0.43,-0.3289,-0.227,-0.1989,-0.242,-0.2946,-0.3303,-0.349,-0.3557,-0.3547,-0.3484,-0.3388,-0.3269,-0.3137,-0.3002,-0.2871,-0.2752,-0.2649,-0.2567,-0.2507,-0.4888,-0.4732,-0.4536,-0.43,-0.403,-0.3752,-0.3519,-0.337,-0.3256,-0.3431,-0.4262,-0.5061,-0.5447,-0.5536,-0.5526,-0.5418,-0.5101,-0.4584,-0.4048,-0.3715,-0.3634,-0.3673,-0.3711,-0.3706,-0.3656,-0.3568,-0.345,-0.3308,-0.315,-0.2983,-0.2815,-0.2656,-0.2515,-0.2398,-0.231,-0.2252,-0.4935,-0.4762,-0.4534,-0.4235,-0.3854,-0.3398,-0.2955,-0.2733,-0.2505,-0.2311,-0.4068,-0.5316,-0.5606,-0.5454,-0.5512,-0.5702,-0.5604,-0.523,-0.4851,-0.4554,-0.4316,-0.4129,-0.3978,-0.384,-0.37,-0.3549,-0.3381,-0.3195,-0.2995,-0.2786,-0.2579,-0.2386,-0.2219,-0.2086,-0.1994,-0.1943,-0.5011,-0.483,-0.4578,-0.422,-0.3709,-0.2986,-0.2061,-0.1448,-0.2211,-0.2941,-0.4716,-0.5861,-0.5689,-0.4627,-0.4947,-0.5894,-0.5931,-0.5241,-0.4893,-0.4815,-0.4589,-0.4312,-0.4067,-0.3859,-0.3668,-0.3475,-0.3269,-0.3042,-0.2796,-0.2538,-0.2282,-0.2044,-0.1844,-0.1695,-0.1604,-0.1568,-0.5122,-0.4951,-0.47,-0.4325,-0.375,-0.2849,-0.1483,-0.0051,-0.1254,-0.3979,-0.5938,-0.6515,-0.6341,-0.4281,-0.4758,-0.6614,-0.6479,-0.4512,-0.4346,-0.4815,-0.459,-0.4246,-0.397,-0.3753,-0.3555,-0.3348,-0.3116,-0.285,-0.2552,-0.223,-0.1905,-0.1606,-0.1363,-0.1197,-0.1115,-0.111,-0.5271,-0.5129,-0.4919,-0.4598,-0.4101,-0.333,-0.2218,-0.112,-0.2208,-0.5491,-0.7487,-0.6708,-0.6523,-1.0492,-0.8292,-0.8626,-0.8623,-0.6059,-0.5067,-0.485,-0.4303,-0.3897,-0.3681,-0.3533,-0.3376,-0.3182,-0.2937,-0.2631,-0.2265,-0.1853,-0.1427,-0.1036,-0.0733,-0.0551,-0.0496,-0.0549,-0.545,-0.5358,-0.5221,-0.5017,-0.4721,-0.4323,-0.3914,-0.3955,-0.5449,-0.8214,-1.0294,-1.0625,-1.0801,-1.2796,-1.0462,-1.1378,-1.3853,-0.9043,-0.5944,-0.4408,-0.3477,-0.3197,-0.3228,-0.3239,-0.3169,-0.3015,-0.2769,-0.2415,-0.1952,-0.1401,-0.0816,-0.0279,0.0114,0.0302,0.0292,0.0135,-0.5645,-0.5613,-0.5565,-0.5502,-0.5438,-0.5425,-0.5619,-0.6359,-0.8081,-1.0873,-1.3948,-1.5078,-1.3973,-1.2678,-1.1405,-1.131,-1.229,-0.822,-0.4761,-0.3128,-0.228,-0.2375,-0.2763,-0.2955,-0.2997,-0.292,-0.2689,-0.2261,-0.1643,-0.0873,-0.0025,0.0755,0.1277,0.1439,0.1288,0.095,-0.584,-0.5867,-0.5904,-0.5965,-0.6084,-0.6328,-0.6825,-0.7768,-0.935,-1.161,-1.3862,-1.4447,-1.7367,-1.86,-1.2639,-0.9839,-0.7709,-0.3836,-0.0845,-0.1357,-0.1981,-0.2127,-0.2483,-0.2757,-0.2948,-0.3046,-0.2868,-0.2285,-0.1388,-0.0271,0.1,0.2185,0.289,0.2935,0.2501,0.1866,-0.6018,-0.6094,-0.6197,-0.6346,-0.6576,-0.6941,-0.7519,-0.84,-0.963,-1.1108,-1.2485,-1.3932,-1.7772,-1.8286,-1.1796,-0.8531,-0.5215,0.1508,0.6629,0.1591,-0.1073,-0.1863,-0.2281,-0.2641,-0.3118,-0.3713,-0.3675,-0.2621,-0.1194,0.0391,0.226,0.4077,0.5001,0.4739,0.3818,0.2775,-0.6167,-0.6278,-0.6423,-0.6622,-0.69,-0.7291,-0.7837,-0.8567,-0.947,-1.0464,-1.1438,-1.2437,-1.3349,-1.2247,-0.8884,-0.7881,-0.4962,0.1084,0.4527,0.1748,-0.0213,-0.1437,-0.2061,-0.2506,-0.3376,-0.5187,-0.5519,-0.3026,-0.0816,0.1085,0.3492,0.6043,0.7136,0.6386,0.49,0.3465,-0.6281,-0.6412,-0.6579,-0.6795,-0.7077,-0.7445,-0.7913,-0.8484,-0.9132,-0.9797,-1.0398,-1.0828,-1.0798,-0.9814,-0.8311,-0.7535,-0.5035,-0.1214,0.1336,0.1788,0.0009,-0.1331,-0.1921,-0.217,-0.2786,-0.5024,-0.5522,-0.1455,0.0388,0.1752,0.4032,0.6767,0.7887,0.6934,0.5255,0.3702,-0.6359,-0.6498,-0.6669,-0.688,-0.7142,-0.7462,-0.7842,-0.8272,-0.8723,-0.9147,-0.9471,-0.959,-0.936,-0.8688,-0.7757,-0.6632,-0.4731,-0.224,-0.0116,0.0383,-0.0758,-0.1734,-0.2031,-0.1754,-0.0995,0.0674,0.4503,0.408,0.245,0.2315,0.364,0.5613,0.658,0.6003,0.4719,0.3415,-0.6402,-0.6539,-0.6703,-0.6897,-0.7126,-0.7391,-0.7687,-0.8,-0.8303,-0.8555,-0.8701,-0.8673,-0.8402,-0.7861,-0.7081,-0.6038,-0.4647,-0.3084,-0.185,-0.1466,-0.1896,-0.2495,-0.2591,-0.181,0.0087,0.3953,0.8433,0.666,0.3658,0.2568,0.2934,0.3941,0.4587,0.4406,0.3668,0.2769,-0.6415,-0.6544,-0.6693,-0.6863,-0.7056,-0.7267,-0.749,-0.7709,-0.7902,-0.8037,-0.8075,-0.7972,-0.7693,-0.722,-0.6555,-0.5699,-0.4682,-0.3644,-0.283,-0.2452,-0.2534,-0.2919,-0.3031,-0.2127,-0.0166,0.2726,0.5072,0.4721,0.3199,0.2308,0.2251,0.2647,0.2982,0.2947,0.2565,0.2004,-0.6403,-0.652,-0.665,-0.6794,-0.6951,-0.7114,-0.7276,-0.7423,-0.7536,-0.7592,-0.7564,-0.7423,-0.7149,-0.6732,-0.6173,-0.5487,-0.472,-0.396,-0.3329,-0.292,-0.2757,-0.2788,-0.2713,-0.2041,-0.0685,0.1019,0.2309,0.2543,0.2096,0.1681,0.1578,0.1707,0.1848,0.1833,0.1624,0.1277]}]