docs/data/wind_grid.json
[{"header":{"la1":42.85,"la2":41.18,"lo1":11.55,"lo2":14.05,"nx":36,"ny":24,"dx":0.07143,"dy":0.07261,"parameterCategory":2,"parameterNumber":2,"parameterNumberName":"eastward_wind","parameterUnit":"m.s-1"},"data":[-0.5749,-0.5793,-0.5833,-0.5866,-0.5892,-0.5905,-0.5897,-0.586,-0.5789,-0.5689,-0.5575,-0.5469,-0.5393,-0.536,-0.5377,-0.5438,-0.5527,-0.5621,-0.5689,-0.5709,-0.5669,-0.5576,-0.5446,-0.5296,-0.514,-0.4989,-0.4847,-0.4718,-0.4603,-0.4501,-0.4412,-0.4334,-0.4266,-0.4207,-0.4156,-0.4112,-0.5874,-0.5931,-0.5984,-0.6034,-0.6081,-0.6118,-0.6132,-0.6104,-0.6017,-0.5874,-0.5702,-0.5541,-0.5427,-0.5383,-0.5418,-0.5527,-0.5687,-0.5858,-0.5986,-0.6028,-0.597,-0.5829,-0.564,-0.5433,-0.5229,-0.504,-0.4869,-0.4719,-0.4589,-0.4477,-0.438,-0.4298,-0.4228,-0.4168,-0.4117,-0.4073,-0.6015,-0.6087,-0.6156,-0.6227,-0.6304,-0.6385,-0.6449,-0.6455,-0.6355,-0.6142,-0.587,-0.5615,-0.5438,-0.5373,-0.5434,-0.5617,-0.5894,-0.6201,-0.6436,-0.6509,-0.6401,-0.6166,-0.5877,-0.5586,-0.5317,-0.5081,-0.4878,-0.4705,-0.456,-0.4439,-0.4337,-0.4252,-0.4181,-0.4121,-0.4071,-0.4029,-0.6176,-0.6265,-0.6351,-0.6444,-0.6559,-0.6711,-0.6881,-0.6986,-0.6893,-0.6555,-0.6096,-0.568,-0.5404,-0.5305,-0.5398,-0.5689,-0.616,-0.6717,-0.7156,-0.7266,-0.7029,-0.6606,-0.6151,-0.574,-0.539,-0.5101,-0.4864,-0.467,-0.4512,-0.4384,-0.4279,-0.4194,-0.4124,-0.4066,-0.4018,-0.3979,-0.6364,-0.6474,-0.6575,-0.6681,-0.683,-0.7077,-0.7451,-0.7818,-0.7804,-0.7211,-0.6386,-0.5706,-0.529,-0.5142,-0.5266,-0.5696,-0.6465,-0.7488,-0.8349,-0.8483,-0.7914,-0.7129,-0.6425,-0.5863,-0.5426,-0.5085,-0.4817,-0.4606,-0.4439,-0.4308,-0.4204,-0.4121,-0.4055,-0.4001,-0.3958,-0.3922,-0.6589,-0.6731,-0.6847,-0.6947,-0.7091,-0.7407,-0.8076,-0.9037,-0.9319,-0.8147,-0.665,-0.5617,-0.5046,-0.4835,-0.4969,-0.5529,-0.6671,-0.8465,-1.0189,-1.0261,-0.8952,-0.7604,-0.6611,-0.5908,-0.5397,-0.5014,-0.4724,-0.4504,-0.4336,-0.4208,-0.411,-0.4034,-0.3975,-0.3928,-0.389,-0.386,-0.6868,-0.7069,-0.7215,-0.7289,-0.7342,-0.7572,-0.8363,-1.0016,-1.0834,-0.8752,-0.6549,-0.5285,-0.4623,-0.434,-0.4423,-0.5021,-0.6414,-0.8916,-1.1688,-1.1607,-0.9487,-0.7734,-0.6591,-0.5823,-0.5275,-0.4873,-0.4575,-0.4356,-0.4197,-0.4081,-0.3996,-0.3933,-0.3884,-0.3846,-0.3816,-0.3792,-0.7212,-0.7532,-0.7778,-0.7844,-0.7705,-0.757,-0.7869,-0.8919,-0.9362,-0.7538,-0.5722,-0.4659,-0.4024,-0.3635,-0.3533,-0.4008,-0.5383,-0.7705,-1.0106,-1.0262,-0.8735,-0.733,-0.6323,-0.5593,-0.505,-0.4648,-0.4358,-0.4156,-0.4019,-0.3926,-0.3863,-0.3817,-0.3783,-0.3757,-0.3736,-0.372,-0.7609,-0.8154,-0.8674,-0.8893,-0.8509,-0.7732,-0.7117,-0.6776,-0.6221,-0.5268,-0.4487,-0.3893,-0.3342,-0.2759,-0.2154,-0.2287,-0.3858,-0.5939,-0.7537,-0.7992,-0.7492,-0.6689,-0.5912,-0.5248,-0.4719,-0.4326,-0.4059,-0.3894,-0.3798,-0.3744,-0.3712,-0.3691,-0.3675,-0.3662,-0.3652,-0.3644,-0.7984,-0.8861,-0.996,-1.0814,-1.0229,-0.8389,-0.6815,-0.5486,-0.3924,-0.3116,-0.3337,-0.3214,-0.272,-0.1943,-0.0273,0.0527,-0.2544,-0.5341,-0.6854,-0.7239,-0.69,-0.6233,-0.5497,-0.4821,-0.4271,-0.3882,-0.3658,-0.356,-0.3534,-0.3538,-0.355,-0.3559,-0.3564,-0.3565,-0.3565,-0.3565,-0.8184,-0.9339,-1.1101,-1.314,-1.2591,-0.9183,-0.6997,-0.5364,-0.2126,-0.0656,-0.2587,-0.2757,-0.2184,-0.1497,-0.0264,0.061,-0.3239,-0.684,-0.8415,-0.8094,-0.7083,-0.6034,-0.5099,-0.4296,-0.3659,-0.3261,-0.3118,-0.3145,-0.3234,-0.3322,-0.3388,-0.343,-0.3455,-0.3468,-0.3476,-0.3483,-0.8069,-0.9181,-1.0857,-1.2745,-1.2107,-0.8936,-0.7523,-0.7202,-0.4512,-0.2301,-0.2884,-0.2534,-0.1643,-0.0572,-0.096,-0.263,-0.6358,-1.1888,-1.3213,-1.0262,-0.7617,-0.5862,-0.4622,-0.3618,-0.2799,-0.2361,-0.2393,-0.2657,-0.2925,-0.312,-0.3243,-0.3313,-0.3351,-0.3372,-0.3386,-0.3399,-0.7657,-0.8439,-0.938,-1.0024,-0.9391,-0.8063,-0.793,-0.8948,-0.7612,-0.4776,-0.3322,-0.2422,-0.1664,-0.0025,-0.0564,-0.3894,-0.924,-2.0196,-2.0372,-1.2032,-0.7586,-0.533,-0.397,-0.2819,-0.1671,-0.1114,-0.1514,-0.2178,-0.2672,-0.2971,-0.3135,-0.3218,-0.3257,-0.3276,-0.3291,-0.3308,-0.7107,-0.7551,-0.7944,-0.8056,-0.7718,-0.7319,-0.7496,-0.8131,-0.7272,-0.4896,-0.3316,-0.2286,-0.1994,-0.1948,-0.2466,-0.5699,-0.995,-1.541,-1.5802,-0.9923,-0.6,-0.4091,-0.3133,-0.2183,-0.0793,-0.0054,-0.0901,-0.1935,-0.2579,-0.292,-0.3082,-0.3146,-0.3164,-0.3171,-0.3184,-0.3207,-0.6565,-0.6786,-0.6927,-0.6908,-0.6731,-0.6557,-0.6528,-0.6415,-0.5567,-0.4193,-0.324,-0.2704,-0.2121,-0.1084,-0.3365,-0.909,-1.4564,-1.0698,-0.8707,-0.5639,-0.2804,-0.1937,-0.2104,-0.1948,-0.1144,-0.0608,-0.1283,-0.2169,-0.2722,-0.299,-0.3082,-0.3082,-0.3055,-0.304,-0.3052,-0.3087,-0.6089,-0.6185,-0.6214,-0.6152,-0.601,-0.5829,-0.5609,-0.5217,-0.4499,-0.3627,-0.3087,-0.3001,-0.2765,-0.2501,-0.3831,-0.8125,-1.1927,-0.7988,-0.4925,-0.2037,0.1378,0.0852,-0.1035,-0.1856,-0.1962,-0.1966,-0.2322,-0.2782,-0.3069,-0.3158,-0.3105,-0.2988,-0.2885,-0.2846,-0.2873,-0.2939,-0.569,-0.5714,-0.5687,-0.5597,-0.5446,-0.5238,-0.4954,-0.4546,-0.4003,-0.344,-0.3095,-0.3006,-0.2957,-0.297,-0.3204,-0.4354,-0.5059,-0.3463,-0.1643,-0.0419,0.2048,0.1361,-0.0698,-0.1906,-0.2593,-0.3058,-0.3388,-0.3547,-0.3535,-0.3374,-0.3097,-0.2787,-0.2578,-0.2541,-0.2628,-0.2761,-0.5358,-0.5339,-0.5279,-0.517,-0.5011,-0.4797,-0.4518,-0.4169,-0.3771,-0.3396,-0.3128,-0.2952,-0.2878,-0.2707,-0.1554,-0.1094,-0.1553,-0.0092,0.1551,0.0478,0.0377,-0.0002,-0.1054,-0.2191,-0.3272,-0.4169,-0.4534,-0.4401,-0.4068,-0.3601,-0.2998,-0.2381,-0.204,-0.2086,-0.2322,-0.257,-0.5081,-0.5035,-0.4956,-0.4838,-0.4678,-0.4473,-0.4222,-0.3931,-0.3619,-0.3319,-0.305,-0.2779,-0.2402,-0.1385,0.1769,0.3021,0.0356,0.0614,0.1571,0.1617,0.069,-0.0244,-0.1223,-0.2466,-0.3982,-0.5359,-0.5665,-0.5239,-0.4634,-0.3843,-0.2842,-0.1791,-0.1316,-0.1578,-0.2041,-0.2419,-0.4849,-0.4787,-0.4698,-0.4576,-0.4421,-0.4231,-0.4008,-0.3758,-0.3492,-0.3218,-0.293,-0.2576,-0.2002,-0.0787,0.154,0.2291,0.069,0.0834,0.2808,0.3694,0.1471,0.0141,-0.0908,-0.2375,-0.4272,-0.5758,-0.6026,-0.6034,-0.5247,-0.415,-0.2884,-0.1554,-0.1004,-0.1397,-0.1962,-0.2383,-0.4654,-0.4583,-0.4488,-0.4368,-0.422,-0.4045,-0.3844,-0.3622,-0.3382,-0.3122,-0.2828,-0.2454,-0.1911,-0.1084,-0.0104,0.0304,0.0188,0.0646,0.1871,0.23,0.1408,0.0949,0.0293,-0.1535,-0.4094,-0.6557,-0.8725,-0.7908,-0.5857,-0.4422,-0.3268,-0.2166,-0.1624,-0.1789,-0.2166,-0.2488,-0.4489,-0.4413,-0.4317,-0.42,-0.406,-0.3898,-0.3716,-0.3514,-0.3292,-0.3048,-0.2766,-0.2424,-0.1988,-0.1458,-0.0932,-0.0574,-0.0312,0.0123,0.072,0.113,0.1649,0.3045,0.3267,0.0351,-0.3429,-0.7239,-1.068,-0.8723,-0.5412,-0.421,-0.3573,-0.2912,-0.2468,-0.2388,-0.2511,-0.2678,-0.435,-0.4272,-0.4177,-0.4063,-0.3932,-0.3782,-0.3614,-0.3428,-0.3224,-0.2998,-0.2741,-0.2445,-0.2101,-0.1723,-0.1353,-0.1027,-0.0709,-0.0326,0.0147,0.079,0.2144,0.4813,0.5617,0.1877,-0.2332,-0.557,-0.7232,-0.5718,-0.347,-0.3486,-0.3555,-0.3282,-0.2987,-0.2837,-0.2821,-0.2873,-0.4232,-0.4153,-0.406,-0.3952,-0.3828,-0.3688,-0.3533,-0.3363,-0.3175,-0.2969,-0.2741,-0.2486,-0.2207,-0.1911,-0.1614,-0.1322,-0.102,-0.067,-0.0224,0.0452,0.164,0.3271,0.3509,0.1171,-0.1763,-0.3939,-0.4823,-0.4153,-0.3182,-0.3303,-0.3485,-0.3396,-0.3222,-0.3092,-0.3032,-0.3027]},{"header":{"la1":42.85,"la2":41.18,"lo1":11.55,"lo2":14.05,"nx":36,"ny":24,"dx":0.07143,"dy":0.07261,"parameterCategory":2,"parameterNumber":3,"parameterNumberName":"northward_wind","parameterUnit":"m.s-1"},"data":[-0.7506,-0.7491,-0.7465,-0.7427,-0.7377,-0.7315,-0.7247,-0.7176,-0.7103,-0.7024,-0.6927,-0.68,-0.6632,-0.6419,-0.6164,-0.5877,-0.558,-0.53,-0.507,-0.4913,-0.4837,-0.4829,-0.4869,-0.4936,-0.5015,-0.5096,-0.5175,-0.525,-0.5321,-0.5388,-0.5452,-0.5514,-0.5573,-0.5629,-0.5683,-0.5734,-0.7567,-0.7553,-0.7527,-0.7484,-0.7422,-0.7345,-0.726,-0.718,-0.7112,-0.7051,-0.6974,-0.6857,-0.6681,-0.6436,-0.6124,-0.5755,-0.5358,-0.4978,-0.4675,-0.4492,-0.4439,-0.4486,-0.459,-0.4717,-0.4843,-0.4961,-0.5067,-0.5162,-0.5249,-0.533,-0.5405,-0.5476,-0.5544,-0.5608,-0.5669,-0.5726,-0.7629,-0.7618,-0.759,-0.754,-0.746,-0.7352,-0.723,-0.7124,-0.7062,-0.7039,-0.7012,-0.6929,-0.6756,-0.648,-0.6096,-0.5613,-0.5061,-0.4514,-0.4086,-0.3873,-0.3884,-0.4043,-0.4259,-0.4474,-0.4664,-0.4825,-0.4961,-0.5078,-0.5182,-0.5275,-0.5362,-0.5444,-0.5521,-0.5593,-0.5661,-0.5724,-0.7689,-0.7682,-0.7657,-0.7599,-0.7494,-0.7329,-0.7122,-0.694,-0.6877,-0.6942,-0.703,-0.7025,-0.6875,-0.6571,-0.6105,-0.5468,-0.4673,-0.3825,-0.3162,-0.2922,-0.3099,-0.3483,-0.3884,-0.4224,-0.4491,-0.4699,-0.4865,-0.5002,-0.5121,-0.5227,-0.5325,-0.5417,-0.5504,-0.5585,-0.5661,-0.5731,-0.7743,-0.7743,-0.7725,-0.7668,-0.7537,-0.7285,-0.6899,-0.6504,-0.6395,-0.6672,-0.7018,-0.7162,-0.706,-0.6737,-0.6192,-0.5373,-0.4219,-0.2816,-0.1661,-0.1422,-0.2018,-0.2832,-0.3511,-0.4001,-0.4346,-0.4595,-0.4784,-0.4937,-0.5069,-0.5187,-0.5296,-0.5399,-0.5496,-0.5586,-0.5671,-0.5748,-0.7783,-0.7789,-0.7787,-0.7752,-0.7625,-0.7289,-0.6603,-0.5668,-0.5349,-0.6159,-0.7033,-0.7393,-0.734,-0.7011,-0.642,-0.5451,-0.3874,-0.1558,0.0624,0.0747,-0.0771,-0.225,-0.3237,-0.3854,-0.425,-0.4522,-0.4724,-0.4886,-0.5027,-0.5155,-0.5275,-0.539,-0.5498,-0.56,-0.5693,-0.5778,-0.7794,-0.7796,-0.781,-0.7829,-0.7786,-0.7493,-0.66,-0.4902,-0.4108,-0.5846,-0.7336,-0.7807,-0.7738,-0.741,-0.6851,-0.5874,-0.408,-0.0971,0.2477,0.2385,-0.0141,-0.208,-0.3192,-0.3828,-0.422,-0.4485,-0.4684,-0.4848,-0.4995,-0.5132,-0.5264,-0.5392,-0.5514,-0.5628,-0.5732,-0.5825,-0.7759,-0.7724,-0.7719,-0.7799,-0.7958,-0.7994,-0.7497,-0.6201,-0.5617,-0.7177,-0.8301,-0.8463,-0.8234,-0.7917,-0.7516,-0.6751,-0.5173,-0.2467,0.0482,0.0695,-0.1086,-0.2544,-0.3408,-0.3918,-0.4244,-0.4475,-0.4659,-0.4819,-0.497,-0.5118,-0.5265,-0.5409,-0.5546,-0.5675,-0.5791,-0.5892,-0.7673,-0.753,-0.7384,-0.7417,-0.7855,-0.8549,-0.9017,-0.9146,-0.947,-0.9992,-0.9852,-0.9261,-0.8731,-0.846,-0.8441,-0.8096,-0.672,-0.4746,-0.2985,-0.2362,-0.2736,-0.3299,-0.3739,-0.4053,-0.4288,-0.4476,-0.464,-0.4795,-0.4951,-0.5113,-0.5278,-0.5443,-0.5602,-0.5748,-0.5878,-0.5988,-0.7567,-0.7232,-0.6703,-0.6278,-0.6937,-0.8752,-1.0423,-1.1753,-1.3214,-1.3522,-1.1675,-0.9965,-0.9079,-0.8878,-0.9596,-1.003,-0.7967,-0.6011,-0.4719,-0.4027,-0.3809,-0.3848,-0.3983,-0.4148,-0.4314,-0.4471,-0.462,-0.4772,-0.4936,-0.5116,-0.5307,-0.5502,-0.5688,-0.5857,-0.6003,-0.6121,-0.7527,-0.7022,-0.6009,-0.4581,-0.5147,-0.8764,-1.1721,-1.3624,-1.6436,-1.785,-1.3079,-1.0231,-0.919,-0.8999,-0.9552,-1.0095,-0.783,-0.6052,-0.5079,-0.4505,-0.4165,-0.4023,-0.4036,-0.4151,-0.4311,-0.4465,-0.4603,-0.4748,-0.4922,-0.5129,-0.5359,-0.5595,-0.5819,-0.6017,-0.6179,-0.6303,-0.7638,-0.7185,-0.6253,-0.4945,-0.5725,-0.9838,-1.3379,-1.5178,-1.5649,-1.5786,-1.2228,-0.9866,-0.9168,-0.9414,-0.8958,-0.7916,-0.6438,-0.5297,-0.4824,-0.4399,-0.4036,-0.3856,-0.3883,-0.4071,-0.4317,-0.4502,-0.461,-0.4729,-0.4911,-0.5158,-0.5445,-0.5741,-0.6017,-0.625,-0.6429,-0.6552,-0.7881,-0.7683,-0.7368,-0.7278,-0.8522,-1.1402,-1.4583,-1.6857,-1.5616,-1.3011,-1.0623,-0.9365,-0.9015,-0.961,-0.8957,-0.6563,-0.4782,-0.4826,-0.4795,-0.4033,-0.3531,-0.335,-0.3513,-0.3939,-0.4434,-0.4686,-0.4678,-0.4713,-0.4901,-0.5209,-0.5583,-0.5969,-0.6318,-0.6595,-0.6785,-0.6892,-0.814,-0.8184,-0.8318,-0.8779,-0.991,-1.1748,-1.3889,-1.5577,-1.4575,-1.1478,-0.9435,-0.9253,-0.928,-0.7984,-0.691,-0.352,-0.0805,-0.2957,-0.3762,-0.3112,-0.2455,-0.2314,-0.2824,-0.3692,-0.4617,-0.4979,-0.4749,-0.4669,-0.4884,-0.5297,-0.581,-0.6333,-0.6785,-0.711,-0.7293,-0.7355,-0.8319,-0.8488,-0.8775,-0.9281,-1.0089,-1.1145,-1.2182,-1.2614,-1.157,-0.9503,-0.8027,-0.7604,-0.7008,-0.5106,-0.5074,0.2639,1.1126,0.194,-0.1695,-0.1533,-0.0148,-0.0191,-0.1621,-0.3083,-0.4231,-0.4698,-0.4533,-0.4511,-0.4844,-0.5442,-0.6183,-0.6924,-0.7523,-0.7889,-0.8019,-0.7976,-0.8389,-0.8587,-0.8868,-0.9261,-0.9759,-1.0275,-1.0605,-1.0423,-0.9461,-0.7901,-0.6407,-0.6173,-0.6401,-0.606,-0.4496,0.1677,0.7397,0.1316,-0.1637,-0.0057,0.4461,0.3388,-0.0205,-0.2276,-0.3324,-0.3771,-0.3894,-0.4144,-0.4745,-0.5669,-0.6791,-0.7897,-0.8713,-0.9078,-0.9047,-0.8787,-0.8367,-0.8544,-0.8764,-0.9025,-0.9294,-0.9495,-0.9502,-0.917,-0.843,-0.7391,-0.6449,-0.6496,-0.7093,-0.7242,-0.5479,-0.3125,-0.1759,-0.3306,-0.4319,-0.1242,0.497,0.3703,-0.0089,-0.1906,-0.2533,-0.2652,-0.2829,-0.3448,-0.4526,-0.5989,-0.7757,-0.9504,-1.0644,-1.0868,-1.044,-0.9778,-0.8282,-0.842,-0.8573,-0.8727,-0.885,-0.8891,-0.8784,-0.8476,-0.7976,-0.7397,-0.6968,-0.6901,-0.7322,-0.7349,-0.6402,-0.5724,-0.5237,-0.7001,-0.926,-0.5174,-0.1299,-0.0474,-0.1438,-0.2027,-0.177,-0.0969,-0.0928,-0.2268,-0.4159,-0.6384,-0.9147,-1.203,-1.3636,-1.3353,-1.212,-1.0833,-0.8163,-0.8261,-0.8356,-0.8435,-0.8474,-0.8441,-0.8307,-0.8059,-0.772,-0.7363,-0.7084,-0.6951,-0.6944,-0.6907,-0.7293,-0.7546,-0.6443,-0.7175,-0.814,-0.6048,-0.4227,-0.3035,-0.2661,-0.2273,-0.0978,0.1636,0.217,-0.095,-0.3876,-0.6751,-1.0615,-1.5139,-1.7292,-1.5971,-1.3617,-1.166,-0.8028,-0.8091,-0.8143,-0.8173,-0.8165,-0.8102,-0.7971,-0.7772,-0.7526,-0.7271,-0.7052,-0.6893,-0.68,-0.682,-0.7197,-0.7295,-0.652,-0.629,-0.6085,-0.5942,-0.5019,-0.3984,-0.3343,-0.2675,-0.1209,0.1902,0.2601,-0.1558,-0.4213,-0.6861,-1.0969,-1.6342,-1.8792,-1.6892,-1.4065,-1.1887,-0.7889,-0.7926,-0.7948,-0.7947,-0.7913,-0.7838,-0.7717,-0.7554,-0.736,-0.7159,-0.6971,-0.6813,-0.6696,-0.6647,-0.6671,-0.656,-0.6216,-0.5934,-0.5782,-0.5588,-0.4887,-0.41,-0.3618,-0.3242,-0.2722,-0.2645,-0.4495,-0.469,-0.5042,-0.6579,-0.957,-1.368,-1.5924,-1.503,-1.3083,-1.1381,-0.7755,-0.7771,-0.7772,-0.7752,-0.7705,-0.7627,-0.7516,-0.7376,-0.7215,-0.7045,-0.6878,-0.6724,-0.659,-0.648,-0.6373,-0.6208,-0.5966,-0.5708,-0.5456,-0.509,-0.4431,-0.3671,-0.3414,-0.3562,-0.3823,-0.4883,-0.6706,-0.596,-0.541,-0.5998,-0.7697,-1.0183,-1.1946,-1.2129,-1.1369,-1.0415,-0.7629,-0.763,-0.7616,-0.7585,-0.7531,-0.7453,-0.7351,-0.7227,-0.7087,-0.6937,-0.6785,-0.6636,-0.6493,-0.6353,-0.6203,-0.6023,-0.5801,-0.5545,-0.5238,-0.4801,-0.4118,-0.3281,-0.3083,-0.3606,-0.4169,-0.49,-0.555,-0.5408,-0.5111,-0.5359,-0.6437,-0.7996,-0.9287,-0.9842,-0.9764,-0.9378,-0.7513,-0.7502,-0.7479,-0.744,-0.7383,-0.7307,-0.7212,-0.71,-0.6974,-0.6838,-0.6697,-0.6554,-0.6409,-0.6259,-0.6097,-0.5914,-0.57,-0.545,-0.5144,-0.474,-0.4201,-0.3647,-0.3506,-0.3861,-0.4327,-0.4783,-0.5118,-0.5178,-0.5057,-0.5236,-0.596,-0.6957,-0.7852,-0.84,-0.8577,-0.8499]}]