docs/data/wind_grid.json
[{"header":{"la1":42.85,"la2":41.18,"lo1":11.55,"lo2":14.05,"nx":36,"ny":24,"dx":0.07143,"dy":0.07261,"parameterCategory":2,"parameterNumber":2,"parameterNumberName":"eastward_wind","parameterUnit":"m.s-1"},"data":[-0.2935,-0.2951,-0.2976,-0.3009,-0.3053,-0.3108,-0.3176,-0.3261,-0.3372,-0.3527,-0.3755,-0.408,-0.4516,-0.5038,-0.5563,-0.5953,-0.6082,-0.5929,-0.558,-0.5158,-0.4751,-0.4399,-0.4112,-0.3883,-0.3702,-0.3561,-0.345,-0.3364,-0.3296,-0.3244,-0.3203,-0.3172,-0.3149,-0.3132,-0.312,-0.3112,-0.2916,-0.2932,-0.2957,-0.2993,-0.3042,-0.3104,-0.3177,-0.326,-0.3362,-0.3511,-0.3753,-0.4147,-0.4739,-0.5529,-0.6397,-0.7069,-0.7249,-0.6899,-0.6254,-0.557,-0.498,-0.4514,-0.416,-0.3892,-0.3691,-0.3538,-0.3422,-0.3333,-0.3265,-0.3214,-0.3176,-0.3147,-0.3126,-0.3112,-0.3103,-0.3097,-0.2896,-0.2911,-0.2937,-0.2979,-0.3039,-0.3116,-0.3204,-0.329,-0.3371,-0.3482,-0.3702,-0.4137,-0.4903,-0.6072,-0.7533,-0.8757,-0.9004,-0.8215,-0.7032,-0.5963,-0.5152,-0.4572,-0.416,-0.3866,-0.3652,-0.3495,-0.3378,-0.329,-0.3225,-0.3177,-0.3142,-0.3117,-0.31,-0.3089,-0.3083,-0.3081,-0.2876,-0.2889,-0.2917,-0.2965,-0.3042,-0.3152,-0.3284,-0.3398,-0.3453,-0.3473,-0.3592,-0.3994,-0.4878,-0.6458,-0.8769,-1.0966,-1.1287,-0.9658,-0.7686,-0.6188,-0.5188,-0.4533,-0.4096,-0.3795,-0.3582,-0.3429,-0.3317,-0.3235,-0.3175,-0.3132,-0.3102,-0.3083,-0.3071,-0.3065,-0.3063,-0.3064,-0.2857,-0.2866,-0.2892,-0.2945,-0.3044,-0.321,-0.3444,-0.3671,-0.3721,-0.3557,-0.3439,-0.3674,-0.4509,-0.625,-0.9157,-1.2289,-1.2679,-1.0244,-0.7725,-0.6042,-0.5012,-0.4373,-0.3959,-0.3678,-0.3482,-0.3341,-0.324,-0.3167,-0.3115,-0.308,-0.3058,-0.3045,-0.3039,-0.3039,-0.3042,-0.3047,-0.2838,-0.2841,-0.286,-0.291,-0.3022,-0.325,-0.3659,-0.4185,-0.4343,-0.3812,-0.3246,-0.317,-0.3742,-0.5154,-0.759,-1.0264,-1.0721,-0.8822,-0.6804,-0.5451,-0.4622,-0.4103,-0.3761,-0.3525,-0.3357,-0.3236,-0.3149,-0.3088,-0.3047,-0.3022,-0.3008,-0.3004,-0.3006,-0.3012,-0.3021,-0.3032,-0.2824,-0.2818,-0.2823,-0.2854,-0.2945,-0.3176,-0.3708,-0.4636,-0.5064,-0.3973,-0.2867,-0.247,-0.2697,-0.3528,-0.4933,-0.6407,-0.6898,-0.6256,-0.5338,-0.4619,-0.4125,-0.3782,-0.3534,-0.3351,-0.3215,-0.3116,-0.3046,-0.2999,-0.2971,-0.2957,-0.2955,-0.2961,-0.2972,-0.2986,-0.3002,-0.3018,-0.2818,-0.2804,-0.2792,-0.2789,-0.2816,-0.2927,-0.3257,-0.3935,-0.419,-0.3068,-0.2004,-0.1543,-0.1521,-0.1888,-0.2608,-0.3446,-0.4015,-0.4166,-0.4063,-0.3878,-0.3679,-0.3487,-0.3317,-0.3176,-0.3066,-0.2986,-0.2933,-0.2902,-0.2888,-0.2889,-0.2899,-0.2917,-0.2938,-0.2962,-0.2986,-0.3009,-0.2826,-0.2807,-0.2783,-0.2752,-0.2705,-0.2632,-0.2525,-0.2339,-0.1863,-0.1151,-0.0709,-0.0452,-0.0281,-0.0348,-0.0795,-0.155,-0.2357,-0.2986,-0.3348,-0.3463,-0.3412,-0.3281,-0.3135,-0.3007,-0.2911,-0.2846,-0.2809,-0.2795,-0.2799,-0.2816,-0.2842,-0.2874,-0.2908,-0.2943,-0.2975,-0.3004,-0.2849,-0.2834,-0.2815,-0.2783,-0.2716,-0.2555,-0.2152,-0.1212,0.0378,0.1162,0.0661,0.0611,0.1039,0.1303,0.0891,-0.0186,-0.1515,-0.2656,-0.3321,-0.3499,-0.3387,-0.318,-0.2984,-0.2837,-0.2742,-0.269,-0.2672,-0.2678,-0.2702,-0.274,-0.2785,-0.2834,-0.2884,-0.2931,-0.2973,-0.3009,-0.2889,-0.2887,-0.289,-0.2897,-0.29,-0.2859,-0.2591,-0.1369,0.2378,0.4102,0.1584,0.1433,0.2538,0.3503,0.2944,0.0998,-0.1361,-0.3355,-0.4243,-0.4091,-0.3589,-0.3133,-0.2817,-0.2631,-0.2539,-0.2508,-0.2516,-0.2548,-0.2599,-0.2661,-0.273,-0.2801,-0.2869,-0.293,-0.2982,-0.3024,-0.2939,-0.2956,-0.2991,-0.306,-0.3192,-0.344,-0.385,-0.3912,-0.071,0.1941,0.106,0.1871,0.4054,0.6821,0.5606,0.1934,-0.2087,-0.5883,-0.6743,-0.5229,-0.3839,-0.2983,-0.253,-0.2332,-0.2275,-0.2288,-0.2335,-0.2402,-0.2486,-0.2581,-0.2681,-0.278,-0.287,-0.2947,-0.3009,-0.3056,-0.2993,-0.3026,-0.3089,-0.3207,-0.3434,-0.3883,-0.4758,-0.5938,-0.4591,-0.1624,0.0128,0.2016,0.3963,0.7841,0.6554,0.1695,-0.3271,-1.0041,-1.0222,-0.6034,-0.3616,-0.2433,-0.1968,-0.1875,-0.1928,-0.2022,-0.2125,-0.2238,-0.2364,-0.2502,-0.2644,-0.2779,-0.2897,-0.2992,-0.3062,-0.3111,-0.3044,-0.3088,-0.3164,-0.3295,-0.3526,-0.3929,-0.4574,-0.526,-0.4577,-0.2601,-0.0787,0.2193,0.3361,0.4508,0.2782,-0.013,-0.3267,-0.7232,-0.7799,-0.4655,-0.2192,-0.1056,-0.0948,-0.122,-0.1505,-0.1718,-0.1885,-0.2048,-0.2228,-0.2426,-0.2627,-0.2812,-0.2965,-0.3078,-0.3152,-0.3194,-0.309,-0.3138,-0.3213,-0.3329,-0.3506,-0.3758,-0.4051,-0.4188,-0.3862,-0.3432,-0.3126,-0.1874,-0.0194,-0.076,-0.0017,-0.2273,-0.3768,-0.4111,-0.4056,-0.1831,0.1114,0.1746,0.0614,-0.045,-0.107,-0.1393,-0.1602,-0.1814,-0.2069,-0.2356,-0.2645,-0.2902,-0.3099,-0.3226,-0.3291,-0.3314,-0.3132,-0.3179,-0.3246,-0.334,-0.3464,-0.3613,-0.3756,-0.3853,-0.4014,-0.4796,-0.679,-0.6384,-0.4586,-0.2457,-0.2329,-0.3109,-0.3741,-0.3854,-0.3102,0.0703,0.7019,0.6015,0.2168,0.0102,-0.0741,-0.1039,-0.1218,-0.1486,-0.1864,-0.2297,-0.2724,-0.3086,-0.3336,-0.3463,-0.3496,-0.3475,-0.3169,-0.3215,-0.3276,-0.3354,-0.345,-0.3563,-0.3693,-0.3878,-0.4269,-0.5204,-0.6682,-0.6242,-0.7021,-0.7547,-0.4826,-0.4329,-0.4521,-0.5106,-0.4864,-0.0436,0.7606,0.6263,0.1979,-0.0002,-0.0552,-0.0521,-0.0565,-0.0965,-0.1589,-0.2265,-0.2903,-0.342,-0.3727,-0.3817,-0.3771,-0.3673,-0.3205,-0.325,-0.3307,-0.3377,-0.3465,-0.3573,-0.3716,-0.3933,-0.4296,-0.4856,-0.5428,-0.5897,-0.7587,-0.8048,-0.6526,-0.6352,-0.6078,-0.7455,-0.9214,-0.5217,-0.0426,0.0876,-0.0088,-0.065,-0.0302,0.0527,0.0699,-0.0153,-0.1271,-0.2292,-0.3213,-0.3944,-0.4296,-0.4278,-0.4089,-0.3882,-0.324,-0.3284,-0.334,-0.3408,-0.3494,-0.3603,-0.3749,-0.3953,-0.4241,-0.4608,-0.5017,-0.552,-0.623,-0.6825,-0.8424,-0.9185,-0.7235,-0.7736,-0.874,-0.7509,-0.4919,-0.2867,-0.203,-0.135,0.0074,0.2303,0.2752,0.0672,-0.1129,-0.242,-0.3582,-0.454,-0.4904,-0.4717,-0.436,-0.4047,-0.3272,-0.3318,-0.3373,-0.3441,-0.3526,-0.3634,-0.3773,-0.3956,-0.4189,-0.4473,-0.4808,-0.5218,-0.5749,-0.6571,-0.8117,-0.8601,-0.7307,-0.74,-0.8973,-0.9684,-0.6746,-0.4536,-0.3286,-0.2136,-0.0356,0.2393,0.2958,-0.002,-0.1609,-0.2661,-0.3767,-0.4768,-0.5121,-0.4866,-0.4454,-0.4108,-0.3303,-0.3349,-0.3405,-0.3472,-0.3556,-0.366,-0.3789,-0.395,-0.4148,-0.4385,-0.4666,-0.5008,-0.5446,-0.6039,-0.6713,-0.6935,-0.672,-0.6974,-0.7928,-0.8099,-0.6479,-0.5093,-0.4236,-0.3199,-0.1971,-0.1497,-0.3003,-0.2986,-0.2656,-0.2966,-0.3674,-0.4422,-0.4751,-0.4623,-0.4328,-0.4051,-0.3331,-0.3377,-0.3432,-0.3499,-0.358,-0.3678,-0.3797,-0.394,-0.4111,-0.4313,-0.4549,-0.4828,-0.5159,-0.5534,-0.5875,-0.6053,-0.6119,-0.6296,-0.655,-0.6411,-0.5781,-0.545,-0.5274,-0.4315,-0.3318,-0.3562,-0.489,-0.4275,-0.3369,-0.3225,-0.3535,-0.3963,-0.422,-0.4225,-0.4087,-0.3917,-0.3356,-0.3402,-0.3456,-0.3521,-0.3598,-0.3689,-0.3798,-0.3925,-0.4074,-0.4246,-0.4442,-0.4663,-0.4907,-0.5156,-0.5372,-0.552,-0.5617,-0.5705,-0.5744,-0.563,-0.5488,-0.5739,-0.5869,-0.4937,-0.3959,-0.3765,-0.4061,-0.39,-0.3504,-0.3357,-0.3465,-0.3677,-0.3843,-0.3895,-0.3854,-0.3769,-0.3377,-0.3422,-0.3475,-0.3537,-0.361,-0.3694,-0.3793,-0.3906,-0.4035,-0.418,-0.4341,-0.4517,-0.4699,-0.4877,-0.503,-0.5146,-0.5225,-0.5272,-0.5274,-0.5233,-0.5249,-0.5427,-0.5415,-0.4832,-0.415,-0.3802,-0.3721,-0.3625,-0.3478,-0.3403,-0.3438,-0.3537,-0.3632,-0.3682,-0.368,-0.3644]},{"header":{"la1":42.85,"la2":41.18,"lo1":11.55,"lo2":14.05,"nx":36,"ny":24,"dx":0.07143,"dy":0.07261,"parameterCategory":2,"parameterNumber":3,"parameterNumberName":"northward_wind","parameterUnit":"m.s-1"},"data":[0.4054,0.418,0.4322,0.4475,0.463,0.4767,0.4862,0.4889,0.4829,0.4684,0.4475,0.4235,0.3996,0.378,0.3604,0.3473,0.3383,0.3322,0.3276,0.3235,0.3193,0.3149,0.3102,0.3052,0.2998,0.294,0.288,0.2816,0.2749,0.2681,0.2611,0.2542,0.2474,0.2408,0.2345,0.2286,0.4086,0.4239,0.4422,0.4632,0.486,0.508,0.5252,0.5325,0.5259,0.5052,0.4744,0.4396,0.4061,0.3772,0.3547,0.3395,0.3309,0.3265,0.3236,0.3206,0.3172,0.3131,0.3086,0.3035,0.298,0.292,0.2856,0.2788,0.2716,0.2642,0.2566,0.249,0.2415,0.2343,0.2275,0.2212,0.4097,0.428,0.451,0.4793,0.5125,0.548,0.5796,0.5971,0.5909,0.5595,0.5118,0.46,0.4129,0.374,0.3449,0.3271,0.3201,0.3191,0.3189,0.3174,0.3147,0.3111,0.3067,0.3017,0.2961,0.2899,0.2831,0.2757,0.2679,0.2597,0.2514,0.243,0.2348,0.2269,0.2195,0.2126,0.4079,0.4286,0.4563,0.4931,0.5404,0.5973,0.6559,0.6966,0.6945,0.6429,0.5639,0.4852,0.4199,0.3697,0.333,0.3118,0.3076,0.3115,0.3144,0.3142,0.3121,0.3088,0.3046,0.2997,0.294,0.2875,0.2803,0.2723,0.2637,0.2547,0.2454,0.2361,0.227,0.2182,0.2101,0.2027,0.4021,0.4241,0.4553,0.4999,0.5636,0.651,0.7583,0.8523,0.8658,0.7711,0.6319,0.512,0.4263,0.3673,0.3265,0.3034,0.3011,0.3076,0.3112,0.3112,0.3092,0.3062,0.3023,0.2976,0.2918,0.285,0.2773,0.2686,0.259,0.2489,0.2385,0.228,0.2177,0.208,0.1991,0.1911,0.3914,0.4124,0.4442,0.4931,0.5697,0.6901,0.8697,1.075,1.1361,0.9454,0.6983,0.5273,0.4259,0.3657,0.3292,0.3099,0.3058,0.3078,0.3087,0.3078,0.3059,0.3033,0.2999,0.2954,0.2896,0.2825,0.2741,0.2645,0.2538,0.2423,0.2304,0.2184,0.2068,0.1959,0.186,0.1773,0.3755,0.3929,0.4205,0.4659,0.5425,0.6762,0.9091,1.2468,1.3887,1.0556,0.703,0.5075,0.4075,0.3547,0.3267,0.313,0.3076,0.3055,0.3042,0.3029,0.3016,0.2999,0.2972,0.2932,0.2876,0.2801,0.2709,0.2601,0.2479,0.2346,0.2208,0.207,0.1937,0.1813,0.1703,0.1609,0.3553,0.366,0.3845,0.4168,0.4745,0.5792,0.7663,1.0406,1.1455,0.8618,0.5873,0.441,0.3662,0.3269,0.3078,0.3001,0.2974,0.2962,0.2956,0.2956,0.296,0.296,0.2947,0.2914,0.2859,0.2781,0.2678,0.2554,0.2412,0.2257,0.2094,0.1932,0.1777,0.1635,0.1513,0.1412,0.3324,0.3345,0.3399,0.3522,0.3775,0.4253,0.5044,0.5929,0.6008,0.5068,0.4152,0.353,0.3103,0.2839,0.2738,0.2748,0.2785,0.2807,0.2822,0.2849,0.2886,0.2916,0.2924,0.2904,0.2851,0.2766,0.265,0.2506,0.2337,0.2151,0.1956,0.1761,0.1579,0.1416,0.1279,0.1172,0.3094,0.3021,0.2933,0.2834,0.2736,0.2674,0.2699,0.2797,0.2776,0.2742,0.2868,0.2795,0.2511,0.2252,0.2238,0.241,0.2552,0.259,0.261,0.2684,0.2787,0.2871,0.2912,0.2907,0.2856,0.2763,0.2629,0.2457,0.2252,0.2024,0.1785,0.1548,0.1329,0.1139,0.0987,0.0876,0.289,0.2732,0.2515,0.2213,0.1801,0.1278,0.0787,0.0808,0.1654,0.1966,0.2261,0.2367,0.1899,0.1315,0.1441,0.2017,0.2318,0.224,0.2204,0.2409,0.2662,0.2838,0.2923,0.2933,0.2882,0.2776,0.2618,0.241,0.2157,0.1871,0.157,0.1275,0.1008,0.0785,0.0618,0.0508,0.2736,0.2518,0.2207,0.1756,0.1095,0.0143,-0.1084,-0.1824,0.001,0.1533,0.2138,0.2333,0.1365,-0.0526,0.0159,0.1765,0.2186,0.1429,0.1262,0.198,0.2556,0.2856,0.2979,0.2996,0.2939,0.2816,0.2627,0.2371,0.2051,0.1684,0.1295,0.0917,0.0585,0.0323,0.0143,0.0045,0.2649,0.2403,0.2052,0.1538,0.0768,-0.041,-0.2156,-0.3973,-0.2433,0.0773,0.2451,0.2764,0.2162,-0.1005,-0.0119,0.242,0.2577,-0.0122,-0.0209,0.1714,0.2626,0.2986,0.3107,0.3109,0.3037,0.2896,0.2672,0.2352,0.1938,0.1451,0.0932,0.0435,0.0014,-0.0295,-0.0476,-0.0541,0.2632,0.2394,0.2061,0.1586,0.0895,-0.0113,-0.1486,-0.2787,-0.167,0.1564,0.3365,0.3063,0.3112,0.7091,0.4033,0.4715,0.5058,0.211,0.1266,0.2386,0.3029,0.3282,0.3322,0.3276,0.3188,0.3039,0.2782,0.2381,0.183,0.1162,0.0444,-0.0234,-0.0781,-0.1137,-0.1295,-0.1287,0.2678,0.2477,0.2208,0.1848,0.1371,0.0774,0.0167,0.0034,0.1299,0.3613,0.5217,0.5456,0.6014,0.7838,0.6108,0.7861,1.0924,0.6152,0.3654,0.3345,0.3675,0.3766,0.3613,0.3486,0.3411,0.3297,0.3026,0.2515,0.1753,0.08,-0.0235,-0.1194,-0.1916,-0.2308,-0.2383,-0.2228,0.2771,0.2623,0.2439,0.2219,0.1977,0.1769,0.1745,0.2214,0.3511,0.5612,0.7948,0.7727,0.7206,0.6909,0.6512,0.7701,0.9395,0.6003,0.3698,0.3588,0.4567,0.4423,0.3883,0.3703,0.3751,0.3794,0.3557,0.2873,0.1763,0.0348,-0.1199,-0.2611,-0.3577,-0.3948,-0.3814,-0.3384,0.289,0.2798,0.2697,0.2602,0.2542,0.258,0.2828,0.3442,0.4548,0.6152,0.7801,0.7602,0.82,0.8551,0.6663,0.5995,0.526,0.2968,0.1305,0.2597,0.4597,0.4434,0.389,0.3904,0.4336,0.4823,0.471,0.3664,0.1931,-0.0214,-0.2578,-0.4721,-0.6009,-0.6197,-0.5613,-0.4719,0.3016,0.2973,0.2941,0.2935,0.2987,0.3143,0.3467,0.4022,0.4827,0.5782,0.6571,0.7051,0.8241,0.8395,0.622,0.5074,0.3482,-0.054,-0.3989,0.0301,0.2875,0.3517,0.3653,0.4133,0.5354,0.6974,0.7137,0.5097,0.2234,-0.0907,-0.4427,-0.7691,-0.9333,-0.8998,-0.7619,-0.6069,0.3136,0.3131,0.3146,0.3196,0.3304,0.3498,0.3809,0.4253,0.4813,0.5409,0.5923,0.6335,0.666,0.6306,0.5261,0.495,0.3418,0.0095,-0.1805,0.1389,0.2509,0.3039,0.3435,0.4254,0.6468,1.0492,1.1261,0.6575,0.2197,-0.1703,-0.6333,-1.0908,-1.2799,-1.1613,-0.9288,-0.7102,0.324,0.3262,0.3307,0.3385,0.3513,0.3704,0.3971,0.4312,0.4704,0.5098,0.5434,0.5663,0.5704,0.5426,0.5019,0.4768,0.3662,0.2354,0.31,0.3844,0.3003,0.2973,0.3192,0.3811,0.5773,1.0513,1.1535,0.4531,0.0743,-0.2472,-0.7103,-1.2103,-1.4041,-1.2486,-0.9826,-0.744,0.3325,0.3364,0.3424,0.3513,0.364,0.3812,0.403,0.4287,0.4564,0.4828,0.504,0.5158,0.5139,0.4964,0.4696,0.4318,0.3668,0.3098,0.3202,0.3356,0.306,0.2928,0.2895,0.2865,0.2744,0.1348,-0.381,-0.3516,-0.2074,-0.307,-0.6236,-1.0061,-1.1834,-1.0946,-0.8943,-0.6963,0.339,0.3437,0.3503,0.3592,0.3709,0.3855,0.4029,0.4221,0.4418,0.4594,0.4725,0.4783,0.4746,0.4609,0.438,0.4054,0.3643,0.3292,0.3143,0.3076,0.2964,0.291,0.2838,0.2317,0.0659,-0.3711,-0.9335,-0.7147,-0.3812,-0.3316,-0.4864,-0.7105,-0.8453,-0.8308,-0.7239,-0.5928,0.3437,0.3487,0.3552,0.3635,0.3737,0.3858,0.3994,0.4137,0.4276,0.4393,0.4472,0.4494,0.4448,0.4328,0.4137,0.3883,0.3594,0.3332,0.3142,0.3007,0.2915,0.296,0.2994,0.2312,0.0483,-0.2641,-0.537,-0.503,-0.3523,-0.3041,-0.3714,-0.4888,-0.5764,-0.5922,-0.5471,-0.4723,0.3468,0.3517,0.3578,0.3651,0.3738,0.3836,0.3941,0.4046,0.4143,0.422,0.4264,0.4264,0.4213,0.4108,0.395,0.375,0.3527,0.3311,0.3122,0.2964,0.2854,0.283,0.2738,0.2131,0.0809,-0.0983,-0.2424,-0.2776,-0.2494,-0.2404,-0.2776,-0.3408,-0.3946,-0.415,-0.3998,-0.3603]}]