docs/data/wind_grid.json
[{"header":{"la1":42.85,"la2":41.18,"lo1":11.55,"lo2":14.05,"nx":36,"ny":24,"dx":0.07143,"dy":0.07261,"parameterCategory":2,"parameterNumber":2,"parameterNumberName":"eastward_wind","parameterUnit":"m.s-1"},"data":[2.9183,2.9362,2.9544,2.9723,2.9886,3.0016,3.0087,3.0072,2.9952,2.9727,2.9418,2.9057,2.868,2.8314,2.7977,2.7675,2.7403,2.7143,2.6868,2.655,2.6174,2.574,2.5265,2.4768,2.4269,2.3781,2.3315,2.2875,2.2464,2.2085,2.1737,2.142,2.1134,2.0878,2.0652,2.0454,2.9393,2.9611,2.9844,3.0087,3.0329,3.0544,3.0695,3.073,3.061,3.033,2.9927,2.9463,2.8994,2.8562,2.8189,2.7885,2.764,2.7425,2.7187,2.6874,2.646,2.5952,2.5385,2.4797,2.4215,2.3658,2.3135,2.265,2.2203,2.1795,2.1425,2.1091,2.0793,2.0529,2.0299,2.0101,2.9591,2.9852,3.0142,3.0464,3.0812,3.1159,3.1447,3.1584,3.1476,3.1104,3.0544,2.9917,2.9318,2.88,2.8389,2.8097,2.7917,2.7802,2.7654,2.7364,2.6883,2.6249,2.5539,2.482,2.4132,2.3492,2.2906,2.2372,2.1888,2.1452,2.1061,2.0711,2.0403,2.0133,1.9901,1.9704,2.9767,3.0069,3.0419,3.083,3.1313,3.1856,3.2388,3.2738,3.2677,3.2134,3.1293,3.0409,2.963,2.9006,2.8555,2.8296,2.8242,2.8335,2.8385,2.8142,2.752,2.6652,2.5714,2.4814,2.3994,2.3261,2.2609,2.2027,2.1509,2.1046,2.0636,2.0273,1.9956,1.9683,1.9451,1.9259,2.9913,3.0247,3.0648,3.1145,3.1778,3.2583,3.3527,3.4332,3.4419,3.3523,3.216,3.089,2.9891,2.9154,2.8662,2.8452,2.8601,2.9094,2.9568,2.9395,2.8441,2.7136,2.5852,2.4724,2.376,2.2935,2.2221,2.1598,2.105,2.0566,2.014,1.9767,1.9445,1.9171,1.8944,1.876,3.0019,3.0373,3.0805,3.1357,3.2107,3.3177,3.4688,3.6374,3.6861,3.522,3.2971,3.1239,3.0045,2.9218,2.8681,2.85,2.888,3.0011,3.1309,3.1194,2.9519,2.752,2.5816,2.4461,2.3373,2.2477,2.172,2.1067,2.0498,1.9999,1.9562,1.9183,1.886,1.8589,1.8369,1.8198,3.0083,3.044,3.0872,3.1425,3.219,3.3348,3.5218,3.7847,3.8943,3.6275,3.3232,3.1286,3.0052,2.9197,2.8604,2.8358,2.8793,3.0419,3.2646,3.2512,2.997,2.7368,2.539,2.3917,2.2777,2.1854,2.1081,2.0417,1.9839,1.9333,1.8891,1.851,1.8189,1.7925,1.7718,1.7566,3.0106,3.0452,3.0857,3.1355,3.2008,3.2946,3.4404,3.6419,3.7161,3.4942,3.2567,3.1013,2.9953,2.9141,2.8473,2.8018,2.8098,2.9243,3.1052,3.0913,2.8629,2.6252,2.4415,2.3027,2.1937,2.1046,2.0291,1.9636,1.9062,1.8556,1.8115,1.7736,1.742,1.7168,1.6979,1.6852,3.0097,3.0423,3.079,3.1208,3.1696,3.2278,3.2966,3.3595,3.3573,3.2708,3.1649,3.0692,2.9883,2.9156,2.8402,2.7619,2.7036,2.7013,2.7415,2.7152,2.5876,2.4329,2.2953,2.181,2.0858,2.0048,1.9341,1.8715,1.8155,1.7657,1.7219,1.6844,1.6537,1.6301,1.6137,1.6044,3.0063,3.0371,3.0706,3.1064,3.1435,3.1791,3.2073,3.218,3.2043,3.1768,3.1249,3.0577,2.9976,2.9386,2.8561,2.7355,2.5948,2.4776,2.4112,2.3656,2.2998,2.2127,2.1207,2.0344,1.9568,1.8869,1.8232,1.7647,1.7109,1.6621,1.6188,1.5818,1.5521,1.5305,1.5173,1.5125,3.0009,3.0305,3.0623,3.096,3.1302,3.1623,3.1864,3.1934,3.1871,3.1863,3.1268,3.0661,3.0294,3.0002,2.9165,2.7349,2.4759,2.2196,2.0839,2.0574,2.0384,1.9922,1.931,1.8684,1.8088,1.7517,1.6963,1.6426,1.5912,1.5433,1.5,1.4631,1.4343,1.4151,1.4062,1.4074,2.9935,3.0224,3.0538,3.0882,3.1257,3.1666,3.2089,3.2338,3.2019,3.1727,3.1237,3.0901,3.0787,3.1132,3.0291,2.7528,2.3087,1.7834,1.629,1.7502,1.795,1.7663,1.7213,1.6803,1.6413,1.5991,1.5528,1.5039,1.4547,1.4071,1.363,1.3251,1.2966,1.28,1.2768,1.2864,2.9839,3.012,3.043,3.0781,3.119,3.1688,3.2303,3.2863,3.2449,3.1626,3.1305,3.1696,3.1358,3.1449,3.0708,2.7314,2.1526,1.1707,1.1201,1.5127,1.5563,1.4981,1.4658,1.4599,1.452,1.4284,1.3911,1.3463,1.2988,1.2508,1.2042,1.1632,1.1334,1.1197,1.1244,1.1461,2.9716,2.9983,3.028,3.0617,3.1011,3.1484,3.2031,3.2494,3.2204,3.143,3.1334,3.2951,3.3079,2.7667,2.8854,2.6507,2.2579,1.5895,1.3809,1.4182,1.2138,1.0789,1.114,1.1968,1.242,1.2391,1.2073,1.1652,1.1201,1.0714,1.0195,0.9708,0.9363,0.9258,0.9424,0.9824,2.9567,2.9813,3.0082,3.0381,3.0712,3.1072,3.1415,3.1588,3.1388,3.1082,3.1056,3.1138,3.0344,2.9887,2.8352,2.5595,2.3943,2.1256,1.7022,1.1273,0.4058,0.2797,0.624,0.9082,1.0239,1.0281,0.9905,0.9509,0.9137,0.8668,0.8043,0.7382,0.6921,0.6856,0.7219,0.7911,2.9393,2.9613,2.9847,3.0095,3.0352,3.0598,3.079,3.0864,3.0834,3.0955,3.1514,3.0946,3.0377,2.9456,2.8192,2.5821,2.4186,2.2287,1.7339,0.5535,-1.2615,-0.9649,0.1403,0.6809,0.818,0.7759,0.7099,0.6841,0.6762,0.6396,0.5557,0.4509,0.3798,0.3813,0.454,0.5707,2.9201,2.9391,2.9588,2.9788,2.9982,3.0154,3.0282,3.036,3.0449,3.0728,3.1277,3.077,3.0027,2.9642,2.8493,2.6884,2.5146,2.3346,2.006,0.7891,-1.4428,-1.0513,0.1564,0.6281,0.6122,0.4102,0.2908,0.333,0.4132,0.4055,0.2755,0.0881,-0.0308,-0.0056,0.1362,0.3286,2.8995,2.9157,2.932,2.9479,2.9627,2.9754,2.9854,2.9935,3.0033,3.0184,3.0276,3.0045,2.9777,2.9645,2.9261,2.8565,2.6561,2.5444,2.616,1.9045,0.7695,0.4553,0.7011,0.7139,0.3301,-0.2244,-0.4043,-0.1229,0.1624,0.2045,-0.0188,-0.3643,-0.5564,-0.4666,-0.2051,0.0922,2.8781,2.8917,2.905,2.9176,2.929,2.9386,2.9463,2.9527,2.9588,2.9637,2.9623,2.9511,2.942,2.9597,3.1208,3.1924,2.8124,2.6288,2.6407,2.5043,1.9663,1.4962,1.2365,0.8433,0.0115,-1.1664,-1.4141,-0.5423,0.0384,0.106,-0.2618,-0.8284,-1.0938,-0.8902,-0.4833,-0.0832,2.8563,2.8676,2.8782,2.8881,2.8967,2.9037,2.9091,2.913,2.9152,2.915,2.911,2.9043,2.9045,2.9423,3.078,3.1071,2.8355,2.7007,2.898,3.0261,2.4708,2.0307,1.6752,1.1211,0.1437,-1.2468,-1.531,-0.2856,0.2224,0.1804,-0.3042,-0.9932,-1.2882,-1.0294,-0.5672,-0.1339,2.8344,2.8435,2.8519,2.8593,2.8655,2.8703,2.8733,2.8746,2.8739,2.8706,2.8649,2.8583,2.857,2.8719,2.8998,2.8708,2.759,2.6991,2.7828,2.7986,2.5801,2.4351,2.2253,1.6653,0.8807,0.4347,0.9315,0.9139,0.6788,0.4152,-0.0648,-0.6472,-0.9224,-0.7622,-0.4035,-0.0376,2.8126,2.8197,2.8261,2.8314,2.8355,2.8381,2.8389,2.8379,2.8347,2.8291,2.8212,2.8121,2.8039,2.7975,2.785,2.748,2.6893,2.65,2.6523,2.6613,2.7392,3.0431,3.0857,2.3818,1.56,1.3063,1.658,1.4334,1.0146,0.6791,0.2937,-0.1052,-0.3279,-0.29,-0.0873,0.1634,2.7909,2.7963,2.8009,2.8043,2.8065,2.8071,2.806,2.8029,2.7975,2.7898,2.7797,2.7674,2.7531,2.7358,2.7116,2.6768,2.6365,2.6074,2.607,2.6679,2.9143,3.4647,3.6293,2.838,1.9676,1.5313,1.4619,1.3536,1.1294,0.8788,0.6068,0.3474,0.1828,0.1602,0.2523,0.402,2.7697,2.7735,2.7764,2.7781,2.7785,2.7774,2.7745,2.7696,2.7625,2.7529,2.7406,2.7257,2.7077,2.6858,2.6589,2.6271,2.5952,2.5738,2.5803,2.6509,2.8526,3.1695,3.2143,2.7295,2.1191,1.7022,1.4928,1.357,1.2066,1.0326,0.8465,0.6744,0.5554,0.5152,0.5487,0.6312]},{"header":{"la1":42.85,"la2":41.18,"lo1":11.55,"lo2":14.05,"nx":36,"ny":24,"dx":0.07143,"dy":0.07261,"parameterCategory":2,"parameterNumber":3,"parameterNumberName":"northward_wind","parameterUnit":"m.s-1"},"data":[1.0355,1.0574,1.0809,1.1053,1.1297,1.1525,1.1715,1.1845,1.1903,1.1896,1.1846,1.1787,1.1749,1.1754,1.1808,1.1907,1.2023,1.2117,1.2139,1.2047,1.1828,1.1496,1.1088,1.0642,1.0192,0.9759,0.9355,0.8987,0.8657,0.8363,0.8104,0.7876,0.7676,0.7502,0.7351,0.7219,1.0433,1.0687,1.0967,1.1271,1.1589,1.1897,1.2162,1.2339,1.2401,1.2351,1.2234,1.2111,1.2034,1.2035,1.213,1.2311,1.2545,1.2763,1.2875,1.2802,1.252,1.2069,1.152,1.094,1.0375,0.9852,0.938,0.8962,0.8596,0.8278,0.8001,0.7763,0.7558,0.7382,0.723,0.71,1.0491,1.0781,1.1113,1.1492,1.1911,1.2345,1.2739,1.3008,1.3078,1.2946,1.2702,1.2463,1.2316,1.2306,1.2455,1.2761,1.319,1.3634,1.3917,1.3874,1.3468,1.2804,1.2029,1.1256,1.0543,0.9913,0.9366,0.8897,0.8497,0.8157,0.7867,0.7622,0.7415,0.724,0.7091,0.6966,1.0518,1.0841,1.1228,1.1692,1.2243,1.2869,1.3496,1.396,1.406,1.3762,1.3271,1.2831,1.2574,1.2542,1.2756,1.3239,1.3982,1.4841,1.546,1.5458,1.4783,1.3725,1.2593,1.1555,1.0663,0.9915,0.9294,0.8778,0.8349,0.7993,0.7696,0.745,0.7245,0.7075,0.6934,0.6816,1.0504,1.0852,1.1283,1.1829,1.2532,1.3424,1.4458,1.5351,1.5561,1.4906,1.3935,1.3177,1.2775,1.2712,1.299,1.3684,1.4888,1.6493,1.7799,1.7826,1.6543,1.4775,1.3122,1.1761,1.0681,0.9824,0.914,0.8589,0.8143,0.778,0.7484,0.7243,0.7046,0.6887,0.6757,0.6651,1.044,1.0795,1.1247,1.1845,1.2672,1.3846,1.547,1.7235,1.7782,1.6357,1.4551,1.3404,1.2879,1.2793,1.3107,1.3962,1.5674,1.8416,2.1019,2.0987,1.8492,1.5665,1.3417,1.1759,1.0531,0.9601,0.8882,0.8317,0.7869,0.7511,0.7226,0.6999,0.6819,0.6675,0.6561,0.6471,1.0321,1.0661,1.1098,1.1686,1.253,1.3821,1.5868,1.8643,1.9766,1.7257,1.4681,1.3376,1.287,1.2803,1.309,1.3913,1.5792,1.9368,2.336,2.3184,1.9402,1.5773,1.32,1.1423,1.0155,0.9217,0.8504,0.7952,0.7522,0.7186,0.6924,0.672,0.6563,0.6442,0.635,0.628,1.015,1.0453,1.0836,1.1342,1.2055,1.3128,1.481,1.7076,1.7938,1.5878,1.3958,1.3087,1.2822,1.2839,1.3032,1.3557,1.4893,1.7654,2.0917,2.0869,1.773,1.4604,1.2322,1.0708,0.9538,0.8665,0.8002,0.7493,0.7102,0.6803,0.6576,0.6407,0.6282,0.6192,0.6126,0.608,0.9938,1.0188,1.049,1.0867,1.1358,1.202,1.2895,1.3794,1.4039,1.3484,1.2948,1.2785,1.2917,1.31,1.3166,1.322,1.3622,1.4685,1.5947,1.5944,1.4445,1.2576,1.0961,0.9692,0.8714,0.7963,0.7386,0.6945,0.6612,0.6366,0.6189,0.6065,0.5982,0.5929,0.5896,0.5877,0.9699,0.9892,1.0107,1.035,1.0624,1.094,1.1317,1.176,1.2178,1.2342,1.2366,1.2721,1.3386,1.3901,1.3824,1.328,1.2778,1.2616,1.2633,1.237,1.1598,1.0531,0.9455,0.8516,0.7749,0.7142,0.6672,0.6318,0.6061,0.5883,0.5769,0.5703,0.5672,0.5663,0.5668,0.568,0.9448,0.9587,0.9727,0.986,0.9971,1.0053,1.0167,1.0633,1.2034,1.2659,1.2156,1.2889,1.4437,1.5772,1.5422,1.3854,1.2408,1.155,1.1025,1.0445,0.9684,0.8824,0.7995,0.7277,0.6691,0.6229,0.5877,0.5623,0.5456,0.5362,0.5326,0.5332,0.5363,0.5407,0.5454,0.5498,0.9195,0.929,0.9373,0.9431,0.9439,0.9362,0.9177,0.9132,1.0528,1.1718,1.1708,1.2988,1.5801,1.9528,1.8178,1.4529,1.2063,1.1134,1.0618,0.9536,0.8335,0.7317,0.6543,0.5976,0.5556,0.524,0.5012,0.4868,0.4806,0.4815,0.4876,0.497,0.5076,0.518,0.5271,0.5346,0.8948,0.9008,0.9052,0.9068,0.9033,0.8908,0.8623,0.8216,0.8715,0.989,1.0928,1.2629,1.4966,2.068,1.9078,1.3842,1.1233,1.1493,1.1301,0.8918,0.6914,0.5621,0.492,0.4559,0.4339,0.418,0.408,0.4056,0.4118,0.4254,0.4439,0.4644,0.484,0.5009,0.5143,0.5243,0.8707,0.8739,0.8756,0.875,0.871,0.8623,0.8481,0.8336,0.8442,0.8788,0.9654,1.2339,1.3332,1.309,1.3207,1.0951,0.9256,0.9927,0.9668,0.7014,0.4514,0.3197,0.2911,0.2985,0.3048,0.3054,0.3074,0.3178,0.3391,0.3695,0.4047,0.4395,0.4699,0.4935,0.5101,0.521,0.8472,0.848,0.8474,0.8448,0.8398,0.8322,0.8221,0.8078,0.7743,0.6997,0.653,0.7771,0.8773,0.6258,0.9285,0.7841,0.6331,0.7015,0.6172,0.3419,0.0197,-0.0553,0.0468,0.1349,0.174,0.1855,0.1954,0.2196,0.2615,0.316,0.3747,0.4292,0.4725,0.5019,0.5189,0.5273,0.8242,0.8228,0.8197,0.8145,0.8063,0.7939,0.7738,0.7354,0.65,0.4555,0.101,0.3316,0.5055,0.6592,0.7046,0.6585,0.6055,0.5363,0.3547,-0.0384,-0.6228,-0.5288,-0.1766,-0.0021,0.0492,0.0518,0.0606,0.1028,0.1767,0.2681,0.3621,0.4442,0.5027,0.5344,0.5455,0.5454,0.802,0.7984,0.7927,0.7844,0.7721,0.7534,0.7232,0.6704,0.5724,0.3896,0.1346,0.2874,0.355,0.3411,0.4675,0.4663,0.4332,0.3229,0.1695,-0.1187,-0.7065,-0.5881,-0.2285,-0.0799,-0.0743,-0.1201,-0.1245,-0.0476,0.0824,0.231,0.3779,0.5006,0.5755,0.5998,0.593,0.5754,0.7806,0.775,0.767,0.7559,0.7401,0.7173,0.6834,0.6318,0.555,0.4544,0.3741,0.3673,0.3102,0.2679,0.1794,0.0952,0.1847,0.1287,0.0245,0.0238,-0.1683,-0.2187,-0.136,-0.1193,-0.2198,-0.379,-0.408,-0.2424,-0.0144,0.212,0.4314,0.6123,0.7014,0.6993,0.6568,0.6118,0.7604,0.753,0.7431,0.7299,0.7121,0.6879,0.6549,0.6106,0.5545,0.4927,0.4388,0.3921,0.3199,0.1584,-0.3365,-0.5336,-0.0346,0.1025,0.085,0.1514,0.0708,-0.0217,-0.0731,-0.1547,-0.3665,-0.7255,-0.7964,-0.4233,-0.0735,0.2154,0.5054,0.754,0.8495,0.8025,0.715,0.6416,0.7415,0.7327,0.7214,0.7069,0.6883,0.6643,0.6338,0.5959,0.5515,0.503,0.4521,0.3912,0.2944,0.0947,-0.2862,-0.3996,-0.0492,0.1389,0.257,0.3051,0.1469,0.0071,-0.0862,-0.1736,-0.3629,-0.7552,-0.8393,-0.3289,-0.0205,0.2345,0.5333,0.8089,0.9056,0.8379,0.7323,0.6485,0.7239,0.7141,0.702,0.6868,0.668,0.6449,0.6168,0.5834,0.5449,0.5017,0.4521,0.3894,0.2993,0.164,0.0085,-0.0332,0.0645,0.1559,0.2161,0.2134,0.0706,-0.1154,-0.2105,-0.2031,-0.1959,-0.1491,0.1415,0.1498,0.1304,0.2566,0.4802,0.7042,0.8014,0.7685,0.6927,0.6254,0.7079,0.6974,0.6846,0.6692,0.6507,0.6285,0.6024,0.572,0.5372,0.4975,0.4512,0.3948,0.3238,0.2399,0.1637,0.131,0.1422,0.1576,0.1477,0.0761,-0.1253,-0.4303,-0.523,-0.3259,-0.1064,0.1611,0.4609,0.3573,0.2321,0.2709,0.406,0.5546,0.641,0.6503,0.6194,0.5816,0.6933,0.6823,0.6693,0.6539,0.6357,0.6146,0.5901,0.562,0.53,0.4937,0.452,0.4037,0.3488,0.2909,0.2397,0.205,0.1834,0.1577,0.1038,-0.0178,-0.2757,-0.658,-0.7547,-0.4389,-0.1248,0.1173,0.2753,0.2771,0.2426,0.2708,0.3529,0.4477,0.5164,0.5452,0.5451,0.5326,0.68,0.6688,0.6557,0.6404,0.6228,0.6026,0.5795,0.5534,0.524,0.4909,0.4539,0.4127,0.3682,0.3228,0.2805,0.2433,0.2075,0.1624,0.0905,-0.0354,-0.244,-0.488,-0.5462,-0.3542,-0.1225,0.0527,0.1604,0.2045,0.2255,0.2622,0.3203,0.3848,0.4381,0.4711,0.4858,0.4892]}]