docs/data/wind_grid.json
[{"header":{"la1":42.85,"la2":41.18,"lo1":11.55,"lo2":14.05,"nx":36,"ny":24,"dx":0.07143,"dy":0.07261,"parameterCategory":2,"parameterNumber":2,"parameterNumberName":"eastward_wind","parameterUnit":"m.s-1"},"data":[-0.4482,-0.4522,-0.4568,-0.462,-0.4671,-0.4711,-0.4727,-0.4705,-0.4632,-0.4509,-0.4344,-0.4153,-0.3953,-0.3756,-0.3571,-0.3406,-0.3266,-0.316,-0.3096,-0.308,-0.3111,-0.3179,-0.327,-0.337,-0.3469,-0.356,-0.364,-0.3707,-0.3762,-0.3806,-0.384,-0.3866,-0.3885,-0.3898,-0.3908,-0.3915,-0.4496,-0.4549,-0.4616,-0.4695,-0.4783,-0.4866,-0.4923,-0.4925,-0.485,-0.4691,-0.4468,-0.421,-0.3946,-0.3692,-0.3457,-0.3245,-0.3062,-0.292,-0.2836,-0.2824,-0.2882,-0.2993,-0.3131,-0.3274,-0.3407,-0.3523,-0.3621,-0.37,-0.3762,-0.3809,-0.3844,-0.3869,-0.3887,-0.3898,-0.3905,-0.391,-0.45,-0.4565,-0.4655,-0.4771,-0.4912,-0.5066,-0.52,-0.526,-0.5188,-0.4972,-0.4651,-0.429,-0.3936,-0.3608,-0.331,-0.304,-0.2797,-0.2596,-0.2474,-0.2466,-0.2575,-0.276,-0.2971,-0.3174,-0.3351,-0.3498,-0.3614,-0.3704,-0.3772,-0.3821,-0.3855,-0.3878,-0.3892,-0.3899,-0.3903,-0.3904,-0.4486,-0.4561,-0.4673,-0.4832,-0.5046,-0.5313,-0.5594,-0.5784,-0.574,-0.5415,-0.4917,-0.439,-0.3911,-0.3492,-0.3124,-0.2785,-0.2457,-0.2152,-0.1948,-0.1947,-0.2154,-0.2472,-0.2799,-0.3084,-0.3314,-0.3492,-0.3626,-0.3725,-0.3795,-0.3842,-0.3873,-0.3891,-0.3899,-0.3902,-0.39,-0.3897,-0.4447,-0.4526,-0.4653,-0.4851,-0.5151,-0.5582,-0.613,-0.6625,-0.668,-0.6115,-0.5268,-0.4483,-0.3843,-0.3323,-0.2883,-0.2479,-0.2047,-0.1556,-0.1162,-0.1169,-0.1592,-0.2148,-0.2642,-0.3026,-0.331,-0.3516,-0.3663,-0.3765,-0.3833,-0.3876,-0.3899,-0.3908,-0.3909,-0.3904,-0.3896,-0.3887,-0.4379,-0.4446,-0.4571,-0.4791,-0.5162,-0.5773,-0.6727,-0.7881,-0.8233,-0.7097,-0.5613,-0.4494,-0.3689,-0.3064,-0.2558,-0.2121,-0.1623,-0.0868,-0.0062,-0.0093,-0.0957,-0.1876,-0.2563,-0.3037,-0.3361,-0.3583,-0.3733,-0.3831,-0.389,-0.3921,-0.3932,-0.393,-0.3919,-0.3904,-0.3888,-0.3873,-0.4275,-0.431,-0.4406,-0.4609,-0.4993,-0.5689,-0.6946,-0.89,-0.977,-0.7743,-0.5622,-0.4308,-0.3402,-0.2661,-0.2061,-0.165,-0.1279,-0.0472,0.0775,0.0701,-0.0656,-0.1856,-0.2646,-0.3152,-0.3484,-0.3701,-0.3841,-0.3925,-0.3967,-0.3979,-0.3972,-0.3953,-0.3928,-0.39,-0.3874,-0.3852,-0.4139,-0.4114,-0.4138,-0.4274,-0.4601,-0.5201,-0.6218,-0.7727,-0.8319,-0.6649,-0.4986,-0.3904,-0.2997,-0.2046,-0.1162,-0.0767,-0.0886,-0.0757,-0.0042,-0.0129,-0.123,-0.2249,-0.2938,-0.3387,-0.3683,-0.3876,-0.3991,-0.4049,-0.4063,-0.4049,-0.4017,-0.3975,-0.393,-0.3888,-0.385,-0.382,-0.3983,-0.3864,-0.3758,-0.3762,-0.4012,-0.449,-0.503,-0.5446,-0.5343,-0.4694,-0.4078,-0.3477,-0.2619,-0.1221,0.0659,0.1364,0.0087,-0.1117,-0.1505,-0.1777,-0.2337,-0.2923,-0.3382,-0.3716,-0.3952,-0.4106,-0.4187,-0.4206,-0.4181,-0.4128,-0.4061,-0.399,-0.3922,-0.3862,-0.3811,-0.3772,-0.3837,-0.36,-0.3283,-0.3031,-0.3247,-0.386,-0.4235,-0.4102,-0.3446,-0.3082,-0.3354,-0.3275,-0.2561,-0.0683,0.3873,0.6164,0.1536,-0.1482,-0.2684,-0.3125,-0.3385,-0.3629,-0.3868,-0.4091,-0.4277,-0.4399,-0.4437,-0.4402,-0.4318,-0.4212,-0.4099,-0.3991,-0.3895,-0.3814,-0.375,-0.3704,-0.3753,-0.3425,-0.2894,-0.2256,-0.2435,-0.3516,-0.4036,-0.3753,-0.2213,-0.1422,-0.2976,-0.3408,-0.3041,-0.1795,0.2796,0.6102,0.0497,-0.292,-0.4221,-0.4397,-0.4285,-0.4235,-0.4307,-0.4472,-0.4662,-0.4781,-0.4767,-0.4645,-0.4472,-0.4291,-0.4119,-0.3966,-0.3837,-0.3734,-0.3657,-0.3607,-0.3771,-0.3457,-0.296,-0.238,-0.2597,-0.37,-0.434,-0.4437,-0.336,-0.249,-0.3464,-0.3852,-0.3709,-0.3615,-0.2707,-0.1508,-0.3198,-0.5983,-0.6755,-0.5799,-0.502,-0.4667,-0.4634,-0.4837,-0.5149,-0.5325,-0.5219,-0.4938,-0.4628,-0.4347,-0.4103,-0.3898,-0.3732,-0.3607,-0.3521,-0.3471,-0.3882,-0.3673,-0.3413,-0.3246,-0.3514,-0.4141,-0.4668,-0.5031,-0.4706,-0.416,-0.4286,-0.4568,-0.4239,-0.3933,-0.3821,-0.3967,-0.5625,-0.9605,-0.9686,-0.6792,-0.5362,-0.4814,-0.4782,-0.5154,-0.5789,-0.6129,-0.5801,-0.5238,-0.4743,-0.4347,-0.4026,-0.3763,-0.3558,-0.3412,-0.3323,-0.3284,-0.4034,-0.3931,-0.3848,-0.3868,-0.4071,-0.44,-0.4705,-0.4906,-0.484,-0.4741,-0.4864,-0.5331,-0.5159,-0.1708,-0.3795,-0.5141,-0.664,-0.8244,-0.8288,-0.6306,-0.5016,-0.4543,-0.4663,-0.5273,-0.6321,-0.6877,-0.6229,-0.5378,-0.4737,-0.425,-0.3853,-0.3528,-0.3281,-0.3119,-0.3041,-0.303,-0.4183,-0.4148,-0.4146,-0.4208,-0.435,-0.4539,-0.4717,-0.4851,-0.4983,-0.5271,-0.5548,-0.5326,-0.4433,-0.398,-0.4396,-0.6885,-0.9228,-0.7257,-0.6217,-0.4991,-0.3877,-0.3693,-0.4211,-0.4985,-0.5946,-0.6439,-0.5923,-0.5173,-0.455,-0.4023,-0.3554,-0.3151,-0.2851,-0.2685,-0.2644,-0.2694,-0.431,-0.4312,-0.4341,-0.4409,-0.4518,-0.4655,-0.4805,-0.4985,-0.5294,-0.5964,-0.7205,-0.613,-0.5414,-0.4662,-0.5087,-0.6779,-0.8243,-0.6518,-0.5099,-0.3713,-0.1905,-0.2285,-0.3627,-0.4527,-0.514,-0.54,-0.5198,-0.4749,-0.423,-0.3675,-0.3099,-0.2567,-0.2191,-0.2043,-0.2095,-0.2263,-0.4413,-0.4434,-0.4476,-0.4544,-0.4638,-0.4758,-0.4908,-0.5115,-0.5458,-0.6089,-0.7007,-0.6256,-0.5351,-0.5113,-0.5443,-0.5949,-0.5957,-0.4892,-0.3839,-0.3251,-0.163,-0.2123,-0.3552,-0.4342,-0.4743,-0.4889,-0.4776,-0.4422,-0.3901,-0.3247,-0.2465,-0.1679,-0.1172,-0.1108,-0.1368,-0.1746,-0.4495,-0.4526,-0.4573,-0.4639,-0.4727,-0.4837,-0.4978,-0.5166,-0.5424,-0.5747,-0.5956,-0.574,-0.5315,-0.5307,-0.6108,-0.6427,-0.5491,-0.3329,-0.1495,-0.3301,-0.3508,-0.3584,-0.4094,-0.449,-0.4767,-0.5018,-0.4944,-0.4364,-0.3634,-0.2795,-0.1662,-0.0383,0.0345,0.016,-0.0506,-0.1204,-0.456,-0.4596,-0.4645,-0.4709,-0.479,-0.489,-0.5014,-0.5164,-0.5338,-0.5509,-0.5608,-0.5601,-0.5628,-0.61,-0.783,-0.8493,-0.6142,-0.3956,-0.2984,-0.4981,-0.4978,-0.4756,-0.4746,-0.4753,-0.4941,-0.58,-0.5961,-0.4425,-0.3315,-0.2396,-0.0894,0.1142,0.2164,0.1479,0.0251,-0.0789,-0.4611,-0.465,-0.4698,-0.476,-0.4834,-0.4923,-0.5027,-0.5146,-0.5272,-0.5392,-0.549,-0.5588,-0.5797,-0.6383,-0.7635,-0.7973,-0.6427,-0.5555,-0.6788,-0.7634,-0.6169,-0.5692,-0.5461,-0.5015,-0.4679,-0.5635,-0.5897,-0.3256,-0.2612,-0.2211,-0.0749,0.1708,0.291,0.1936,0.0461,-0.0695,-0.4652,-0.4691,-0.4738,-0.4795,-0.4863,-0.4941,-0.503,-0.5127,-0.5229,-0.533,-0.5435,-0.5565,-0.5779,-0.6147,-0.6592,-0.6641,-0.6197,-0.602,-0.6574,-0.6893,-0.665,-0.6872,-0.6755,-0.5602,-0.3869,-0.1698,0.1754,0.0752,-0.1784,-0.2592,-0.166,0.0293,0.1422,0.0945,-0.0086,-0.0996,-0.4684,-0.4722,-0.4767,-0.4821,-0.4882,-0.4951,-0.5027,-0.511,-0.5197,-0.5289,-0.5389,-0.5512,-0.5675,-0.5878,-0.6055,-0.609,-0.601,-0.6038,-0.6294,-0.6678,-0.7505,-0.9174,-0.9548,-0.7102,-0.3786,0.0474,0.541,0.2271,-0.3061,-0.4276,-0.3327,-0.1814,-0.0786,-0.0657,-0.1049,-0.1556,-0.4709,-0.4746,-0.4788,-0.4838,-0.4893,-0.4954,-0.5022,-0.5094,-0.5171,-0.5253,-0.5343,-0.5446,-0.5564,-0.5689,-0.5792,-0.585,-0.5893,-0.601,-0.6293,-0.6899,-0.8321,-1.0933,-1.169,-0.8417,-0.4684,-0.1465,0.0256,-0.2877,-0.7633,-0.7031,-0.5026,-0.3437,-0.2426,-0.1999,-0.1985,-0.2167,-0.4727,-0.4763,-0.4803,-0.4848,-0.4899,-0.4954,-0.5013,-0.5077,-0.5145,-0.5218,-0.5296,-0.5381,-0.5471,-0.5562,-0.5644,-0.5718,-0.5809,-0.5969,-0.6278,-0.6884,-0.803,-0.9576,-0.9836,-0.7836,-0.5327,-0.3511,-0.325,-0.5536,-0.8288,-0.7579,-0.5709,-0.4293,-0.3387,-0.2895,-0.2704,-0.2699]},{"header":{"la1":42.85,"la2":41.18,"lo1":11.55,"lo2":14.05,"nx":36,"ny":24,"dx":0.07143,"dy":0.07261,"parameterCategory":2,"parameterNumber":3,"parameterNumberName":"northward_wind","parameterUnit":"m.s-1"},"data":[-0.5591,-0.5617,-0.5637,-0.5649,-0.5651,-0.5641,-0.5617,-0.558,-0.5525,-0.5449,-0.5347,-0.5215,-0.5048,-0.4847,-0.4614,-0.4357,-0.4091,-0.3835,-0.3612,-0.3437,-0.3312,-0.323,-0.3174,-0.3131,-0.3091,-0.3048,-0.3,-0.2947,-0.289,-0.283,-0.2768,-0.2707,-0.2646,-0.2588,-0.2532,-0.248,-0.5669,-0.5702,-0.5729,-0.5747,-0.5753,-0.5747,-0.5726,-0.5692,-0.5643,-0.5573,-0.5474,-0.5336,-0.5153,-0.4921,-0.4642,-0.4323,-0.3983,-0.3654,-0.3377,-0.3182,-0.3072,-0.3024,-0.3008,-0.3,-0.2985,-0.296,-0.2922,-0.2875,-0.282,-0.276,-0.2697,-0.2633,-0.257,-0.251,-0.2452,-0.2399,-0.5745,-0.5785,-0.5819,-0.5843,-0.5854,-0.5848,-0.5826,-0.5792,-0.5751,-0.5696,-0.561,-0.5475,-0.528,-0.5016,-0.468,-0.4275,-0.3821,-0.337,-0.3005,-0.2789,-0.2722,-0.2749,-0.2806,-0.2852,-0.2874,-0.287,-0.2844,-0.2802,-0.2749,-0.2688,-0.2622,-0.2555,-0.2489,-0.2426,-0.2366,-0.2311,-0.5815,-0.5863,-0.5905,-0.5937,-0.595,-0.5938,-0.5901,-0.5854,-0.5822,-0.58,-0.5752,-0.5636,-0.5437,-0.5144,-0.4745,-0.4226,-0.3593,-0.2924,-0.2392,-0.216,-0.2212,-0.2394,-0.2573,-0.2698,-0.2765,-0.2784,-0.277,-0.2731,-0.2677,-0.2613,-0.2544,-0.2473,-0.2402,-0.2335,-0.2272,-0.2215,-0.5876,-0.5932,-0.5984,-0.6026,-0.6044,-0.6016,-0.5932,-0.5824,-0.5787,-0.5847,-0.5889,-0.5824,-0.5636,-0.5326,-0.487,-0.4216,-0.3317,-0.2242,-0.136,-0.1138,-0.1492,-0.1973,-0.2339,-0.256,-0.2672,-0.2711,-0.2704,-0.2666,-0.2608,-0.2538,-0.2463,-0.2385,-0.2308,-0.2236,-0.217,-0.211,-0.5922,-0.5983,-0.6046,-0.6105,-0.6139,-0.6098,-0.592,-0.5624,-0.5518,-0.5786,-0.6035,-0.6054,-0.5889,-0.5583,-0.5104,-0.4342,-0.3122,-0.1368,0.0254,0.0371,-0.0647,-0.1593,-0.2168,-0.247,-0.2611,-0.2659,-0.2651,-0.2608,-0.2542,-0.2463,-0.2378,-0.2291,-0.2206,-0.2128,-0.2057,-0.1994,-0.5945,-0.6002,-0.6071,-0.6157,-0.6239,-0.6236,-0.5991,-0.5391,-0.509,-0.576,-0.6285,-0.6362,-0.6207,-0.5934,-0.5507,-0.4749,-0.3348,-0.0974,0.1583,0.1526,-0.0221,-0.1488,-0.2144,-0.2457,-0.2593,-0.2633,-0.2616,-0.2561,-0.2483,-0.2389,-0.2289,-0.219,-0.2095,-0.2008,-0.1931,-0.1866,-0.5937,-0.5969,-0.602,-0.6127,-0.6303,-0.6462,-0.6402,-0.5958,-0.5743,-0.6415,-0.6832,-0.6781,-0.6575,-0.6375,-0.6131,-0.5555,-0.4279,-0.2136,0.0117,0.0315,-0.0887,-0.1809,-0.2292,-0.2521,-0.2618,-0.2637,-0.2604,-0.2532,-0.2432,-0.2317,-0.2197,-0.2079,-0.197,-0.1873,-0.1791,-0.1723,-0.5895,-0.5862,-0.5824,-0.5885,-0.6186,-0.6672,-0.7087,-0.7339,-0.7637,-0.7919,-0.7728,-0.7273,-0.6924,-0.6853,-0.7047,-0.6859,-0.5634,-0.392,-0.2448,-0.1878,-0.2037,-0.232,-0.2514,-0.2624,-0.2676,-0.2677,-0.2626,-0.2529,-0.2397,-0.2248,-0.2098,-0.1956,-0.1829,-0.172,-0.1631,-0.1561,-0.5837,-0.5696,-0.5439,-0.5227,-0.5614,-0.6674,-0.772,-0.8694,-0.9866,-1.0172,-0.8887,-0.7701,-0.7118,-0.7172,-0.8282,-0.8899,-0.6803,-0.4918,-0.3707,-0.3039,-0.2758,-0.2675,-0.2678,-0.2721,-0.2771,-0.278,-0.2713,-0.2572,-0.2385,-0.2183,-0.1989,-0.1814,-0.1664,-0.1542,-0.1447,-0.1377,-0.5811,-0.5576,-0.5052,-0.4285,-0.4596,-0.6571,-0.8224,-0.955,-1.2076,-1.3324,-0.9831,-0.783,-0.7036,-0.6931,-0.8041,-0.8944,-0.6638,-0.4825,-0.3812,-0.3268,-0.2937,-0.2756,-0.2718,-0.2806,-0.295,-0.3021,-0.2928,-0.2696,-0.2405,-0.2117,-0.186,-0.1643,-0.1468,-0.1332,-0.1232,-0.1165,-0.5862,-0.5653,-0.5173,-0.4477,-0.489,-0.7031,-0.8758,-0.9643,-1.0789,-1.1576,-0.9176,-0.7549,-0.6793,-0.6317,-0.6467,-0.6481,-0.5316,-0.3773,-0.3128,-0.297,-0.2746,-0.2586,-0.2627,-0.2916,-0.3343,-0.3575,-0.3382,-0.2929,-0.2447,-0.2031,-0.1693,-0.1428,-0.1226,-0.1079,-0.098,-0.0921,-0.5979,-0.5907,-0.576,-0.5715,-0.6352,-0.7764,-0.9131,-0.9884,-0.9682,-0.9181,-0.8097,-0.713,-0.6821,-0.6219,-0.6227,-0.572,-0.4317,-0.2397,-0.2236,-0.2523,-0.2307,-0.2165,-0.2374,-0.3066,-0.4132,-0.4696,-0.415,-0.3227,-0.2451,-0.1878,-0.1457,-0.1146,-0.0921,-0.077,-0.068,-0.0638,-0.6102,-0.6163,-0.626,-0.6513,-0.7092,-0.7974,-0.8887,-0.9504,-0.9276,-0.8457,-0.7684,-0.6766,-0.6726,-0.9301,-0.6843,-0.5119,-0.3581,-0.2657,-0.2325,-0.203,-0.1508,-0.1356,-0.1821,-0.3006,-0.4927,-0.594,-0.4779,-0.3305,-0.2279,-0.1593,-0.1114,-0.0772,-0.0537,-0.0393,-0.0324,-0.0313,-0.618,-0.6313,-0.6501,-0.6797,-0.7238,-0.7785,-0.8304,-0.8587,-0.8434,-0.8082,-0.7877,-0.7665,-0.7694,-0.7924,-0.668,-0.3688,-0.1536,-0.2356,-0.1966,-0.0983,0.0113,0.0152,-0.0801,-0.2243,-0.4106,-0.5078,-0.4105,-0.2771,-0.1802,-0.1129,-0.0641,-0.0288,-0.0055,0.0067,0.0095,0.0057,-0.6194,-0.635,-0.6549,-0.6807,-0.7125,-0.7465,-0.7752,-0.7899,-0.7911,-0.8036,-0.8564,-0.8719,-0.8166,-0.7401,-0.6107,-0.3643,-0.1977,-0.1931,-0.1062,0.054,0.2862,0.2325,0.0401,-0.1074,-0.2248,-0.2805,-0.2471,-0.176,-0.108,-0.0509,-0.0041,0.0317,0.0541,0.0619,0.058,0.0467,-0.6152,-0.6303,-0.648,-0.6687,-0.6914,-0.7136,-0.7318,-0.7443,-0.7566,-0.7861,-0.8394,-0.8266,-0.8189,-0.8002,-0.5863,-0.3931,-0.2427,-0.0954,0.0307,0.1269,0.3308,0.2721,0.0927,-0.0236,-0.0961,-0.1289,-0.1204,-0.0825,-0.0324,0.0182,0.065,0.1036,0.1255,0.1263,0.1115,0.0898,-0.6067,-0.62,-0.6347,-0.6507,-0.6669,-0.6821,-0.6948,-0.7055,-0.7175,-0.7353,-0.7514,-0.7501,-0.7837,-0.7577,-0.4783,-0.2996,-0.1656,0.0804,0.2528,0.1649,0.1737,0.1574,0.0896,0.0225,-0.0368,-0.085,-0.087,-0.032,0.033,0.0877,0.1375,0.1824,0.2051,0.1949,0.1649,0.1307,-0.5952,-0.6062,-0.6179,-0.6298,-0.6413,-0.6516,-0.6601,-0.6669,-0.6729,-0.6777,-0.6762,-0.6626,-0.631,-0.5122,-0.2302,-0.1323,-0.1144,0.0945,0.2324,0.2319,0.1814,0.145,0.1125,0.0668,-0.0151,-0.1577,-0.186,-0.0169,0.101,0.1595,0.2032,0.2501,0.2736,0.2513,0.2074,0.1632,-0.5816,-0.5904,-0.5993,-0.6078,-0.6154,-0.6217,-0.626,-0.6281,-0.6274,-0.6222,-0.6082,-0.5786,-0.5188,-0.3981,-0.2189,-0.1479,-0.0999,0.0713,0.2997,0.3781,0.2412,0.2001,0.1869,0.1476,0.0577,-0.1405,-0.1849,0.109,0.2188,0.2452,0.2551,0.2771,0.294,0.2715,0.2272,0.182,-0.5668,-0.5735,-0.5797,-0.5853,-0.5897,-0.5924,-0.5928,-0.5904,-0.584,-0.5716,-0.5498,-0.5129,-0.4534,-0.3657,-0.2661,-0.187,-0.0952,0.0497,0.2163,0.2807,0.269,0.3208,0.3463,0.2904,0.2348,0.2751,0.5034,0.4793,0.3966,0.3588,0.3162,0.2874,0.2794,0.2617,0.2275,0.1882,-0.5514,-0.556,-0.5599,-0.5629,-0.5644,-0.5641,-0.5612,-0.5549,-0.5443,-0.5273,-0.5015,-0.4638,-0.4111,-0.3438,-0.2685,-0.1897,-0.0974,0.015,0.1288,0.2234,0.3573,0.5829,0.6532,0.4821,0.3882,0.5123,0.7682,0.6564,0.5589,0.5096,0.4132,0.3309,0.2854,0.2553,0.2232,0.1881,-0.5356,-0.5384,-0.5403,-0.541,-0.5401,-0.5372,-0.5315,-0.5223,-0.5087,-0.4891,-0.4619,-0.4254,-0.3785,-0.3216,-0.2565,-0.1836,-0.1,-0.0046,0.1009,0.2318,0.4502,0.7836,0.8735,0.6051,0.4515,0.4926,0.5923,0.6339,0.7415,0.6802,0.5146,0.3863,0.3086,0.2598,0.2214,0.1862,-0.52,-0.5211,-0.5212,-0.52,-0.5171,-0.5119,-0.5041,-0.4928,-0.4772,-0.4563,-0.429,-0.3943,-0.3516,-0.3009,-0.2425,-0.1762,-0.1007,-0.0144,0.0873,0.22,0.4097,0.6279,0.6849,0.5452,0.4419,0.4481,0.5148,0.6289,0.7633,0.7047,0.5428,0.4104,0.3222,0.2632,0.2193,0.1826]}]