docs/data/wind_grid.json
{"header": {"la1":42.1,"la2":41.55,"lo1":12.1,"lo2":12.95,"nx":50,"ny":50,"dx":0.01735,"dy":0.01122,"parameterCategory":2,"parameterNumber":3,"parameterNumberName":"northward_wind","parameterUnit":"m.s-1"}, "data":
[rows 0 to 41 of 50, columns 0 to 49 of 50]
-0.4701,-0.6249,-0.7639,-0.8615,-0.8994,-0.876,-0.8072,-0.7176,-0.6291,-0.5553,-0.5019,-0.4694,-0.4563,-0.4603,-0.4796,-0.5126,-0.5577,-0.613,-0.6756,-0.7412,-0.8045,-0.8598,-0.9024,-0.9307,-0.9465,-0.9545,-0.9601,-0.9682,-0.9822,-1.0038,-1.0337,-1.0718,-1.1172,-1.1686,-1.2243,-1.282,-1.3392,-1.3928,-1.4397,-1.4773,-1.5036,-1.5177,-1.5199,-1.5113,-1.4936,-1.4689,-1.439,-1.4057,-1.3704,-1.3343
-0.4099,-0.5763,-0.7269,-0.8331,-0.8751,-0.8521,-0.7824,-0.6921,-0.6038,-0.5309,-0.4787,-0.4474,-0.4356,-0.4413,-0.4629,-0.4994,-0.5495,-0.6118,-0.6833,-0.7591,-0.8325,-0.8958,-0.9425,-0.9701,-0.9814,-0.983,-0.9822,-0.9852,-0.996,-1.0165,-1.0471,-1.0873,-1.1361,-1.1919,-1.2529,-1.3166,-1.3798,-1.4392,-1.491,-1.5319,-1.5598,-1.5735,-1.5735,-1.5613,-1.5392,-1.5096,-1.4748,-1.4369,-1.3973,-1.3573
-0.3238,-0.4985,-0.658,-0.7716,-0.8187,-0.8001,-0.735,-0.65,-0.567,-0.4986,-0.4499,-0.4213,-0.4114,-0.4189,-0.4428,-0.4827,-0.5382,-0.6082,-0.69,-0.7782,-0.8644,-0.9381,-0.9899,-1.0164,-1.0213,-1.0142,-1.0052,-1.0021,-1.0093,-1.0286,-1.0599,-1.1025,-1.1551,-1.2158,-1.2826,-1.3528,-1.4229,-1.4887,-1.546,-1.5908,-1.6202,-1.6331,-1.6303,-1.6138,-1.5865,-1.5514,-1.5112,-1.4681,-1.4239,-1.3798
-0.2097,-0.389,-0.555,-0.6753,-0.7299,-0.7204,-0.6663,-0.5926,-0.5196,-0.4592,-0.4161,-0.3911,-0.3835,-0.3927,-0.4186,-0.4617,-0.5226,-0.601,-0.6947,-0.7977,-0.9,-0.9871,-1.0457,-1.0701,-1.0662,-1.0478,-1.0287,-1.0184,-1.0217,-1.0398,-1.0722,-1.1175,-1.1742,-1.2402,-1.3133,-1.3906,-1.4682,-1.5414,-1.6048,-1.6537,-1.6847,-1.6965,-1.6901,-1.6685,-1.6352,-1.5939,-1.5477,-1.4991,-1.45,-1.4016
-0.0676,-0.2486,-0.4197,-0.5476,-0.6129,-0.6178,-0.5803,-0.523,-0.4639,-0.414,-0.378,-0.3573,-0.352,-0.3624,-0.3896,-0.4354,-0.5014,-0.5886,-0.6954,-0.816,-0.9381,-1.0428,-1.1101,-1.1314,-1.1156,-1.0827,-1.0515,-1.0333,-1.0326,-1.0498,-1.0837,-1.1322,-1.1933,-1.265,-1.3448,-1.4297,-1.5155,-1.5967,-1.667,-1.7205,-1.753,-1.7631,-1.7525,-1.7249,-1.6847,-1.6364,-1.5837,-1.5292,-1.475,-1.4222
0.0994,-0.0817,-0.2582,-0.3961,-0.4762,-0.5,-0.4833,-0.4456,-0.4029,-0.3649,-0.3367,-0.3203,-0.3167,-0.3276,-0.3551,-0.4025,-0.4729,-0.5687,-0.6896,-0.8302,-0.9764,-1.1032,-1.1819,-1.1988,-1.1674,-1.1168,-1.072,-1.0457,-1.0415,-1.0585,-1.0944,-1.1466,-1.2125,-1.2901,-1.3768,-1.4696,-1.5641,-1.6541,-1.7319,-1.7904,-1.8244,-1.8323,-1.8166,-1.782,-1.7341,-1.6783,-1.6186,-1.558,-1.4985,-1.4413
0.2855,0.1042,-0.0799,-0.2312,-0.3297,-0.3755,-0.3819,-0.3653,-0.3396,-0.3139,-0.2933,-0.2806,-0.2779,-0.2878,-0.3141,-0.3615,-0.4351,-0.5388,-0.674,-0.836,-1.0096,-1.1634,-1.2565,-1.2677,-1.2173,-1.1468,-1.088,-1.0544,-1.0478,-1.0656,-1.1044,-1.1607,-1.2318,-1.3152,-1.4089,-1.5097,-1.6131,-1.7123,-1.7983,-1.8622,-1.8976,-1.9028,-1.8811,-1.8386,-1.7824,-1.7185,-1.6516,-1.5848,-1.52,-1.4584
0.4822,0.2993,0.1047,-0.0635,-0.1831,-0.2525,-0.2821,-0.2862,-0.277,-0.2628,-0.249,-0.2389,-0.2356,-0.2427,-0.2657,-0.311,-0.3858,-0.4961,-0.6445,-0.8276,-1.0298,-1.2137,-1.3239,-1.3289,-1.2578,-1.1676,-1.0968,-1.0581,-1.051,-1.0712,-1.1138,-1.1748,-1.2511,-1.3404,-1.4406,-1.549,-1.6612,-1.7698,-1.8644,-1.9339,-1.9705,-1.9725,-1.9441,-1.8932,-1.8281,-1.756,-1.6818,-1.6089,-1.539,-1.4732
0.6791,0.4925,0.2847,0.0974,-0.0445,-0.137,-0.1886,-0.2118,-0.2173,-0.2132,-0.2048,-0.1958,-0.19,-0.1921,-0.209,-0.2494,-0.3229,-0.4375,-0.597,-0.7983,-1.0259,-1.2384,-1.3665,-1.3669,-1.2782,-1.1733,-1.0955,-1.0557,-1.0509,-1.0752,-1.1228,-1.1891,-1.2708,-1.3654,-1.4714,-1.5865,-1.7068,-1.8243,-1.9273,-2.0026,-2.0404,-2.0387,-2.0032,-1.9435,-1.8696,-1.7893,-1.7082,-1.6294,-1.5548,-1.4851
0.8646,0.6728,0.4505,0.2438,0.0805,-0.0334,-0.1046,-0.1443,-0.1624,-0.1664,-0.1616,-0.152,-0.1416,-0.1359,-0.1432,-0.1749,-0.2439,-0.3605,-0.5284,-0.7426,-0.9869,-1.2189,-1.3616,-1.3626,-1.2671,-1.1586,-1.0822,-1.0468,-1.0477,-1.0781,-1.1319,-1.2041,-1.291,-1.3905,-1.501,-1.6212,-1.7478,-1.873,-1.9838,-2.0645,-2.1034,-2.0981,-2.0555,-1.9873,-1.905,-1.8172,-1.7297,-1.6457,-1.5669,-1.4938
1.0269,0.8298,0.5941,0.3699,0.1878,0.0557,-0.0319,-0.0851,-0.1132,-0.1233,-0.1205,-0.1084,-0.0911,-0.0744,-0.0679,-0.0862,-0.1468,-0.2633,-0.4377,-0.6593,-0.9075,-1.1428,-1.2921,-1.3022,-1.2176,-1.1214,-1.0568,-1.0317,-1.0418,-1.0805,-1.1417,-1.2204,-1.3126,-1.4158,-1.5292,-1.6521,-1.7825,-1.9131,-2.03,-2.1153,-2.155,-2.1464,-2.0975,-2.0219,-1.9323,-1.8382,-1.7454,-1.657,-1.5747,-1.4988
1.1557,0.9548,0.7092,0.4717,0.2752,0.129,0.0286,-0.0349,-0.0705,-0.0847,-0.0821,-0.0659,-0.0395,-0.0084,0.0168,0.0178,-0.0297,-0.1449,-0.327,-0.5536,-0.7948,-1.016,-1.1616,-1.189,-1.1334,-1.0648,-1.0213,-1.0119,-1.0343,-1.0833,-1.1533,-1.239,-1.3362,-1.4422,-1.5563,-1.6789,-1.8093,-1.9417,-2.0619,-2.1502,-2.1907,-2.1796,-2.126,-2.0448,-1.9499,-1.851,-1.7543,-1.6628,-1.5778,-1.4998
1.2433,1.0419,0.7919,0.5471,0.3416,0.186,0.0769,0.0061,-0.0345,-0.051,-0.0473,-0.0259,0.0114,0.0602,0.1096,0.1373,0.1089,-0.0053,-0.2012,-0.4373,-0.6685,-0.8655,-0.9992,-1.0461,-1.0289,-0.9964,-0.9798,-0.9897,-1.0267,-1.0876,-1.1676,-1.2611,-1.3633,-1.471,-1.5835,-1.7022,-1.8281,-1.9573,-2.0766,-2.1656,-2.2063,-2.1941,-2.1382,-2.0541,-1.9562,-1.8548,-1.7558,-1.6624,-1.5759,-1.4967
1.286,1.0882,0.8406,0.5956,0.3873,0.2273,0.1134,0.0384,-0.0051,-0.0226,-0.017,0.0103,0.0594,0.1281,0.207,0.27,0.2684,0.1538,-0.0678,-0.3261,-0.5531,-0.7257,-0.8433,-0.9048,-0.923,-0.9261,-0.9371,-0.9674,-1.0205,-1.0948,-1.186,-1.2883,-1.3957,-1.5041,-1.6127,-1.7236,-1.84,-1.9603,-2.0736,-2.1598,-2.2,-2.1881,-2.1326,-2.0487,-1.9508,-1.8491,-1.7497,-1.6558,-1.5688,-1.4891
1.2847,1.095,0.8564,0.6182,0.4132,0.2537,0.1388,0.0623,0.0177,0.0003,0.008,0.041,0.1014,0.1905,0.3023,0.4088,0.4435,0.3272,0.0635,-0.235,-0.4694,-0.6226,-0.7218,-0.788,-0.8306,-0.862,-0.8975,-0.9476,-1.0172,-1.1061,-1.2102,-1.3225,-1.4357,-1.5444,-1.647,-1.7465,-1.8482,-1.9536,-2.0551,-2.1344,-2.1726,-2.1621,-2.1095,-2.0287,-1.9335,-1.8338,-1.7358,-1.6428,-1.5563,-1.477
1.2446,1.0668,0.843,0.6176,0.4214,0.2669,0.1543,0.0786,0.0344,0.0177,0.0272,0.0645,0.134,0.241,0.3846,0.5383,0.6174,0.4992,0.1783,-0.177,-0.4291,-0.5674,-0.645,-0.7053,-0.7591,-0.8092,-0.8639,-0.9319,-1.0182,-1.1231,-1.2418,-1.366,-1.4864,-1.5953,-1.6905,-1.7755,-1.8578,-1.9426,-2.0265,-2.0944,-2.1283,-2.1193,-2.0713,-1.9959,-1.9055,-1.8097,-1.7146,-1.6236,-1.5387,-1.4605
1.1739,1.0106,0.8056,0.5978,0.4147,0.2688,0.1612,0.0883,0.0455,0.0296,0.0401,0.0795,0.1541,0.2726,0.4396,0.6327,0.7538,0.6347,0.2544,-0.1604,-0.4333,-0.5577,-0.6096,-0.655,-0.7091,-0.7692,-0.8379,-0.9216,-1.0246,-1.1469,-1.2827,-1.4216,-1.5511,-1.6612,-1.7481,-1.8161,-1.8751,-1.9345,-1.9954,-2.0473,-2.0739,-2.0651,-2.0218,-1.9527,-1.8685,-1.7777,-1.6866,-1.5987,-1.5161,-1.4397
1.0824,0.9348,0.7509,0.5633,0.3963,0.2614,0.161,0.0922,0.0516,0.0364,0.0466,0.0853,0.1596,0.2799,0.454,0.6627,0.8028,0.6806,0.2646,-0.1845,-0.4689,-0.5791,-0.6033,-0.6293,-0.6774,-0.7411,-0.8197,-0.9172,-1.0371,-1.1787,-1.3347,-1.4919,-1.6338,-1.7469,-1.8254,-1.8743,-1.9067,-1.9366,-1.9701,-2.0014,-2.0169,-2.0056,-1.9656,-1.9024,-1.8244,-1.7393,-1.6527,-1.5685,-1.4888,-1.4147
0.9792,0.8475,0.6852,0.5189,0.3693,0.2472,0.1552,0.0915,0.0534,0.0386,0.0472,0.0822,0.1504,0.2615,0.4223,0.6128,0.7332,0.6028,0.1983,-0.2343,-0.5088,-0.6063,-0.609,-0.6188,-0.6594,-0.7233,-0.8087,-0.9186,-1.056,-1.2193,-1.3995,-1.5798,-1.7385,-1.8572,-1.9275,-1.9556,-1.9583,-1.955,-1.9573,-1.9639,-1.964,-1.9465,-1.9071,-1.8481,-1.7755,-1.6957,-1.6139,-1.5336,-1.4571,-1.3857
0.8723,0.7559,0.6142,0.4688,0.337,0.2281,0.1452,0.0872,0.0517,0.037,0.0428,0.0716,0.1288,0.2215,0.3519,0.4969,0.5684,0.4308,0.081,-0.2877,-0.5266,-0.6137,-0.6112,-0.6154,-0.6507,-0.7134,-0.8039,-0.9255,-1.0812,-1.269,-1.4781,-1.6873,-1.8685,-1.9961,-2.0587,-2.0637,-2.0334,-1.9933,-1.9607,-1.9389,-1.9196,-1.892,-1.8496,-1.7924,-1.7236,-1.6483,-1.5708,-1.4945,-1.4214,-1.353
0.7674,0.6652,0.5426,0.4168,0.3019,0.2063,0.1326,0.0804,0.0476,0.0326,0.0348,0.0558,0.0989,0.1678,0.2599,0.3502,0.37,0.234,-0.0459,-0.3346,-0.5238,-0.5985,-0.6068,-0.6158,-0.6481,-0.7093,-0.804,-0.937,-1.1119,-1.3271,-1.5702,-1.8151,-2.0251,-2.1657,-2.2205,-2.1995,-2.132,-2.0514,-1.9809,-1.9276,-1.8854,-1.8439,-1.7953,-1.7369,-1.6701,-1.598,-1.5243,-1.4516,-1.382,-1.3168
0.6686,0.5791,0.4735,0.3655,0.2664,0.1832,0.1185,0.072,0.042,0.0266,0.0249,0.0374,0.0655,0.1099,0.1649,0.2074,0.1895,0.0632,-0.1561,-0.3797,-0.5291,-0.5928,-0.6096,-0.6206,-0.6493,-0.7089,-0.8075,-0.9518,-1.1467,-1.3916,-1.6734,-1.9607,-2.2063,-2.3635,-2.4099,-2.359,-2.2499,-2.1255,-2.0148,-1.9279,-1.8605,-1.8022,-1.7443,-1.6822,-1.6154,-1.5454,-1.4746,-1.4052,-1.3391,-1.2771
0.578,0.4999,0.4093,0.3169,0.232,0.1603,0.1041,0.0632,0.0359,0.0203,0.0149,0.0192,0.0333,0.0559,0.0805,0.0887,0.0492,-0.0646,-0.2414,-0.4259,-0.5613,-0.6256,-0.6326,-0.6305,-0.6521,-0.71,-0.8128,-0.9682,-1.1831,-1.4589,-1.7824,-2.1171,-2.4035,-2.5801,-2.6169,-2.5325,-2.3783,-2.208,-2.0563,-1.9355,-1.8418,-1.7652,-1.696,-1.6282,-1.5597,-1.4905,-1.4219,-1.3556,-1.2927,-1.2342
0.4968,0.4286,0.351,0.2723,0.1999,0.1386,0.0903,0.0547,0.0303,0.0148,0.0063,0.0036,0.0058,0.011,0.0135,0.0002,-0.049,-0.1508,-0.3003,-0.4654,-0.6039,-0.6747,-0.6631,-0.6411,-0.6544,-0.7113,-0.8183,-0.9842,-1.218,-1.5234,-1.8882,-2.2712,-2.6001,-2.7967,-2.8226,-2.7031,-2.5036,-2.2886,-2.0978,-1.9444,-1.8252,-1.7299,-1.6484,-1.5738,-1.5023,-1.433,-1.3662,-1.3026,-1.243,-1.1879
0.4251,0.3656,0.2991,0.2322,0.1708,0.1187,0.0777,0.0474,0.0261,0.0113,0.0007,-0.0077,-0.0149,-0.0225,-0.0345,-0.0594,-0.1109,-0.2018,-0.333,-0.486,-0.6254,-0.6969,-0.6774,-0.6456,-0.6541,-0.7112,-0.8226,-0.9977,-1.2474,-1.578,-1.9785,-2.4043,-2.7714,-2.9856,-3.0008,-2.8492,-2.6094,-2.3555,-2.1305,-1.9484,-1.8059,-1.693,-1.5994,-1.5174,-1.4425,-1.3726,-1.3071,-1.2461,-1.1898,-1.1384
0.3624,0.3106,0.2537,0.1969,0.145,0.1013,0.067,0.0418,0.024,0.0108,-0.0008,-0.0133,-0.0278,-0.0447,-0.0654,-0.095,-0.144,-0.2246,-0.3412,-0.4815,-0.6123,-0.6797,-0.6668,-0.6398,-0.6496,-0.7088,-0.8243,-1.0064,-1.2674,-1.6154,-2.0404,-2.4958,-2.8894,-3.1155,-3.1226,-2.948,-2.6796,-2.3973,-2.1463,-1.9413,-1.7794,-1.6511,-1.5463,-1.4573,-1.3789,-1.3083,-1.2441,-1.1858,-1.133,-1.0855
0.3081,0.263,0.2143,0.1663,0.1228,0.0864,0.0585,0.0385,0.0247,0.0141,0.0027,-0.0126,-0.033,-0.057,-0.0829,-0.1125,-0.1556,-0.2256,-0.3287,-0.4542,-0.571,-0.6349,-0.6361,-0.623,-0.6396,-0.7028,-0.8218,-1.008,-1.2742,-1.6292,-2.0632,-2.5288,-2.9312,-3.1612,-3.1653,-2.9821,-2.7015,-2.4051,-2.1387,-1.918,-1.7414,-1.6007,-1.4866,-1.3915,-1.3102,-1.2392,-1.1767,-1.1214,-1.0725,-1.0293
0.2613,0.2222,0.1806,0.1401,0.1039,0.0742,0.0522,0.0375,0.0284,0.0216,0.0121,-0.0049,-0.031,-0.0621,-0.0916,-0.1182,-0.1528,-0.2115,-0.3012,-0.411,-0.5134,-0.5757,-0.5922,-0.5963,-0.623,-0.6916,-0.8135,-1.0006,-1.2657,-1.6163,-2.0421,-2.4966,-2.8883,-3.1134,-3.1204,-2.9442,-2.6695,-2.3739,-2.1033,-1.8748,-1.6889,-1.5392,-1.418,-1.3183,-1.235,-1.1645,-1.1042,-1.0524,-1.0079,-0.9695
0.2211,0.1872,0.1519,0.1179,0.0881,0.0644,0.048,0.0387,0.035,0.0335,0.0278,0.0103,-0.0223,-0.0627,-0.0965,-0.1186,-0.1428,-0.1894,-0.2653,-0.3593,-0.4485,-0.5099,-0.5399,-0.5605,-0.5988,-0.6736,-0.7978,-0.983,-1.2408,-1.5768,-1.9795,-2.4044,-2.769,-2.9815,-2.9955,-2.8389,-2.5848,-2.3034,-2.0386,-1.8095,-1.6194,-1.4644,-1.3385,-1.2361,-1.1521,-1.0831,-1.026,-0.9786,-0.9391,-0.9062
0.1866,0.1574,0.1275,0.0993,0.0751,0.0568,0.0456,0.0417,0.044,0.049,0.0495,0.0335,-0.0069,-0.0607,-0.1017,-0.1193,-0.1323,-0.166,-0.227,-0.3046,-0.3811,-0.4408,-0.481,-0.516,-0.566,-0.6476,-0.7734,-0.9546,-1.2005,-1.5143,-1.8832,-2.2665,-2.5935,-2.7878,-2.8098,-2.6794,-2.455,-2.1966,-1.9454,-1.7215,-1.5315,-1.3745,-1.2466,-1.1433,-1.0604,-0.9942,-0.9414,-0.8995,-0.866,-0.8393
0.1571,0.132,0.1068,0.0836,0.0644,0.0509,0.0444,0.0456,0.0539,0.0666,0.0755,0.064,0.0157,-0.056,-0.108,-0.1228,-0.1257,-0.146,-0.1904,-0.2499,-0.3125,-0.3684,-0.4156,-0.4627,-0.5239,-0.6125,-0.7398,-0.9155,-1.1466,-1.434,-1.7638,-2.1002,-2.3853,-2.5582,-2.5866,-2.4828,-2.2908,-2.0595,-1.826,-1.6114,-1.4249,-1.2686,-1.1409,-1.0389,-0.9589,-0.8971,-0.8502,-0.8149,-0.7886,-0.7689
0.1317,0.1103,0.0893,0.0703,0.0554,0.046,0.0437,0.0493,0.0631,0.0831,0.1013,0.0971,0.0437,-0.0463,-0.1107,-0.126,-0.1223,-0.1297,-0.1553,-0.1944,-0.2411,-0.2908,-0.3424,-0.4001,-0.4721,-0.5682,-0.6971,-0.8668,-1.0821,-1.3416,-1.6316,-1.9214,-2.1649,-2.3153,-2.3466,-2.2654,-2.1033,-1.8988,-1.6842,-1.4806,-1.2996,-1.146,-1.0207,-0.922,-0.8468,-0.7914,-0.752,-0.7248,-0.7067,-0.6951
0.1098,0.0917,0.0742,0.059,0.0477,0.0418,0.0428,0.0518,0.0695,0.0946,0.1197,0.1225,0.069,-0.0301,-0.1024,-0.1216,-0.1163,-0.1124,-0.118,-0.1344,-0.1629,-0.2049,-0.2597,-0.3275,-0.4109,-0.515,-0.6462,-0.8102,-1.0099,-1.2424,-1.4949,-1.7417,-1.9467,-2.0747,-2.105,-2.0403,-1.9025,-1.7212,-1.5239,-1.3311,-1.1563,-1.0067,-0.8855,-0.792,-0.7238,-0.6769,-0.6468,-0.6294,-0.6208,-0.6183
0.0908,0.0755,0.0612,0.0491,0.0408,0.0377,0.0411,0.0522,0.0717,0.0983,0.1248,0.1295,0.0801,-0.0123,-0.0825,-0.1059,-0.1017,-0.0877,-0.0725,-0.0641,-0.0729,-0.1068,-0.1659,-0.2451,-0.341,-0.4543,-0.5886,-0.7477,-0.933,-1.141,-1.3599,-1.5686,-1.7395,-1.8458,-1.8715,-1.8168,-1.6963,-1.5326,-1.349,-1.1652,-0.9961,-0.8512,-0.7353,-0.6491,-0.59,-0.5537,-0.535,-0.5289,-0.5313,-0.5388
0.0742,0.0614,0.0497,0.0403,0.0344,0.0334,0.0383,0.0501,0.0692,0.0937,0.1162,0.1177,0.075,0.0004,-0.0585,-0.0813,-0.0759,-0.0507,-0.013,0.0224,0.034,0.0061,-0.0603,-0.1539,-0.2644,-0.3882,-0.5265,-0.6816,-0.8543,-1.0405,-1.2302,-1.4063,-1.5475,-1.6334,-1.6515,-1.6005,-1.4902,-1.3379,-1.1633,-0.9855,-0.8206,-0.6802,-0.5708,-0.4936,-0.4459,-0.4225,-0.4171,-0.4241,-0.4388,-0.4574
0.0595,0.0489,0.0394,0.0322,0.0282,0.0286,0.0342,0.0457,0.0627,0.0828,0.0988,0.0961,0.0615,0.0068,-0.0366,-0.0527,-0.0405,-0.0002,0.0631,0.1278,0.1592,0.1334,0.0544,-0.0573,-0.1843,-0.3195,-0.4623,-0.6145,-0.7761,-0.9436,-1.1084,-1.2567,-1.3721,-1.439,-1.4472,-1.3948,-1.2882,-1.1409,-0.9701,-0.7946,-0.6318,-0.4954,-0.3932,-0.3268,-0.2927,-0.2844,-0.2944,-0.3161,-0.3442,-0.3748
0.0465,0.0377,0.0301,0.0246,0.0221,0.0233,0.029,0.0393,0.0534,0.0686,0.0785,0.0732,0.047,0.0098,-0.0181,-0.0233,0.0011,0.0607,0.1524,0.2476,0.2968,0.268,0.1716,0.0391,-0.1053,-0.2518,-0.3991,-0.5487,-0.7007,-0.852,-0.9955,-1.1202,-1.2133,-1.2624,-1.2592,-1.2013,-1.0929,-0.9449,-0.7728,-0.5957,-0.4326,-0.2993,-0.2049,-0.1509,-0.1325,-0.1413,-0.1685,-0.2063,-0.2488,-0.292
0.0347,0.0275,0.0214,0.0173,0.0158,0.0175,0.0229,0.0317,0.0428,0.0537,0.0592,0.0535,0.035,0.0117,-0.0021,0.0054,0.0445,0.1248,0.2441,0.367,0.4299,0.3945,0.2794,0.1271,-0.0328,-0.1889,-0.3396,-0.4863,-0.6295,-0.7667,-0.892,-0.9966,-1.0702,-1.1028,-1.0873,-1.0209,-0.9064,-0.7527,-0.5748,-0.3924,-0.2266,-0.0955,-0.0094,0.0309,0.0319,0.0042,-0.0416,-0.0964,-0.154,-0.2101
0.024,0.0181,0.0133,0.0102,0.0094,0.0114,0.0161,0.0234,0.032,0.0396,0.0426,0.038,0.0262,0.014,0.0121,0.0318,0.0848,0.1827,0.3226,0.464,0.5346,0.493,0.3642,0.198,0.0277,-0.1343,-0.2862,-0.4293,-0.564,-0.6886,-0.7981,-0.8853,-0.9417,-0.959,-0.9308,-0.8539,-0.7302,-0.5673,-0.3801,-0.1893,-0.0188,0.111,0.1886,0.2141,0.1964,0.1487,0.0836,0.0113,-0.0615,-0.1305
0.0141,0.0093,0.0055,0.0033,0.003,0.0049,0.0091,0.015,0.0216,0.027,0.029,0.0262,0.0202,0.0167,0.0246,0.0543,0.1178,0.2258,0.3738,0.5196,0.5909,0.5473,0.4151,0.2453,0.0721,-0.0907,-0.2407,-0.3787,-0.505,-0.6179,-0.7134,-0.7853,-0.8266,-0.8298,-0.7889,-0.7006,-0.5659,-0.3917,-0.1929,0.008,0.1846,0.3136,0.3826,0.3929,0.3562,0.2883,0.204,0.1144,0.0269,-0.0546
0.005,0.0011,-0.0019,-0.0035,-0.0035,-0.0016,0.0019,0.0067,0.0119,0.0161,0.018,0.0173,0.0161,0.0194,0.0346,0.0714,0.1403,0.2497,0.3924,0.5286,0.5942,0.5537,0.4292,0.2665,0.0987,-0.0595,-0.2042,-0.3354,-0.4527,-0.5547,-0.6375,-0.696,-0.7237,-0.7141,-0.6612,-0.5615,-0.4153,-0.2291,-0.0182,0.1934,0.3763,0.5047,0.5653,0.5608,0.5057,0.4186,0.3161,0.2105,0.1092,0.0162
-0.0036,-0.0068,-0.0091,-0.0102,-0.01,-0.0083,-0.0052,-0.0012,0.003,0.0066,0.0089,0.0103,0.013,0.0213,0.0417,0.0823,0.1515,0.2545,0.3822,0.4997,0.5556,0.5209,0.4114,0.264,0.1085,-0.0402,-0.1767,-0.2994,-0.4073,-0.4987,-0.5701,-0.6165,-0.6322,-0.611,-0.5472,-0.4369,-0.2799,-0.0827,0.1392,0.3602,0.5484,0.6758,0.7286,0.7107,0.6392,0.5351,0.4167,0.2969,0.1836,0.0806
