docs/data/wind_grid.json
[{"header":{"la1":42.85,"la2":41.18,"lo1":11.55,"lo2":14.05,"nx":36,"ny":24,"dx":0.07143,"dy":0.07261,"parameterCategory":2,"parameterNumber":2,"parameterNumberName":"eastward_wind","parameterUnit":"m.s-1"},"data":[3.0669,3.0537,3.0387,3.0222,3.0047,2.9869,2.9697,2.954,2.9403,2.9283,2.917,2.9057,2.8932,2.8791,2.8634,2.8464,2.8296,2.8147,2.804,2.799,2.8002,2.8062,2.815,2.8247,2.8336,2.8408,2.8459,2.8488,2.8496,2.8487,2.8464,2.843,2.8389,2.8344,2.8298,2.8253,3.0741,3.0594,3.0423,3.0228,3.0016,2.9798,2.9588,2.9404,2.9256,2.9139,2.9037,2.8929,2.8802,2.8645,2.8456,2.8239,2.801,2.78,2.7652,2.7598,2.7644,2.7764,2.7918,2.8073,2.8207,2.831,2.838,2.8418,2.8428,2.8416,2.8386,2.8344,2.8294,2.824,2.8186,2.8134,3.0834,3.0673,3.0477,3.0245,2.9982,2.9703,2.9432,2.9206,2.9046,2.8946,2.8872,2.8785,2.8662,2.849,2.8262,2.7977,2.7651,2.7334,2.7109,2.7049,2.7163,2.7389,2.765,2.789,2.8083,2.8222,2.831,2.8355,2.8364,2.8345,2.8305,2.825,2.8188,2.8123,2.8058,2.7998,3.0956,3.0782,3.0561,3.0285,2.9955,2.9583,2.9209,2.8903,2.8728,2.8676,2.8666,2.8623,2.8515,2.8331,2.806,2.7687,2.7208,2.6694,2.6315,2.625,2.6507,2.6929,2.7358,2.7714,2.7977,2.8153,2.8257,2.8303,2.8304,2.8272,2.8217,2.8146,2.8067,2.7987,2.791,2.784,3.1114,3.0936,3.0695,3.0374,2.9961,2.9456,2.8903,2.8435,2.8232,2.8297,2.8418,2.8446,2.836,2.8171,2.7865,2.7395,2.67,2.5829,2.5127,2.507,2.5641,2.6412,2.7085,2.758,2.7912,2.8117,2.8226,2.8264,2.8249,2.8197,2.8119,2.8026,2.7926,2.7827,2.7736,2.7655,3.1318,3.1148,3.0902,3.0551,3.0059,2.9394,2.8569,2.778,2.7503,2.7823,2.8159,2.8263,2.8191,2.8002,2.7692,2.7167,2.6248,2.4835,2.3511,2.3508,2.4692,2.5978,2.6924,2.7539,2.7915,2.8127,2.8224,2.824,2.8197,2.8114,2.8006,2.7883,2.7757,2.7636,2.7527,2.7434,3.1572,3.1432,3.121,3.0864,3.0336,2.9555,2.8472,2.7281,2.6877,2.7499,2.7966,2.8069,2.7978,2.7793,2.7527,2.707,2.6127,2.4341,2.2343,2.2427,2.4254,2.5922,2.7002,2.7644,2.8006,2.8189,2.825,2.8226,2.8142,2.8018,2.7869,2.7709,2.755,2.7402,2.7273,2.7167,3.1879,3.1795,3.1636,3.1355,3.0879,3.0115,2.9013,2.7813,2.734,2.7613,2.7801,2.7804,2.7657,2.7459,2.7288,2.7065,2.6495,2.5187,2.3568,2.358,2.508,2.6479,2.7383,2.7908,2.8185,2.8298,2.8298,2.8216,2.8076,2.7897,2.7696,2.7489,2.729,2.711,2.6959,2.6842,3.2229,3.223,3.2182,3.2041,3.1729,3.1126,3.0126,2.8854,2.7756,2.7208,2.7279,2.7362,2.7134,2.6846,2.6788,2.6944,2.7018,2.6695,2.6132,2.6102,2.6736,2.7457,2.7977,2.8284,2.8423,2.8436,2.8353,2.8196,2.7985,2.7737,2.7472,2.7206,2.6958,2.6742,2.6568,2.6441,3.2603,3.2712,3.2819,3.2898,3.2884,3.2614,3.1716,2.955,2.6038,2.448,2.6038,2.6793,2.6308,2.5666,2.5724,2.6467,2.7345,2.7919,2.8097,2.8134,2.8262,2.8453,2.8612,2.8689,2.8676,2.8575,2.8397,2.8151,2.7854,2.7521,2.7174,2.6836,2.6528,2.6269,2.6073,2.5943,3.2973,3.3199,3.3484,3.3844,3.4279,3.469,3.4544,3.1789,2.2438,1.8159,2.495,2.6541,2.5057,2.3295,2.3608,2.554,2.76,2.9102,2.971,2.9637,2.9414,2.9259,2.9157,2.905,2.8901,2.869,2.841,2.8064,2.7663,2.7225,2.6775,2.6344,2.5962,2.5656,2.544,2.5317,3.3304,3.3634,3.4083,3.4718,3.5653,3.7052,3.8978,3.969,3.1036,2.4036,2.7313,2.7274,2.3708,1.8582,2.0124,2.4553,2.8252,3.1116,3.18,3.0962,3.0245,2.9823,2.9551,2.9322,2.907,2.8759,2.8376,2.7917,2.7393,2.6822,2.6237,2.5684,2.5208,2.4847,2.4621,2.4526,3.3566,3.3965,3.4517,3.532,3.6555,3.8567,4.1881,4.5813,4.1836,3.3761,3.0798,2.9563,2.6051,1.7141,1.8953,2.501,2.9231,3.3962,3.4148,3.182,3.0659,3.0096,2.9761,2.9483,2.9167,2.8772,2.8283,2.7699,2.7024,2.6279,2.551,2.4787,2.4187,2.3767,2.3551,2.3522,3.3741,3.4162,3.4733,3.5539,3.6724,3.8508,4.1039,4.3529,4.1427,3.5746,3.2744,3.1958,3.1371,2.7044,2.5817,2.7203,2.8996,3.2094,3.2811,3.145,3.0499,3.0003,2.976,2.953,2.9193,2.8725,2.8129,2.7402,2.654,2.556,2.4525,2.3552,2.2778,2.2301,2.214,2.2246,3.383,3.423,3.4749,3.5433,3.6338,3.7488,3.8713,3.9249,3.7865,3.5711,3.4647,3.3574,3.1912,3.2571,2.9661,2.8207,2.6739,2.9576,3.0977,3.0612,2.9685,2.9392,2.9537,2.9495,2.9168,2.8625,2.7916,2.7034,2.5942,2.463,2.3186,2.1819,2.0793,2.0279,2.0272,2.0638,3.3847,3.4201,3.4634,3.5155,3.5761,3.6391,3.6863,3.6864,3.6352,3.6293,3.789,3.6652,3.5106,3.316,3.1911,2.9808,2.8113,3.0189,3.1156,3.0122,2.7856,2.8159,2.9253,2.9478,2.9118,2.8472,2.766,2.6635,2.5267,2.3474,2.1365,1.9337,1.7935,1.7468,1.7823,1.8663,3.3813,3.4114,3.4459,3.4841,3.5236,3.5589,3.581,3.5844,3.5858,3.6391,3.7696,3.6871,3.7323,3.7755,3.5018,3.355,3.2547,3.2741,3.2823,3.1044,2.7737,2.8192,2.9495,2.9609,2.9045,2.8257,2.7406,2.6297,2.4615,2.2127,1.892,1.5748,1.3801,1.3628,1.4745,1.6384,3.375,3.4002,3.4275,3.4558,3.4833,3.5066,3.5232,3.5347,3.5515,3.5872,3.6285,3.6575,3.7995,3.8598,3.8698,3.8861,3.6219,3.4779,3.485,3.3491,3.1362,3.0535,3.0435,2.9879,2.8893,2.7981,2.7275,2.6161,2.4126,2.0737,1.5849,1.079,0.8166,0.8838,1.131,1.408,3.3673,3.3884,3.4104,3.4326,3.4536,3.4722,3.4881,3.5034,3.5228,3.5502,3.585,3.6369,3.733,3.9198,4.5293,4.7781,3.9627,3.5834,3.5326,3.5447,3.3999,3.2557,3.1489,3.0193,2.8656,2.7778,2.7519,2.618,2.3792,1.9637,1.2868,0.5427,0.2243,0.4338,0.8445,1.2329,3.359,3.3769,3.3954,3.4137,3.4313,3.4478,3.4637,3.4805,3.5008,3.5275,3.5645,3.6228,3.7289,3.9625,4.4455,4.5783,4.0041,3.6799,3.7125,3.7716,3.5537,3.3959,3.2631,3.0749,2.8515,2.7521,2.738,2.5353,2.328,1.9297,1.1932,0.3457,0.0096,0.2838,0.7555,1.1801,3.3506,3.3662,3.3821,3.398,3.4135,3.4289,3.4446,3.4618,3.4825,3.5091,3.5461,3.6018,3.6923,3.8398,4.0147,4.0292,3.8339,3.6782,3.6693,3.6732,3.5907,3.5493,3.4657,3.2131,2.8599,2.5388,2.2437,2.2517,2.2535,1.9832,1.3983,0.7171,0.4025,0.5612,0.9188,1.2725,3.3424,3.3562,3.3702,3.3844,3.3985,3.413,3.4281,3.445,3.465,3.4902,3.5234,3.569,3.6316,3.7084,3.771,3.7678,3.6978,3.6299,3.607,3.6115,3.6694,3.8491,3.8764,3.4865,2.9429,2.403,2.0105,2.1182,2.2275,2.0801,1.7079,1.272,1.0195,1.0422,1.2324,1.4662,3.3343,3.3467,3.3593,3.372,3.3851,3.3985,3.4128,3.4287,3.4472,3.4694,3.4968,3.5308,3.5708,3.6109,3.6369,3.6341,3.6062,3.5773,3.5703,3.6075,3.7559,4.0745,4.1684,3.6997,3.0985,2.592,2.296,2.2714,2.2921,2.1912,1.9668,1.7052,1.5248,1.486,1.5615,1.6925,3.3263,3.3375,3.3489,3.3605,3.3724,3.3848,3.398,3.4124,3.4287,3.4473,3.4689,3.4931,3.5184,3.5406,3.5532,3.5521,3.5405,3.5299,3.5359,3.582,3.7058,3.8947,3.9188,3.6126,3.1824,2.8098,2.5709,2.4656,2.4059,2.3105,2.1633,2.0,1.8747,1.822,1.8399,1.9047]},{"header":{"la1":42.85,"la2":41.18,"lo1":11.55,"lo2":14.05,"nx":36,"ny":24,"dx":0.07143,"dy":0.07261,"parameterCategory":2,"parameterNumber":3,"parameterNumberName":"northward_wind","parameterUnit":"m.s-1"},"data":[-0.5359,-0.5481,-0.5623,-0.5784,-0.5963,-0.6153,-0.635,-0.6549,-0.6749,-0.6954,-0.7171,-0.7406,-0.7661,-0.7935,-0.822,-0.8503,-0.8765,-0.8977,-0.9113,-0.9151,-0.9085,-0.8926,-0.8693,-0.8411,-0.8098,-0.7767,-0.7429,-0.7091,-0.6756,-0.643,-0.6114,-0.5812,-0.5525,-0.5255,-0.5004,-0.4772,-0.5252,-0.538,-0.5535,-0.5716,-0.592,-0.614,-0.6366,-0.6587,-0.6801,-0.7016,-0.7246,-0.7503,-0.7795,-0.8121,-0.8474,-0.884,-0.9193,-0.9492,-0.9686,-0.9738,-0.9638,-0.9412,-0.9099,-0.8735,-0.8346,-0.795,-0.7554,-0.7165,-0.6785,-0.6419,-0.6069,-0.5736,-0.5422,-0.513,-0.486,-0.4613,-0.5119,-0.5251,-0.5419,-0.5625,-0.5865,-0.613,-0.6401,-0.6653,-0.6878,-0.709,-0.7319,-0.7594,-0.7923,-0.8309,-0.8745,-0.9222,-0.9709,-1.0145,-1.0436,-1.0503,-1.0336,-0.9994,-0.9557,-0.9081,-0.8599,-0.8124,-0.7663,-0.7218,-0.679,-0.6381,-0.5993,-0.5627,-0.5285,-0.497,-0.4681,-0.442,-0.4953,-0.5086,-0.5266,-0.55,-0.579,-0.6125,-0.6473,-0.6781,-0.7011,-0.7192,-0.7396,-0.7675,-0.8042,-0.8491,-0.9023,-0.964,-1.0323,-1.0988,-1.145,-1.153,-1.1221,-1.0677,-1.0053,-0.9431,-0.8837,-0.8277,-0.7746,-0.7241,-0.6761,-0.6307,-0.5879,-0.5478,-0.5108,-0.4768,-0.4461,-0.4186,-0.4747,-0.4872,-0.5057,-0.5318,-0.5672,-0.6114,-0.6604,-0.703,-0.7264,-0.7352,-0.748,-0.7748,-0.815,-0.8663,-0.9291,-1.0063,-1.1011,-1.2055,-1.284,-1.2914,-1.2304,-1.1418,-1.0539,-0.9747,-0.9037,-0.8389,-0.7788,-0.7223,-0.669,-0.6188,-0.5718,-0.5281,-0.488,-0.4516,-0.419,-0.3903,-0.4495,-0.4596,-0.4768,-0.5044,-0.5458,-0.604,-0.6768,-0.7454,-0.7714,-0.758,-0.7564,-0.7815,-0.8254,-0.8825,-0.9526,-1.0423,-1.1641,-1.3216,-1.4566,-1.458,-1.342,-1.207,-1.0922,-0.9977,-0.9168,-0.8444,-0.7778,-0.7154,-0.6567,-0.6015,-0.55,-0.5025,-0.4592,-0.4203,-0.386,-0.3563,-0.4191,-0.4245,-0.4375,-0.4626,-0.506,-0.5752,-0.674,-0.7814,-0.8165,-0.7741,-0.7616,-0.7887,-0.8377,-0.8997,-0.9729,-1.0649,-1.1951,-1.3848,-1.5715,-1.5644,-1.3997,-1.2362,-1.1091,-1.0077,-0.921,-0.8429,-0.7705,-0.7023,-0.638,-0.5776,-0.5214,-0.4698,-0.4232,-0.3818,-0.3459,-0.3155,-0.3839,-0.3815,-0.3856,-0.4015,-0.4377,-0.5048,-0.6091,-0.7262,-0.7739,-0.7591,-0.7663,-0.8003,-0.8554,-0.9229,-0.9962,-1.079,-1.186,-1.3331,-1.4768,-1.4773,-1.3519,-1.2167,-1.1026,-1.0046,-0.9164,-0.8342,-0.7564,-0.6824,-0.6121,-0.546,-0.4846,-0.4285,-0.3783,-0.3345,-0.2972,-0.2665,-0.3449,-0.3316,-0.3213,-0.319,-0.3342,-0.3813,-0.4739,-0.6008,-0.7143,-0.7794,-0.7957,-0.8205,-0.8824,-0.9612,-1.0355,-1.1051,-1.1807,-1.2629,-1.3272,-1.3297,-1.2681,-1.1794,-1.0861,-0.9945,-0.9055,-0.8191,-0.7354,-0.6547,-0.5777,-0.5052,-0.4378,-0.3767,-0.3227,-0.2764,-0.2382,-0.2078,-0.3049,-0.278,-0.2481,-0.2178,-0.1947,-0.1981,-0.2711,-0.4833,-0.8389,-1.0066,-0.8825,-0.8415,-0.9223,-1.0319,-1.1089,-1.163,-1.2234,-1.2833,-1.3126,-1.2963,-1.2419,-1.1647,-1.0769,-0.9849,-0.8916,-0.7986,-0.7072,-0.6186,-0.5336,-0.4533,-0.379,-0.3121,-0.2537,-0.205,-0.1663,-0.1374,-0.2675,-0.2264,-0.1743,-0.1084,-0.0282,0.0548,0.0779,-0.1908,-1.1607,-1.6002,-0.955,-0.8199,-0.9791,-1.1782,-1.2427,-1.254,-1.3213,-1.4171,-1.4443,-1.3815,-1.2842,-1.183,-1.0819,-0.9797,-0.8763,-0.7729,-0.6713,-0.5726,-0.4778,-0.3883,-0.3055,-0.2314,-0.168,-0.1169,-0.0786,-0.0526,-0.2372,-0.1841,-0.1122,-0.0123,0.1309,0.338,0.6129,0.7348,-0.2245,-0.999,-0.6911,-0.6726,-1.0173,-1.5048,-1.4567,-1.3476,-1.4654,-1.7115,-1.7454,-1.5483,-1.3624,-1.2211,-1.0984,-0.9789,-0.8593,-0.7411,-0.6259,-0.5149,-0.4084,-0.3073,-0.2136,-0.1302,-0.0606,-0.0072,0.0292,0.0499,-0.218,-0.158,-0.075,0.0443,0.2243,0.509,0.9603,1.4739,0.9818,-0.0005,-0.3074,-0.2468,-0.6087,-1.5994,-1.5215,-1.3779,-1.6154,-2.122,-2.1209,-1.6855,-1.4257,-1.2656,-1.1255,-0.9825,-0.839,-0.7005,-0.5688,-0.4434,-0.3229,-0.2072,-0.0988,-0.0027,0.0753,0.1307,0.1627,0.1739,-0.2117,-0.1518,-0.0698,0.046,0.2151,0.467,0.8195,1.162,0.8779,0.1171,-0.1706,0.2613,0.3517,-0.5514,-1.0519,-1.4494,-1.8256,-1.9635,-1.9244,-1.6334,-1.4634,-1.3401,-1.178,-0.9921,-0.8113,-0.6464,-0.4965,-0.3561,-0.2198,-0.0851,0.0446,0.1601,0.2501,0.3067,0.3294,0.3242,-0.2181,-0.1643,-0.0937,0.0002,0.1249,0.2833,0.4502,0.5127,0.2768,-0.1134,-0.3067,-0.2905,-0.431,-0.6915,-0.9489,-1.9243,-2.8289,-1.9869,-1.6337,-1.5513,-1.6252,-1.553,-1.2849,-1.0022,-0.7653,-0.5715,-0.4064,-0.2537,-0.0999,0.0612,0.2242,0.3714,0.4798,0.5349,0.5387,0.5052,-0.2343,-0.1905,-0.1364,-0.071,0.0043,0.079,0.1224,0.0768,-0.0958,-0.3185,-0.4581,-0.503,-0.5382,-0.6736,-0.9541,-1.7405,-2.4003,-1.7399,-1.3904,-1.569,-2.1685,-2.001,-1.4037,-0.971,-0.6787,-0.4685,-0.3012,-0.1432,0.0303,0.2306,0.4492,0.6515,0.7888,0.8343,0.8,0.7185,-0.2566,-0.2238,-0.1866,-0.1465,-0.1087,-0.0842,-0.0921,-0.1533,-0.268,-0.3952,-0.4713,-0.5048,-0.5353,-0.572,-0.8237,-1.1387,-1.2953,-1.0992,-0.9614,-1.303,-2.2044,-1.9874,-1.2829,-0.8236,-0.5343,-0.3459,-0.2023,-0.0452,0.1565,0.4169,0.7289,1.0282,1.209,1.2226,1.1143,0.9561,-0.2815,-0.2588,-0.2355,-0.2141,-0.1996,-0.1994,-0.2227,-0.275,-0.3501,-0.4264,-0.4834,-0.5266,-0.5439,-0.5753,-0.7671,-0.8753,-0.8383,-0.6626,-0.6038,-0.6164,-1.0104,-1.108,-0.8438,-0.5617,-0.3593,-0.2592,-0.1743,0.0058,0.2642,0.6069,1.0586,1.5166,1.7524,1.6864,1.4534,1.1906,-0.3062,-0.2917,-0.2787,-0.2696,-0.2679,-0.2779,-0.3035,-0.3452,-0.3982,-0.4529,-0.5025,-0.548,-0.5945,-0.6792,-0.866,-0.9236,-0.6697,-0.3763,-0.1756,0.4251,0.0216,-0.3422,-0.3864,-0.2862,-0.2121,-0.3103,-0.3227,0.0206,0.3763,0.7784,1.3694,2.019,2.2992,2.108,1.7304,1.3683,-0.329,-0.3205,-0.3146,-0.3128,-0.3176,-0.3312,-0.355,-0.3886,-0.4288,-0.4715,-0.514,-0.5573,-0.6083,-0.6883,-0.8197,-0.8365,-0.5166,0.0815,1.3996,1.9867,0.7185,0.1043,-0.0578,-0.0443,-0.0256,-0.2459,-0.298,0.2903,0.5879,0.9052,1.4938,2.2026,2.4916,2.2481,1.8216,1.4301,-0.3488,-0.3446,-0.3432,-0.3456,-0.3533,-0.3674,-0.3883,-0.4154,-0.4469,-0.4806,-0.5148,-0.5495,-0.5865,-0.6275,-0.6561,-0.5943,-0.3384,0.1757,0.9556,1.2072,0.6301,0.254,0.1539,0.1673,0.2991,0.6045,1.2215,1.1525,0.9122,0.9768,1.3698,1.9003,2.155,2.0099,1.686,1.3593,-0.3654,-0.3641,-0.3653,-0.3698,-0.3783,-0.3915,-0.4092,-0.4309,-0.4553,-0.4809,-0.506,-0.5292,-0.548,-0.5562,-0.5357,-0.4498,-0.2583,0.0466,0.3729,0.4845,0.3622,0.2978,0.2984,0.3016,0.517,1.1201,1.8392,1.5572,1.0961,0.9855,1.1628,1.4593,1.6406,1.6021,1.4203,1.1983,-0.3788,-0.3793,-0.3819,-0.3871,-0.3954,-0.4069,-0.4214,-0.4384,-0.4567,-0.4749,-0.4912,-0.5034,-0.5076,-0.4969,-0.4591,-0.3776,-0.2407,-0.0603,0.1117,0.2107,0.2567,0.3353,0.3609,0.339,0.5155,0.9301,1.2989,1.2451,1.017,0.9169,0.979,1.1214,1.2284,1.2319,1.1436,1.0089,-0.3893,-0.3907,-0.3939,-0.3991,-0.4065,-0.4161,-0.4275,-0.4402,-0.4531,-0.4649,-0.4738,-0.4773,-0.4718,-0.4519,-0.4106,-0.3408,-0.2408,-0.1202,-0.0011,0.0992,0.19,0.2777,0.3103,0.3221,0.4399,0.6634,0.8553,0.8933,0.8338,0.7948,0.8205,0.8871,0.9441,0.9539,0.9109,0.8314]}]