docs/data/wind_grid.json
[{"header":{"la1":42.85,"la2":41.18,"lo1":11.55,"lo2":14.05,"nx":36,"ny":24,"dx":0.07143,"dy":0.07261,"parameterCategory":2,"parameterNumber":2,"parameterNumberName":"eastward_wind","parameterUnit":"m.s-1"},"data":[-0.7874,-0.7904,-0.7938,-0.7978,-0.8023,-0.8077,-0.8141,-0.8219,-0.8322,-0.8463,-0.8661,-0.8934,-0.9288,-0.9704,-1.0116,-1.0414,-1.0497,-1.0344,-1.0024,-0.9636,-0.9249,-0.8898,-0.8592,-0.833,-0.8105,-0.7911,-0.7742,-0.7594,-0.7465,-0.735,-0.7249,-0.716,-0.7082,-0.7013,-0.6952,-0.6899,-0.7877,-0.7907,-0.7942,-0.7982,-0.8029,-0.8083,-0.8147,-0.8223,-0.8322,-0.8466,-0.8686,-0.9022,-0.9507,-1.0138,-1.0823,-1.1346,-1.1471,-1.1164,-1.0608,-1.0006,-0.9467,-0.9017,-0.865,-0.8348,-0.8097,-0.7886,-0.7704,-0.7548,-0.7412,-0.7293,-0.7188,-0.7097,-0.7017,-0.6948,-0.6887,-0.6835,-0.7879,-0.7909,-0.7944,-0.7986,-0.8036,-0.8094,-0.8159,-0.8231,-0.8316,-0.8442,-0.8662,-0.9048,-0.9679,-1.0612,-1.1763,-1.2721,-1.2903,-1.2253,-1.1272,-1.0361,-0.9639,-0.9089,-0.8667,-0.8334,-0.8063,-0.7838,-0.7648,-0.7485,-0.7344,-0.7222,-0.7115,-0.7023,-0.6943,-0.6874,-0.6814,-0.6764,-0.7881,-0.7911,-0.7946,-0.7989,-0.8044,-0.8112,-0.8189,-0.8263,-0.8325,-0.8404,-0.8581,-0.8968,-0.9706,-1.0961,-1.2769,-1.4484,-1.4729,-1.343,-1.1831,-1.058,-0.9702,-0.9083,-0.8629,-0.8279,-0.7998,-0.7766,-0.7571,-0.7404,-0.726,-0.7136,-0.7029,-0.6936,-0.6857,-0.6789,-0.6731,-0.6683,-0.7882,-0.7911,-0.7946,-0.7991,-0.8053,-0.8139,-0.825,-0.8358,-0.8401,-0.8386,-0.845,-0.8756,-0.9475,-1.0853,-1.3105,-1.5527,-1.5828,-1.3916,-1.19,-1.0504,-0.9596,-0.8979,-0.853,-0.8183,-0.7902,-0.7669,-0.7471,-0.7303,-0.7158,-0.7034,-0.6928,-0.6836,-0.6759,-0.6693,-0.6639,-0.6593,-0.7885,-0.7912,-0.7944,-0.7988,-0.8053,-0.816,-0.8335,-0.8551,-0.862,-0.8438,-0.8292,-0.8425,-0.8961,-1.008,-1.1947,-1.3984,-1.4325,-1.2839,-1.1222,-1.0084,-0.9324,-0.8787,-0.8379,-0.8051,-0.7777,-0.7547,-0.735,-0.7182,-0.7038,-0.6916,-0.6811,-0.6722,-0.6648,-0.6586,-0.6535,-0.6494,-0.7889,-0.7914,-0.7943,-0.7979,-0.8035,-0.814,-0.8358,-0.8727,-0.8896,-0.8472,-0.8069,-0.8,-0.8276,-0.8943,-1.0008,-1.1106,-1.1452,-1.0923,-1.0151,-0.9494,-0.8978,-0.8558,-0.8201,-0.7894,-0.7628,-0.74,-0.7206,-0.704,-0.6899,-0.6779,-0.6678,-0.6593,-0.6523,-0.6465,-0.6419,-0.6383,-0.7897,-0.7922,-0.7946,-0.7972,-0.8003,-0.8059,-0.8191,-0.8453,-0.8549,-0.8096,-0.766,-0.7486,-0.7544,-0.7849,-0.8387,-0.8994,-0.9386,-0.9445,-0.9281,-0.9011,-0.8691,-0.8354,-0.8025,-0.7723,-0.7458,-0.723,-0.7037,-0.6874,-0.6738,-0.6623,-0.6527,-0.6447,-0.6382,-0.633,-0.629,-0.6262,-0.791,-0.7937,-0.7962,-0.7982,-0.7991,-0.7978,-0.7937,-0.7849,-0.7637,-0.7318,-0.7081,-0.6909,-0.6804,-0.6874,-0.7207,-0.7749,-0.8321,-0.8743,-0.8916,-0.8835,-0.8571,-0.8223,-0.7866,-0.7541,-0.7262,-0.7031,-0.684,-0.6684,-0.6554,-0.6446,-0.6357,-0.6284,-0.6225,-0.618,-0.6148,-0.6127,-0.7928,-0.7963,-0.7997,-0.8027,-0.8042,-0.801,-0.7863,-0.7469,-0.6791,-0.6421,-0.65,-0.6346,-0.6017,-0.5857,-0.6165,-0.6946,-0.7939,-0.8796,-0.9202,-0.9093,-0.8675,-0.8172,-0.771,-0.7328,-0.7028,-0.6794,-0.6611,-0.6464,-0.6345,-0.6247,-0.6167,-0.6102,-0.6051,-0.6014,-0.599,-0.5978,-0.7951,-0.7996,-0.8049,-0.8109,-0.8173,-0.8221,-0.8164,-0.7656,-0.604,-0.5307,-0.6127,-0.5873,-0.5098,-0.4489,-0.4895,-0.6292,-0.815,-0.9853,-1.0475,-0.9925,-0.8982,-0.8134,-0.7495,-0.7045,-0.6731,-0.6507,-0.6341,-0.6213,-0.611,-0.6026,-0.5956,-0.5899,-0.5856,-0.5827,-0.5814,-0.5814,-0.7972,-0.8031,-0.8105,-0.8203,-0.8343,-0.8552,-0.8846,-0.8944,-0.7447,-0.6185,-0.6281,-0.5558,-0.4157,-0.2375,-0.3194,-0.5774,-0.9108,-1.287,-1.3565,-1.1353,-0.928,-0.7923,-0.7105,-0.6626,-0.634,-0.6156,-0.6027,-0.5929,-0.5849,-0.5781,-0.5723,-0.5674,-0.5638,-0.5618,-0.5616,-0.563,-0.7989,-0.8058,-0.8148,-0.8275,-0.8468,-0.8786,-0.9326,-0.9991,-0.9281,-0.7689,-0.6595,-0.5399,-0.4285,-0.1754,-0.2608,-0.5958,-1.025,-1.7768,-1.7883,-1.2292,-0.8933,-0.7202,-0.6375,-0.6007,-0.5837,-0.574,-0.5671,-0.5614,-0.5563,-0.5515,-0.5467,-0.5424,-0.5393,-0.5381,-0.5392,-0.5425,-0.7997,-0.807,-0.8166,-0.8299,-0.8491,-0.878,-0.9194,-0.9605,-0.9231,-0.812,-0.7038,-0.52,-0.4639,-0.5724,-0.5277,-0.7046,-0.9658,-1.4095,-1.4594,-1.0317,-0.7111,-0.5574,-0.516,-0.5168,-0.5239,-0.5275,-0.528,-0.5273,-0.5257,-0.523,-0.5189,-0.5143,-0.511,-0.5104,-0.5133,-0.5191,-0.7993,-0.8066,-0.8158,-0.8278,-0.8434,-0.8632,-0.8847,-0.8959,-0.8803,-0.8611,-0.8451,-0.7594,-0.6584,-0.6132,-0.6639,-0.8306,-0.9662,-0.9586,-0.9076,-0.6447,-0.3459,-0.2699,-0.3472,-0.4215,-0.462,-0.4792,-0.4863,-0.4907,-0.4935,-0.4931,-0.4887,-0.4822,-0.4774,-0.4773,-0.4827,-0.4925,-0.798,-0.8049,-0.8131,-0.8232,-0.8352,-0.8484,-0.8611,-0.8713,-0.8881,-0.9521,-1.1096,-1.0002,-0.8916,-0.7641,-0.7647,-0.8379,-0.9078,-0.802,-0.6356,-0.303,0.1814,0.1054,-0.187,-0.3454,-0.4099,-0.431,-0.4399,-0.4503,-0.4603,-0.4632,-0.4564,-0.4443,-0.4355,-0.4361,-0.4462,-0.4623,-0.7959,-0.8021,-0.8094,-0.8178,-0.8274,-0.838,-0.8497,-0.8655,-0.8972,-0.9714,-1.0914,-1.0201,-1.0351,-1.0595,-0.8718,-0.8107,-0.759,-0.6302,-0.478,-0.2358,0.2481,0.1478,-0.1661,-0.3228,-0.373,-0.3752,-0.3786,-0.4019,-0.4277,-0.436,-0.4221,-0.3972,-0.3807,-0.3839,-0.4032,-0.4294,-0.7931,-0.7987,-0.805,-0.8123,-0.8205,-0.8299,-0.8415,-0.8582,-0.8852,-0.926,-0.9625,-0.9737,-1.0583,-1.0728,-0.913,-0.8371,-0.7065,-0.4802,-0.3313,-0.3499,-0.2028,-0.1762,-0.2763,-0.3441,-0.3388,-0.2857,-0.2765,-0.3411,-0.4028,-0.4182,-0.3878,-0.3374,-0.3091,-0.3209,-0.3568,-0.3974,-0.7898,-0.7947,-0.8003,-0.8066,-0.8138,-0.8222,-0.8326,-0.8464,-0.8649,-0.8868,-0.9059,-0.9223,-0.9435,-0.9357,-0.9399,-0.9513,-0.7409,-0.5021,-0.3918,-0.4388,-0.4038,-0.3686,-0.3745,-0.3744,-0.3053,-0.1431,-0.1097,-0.2903,-0.4082,-0.4216,-0.3612,-0.2735,-0.2336,-0.2622,-0.3188,-0.3739,-0.7861,-0.7904,-0.7952,-0.8006,-0.8067,-0.8138,-0.8223,-0.8325,-0.8445,-0.857,-0.8678,-0.8759,-0.8803,-0.8824,-0.9124,-0.91,-0.7454,-0.5763,-0.5051,-0.5032,-0.471,-0.4391,-0.4251,-0.4113,-0.3436,-0.1466,-0.1026,-0.3934,-0.4878,-0.4598,-0.3646,-0.2508,-0.2055,-0.2428,-0.3079,-0.3676,-0.7821,-0.7858,-0.7899,-0.7944,-0.7993,-0.8049,-0.8113,-0.8183,-0.8257,-0.8325,-0.8375,-0.8397,-0.8386,-0.8359,-0.832,-0.7982,-0.7066,-0.6007,-0.5311,-0.507,-0.4807,-0.4445,-0.4305,-0.4468,-0.4773,-0.5607,-0.8079,-0.7771,-0.6392,-0.5286,-0.4138,-0.307,-0.2607,-0.2823,-0.332,-0.3818,-0.7778,-0.7809,-0.7842,-0.7878,-0.7917,-0.7958,-0.8001,-0.8045,-0.8085,-0.8114,-0.8124,-0.8105,-0.805,-0.7949,-0.7765,-0.7397,-0.6799,-0.6116,-0.5551,-0.5128,-0.4593,-0.3874,-0.3689,-0.4383,-0.5609,-0.7928,-1.0728,-0.9556,-0.7357,-0.5898,-0.48,-0.3951,-0.3515,-0.352,-0.3777,-0.4104,-0.7734,-0.7758,-0.7784,-0.7811,-0.7839,-0.7867,-0.7893,-0.7915,-0.793,-0.7931,-0.7911,-0.7863,-0.7776,-0.7636,-0.7418,-0.7088,-0.6645,-0.6143,-0.5646,-0.5116,-0.4361,-0.3346,-0.3091,-0.4111,-0.5558,-0.7307,-0.8679,-0.8383,-0.7206,-0.6131,-0.5287,-0.4655,-0.4283,-0.4177,-0.4261,-0.4438,-0.7688,-0.7707,-0.7726,-0.7745,-0.7762,-0.7778,-0.779,-0.7795,-0.7791,-0.7771,-0.7731,-0.7663,-0.7558,-0.7406,-0.7192,-0.6906,-0.655,-0.6145,-0.5704,-0.5192,-0.4539,-0.3848,-0.371,-0.4387,-0.5405,-0.6438,-0.7139,-0.7168,-0.6697,-0.6093,-0.554,-0.5099,-0.4807,-0.4674,-0.467,-0.475]},{"header":{"la1":42.85,"la2":41.18,"lo1":11.55,"lo2":14.05,"nx":36,"ny":24,"dx":0.07143,"dy":0.07261,"parameterCategory":2,"parameterNumber":3,"parameterNumberName":"northward_wind","parameterUnit":"m.s-1"},"data":[-0.1336,-0.1175,-0.0995,-0.08,-0.0601,-0.0417,-0.0276,-0.0204,-0.0214,-0.0301,-0.0434,-0.0569,-0.0669,-0.0717,-0.0725,-0.0731,-0.078,-0.0893,-0.1053,-0.1231,-0.1402,-0.1554,-0.1685,-0.1797,-0.1894,-0.1979,-0.2056,-0.2127,-0.2193,-0.2256,-0.2315,-0.2373,-0.2427,-0.2479,-0.2528,-0.2574,-0.1308,-0.1116,-0.0889,-0.063,-0.035,-0.0076,0.0149,0.0271,0.0252,0.0099,-0.0131,-0.0356,-0.0506,-0.0545,-0.0492,-0.0428,-0.0459,-0.062,-0.0862,-0.1115,-0.1339,-0.1524,-0.1675,-0.1798,-0.19,-0.1989,-0.2069,-0.2142,-0.2211,-0.2277,-0.234,-0.24,-0.2458,-0.2514,-0.2566,-0.2614,-0.1303,-0.1077,-0.0797,-0.0456,-0.006,0.0364,0.0745,0.0975,0.0955,0.068,0.0267,-0.0121,-0.0358,-0.0379,-0.0203,0.0012,0.0018,-0.0253,-0.0645,-0.1009,-0.1298,-0.1516,-0.1681,-0.181,-0.1916,-0.2006,-0.2087,-0.2161,-0.2232,-0.2301,-0.2368,-0.2432,-0.2494,-0.2553,-0.2609,-0.266,-0.1331,-0.1076,-0.0742,-0.0305,0.0249,0.0909,0.1586,0.2065,0.2079,0.1569,0.0805,0.0127,-0.0263,-0.0276,0.0091,0.0585,0.0645,0.0151,-0.0468,-0.0959,-0.1302,-0.154,-0.1709,-0.1837,-0.194,-0.2028,-0.2108,-0.2184,-0.2257,-0.2329,-0.24,-0.2469,-0.2536,-0.26,-0.2659,-0.2714,-0.1404,-0.1133,-0.0757,-0.0229,0.0509,0.1508,0.272,0.3779,0.395,0.2947,0.1498,0.0344,-0.0279,-0.0341,0.0163,0.0933,0.1034,0.0308,-0.0479,-0.1027,-0.1377,-0.1604,-0.1761,-0.1877,-0.1972,-0.2055,-0.2132,-0.2208,-0.2284,-0.236,-0.2436,-0.2511,-0.2584,-0.2654,-0.2719,-0.2777,-0.1533,-0.1269,-0.0883,-0.0303,0.0583,0.1952,0.396,0.6235,0.6915,0.4839,0.2173,0.0402,-0.0476,-0.0671,-0.0291,0.0354,0.0453,-0.0144,-0.0793,-0.1242,-0.1524,-0.1705,-0.183,-0.1926,-0.2007,-0.2082,-0.2156,-0.2232,-0.2311,-0.2393,-0.2477,-0.256,-0.2641,-0.2718,-0.2789,-0.2852,-0.1721,-0.1494,-0.1148,-0.0601,0.0295,0.1817,0.4416,0.813,0.9682,0.605,0.2193,0.007,-0.0922,-0.1243,-0.1122,-0.0822,-0.074,-0.0981,-0.1299,-0.1546,-0.1711,-0.1823,-0.1905,-0.1974,-0.2038,-0.2105,-0.2176,-0.2254,-0.2339,-0.2429,-0.2523,-0.2617,-0.2709,-0.2795,-0.2873,-0.2942,-0.196,-0.1803,-0.1554,-0.1142,-0.0443,0.0778,0.2891,0.5916,0.7065,0.3994,0.0943,-0.0755,-0.1612,-0.1961,-0.198,-0.1841,-0.1728,-0.1722,-0.1778,-0.184,-0.1891,-0.1931,-0.1969,-0.201,-0.2059,-0.2118,-0.2189,-0.2272,-0.2365,-0.2468,-0.2576,-0.2685,-0.279,-0.2888,-0.2976,-0.305,-0.2232,-0.217,-0.2058,-0.186,-0.1502,-0.0877,0.011,0.1211,0.1424,0.0414,-0.0812,-0.1792,-0.2445,-0.2764,-0.2784,-0.2611,-0.2392,-0.2223,-0.212,-0.2059,-0.2023,-0.2005,-0.2006,-0.2024,-0.2061,-0.2116,-0.219,-0.2281,-0.2389,-0.2509,-0.2637,-0.2767,-0.2891,-0.3005,-0.3103,-0.3183,-0.2512,-0.2551,-0.2595,-0.2635,-0.265,-0.2589,-0.2363,-0.1895,-0.1343,-0.1257,-0.1886,-0.2681,-0.3329,-0.368,-0.3618,-0.3247,-0.2825,-0.2514,-0.2317,-0.2185,-0.209,-0.203,-0.2003,-0.2006,-0.2036,-0.2092,-0.2173,-0.2279,-0.2407,-0.2554,-0.2711,-0.2869,-0.3019,-0.3153,-0.3263,-0.3349,-0.2769,-0.2903,-0.3089,-0.335,-0.3708,-0.4149,-0.4478,-0.3962,-0.1546,-0.0474,-0.2255,-0.3396,-0.4286,-0.4891,-0.4658,-0.3818,-0.3048,-0.2621,-0.2407,-0.2235,-0.2091,-0.1995,-0.1949,-0.1945,-0.1976,-0.2039,-0.2133,-0.226,-0.2419,-0.2603,-0.2803,-0.3002,-0.3187,-0.3346,-0.347,-0.3558,-0.2977,-0.3181,-0.3475,-0.3904,-0.4541,-0.5473,-0.6691,-0.7339,-0.4439,-0.2141,-0.3111,-0.404,-0.5211,-0.674,-0.6039,-0.4186,-0.295,-0.2629,-0.2531,-0.2252,-0.2018,-0.1882,-0.1827,-0.183,-0.1872,-0.1947,-0.206,-0.2217,-0.242,-0.266,-0.2922,-0.3181,-0.3414,-0.3604,-0.3741,-0.3827,-0.3119,-0.336,-0.3705,-0.4213,-0.4982,-0.6175,-0.799,-0.9945,-0.8208,-0.4829,-0.3899,-0.4588,-0.528,-0.7264,-0.6434,-0.3642,-0.2266,-0.2853,-0.2876,-0.2187,-0.1818,-0.1647,-0.1609,-0.1646,-0.1714,-0.1805,-0.1939,-0.2135,-0.2402,-0.2728,-0.3084,-0.3431,-0.3731,-0.3959,-0.4104,-0.4173,-0.3187,-0.3429,-0.3766,-0.4247,-0.4947,-0.5975,-0.7385,-0.8731,-0.7626,-0.4618,-0.3496,-0.5117,-0.5628,-0.318,-0.3394,-0.1307,0.0259,-0.1501,-0.2146,-0.1736,-0.1354,-0.118,-0.1247,-0.1383,-0.1493,-0.1592,-0.1739,-0.1987,-0.2352,-0.2811,-0.3314,-0.3795,-0.419,-0.4459,-0.4596,-0.4623,-0.319,-0.3402,-0.3684,-0.4059,-0.4554,-0.5175,-0.5811,-0.599,-0.4829,-0.2738,-0.1444,-0.1728,-0.1897,-0.021,-0.1285,0.2652,0.7305,0.1694,-0.0901,-0.1068,-0.0346,-0.0227,-0.0697,-0.1062,-0.1205,-0.1262,-0.1396,-0.1716,-0.2239,-0.2916,-0.3656,-0.4346,-0.4872,-0.5175,-0.5265,-0.5202,-0.3142,-0.3308,-0.3512,-0.3755,-0.4025,-0.4268,-0.4337,-0.3936,-0.2735,-0.0679,0.1879,0.157,0.0473,-0.0482,-0.0419,0.2246,0.5118,0.0972,-0.1476,-0.0756,0.1788,0.1375,-0.0147,-0.0786,-0.083,-0.0701,-0.0764,-0.121,-0.2014,-0.3055,-0.4184,-0.5205,-0.5911,-0.6208,-0.6165,-0.5926,-0.3064,-0.318,-0.3306,-0.3432,-0.3529,-0.3536,-0.3344,-0.28,-0.176,-0.0145,0.1679,0.1267,0.1398,0.1551,-0.0293,-0.0519,-0.0814,-0.3158,-0.4768,-0.2332,0.191,0.1379,-0.0289,-0.0681,-0.0254,0.0376,0.047,-0.0284,-0.1622,-0.3255,-0.5002,-0.655,-0.7482,-0.7659,-0.7318,-0.6774,-0.2974,-0.3044,-0.3108,-0.3149,-0.3141,-0.3036,-0.2773,-0.2286,-0.1546,-0.0634,0.0109,0.0408,0.1316,0.1315,-0.1337,-0.2622,-0.368,-0.7507,-1.1029,-0.619,-0.2351,-0.1223,-0.1197,-0.0674,0.0743,0.2522,0.287,0.1228,-0.1095,-0.3552,-0.6172,-0.8514,-0.9683,-0.9498,-0.862,-0.7641,-0.2884,-0.292,-0.2939,-0.2929,-0.2868,-0.2729,-0.2481,-0.2106,-0.1621,-0.1105,-0.0697,-0.046,-0.0393,-0.1257,-0.3769,-0.4645,-0.4604,-0.739,-0.9413,-0.6836,-0.4667,-0.3076,-0.2065,-0.0736,0.1893,0.5873,0.6654,0.2774,-0.0839,-0.3958,-0.7429,-1.0696,-1.2016,-1.1233,-0.9713,-0.8309,-0.2805,-0.2816,-0.2808,-0.2772,-0.2693,-0.2557,-0.2353,-0.2084,-0.1773,-0.1475,-0.1265,-0.1218,-0.1473,-0.2341,-0.3858,-0.4438,-0.4564,-0.5808,-0.6728,-0.684,-0.5355,-0.3875,-0.2745,-0.1286,0.1422,0.6062,0.7025,0.1504,-0.1688,-0.4392,-0.7927,-1.1513,-1.2858,-1.1816,-1.0066,-0.8527,-0.2739,-0.2734,-0.2713,-0.2666,-0.2588,-0.2472,-0.2317,-0.2131,-0.1936,-0.1771,-0.1686,-0.1742,-0.2018,-0.258,-0.3296,-0.3808,-0.4286,-0.5074,-0.5879,-0.5981,-0.5052,-0.4168,-0.3484,-0.2462,-0.1145,-0.0949,-0.4051,-0.4033,-0.3552,-0.4745,-0.7289,-1.0092,-1.1355,-1.0783,-0.9482,-0.8216,-0.2688,-0.2675,-0.2648,-0.2601,-0.2533,-0.2441,-0.2328,-0.2204,-0.2087,-0.2004,-0.1989,-0.2079,-0.2306,-0.2671,-0.3108,-0.3535,-0.3981,-0.4482,-0.4883,-0.491,-0.461,-0.4516,-0.442,-0.3664,-0.3159,-0.4673,-0.7678,-0.6449,-0.4775,-0.4934,-0.6336,-0.8057,-0.9066,-0.9025,-0.8364,-0.7548,-0.265,-0.2634,-0.2606,-0.2565,-0.2509,-0.244,-0.2361,-0.2283,-0.2217,-0.2184,-0.2205,-0.2299,-0.2479,-0.2739,-0.305,-0.3383,-0.3724,-0.4051,-0.4289,-0.4379,-0.4455,-0.481,-0.4941,-0.4258,-0.3869,-0.4613,-0.5724,-0.5523,-0.4863,-0.4893,-0.5615,-0.6583,-0.728,-0.7459,-0.7219,-0.6779,-0.2624,-0.2607,-0.2583,-0.2549,-0.2506,-0.2456,-0.2404,-0.2357,-0.2325,-0.2321,-0.2359,-0.2448,-0.2593,-0.279,-0.3025,-0.3278,-0.3534,-0.3769,-0.3955,-0.4095,-0.4271,-0.4534,-0.4576,-0.4216,-0.3979,-0.4202,-0.4585,-0.4667,-0.458,-0.4699,-0.5115,-0.5667,-0.6121,-0.6329,-0.6287,-0.6079]}]