docs/data/wind_grid.json
{"header": {"la1":42.1,"la2":41.55,"lo1":12.1,"lo2":12.95,"nx":50,"ny":50,"dx":0.01735,"dy":0.01122,"parameterCategory":2,"parameterNumber":3,"parameterNumberName":"northward_wind","parameterUnit":"m.s-1"}, "data":
[rows 0 to 45 of 50, columns 0 to 49 of 50]
0.5139,0.5165,0.5195,0.5228,0.5264,0.5304,0.5347,0.5392,0.5441,0.5492,0.5544,0.5598,0.5651,0.5704,0.5754,0.5801,0.5843,0.5879,0.5908,0.5928,0.5938,0.5937,0.5924,0.5898,0.5858,0.5803,0.5732,0.5645,0.554,0.5417,0.5277,0.5119,0.4945,0.476,0.4567,0.4373,0.4187,0.4016,0.3868,0.375,0.3664,0.3613,0.3594,0.3602,0.3634,0.3683,0.3744,0.3814,0.3888,0.3963
0.5121,0.5148,0.5178,0.5212,0.5249,0.529,0.5335,0.5383,0.5435,0.5489,0.5545,0.5603,0.5661,0.5718,0.5774,0.5825,0.5872,0.5913,0.5946,0.5969,0.5982,0.5983,0.5971,0.5946,0.5906,0.5849,0.5776,0.5685,0.5575,0.5446,0.5296,0.5126,0.4939,0.4737,0.4525,0.4312,0.4106,0.3917,0.3755,0.3627,0.3538,0.3488,0.3474,0.3491,0.3533,0.3594,0.3667,0.3748,0.3831,0.3916
0.5101,0.5128,0.5159,0.5194,0.5232,0.5275,0.5322,0.5372,0.5427,0.5484,0.5545,0.5607,0.567,0.5733,0.5793,0.585,0.5903,0.5948,0.5985,0.6013,0.6029,0.6032,0.6022,0.5997,0.5957,0.5899,0.5824,0.5729,0.5614,0.5478,0.5319,0.5138,0.4935,0.4715,0.4483,0.4248,0.402,0.3811,0.3633,0.3494,0.3401,0.3353,0.3346,0.3374,0.3429,0.3503,0.3589,0.3681,0.3776,0.387
0.508,0.5107,0.5138,0.5173,0.5213,0.5257,0.5306,0.5359,0.5416,0.5478,0.5543,0.561,0.5678,0.5746,0.5813,0.5876,0.5934,0.5985,0.6027,0.6058,0.6078,0.6084,0.6076,0.6052,0.6011,0.5953,0.5875,0.5777,0.5658,0.5514,0.5346,0.5153,0.4936,0.4697,0.4442,0.4182,0.3929,0.3698,0.3502,0.3352,0.3255,0.321,0.3212,0.3253,0.3322,0.3411,0.3511,0.3617,0.3723,0.3826
0.5057,0.5084,0.5115,0.515,0.5191,0.5236,0.5287,0.5343,0.5404,0.5469,0.5538,0.561,0.5684,0.5759,0.5832,0.5901,0.5966,0.6023,0.607,0.6106,0.613,0.6139,0.6132,0.6109,0.6069,0.6009,0.593,0.5829,0.5705,0.5556,0.5379,0.5174,0.4941,0.4682,0.4404,0.4117,0.3836,0.3579,0.3363,0.3201,0.31,0.306,0.3072,0.3128,0.3214,0.3319,0.3435,0.3554,0.3672,0.3785
0.5032,0.5058,0.5089,0.5125,0.5166,0.5213,0.5265,0.5324,0.5388,0.5457,0.5531,0.5609,0.5689,0.577,0.585,0.5927,0.5998,0.6062,0.6115,0.6157,0.6184,0.6196,0.6192,0.617,0.613,0.6069,0.5989,0.5885,0.5757,0.5602,0.5417,0.5201,0.4953,0.4674,0.437,0.4054,0.3742,0.3456,0.3217,0.3042,0.2937,0.2903,0.2929,0.3002,0.3106,0.323,0.3362,0.3495,0.3625,0.3749
0.5004,0.503,0.5061,0.5097,0.5139,0.5186,0.5241,0.5302,0.5369,0.5442,0.5521,0.5605,0.5692,0.578,0.5868,0.5953,0.6032,0.6102,0.6163,0.6209,0.6241,0.6257,0.6254,0.6234,0.6193,0.6133,0.605,0.5945,0.5813,0.5654,0.5462,0.5236,0.4972,0.4673,0.4344,0.3996,0.3651,0.3332,0.3068,0.2877,0.277,0.2744,0.2785,0.2877,0.3002,0.3145,0.3294,0.3442,0.3584,0.3717
0.4975,0.5,0.503,0.5066,0.5108,0.5156,0.5212,0.5276,0.5346,0.5424,0.5508,0.5598,0.5692,0.5788,0.5884,0.5978,0.6065,0.6144,0.6211,0.6264,0.6301,0.632,0.632,0.63,0.626,0.6198,0.6115,0.6008,0.5874,0.5711,0.5514,0.5279,0.5002,0.4684,0.4328,0.3947,0.3565,0.3211,0.2918,0.2712,0.2602,0.2585,0.2644,0.2757,0.2904,0.3067,0.3233,0.3396,0.3549,0.3691
0.4943,0.4967,0.4996,0.5031,0.5073,0.5123,0.518,0.5245,0.5319,0.5401,0.5491,0.5588,0.5689,0.5794,0.5899,0.6002,0.6099,0.6187,0.6262,0.6322,0.6363,0.6385,0.6387,0.6368,0.6328,0.6267,0.6182,0.6074,0.5939,0.5774,0.5573,0.5332,0.5044,0.4708,0.4327,0.3913,0.3492,0.3099,0.2775,0.255,0.2438,0.2432,0.251,0.2647,0.2816,0.2999,0.3183,0.3359,0.3523,0.3673
0.4909,0.4931,0.4959,0.4994,0.5035,0.5085,0.5143,0.5211,0.5288,0.5374,0.5469,0.5573,0.5683,0.5797,0.5912,0.6025,0.6133,0.623,0.6314,0.6381,0.6428,0.6453,0.6457,0.6439,0.6398,0.6336,0.6251,0.6143,0.6008,0.5842,0.564,0.5395,0.51,0.475,0.4345,0.3898,0.3437,0.3004,0.2646,0.2402,0.2288,0.2293,0.2392,0.2551,0.2743,0.2945,0.3144,0.3332,0.3506,0.3663
0.4872,0.4893,0.4919,0.4952,0.4993,0.5043,0.5102,0.5171,0.5251,0.5341,0.5442,0.5553,0.5671,0.5795,0.5922,0.6047,0.6166,0.6274,0.6367,0.6442,0.6494,0.6523,0.6528,0.651,0.647,0.6407,0.6322,0.6213,0.6079,0.5915,0.5715,0.5471,0.5172,0.4812,0.4388,0.3912,0.3411,0.2935,0.2541,0.2277,0.216,0.2177,0.2296,0.2477,0.2689,0.2908,0.3121,0.3319,0.35,0.3662
0.4833,0.4851,0.4876,0.4907,0.4946,0.4995,0.5055,0.5125,0.5208,0.5302,0.5409,0.5527,0.5655,0.579,0.5928,0.6066,0.6198,0.6318,0.6421,0.6504,0.6561,0.6593,0.66,0.6582,0.6541,0.6477,0.6392,0.6285,0.6153,0.5993,0.5798,0.5559,0.5262,0.4899,0.4462,0.396,0.3423,0.2905,0.2475,0.2188,0.2067,0.2095,0.2231,0.2431,0.266,0.2893,0.3116,0.3321,0.3506,0.3672
0.4791,0.4807,0.4828,0.4858,0.4895,0.4943,0.5002,0.5073,0.5158,0.5257,0.5369,0.5495,0.5632,0.5779,0.593,0.6082,0.6228,0.6361,0.6476,0.6566,0.6629,0.6664,0.6671,0.6652,0.661,0.6547,0.6462,0.6356,0.6229,0.6075,0.5889,0.5659,0.5372,0.5012,0.457,0.4051,0.3483,0.2927,0.2461,0.2152,0.2024,0.2058,0.2207,0.242,0.2661,0.2902,0.313,0.3339,0.3526,0.3692
0.4747,0.4759,0.4778,0.4804,0.4839,0.4885,0.4943,0.5014,0.5101,0.5203,0.5321,0.5455,0.5602,0.5761,0.5926,0.6093,0.6254,0.6402,0.6529,0.6628,0.6696,0.6732,0.6739,0.672,0.6677,0.6613,0.6529,0.6427,0.6305,0.6161,0.5987,0.5773,0.5502,0.5155,0.4718,0.4192,0.3603,0.3015,0.2516,0.2183,0.2045,0.2078,0.2231,0.245,0.2694,0.2937,0.3166,0.3374,0.3559,0.3723
0.47,0.4709,0.4723,0.4746,0.4778,0.4821,0.4877,0.4948,0.5036,0.5141,0.5264,0.5406,0.5564,0.5735,0.5916,0.6099,0.6277,0.6441,0.6581,0.6688,0.6759,0.6796,0.6802,0.6783,0.674,0.6676,0.6594,0.6495,0.638,0.6248,0.6092,0.5899,0.5652,0.5328,0.4908,0.4387,0.3789,0.3178,0.2652,0.2295,0.214,0.2164,0.2311,0.2525,0.2764,0.3002,0.3224,0.3426,0.3607,0.3766
0.4651,0.4655,0.4665,0.4683,0.4711,0.475,0.4804,0.4873,0.4961,0.5069,0.5197,0.5346,0.5515,0.57,0.5896,0.6097,0.6294,0.6476,0.6629,0.6744,0.6817,0.6851,0.6856,0.6838,0.6797,0.6735,0.6654,0.656,0.6454,0.6337,0.6203,0.6037,0.5822,0.553,0.5139,0.4638,0.4044,0.3424,0.2877,0.2495,0.2318,0.2321,0.245,0.2647,0.287,0.3094,0.3305,0.3496,0.3668,0.3819
0.4599,0.4598,0.4603,0.4616,0.4639,0.4673,0.4723,0.479,0.4877,0.4986,0.5119,0.5275,0.5454,0.5653,0.5866,0.6087,0.6304,0.6505,0.6673,0.6794,0.6865,0.6894,0.6897,0.6883,0.6847,0.6788,0.6711,0.6622,0.6527,0.6427,0.6318,0.6186,0.601,0.5761,0.541,0.4941,0.4367,0.3749,0.319,0.2784,0.2577,0.2548,0.2646,0.2814,0.3012,0.3214,0.3406,0.3583,0.3742,0.3883
0.4545,0.4539,0.4538,0.4544,0.456,0.4589,0.4633,0.4696,0.4781,0.4891,0.5028,0.5191,0.5381,0.5593,0.5824,0.6065,0.6305,0.6527,0.671,0.6838,0.6901,0.6919,0.6922,0.6918,0.6891,0.6837,0.6763,0.668,0.6596,0.6517,0.6438,0.6345,0.6215,0.6016,0.5715,0.5289,0.4747,0.4144,0.3579,0.3151,0.2908,0.2837,0.2891,0.302,0.3184,0.3357,0.3526,0.3684,0.3827,0.3956
0.4489,0.4476,0.4469,0.4468,0.4476,0.4498,0.4535,0.4593,0.4674,0.4783,0.4923,0.5093,0.5292,0.5519,0.5767,0.603,0.6294,0.654,0.6743,0.6876,0.6927,0.6923,0.6929,0.6946,0.6933,0.6884,0.6812,0.6734,0.6663,0.6607,0.6561,0.6512,0.6433,0.6291,0.6045,0.567,0.5167,0.4587,0.4025,0.3576,0.3293,0.3173,0.3177,0.3258,0.3381,0.3521,0.3662,0.3797,0.3922,0.4036
0.4431,0.4412,0.4396,0.4387,0.4387,0.4399,0.4428,0.4478,0.4554,0.4661,0.4802,0.4978,0.5188,0.5427,0.5693,0.5978,0.6269,0.6543,0.6771,0.6917,0.6955,0.6923,0.6938,0.6982,0.698,0.693,0.6857,0.6784,0.6727,0.6695,0.6686,0.6684,0.6661,0.6577,0.6389,0.6067,0.5606,0.5054,0.4497,0.4031,0.3709,0.3538,0.3487,0.3518,0.3597,0.3699,0.381,0.392,0.4026,0.4124
0.4372,0.4345,0.4321,0.4302,0.4292,0.4293,0.4311,0.4352,0.4421,0.4524,0.4666,0.4847,0.5066,0.5319,0.5601,0.5908,0.6226,0.6534,0.6798,0.6973,0.7024,0.698,0.7,0.7053,0.7041,0.6979,0.69,0.683,0.6787,0.6781,0.6811,0.6859,0.6892,0.6866,0.6733,0.6459,0.6039,0.5514,0.4968,0.4488,0.4132,0.3913,0.3809,0.3789,0.3822,0.3886,0.3965,0.405,0.4135,0.4216
0.4312,0.4277,0.4243,0.4214,0.4192,0.418,0.4185,0.4214,0.4273,0.437,0.4511,0.4697,0.4926,0.5192,0.549,0.5816,0.6163,0.651,0.6822,0.7057,0.7181,0.7196,0.7195,0.718,0.7119,0.703,0.694,0.6871,0.6841,0.6862,0.6932,0.703,0.7118,0.7145,0.706,0.6827,0.6441,0.5942,0.5408,0.4921,0.4539,0.4278,0.4127,0.4059,0.405,0.4077,0.4125,0.4184,0.4247,0.4311
0.4252,0.4207,0.4164,0.4123,0.4087,0.4061,0.405,0.4063,0.4109,0.4198,0.4337,0.4529,0.477,0.5049,0.536,0.5702,0.6074,0.6463,0.6837,0.7159,0.7413,0.7559,0.7501,0.7349,0.7206,0.7079,0.6974,0.6906,0.689,0.6938,0.7046,0.7191,0.7328,0.7399,0.7352,0.7149,0.6791,0.6316,0.5797,0.5311,0.4912,0.462,0.4429,0.4321,0.4273,0.4265,0.4284,0.4318,0.4361,0.4408
0.4191,0.4138,0.4083,0.4029,0.3978,0.3935,0.3906,0.39,0.3929,0.4006,0.4142,0.4342,0.4597,0.4892,0.5214,0.5566,0.5957,0.6386,0.6826,0.7243,0.7619,0.7856,0.7756,0.7497,0.728,0.7116,0.6998,0.6932,0.693,0.7003,0.7147,0.7332,0.7509,0.7614,0.7591,0.741,0.7073,0.6622,0.6123,0.5646,0.524,0.4928,0.4708,0.4566,0.4485,0.4447,0.4439,0.4451,0.4474,0.4505
0.4132,0.4069,0.4003,0.3935,0.3868,0.3805,0.3754,0.3725,0.3732,0.3792,0.3924,0.4134,0.4411,0.4728,0.5061,0.5413,0.581,0.6268,0.6767,0.7263,0.7706,0.7958,0.7855,0.7571,0.732,0.7135,0.701,0.6948,0.696,0.7056,0.7228,0.7444,0.7648,0.7773,0.7766,0.7599,0.7281,0.6855,0.6381,0.592,0.5518,0.5196,0.4957,0.479,0.4683,0.4619,0.4588,0.4579,0.4585,0.4601
0.4074,0.4001,0.3923,0.3841,0.3756,0.3673,0.3596,0.3539,0.3517,0.3555,0.3678,0.3902,0.4213,0.4565,0.4912,0.5254,0.5637,0.6104,0.6644,0.7192,0.7654,0.7891,0.781,0.7559,0.7314,0.7128,0.7006,0.6953,0.6979,0.7092,0.7284,0.7518,0.7736,0.787,0.7869,0.7713,0.7415,0.7016,0.6572,0.6135,0.5745,0.5423,0.5174,0.4991,0.4863,0.4779,0.4728,0.4701,0.4691,0.4693
0.4018,0.3936,0.3846,0.3749,0.3646,0.3539,0.3435,0.3344,0.3286,0.3292,0.34,0.3642,0.4004,0.4414,0.4786,0.5109,0.5454,0.5903,0.6456,0.7025,0.7485,0.7711,0.7669,0.7474,0.7263,0.7095,0.6986,0.6945,0.6985,0.711,0.7311,0.7551,0.7769,0.7901,0.7902,0.7756,0.748,0.7113,0.6703,0.6295,0.5925,0.561,0.5358,0.5166,0.5024,0.4925,0.4858,0.4816,0.4793,0.4782
0.3966,0.3874,0.3773,0.3662,0.354,0.3409,0.3274,0.3144,0.3042,0.3003,0.3084,0.3342,0.3779,0.4286,0.4706,0.5002,0.5284,0.5683,0.6218,0.6784,0.7235,0.7466,0.747,0.734,0.7177,0.7039,0.695,0.6925,0.6976,0.7108,0.7309,0.7542,0.775,0.7874,0.7874,0.774,0.7489,0.7155,0.6782,0.6408,0.6061,0.576,0.5512,0.5316,0.5167,0.5056,0.4977,0.4923,0.4888,0.4866
0.3917,0.3817,0.3705,0.358,0.3439,0.3285,0.3118,0.2946,0.279,0.2691,0.2723,0.2988,0.3528,0.4188,0.4691,0.4957,0.5154,0.5476,0.5964,0.6505,0.6945,0.719,0.7244,0.7176,0.7066,0.6965,0.6902,0.6894,0.6955,0.7087,0.728,0.7497,0.7687,0.7799,0.7798,0.7677,0.7453,0.7155,0.682,0.648,0.616,0.5877,0.5638,0.5443,0.529,0.5172,0.5084,0.5021,0.4976,0.4946
0.3873,0.3766,0.3644,0.3506,0.3349,0.3171,0.2973,0.2759,0.2543,0.2368,0.2324,0.2567,0.3226,0.4112,0.4748,0.4983,0.5082,0.5311,0.573,0.6228,0.665,0.6911,0.701,0.7,0.694,0.6878,0.6842,0.6852,0.692,0.705,0.7228,0.7424,0.7593,0.769,0.7689,0.7582,0.7385,0.7123,0.6826,0.652,0.6229,0.5966,0.5738,0.5549,0.5395,0.5274,0.518,0.5109,0.5057,0.5019
0.3835,0.3721,0.3591,0.3442,0.327,0.3073,0.2847,0.2592,0.2318,0.2059,0.191,0.2085,0.2849,0.4027,0.4843,0.5054,0.506,0.5198,0.5541,0.5982,0.6379,0.665,0.6785,0.6822,0.6809,0.6783,0.6774,0.6801,0.6875,0.6998,0.716,0.7333,0.7479,0.7562,0.756,0.7468,0.7297,0.7069,0.6807,0.6536,0.6272,0.603,0.5817,0.5635,0.5484,0.5362,0.5265,0.5189,0.5131,0.5087
0.3803,0.3684,0.3547,0.3389,0.3207,0.2994,0.2746,0.2458,0.2135,0.1799,0.154,0.1605,0.2413,0.3873,0.4887,0.5101,0.5053,0.5127,0.54,0.5781,0.6145,0.6416,0.6577,0.6653,0.6678,0.6685,0.67,0.6742,0.682,0.6936,0.7081,0.7231,0.7355,0.7426,0.7423,0.7345,0.7198,0.7001,0.6772,0.6532,0.6296,0.6075,0.5876,0.5704,0.5558,0.5437,0.5339,0.526,0.5198,0.515
0.3777,0.3654,0.3513,0.335,0.316,0.2938,0.2676,0.2368,0.2013,0.1628,0.1292,0.1259,0.2034,0.3623,0.4777,0.5051,0.502,0.5073,0.5296,0.5623,0.5951,0.6214,0.6391,0.6495,0.6551,0.6586,0.6623,0.6677,0.6758,0.6867,0.6995,0.7124,0.7229,0.7288,0.7286,0.7219,0.7094,0.6924,0.6726,0.6514,0.6303,0.6103,0.592,0.5758,0.5619,0.5501,0.5403,0.5322,0.5258,0.5206
0.3758,0.3634,0.349,0.3325,0.3132,0.2906,0.264,0.2328,0.1967,0.1573,0.1225,0.1167,0.187,0.3352,0.4513,0.4891,0.494,0.5016,0.5214,0.5498,0.5793,0.6044,0.6228,0.6351,0.6432,0.649,0.6544,0.6608,0.669,0.6792,0.6906,0.7016,0.7105,0.7155,0.7152,0.7096,0.699,0.6844,0.6672,0.6487,0.6299,0.6119,0.5951,0.58,0.5668,0.5554,0.5457,0.5377,0.5311,0.5257
0.3746,0.3622,0.3478,0.3313,0.3122,0.2899,0.2639,0.2337,0.1994,0.1633,0.1336,0.1322,0.1946,0.3173,0.4214,0.4674,0.4826,0.4949,0.5142,0.5397,0.5664,0.5901,0.6087,0.6223,0.6321,0.6396,0.6464,0.6536,0.662,0.6715,0.6816,0.6911,0.6987,0.7028,0.7026,0.6978,0.6888,0.6764,0.6615,0.6453,0.6286,0.6124,0.5971,0.5831,0.5706,0.5597,0.5504,0.5424,0.5358,0.5303
0.3741,0.3618,0.3477,0.3316,0.313,0.2916,0.267,0.239,0.2085,0.1783,0.1568,0.162,0.216,0.3114,0.398,0.4468,0.4703,0.4875,0.5076,0.5313,0.5558,0.5781,0.5965,0.6108,0.6218,0.6307,0.6385,0.6464,0.6547,0.6636,0.6727,0.681,0.6875,0.6909,0.6908,0.6868,0.6791,0.6685,0.6556,0.6414,0.6267,0.6121,0.5982,0.5853,0.5737,0.5633,0.5543,0.5465,0.5399,0.5343
0.3743,0.3622,0.3486,0.333,0.3154,0.2953,0.2728,0.248,0.2222,0.1988,0.1855,0.1955,0.241,0.314,0.3839,0.431,0.4592,0.4803,0.5014,0.524,0.5469,0.568,0.586,0.6007,0.6125,0.6222,0.6309,0.6391,0.6474,0.6559,0.6641,0.6714,0.6769,0.68,0.6799,0.6765,0.67,0.6608,0.6497,0.6373,0.6243,0.6112,0.5986,0.5868,0.5759,0.5661,0.5575,0.55,0.5434,0.5379
0.3751,0.3634,0.3504,0.3357,0.3192,0.3008,0.2806,0.2593,0.2384,0.2215,0.2148,0.2273,0.2652,0.3214,0.3776,0.4206,0.4506,0.474,0.4959,0.5178,0.5394,0.5594,0.577,0.5917,0.604,0.6143,0.6235,0.632,0.6402,0.6482,0.6557,0.6623,0.6671,0.6698,0.6698,0.6669,0.6614,0.6536,0.6439,0.6331,0.6216,0.6099,0.5985,0.5876,0.5775,0.5684,0.5601,0.5529,0.5465,0.541
0.3764,0.3653,0.353,0.3392,0.3241,0.3076,0.29,0.2722,0.2559,0.2442,0.2422,0.2555,0.2869,0.331,0.3766,0.4149,0.4447,0.469,0.4911,0.5125,0.5331,0.5521,0.5691,0.5838,0.5962,0.6069,0.6164,0.625,0.6332,0.6408,0.6478,0.6537,0.658,0.6604,0.6605,0.6581,0.6534,0.6467,0.6383,0.6288,0.6186,0.6082,0.5979,0.588,0.5786,0.57,0.5623,0.5553,0.5491,0.5437
0.3783,0.3678,0.3562,0.3436,0.3299,0.3153,0.3003,0.2857,0.2733,0.2658,0.2668,0.2799,0.3061,0.3416,0.3791,0.4128,0.4412,0.4653,0.4873,0.508,0.5277,0.5459,0.5623,0.5767,0.5892,0.6,0.6096,0.6183,0.6263,0.6336,0.6402,0.6456,0.6495,0.6517,0.6519,0.6499,0.646,0.6402,0.6329,0.6246,0.6156,0.6063,0.5969,0.5879,0.5793,0.5713,0.5639,0.5573,0.5513,0.5461
0.3806,0.3708,0.3601,0.3486,0.3363,0.3236,0.3109,0.2993,0.2902,0.2857,0.2886,0.301,0.3231,0.3522,0.3836,0.4133,0.4396,0.463,0.4843,0.5043,0.5231,0.5406,0.5564,0.5704,0.5828,0.5936,0.6033,0.6119,0.6198,0.6268,0.6329,0.638,0.6416,0.6437,0.644,0.6424,0.639,0.6341,0.6278,0.6205,0.6125,0.6041,0.5957,0.5875,0.5795,0.5721,0.5652,0.5589,0.5532,0.5481
0.3833,0.3742,0.3644,0.354,0.3431,0.3322,0.3217,0.3125,0.306,0.3038,0.3078,0.3193,0.3382,0.3626,0.3892,0.4154,0.4396,0.4617,0.4822,0.5014,0.5193,0.536,0.5512,0.5648,0.577,0.5877,0.5973,0.6058,0.6135,0.6203,0.6261,0.6308,0.6343,0.6363,0.6367,0.6354,0.6326,0.6283,0.6228,0.6164,0.6093,0.6019,0.5943,0.5868,0.5795,0.5726,0.5661,0.5601,0.5547,0.5498
0.3863,0.3779,0.369,0.3597,0.3502,0.3409,0.3323,0.3252,0.3207,0.3201,0.3247,0.3354,0.3518,0.3725,0.3954,0.4186,0.4407,0.4614,0.4809,0.4991,0.5162,0.5321,0.5467,0.5599,0.5717,0.5823,0.5917,0.6001,0.6075,0.6141,0.6197,0.6242,0.6275,0.6294,0.6299,0.6289,0.6265,0.6229,0.6181,0.6125,0.6062,0.5996,0.5927,0.5859,0.5792,0.5728,0.5667,0.5611,0.5559,0.5512
0.3895,0.3818,0.3738,0.3656,0.3574,0.3495,0.3425,0.3371,0.3342,0.3348,0.3397,0.3495,0.3639,0.3818,0.4018,0.4224,0.4426,0.4619,0.4801,0.4974,0.5137,0.5288,0.5428,0.5555,0.5669,0.5772,0.5864,0.5946,0.6019,0.6082,0.6136,0.6179,0.6211,0.623,0.6236,0.6229,0.6209,0.6178,0.6137,0.6087,0.6032,0.5972,0.591,0.5848,0.5786,0.5727,0.5671,0.5618,0.5568,0.5523
0.393,0.386,0.3788,0.3715,0.3645,0.3579,0.3523,0.3483,0.3466,0.348,0.3531,0.3621,0.3749,0.3906,0.4082,0.4266,0.445,0.4628,0.48,0.4962,0.5116,0.526,0.5393,0.5515,0.5626,0.5726,0.5816,0.5896,0.5966,0.6027,0.6079,0.612,0.6151,0.617,0.6177,0.6173,0.6156,0.613,0.6094,0.6051,0.6001,0.5948,0.5892,0.5836,0.5779,0.5725,0.5672,0.5622,0.5576,0.5533
0.3965,0.3902,0.3838,0.3775,0.3715,0.366,0.3616,0.3587,0.358,0.3599,0.365,0.3734,0.3848,0.3988,0.4144,0.431,0.4477,0.4642,0.4802,0.4955,0.51,0.5236,0.5363,0.548,0.5587,0.5684,0.577,0.5848,0.5916,0.5975,0.6025,0.6065,0.6095,0.6115,0.6123,0.612,0.6107,0.6085,0.6054,0.6016,0.5972,0.5924,0.5874,0.5822,0.5771,0.572,0.5671,0.5625,0.5581,0.554
