docs/data/wind_grid.json
[{"header":{"la1":42.85,"la2":41.18,"lo1":11.55,"lo2":14.05,"nx":36,"ny":24,"dx":0.07143,"dy":0.07261,"parameterCategory":2,"parameterNumber":2,"parameterNumberName":"eastward_wind","parameterUnit":"m.s-1"},"data":[5.0615,5.061,5.0591,5.0556,5.0501,5.0421,5.031,5.0161,4.9967,4.9723,4.9432,4.9102,4.874,4.8354,4.7948,4.7518,4.7058,4.6559,4.6018,4.545,4.4907,4.4472,4.4221,4.4168,4.4263,4.4431,4.4612,4.4772,4.4898,4.4988,4.5047,4.5082,4.5098,4.5101,4.5097,4.5088,5.0767,5.0776,5.0771,5.0749,5.0708,5.0644,5.0547,5.0405,5.0204,4.9935,4.9604,4.9223,4.8809,4.8374,4.7921,4.7446,4.6932,4.6355,4.5686,4.4922,4.4134,4.3501,4.3202,4.3262,4.3547,4.3898,4.4217,4.4469,4.4651,4.4774,4.4851,4.4894,4.4914,4.4918,4.4912,4.4903,5.0925,5.0951,5.0962,5.0958,5.0936,5.0895,5.0825,5.0706,5.0505,5.0205,4.9814,4.9363,4.8882,4.8388,4.789,4.7378,4.6829,4.6192,4.5384,4.4323,4.3068,4.2008,4.1644,4.1998,4.2665,4.3314,4.3822,4.418,4.4418,4.4568,4.4656,4.4702,4.472,4.4721,4.4713,4.4701,5.109,5.1135,5.1166,5.1179,5.1178,5.117,5.1152,5.1088,5.0907,5.0559,5.0073,4.9518,4.8946,4.8383,4.784,4.7312,4.6768,4.6138,4.5254,4.3809,4.1629,3.9545,3.9144,4.0285,4.1687,4.2764,4.3482,4.3935,4.4212,4.4374,4.4462,4.4502,4.4513,4.4507,4.4493,4.4477,5.1256,5.1328,5.1381,5.1412,5.1427,5.1457,5.1524,5.1588,5.1474,5.1037,5.0381,4.967,4.8977,4.8328,4.7742,4.7222,4.6752,4.6274,4.5573,4.3898,4.0128,3.5598,3.5488,3.8457,4.0919,4.2413,4.3273,4.3765,4.4042,4.4191,4.4264,4.4289,4.4287,4.4269,4.4247,4.4225,5.1421,5.1529,5.1616,5.1661,5.1674,5.1722,5.1898,5.2219,5.2286,5.164,5.0691,4.9777,4.8937,4.8174,4.7528,4.7044,4.6728,4.6599,4.6611,4.5456,4.0511,3.3241,3.3619,3.8051,4.092,4.2441,4.3246,4.3675,4.39,4.4009,4.4051,4.4052,4.4031,4.3999,4.3965,4.3938,5.1573,5.1735,5.1887,5.1954,5.1921,5.1925,5.2136,5.2697,5.3015,5.2065,5.0852,4.9785,4.8786,4.7842,4.7065,4.6618,4.654,4.6814,4.765,4.7302,4.351,3.8997,3.8148,4.0164,4.1853,4.2834,4.3358,4.3626,4.3754,4.3802,4.3804,4.3776,4.3732,4.3683,4.3638,4.3603,5.1684,5.1917,5.221,5.236,5.2185,5.2063,5.2165,5.2451,5.2541,5.1803,5.0776,4.9702,4.8521,4.7224,4.6052,4.5568,4.5909,4.6518,4.7014,4.6616,4.5308,4.4045,4.2851,4.2703,4.3025,4.3306,4.346,4.3527,4.3546,4.3533,4.3496,4.344,4.3373,4.3306,4.3249,4.321,5.1711,5.1968,5.2449,5.2857,5.2342,5.2132,5.2238,5.2243,5.2012,5.1497,5.0723,4.9664,4.8253,4.6269,4.3791,4.2874,4.4478,4.6003,4.6537,4.6299,4.6007,4.5774,4.4831,4.4133,4.3753,4.3512,4.335,4.3255,4.3203,4.316,4.3102,4.3025,4.2936,4.285,4.278,4.2738,5.1636,5.1749,5.1967,5.2123,5.1699,5.2082,5.2605,5.2612,5.2073,5.1529,5.0895,4.9809,4.8265,4.5548,3.9465,3.6257,4.2507,4.5882,4.6848,4.6679,4.6195,4.596,4.5387,4.4583,4.3799,4.318,4.2816,4.2678,4.2656,4.2646,4.26,4.251,4.2398,4.2289,4.2207,4.2166,5.1531,5.1414,5.0937,4.968,5.0013,5.2113,5.3574,5.374,5.2067,5.1231,5.1184,5.0121,4.8774,4.6755,4.0772,3.6297,4.3575,4.702,4.7959,4.7656,4.6966,4.6324,4.5494,4.4307,4.298,4.197,4.1583,4.1659,4.1861,4.1984,4.1981,4.1878,4.173,4.1589,4.1493,4.1461,5.1508,5.1333,5.0792,4.9797,5.0309,5.2977,5.5523,5.684,5.4377,5.221,5.1587,5.0516,4.9402,4.8639,4.7474,4.6039,4.7423,4.9588,5.0109,4.9044,4.7875,4.674,4.5318,4.3277,4.083,3.9218,3.9266,4.0121,4.0857,4.1215,4.1255,4.1106,4.0889,4.0696,4.0585,4.0578,5.1588,5.1532,5.1382,5.134,5.2168,5.4243,5.7124,5.9895,5.7841,5.3988,5.2029,5.119,5.0185,4.8942,4.8738,4.8379,4.9314,5.2707,5.2839,5.0182,4.8498,4.698,4.4955,4.1582,3.6737,3.3935,3.5682,3.8309,3.986,4.0441,4.0437,4.0147,3.9791,3.9517,3.94,3.9453,5.1709,5.1789,5.1921,5.2264,5.3089,5.4551,5.6539,5.8365,5.7188,5.396,5.2192,5.2023,5.1748,4.7794,4.8726,4.7435,4.9128,5.1561,5.1838,5.0196,4.8559,4.6996,4.4802,4.0429,3.2692,2.8254,3.2762,3.7243,3.9274,3.9777,3.9493,3.8886,3.8282,3.7895,3.7809,3.7998,5.1804,5.1961,5.2195,5.2585,5.3214,5.409,5.5036,5.5501,5.467,5.3163,5.2243,5.1728,5.0903,5.0944,4.9285,4.7472,5.3972,5.186,5.1154,4.9705,4.7664,4.6496,4.5152,4.1609,3.5302,3.1542,3.4667,3.8045,3.9351,3.921,3.8278,3.7077,3.607,3.5566,3.5623,3.6107,5.1849,5.2027,5.2264,5.2588,5.3007,5.3471,5.3831,5.3834,5.3345,5.2744,5.2693,5.2096,5.1767,5.1243,5.0849,5.1546,5.3812,5.2809,5.2013,4.9233,4.4324,4.47,4.5684,4.4021,4.0982,3.8989,3.9341,4.0077,3.9827,3.8528,3.6486,3.4268,3.2635,3.2101,3.2593,3.3683,5.1846,5.2015,5.222,5.2463,5.2729,5.2971,5.3106,5.305,5.2817,5.2612,5.267,5.2423,5.2892,5.3214,5.2495,5.2798,5.3607,5.4926,5.5473,5.1345,4.4059,4.4856,4.6713,4.6088,4.4747,4.3805,4.3193,4.2143,4.0287,3.748,3.3713,2.972,2.7114,2.6912,2.8501,3.0734,5.1809,5.1959,5.2126,5.2306,5.2481,5.2621,5.2691,5.2669,5.2585,5.2521,5.2531,5.2678,5.3364,5.3757,5.4505,5.5346,5.5794,5.9358,6.3521,5.7197,5.1466,4.9291,4.8678,4.7773,4.7135,4.7308,4.6744,4.4155,4.0591,3.6042,2.9743,2.2579,1.847,1.9619,2.3525,2.7579,5.1751,5.1881,5.2018,5.2155,5.2281,5.2381,5.2441,5.2461,5.2464,5.2493,5.2597,5.2864,5.3422,5.462,5.8243,5.9835,5.7506,5.9888,6.2615,6.0815,5.6469,5.2833,5.0607,4.9004,4.8647,5.1155,5.1609,4.5852,4.0437,3.4593,2.5535,1.3689,0.7666,1.1772,1.9018,2.5065,5.1682,5.1795,5.191,5.2021,5.2124,5.221,5.2277,5.2331,5.2391,5.2488,5.2669,5.3013,5.3681,5.511,5.7917,5.8943,5.7647,5.9199,6.3841,6.5906,5.9272,5.4911,5.2171,4.9726,4.8327,5.1157,5.1949,4.3485,3.8875,3.3847,2.4311,1.0164,0.3159,0.8939,1.7594,2.431,5.1609,5.1708,5.1807,5.1904,5.1995,5.2078,5.2155,5.2233,5.233,5.2469,5.2689,5.3054,5.3663,5.4647,5.5874,5.6535,5.684,5.8273,6.1146,6.1914,5.872,5.6409,5.4433,5.0805,4.6239,4.1189,3.3303,3.4116,3.6203,3.4241,2.7722,1.7448,1.1521,1.439,2.0398,2.5713,5.1532,5.1621,5.171,5.1798,5.1883,5.1966,5.205,5.2144,5.2259,5.2416,5.2642,5.2973,5.3449,5.4078,5.4754,5.5308,5.587,5.6785,5.7883,5.822,5.8145,5.975,5.9778,5.3799,4.565,3.5748,2.5322,3.0006,3.5619,3.5705,3.239,2.6755,2.2645,2.2665,2.5297,2.8469,5.1455,5.1536,5.1617,5.1698,5.178,5.1862,5.195,5.205,5.2171,5.2328,5.2536,5.2814,5.3173,5.3601,5.4053,5.4493,5.4961,5.5521,5.6112,5.6744,5.8412,6.2845,6.4341,5.6532,4.7204,3.8975,3.3807,3.5278,3.7684,3.7415,3.5565,3.252,2.9918,2.9082,2.987,3.1458,5.1377,5.1451,5.1526,5.1602,5.1679,5.176,5.1847,5.1946,5.2063,5.2208,5.2389,5.2614,5.2885,5.319,5.3512,5.3838,5.4178,5.4552,5.4991,5.569,5.7239,5.9831,6.0031,5.493,4.8156,4.2392,3.8876,3.7965,3.8049,3.7907,3.7041,3.5484,3.3981,3.3213,3.3324,3.4056]},{"header":{"la1":42.85,"la2":41.18,"lo1":11.55,"lo2":14.05,"nx":36,"ny":24,"dx":0.07143,"dy":0.07261,"parameterCategory":2,"parameterNumber":3,"parameterNumberName":"northward_wind","parameterUnit":"m.s-1"},"data":[0.3435,0.3506,0.3577,0.3645,0.3709,0.3766,0.3808,0.3825,0.3808,0.3754,0.3665,0.3545,0.3398,0.3219,0.3002,0.274,0.2429,0.2068,0.1666,0.1244,0.085,0.0549,0.0398,0.0413,0.0561,0.0794,0.1068,0.1356,0.1643,0.1923,0.2194,0.2453,0.27,0.2933,0.3153,0.3357,0.3506,0.3595,0.3684,0.3771,0.3858,0.3944,0.4018,0.4061,0.4052,0.3987,0.3875,0.3732,0.3565,0.3366,0.3123,0.2821,0.2449,0.2,0.1472,0.0881,0.029,-0.0168,-0.0365,-0.0278,0.0003,0.0373,0.0762,0.1139,0.1495,0.183,0.2145,0.2442,0.2721,0.2982,0.3224,0.3448,0.3591,0.3704,0.3814,0.3922,0.4036,0.4165,0.4296,0.439,0.4396,0.4302,0.4142,0.396,0.3771,0.3559,0.3296,0.2956,0.2522,0.1981,0.1304,0.0462,-0.0484,-0.1254,-0.1508,-0.1229,-0.0684,-0.0094,0.0449,0.0932,0.1364,0.1756,0.2118,0.2454,0.2767,0.3057,0.3324,0.3568,0.3697,0.3845,0.3982,0.4107,0.4245,0.4432,0.4672,0.4882,0.4923,0.4751,0.448,0.4228,0.4018,0.3809,0.3541,0.3171,0.268,0.2063,0.126,0.0094,-0.1524,-0.3,-0.3287,-0.2491,-0.145,-0.0551,0.0171,0.0762,0.1266,0.1714,0.2121,0.2497,0.2845,0.3165,0.3458,0.3722,0.3834,0.4043,0.4222,0.4353,0.4483,0.4728,0.5172,0.5676,0.5817,0.5421,0.4883,0.4511,0.4303,0.4137,0.3895,0.3501,0.295,0.2303,0.1535,0.0142,-0.2611,-0.5696,-0.5785,-0.3823,-0.2086,-0.0879,-0.0015,0.0656,0.1216,0.1711,0.2162,0.2578,0.2962,0.3315,0.3634,0.3919,0.4011,0.4342,0.462,0.4745,0.4765,0.4978,0.5726,0.6948,0.7411,0.636,0.5257,0.475,0.4619,0.4581,0.4425,0.4015,0.3356,0.2688,0.2326,0.1267,-0.2464,-0.7267,-0.7042,-0.4232,-0.2231,-0.0957,-0.0066,0.0629,0.1221,0.1753,0.2245,0.2704,0.3128,0.3515,0.3862,0.4168,0.4211,0.479,0.5361,0.5537,0.5199,0.5041,0.5892,0.8085,0.9195,0.6975,0.5297,0.4853,0.4977,0.5223,0.5275,0.4873,0.3984,0.3057,0.312,0.2703,-0.0913,-0.4091,-0.4547,-0.3166,-0.1813,-0.0791,0.0002,0.0669,0.1272,0.1838,0.2376,0.2882,0.3352,0.3778,0.4155,0.4481,0.4333,0.5314,0.6676,0.7322,0.605,0.4828,0.504,0.6588,0.7368,0.5698,0.467,0.4781,0.5419,0.6198,0.6743,0.6457,0.5132,0.3494,0.2543,0.1249,-0.1764,-0.2878,-0.2682,-0.2047,-0.1272,-0.0549,0.0106,0.0729,0.1345,0.1957,0.2555,0.3123,0.3648,0.4119,0.4528,0.4874,0.4149,0.5384,0.7888,1.0054,0.6785,0.4139,0.3541,0.3643,0.3493,0.3121,0.352,0.4604,0.5978,0.7614,0.9432,0.9672,0.721,0.4366,0.2068,-0.0803,-0.4903,-0.4444,-0.25,-0.1551,-0.0945,-0.0415,0.0133,0.0741,0.1405,0.2099,0.2788,0.3442,0.4038,0.4562,0.5005,0.5365,0.3497,0.4186,0.5596,0.654,0.365,0.2447,0.2055,0.1384,0.0067,-0.0183,0.201,0.4452,0.661,0.9097,1.3827,1.6237,0.9781,0.5186,0.2313,-0.0499,-0.352,-0.3471,-0.2039,-0.1283,-0.0893,-0.0539,-0.0049,0.0619,0.1415,0.2261,0.3093,0.3867,0.4554,0.5139,0.5615,0.5983,0.2623,0.2347,0.1093,-0.2459,-0.2091,0.0571,0.1057,0.0208,-0.3137,-0.4968,0.0712,0.4644,0.7416,0.9789,1.3639,1.6476,0.9253,0.4742,0.2316,0.0572,-0.0889,-0.143,-0.1313,-0.1232,-0.1269,-0.1159,-0.0644,0.0257,0.1347,0.2462,0.3509,0.4446,0.5247,0.59,0.6402,0.6762,0.197,0.1309,-0.0243,-0.2685,-0.2229,0.0163,0.0837,0.0621,-0.1119,-0.2289,0.1741,0.5397,0.8646,1.2103,1.1175,0.9053,0.5928,0.2621,0.1134,0.0586,-0.0172,-0.0791,-0.1214,-0.1739,-0.2466,-0.2771,-0.1979,-0.044,0.1232,0.2771,0.4116,0.5258,0.6192,0.6912,0.7424,0.7747,0.1668,0.1128,0.0299,-0.0454,-0.0215,0.0594,0.0943,0.1042,0.0868,0.1087,0.3233,0.6405,0.8622,1.3237,1.128,0.6612,0.3911,-0.043,-0.0907,-0.0078,-0.0644,-0.1279,-0.1813,-0.2841,-0.4894,-0.6128,-0.4304,-0.1337,0.1264,0.3352,0.5047,0.6424,0.75,0.8274,0.876,0.8997,0.1583,0.1238,0.0852,0.06,0.0655,0.0862,0.0976,0.1012,0.1017,0.1393,0.302,0.7547,0.8961,0.5895,0.6085,0.5182,0.3604,0.0791,-0.0317,-0.0921,-0.2219,-0.2883,-0.2909,-0.3814,-0.7314,-0.994,-0.6283,-0.1572,0.1898,0.4458,0.6481,0.8105,0.9331,1.013,1.052,1.058,0.1575,0.1352,0.1139,0.0995,0.0949,0.0948,0.0921,0.084,0.0614,0.0142,0.0002,0.1575,0.254,-0.0402,0.3611,0.4712,0.0052,0.0834,-0.0439,-0.3079,-0.649,-0.6741,-0.4599,-0.3714,-0.5688,-0.7501,-0.4301,0.0146,0.3613,0.632,0.8604,1.0517,1.192,1.2687,1.2848,1.2573,0.1581,0.1418,0.1263,0.1135,0.1032,0.0925,0.0766,0.0461,-0.0253,-0.2085,-0.5944,-0.4103,-0.1792,0.0372,0.1605,0.1553,-0.0004,0.009,-0.1565,-0.6759,-1.6601,-1.4211,-0.6645,-0.2856,-0.1783,-0.1251,0.0822,0.369,0.6389,0.8961,1.1551,1.3948,1.5636,1.6254,1.5918,1.5031,0.1583,0.1446,0.1309,0.1174,0.1033,0.0858,0.0598,0.0144,-0.0751,-0.2604,-0.5487,-0.4012,-0.3398,-0.3401,-0.0755,-0.008,-0.0127,-0.0588,-0.1893,-0.6736,-1.8094,-1.5028,-0.6189,-0.1097,0.199,0.4309,0.6256,0.79,0.9686,1.2117,1.5361,1.8815,2.1072,2.1242,1.9855,1.791,0.1581,0.1455,0.1323,0.1179,0.1013,0.0802,0.0503,0.0044,-0.0676,-0.1694,-0.2575,-0.2716,-0.3663,-0.4001,-0.329,-0.3247,-0.1736,-0.1066,-0.117,-0.2686,-0.6407,-0.6367,-0.2504,0.1813,0.6102,0.9978,1.1834,1.2057,1.2839,1.528,1.9851,2.5567,2.8913,2.7852,2.444,2.09,0.158,0.146,0.1328,0.1179,0.1004,0.0784,0.0493,0.01,-0.0415,-0.1006,-0.1527,-0.1961,-0.2596,-0.3722,-0.7909,-0.9839,-0.3671,-0.1057,-0.0484,0.0208,-0.0935,-0.1055,0.102,0.4789,1.0047,1.5714,1.7111,1.5428,1.5299,1.7744,2.4002,3.3295,3.8183,3.4685,2.8487,2.3264,0.1584,0.1467,0.1337,0.119,0.1016,0.0806,0.0544,0.0221,-0.0162,-0.0579,-0.1,-0.1466,-0.217,-0.3692,-0.715,-0.8144,-0.3597,-0.0519,0.2113,0.3146,0.1312,0.1314,0.3074,0.6596,1.1907,1.7286,1.841,1.7475,1.6965,1.8811,2.5309,3.6291,4.1944,3.7134,2.9826,2.4071,0.1594,0.1482,0.1357,0.1215,0.1051,0.0859,0.0631,0.0365,0.0063,-0.0265,-0.0622,-0.1047,-0.1649,-0.2604,-0.3755,-0.3733,-0.2019,-0.0097,0.1555,0.2133,0.1774,0.2111,0.3543,0.6819,1.2051,1.7711,2.2273,2.0856,1.8013,1.8288,2.267,3.0494,3.5135,3.2683,2.7592,2.3027,0.1614,0.1508,0.1389,0.1257,0.1106,0.0935,0.0739,0.0518,0.0274,0.0009,-0.0281,-0.0616,-0.1022,-0.1488,-0.1818,-0.1624,-0.0816,0.0217,0.11,0.1592,0.1732,0.1542,0.197,0.5444,1.1402,1.8906,2.6042,2.2414,1.7103,1.6421,1.8778,2.303,2.6137,2.5946,2.3619,2.0834,0.1643,0.1543,0.1433,0.1312,0.1177,0.1027,0.0861,0.0679,0.0482,0.0272,0.005,-0.0186,-0.0427,-0.0631,-0.0691,-0.0485,0.0002,0.0631,0.1228,0.1654,0.1669,0.0676,0.0257,0.4014,0.9804,1.5661,1.9245,1.7129,1.3831,1.4175,1.5935,1.8327,2.0252,2.074,1.9913,1.8434,0.168,0.1588,0.1488,0.138,0.1261,0.1132,0.0993,0.0844,0.0689,0.0529,0.0369,0.0217,0.0089,0.0019,0.0062,0.0261,0.0618,0.1075,0.1549,0.1935,0.2035,0.1661,0.1922,0.457,0.8629,1.2452,1.4606,1.4329,1.3325,1.3604,1.4601,1.5864,1.6941,1.7385,1.7114,1.6342]}]