docs/data/wind_grid.json
{"header": {"la1":42.1,"la2":41.55,"lo1":12.1,"lo2":12.95,"nx":50,"ny":50,"dx":0.01735,"dy":0.01122,"parameterCategory":2,"parameterNumber":3,"parameterNumberName":"northward_wind","parameterUnit":"m.s-1"}, "data":
[rows 0 to 39 of 50, columns 0 to 49 of 50]
-3.1638,-3.1697,-3.1764,-3.1839,-3.1923,-3.2017,-3.212,-3.2234,-3.2357,-3.2489,-3.263,-3.2777,-3.293,-3.3085,-3.3239,-3.3389,-3.353,-3.3658,-3.3769,-3.3859,-3.3923,-3.3959,-3.3965,-3.3937,-3.3876,-3.3779,-3.3648,-3.348,-3.3276,-3.3035,-3.2756,-3.2442,-3.2095,-3.1723,-3.1333,-3.0941,-3.0561,-3.0212,-2.9909,-2.9666,-2.949,-2.9384,-2.9342,-2.9358,-2.942,-2.9518,-2.964,-2.9778,-2.9924,-3.0072
-3.1592,-3.1651,-3.1718,-3.1794,-3.188,-3.1976,-3.2083,-3.2201,-3.233,-3.247,-3.262,-3.2778,-3.2943,-3.3111,-3.3279,-3.3444,-3.36,-3.3743,-3.3867,-3.3969,-3.4042,-3.4085,-3.4093,-3.4066,-3.4003,-3.3902,-3.3763,-3.3586,-3.3369,-3.3112,-3.2814,-3.2475,-3.2098,-3.1691,-3.1262,-3.0828,-3.0406,-3.0019,-2.9686,-2.9422,-2.9237,-2.9133,-2.9102,-2.9136,-2.922,-2.9342,-2.9488,-2.9649,-2.9816,-2.9982
-3.1543,-3.1601,-3.1667,-3.1744,-3.1831,-3.193,-3.204,-3.2163,-3.2298,-3.2446,-3.2605,-3.2775,-3.2952,-3.3135,-3.3319,-3.35,-3.3673,-3.3833,-3.3972,-3.4086,-3.417,-3.422,-3.4232,-3.4206,-3.414,-3.4034,-3.3888,-3.3701,-3.3471,-3.3198,-3.288,-3.2516,-3.2108,-3.1662,-3.1191,-3.0709,-3.0241,-2.9811,-2.9443,-2.9157,-2.8963,-2.8862,-2.8846,-2.8902,-2.9012,-2.9161,-2.9334,-2.952,-2.9709,-2.9895
-3.149,-3.1547,-3.1613,-3.169,-3.1778,-3.1878,-3.1992,-3.2119,-3.2261,-3.2416,-3.2585,-3.2767,-3.2958,-3.3157,-3.3358,-3.3558,-3.375,-3.3927,-3.4084,-3.4213,-3.4308,-3.4366,-3.4383,-3.4357,-3.4288,-3.4177,-3.4022,-3.3825,-3.3583,-3.3294,-3.2956,-3.2566,-3.2126,-3.164,-3.1121,-3.0588,-3.0066,-2.9588,-2.9181,-2.887,-2.8667,-2.8573,-2.8575,-2.8657,-2.8797,-2.8978,-2.918,-2.9393,-2.9605,-2.9812
-3.1433,-3.1488,-3.1554,-3.163,-3.1719,-3.182,-3.1937,-3.2068,-3.2216,-3.238,-3.2559,-3.2753,-3.2959,-3.3175,-3.3396,-3.3616,-3.3829,-3.4027,-3.4203,-3.4349,-3.4458,-3.4524,-3.4545,-3.452,-3.4447,-3.4329,-3.4167,-3.3959,-3.3705,-3.3401,-3.3043,-3.2628,-3.2154,-3.1627,-3.1057,-3.0467,-2.9886,-2.9352,-2.8901,-2.8563,-2.8352,-2.8266,-2.8291,-2.8404,-2.8579,-2.8794,-2.9029,-2.927,-2.9507,-2.9734
-3.1372,-3.1425,-3.1489,-3.1565,-3.1653,-3.1756,-3.1875,-3.201,-3.2164,-3.2335,-3.2525,-3.2732,-3.2954,-3.3189,-3.343,-3.3674,-3.3911,-3.4133,-3.4331,-3.4496,-3.462,-3.4696,-3.4722,-3.4695,-3.4618,-3.4493,-3.4321,-3.4103,-3.3837,-3.3519,-3.3143,-3.2703,-3.2197,-3.1627,-3.1003,-3.035,-2.9702,-2.9106,-2.8606,-2.8238,-2.8019,-2.7945,-2.7998,-2.8147,-2.8361,-2.8614,-2.8884,-2.9155,-2.9418,-2.9665
-3.1307,-3.1358,-3.142,-3.1494,-3.1582,-3.1685,-3.1805,-3.1944,-3.2103,-3.2282,-3.2483,-3.2703,-3.2942,-3.3197,-3.3462,-3.373,-3.3994,-3.4244,-3.4468,-3.4655,-3.4796,-3.4883,-3.4913,-3.4885,-3.4802,-3.4667,-3.4485,-3.4256,-3.3979,-3.3648,-3.3257,-3.2795,-3.2258,-3.1645,-3.0965,-3.0244,-2.9523,-2.8857,-2.8301,-2.79,-2.7674,-2.7616,-2.7701,-2.7891,-2.8149,-2.8443,-2.8749,-2.9051,-2.9338,-2.9606
-3.1238,-3.1287,-3.1346,-3.1417,-3.1504,-3.1607,-3.1728,-3.1869,-3.2033,-3.2219,-3.243,-3.2665,-3.2922,-3.3198,-3.3488,-3.3785,-3.408,-3.436,-3.4614,-3.4827,-3.4987,-3.5086,-3.512,-3.5089,-3.4997,-3.4852,-3.4658,-3.4418,-3.4131,-3.379,-3.3386,-3.2906,-3.2341,-3.1687,-3.095,-3.0157,-2.9356,-2.8612,-2.7994,-2.7557,-2.7324,-2.7287,-2.7409,-2.7645,-2.7949,-2.8286,-2.8629,-2.8961,-2.9273,-2.9559
-3.1166,-3.121,-3.1266,-3.1335,-3.1419,-3.152,-3.1641,-3.1784,-3.1952,-3.2145,-3.2366,-3.2615,-3.2891,-3.319,-3.3508,-3.3836,-3.4165,-3.4481,-3.4769,-3.5012,-3.5196,-3.5309,-3.5346,-3.5309,-3.5206,-3.5046,-3.4839,-3.4588,-3.4292,-3.3944,-3.3531,-3.3039,-3.2451,-3.1759,-3.0967,-3.0101,-2.9214,-2.8385,-2.7698,-2.7221,-2.6983,-2.6968,-2.7132,-2.7417,-2.777,-2.8149,-2.8528,-2.8889,-2.9224,-2.9528
-3.1089,-3.1129,-3.118,-3.1245,-3.1326,-3.1425,-3.1545,-3.1689,-3.1859,-3.2059,-3.229,-3.2552,-3.2847,-3.3171,-3.3518,-3.3882,-3.425,-3.4607,-3.4935,-3.5214,-3.5424,-3.5552,-3.5591,-3.5546,-3.5427,-3.525,-3.5026,-3.4764,-3.4461,-3.4109,-3.3694,-3.3195,-3.2592,-3.187,-3.1027,-3.0089,-2.9113,-2.8192,-2.743,-2.691,-2.6666,-2.6677,-2.6884,-2.7219,-2.762,-2.8041,-2.8454,-2.8841,-2.9195,-2.9513
-3.1008,-3.1043,-3.1089,-3.1149,-3.1225,-3.1321,-3.1438,-3.1582,-3.1754,-3.1958,-3.2198,-3.2474,-3.2788,-3.3137,-3.3517,-3.3919,-3.4331,-3.4735,-3.511,-3.5431,-3.5674,-3.5819,-3.5859,-3.58,-3.566,-3.546,-3.5217,-3.4943,-3.4635,-3.4285,-3.3874,-3.3378,-3.277,-3.2028,-3.1142,-3.0136,-2.9071,-2.8055,-2.7212,-2.6646,-2.6395,-2.6432,-2.6683,-2.7066,-2.7511,-2.7969,-2.8411,-2.8819,-2.9188,-2.9517
-3.0923,-3.0952,-3.0992,-3.1046,-3.1117,-3.1208,-3.1321,-3.1462,-3.1635,-3.1842,-3.209,-3.2379,-3.2711,-3.3087,-3.3501,-3.3944,-3.4405,-3.4863,-3.5293,-3.5665,-3.5947,-3.6113,-3.6151,-3.6072,-3.5903,-3.5674,-3.5409,-3.5122,-3.4813,-3.447,-3.4072,-3.359,-3.2989,-3.224,-3.1325,-3.026,-2.9112,-2.8,-2.7075,-2.6459,-2.6198,-2.6257,-2.6547,-2.6972,-2.7454,-2.7942,-2.8404,-2.8828,-2.9207,-2.9543
-3.0834,-3.0857,-3.089,-3.0937,-3.1001,-3.1085,-3.1193,-3.133,-3.15,-3.171,-3.1962,-3.2263,-3.2614,-3.3015,-3.3465,-3.3953,-3.4468,-3.4987,-3.5482,-3.5916,-3.6246,-3.6436,-3.647,-3.6362,-3.6154,-3.5888,-3.5597,-3.5297,-3.499,-3.4662,-3.4287,-3.3832,-3.3254,-3.2515,-3.1588,-3.0481,-2.926,-2.8059,-2.7051,-2.6382,-2.6106,-2.6179,-2.6496,-2.6951,-2.7459,-2.7965,-2.844,-2.8871,-2.9254,-2.9591
-3.0742,-3.0757,-3.0782,-3.0821,-3.0877,-3.0953,-3.1053,-3.1184,-3.135,-3.1558,-3.1814,-3.2124,-3.2491,-3.2919,-3.3404,-3.394,-3.4513,-3.51,-3.5671,-3.618,-3.6571,-3.6792,-3.6816,-3.6669,-3.6408,-3.6096,-3.5775,-3.5465,-3.5164,-3.4859,-3.4519,-3.4104,-3.3568,-3.2859,-3.1942,-3.0814,-2.9539,-2.826,-2.7175,-2.645,-2.615,-2.6222,-2.6551,-2.7018,-2.7535,-2.8046,-2.8522,-2.8951,-2.933,-2.9662
-3.0647,-3.0653,-3.067,-3.0699,-3.0745,-3.0811,-3.0902,-3.1024,-3.1183,-3.1387,-3.1643,-3.1959,-3.2341,-3.2792,-3.3314,-3.3898,-3.4533,-3.5195,-3.5851,-3.6451,-3.6921,-3.7182,-3.7191,-3.6986,-3.6657,-3.629,-3.5937,-3.5619,-3.5332,-3.5059,-3.4766,-3.4409,-3.3932,-3.3277,-3.2394,-3.1272,-2.9968,-2.8632,-2.7478,-2.6696,-2.6358,-2.6409,-2.6725,-2.7182,-2.7688,-2.8187,-2.865,-2.9067,-2.9435,-2.9756
-3.0549,-3.0546,-3.0552,-3.0571,-3.0605,-3.0659,-3.0739,-3.0849,-3.0999,-3.1195,-3.1447,-3.1765,-3.2158,-3.263,-3.3186,-3.3819,-3.4518,-3.5259,-3.601,-3.6716,-3.7288,-3.7604,-3.7591,-3.7305,-3.6889,-3.6459,-3.6075,-3.5754,-3.549,-3.526,-3.5029,-3.4746,-3.4349,-3.3769,-3.2949,-3.1862,-3.0559,-2.9189,-2.798,-2.7138,-2.6747,-2.6752,-2.7027,-2.7448,-2.792,-2.8389,-2.8827,-2.9221,-2.9569,-2.9874
-3.0448,-3.0435,-3.0431,-3.0437,-3.0459,-3.0499,-3.0564,-3.0661,-3.0797,-3.0981,-3.1226,-3.1541,-3.1938,-3.2428,-3.3014,-3.3694,-3.4455,-3.5276,-3.6125,-3.6952,-3.7653,-3.8047,-3.8001,-3.7606,-3.7084,-3.659,-3.6181,-3.5866,-3.5635,-3.5462,-3.5307,-3.5116,-3.4818,-3.4337,-3.3603,-3.2581,-3.1308,-2.9931,-2.8683,-2.778,-2.7318,-2.725,-2.7455,-2.7812,-2.8229,-2.8651,-2.9048,-2.9409,-2.973,-3.0012
-3.0345,-3.0322,-3.0305,-3.0299,-3.0306,-3.0331,-3.0379,-3.0459,-3.0577,-3.0746,-3.0976,-3.1283,-3.1679,-3.2179,-3.2791,-3.3513,-3.4333,-3.5228,-3.6169,-3.7119,-3.7976,-3.8481,-3.839,-3.785,-3.7213,-3.6665,-3.6246,-3.5952,-3.5766,-3.5663,-3.56,-3.5517,-3.5337,-3.4974,-3.4349,-3.3415,-3.2198,-3.0838,-2.9565,-2.8602,-2.8053,-2.7887,-2.7995,-2.8264,-2.8605,-2.8964,-2.931,-2.9629,-2.9916,-3.017
-3.0242,-3.0207,-3.0178,-3.0157,-3.0148,-3.0155,-3.0185,-3.0244,-3.0342,-3.0489,-3.07,-3.099,-3.1377,-3.1879,-3.2508,-3.3266,-3.4138,-3.5096,-3.6108,-3.7158,-3.8174,-3.8827,-3.868,-3.7975,-3.7242,-3.667,-3.6265,-3.6008,-3.5882,-3.5863,-3.5908,-3.5949,-3.5903,-3.5673,-3.517,-3.4338,-3.3194,-3.1868,-3.0583,-2.9559,-2.8914,-2.8633,-2.8625,-2.8788,-2.9038,-2.9321,-2.9606,-2.9876,-3.0123,-3.0345
-3.0137,-3.0091,-3.0048,-3.0012,-2.9986,-2.9974,-2.9983,-3.0018,-3.0091,-3.0212,-3.0397,-3.0662,-3.103,-3.1522,-3.2158,-3.2944,-3.3861,-3.4868,-3.5918,-3.7001,-3.811,-3.891,-3.8715,-3.7889,-3.7136,-3.6595,-3.6236,-3.6036,-3.5985,-3.6064,-3.6229,-3.6409,-3.6508,-3.6418,-3.6042,-3.5315,-3.4249,-3.2964,-3.1673,-3.0594,-2.9851,-2.9448,-2.9315,-2.9361,-2.9511,-2.9711,-2.9928,-3.0143,-3.0347,-3.0533
-3.0033,-2.9974,-2.9918,-2.9866,-2.9821,-2.9789,-2.9774,-2.9784,-2.9828,-2.9918,-3.0069,-3.0301,-3.0638,-3.1107,-3.1736,-3.2538,-3.3493,-3.4539,-3.5594,-3.6615,-3.763,-3.8429,-3.8256,-3.7509,-3.6882,-3.6443,-3.6163,-3.6039,-3.6075,-3.6263,-3.6561,-3.6888,-3.7137,-3.7187,-3.6931,-3.6299,-3.5303,-3.4059,-3.2769,-3.1643,-3.0809,-3.0288,-3.003,-2.9959,-3.0006,-3.012,-3.0267,-3.0425,-3.0582,-3.0731
-2.993,-2.9859,-2.9788,-2.9719,-2.9656,-2.9602,-2.9562,-2.9544,-2.9556,-2.961,-2.9722,-2.991,-3.0202,-3.0632,-3.1237,-3.2041,-3.3028,-3.4114,-3.5166,-3.6058,-3.6752,-3.7223,-3.7207,-3.6865,-3.6515,-3.6235,-3.6058,-3.6021,-3.6155,-3.646,-3.6895,-3.7374,-3.777,-3.7949,-3.7794,-3.7238,-3.6298,-3.5089,-3.3805,-3.2645,-3.1736,-3.1112,-3.0741,-3.0559,-3.0508,-3.0537,-3.0614,-3.0714,-3.0825,-3.0936
-2.9829,-2.9745,-2.966,-2.9574,-2.9492,-2.9415,-2.9349,-2.9301,-2.9279,-2.9294,-2.9361,-2.9497,-2.973,-3.0099,-3.0657,-3.1445,-3.2459,-3.3602,-3.4682,-3.5479,-3.5842,-3.5874,-3.6029,-3.6166,-3.6117,-3.6001,-3.5932,-3.599,-3.6223,-3.6647,-3.722,-3.7843,-3.8373,-3.866,-3.8582,-3.8079,-3.7178,-3.6,-3.473,-3.3553,-3.2591,-3.1886,-3.1418,-3.114,-3.0999,-3.095,-3.096,-3.1005,-3.1069,-3.1143
-2.9731,-2.9635,-2.9535,-2.9433,-2.933,-2.9231,-2.9139,-2.906,-2.9003,-2.8977,-2.8994,-2.907,-2.9229,-2.9516,-2.9996,-3.0742,-3.1775,-3.2998,-3.4172,-3.5003,-3.5282,-3.5175,-3.5336,-3.5644,-3.5765,-3.5772,-3.58,-3.5947,-3.6279,-3.6815,-3.7515,-3.8265,-3.8906,-3.9274,-3.9244,-3.8772,-3.7899,-3.6753,-3.5509,-3.4336,-3.3345,-3.2584,-3.2043,-3.1685,-3.1466,-3.1348,-3.1297,-3.129,-3.1312,-3.1349
-2.9637,-2.9528,-2.9414,-2.9296,-2.9174,-2.9052,-2.8934,-2.8826,-2.8734,-2.8667,-2.8633,-2.8643,-2.8716,-2.8893,-2.9261,-2.9927,-3.0961,-3.2282,-3.3619,-3.4617,-3.5044,-3.5043,-3.5123,-3.5346,-3.549,-3.5564,-3.5668,-3.5896,-3.6317,-3.6952,-3.7756,-3.8606,-3.9326,-3.9742,-3.9738,-3.9282,-3.8436,-3.733,-3.6127,-3.4978,-3.3985,-3.3193,-3.26,-3.2182,-3.1901,-3.1723,-3.1619,-3.1566,-3.1547,-3.1552
-2.9547,-2.9427,-2.93,-2.9166,-2.9026,-2.8883,-2.874,-2.8602,-2.8477,-2.8372,-2.829,-2.8234,-2.8209,-2.8251,-2.8463,-2.9004,-3.0006,-3.1427,-3.2967,-3.4205,-3.4868,-3.5031,-3.5068,-3.5169,-3.5276,-3.5379,-3.554,-3.5837,-3.6332,-3.7044,-3.7922,-3.8834,-3.9596,-4.0031,-4.0035,-3.9594,-3.8782,-3.7729,-3.6584,-3.5479,-3.4505,-3.3706,-3.3085,-3.2624,-3.2296,-3.207,-3.1921,-3.1827,-3.1773,-3.1747
-2.9463,-2.9332,-2.9193,-2.9044,-2.8887,-2.8724,-2.8558,-2.8394,-2.824,-2.8102,-2.798,-2.7862,-2.7734,-2.7615,-2.7626,-2.799,-2.8919,-3.0419,-3.2164,-3.3655,-3.4556,-3.4889,-3.4958,-3.5005,-3.5083,-3.5205,-3.5412,-3.5765,-3.6316,-3.7078,-3.7994,-3.8927,-3.9694,-4.0127,-4.0131,-3.9711,-3.8946,-3.7962,-3.689,-3.5847,-3.4912,-3.4124,-3.3494,-3.3008,-3.2647,-3.2384,-3.2199,-3.2071,-3.1987,-3.1933
-2.9385,-2.9245,-2.9094,-2.8932,-2.876,-2.8579,-2.8393,-2.8207,-2.8029,-2.7865,-2.7714,-2.755,-2.732,-2.7015,-2.678,-2.6924,-2.7746,-2.9294,-3.1212,-3.2927,-3.4044,-3.4556,-3.4722,-3.4793,-3.4883,-3.5032,-3.5281,-3.5678,-3.6266,-3.7049,-3.7966,-3.8884,-3.9626,-4.0039,-4.0045,-3.9656,-3.8953,-3.805,-3.7065,-3.6096,-3.5214,-3.4454,-3.383,-3.3335,-3.2952,-3.2664,-3.2451,-3.2296,-3.2186,-3.2108
-2.9314,-2.9166,-2.9005,-2.8832,-2.8647,-2.8451,-2.8248,-2.8044,-2.7848,-2.767,-2.7507,-2.7317,-2.6998,-2.6487,-2.597,-2.5876,-2.6584,-2.8152,-3.0186,-3.2067,-3.3371,-3.4065,-3.4369,-3.4521,-3.466,-3.4852,-3.5141,-3.5573,-3.6179,-3.6958,-3.7846,-3.8717,-3.9413,-3.9799,-3.981,-3.9463,-3.8833,-3.8022,-3.713,-3.6244,-3.5424,-3.4704,-3.4099,-3.3605,-3.3214,-3.2909,-3.2676,-3.25,-3.2368,-3.2271
-2.9251,-2.9096,-2.8927,-2.8745,-2.8549,-2.8341,-2.8125,-2.7907,-2.7701,-2.7519,-2.7364,-2.718,-2.6799,-2.6071,-2.5256,-2.4951,-2.5578,-2.7141,-2.9217,-3.1184,-3.2625,-3.3484,-3.3939,-3.4201,-3.4414,-3.4659,-3.499,-3.5448,-3.6057,-3.6811,-3.7648,-3.8454,-3.9092,-3.9448,-3.9468,-3.917,-3.8619,-3.7903,-3.7108,-3.6308,-3.5556,-3.4884,-3.4306,-3.3824,-3.3433,-3.312,-3.2873,-3.2682,-3.2534,-3.2421
-2.9197,-2.9036,-2.8861,-2.8671,-2.8467,-2.825,-2.8025,-2.78,-2.7589,-2.7412,-2.7282,-2.714,-2.6743,-2.5814,-2.4728,-2.4291,-2.4881,-2.6407,-2.8433,-3.0392,-3.1901,-3.2886,-3.3479,-3.3855,-3.4151,-3.4456,-3.4826,-3.5302,-3.5904,-3.6619,-3.7393,-3.8126,-3.8702,-3.9027,-3.9058,-3.8811,-3.834,-3.7719,-3.702,-3.6306,-3.5624,-3.5004,-3.446,-3.3997,-3.3612,-3.3298,-3.3044,-3.2842,-3.2683,-3.2557
-2.9151,-2.8985,-2.8806,-2.8611,-2.8402,-2.818,-2.795,-2.7721,-2.7511,-2.7345,-2.7247,-2.7171,-2.6814,-2.5762,-2.451,-2.403,-2.4596,-2.6024,-2.7907,-2.9767,-3.1271,-3.2329,-3.3028,-3.3505,-3.3883,-3.4245,-3.4651,-3.5139,-3.5724,-3.6395,-3.7101,-3.7759,-3.8275,-3.8572,-3.8616,-3.8418,-3.8023,-3.7491,-3.6883,-3.6253,-3.564,-3.5073,-3.4567,-3.4128,-3.3756,-3.3445,-3.319,-3.2982,-3.2814,-3.268
-2.9113,-2.8946,-2.8763,-2.8566,-2.8355,-2.8131,-2.79,-2.7671,-2.7465,-2.731,-2.7239,-2.7217,-2.6933,-2.5911,-2.4673,-2.4209,-2.4712,-2.5971,-2.7641,-2.9334,-3.0769,-3.1848,-3.2615,-3.3172,-3.3618,-3.4031,-3.4467,-3.4961,-3.5526,-3.615,-3.679,-3.7378,-3.7838,-3.8109,-3.8165,-3.8013,-3.7687,-3.7237,-3.6713,-3.6161,-3.5615,-3.5101,-3.4635,-3.4223,-3.3867,-3.3565,-3.3312,-3.3102,-3.293,-3.2788
-2.9085,-2.8916,-2.8733,-2.8536,-2.8324,-2.8102,-2.7873,-2.7649,-2.7448,-2.73,-2.7238,-2.7231,-2.7007,-2.6163,-2.512,-2.4706,-2.5108,-2.616,-2.7585,-2.9076,-3.0401,-3.1458,-3.2257,-3.2866,-3.3365,-3.3819,-3.4278,-3.4772,-3.5315,-3.5893,-3.6472,-3.6997,-3.7408,-3.7658,-3.7724,-3.7611,-3.7347,-3.697,-3.6522,-3.6042,-3.5559,-3.5097,-3.467,-3.4287,-3.395,-3.3659,-3.3412,-3.3203,-3.3029,-3.2884
-2.9065,-2.8897,-2.8715,-2.8519,-2.8311,-2.8092,-2.7868,-2.7651,-2.7457,-2.7313,-2.7243,-2.7215,-2.7024,-2.6408,-2.5646,-2.5321,-2.5631,-2.6484,-2.7672,-2.8959,-3.0153,-3.1157,-3.1957,-3.2596,-3.313,-3.3613,-3.4087,-3.4578,-3.5097,-3.5633,-3.6158,-3.6628,-3.6997,-3.7227,-3.7302,-3.7223,-3.7012,-3.67,-3.632,-3.5904,-3.5479,-3.5066,-3.4678,-3.4324,-3.4008,-3.3731,-3.3492,-3.3287,-3.3113,-3.2966
-2.9054,-2.8887,-2.8708,-2.8516,-2.8312,-2.81,-2.7884,-2.7675,-2.7489,-2.7346,-2.7261,-2.7204,-2.7036,-2.6619,-2.6121,-2.5909,-2.6165,-2.6856,-2.784,-2.894,-3.0002,-3.0936,-3.1717,-3.2364,-3.2917,-3.3418,-3.3899,-3.4383,-3.4878,-3.5376,-3.5853,-3.6277,-3.661,-3.6824,-3.6905,-3.6855,-3.6689,-3.6432,-3.6112,-3.5754,-3.5382,-3.5014,-3.4664,-3.4339,-3.4045,-3.3784,-3.3554,-3.3355,-3.3184,-3.3037
-2.9051,-2.8887,-2.8712,-2.8525,-2.8328,-2.8124,-2.7918,-2.7719,-2.7542,-2.74,-2.7303,-2.7225,-2.7083,-2.6813,-2.6517,-2.6416,-2.6652,-2.7226,-2.8047,-2.8987,-2.9925,-3.0782,-3.1528,-3.2168,-3.2727,-3.3234,-3.3716,-3.419,-3.4662,-3.5125,-3.5562,-3.5946,-3.6249,-3.645,-3.6536,-3.651,-3.6382,-3.6173,-3.5904,-3.5597,-3.5273,-3.4947,-3.4632,-3.4336,-3.4064,-3.3819,-3.36,-3.3408,-3.3241,-3.3096
-2.9055,-2.8896,-2.8726,-2.8546,-2.8357,-2.8162,-2.7968,-2.7781,-2.7613,-2.7475,-2.7373,-2.7287,-2.7173,-2.7007,-2.6851,-2.6841,-2.7075,-2.7568,-2.8264,-2.9072,-2.99,-3.0682,-3.1386,-3.2007,-3.256,-3.3065,-3.3542,-3.4002,-3.4452,-3.4885,-3.5286,-3.5637,-3.5916,-3.6105,-3.6195,-3.6188,-3.6093,-3.5924,-3.57,-3.5438,-3.5157,-3.4869,-3.4587,-3.4318,-3.4067,-3.3839,-3.3632,-3.3449,-3.3287,-3.3145
-2.9067,-2.8913,-2.8749,-2.8576,-2.8397,-2.8213,-2.8031,-2.7857,-2.77,-2.7569,-2.7467,-2.7385,-2.73,-2.7205,-2.7145,-2.72,-2.7438,-2.7875,-2.8477,-2.9178,-2.9912,-3.0623,-3.128,-3.1876,-3.2415,-3.2911,-3.3377,-3.3823,-3.425,-3.4656,-3.5028,-3.535,-3.5608,-3.5787,-3.5881,-3.5891,-3.5822,-3.5687,-3.5501,-3.5279,-3.5035,-3.4783,-3.4531,-3.4288,-3.4058,-3.3846,-3.3652,-3.3478,-3.3322,-3.3185
-2.9086,-2.8937,-2.878,-2.8616,-2.8447,-2.8275,-2.8105,-2.7945,-2.78,-2.7679,-2.7584,-2.7511,-2.7452,-2.7408,-2.7411,-2.7512,-2.7753,-2.815,-2.8678,-2.9295,-2.9948,-3.0593,-3.1205,-3.177,-3.229,-3.2772,-3.3224,-3.3653,-3.4059,-3.444,-3.4786,-3.5085,-3.5325,-3.5496,-3.5593,-3.5615,-3.5569,-3.5463,-3.531,-3.5122,-3.4912,-3.4691,-3.4467,-3.4248,-3.4038,-3.3842,-3.3661,-3.3497,-3.3348,-3.3215
