docs/data/wind_grid.json
[{"header":{"la1":42.85,"la2":41.18,"lo1":11.55,"lo2":14.05,"nx":36,"ny":24,"dx":0.07143,"dy":0.07261,"parameterCategory":2,"parameterNumber":2,"parameterNumberName":"eastward_wind","parameterUnit":"m.s-1"},"data":[-1.0847,-1.0948,-1.1058,-1.1174,-1.1291,-1.1401,-1.1493,-1.1558,-1.1594,-1.1614,-1.1647,-1.1728,-1.188,-1.2101,-1.2342,-1.2514,-1.2527,-1.2354,-1.2045,-1.1677,-1.1309,-1.0968,-1.0664,-1.0394,-1.0156,-0.9943,-0.9753,-0.9583,-0.9431,-0.9294,-0.9171,-0.9061,-0.8964,-0.8877,-0.8801,-0.8734,-1.0902,-1.1021,-1.1155,-1.1302,-1.1459,-1.1613,-1.1744,-1.1828,-1.1854,-1.1839,-1.1834,-1.1906,-1.2114,-1.2475,-1.2923,-1.3277,-1.3329,-1.3036,-1.2535,-1.1993,-1.1496,-1.1071,-1.0711,-1.0405,-1.014,-0.9908,-0.9704,-0.9523,-0.9361,-0.9218,-0.909,-0.8977,-0.8877,-0.879,-0.8713,-0.8647,-1.095,-1.1088,-1.125,-1.1439,-1.1653,-1.1879,-1.2085,-1.2216,-1.2229,-1.2139,-1.2037,-1.2054,-1.2308,-1.2869,-1.3677,-1.4388,-1.4501,-1.3937,-1.3092,-1.2295,-1.1647,-1.1135,-1.0725,-1.0387,-1.01,-0.9852,-0.9635,-0.9444,-0.9275,-0.9126,-0.8994,-0.8879,-0.8778,-0.869,-0.8614,-0.8549,-1.0987,-1.1143,-1.1334,-1.157,-1.1863,-1.2206,-1.2558,-1.2809,-1.2821,-1.2581,-1.2272,-1.214,-1.238,-1.3149,-1.4473,-1.581,-1.5994,-1.491,-1.3562,-1.2485,-1.1707,-1.1136,-1.0694,-1.0335,-1.0033,-0.9772,-0.9545,-0.9345,-0.917,-0.9016,-0.8882,-0.8765,-0.8663,-0.8576,-0.8502,-0.844,-1.1008,-1.1177,-1.1392,-1.1675,-1.2057,-1.2569,-1.3192,-1.3741,-1.3818,-1.3276,-1.2551,-1.2123,-1.223,-1.305,-1.4726,-1.6652,-1.6894,-1.5312,-1.3626,-1.2434,-1.1632,-1.1058,-1.0613,-1.0247,-0.9936,-0.9665,-0.9429,-0.9223,-0.9043,-0.8886,-0.875,-0.8633,-0.8533,-0.8448,-0.8377,-0.8318,-1.101,-1.1184,-1.1409,-1.1719,-1.2171,-1.286,-1.3888,-1.508,-1.5429,-1.4263,-1.2798,-1.1943,-1.1801,-1.2392,-1.3765,-1.5386,-1.5656,-1.4425,-1.3079,-1.2109,-1.1431,-1.0916,-1.0492,-1.0128,-0.981,-0.9531,-0.9288,-0.9076,-0.8893,-0.8734,-0.8599,-0.8483,-0.8385,-0.8303,-0.8236,-0.8182,-1.0992,-1.116,-1.1377,-1.1676,-1.2126,-1.287,-1.4171,-1.6115,-1.6954,-1.4891,-1.2668,-1.1496,-1.1125,-1.1368,-1.2117,-1.2991,-1.3282,-1.2862,-1.2236,-1.1675,-1.1192,-1.0756,-1.0354,-0.9987,-0.9657,-0.9368,-0.9117,-0.8901,-0.8716,-0.8558,-0.8424,-0.8311,-0.8217,-0.814,-0.8079,-0.8032,-1.0958,-1.1112,-1.1303,-1.1553,-1.1908,-1.2472,-1.3449,-1.4931,-1.5481,-1.3639,-1.1764,-1.072,-1.0269,-1.0273,-1.0643,-1.1176,-1.1579,-1.1712,-1.1627,-1.139,-1.1046,-1.064,-1.0222,-0.9827,-0.9475,-0.917,-0.8911,-0.8692,-0.8509,-0.8354,-0.8224,-0.8116,-0.8028,-0.7958,-0.7904,-0.7865,-1.0915,-1.1053,-1.1214,-1.1403,-1.1627,-1.1898,-1.2218,-1.2469,-1.2201,-1.1317,-1.0448,-0.9762,-0.9298,-0.917,-0.9445,-1.0044,-1.0745,-1.1309,-1.1566,-1.1469,-1.1105,-1.0612,-1.0104,-0.9642,-0.925,-0.8927,-0.8663,-0.8446,-0.8268,-0.812,-0.7997,-0.7897,-0.7816,-0.7754,-0.7709,-0.768,-1.0868,-1.0995,-1.1138,-1.1291,-1.1439,-1.1537,-1.1476,-1.1048,-1.016,-0.9566,-0.9378,-0.8856,-0.8227,-0.792,-0.826,-0.9251,-1.0577,-1.1755,-1.2301,-1.2095,-1.1436,-1.0665,-0.9966,-0.9398,-0.8959,-0.8623,-0.8362,-0.8157,-0.799,-0.7854,-0.7741,-0.765,-0.7578,-0.7525,-0.7491,-0.7475,-1.0821,-1.0946,-1.1088,-1.1248,-1.1418,-1.1563,-1.156,-1.0979,-0.9102,-0.8266,-0.8801,-0.8103,-0.6997,-0.6228,-0.6719,-0.8542,-1.1114,-1.3547,-1.4403,-1.3502,-1.2018,-1.0696,-0.9712,-0.9028,-0.8561,-0.8236,-0.8,-0.7819,-0.7674,-0.7555,-0.7455,-0.7373,-0.731,-0.7268,-0.7247,-0.7246,-1.0773,-1.0899,-1.1053,-1.1248,-1.1506,-1.1866,-1.2348,-1.2552,-1.0694,-0.9095,-0.874,-0.7522,-0.5778,-0.3839,-0.4591,-0.7925,-1.2654,-1.819,-1.9172,-1.5747,-1.2531,-1.0425,-0.9163,-0.8436,-0.8014,-0.7751,-0.7571,-0.7434,-0.7321,-0.7223,-0.7137,-0.7064,-0.701,-0.6978,-0.6972,-0.699,-1.0716,-1.0844,-1.1007,-1.1229,-1.1556,-1.2082,-1.2952,-1.3991,-1.2929,-1.0503,-0.8758,-0.718,-0.5771,-0.2883,-0.3562,-0.8143,-1.4421,-2.5592,-2.5736,-1.7201,-1.2018,-0.9341,-0.8072,-0.7525,-0.729,-0.7168,-0.7082,-0.7007,-0.6935,-0.6861,-0.6786,-0.6718,-0.6668,-0.6647,-0.6659,-0.6702,-1.0648,-1.0769,-1.0926,-1.1141,-1.1453,-1.193,-1.2622,-1.3317,-1.2638,-1.06,-0.8883,-0.6964,-0.6305,-0.6021,-0.658,-0.9688,-1.3868,-2.0213,-2.079,-1.4182,-0.9207,-0.6834,-0.6218,-0.627,-0.6423,-0.6519,-0.6553,-0.6551,-0.6524,-0.6474,-0.6403,-0.6328,-0.6273,-0.6259,-0.6295,-0.6374,-1.0567,-1.0674,-1.0808,-1.0982,-1.1214,-1.1511,-1.1827,-1.1923,-1.1368,-1.0444,-0.976,-0.8862,-0.7703,-0.6972,-0.8205,-1.2093,-1.5392,-1.3905,-1.2445,-0.819,-0.3531,-0.2373,-0.3621,-0.4843,-0.5542,-0.5869,-0.601,-0.6077,-0.6099,-0.6069,-0.5985,-0.5878,-0.58,-0.5793,-0.5865,-0.5999,-1.0475,-1.0562,-1.0665,-1.0788,-1.0928,-1.1067,-1.1147,-1.1062,-1.0788,-1.0692,-1.1339,-1.0888,-0.9972,-0.8831,-0.9429,-1.1816,-1.3863,-1.1218,-0.8015,-0.2773,0.467,0.3463,-0.1158,-0.3732,-0.4853,-0.5275,-0.545,-0.558,-0.5672,-0.5661,-0.553,-0.5342,-0.5209,-0.5212,-0.5351,-0.5574,-1.0377,-1.0443,-1.0516,-1.0593,-1.0667,-1.0719,-1.072,-1.0652,-1.0582,-1.0743,-1.1275,-1.0955,-1.1391,-1.171,-1.0351,-1.0321,-0.9884,-0.7502,-0.4794,-0.145,0.5716,0.411,-0.0895,-0.35,-0.4473,-0.468,-0.4774,-0.5021,-0.5261,-0.5283,-0.5039,-0.4673,-0.4437,-0.4479,-0.4746,-0.5111,-1.0278,-1.0325,-1.0373,-1.0418,-1.0453,-1.0468,-1.0455,-1.0423,-1.0419,-1.051,-1.0656,-1.081,-1.1686,-1.1887,-1.0732,-1.0133,-0.8336,-0.4135,-0.083,-0.2759,-0.1281,-0.1061,-0.2767,-0.4018,-0.4243,-0.3791,-0.3709,-0.4351,-0.4939,-0.5004,-0.4531,-0.3827,-0.3439,-0.3603,-0.4098,-0.4661,-1.0181,-1.0213,-1.0243,-1.0267,-1.0281,-1.0282,-1.027,-1.0254,-1.0259,-1.0302,-1.0383,-1.053,-1.0784,-1.0866,-1.1297,-1.152,-0.8715,-0.4849,-0.2899,-0.5384,-0.4997,-0.4407,-0.4553,-0.4693,-0.4026,-0.2357,-0.2007,-0.379,-0.4929,-0.4958,-0.4116,-0.2937,-0.2401,-0.2792,-0.3569,-0.4329,-1.0089,-1.0109,-1.0126,-1.0136,-1.0139,-1.0133,-1.0121,-1.0109,-1.0108,-1.0125,-1.0165,-1.0231,-1.032,-1.0473,-1.1001,-1.102,-0.8998,-0.7119,-0.7844,-0.8679,-0.6849,-0.5977,-0.5702,-0.5418,-0.4509,-0.2377,-0.191,-0.4724,-0.5647,-0.5293,-0.4098,-0.262,-0.2021,-0.2525,-0.3413,-0.4235,-1.0002,-1.0013,-1.002,-1.0022,-1.0017,-1.0007,-0.9992,-0.9976,-0.9965,-0.9961,-0.9966,-0.9976,-0.9991,-1.0028,-1.0061,-0.9722,-0.8742,-0.7845,-0.7844,-0.7909,-0.7176,-0.6681,-0.647,-0.6242,-0.6007,-0.6392,-0.852,-0.8266,-0.7054,-0.5973,-0.4665,-0.3342,-0.2752,-0.3051,-0.3733,-0.4422,-0.992,-0.9924,-0.9924,-0.9919,-0.9909,-0.9894,-0.9874,-0.9853,-0.9831,-0.9808,-0.9783,-0.9752,-0.9707,-0.9632,-0.9474,-0.9119,-0.8552,-0.8006,-0.7703,-0.7481,-0.717,-0.6997,-0.6951,-0.6851,-0.7115,-0.8631,-1.0906,-0.9898,-0.7979,-0.6619,-0.5458,-0.4469,-0.3945,-0.398,-0.4347,-0.4808,-0.9844,-0.9842,-0.9836,-0.9826,-0.9811,-0.9791,-0.9766,-0.9737,-0.9705,-0.9666,-0.9619,-0.9557,-0.9471,-0.9343,-0.9141,-0.8835,-0.8442,-0.8046,-0.7721,-0.7448,-0.7203,-0.7077,-0.7069,-0.7075,-0.7394,-0.8329,-0.9275,-0.8976,-0.7939,-0.6939,-0.6076,-0.5379,-0.4956,-0.4856,-0.4998,-0.526,-0.9772,-0.9765,-0.9755,-0.974,-0.972,-0.9696,-0.9666,-0.963,-0.9588,-0.9538,-0.9475,-0.9394,-0.9286,-0.914,-0.8941,-0.8682,-0.8377,-0.8063,-0.7771,-0.7509,-0.7285,-0.7144,-0.7111,-0.717,-0.7393,-0.7815,-0.8165,-0.8081,-0.7615,-0.7026,-0.6457,-0.5982,-0.5662,-0.5528,-0.5555,-0.5687]},{"header":{"la1":42.85,"la2":41.18,"lo1":11.55,"lo2":14.05,"nx":36,"ny":24,"dx":0.07143,"dy":0.07261,"parameterCategory":2,"parameterNumber":3,"parameterNumberName":"northward_wind","parameterUnit":"m.s-1"},"data":[-0.3527,-0.3352,-0.3151,-0.2928,-0.2697,-0.248,-0.231,-0.2218,-0.2225,-0.2324,-0.2484,-0.2658,-0.2807,-0.2908,-0.2965,-0.3,-0.3041,-0.3104,-0.3184,-0.3267,-0.3344,-0.3409,-0.3464,-0.3511,-0.3553,-0.3593,-0.3633,-0.3674,-0.3718,-0.3764,-0.3812,-0.3862,-0.3912,-0.3963,-0.4013,-0.4061,-0.3535,-0.3325,-0.3072,-0.2775,-0.2449,-0.2123,-0.1852,-0.1699,-0.1714,-0.189,-0.2166,-0.2454,-0.2681,-0.2811,-0.2853,-0.2856,-0.2887,-0.2972,-0.309,-0.3208,-0.3307,-0.3384,-0.3445,-0.3493,-0.3536,-0.3577,-0.3618,-0.3662,-0.3709,-0.376,-0.3813,-0.3869,-0.3925,-0.3982,-0.4038,-0.4091,-0.3571,-0.3327,-0.3013,-0.2622,-0.2157,-0.1653,-0.1192,-0.0907,-0.0919,-0.1237,-0.1728,-0.2213,-0.2564,-0.2729,-0.2723,-0.2649,-0.2656,-0.2794,-0.2985,-0.3154,-0.328,-0.3368,-0.3431,-0.3479,-0.352,-0.356,-0.3602,-0.3648,-0.37,-0.3755,-0.3815,-0.3878,-0.3942,-0.4006,-0.4069,-0.4128,-0.365,-0.3377,-0.3003,-0.2501,-0.1849,-0.1059,-0.024,0.0349,0.0382,-0.0213,-0.1118,-0.1942,-0.2484,-0.2693,-0.2599,-0.2372,-0.2345,-0.2596,-0.2901,-0.3129,-0.3275,-0.3365,-0.3423,-0.3466,-0.3503,-0.3541,-0.3583,-0.3632,-0.3689,-0.3751,-0.382,-0.3892,-0.3965,-0.4038,-0.4109,-0.4175,-0.3786,-0.35,-0.3083,-0.2477,-0.1606,-0.0404,0.107,0.2371,0.2596,0.1404,-0.0317,-0.1691,-0.2488,-0.2761,-0.2588,-0.22,-0.2146,-0.2523,-0.2913,-0.3162,-0.3302,-0.3378,-0.3422,-0.3453,-0.3482,-0.3516,-0.3559,-0.3612,-0.3675,-0.3747,-0.3826,-0.391,-0.3995,-0.4079,-0.4159,-0.4234,-0.399,-0.3721,-0.3302,-0.2642,-0.1596,0.0056,0.2518,0.5326,0.6175,0.3653,0.0456,-0.1623,-0.2661,-0.3006,-0.2871,-0.2524,-0.2463,-0.2769,-0.308,-0.3267,-0.336,-0.3401,-0.342,-0.3434,-0.3454,-0.3484,-0.3528,-0.3587,-0.3659,-0.3743,-0.3837,-0.3935,-0.4035,-0.4133,-0.4224,-0.4308,-0.4264,-0.4053,-0.3696,-0.309,-0.2045,-0.0208,0.3,0.7636,0.9578,0.5078,0.0411,-0.2034,-0.3106,-0.3461,-0.3419,-0.3224,-0.3143,-0.3232,-0.3348,-0.3413,-0.3431,-0.3424,-0.341,-0.3404,-0.3412,-0.3438,-0.3485,-0.3553,-0.3638,-0.3739,-0.3852,-0.397,-0.4089,-0.4203,-0.4309,-0.4403,-0.46,-0.4487,-0.4264,-0.3844,-0.3065,-0.1624,0.097,0.4772,0.6232,0.2381,-0.1262,-0.3068,-0.3838,-0.4086,-0.4049,-0.3888,-0.3741,-0.3657,-0.3606,-0.3553,-0.3492,-0.3431,-0.3381,-0.3353,-0.335,-0.3374,-0.3427,-0.3508,-0.3612,-0.3736,-0.3874,-0.4018,-0.4162,-0.4298,-0.442,-0.4526,-0.497,-0.4986,-0.4952,-0.482,-0.4501,-0.3853,-0.2752,-0.15,-0.1353,-0.2591,-0.3734,-0.4389,-0.4715,-0.48,-0.468,-0.4432,-0.417,-0.3964,-0.3805,-0.3662,-0.3526,-0.3408,-0.3321,-0.327,-0.3258,-0.3285,-0.3349,-0.3448,-0.3579,-0.3735,-0.3908,-0.4087,-0.4263,-0.4425,-0.4567,-0.4685,-0.534,-0.5495,-0.567,-0.5861,-0.6044,-0.6167,-0.6143,-0.5975,-0.5931,-0.5914,-0.5636,-0.5508,-0.5563,-0.5582,-0.535,-0.4902,-0.4469,-0.4182,-0.3975,-0.3757,-0.3533,-0.3346,-0.3215,-0.3144,-0.3128,-0.3162,-0.3243,-0.337,-0.3538,-0.3738,-0.3959,-0.4186,-0.4405,-0.46,-0.4764,-0.4893,-0.5669,-0.5949,-0.6317,-0.6806,-0.7451,-0.8245,-0.8974,-0.8903,-0.751,-0.6976,-0.6607,-0.6219,-0.6336,-0.6581,-0.6218,-0.5325,-0.463,-0.4408,-0.4257,-0.3904,-0.3515,-0.3223,-0.3045,-0.296,-0.2947,-0.2996,-0.3102,-0.3267,-0.3486,-0.3749,-0.4038,-0.4331,-0.4606,-0.4843,-0.5031,-0.5167,-0.5921,-0.6294,-0.6802,-0.7514,-0.8527,-0.9958,-1.1776,-1.2859,-1.0071,-0.7763,-0.7008,-0.656,-0.6995,-0.8135,-0.7488,-0.5528,-0.4523,-0.5029,-0.5102,-0.4188,-0.3427,-0.2991,-0.2776,-0.2696,-0.2701,-0.2773,-0.2913,-0.3129,-0.3419,-0.3772,-0.4159,-0.4546,-0.4897,-0.5185,-0.5397,-0.5531,-0.6071,-0.6488,-0.706,-0.7868,-0.9048,-1.0813,-1.339,-1.6047,-1.3811,-0.9226,-0.7008,-0.6775,-0.6998,-0.8695,-0.7943,-0.4605,-0.3519,-0.661,-0.6713,-0.4274,-0.3067,-0.2549,-0.2362,-0.2333,-0.2378,-0.2477,-0.2654,-0.2936,-0.3329,-0.3814,-0.4348,-0.4871,-0.5327,-0.5675,-0.5901,-0.6014,-0.6113,-0.6522,-0.7072,-0.783,-0.89,-1.0422,-1.2454,-1.4352,-1.2798,-0.8376,-0.6156,-0.7164,-0.7484,-0.4307,-0.4425,-0.0937,0.137,-0.3123,-0.4563,-0.3102,-0.2154,-0.176,-0.1753,-0.1864,-0.1966,-0.2079,-0.2284,-0.2649,-0.3194,-0.3884,-0.4643,-0.5372,-0.5973,-0.6386,-0.6603,-0.6656,-0.6056,-0.6415,-0.6876,-0.7473,-0.8241,-0.918,-1.0126,-1.04,-0.875,-0.5765,-0.3863,-0.3904,-0.3759,-0.2142,-0.196,0.6048,1.4904,0.4211,-0.0819,-0.1374,-0.0591,-0.0448,-0.0949,-0.1327,-0.1459,-0.1514,-0.1709,-0.2189,-0.2975,-0.3995,-0.5115,-0.6161,-0.6963,-0.743,-0.7577,-0.7495,-0.5924,-0.6209,-0.655,-0.6948,-0.7384,-0.778,-0.7923,-0.7401,-0.5794,-0.319,-0.0246,-0.1107,-0.1869,-0.2177,-0.0933,0.5146,1.094,0.3693,-0.0671,-0.0575,0.1847,0.1394,-0.0203,-0.0846,-0.082,-0.0621,-0.0726,-0.1397,-0.2602,-0.4168,-0.5874,-0.7423,-0.8498,-0.8958,-0.8906,-0.8559,-0.5746,-0.5951,-0.6172,-0.6394,-0.6575,-0.6629,-0.6407,-0.5709,-0.4391,-0.2465,-0.0443,-0.1044,-0.1087,-0.0846,-0.1247,0.0113,0.0779,-0.1925,-0.4007,-0.1956,0.2017,0.1463,-0.0224,-0.0538,0.0117,0.0999,0.1104,-0.0013,-0.1994,-0.4438,-0.7078,-0.9429,-1.085,-1.1128,-1.0624,-0.9815,-0.5549,-0.5681,-0.5805,-0.5898,-0.592,-0.5808,-0.5481,-0.4862,-0.3941,-0.2857,-0.202,-0.1733,-0.1088,-0.0995,-0.2324,-0.2757,-0.325,-0.6713,-1.0065,-0.5512,-0.1998,-0.1026,-0.1026,-0.0313,0.1634,0.4096,0.4557,0.2194,-0.1192,-0.4856,-0.8823,-1.239,-1.4175,-1.39,-1.2578,-1.1107,-0.5353,-0.5427,-0.548,-0.549,-0.5428,-0.5256,-0.4938,-0.4454,-0.3836,-0.319,-0.2676,-0.2352,-0.2172,-0.2589,-0.4161,-0.475,-0.4459,-0.6699,-0.8418,-0.5767,-0.3999,-0.2766,-0.1852,-0.0239,0.3313,0.8824,0.9903,0.4441,-0.0759,-0.5415,-1.0702,-1.57,-1.772,-1.653,-1.4225,-1.2104,-0.5171,-0.5203,-0.5208,-0.5171,-0.5072,-0.4893,-0.4619,-0.4253,-0.3828,-0.3407,-0.3067,-0.2863,-0.2875,-0.3303,-0.4239,-0.4595,-0.4505,-0.5194,-0.5231,-0.4993,-0.4482,-0.3638,-0.2702,-0.0962,0.2694,0.9111,1.0445,0.276,-0.185,-0.5965,-1.1418,-1.694,-1.9005,-1.7413,-1.4751,-1.2423,-0.5009,-0.5012,-0.4988,-0.4928,-0.4819,-0.4654,-0.4428,-0.4152,-0.3851,-0.3563,-0.3336,-0.3213,-0.3247,-0.3485,-0.3859,-0.4114,-0.4311,-0.4646,-0.4858,-0.483,-0.4606,-0.4419,-0.3975,-0.2694,-0.0865,-0.0522,-0.4707,-0.475,-0.4326,-0.635,-1.0375,-1.4739,-1.6696,-1.5829,-1.3852,-1.1939,-0.4869,-0.4854,-0.4815,-0.4745,-0.464,-0.4495,-0.4312,-0.4102,-0.3883,-0.368,-0.3523,-0.3441,-0.3458,-0.358,-0.3767,-0.3959,-0.416,-0.4385,-0.4569,-0.4694,-0.4989,-0.5719,-0.5858,-0.4612,-0.3717,-0.5629,-0.961,-0.8007,-0.596,-0.6514,-0.8839,-1.1574,-1.3164,-1.3126,-1.2134,-1.0911,-0.4752,-0.4725,-0.4679,-0.4609,-0.4512,-0.4388,-0.4241,-0.4079,-0.3916,-0.3769,-0.3656,-0.3596,-0.3599,-0.3666,-0.3779,-0.392,-0.4081,-0.4259,-0.4454,-0.4742,-0.5398,-0.6606,-0.6947,-0.5633,-0.4801,-0.5647,-0.7081,-0.6857,-0.613,-0.6417,-0.7688,-0.9273,-1.04,-1.0712,-1.0375,-0.973,-0.4654,-0.4621,-0.4573,-0.4506,-0.442,-0.4316,-0.4197,-0.4071,-0.3947,-0.3837,-0.3753,-0.3706,-0.3703,-0.3742,-0.3819,-0.3923,-0.4052,-0.4207,-0.4409,-0.4728,-0.5295,-0.6037,-0.6202,-0.5528,-0.5013,-0.5201,-0.568,-0.5829,-0.5824,-0.6153,-0.6914,-0.7851,-0.8609,-0.8971,-0.8943,-0.8657]}]