docs/data/wind_grid.json
[{"header":{"la1":42.85,"la2":41.18,"lo1":11.55,"lo2":14.05,"nx":36,"ny":24,"dx":0.07143,"dy":0.07261,"parameterCategory":2,"parameterNumber":2,"parameterNumberName":"eastward_wind","parameterUnit":"m.s-1"},"data":[-0.7109,-0.7147,-0.7168,-0.7171,-0.7158,-0.713,-0.7084,-0.7017,-0.6927,-0.6819,-0.6706,-0.6606,-0.6533,-0.6493,-0.6481,-0.648,-0.6467,-0.6411,-0.6285,-0.6084,-0.5836,-0.5603,-0.5447,-0.5388,-0.5405,-0.546,-0.5521,-0.5571,-0.5604,-0.5622,-0.5626,-0.5621,-0.561,-0.5594,-0.5575,-0.5555,-0.7299,-0.7353,-0.7384,-0.7394,-0.7386,-0.7364,-0.7324,-0.7256,-0.7145,-0.6994,-0.683,-0.6686,-0.659,-0.655,-0.656,-0.6599,-0.6628,-0.6591,-0.6429,-0.6112,-0.5688,-0.5293,-0.507,-0.5053,-0.5164,-0.5311,-0.5439,-0.553,-0.5587,-0.5616,-0.5625,-0.5621,-0.5609,-0.5592,-0.5572,-0.555,-0.7528,-0.7606,-0.7653,-0.7669,-0.7665,-0.7658,-0.7646,-0.7597,-0.7467,-0.7247,-0.699,-0.6768,-0.6631,-0.6591,-0.664,-0.6749,-0.6865,-0.6895,-0.6707,-0.6191,-0.5399,-0.4654,-0.4339,-0.4482,-0.4816,-0.5132,-0.5359,-0.5501,-0.5581,-0.5619,-0.563,-0.5625,-0.5611,-0.5591,-0.5568,-0.5544,-0.7808,-0.7926,-0.7995,-0.8013,-0.8007,-0.8023,-0.8084,-0.8122,-0.7994,-0.7643,-0.7203,-0.6841,-0.6637,-0.6598,-0.6704,-0.6925,-0.7208,-0.7421,-0.7292,-0.6472,-0.4886,-0.33,-0.2911,-0.3579,-0.4391,-0.497,-0.5314,-0.5502,-0.5596,-0.5635,-0.5643,-0.5633,-0.5614,-0.559,-0.5564,-0.5537,-0.8153,-0.834,-0.8451,-0.8462,-0.8419,-0.8445,-0.8665,-0.8981,-0.8944,-0.8302,-0.7473,-0.687,-0.6576,-0.6542,-0.6721,-0.7096,-0.7657,-0.8299,-0.8553,-0.745,-0.4306,-0.0663,-0.0494,-0.2525,-0.4087,-0.4933,-0.5354,-0.5553,-0.5639,-0.5666,-0.5663,-0.5644,-0.5617,-0.5588,-0.5558,-0.5528,-0.8572,-0.889,-0.91,-0.9102,-0.8929,-0.8863,-0.9314,-1.0357,-1.0711,-0.9312,-0.7706,-0.6772,-0.6399,-0.6389,-0.6648,-0.7183,-0.8096,-0.9517,-1.0987,-1.0101,-0.5213,0.1063,0.0811,-0.2437,-0.4308,-0.5151,-0.5515,-0.5662,-0.5709,-0.5709,-0.5687,-0.5655,-0.562,-0.5584,-0.5549,-0.5516,-0.9048,-0.9604,-1.0071,-1.0129,-0.9647,-0.9173,-0.9596,-1.1579,-1.2729,-0.9982,-0.751,-0.6405,-0.6064,-0.6121,-0.645,-0.7077,-0.8206,-1.0284,-1.3333,-1.2967,-0.8475,-0.4106,-0.3059,-0.4312,-0.5218,-0.5625,-0.5775,-0.5809,-0.5793,-0.5756,-0.571,-0.5664,-0.5618,-0.5575,-0.5536,-0.55,-0.9495,-1.0399,-1.1433,-1.1847,-1.0762,-0.9366,-0.8971,-1.0049,-1.0638,-0.833,-0.6414,-0.5688,-0.5573,-0.5758,-0.6141,-0.675,-0.779,-0.9539,-1.1624,-1.1828,-1.1407,-1.0084,-0.7776,-0.6684,-0.6322,-0.616,-0.6047,-0.5952,-0.5868,-0.5793,-0.5726,-0.5665,-0.561,-0.5561,-0.5517,-0.5479,-0.9745,-1.09,-1.2556,-1.374,-1.1814,-0.9416,-0.7911,-0.7078,-0.6168,-0.5041,-0.4624,-0.474,-0.5001,-0.5362,-0.582,-0.6334,-0.718,-0.8473,-0.9913,-1.1686,-1.5206,-1.4222,-1.0282,-0.8075,-0.7038,-0.6519,-0.6227,-0.6041,-0.5911,-0.5809,-0.5726,-0.5655,-0.5593,-0.5539,-0.5491,-0.5451,-0.9682,-1.0736,-1.2012,-1.2695,-1.139,-0.9208,-0.7054,-0.4852,-0.2049,-0.089,-0.2515,-0.3809,-0.4425,-0.4942,-0.5675,-0.6061,-0.6787,-0.8057,-0.9333,-1.1029,-1.358,-1.301,-1.0184,-0.8247,-0.718,-0.6596,-0.6262,-0.6054,-0.591,-0.58,-0.571,-0.5632,-0.5565,-0.5507,-0.5456,-0.5414,-0.9374,-1.0249,-1.1269,-1.2395,-1.1908,-0.9143,-0.6761,-0.4123,0.2109,0.5217,-0.0835,-0.3249,-0.3862,-0.4208,-0.5247,-0.597,-0.6947,-0.8678,-0.9736,-1.0088,-1.042,-1.0028,-0.8812,-0.766,-0.6886,-0.6431,-0.6168,-0.5998,-0.5872,-0.5768,-0.5678,-0.5597,-0.5525,-0.5463,-0.5411,-0.5368,-0.8915,-0.9651,-1.0671,-1.1983,-1.1408,-0.8708,-0.7227,-0.6569,-0.2153,0.1337,-0.1862,-0.3277,-0.3349,-0.2849,-0.3712,-0.5549,-0.7923,-1.1714,-1.2731,-1.0657,-0.921,-0.8337,-0.7558,-0.688,-0.641,-0.6152,-0.6014,-0.5911,-0.5816,-0.5724,-0.5635,-0.555,-0.5472,-0.5405,-0.535,-0.5309,-0.8344,-0.8843,-0.9409,-0.9765,-0.9148,-0.793,-0.7759,-0.8935,-0.7233,-0.404,-0.3435,-0.3545,-0.328,-0.235,-0.3105,-0.557,-0.8794,-1.8659,-1.9068,-1.1612,-0.8506,-0.7185,-0.6537,-0.618,-0.5998,-0.5937,-0.5897,-0.5838,-0.5764,-0.568,-0.5586,-0.549,-0.5401,-0.5326,-0.527,-0.5232,-0.7737,-0.7994,-0.8183,-0.814,-0.7735,-0.7277,-0.7381,-0.8027,-0.7102,-0.4827,-0.3801,-0.3723,-0.3627,-0.2284,-0.4211,-0.6034,-0.773,-1.3151,-1.4321,-0.9692,-0.6902,-0.5741,-0.5489,-0.5607,-0.5832,-0.5934,-0.5865,-0.5799,-0.5735,-0.5648,-0.5536,-0.5414,-0.5302,-0.5216,-0.5159,-0.513,-0.7174,-0.7268,-0.7276,-0.7142,-0.6872,-0.6607,-0.6496,-0.6338,-0.5504,-0.4226,-0.3442,-0.3279,-0.296,-0.2082,-0.4553,-0.6392,-1.0655,-0.8814,-0.8132,-0.6084,-0.3949,-0.348,-0.418,-0.4976,-0.5594,-0.5832,-0.5813,-0.5796,-0.575,-0.5641,-0.5481,-0.5305,-0.5151,-0.5049,-0.5001,-0.4994,-0.6691,-0.6691,-0.6621,-0.6464,-0.6234,-0.5972,-0.5684,-0.5248,-0.4496,-0.348,-0.2457,-0.2911,-0.2916,-0.2993,-0.4278,-0.6711,-0.9176,-0.6861,-0.5014,-0.2873,0.0286,-0.0417,-0.2784,-0.4272,-0.5168,-0.5629,-0.584,-0.592,-0.5863,-0.568,-0.541,-0.5121,-0.4896,-0.4782,-0.4769,-0.4812,-0.6291,-0.6238,-0.613,-0.5961,-0.5735,-0.5458,-0.5113,-0.4649,-0.4022,-0.325,-0.2518,-0.2659,-0.2141,-0.1865,-0.3092,-0.4145,-0.4619,-0.3388,-0.1883,-0.1132,0.1058,0.0219,-0.2232,-0.3912,-0.5089,-0.5886,-0.6297,-0.6351,-0.6151,-0.5779,-0.5286,-0.478,-0.4437,-0.4348,-0.4435,-0.4581,-0.5962,-0.5878,-0.5751,-0.5577,-0.5353,-0.5077,-0.4741,-0.4329,-0.3844,-0.3335,-0.2922,-0.2584,-0.1815,-0.1465,-0.1087,-0.0843,-0.1512,0.0054,0.2267,0.0195,-0.0482,-0.1119,-0.2456,-0.4001,-0.5586,-0.6946,-0.7481,-0.7205,-0.6649,-0.5942,-0.506,-0.4149,-0.3632,-0.3685,-0.4007,-0.4326,-0.5691,-0.5591,-0.5455,-0.528,-0.5063,-0.4803,-0.4498,-0.4146,-0.3759,-0.3366,-0.2985,-0.2557,-0.1944,-0.0796,0.2881,0.4504,0.0638,0.0689,0.1818,0.1115,-0.0089,-0.1209,-0.2453,-0.4153,-0.6403,-0.8719,-0.9251,-0.828,-0.7282,-0.6188,-0.4794,-0.3251,-0.2525,-0.2925,-0.3605,-0.4124,-0.5469,-0.536,-0.5221,-0.505,-0.4845,-0.4606,-0.4333,-0.4028,-0.3699,-0.3353,-0.2979,-0.2519,-0.1817,-0.0407,0.247,0.3407,0.0927,0.0544,0.2,0.2691,0.0698,-0.0562,-0.179,-0.3792,-0.6604,-0.924,-0.9761,-0.9095,-0.7968,-0.6593,-0.4869,-0.2895,-0.2034,-0.265,-0.3495,-0.4081,-0.5285,-0.5173,-0.5035,-0.4871,-0.468,-0.4461,-0.4216,-0.3947,-0.3655,-0.3338,-0.2979,-0.2533,-0.1905,-0.0958,0.0175,0.0556,0.0128,0.0235,0.1154,0.1526,0.0972,0.0954,0.0288,-0.2291,-0.5919,-0.9221,-1.1599,-1.0764,-0.8716,-0.7148,-0.5567,-0.3882,-0.3022,-0.3264,-0.3808,-0.4239,-0.5135,-0.5022,-0.4888,-0.4733,-0.4555,-0.4355,-0.4134,-0.3891,-0.3628,-0.3339,-0.3011,-0.2619,-0.2133,-0.155,-0.0995,-0.0685,-0.0562,-0.0283,0.0238,0.0815,0.2025,0.4746,0.5311,0.0782,-0.4663,-0.9575,-1.3515,-1.1638,-0.8796,-0.7582,-0.6426,-0.5192,-0.439,-0.4202,-0.4331,-0.4519,-0.501,-0.49,-0.4772,-0.4625,-0.446,-0.4277,-0.4076,-0.3857,-0.3619,-0.3359,-0.307,-0.2741,-0.237,-0.1973,-0.1605,-0.1313,-0.1055,-0.0711,-0.017,0.082,0.3189,0.7918,0.9366,0.3226,-0.3081,-0.7572,-0.9923,-0.9198,-0.8132,-0.7828,-0.6981,-0.6005,-0.5284,-0.4916,-0.48,-0.4801,-0.4908,-0.4801,-0.4679,-0.4542,-0.4389,-0.4221,-0.4039,-0.3841,-0.3627,-0.3396,-0.3144,-0.287,-0.2576,-0.2274,-0.1984,-0.1712,-0.1426,-0.1058,-0.0489,0.0536,0.2502,0.5296,0.5771,0.2054,-0.2412,-0.5708,-0.7481,-0.7921,-0.8012,-0.7795,-0.7078,-0.6305,-0.5703,-0.5319,-0.5111,-0.5016]},{"header":{"la1":42.85,"la2":41.18,"lo1":11.55,"lo2":14.05,"nx":36,"ny":24,"dx":0.07143,"dy":0.07261,"parameterCategory":2,"parameterNumber":3,"parameterNumberName":"northward_wind","parameterUnit":"m.s-1"},"data":[-0.4388,-0.4263,-0.4105,-0.3914,-0.37,-0.3478,-0.3278,-0.3128,-0.3051,-0.3046,-0.309,-0.315,-0.3198,-0.3218,-0.3208,-0.318,-0.3152,-0.3147,-0.3186,-0.3276,-0.3402,-0.3527,-0.3613,-0.3647,-0.3642,-0.3622,-0.3605,-0.3602,-0.3616,-0.3645,-0.3688,-0.374,-0.3799,-0.3862,-0.3927,-0.3991,-0.4479,-0.4339,-0.415,-0.3906,-0.3614,-0.3294,-0.2994,-0.2775,-0.2686,-0.2729,-0.2857,-0.2999,-0.3106,-0.3152,-0.3142,-0.3092,-0.3034,-0.3011,-0.3066,-0.3223,-0.3455,-0.3679,-0.3806,-0.3815,-0.3754,-0.3678,-0.3623,-0.3599,-0.3604,-0.3632,-0.3679,-0.3738,-0.3805,-0.3876,-0.3949,-0.402,-0.4604,-0.4455,-0.4235,-0.3927,-0.3522,-0.3041,-0.2555,-0.2192,-0.2075,-0.2223,-0.252,-0.2816,-0.3021,-0.3107,-0.3089,-0.2997,-0.2877,-0.2802,-0.2863,-0.3137,-0.3593,-0.4033,-0.4218,-0.413,-0.3932,-0.3754,-0.364,-0.3589,-0.3585,-0.3616,-0.3669,-0.3738,-0.3815,-0.3897,-0.3978,-0.4058,-0.4772,-0.4629,-0.4391,-0.4015,-0.3459,-0.2714,-0.1866,-0.1173,-0.0981,-0.1372,-0.2032,-0.2613,-0.297,-0.3108,-0.307,-0.2904,-0.2665,-0.2457,-0.2468,-0.2925,-0.3871,-0.4832,-0.5065,-0.4653,-0.416,-0.382,-0.3635,-0.356,-0.3555,-0.3594,-0.366,-0.3742,-0.3832,-0.3926,-0.4019,-0.4108,-0.4991,-0.4881,-0.4656,-0.4236,-0.3512,-0.2377,-0.0831,0.0679,0.1113,0.0091,-0.1374,-0.2444,-0.3006,-0.3193,-0.312,-0.2845,-0.2403,-0.1893,-0.1642,-0.2276,-0.4197,-0.6435,-0.6536,-0.5279,-0.4317,-0.3809,-0.3578,-0.3501,-0.3509,-0.3566,-0.3651,-0.3752,-0.3859,-0.3968,-0.4074,-0.4174,-0.5256,-0.5219,-0.5069,-0.4678,-0.3842,-0.2265,0.0412,0.3869,0.511,0.2354,-0.0739,-0.2469,-0.3209,-0.3409,-0.3286,-0.289,-0.218,-0.1113,-0.0051,-0.057,-0.3612,-0.7496,-0.7337,-0.5315,-0.415,-0.3638,-0.3444,-0.3406,-0.3449,-0.3536,-0.3648,-0.3772,-0.39,-0.4027,-0.4148,-0.4259,-0.5546,-0.5623,-0.5636,-0.5403,-0.4609,-0.284,0.0727,0.6811,0.9674,0.3907,-0.0911,-0.2949,-0.3648,-0.3789,-0.3628,-0.3156,-0.224,-0.0653,0.1501,0.1276,-0.1576,-0.4283,-0.4921,-0.4122,-0.3546,-0.3301,-0.3244,-0.3286,-0.3382,-0.351,-0.3655,-0.3809,-0.3962,-0.4109,-0.4246,-0.4369,-0.581,-0.6016,-0.627,-0.6328,-0.5698,-0.4244,-0.1491,0.309,0.5125,0.0732,-0.2736,-0.3988,-0.4297,-0.4324,-0.4213,-0.3779,-0.2806,-0.1302,0.0297,0.0487,0.0229,-0.0567,-0.196,-0.2599,-0.2802,-0.2912,-0.3028,-0.3165,-0.3324,-0.3499,-0.3683,-0.387,-0.4052,-0.4223,-0.4377,-0.4512,-0.599,-0.6254,-0.6682,-0.7026,-0.6465,-0.5734,-0.4843,-0.382,-0.3884,-0.5105,-0.5563,-0.5287,-0.4977,-0.4938,-0.5185,-0.5008,-0.379,-0.2303,-0.1012,0.03,0.2578,0.1989,-0.0367,-0.166,-0.2273,-0.2613,-0.2857,-0.3075,-0.3291,-0.3513,-0.374,-0.3966,-0.4181,-0.4378,-0.4552,-0.4698,-0.6069,-0.6254,-0.6483,-0.6621,-0.6424,-0.6796,-0.7531,-0.8604,-1.0428,-1.0904,-0.8462,-0.6372,-0.5439,-0.5422,-0.6708,-0.7492,-0.4823,-0.2898,-0.1644,-0.0241,0.1554,0.1279,-0.0333,-0.1429,-0.2064,-0.2467,-0.2767,-0.3031,-0.3292,-0.3562,-0.3837,-0.4108,-0.4363,-0.4591,-0.4784,-0.494,-0.61,-0.6168,-0.6023,-0.5386,-0.5677,-0.7574,-0.9682,-1.1662,-1.5406,-1.7463,-1.0555,-0.6758,-0.5556,-0.5529,-0.6525,-0.7498,-0.4452,-0.2835,-0.2031,-0.1221,-0.0473,-0.0412,-0.0967,-0.159,-0.2089,-0.246,-0.2754,-0.3032,-0.333,-0.3651,-0.3985,-0.4314,-0.4618,-0.4882,-0.5094,-0.5253,-0.6147,-0.6202,-0.6041,-0.5527,-0.6035,-0.8742,-1.198,-1.4175,-1.4561,-1.4532,-0.9434,-0.6151,-0.5467,-0.6494,-0.5521,-0.3815,-0.2614,-0.2546,-0.2477,-0.1771,-0.1251,-0.113,-0.1366,-0.1791,-0.2231,-0.2558,-0.2799,-0.3064,-0.3398,-0.3787,-0.4202,-0.4609,-0.4977,-0.5282,-0.551,-0.5663,-0.6214,-0.6355,-0.6461,-0.6667,-0.7642,-1.004,-1.3585,-1.682,-1.4849,-1.0831,-0.7218,-0.5031,-0.4577,-0.6933,-0.5233,-0.0868,-0.0326,-0.3523,-0.3766,-0.1878,-0.122,-0.1114,-0.1378,-0.1893,-0.2461,-0.2768,-0.2876,-0.3104,-0.3494,-0.3984,-0.4516,-0.5034,-0.5488,-0.5839,-0.6074,-0.62,-0.626,-0.6484,-0.6784,-0.7299,-0.8315,-1.0102,-1.2604,-1.4902,-1.3391,-0.8885,-0.5699,-0.4404,-0.3842,0.0231,0.0066,0.4746,0.3767,-0.0444,-0.1932,-0.1046,-0.0497,-0.0473,-0.0995,-0.1822,-0.2687,-0.3012,-0.2932,-0.3143,-0.3631,-0.4272,-0.4977,-0.5659,-0.623,-0.6631,-0.6846,-0.6903,-0.6246,-0.6497,-0.6838,-0.7343,-0.8107,-0.9164,-1.0311,-1.0789,-0.9347,-0.66,-0.452,-0.3278,-0.1407,0.1718,0.196,0.6348,0.973,0.3499,0.0464,0.0312,0.1324,0.12,-0.0108,-0.1423,-0.2431,-0.2838,-0.2874,-0.3186,-0.3828,-0.4692,-0.5665,-0.6601,-0.7341,-0.7777,-0.7911,-0.7821,-0.6164,-0.6392,-0.6682,-0.7056,-0.7517,-0.7999,-0.8293,-0.7998,-0.6796,-0.5068,-0.3925,-0.2477,-0.2185,-0.0983,0.0605,0.4129,0.7202,0.2782,0.0277,0.138,0.5546,0.4463,0.1035,-0.0884,-0.1864,-0.2333,-0.2634,-0.3163,-0.4062,-0.5281,-0.6692,-0.8057,-0.9049,-0.9467,-0.9376,-0.8993,-0.6029,-0.621,-0.6418,-0.6649,-0.6873,-0.7018,-0.6947,-0.6501,-0.5634,-0.4588,-0.3917,-0.3405,-0.4354,-0.4795,-0.1984,-0.0144,0.0417,-0.1446,-0.285,0.0001,0.6058,0.4759,0.1031,-0.075,-0.1423,-0.1636,-0.1975,-0.284,-0.4225,-0.6039,-0.82,-1.0342,-1.1732,-1.1952,-1.133,-1.0407,-0.5866,-0.5993,-0.6124,-0.6242,-0.6317,-0.6297,-0.6114,-0.5717,-0.5135,-0.4518,-0.4082,-0.404,-0.51,-0.5392,-0.4371,-0.4028,-0.3468,-0.6062,-0.9665,-0.4141,-0.0047,0.0675,-0.0382,-0.1093,-0.0928,-0.0134,-0.0196,-0.1898,-0.4229,-0.6919,-1.0258,-1.3817,-1.5828,-1.5377,-1.3672,-1.1912,-0.5693,-0.5774,-0.5843,-0.5886,-0.5879,-0.5791,-0.5595,-0.5282,-0.4889,-0.4504,-0.4242,-0.4229,-0.4547,-0.5143,-0.7574,-0.876,-0.5532,-0.6182,-0.7578,-0.4172,-0.2528,-0.1809,-0.1797,-0.1638,-0.0322,0.2833,0.3489,-0.0632,-0.4333,-0.7796,-1.2415,-1.8036,-2.0826,-1.8996,-1.5779,-1.3122,-0.5525,-0.557,-0.5596,-0.5593,-0.5546,-0.5438,-0.5261,-0.502,-0.4746,-0.4492,-0.4325,-0.4318,-0.4559,-0.5333,-0.7285,-0.7896,-0.5644,-0.4609,-0.3081,-0.2238,-0.2964,-0.3023,-0.2987,-0.255,-0.0952,0.3039,0.3969,-0.1828,-0.5309,-0.8469,-1.3222,-1.9724,-2.2873,-2.0309,-1.649,-1.3545,-0.5372,-0.5389,-0.5388,-0.5359,-0.5295,-0.5188,-0.5037,-0.4851,-0.4653,-0.4476,-0.4363,-0.4361,-0.4533,-0.4967,-0.558,-0.5637,-0.4906,-0.4134,-0.3311,-0.3009,-0.358,-0.422,-0.4436,-0.4009,-0.3353,-0.3507,-0.6406,-0.6699,-0.7178,-0.8964,-1.2119,-1.6646,-1.9228,-1.7972,-1.5346,-1.3026,-0.5235,-0.5234,-0.5216,-0.5174,-0.5106,-0.5007,-0.4881,-0.4735,-0.4586,-0.4456,-0.4372,-0.4359,-0.4441,-0.4615,-0.4782,-0.4744,-0.4462,-0.411,-0.3848,-0.3943,-0.4719,-0.6101,-0.6546,-0.561,-0.5303,-0.6907,-0.9801,-0.8939,-0.9032,-0.9728,-1.0874,-1.298,-1.4586,-1.4507,-1.3331,-1.1933,-0.5116,-0.5103,-0.5075,-0.5029,-0.4962,-0.4874,-0.4768,-0.4652,-0.4536,-0.4435,-0.4364,-0.4337,-0.4358,-0.441,-0.4446,-0.4409,-0.4296,-0.4186,-0.4202,-0.4553,-0.558,-0.7375,-0.7881,-0.6531,-0.6108,-0.7051,-0.8367,-0.9455,-1.1295,-1.0956,-1.0468,-1.1006,-1.1748,-1.1928,-1.1495,-1.0756,-0.5014,-0.4994,-0.4962,-0.4914,-0.4852,-0.4775,-0.4686,-0.4591,-0.4498,-0.4416,-0.4353,-0.4317,-0.4306,-0.4311,-0.4311,-0.4292,-0.4264,-0.4276,-0.4413,-0.4807,-0.5606,-0.6657,-0.697,-0.643,-0.6307,-0.6944,-0.8074,-0.9815,-1.1578,-1.1126,-1.0226,-1.0058,-1.0247,-1.0333,-1.0148,-0.9751]}]