docs/data/wind_grid.json
[{"header":{"la1":42.85,"la2":41.18,"lo1":11.55,"lo2":14.05,"nx":36,"ny":24,"dx":0.07143,"dy":0.07261,"parameterCategory":2,"parameterNumber":2,"parameterNumberName":"eastward_wind","parameterUnit":"m.s-1"},"data":[-0.7383,-0.7429,-0.7474,-0.7517,-0.7551,-0.7569,-0.7554,-0.749,-0.7366,-0.7181,-0.6954,-0.6711,-0.6475,-0.6267,-0.6095,-0.5962,-0.5866,-0.5802,-0.5764,-0.5747,-0.5744,-0.5749,-0.5758,-0.5766,-0.5772,-0.5773,-0.5771,-0.5766,-0.5759,-0.575,-0.574,-0.573,-0.5721,-0.5712,-0.5704,-0.5696,-0.7499,-0.7563,-0.7631,-0.7703,-0.7777,-0.784,-0.7868,-0.7827,-0.7688,-0.7446,-0.7134,-0.68,-0.6487,-0.6221,-0.6012,-0.586,-0.5758,-0.5696,-0.5667,-0.5662,-0.5673,-0.5694,-0.5715,-0.5733,-0.5744,-0.5749,-0.5748,-0.5743,-0.5734,-0.5724,-0.5714,-0.5703,-0.5693,-0.5683,-0.5675,-0.5667,-0.7625,-0.7709,-0.7802,-0.7912,-0.8042,-0.8184,-0.8301,-0.8325,-0.8178,-0.7845,-0.7389,-0.6911,-0.6485,-0.6142,-0.5891,-0.5721,-0.5618,-0.5565,-0.5548,-0.556,-0.5592,-0.5634,-0.5673,-0.5702,-0.572,-0.5727,-0.5726,-0.5719,-0.5709,-0.5697,-0.5685,-0.5673,-0.5662,-0.5652,-0.5643,-0.5635,-0.7762,-0.7865,-0.7984,-0.8135,-0.8338,-0.8606,-0.8902,-0.9091,-0.8971,-0.8469,-0.7749,-0.7035,-0.6446,-0.6009,-0.5713,-0.5534,-0.5443,-0.5406,-0.5406,-0.5439,-0.5501,-0.5573,-0.5635,-0.5678,-0.57,-0.5707,-0.5704,-0.5694,-0.5681,-0.5667,-0.5653,-0.564,-0.5627,-0.5617,-0.5607,-0.56,-0.7911,-0.8034,-0.8173,-0.8356,-0.8633,-0.9076,-0.9707,-1.0308,-1.032,-0.9457,-0.8219,-0.713,-0.6329,-0.5786,-0.5449,-0.528,-0.5228,-0.5229,-0.5242,-0.5292,-0.5398,-0.5517,-0.5609,-0.5665,-0.5689,-0.5691,-0.5681,-0.5666,-0.5649,-0.5632,-0.5616,-0.5601,-0.5588,-0.5577,-0.5567,-0.556,-0.8082,-0.8227,-0.8377,-0.8562,-0.8868,-0.947,-1.0594,-1.211,-1.2564,-1.086,-0.8663,-0.7081,-0.6065,-0.542,-0.505,-0.4921,-0.497,-0.506,-0.5076,-0.5125,-0.5299,-0.5486,-0.561,-0.567,-0.5686,-0.5676,-0.5656,-0.5632,-0.5609,-0.5589,-0.5572,-0.5556,-0.5543,-0.5531,-0.5522,-0.5514,-0.8288,-0.8472,-0.8634,-0.8779,-0.8999,-0.9558,-1.0962,-1.3568,-1.4806,-1.177,-0.8585,-0.6709,-0.5587,-0.4848,-0.4417,-0.4349,-0.4609,-0.4927,-0.4985,-0.5012,-0.5273,-0.5522,-0.5656,-0.5699,-0.5689,-0.5657,-0.562,-0.5586,-0.5558,-0.5537,-0.5519,-0.5504,-0.5491,-0.5479,-0.547,-0.5463,-0.8544,-0.8812,-0.9032,-0.9132,-0.9125,-0.9267,-1.0071,-1.1882,-1.2632,-1.0036,-0.7482,-0.5954,-0.4903,-0.4015,-0.3346,-0.3283,-0.3937,-0.4725,-0.5053,-0.5175,-0.5456,-0.5679,-0.5762,-0.5747,-0.5689,-0.562,-0.5562,-0.5519,-0.549,-0.5471,-0.5456,-0.5443,-0.543,-0.5419,-0.541,-0.5404,-0.8844,-0.9287,-0.9715,-0.9898,-0.9591,-0.9003,-0.8642,-0.8548,-0.8013,-0.6828,-0.5846,-0.5061,-0.4169,-0.2941,-0.1416,-0.1039,-0.2667,-0.4424,-0.5334,-0.5698,-0.5904,-0.5973,-0.5917,-0.5794,-0.5658,-0.5543,-0.5464,-0.5419,-0.5398,-0.5388,-0.538,-0.5371,-0.5361,-0.535,-0.5341,-0.5335,-0.9132,-0.9846,-1.0756,-1.1465,-1.0923,-0.925,-0.777,-0.6434,-0.4748,-0.3914,-0.4375,-0.4369,-0.3664,-0.2064,0.1679,0.3537,-0.1143,-0.4643,-0.6212,-0.6651,-0.6597,-0.6364,-0.6077,-0.5794,-0.5555,-0.5386,-0.5298,-0.5271,-0.5276,-0.5288,-0.5293,-0.529,-0.528,-0.5269,-0.5259,-0.5254,-0.9284,-1.0227,-1.171,-1.3473,-1.2961,-0.9752,-0.7516,-0.5778,-0.2381,-0.0795,-0.346,-0.4071,-0.3527,-0.2347,0.1078,0.3545,-0.2294,-0.6683,-0.8457,-0.8294,-0.7515,-0.6766,-0.616,-0.5677,-0.5309,-0.5089,-0.5024,-0.5059,-0.5123,-0.5173,-0.5197,-0.5199,-0.5187,-0.5172,-0.5161,-0.5157,-0.9178,-1.0078,-1.148,-1.3111,-1.2489,-0.9347,-0.7591,-0.6959,-0.4584,-0.268,-0.3989,-0.418,-0.3489,-0.2571,-0.2474,-0.3045,-0.6605,-1.1972,-1.3305,-1.0722,-0.8434,-0.6989,-0.6056,-0.5371,-0.4838,-0.4562,-0.4598,-0.4783,-0.4954,-0.5058,-0.5099,-0.5099,-0.5078,-0.5054,-0.5039,-0.5037,-0.8835,-0.9443,-1.0187,-1.067,-0.9956,-0.8411,-0.7697,-0.8044,-0.7223,-0.5485,-0.4886,-0.4551,-0.3825,-0.2396,-0.29,-0.5375,-1.0022,-1.971,-1.9872,-1.2549,-0.8649,-0.6727,-0.5676,-0.4887,-0.4115,-0.3737,-0.4028,-0.4494,-0.4813,-0.4967,-0.5008,-0.4986,-0.4942,-0.4902,-0.4882,-0.4886,-0.8395,-0.8708,-0.8965,-0.8951,-0.8476,-0.7818,-0.7531,-0.7677,-0.722,-0.6042,-0.5314,-0.4902,-0.4573,-0.2451,-0.432,-0.7393,-1.1147,-1.5745,-1.6016,-1.0838,-0.7302,-0.5643,-0.4991,-0.4441,-0.3516,-0.2986,-0.3614,-0.4362,-0.4776,-0.4927,-0.4923,-0.4846,-0.4756,-0.4693,-0.4671,-0.469,-0.7981,-0.8109,-0.8155,-0.804,-0.775,-0.7413,-0.7188,-0.7022,-0.6617,-0.6048,-0.5676,-0.5351,-0.4633,-0.4046,-0.5573,-1.0773,-1.5608,-1.2075,-1.0106,-0.706,-0.4106,-0.3364,-0.395,-0.4227,-0.3795,-0.3417,-0.3942,-0.4586,-0.4904,-0.4947,-0.4827,-0.4643,-0.4479,-0.4387,-0.4378,-0.4434,-0.7642,-0.7677,-0.7646,-0.7528,-0.7331,-0.7105,-0.689,-0.666,-0.6362,-0.6081,-0.5991,-0.6028,-0.5853,-0.5612,-0.6751,-1.0373,-1.3492,-1.0025,-0.7023,-0.3621,0.0907,0.0079,-0.2779,-0.4147,-0.4505,-0.4579,-0.4858,-0.5136,-0.5183,-0.5001,-0.4671,-0.4305,-0.4029,-0.3921,-0.3967,-0.4104,-0.7382,-0.7372,-0.7318,-0.7213,-0.7064,-0.6892,-0.6711,-0.652,-0.6326,-0.6169,-0.609,-0.6259,-0.7339,-0.7949,-0.7473,-0.8263,-0.8408,-0.6446,-0.4328,-0.2484,0.1624,0.0526,-0.2694,-0.4414,-0.5257,-0.5728,-0.5952,-0.5882,-0.5557,-0.5041,-0.438,-0.3713,-0.3281,-0.3212,-0.3407,-0.37,-0.7184,-0.7157,-0.7099,-0.7009,-0.6893,-0.6761,-0.6624,-0.6492,-0.638,-0.6322,-0.6376,-0.6738,-0.7832,-0.8236,-0.8113,-0.8179,-0.6824,-0.3456,-0.0724,-0.2697,-0.2371,-0.2543,-0.3879,-0.5149,-0.6222,-0.7125,-0.736,-0.6802,-0.5975,-0.503,-0.3895,-0.2734,-0.2094,-0.2217,-0.2728,-0.3269,-0.7036,-0.7002,-0.6948,-0.6874,-0.6784,-0.6686,-0.659,-0.6508,-0.6458,-0.6467,-0.6585,-0.6891,-0.7402,-0.8019,-0.9605,-1.0232,-0.7227,-0.3901,-0.2229,-0.4085,-0.4332,-0.4473,-0.5076,-0.5971,-0.7203,-0.8814,-0.9146,-0.769,-0.6302,-0.4979,-0.3335,-0.1493,-0.0629,-0.1162,-0.2119,-0.2928,-0.6923,-0.689,-0.6842,-0.6782,-0.6714,-0.6644,-0.6581,-0.6535,-0.6523,-0.6564,-0.6687,-0.6926,-0.731,-0.7984,-0.9282,-0.9569,-0.7394,-0.552,-0.545,-0.582,-0.5371,-0.5531,-0.5954,-0.6538,-0.7519,-0.9112,-0.9456,-0.7683,-0.63,-0.4948,-0.3169,-0.1002,-0.0028,-0.0787,-0.193,-0.2829,-0.6837,-0.6806,-0.6766,-0.6719,-0.6668,-0.6619,-0.6579,-0.6557,-0.6564,-0.6614,-0.6722,-0.6903,-0.7178,-0.7574,-0.799,-0.7874,-0.698,-0.6072,-0.5757,-0.5792,-0.5975,-0.6467,-0.6823,-0.6943,-0.7227,-0.7571,-0.7296,-0.6883,-0.5955,-0.4884,-0.3595,-0.2007,-0.1149,-0.1516,-0.2312,-0.3024,-0.677,-0.6743,-0.671,-0.6673,-0.6636,-0.6602,-0.6577,-0.6568,-0.6583,-0.6628,-0.6712,-0.6838,-0.7003,-0.7181,-0.7277,-0.7131,-0.6725,-0.6299,-0.6098,-0.6209,-0.6773,-0.7782,-0.8114,-0.7483,-0.7057,-0.6926,-0.6937,-0.6481,-0.5141,-0.447,-0.398,-0.3217,-0.2643,-0.2631,-0.2978,-0.3402,-0.6716,-0.6693,-0.6666,-0.6638,-0.661,-0.6587,-0.6572,-0.6569,-0.6584,-0.662,-0.6678,-0.6757,-0.6845,-0.6916,-0.692,-0.6814,-0.6616,-0.6429,-0.6385,-0.6625,-0.7369,-0.8649,-0.9,-0.7882,-0.7011,-0.6602,-0.6292,-0.5152,-0.3489,-0.3652,-0.3991,-0.3849,-0.358,-0.3487,-0.3597,-0.3811,-0.6673,-0.6653,-0.6631,-0.6609,-0.6588,-0.6572,-0.6562,-0.6561,-0.6573,-0.6598,-0.6635,-0.6681,-0.6724,-0.6747,-0.6731,-0.6664,-0.6567,-0.6498,-0.6537,-0.6782,-0.7337,-0.8081,-0.8255,-0.7588,-0.6855,-0.63,-0.5652,-0.4445,-0.3266,-0.351,-0.4014,-0.4144,-0.4081,-0.4028,-0.406,-0.4164]},{"header":{"la1":42.85,"la2":41.18,"lo1":11.55,"lo2":14.05,"nx":36,"ny":24,"dx":0.07143,"dy":0.07261,"parameterCategory":2,"parameterNumber":3,"parameterNumberName":"northward_wind","parameterUnit":"m.s-1"},"data":[-0.6425,-0.6417,-0.6401,-0.6375,-0.6338,-0.6291,-0.6238,-0.6183,-0.6127,-0.6064,-0.5982,-0.5869,-0.5713,-0.5509,-0.5259,-0.4974,-0.4674,-0.439,-0.4152,-0.3987,-0.3901,-0.3882,-0.391,-0.3965,-0.4031,-0.4099,-0.4165,-0.4228,-0.4288,-0.4345,-0.4401,-0.4454,-0.4506,-0.4557,-0.4605,-0.4652,-0.6468,-0.6462,-0.6446,-0.6416,-0.637,-0.631,-0.6244,-0.6182,-0.6133,-0.609,-0.6032,-0.5933,-0.5772,-0.5538,-0.5232,-0.4865,-0.4464,-0.4078,-0.3765,-0.3572,-0.3507,-0.3542,-0.3633,-0.3746,-0.3857,-0.396,-0.4052,-0.4134,-0.4209,-0.4279,-0.4345,-0.4409,-0.447,-0.4528,-0.4584,-0.4636,-0.6507,-0.6502,-0.6486,-0.6451,-0.6391,-0.6303,-0.6202,-0.6117,-0.6076,-0.6076,-0.6073,-0.6013,-0.586,-0.5597,-0.5222,-0.4739,-0.418,-0.3622,-0.3182,-0.2957,-0.2956,-0.3101,-0.3303,-0.3502,-0.3676,-0.382,-0.394,-0.4043,-0.4133,-0.4216,-0.4293,-0.4366,-0.4437,-0.4504,-0.4567,-0.4627,-0.6537,-0.6536,-0.6522,-0.6483,-0.6401,-0.6262,-0.608,-0.5921,-0.588,-0.5973,-0.6091,-0.6117,-0.5993,-0.5707,-0.5251,-0.4612,-0.3806,-0.2941,-0.2259,-0.2005,-0.2171,-0.2542,-0.2928,-0.325,-0.3498,-0.3687,-0.3835,-0.3956,-0.4061,-0.4156,-0.4244,-0.4329,-0.4409,-0.4485,-0.4557,-0.4624,-0.6552,-0.6554,-0.6547,-0.6513,-0.6413,-0.6196,-0.5841,-0.5467,-0.538,-0.5689,-0.6077,-0.6263,-0.6196,-0.5898,-0.5365,-0.4542,-0.3367,-0.1931,-0.0747,-0.0493,-0.1084,-0.189,-0.2553,-0.3023,-0.3345,-0.3572,-0.3741,-0.3877,-0.3994,-0.41,-0.4201,-0.4296,-0.4388,-0.4475,-0.4556,-0.4631,-0.654,-0.654,-0.6546,-0.6538,-0.6455,-0.617,-0.5528,-0.4613,-0.4304,-0.5154,-0.6089,-0.6506,-0.65,-0.6204,-0.563,-0.4653,-0.3041,-0.0665,0.1572,0.1704,0.0174,-0.1305,-0.2277,-0.2869,-0.3238,-0.3484,-0.3663,-0.3807,-0.3933,-0.405,-0.4163,-0.4272,-0.4376,-0.4475,-0.4566,-0.465,-0.6483,-0.6464,-0.6475,-0.6522,-0.6542,-0.633,-0.5507,-0.3834,-0.3035,-0.4827,-0.6399,-0.6941,-0.693,-0.6648,-0.6116,-0.5133,-0.3288,-0.0082,0.3461,0.3369,0.0808,-0.1135,-0.2226,-0.2832,-0.319,-0.3425,-0.3598,-0.3743,-0.3877,-0.4005,-0.4132,-0.4256,-0.4375,-0.4488,-0.4591,-0.4684,-0.6363,-0.6274,-0.6237,-0.6335,-0.6582,-0.6751,-0.6372,-0.5136,-0.457,-0.6189,-0.7392,-0.7626,-0.7465,-0.7215,-0.6867,-0.6106,-0.4465,-0.1645,0.1409,0.1641,-0.0156,-0.1603,-0.2434,-0.2902,-0.3186,-0.3382,-0.3539,-0.3681,-0.3821,-0.3964,-0.4108,-0.4252,-0.439,-0.4519,-0.4636,-0.4739,-0.6179,-0.5923,-0.5672,-0.5672,-0.6234,-0.7161,-0.7835,-0.8086,-0.8479,-0.906,-0.8978,-0.8451,-0.7997,-0.7828,-0.7931,-0.7625,-0.6148,-0.4038,-0.2172,-0.1495,-0.1836,-0.236,-0.2748,-0.3007,-0.3188,-0.3335,-0.3471,-0.3612,-0.3763,-0.3926,-0.4095,-0.4263,-0.4426,-0.4576,-0.4708,-0.4821,-0.5979,-0.5451,-0.4671,-0.4048,-0.4863,-0.7147,-0.9182,-1.0705,-1.2276,-1.2636,-1.0825,-0.9168,-0.8356,-0.8288,-0.929,-0.9864,-0.7538,-0.5386,-0.3977,-0.3208,-0.2927,-0.29,-0.2963,-0.3052,-0.315,-0.3257,-0.338,-0.3528,-0.37,-0.3892,-0.4095,-0.4298,-0.4492,-0.4667,-0.4817,-0.4939,-0.5887,-0.5123,-0.3696,-0.1772,-0.2481,-0.6974,-1.047,-1.2593,-1.5547,-1.7006,-1.2236,-0.9425,-0.8429,-0.8321,-0.9182,-0.9935,-0.7394,-0.5432,-0.4348,-0.3697,-0.328,-0.3052,-0.2969,-0.298,-0.3044,-0.3137,-0.326,-0.3424,-0.3629,-0.3865,-0.4117,-0.4368,-0.4603,-0.4809,-0.4977,-0.5106,-0.6021,-0.5321,-0.4,-0.2236,-0.3189,-0.8171,-1.2198,-1.4128,-1.4705,-1.4919,-1.1377,-0.9018,-0.8327,-0.851,-0.8205,-0.7393,-0.5902,-0.4595,-0.403,-0.3573,-0.3134,-0.285,-0.2753,-0.2793,-0.2891,-0.2992,-0.3118,-0.3306,-0.3557,-0.3856,-0.4176,-0.4493,-0.4782,-0.5024,-0.521,-0.5339,-0.6355,-0.5992,-0.5473,-0.5252,-0.6698,-1.0027,-1.3474,-1.5776,-1.4593,-1.2127,-0.976,-0.833,-0.8049,-0.8658,-0.8142,-0.6084,-0.4328,-0.3936,-0.386,-0.3185,-0.2601,-0.2297,-0.2313,-0.2533,-0.2777,-0.29,-0.2991,-0.3188,-0.3498,-0.388,-0.4296,-0.4704,-0.5064,-0.5349,-0.5546,-0.566,-0.6734,-0.6697,-0.6765,-0.7235,-0.851,-1.0558,-1.2829,-1.4537,-1.3608,-1.0696,-0.8667,-0.7893,-0.7828,-0.7894,-0.6606,-0.3531,-0.1033,-0.249,-0.3003,-0.2268,-0.1469,-0.1202,-0.1569,-0.2202,-0.2766,-0.2939,-0.292,-0.3096,-0.3467,-0.3962,-0.4514,-0.5054,-0.5511,-0.584,-0.603,-0.6101,-0.7025,-0.7167,-0.7449,-0.7998,-0.8903,-1.0076,-1.1209,-1.1718,-1.0821,-0.9007,-0.7704,-0.716,-0.6852,-0.6071,-0.5171,0.1615,0.869,0.1455,-0.116,-0.0607,0.0949,0.0988,-0.0342,-0.1626,-0.2495,-0.2804,-0.2808,-0.3004,-0.3469,-0.4129,-0.4889,-0.5629,-0.6223,-0.6587,-0.6724,-0.6694,-0.7187,-0.7385,-0.7686,-0.8126,-0.8698,-0.9304,-0.9733,-0.9677,-0.893,-0.7784,-0.6982,-0.6319,-0.6306,-0.5969,-0.4405,0.0947,0.5744,0.1149,-0.0772,0.1128,0.5637,0.4593,0.1087,-0.0897,-0.1848,-0.225,-0.2446,-0.2798,-0.3459,-0.4396,-0.5501,-0.6576,-0.7366,-0.7724,-0.7705,-0.7469,-0.7234,-0.7424,-0.7673,-0.798,-0.8313,-0.8594,-0.87,-0.8504,-0.7978,-0.731,-0.6888,-0.6519,-0.6147,-0.5899,-0.4768,-0.2712,-0.1317,-0.2069,-0.2424,0.0413,0.6199,0.4959,0.1255,-0.0565,-0.1242,-0.1436,-0.1673,-0.2303,-0.3353,-0.4763,-0.6457,-0.8124,-0.9209,-0.9428,-0.9031,-0.8414,-0.7199,-0.7357,-0.754,-0.7737,-0.7917,-0.8028,-0.8008,-0.7813,-0.7461,-0.7057,-0.6712,-0.6371,-0.6052,-0.586,-0.5222,-0.4518,-0.3784,-0.4391,-0.5591,-0.268,0.0471,0.1074,0.0029,-0.0688,-0.0642,-0.0085,-0.0129,-0.1355,-0.3104,-0.5201,-0.7812,-1.053,-1.2043,-1.1779,-1.0625,-0.9419,-0.7114,-0.7233,-0.7358,-0.7476,-0.7562,-0.7588,-0.7522,-0.7352,-0.7096,-0.68,-0.65,-0.6197,-0.5911,-0.5657,-0.5694,-0.5783,-0.4656,-0.4532,-0.4861,-0.3337,-0.2025,-0.1184,-0.1031,-0.0896,-0.0003,0.2063,0.2475,-0.0249,-0.2908,-0.5605,-0.9237,-1.3468,-1.5478,-1.4243,-1.2042,-1.021,-0.7002,-0.7086,-0.7165,-0.7228,-0.7258,-0.7239,-0.7157,-0.7006,-0.6799,-0.6557,-0.6295,-0.6023,-0.5756,-0.5549,-0.5607,-0.5574,-0.4705,-0.4007,-0.3311,-0.3041,-0.2599,-0.1896,-0.1489,-0.1145,-0.0171,0.2282,0.284,-0.0777,-0.3252,-0.5785,-0.9629,-1.4609,-1.6878,-1.5113,-1.2477,-1.0439,-0.6877,-0.6932,-0.6976,-0.7002,-0.6999,-0.6956,-0.6866,-0.6729,-0.6549,-0.6338,-0.6104,-0.5857,-0.5609,-0.5391,-0.5229,-0.497,-0.4438,-0.3823,-0.3292,-0.2985,-0.2449,-0.1702,-0.1327,-0.1353,-0.1329,-0.1501,-0.3107,-0.3425,-0.4089,-0.5696,-0.846,-1.2196,-1.4239,-1.3401,-1.1583,-0.9986,-0.6749,-0.6781,-0.68,-0.6801,-0.6776,-0.6719,-0.6627,-0.6498,-0.6336,-0.6146,-0.5933,-0.5705,-0.5468,-0.5231,-0.4984,-0.4671,-0.4247,-0.3755,-0.3269,-0.2737,-0.1846,-0.0585,-0.0212,-0.1092,-0.2079,-0.3369,-0.4908,-0.4571,-0.487,-0.5615,-0.7004,-0.9109,-1.0633,-1.0753,-1.0018,-0.9106,-0.6625,-0.6638,-0.6639,-0.6622,-0.6583,-0.6518,-0.6425,-0.6302,-0.6152,-0.5978,-0.5782,-0.5569,-0.5341,-0.5098,-0.4831,-0.4517,-0.4139,-0.37,-0.3192,-0.2504,-0.1341,0.0359,0.0808,-0.0726,-0.2227,-0.3413,-0.4272,-0.4885,-0.5711,-0.5748,-0.6188,-0.7268,-0.8273,-0.8688,-0.8559,-0.8162,-0.6506,-0.6506,-0.6493,-0.6464,-0.6416,-0.6346,-0.6253,-0.6135,-0.5995,-0.5832,-0.565,-0.545,-0.5232,-0.4995,-0.4732,-0.4432,-0.4085,-0.3679,-0.3187,-0.2524,-0.1568,-0.0475,-0.0234,-0.1213,-0.2402,-0.3383,-0.4208,-0.51,-0.5814,-0.5757,-0.5861,-0.6395,-0.7004,-0.7388,-0.7479,-0.7358]}]