docs/data/wind_grid.json
[{"header":{"la1":42.85,"la2":41.18,"lo1":11.55,"lo2":14.05,"nx":36,"ny":24,"dx":0.07143,"dy":0.07261,"parameterCategory":2,"parameterNumber":2,"parameterNumberName":"eastward_wind","parameterUnit":"m.s-1"},"data":[-0.8399,-0.8424,-0.8446,-0.8465,-0.8479,-0.8482,-0.8466,-0.8421,-0.8341,-0.823,-0.8103,-0.7982,-0.7888,-0.7834,-0.7827,-0.7862,-0.7926,-0.7999,-0.8056,-0.8078,-0.8056,-0.7993,-0.7901,-0.7792,-0.7677,-0.7563,-0.7455,-0.7356,-0.7267,-0.7187,-0.7117,-0.7056,-0.7003,-0.6957,-0.6918,-0.6885,-0.85,-0.8535,-0.857,-0.8605,-0.864,-0.867,-0.8678,-0.8644,-0.8549,-0.8394,-0.8206,-0.8026,-0.7889,-0.7818,-0.782,-0.7892,-0.8012,-0.8147,-0.8254,-0.8297,-0.8264,-0.8168,-0.8032,-0.7881,-0.773,-0.7587,-0.7457,-0.7341,-0.7239,-0.7151,-0.7075,-0.7009,-0.6954,-0.6907,-0.6868,-0.6835,-0.8615,-0.8662,-0.8711,-0.8766,-0.8834,-0.8911,-0.8976,-0.8981,-0.8874,-0.8646,-0.8351,-0.8071,-0.7865,-0.7766,-0.7784,-0.7913,-0.8128,-0.8374,-0.8568,-0.8639,-0.8572,-0.8407,-0.8198,-0.7983,-0.7782,-0.7603,-0.7446,-0.7312,-0.7198,-0.7101,-0.702,-0.6952,-0.6896,-0.6849,-0.681,-0.6779,-0.8746,-0.8807,-0.887,-0.8946,-0.9055,-0.9212,-0.9397,-0.9514,-0.9417,-0.9056,-0.8561,-0.8108,-0.7795,-0.7655,-0.7693,-0.7909,-0.8282,-0.8731,-0.9089,-0.9194,-0.9033,-0.8727,-0.8393,-0.8087,-0.7823,-0.7602,-0.7417,-0.7264,-0.7138,-0.7035,-0.6951,-0.6882,-0.6826,-0.678,-0.6744,-0.6714,-0.8902,-0.8978,-0.9051,-0.914,-0.9286,-0.9553,-0.9969,-1.0384,-1.0377,-0.9734,-0.8839,-0.8103,-0.7641,-0.7445,-0.7504,-0.7837,-0.8459,-0.9286,-0.998,-1.0106,-0.9693,-0.9113,-0.859,-0.8169,-0.7836,-0.7571,-0.7359,-0.719,-0.7056,-0.6949,-0.6864,-0.6797,-0.6744,-0.6701,-0.6668,-0.6642,-0.9092,-0.9192,-0.9272,-0.935,-0.9493,-0.9847,-1.0608,-1.1705,-1.2032,-1.0732,-0.9088,-0.7969,-0.7347,-0.7087,-0.7152,-0.7602,-0.8546,-1.0009,-1.1387,-1.146,-1.0476,-0.9468,-0.8724,-0.8191,-0.7796,-0.7494,-0.7261,-0.7081,-0.6943,-0.6838,-0.6758,-0.6696,-0.6648,-0.661,-0.6582,-0.6561,-0.9333,-0.948,-0.9581,-0.9621,-0.9666,-0.9935,-1.0866,-1.279,-1.3736,-1.137,-0.8921,-0.7562,-0.6859,-0.6529,-0.6544,-0.7041,-0.824,-1.0325,-1.2549,-1.2493,-1.0883,-0.9567,-0.8706,-0.8114,-0.7682,-0.7355,-0.711,-0.6928,-0.6796,-0.6699,-0.6629,-0.6577,-0.6537,-0.6507,-0.6485,-0.647,-0.9638,-0.989,-1.0073,-1.009,-0.992,-0.979,-1.018,-1.1452,-1.1996,-0.9899,-0.7904,-0.6818,-0.6179,-0.5741,-0.5555,-0.5955,-0.7234,-0.9295,-1.1301,-1.1459,-1.0321,-0.9271,-0.8501,-0.7923,-0.7478,-0.7139,-0.6892,-0.6721,-0.6606,-0.6529,-0.6477,-0.6439,-0.6412,-0.6392,-0.6378,-0.6369,-0.9998,-1.0458,-1.0897,-1.1047,-1.0602,-0.9762,-0.9092,-0.8714,-0.8069,-0.7025,-0.6339,-0.5908,-0.542,-0.4758,-0.3975,-0.4026,-0.5682,-0.7777,-0.9286,-0.9751,-0.9418,-0.8811,-0.8189,-0.7633,-0.7173,-0.6825,-0.6589,-0.6446,-0.6367,-0.6325,-0.6302,-0.6286,-0.6273,-0.6264,-0.6259,-0.6258,-1.0347,-1.112,-1.2118,-1.2895,-1.224,-1.0251,-0.8448,-0.6812,-0.4811,-0.3916,-0.4741,-0.5111,-0.4761,-0.3849,-0.1739,-0.0713,-0.4236,-0.7284,-0.8872,-0.9314,-0.9067,-0.8508,-0.7865,-0.7253,-0.6741,-0.6375,-0.6169,-0.6088,-0.6077,-0.6092,-0.6108,-0.6118,-0.6122,-0.6124,-0.6127,-0.6135,-1.0542,-1.1575,-1.3219,-1.5194,-1.4608,-1.0931,-0.8325,-0.6233,-0.2023,-0.0039,-0.3633,-0.4676,-0.4255,-0.34,-0.1763,-0.0617,-0.4989,-0.8829,-1.0492,-1.0269,-0.9362,-0.8401,-0.7525,-0.675,-0.6117,-0.5717,-0.5585,-0.5632,-0.574,-0.5838,-0.5905,-0.5942,-0.596,-0.597,-0.5981,-0.5997,-1.0452,-1.1436,-1.2983,-1.4796,-1.4092,-1.053,-0.8498,-0.7726,-0.4822,-0.2507,-0.4365,-0.4711,-0.3775,-0.2345,-0.2603,-0.4483,-0.8329,-1.3778,-1.5116,-1.239,-0.9924,-0.8268,-0.707,-0.6058,-0.5195,-0.4727,-0.4777,-0.5083,-0.5383,-0.5589,-0.5706,-0.5763,-0.5787,-0.5799,-0.5814,-0.5838,-1.01,-1.0761,-1.1573,-1.2096,-1.1286,-0.9527,-0.8661,-0.8985,-0.8091,-0.6216,-0.5601,-0.495,-0.4026,-0.1483,-0.1918,-0.5997,-1.1284,-2.1682,-2.1866,-1.4082,-0.9893,-0.7734,-0.6404,-0.5211,-0.3941,-0.331,-0.3774,-0.4532,-0.5077,-0.5385,-0.553,-0.5583,-0.5595,-0.5599,-0.5615,-0.5652,-0.9645,-0.9984,-1.0261,-1.0237,-0.9699,-0.8942,-0.8564,-0.8657,-0.8241,-0.7204,-0.6418,-0.4985,-0.4475,-0.4939,-0.5217,-0.8081,-1.1883,-1.7176,-1.7619,-1.2093,-0.8275,-0.6403,-0.5508,-0.4529,-0.2945,-0.2081,-0.3065,-0.4241,-0.4938,-0.5269,-0.5385,-0.5392,-0.5363,-0.5347,-0.5367,-0.5423,-0.9221,-0.9363,-0.9415,-0.9292,-0.8977,-0.8608,-0.8365,-0.8231,-0.8004,-0.7814,-0.775,-0.7248,-0.6588,-0.6869,-0.7164,-1.1086,-1.492,-1.2549,-1.1057,-0.7923,-0.4727,-0.3859,-0.4327,-0.43,-0.3375,-0.2733,-0.3499,-0.4475,-0.5038,-0.5253,-0.5254,-0.5153,-0.5047,-0.5002,-0.5038,-0.5136,-0.888,-0.8927,-0.8906,-0.8794,-0.8604,-0.8397,-0.8238,-0.8146,-0.8172,-0.8565,-0.9556,-0.9709,-0.8847,-0.7903,-0.8372,-1.0889,-1.3241,-1.0471,-0.7802,-0.4222,0.0723,-0.0129,-0.3051,-0.4267,-0.438,-0.4313,-0.4647,-0.509,-0.532,-0.5298,-0.5084,-0.4789,-0.4558,-0.4492,-0.4585,-0.4774,-0.8622,-0.8628,-0.8591,-0.8506,-0.8388,-0.827,-0.8188,-0.8183,-0.8334,-0.8796,-0.9529,-0.9513,-1.024,-1.0646,-0.9223,-0.9311,-0.9161,-0.7362,-0.5366,-0.3154,0.1496,0.0373,-0.2896,-0.4487,-0.5147,-0.5485,-0.571,-0.5786,-0.5675,-0.5345,-0.4796,-0.4168,-0.3749,-0.3715,-0.3972,-0.4336,-0.843,-0.8421,-0.8385,-0.8326,-0.8254,-0.8191,-0.8163,-0.8203,-0.8353,-0.864,-0.8976,-0.9351,-1.0513,-1.0797,-0.9588,-0.911,-0.7767,-0.4806,-0.2538,-0.3711,-0.2825,-0.2786,-0.3978,-0.5057,-0.5873,-0.6492,-0.6702,-0.6484,-0.6054,-0.5377,-0.4334,-0.3126,-0.2436,-0.2604,-0.3222,-0.3871,-0.8284,-0.8271,-0.8243,-0.8204,-0.8162,-0.8133,-0.8133,-0.8184,-0.8302,-0.8488,-0.8725,-0.9038,-0.945,-0.9633,-1.015,-1.042,-0.7979,-0.5074,-0.3615,-0.479,-0.4702,-0.4555,-0.4921,-0.5614,-0.6512,-0.7462,-0.7665,-0.7097,-0.6435,-0.5469,-0.3838,-0.1765,-0.0753,-0.1397,-0.2548,-0.3515,-0.8171,-0.8159,-0.8138,-0.8113,-0.809,-0.8079,-0.8091,-0.8138,-0.8226,-0.8354,-0.8516,-0.871,-0.8921,-0.9187,-0.9824,-0.9898,-0.8028,-0.6224,-0.5808,-0.5987,-0.5417,-0.5127,-0.5254,-0.5817,-0.6721,-0.7677,-0.7868,-0.7377,-0.6807,-0.5806,-0.3889,-0.1249,-0.0035,-0.0976,-0.2373,-0.3452,-0.8081,-0.807,-0.8055,-0.8039,-0.8026,-0.8024,-0.8038,-0.8075,-0.8137,-0.8222,-0.8324,-0.8437,-0.8554,-0.8689,-0.8807,-0.8531,-0.7592,-0.6557,-0.6007,-0.5818,-0.5382,-0.4881,-0.4848,-0.5517,-0.652,-0.735,-0.7738,-0.7636,-0.7296,-0.6544,-0.4925,-0.2706,-0.1512,-0.1949,-0.2915,-0.3756,-0.8006,-0.7997,-0.7985,-0.7974,-0.7967,-0.7967,-0.7978,-0.8003,-0.8042,-0.8092,-0.8148,-0.82,-0.8238,-0.8242,-0.815,-0.784,-0.7272,-0.6623,-0.6091,-0.5617,-0.4833,-0.3652,-0.3367,-0.4664,-0.6175,-0.7319,-0.7944,-0.7906,-0.8103,-0.7735,-0.6436,-0.4787,-0.3689,-0.351,-0.3848,-0.4299,-0.7941,-0.7933,-0.7924,-0.7915,-0.7909,-0.7907,-0.7913,-0.7926,-0.7945,-0.7968,-0.7988,-0.7995,-0.7976,-0.791,-0.7757,-0.7478,-0.707,-0.6588,-0.6077,-0.5434,-0.4335,-0.262,-0.215,-0.3976,-0.5815,-0.7028,-0.771,-0.8425,-0.9617,-0.915,-0.7685,-0.6253,-0.5251,-0.4796,-0.4741,-0.4881,-0.7884,-0.7876,-0.7867,-0.7859,-0.7852,-0.7848,-0.7847,-0.7849,-0.7852,-0.7853,-0.7846,-0.7822,-0.7769,-0.7671,-0.7508,-0.7264,-0.6938,-0.6544,-0.6076,-0.5459,-0.4554,-0.3482,-0.3271,-0.4395,-0.5754,-0.6802,-0.7638,-0.8711,-0.9817,-0.9385,-0.8121,-0.6959,-0.6119,-0.5625,-0.5411,-0.5376]},{"header":{"la1":42.85,"la2":41.18,"lo1":11.55,"lo2":14.05,"nx":36,"ny":24,"dx":0.07143,"dy":0.07261,"parameterCategory":2,"parameterNumber":3,"parameterNumberName":"northward_wind","parameterUnit":"m.s-1"},"data":[-0.6226,-0.6234,-0.6231,-0.6215,-0.6186,-0.6143,-0.6089,-0.6026,-0.5955,-0.5871,-0.5767,-0.5634,-0.5468,-0.5265,-0.503,-0.477,-0.4504,-0.4251,-0.4038,-0.388,-0.3784,-0.374,-0.3732,-0.3746,-0.3771,-0.38,-0.3831,-0.3862,-0.3894,-0.3927,-0.396,-0.3995,-0.403,-0.4065,-0.41,-0.4134,-0.6315,-0.6328,-0.6328,-0.6312,-0.6278,-0.6226,-0.6163,-0.6094,-0.6026,-0.5952,-0.5858,-0.5728,-0.5549,-0.5316,-0.5032,-0.4705,-0.4358,-0.4026,-0.3754,-0.3574,-0.3492,-0.3486,-0.3523,-0.3577,-0.3635,-0.3688,-0.3737,-0.3783,-0.3826,-0.3868,-0.3911,-0.3953,-0.3996,-0.4038,-0.408,-0.412,-0.6407,-0.6427,-0.6431,-0.6413,-0.6369,-0.6299,-0.621,-0.6125,-0.6061,-0.6014,-0.5951,-0.5839,-0.5655,-0.5392,-0.5048,-0.4628,-0.4158,-0.3695,-0.3325,-0.312,-0.3084,-0.3158,-0.3273,-0.339,-0.349,-0.3573,-0.3643,-0.3703,-0.3758,-0.3811,-0.3863,-0.3914,-0.3965,-0.4016,-0.4065,-0.4111,-0.6501,-0.653,-0.6541,-0.6523,-0.6463,-0.6354,-0.6206,-0.6068,-0.6004,-0.602,-0.6037,-0.5974,-0.58,-0.5509,-0.5097,-0.4554,-0.3892,-0.3193,-0.2643,-0.2417,-0.2504,-0.2742,-0.2991,-0.3195,-0.3348,-0.3462,-0.3551,-0.3626,-0.3692,-0.3755,-0.3817,-0.3879,-0.3939,-0.3999,-0.4056,-0.411,-0.6594,-0.6636,-0.6659,-0.6646,-0.657,-0.6397,-0.6117,-0.5821,-0.5728,-0.5903,-0.6107,-0.6147,-0.6,-0.5691,-0.5215,-0.4526,-0.3579,-0.2447,-0.152,-0.1299,-0.1703,-0.2259,-0.2707,-0.3015,-0.3221,-0.3362,-0.3467,-0.3553,-0.363,-0.3703,-0.3776,-0.3848,-0.3919,-0.3989,-0.4055,-0.4117,-0.6682,-0.6738,-0.678,-0.6789,-0.6718,-0.6478,-0.5965,-0.5254,-0.5005,-0.5595,-0.6199,-0.6394,-0.628,-0.5967,-0.5459,-0.465,-0.3359,-0.1506,0.0208,0.0326,-0.0777,-0.1824,-0.2493,-0.2887,-0.3125,-0.328,-0.3393,-0.3487,-0.3572,-0.3656,-0.374,-0.3824,-0.3908,-0.399,-0.4066,-0.4137,-0.6752,-0.682,-0.6886,-0.6942,-0.6935,-0.6722,-0.6031,-0.4699,-0.4074,-0.5419,-0.6514,-0.6788,-0.6657,-0.6359,-0.5896,-0.5084,-0.3594,-0.1082,0.1622,0.1559,-0.0309,-0.1689,-0.2438,-0.2838,-0.3068,-0.3217,-0.3329,-0.3426,-0.3518,-0.3613,-0.371,-0.3809,-0.3908,-0.4004,-0.4093,-0.4173,-0.6794,-0.6854,-0.6928,-0.7042,-0.7188,-0.7221,-0.683,-0.5789,-0.5315,-0.6564,-0.7379,-0.7379,-0.7115,-0.6865,-0.6592,-0.5968,-0.4592,-0.231,0.0073,0.0278,-0.1007,-0.2011,-0.2563,-0.2863,-0.3042,-0.3168,-0.3271,-0.3368,-0.3468,-0.3575,-0.3689,-0.3806,-0.3924,-0.4036,-0.414,-0.4231,-0.6797,-0.6809,-0.6815,-0.692,-0.7274,-0.7803,-0.8192,-0.8359,-0.8701,-0.9118,-0.8808,-0.8094,-0.756,-0.7429,-0.7654,-0.7453,-0.6078,-0.4211,-0.2645,-0.2045,-0.2219,-0.253,-0.2756,-0.2908,-0.3022,-0.3121,-0.3215,-0.3313,-0.3421,-0.3544,-0.3678,-0.382,-0.3961,-0.4095,-0.4215,-0.4317,-0.6774,-0.6686,-0.6471,-0.6292,-0.6792,-0.8124,-0.9486,-1.0784,-1.2396,-1.2732,-1.062,-0.871,-0.7825,-0.7853,-0.9139,-0.9861,-0.7401,-0.5309,-0.4029,-0.3312,-0.2988,-0.2876,-0.2865,-0.2909,-0.2985,-0.3073,-0.3163,-0.3261,-0.3378,-0.352,-0.3682,-0.3856,-0.403,-0.419,-0.433,-0.4443,-0.6769,-0.659,-0.6084,-0.5251,-0.5652,-0.8247,-1.0619,-1.249,-1.5892,-1.7628,-1.2062,-0.8847,-0.7803,-0.7826,-0.8964,-0.9916,-0.7194,-0.5339,-0.4369,-0.3699,-0.3211,-0.2922,-0.2811,-0.2836,-0.2935,-0.3044,-0.3132,-0.322,-0.3341,-0.3506,-0.3708,-0.3928,-0.4144,-0.4339,-0.4501,-0.4623,-0.6824,-0.6683,-0.6234,-0.5486,-0.6053,-0.9073,-1.1952,-1.3582,-1.4519,-1.5025,-1.0906,-0.8264,-0.7641,-0.8191,-0.7808,-0.6912,-0.5628,-0.4878,-0.4476,-0.3714,-0.305,-0.2672,-0.2575,-0.2702,-0.2938,-0.3114,-0.3168,-0.3202,-0.3308,-0.3504,-0.3764,-0.4052,-0.433,-0.4569,-0.4752,-0.4877,-0.6925,-0.6937,-0.6879,-0.6952,-0.7925,-1.0184,-1.2895,-1.4941,-1.3828,-1.1382,-0.8857,-0.756,-0.7223,-0.8405,-0.7684,-0.5239,-0.3999,-0.5168,-0.5147,-0.3482,-0.2498,-0.208,-0.2129,-0.2542,-0.3126,-0.3438,-0.3325,-0.3199,-0.3269,-0.3515,-0.387,-0.4262,-0.4627,-0.4921,-0.5122,-0.5233,-0.7005,-0.7153,-0.7368,-0.7807,-0.8733,-1.0256,-1.2138,-1.37,-1.2679,-0.9486,-0.7313,-0.7456,-0.7453,-0.426,-0.4595,-0.2085,-0.0126,-0.2805,-0.3608,-0.2315,-0.1265,-0.0934,-0.1353,-0.2256,-0.3406,-0.3926,-0.3479,-0.3128,-0.3186,-0.3542,-0.406,-0.4617,-0.5108,-0.5464,-0.5664,-0.5728,-0.7009,-0.7213,-0.7501,-0.7942,-0.8608,-0.9482,-1.0361,-1.0675,-0.9487,-0.7168,-0.5425,-0.4826,-0.369,-0.0348,-0.2238,0.3479,1.046,0.2423,-0.0751,-0.0307,0.1221,0.1271,-0.0055,-0.1515,-0.2857,-0.347,-0.309,-0.2803,-0.301,-0.3599,-0.4398,-0.5223,-0.5898,-0.6311,-0.6457,-0.6407,-0.693,-0.7125,-0.7375,-0.7697,-0.8085,-0.8468,-0.8659,-0.8322,-0.7143,-0.5272,-0.3514,-0.2494,-0.2771,-0.2444,-0.1709,0.2859,0.742,0.2273,-0.0153,0.1472,0.5753,0.4767,0.1446,-0.0483,-0.152,-0.196,-0.1958,-0.209,-0.2691,-0.3717,-0.4997,-0.6269,-0.721,-0.7633,-0.7601,-0.7306,-0.6786,-0.694,-0.7116,-0.7306,-0.7479,-0.7563,-0.7433,-0.6933,-0.597,-0.466,-0.3515,-0.3157,-0.306,-0.2998,-0.2412,-0.0933,-0.0007,-0.1337,-0.2119,0.0669,0.6285,0.5136,0.1726,0.0177,-0.0219,-0.0126,-0.0196,-0.0895,-0.2188,-0.3933,-0.6015,-0.8059,-0.939,-0.9659,-0.9174,-0.8419,-0.6604,-0.6709,-0.6811,-0.6896,-0.693,-0.6863,-0.6625,-0.6159,-0.5466,-0.4666,-0.4003,-0.3587,-0.3249,-0.3155,-0.3222,-0.3009,-0.2751,-0.4285,-0.6215,-0.2595,0.0799,0.1502,0.0699,0.0408,0.1149,0.2529,0.2717,0.0933,-0.1519,-0.4262,-0.7555,-1.0943,-1.2824,-1.2506,-1.1089,-0.9611,-0.6406,-0.6466,-0.6509,-0.6521,-0.6477,-0.6345,-0.6093,-0.5706,-0.5208,-0.4673,-0.4199,-0.3831,-0.3587,-0.3606,-0.425,-0.4542,-0.3665,-0.4283,-0.5035,-0.2918,-0.15,-0.0602,-0.0227,0.0463,0.2523,0.6432,0.7245,0.2866,-0.1044,-0.4618,-0.9226,-1.4542,-1.7059,-1.5528,-1.2804,-1.0548,-0.6209,-0.6232,-0.6233,-0.62,-0.6115,-0.5962,-0.5728,-0.5412,-0.5037,-0.4644,-0.4282,-0.3988,-0.3805,-0.3832,-0.4227,-0.4337,-0.3676,-0.3299,-0.2479,-0.2048,-0.1933,-0.1347,-0.0788,0.0119,0.23,0.6846,0.7868,0.1997,-0.1515,-0.4745,-0.9618,-1.5937,-1.8806,-1.6593,-1.3311,-1.0794,-0.6022,-0.6017,-0.599,-0.593,-0.5828,-0.5674,-0.5464,-0.5203,-0.4906,-0.4599,-0.431,-0.4065,-0.3892,-0.3824,-0.3844,-0.3748,-0.3409,-0.2983,-0.2482,-0.2199,-0.1956,-0.1537,-0.1155,-0.0647,0.0157,0.0289,-0.2411,-0.2563,-0.2707,-0.4424,-0.7948,-1.2801,-1.5446,-1.4412,-1.2156,-1.0192,-0.5849,-0.5825,-0.578,-0.5706,-0.5597,-0.545,-0.5264,-0.5043,-0.4799,-0.4548,-0.4306,-0.409,-0.3914,-0.3781,-0.3666,-0.35,-0.324,-0.2912,-0.2567,-0.2245,-0.1848,-0.1388,-0.1212,-0.1225,-0.143,-0.2934,-0.5686,-0.4395,-0.3089,-0.3622,-0.5667,-0.8655,-1.0767,-1.1008,-1.0144,-0.9053,-0.5693,-0.5656,-0.5599,-0.5518,-0.541,-0.5273,-0.5106,-0.4916,-0.4709,-0.4495,-0.4285,-0.4089,-0.3911,-0.375,-0.359,-0.3402,-0.3169,-0.2893,-0.2586,-0.223,-0.175,-0.118,-0.1046,-0.1405,-0.1923,-0.2859,-0.3728,-0.3161,-0.2238,-0.2594,-0.4066,-0.603,-0.762,-0.8316,-0.8258,-0.7834,-0.5553,-0.5508,-0.5445,-0.5361,-0.5256,-0.5128,-0.4979,-0.4811,-0.4631,-0.4444,-0.4257,-0.4076,-0.3902,-0.3733,-0.356,-0.337,-0.3153,-0.2905,-0.2623,-0.2289,-0.1878,-0.1467,-0.1367,-0.1652,-0.2085,-0.2575,-0.2868,-0.2602,-0.2102,-0.2397,-0.3464,-0.4781,-0.5919,-0.6616,-0.6862,-0.6801]}]