docs/data/wind_grid.json
[{"header":{"la1":42.85,"la2":41.18,"lo1":11.55,"lo2":14.05,"nx":36,"ny":24,"dx":0.07143,"dy":0.07261,"parameterCategory":2,"parameterNumber":2,"parameterNumberName":"eastward_wind","parameterUnit":"m.s-1"},"data":[-0.6839,-0.6888,-0.6921,-0.6936,-0.6934,-0.6914,-0.687,-0.6797,-0.669,-0.6554,-0.6406,-0.627,-0.6166,-0.6101,-0.6075,-0.6072,-0.6067,-0.6026,-0.592,-0.574,-0.5512,-0.5295,-0.5148,-0.5093,-0.5111,-0.5164,-0.5222,-0.5269,-0.5301,-0.5317,-0.5321,-0.5316,-0.5305,-0.529,-0.5272,-0.5253,-0.7039,-0.7108,-0.7156,-0.7183,-0.7194,-0.7189,-0.716,-0.709,-0.6959,-0.6771,-0.6556,-0.636,-0.6217,-0.6144,-0.6136,-0.6174,-0.6216,-0.6203,-0.607,-0.5784,-0.5387,-0.5013,-0.48,-0.4784,-0.489,-0.5029,-0.5151,-0.5237,-0.529,-0.5317,-0.5326,-0.5322,-0.5309,-0.5293,-0.5273,-0.5252,-0.7278,-0.7375,-0.7443,-0.7484,-0.7511,-0.7536,-0.7552,-0.7515,-0.7364,-0.7089,-0.6755,-0.6454,-0.6249,-0.6162,-0.6188,-0.6299,-0.6438,-0.6505,-0.636,-0.5887,-0.5134,-0.4418,-0.4113,-0.4248,-0.4567,-0.4867,-0.5083,-0.5217,-0.5292,-0.5327,-0.5337,-0.5331,-0.5316,-0.5296,-0.5274,-0.5251,-0.7567,-0.7706,-0.7802,-0.7854,-0.7893,-0.7966,-0.809,-0.8172,-0.8029,-0.7594,-0.7028,-0.6541,-0.6238,-0.6132,-0.6209,-0.6437,-0.676,-0.7032,-0.6966,-0.6203,-0.4672,-0.3132,-0.275,-0.3391,-0.417,-0.4722,-0.505,-0.5227,-0.5314,-0.535,-0.5355,-0.5344,-0.5325,-0.5301,-0.5275,-0.5249,-0.7917,-0.8129,-0.8271,-0.8323,-0.8341,-0.8461,-0.8809,-0.925,-0.9226,-0.8432,-0.7382,-0.6582,-0.6142,-0.6016,-0.6158,-0.655,-0.718,-0.7922,-0.8271,-0.7229,-0.415,-0.059,-0.0421,-0.2385,-0.3889,-0.4699,-0.5098,-0.5285,-0.5364,-0.5387,-0.5381,-0.5361,-0.5334,-0.5305,-0.5275,-0.5246,-0.834,-0.8686,-0.8929,-0.8974,-0.887,-0.8934,-0.9616,-1.0971,-1.1427,-0.971,-0.7702,-0.6473,-0.5902,-0.5768,-0.5975,-0.654,-0.7567,-0.9169,-1.0807,-0.9956,-0.5084,0.1085,0.0841,-0.2313,-0.4116,-0.4922,-0.5264,-0.5399,-0.544,-0.5436,-0.5412,-0.5379,-0.5343,-0.5307,-0.5272,-0.524,-0.8815,-0.9405,-0.991,-1.0005,-0.9578,-0.924,-0.9969,-1.2495,-1.3907,-1.0572,-0.7515,-0.6045,-0.5459,-0.535,-0.5596,-0.6258,-0.7561,-0.9928,-1.3282,-1.2915,-0.8333,-0.3997,-0.2951,-0.4154,-0.5014,-0.5393,-0.5526,-0.5551,-0.553,-0.549,-0.5443,-0.5395,-0.5349,-0.5306,-0.5266,-0.523,-0.9255,-1.0203,-1.1298,-1.1751,-1.0669,-0.9359,-0.9202,-1.067,-1.142,-0.8664,-0.6277,-0.5208,-0.4818,-0.4763,-0.4976,-0.5599,-0.6886,-0.9002,-1.1399,-1.1669,-1.1262,-0.9947,-0.7612,-0.649,-0.6101,-0.5922,-0.58,-0.5699,-0.5612,-0.5535,-0.5466,-0.5405,-0.5349,-0.53,-0.5255,-0.5216,-0.9482,-1.0685,-1.245,-1.373,-1.1694,-0.9309,-0.7939,-0.7235,-0.6317,-0.4999,-0.431,-0.4128,-0.4075,-0.4066,-0.4092,-0.4507,-0.5826,-0.7648,-0.9443,-1.1441,-1.5168,-1.4158,-1.0115,-0.7863,-0.6807,-0.628,-0.5984,-0.5797,-0.5664,-0.5561,-0.5477,-0.5405,-0.5342,-0.5286,-0.5238,-0.5196,-0.9375,-1.0441,-1.1763,-1.2483,-1.106,-0.8986,-0.6998,-0.4863,-0.2015,-0.0745,-0.2129,-0.3099,-0.3364,-0.338,-0.3011,-0.2814,-0.4903,-0.704,-0.8741,-1.0704,-1.3457,-1.2889,-0.999,-0.8022,-0.6948,-0.6365,-0.6032,-0.5823,-0.5677,-0.5565,-0.5472,-0.5393,-0.5324,-0.5264,-0.5213,-0.5169,-0.9017,-0.9842,-1.0718,-1.1496,-1.109,-0.8835,-0.6786,-0.4245,0.2096,0.5251,-0.0456,-0.2456,-0.2709,-0.2672,-0.2749,-0.2707,-0.5218,-0.7762,-0.9165,-0.9695,-1.0139,-0.9789,-0.8575,-0.7427,-0.6665,-0.6222,-0.5962,-0.5789,-0.5657,-0.5548,-0.5453,-0.537,-0.5296,-0.5232,-0.5178,-0.5133,-0.8532,-0.92,-1.0058,-1.1102,-1.0639,-0.8521,-0.7542,-0.714,-0.24,0.1405,-0.1381,-0.2359,-0.2061,-0.1098,-0.2308,-0.4189,-0.6963,-1.1182,-1.2363,-1.0311,-0.8898,-0.806,-0.7309,-0.6661,-0.6225,-0.5989,-0.5849,-0.5731,-0.5622,-0.552,-0.5425,-0.5336,-0.5256,-0.5186,-0.513,-0.5085,-0.7963,-0.8421,-0.8923,-0.924,-0.878,-0.7964,-0.8331,-1.0016,-0.7933,-0.3958,-0.276,-0.2399,-0.1981,-0.0834,-0.227,-0.4894,-0.8342,-1.8533,-1.8966,-1.1357,-0.8229,-0.6924,-0.6306,-0.5995,-0.5879,-0.5855,-0.5791,-0.5692,-0.5593,-0.5493,-0.5392,-0.5292,-0.5199,-0.5122,-0.5063,-0.5021,-0.7371,-0.7618,-0.7806,-0.7807,-0.7543,-0.7347,-0.7813,-0.88,-0.7609,-0.4556,-0.2942,-0.2255,-0.2083,-0.2056,-0.3631,-0.5883,-0.7628,-1.3037,-1.4183,-0.948,-0.6672,-0.5519,-0.5287,-0.5453,-0.5773,-0.593,-0.5803,-0.5677,-0.558,-0.5476,-0.5357,-0.5231,-0.5117,-0.5027,-0.4967,-0.4933,-0.682,-0.6919,-0.6947,-0.6863,-0.6686,-0.6558,-0.6593,-0.6477,-0.5372,-0.3579,-0.2405,-0.2124,-0.1769,-0.0251,-0.401,-0.6395,-1.1288,-0.8888,-0.8004,-0.591,-0.3785,-0.3317,-0.401,-0.483,-0.5512,-0.5791,-0.5735,-0.5675,-0.5604,-0.5483,-0.5318,-0.514,-0.4985,-0.488,-0.4827,-0.4813,-0.634,-0.6349,-0.6297,-0.6172,-0.5987,-0.5772,-0.5496,-0.4969,-0.3949,-0.2462,-0.08,-0.1794,-0.1919,-0.2055,-0.3751,-0.6701,-0.9597,-0.6924,-0.4899,-0.2742,0.034,-0.0341,-0.2646,-0.4125,-0.5042,-0.5522,-0.5728,-0.5793,-0.5724,-0.5535,-0.5264,-0.4978,-0.4754,-0.4637,-0.4616,-0.4649,-0.5935,-0.5888,-0.579,-0.5635,-0.542,-0.5138,-0.4749,-0.4169,-0.3319,-0.2184,-0.0988,-0.1505,-0.1592,-0.1555,-0.2689,-0.3923,-0.4532,-0.328,-0.1742,-0.1008,0.1094,0.0281,-0.2105,-0.3768,-0.4954,-0.5764,-0.6181,-0.623,-0.6025,-0.565,-0.5161,-0.4665,-0.4327,-0.4234,-0.4309,-0.4439,-0.5596,-0.5515,-0.5389,-0.5214,-0.4981,-0.4681,-0.4289,-0.3779,-0.3148,-0.2466,-0.1958,-0.1791,-0.1441,-0.1229,-0.0792,-0.0619,-0.1326,0.0211,0.2408,0.0332,-0.0365,-0.1,-0.2319,-0.3862,-0.5466,-0.6852,-0.7396,-0.7108,-0.6539,-0.5831,-0.4961,-0.407,-0.3565,-0.361,-0.3909,-0.4204,-0.5316,-0.5213,-0.5073,-0.4889,-0.4656,-0.4366,-0.4011,-0.359,-0.312,-0.2655,-0.2264,-0.1927,-0.1475,-0.0463,0.3019,0.456,0.0806,0.0847,0.1949,0.122,0.0033,-0.1073,-0.2314,-0.4025,-0.6307,-0.8677,-0.9222,-0.8211,-0.719,-0.6092,-0.4717,-0.3211,-0.2505,-0.2887,-0.3531,-0.4017,-0.5084,-0.497,-0.4823,-0.464,-0.4417,-0.4151,-0.384,-0.3491,-0.3117,-0.2743,-0.2377,-0.1974,-0.1367,-0.0081,0.2628,0.3509,0.1098,0.0698,0.2059,0.2707,0.0797,-0.0433,-0.1659,-0.3673,-0.6517,-0.9209,-0.9743,-0.903,-0.7883,-0.6507,-0.4802,-0.287,-0.2033,-0.2626,-0.343,-0.3981,-0.4893,-0.4774,-0.4628,-0.4452,-0.4243,-0.4003,-0.3731,-0.3434,-0.3119,-0.2793,-0.2448,-0.2042,-0.1479,-0.0615,0.0434,0.0772,0.0332,0.0403,0.1257,0.1604,0.108,0.1067,0.0396,-0.2185,-0.5824,-0.9143,-1.1516,-1.0681,-0.8636,-0.7071,-0.5499,-0.3836,-0.2991,-0.3218,-0.3733,-0.4135,-0.4737,-0.4618,-0.4475,-0.4309,-0.4117,-0.39,-0.3661,-0.3402,-0.3128,-0.2838,-0.2524,-0.2164,-0.1722,-0.1194,-0.0691,-0.0421,-0.0329,-0.0086,0.0397,0.0949,0.2136,0.4815,0.5364,0.0865,-0.4565,-0.9481,-1.3419,-1.1552,-0.8737,-0.7527,-0.6362,-0.5125,-0.4324,-0.4127,-0.4238,-0.4404,-0.461,-0.4493,-0.4357,-0.4201,-0.4025,-0.383,-0.3617,-0.3389,-0.3147,-0.2891,-0.2614,-0.231,-0.1972,-0.1614,-0.1284,-0.1028,-0.0803,-0.0491,0.0017,0.0973,0.3293,0.7946,0.9372,0.3291,-0.2984,-0.7475,-0.9835,-0.9143,-0.8131,-0.7813,-0.6929,-0.593,-0.5198,-0.4819,-0.4689,-0.4675,-0.4507,-0.4394,-0.4265,-0.412,-0.3959,-0.3783,-0.3593,-0.3391,-0.3177,-0.2951,-0.2711,-0.2457,-0.2188,-0.1917,-0.1657,-0.1416,-0.116,-0.0822,-0.0285,0.0704,0.2623,0.5363,0.5824,0.2136,-0.2308,-0.5605,-0.7397,-0.7879,-0.8019,-0.7786,-0.7027,-0.6225,-0.5605,-0.5207,-0.4987,-0.4879]},{"header":{"la1":42.85,"la2":41.18,"lo1":11.55,"lo2":14.05,"nx":36,"ny":24,"dx":0.07143,"dy":0.07261,"parameterCategory":2,"parameterNumber":3,"parameterNumberName":"northward_wind","parameterUnit":"m.s-1"},"data":[-0.5892,-0.5836,-0.5761,-0.5665,-0.5551,-0.5426,-0.5301,-0.5188,-0.5095,-0.502,-0.4952,-0.4873,-0.4774,-0.4648,-0.4502,-0.4348,-0.4205,-0.4098,-0.4048,-0.4064,-0.413,-0.4212,-0.4274,-0.43,-0.4297,-0.4286,-0.4281,-0.4289,-0.4314,-0.4353,-0.4404,-0.4464,-0.4529,-0.4598,-0.4668,-0.4737,-0.598,-0.5921,-0.5836,-0.572,-0.5574,-0.5408,-0.5239,-0.5096,-0.4998,-0.4944,-0.4908,-0.4855,-0.4764,-0.4626,-0.4448,-0.4248,-0.4055,-0.3912,-0.3864,-0.3934,-0.4097,-0.4274,-0.438,-0.4392,-0.4347,-0.4293,-0.426,-0.4254,-0.4275,-0.4317,-0.4375,-0.4443,-0.4518,-0.4597,-0.4675,-0.4753,-0.6083,-0.6025,-0.5931,-0.579,-0.5598,-0.536,-0.5109,-0.4902,-0.4795,-0.4791,-0.483,-0.4838,-0.4772,-0.4624,-0.4403,-0.4133,-0.3855,-0.3639,-0.3581,-0.3754,-0.4128,-0.451,-0.4679,-0.4613,-0.4455,-0.4317,-0.4237,-0.4213,-0.4231,-0.4278,-0.4346,-0.4425,-0.4512,-0.4602,-0.4691,-0.4778,-0.6205,-0.6153,-0.6055,-0.589,-0.5634,-0.5279,-0.486,-0.4501,-0.4366,-0.4486,-0.4697,-0.4829,-0.4815,-0.4659,-0.4384,-0.4013,-0.3589,-0.3213,-0.3085,-0.3432,-0.4277,-0.5154,-0.5378,-0.5028,-0.461,-0.4334,-0.4197,-0.4156,-0.4177,-0.4235,-0.4317,-0.4412,-0.4513,-0.4616,-0.4718,-0.4815,-0.6343,-0.6309,-0.6222,-0.6044,-0.5721,-0.5189,-0.4438,-0.3685,-0.3443,-0.3889,-0.4499,-0.4859,-0.4924,-0.4762,-0.4425,-0.3922,-0.3264,-0.2543,-0.2125,-0.2659,-0.4474,-0.6567,-0.6673,-0.555,-0.4709,-0.4284,-0.4111,-0.4074,-0.411,-0.4188,-0.429,-0.4405,-0.4524,-0.4644,-0.4759,-0.4867,-0.6495,-0.6492,-0.6439,-0.6283,-0.5926,-0.5203,-0.3902,-0.2168,-0.1532,-0.2884,-0.4327,-0.5007,-0.5141,-0.4967,-0.4575,-0.3943,-0.2984,-0.1635,-0.0326,-0.0799,-0.3824,-0.7533,-0.7392,-0.5547,-0.4519,-0.4095,-0.3959,-0.3961,-0.4032,-0.4141,-0.427,-0.4409,-0.455,-0.4688,-0.4819,-0.4939,-0.6646,-0.6683,-0.6689,-0.6606,-0.6309,-0.5549,-0.3828,-0.0718,0.0771,-0.2208,-0.4578,-0.5408,-0.5506,-0.5301,-0.4897,-0.4206,-0.3036,-0.1104,0.1432,0.1201,-0.1795,-0.4463,-0.5109,-0.441,-0.3931,-0.3757,-0.3749,-0.3826,-0.395,-0.4099,-0.4262,-0.443,-0.4597,-0.4756,-0.4903,-0.5036,-0.6777,-0.6845,-0.6909,-0.6923,-0.6775,-0.6302,-0.5088,-0.2769,-0.1706,-0.4054,-0.5749,-0.6135,-0.6006,-0.5767,-0.5462,-0.4852,-0.3666,-0.1869,0.0028,0.0276,0.0018,-0.0783,-0.2236,-0.2944,-0.3212,-0.3373,-0.3526,-0.3693,-0.3876,-0.4071,-0.4273,-0.4475,-0.4671,-0.4855,-0.5021,-0.5167,-0.6873,-0.6942,-0.7014,-0.7059,-0.7054,-0.7119,-0.7031,-0.677,-0.7,-0.7678,-0.7626,-0.7049,-0.6533,-0.6318,-0.6412,-0.6112,-0.474,-0.3034,-0.152,-0.0008,0.2525,0.1892,-0.0643,-0.2032,-0.2699,-0.3074,-0.3346,-0.3586,-0.3824,-0.4067,-0.4313,-0.4555,-0.4785,-0.4996,-0.5182,-0.5339,-0.6937,-0.6975,-0.6984,-0.6991,-0.7118,-0.7781,-0.8719,-0.9879,-1.1575,-1.1988,-0.9803,-0.787,-0.692,-0.6779,-0.7897,-0.8606,-0.583,-0.3711,-0.226,-0.0643,0.1381,0.1093,-0.0653,-0.1824,-0.2494,-0.2916,-0.3233,-0.3518,-0.3802,-0.4095,-0.4391,-0.468,-0.4951,-0.5193,-0.5399,-0.5567,-0.6994,-0.6995,-0.6841,-0.6365,-0.663,-0.8298,-1.0144,-1.1969,-1.5643,-1.7616,-1.1522,-0.8215,-0.7091,-0.6933,-0.7735,-0.8613,-0.5443,-0.3622,-0.2658,-0.1729,-0.0878,-0.0785,-0.1362,-0.2002,-0.2501,-0.287,-0.3177,-0.3481,-0.3809,-0.416,-0.4519,-0.4869,-0.519,-0.5468,-0.5694,-0.5866,-0.7065,-0.7084,-0.6934,-0.651,-0.6935,-0.9147,-1.1656,-1.334,-1.4311,-1.483,-1.0549,-0.7869,-0.7209,-0.7959,-0.6729,-0.4914,-0.3487,-0.3132,-0.2948,-0.2261,-0.1724,-0.1576,-0.179,-0.2185,-0.2581,-0.2884,-0.3145,-0.3459,-0.3842,-0.4271,-0.4716,-0.5146,-0.5532,-0.5852,-0.6094,-0.626,-0.7147,-0.7248,-0.7321,-0.7478,-0.8258,-1.0119,-1.2705,-1.4902,-1.371,-1.1257,-0.8795,-0.7453,-0.6985,-0.8234,-0.6242,-0.1844,-0.1006,-0.372,-0.3929,-0.2285,-0.1669,-0.1548,-0.178,-0.2232,-0.2692,-0.2936,-0.3107,-0.3436,-0.3904,-0.4446,-0.5012,-0.5554,-0.6025,-0.6391,-0.664,-0.6779,-0.7204,-0.7381,-0.7619,-0.8028,-0.8826,-1.0185,-1.2007,-1.3615,-1.2645,-0.9722,-0.7747,-0.7632,-0.7472,-0.412,-0.1629,0.4345,0.3364,-0.0783,-0.2221,-0.1423,-0.0882,-0.0845,-0.1348,-0.2107,-0.2805,-0.302,-0.3072,-0.3437,-0.4022,-0.4721,-0.546,-0.6163,-0.6748,-0.7161,-0.7389,-0.7462,-0.7207,-0.7413,-0.7691,-0.8098,-0.8704,-0.9524,-1.0398,-1.0794,-0.9891,-0.816,-0.6932,-0.6258,-0.4701,-0.2112,0.0241,0.615,0.9652,0.3154,0.0117,0.0015,0.1073,0.0944,-0.0398,-0.1697,-0.2599,-0.293,-0.3063,-0.3501,-0.4227,-0.514,-0.6138,-0.7086,-0.7832,-0.8278,-0.8425,-0.8355,-0.715,-0.7343,-0.7587,-0.7899,-0.8282,-0.8687,-0.8964,-0.8844,-0.8142,-0.7192,-0.6779,-0.6132,-0.5422,-0.3668,-0.111,0.3409,0.6951,0.2513,0.013,0.1286,0.5495,0.4364,0.0814,-0.1163,-0.2137,-0.2595,-0.2938,-0.3532,-0.4485,-0.5735,-0.7155,-0.8514,-0.95,-0.9923,-0.9851,-0.9494,-0.7046,-0.7204,-0.7388,-0.7594,-0.7802,-0.7962,-0.7981,-0.7759,-0.7294,-0.6811,-0.6676,-0.6337,-0.6896,-0.6984,-0.3576,-0.1069,-0.0001,-0.1301,-0.2284,0.027,0.6067,0.4707,0.0844,-0.1031,-0.1744,-0.1974,-0.2341,-0.325,-0.4676,-0.6503,-0.8646,-1.0749,-1.2112,-1.2338,-1.1747,-1.0868,-0.6912,-0.7031,-0.7155,-0.7276,-0.7371,-0.7406,-0.7336,-0.7134,-0.6832,-0.6541,-0.6358,-0.6351,-0.7268,-0.7374,-0.5612,-0.4711,-0.3623,-0.4882,-0.7145,-0.3191,0.0134,0.0625,-0.0576,-0.1387,-0.1262,-0.0456,-0.0534,-0.2315,-0.4709,-0.74,-1.0675,-1.4133,-1.6083,-1.5654,-1.4018,-1.2328,-0.6767,-0.6848,-0.6925,-0.6985,-0.7014,-0.699,-0.6896,-0.6728,-0.6514,-0.6305,-0.6156,-0.6135,-0.6307,-0.6506,-0.8051,-0.8901,-0.5588,-0.52,-0.5842,-0.3518,-0.2335,-0.1868,-0.2016,-0.196,-0.0658,0.2638,0.3325,-0.1044,-0.4874,-0.8317,-1.2803,-1.8222,-2.0908,-1.9149,-1.6057,-1.3505,-0.6621,-0.6672,-0.6713,-0.6734,-0.6725,-0.6676,-0.6579,-0.6438,-0.6272,-0.6107,-0.5978,-0.592,-0.5985,-0.6383,-0.7751,-0.8126,-0.58,-0.4385,-0.2891,-0.2203,-0.2919,-0.3137,-0.3242,-0.2919,-0.1362,0.282,0.3801,-0.2431,-0.6006,-0.9082,-1.3637,-1.9861,-2.2877,-2.0417,-1.6752,-1.3924,-0.6482,-0.651,-0.6525,-0.6521,-0.6492,-0.6432,-0.6339,-0.6218,-0.608,-0.5942,-0.5825,-0.5754,-0.577,-0.5952,-0.6269,-0.6114,-0.5208,-0.4227,-0.3301,-0.3011,-0.3653,-0.4389,-0.4701,-0.4416,-0.3947,-0.4356,-0.7726,-0.7921,-0.8118,-0.9715,-1.2662,-1.6944,-1.9396,-1.8189,-1.5668,-1.3439,-0.6354,-0.6365,-0.6363,-0.6343,-0.6303,-0.6239,-0.6152,-0.6045,-0.5926,-0.5805,-0.5696,-0.5613,-0.5572,-0.5574,-0.5551,-0.5337,-0.4891,-0.4387,-0.4026,-0.4095,-0.4883,-0.6241,-0.67,-0.5972,-0.5997,-0.8113,-1.1632,-1.0443,-1.0082,-1.0602,-1.158,-1.3502,-1.4991,-1.4893,-1.3754,-1.2405,-0.6239,-0.6237,-0.6223,-0.6195,-0.6149,-0.6085,-0.6004,-0.5908,-0.5802,-0.5694,-0.559,-0.5498,-0.5421,-0.5347,-0.5243,-0.5065,-0.482,-0.4593,-0.4524,-0.4822,-0.5787,-0.7444,-0.7902,-0.6822,-0.6762,-0.8085,-0.9662,-1.0613,-1.2285,-1.1899,-1.1285,-1.168,-1.2318,-1.2451,-1.2014,-1.1291,-0.6136,-0.6126,-0.6104,-0.6071,-0.6023,-0.5961,-0.5885,-0.5798,-0.5703,-0.5605,-0.5507,-0.5413,-0.5323,-0.5229,-0.5121,-0.4991,-0.4857,-0.4775,-0.4835,-0.5163,-0.5885,-0.6838,-0.7144,-0.6787,-0.6923,-0.7796,-0.9063,-1.0806,-1.2554,-1.2074,-1.1078,-1.0802,-1.0908,-1.0944,-1.0739,-1.034]}]