docs/data/wind_grid.json
[{"header":{"la1":42.85,"la2":41.18,"lo1":11.55,"lo2":14.05,"nx":36,"ny":24,"dx":0.07143,"dy":0.07261,"parameterCategory":2,"parameterNumber":2,"parameterNumberName":"eastward_wind","parameterUnit":"m.s-1"},"data":[-0.6102,-0.6199,-0.6304,-0.6412,-0.6518,-0.6606,-0.6659,-0.6658,-0.6589,-0.6449,-0.6252,-0.6015,-0.5757,-0.5493,-0.5228,-0.4971,-0.4731,-0.4524,-0.4365,-0.4268,-0.4232,-0.4246,-0.4292,-0.4353,-0.4416,-0.4474,-0.4524,-0.4564,-0.4595,-0.4618,-0.4635,-0.4647,-0.4655,-0.466,-0.4663,-0.4664,-0.6163,-0.6284,-0.642,-0.6572,-0.673,-0.6878,-0.6987,-0.7021,-0.695,-0.677,-0.6504,-0.6189,-0.5856,-0.5522,-0.5191,-0.4864,-0.4551,-0.4277,-0.4073,-0.3966,-0.3955,-0.4016,-0.4115,-0.4224,-0.4325,-0.441,-0.4478,-0.453,-0.4569,-0.4597,-0.4617,-0.463,-0.4639,-0.4643,-0.4646,-0.4647,-0.6215,-0.636,-0.6533,-0.6738,-0.6971,-0.7214,-0.7424,-0.7532,-0.7469,-0.722,-0.6838,-0.6403,-0.597,-0.5552,-0.514,-0.4723,-0.4303,-0.3918,-0.3637,-0.352,-0.3566,-0.3717,-0.3905,-0.4084,-0.4234,-0.4351,-0.4439,-0.4503,-0.4549,-0.458,-0.4601,-0.4615,-0.4623,-0.4627,-0.4629,-0.4629,-0.625,-0.6418,-0.6629,-0.6895,-0.7226,-0.7615,-0.801,-0.8279,-0.825,-0.7869,-0.7276,-0.6653,-0.6088,-0.5578,-0.5082,-0.4553,-0.3972,-0.3392,-0.2965,-0.2842,-0.3017,-0.3339,-0.3671,-0.3947,-0.4156,-0.4307,-0.4413,-0.4486,-0.4535,-0.4568,-0.4589,-0.4601,-0.4608,-0.4611,-0.4611,-0.461,-0.6262,-0.6445,-0.6687,-0.7012,-0.7454,-0.8047,-0.8765,-0.939,-0.9471,-0.8809,-0.7811,-0.6901,-0.6184,-0.5595,-0.5031,-0.4386,-0.3577,-0.2645,-0.1914,-0.1806,-0.2272,-0.2906,-0.3449,-0.3842,-0.411,-0.4287,-0.4404,-0.4481,-0.453,-0.4562,-0.458,-0.459,-0.4594,-0.4594,-0.4592,-0.4589,-0.6244,-0.6432,-0.6687,-0.7046,-0.7577,-0.8383,-0.9565,-1.0909,-1.1304,-1.0024,-0.8311,-0.7047,-0.6209,-0.5593,-0.5016,-0.4299,-0.3239,-0.1755,-0.043,-0.0395,-0.144,-0.2541,-0.332,-0.3812,-0.4115,-0.4302,-0.4418,-0.449,-0.4534,-0.456,-0.4574,-0.4579,-0.4579,-0.4575,-0.457,-0.4565,-0.6195,-0.6373,-0.6614,-0.6962,-0.7498,-0.838,-0.9883,-1.2048,-1.2957,-1.0776,-0.837,-0.6939,-0.6115,-0.5561,-0.5059,-0.4394,-0.3255,-0.1336,0.0672,0.0602,-0.1063,-0.251,-0.3395,-0.39,-0.4188,-0.4355,-0.4454,-0.4512,-0.4546,-0.4563,-0.4569,-0.4568,-0.4562,-0.4554,-0.4545,-0.4537,-0.6119,-0.6271,-0.6474,-0.6759,-0.7187,-0.788,-0.9058,-1.0765,-1.1406,-0.9526,-0.7623,-0.6525,-0.5896,-0.549,-0.515,-0.4697,-0.3848,-0.2294,-0.0556,-0.0511,-0.1851,-0.3026,-0.3728,-0.4112,-0.4321,-0.4438,-0.4505,-0.4542,-0.4561,-0.4567,-0.4564,-0.4555,-0.4542,-0.4528,-0.4515,-0.4504,-0.6024,-0.6143,-0.6292,-0.6485,-0.6744,-0.7105,-0.7591,-0.8064,-0.7995,-0.7262,-0.6528,-0.5987,-0.5609,-0.537,-0.5227,-0.5085,-0.4761,-0.4071,-0.3238,-0.3014,-0.3436,-0.3917,-0.4227,-0.4396,-0.4484,-0.4533,-0.456,-0.4574,-0.4577,-0.4571,-0.4557,-0.4538,-0.4516,-0.4495,-0.4476,-0.4462,-0.5919,-0.6005,-0.6103,-0.6212,-0.6327,-0.6435,-0.6494,-0.6398,-0.6046,-0.5786,-0.5731,-0.5546,-0.5316,-0.5174,-0.5198,-0.5396,-0.5643,-0.5716,-0.5495,-0.5164,-0.4935,-0.4804,-0.4719,-0.4662,-0.4628,-0.4611,-0.4605,-0.4599,-0.4588,-0.457,-0.4545,-0.4514,-0.4481,-0.4451,-0.4426,-0.4408,-0.5816,-0.5874,-0.5933,-0.5987,-0.6025,-0.6029,-0.5972,-0.5793,-0.5307,-0.5079,-0.5356,-0.5275,-0.5045,-0.4864,-0.4947,-0.5535,-0.6514,-0.7448,-0.7603,-0.6929,-0.6093,-0.5457,-0.5053,-0.4821,-0.4702,-0.4649,-0.4627,-0.4614,-0.4595,-0.4566,-0.4526,-0.4479,-0.4432,-0.439,-0.4358,-0.4337,-0.5718,-0.5757,-0.5793,-0.5822,-0.5839,-0.5841,-0.5836,-0.5805,-0.5503,-0.5247,-0.5302,-0.5184,-0.4869,-0.4665,-0.4286,-0.5501,-0.7639,-1.0283,-1.0632,-0.8657,-0.6863,-0.5739,-0.5113,-0.4803,-0.4672,-0.4632,-0.4627,-0.4622,-0.4601,-0.4559,-0.4499,-0.443,-0.4362,-0.4305,-0.4265,-0.4243,-0.5629,-0.5655,-0.5679,-0.57,-0.5721,-0.5755,-0.5832,-0.5953,-0.5803,-0.547,-0.5353,-0.5457,-0.5029,-0.3932,-0.3319,-0.5684,-0.8804,-1.4274,-1.4286,-0.9696,-0.6879,-0.5442,-0.4792,-0.4562,-0.4529,-0.457,-0.4617,-0.4638,-0.4617,-0.4555,-0.4462,-0.4356,-0.4257,-0.4181,-0.4134,-0.4116,-0.5546,-0.5563,-0.5579,-0.5595,-0.5619,-0.5662,-0.5744,-0.5841,-0.5719,-0.5381,-0.5299,-0.6005,-0.6017,-0.338,-0.4524,-0.6772,-0.9347,-1.1895,-1.1856,-0.8263,-0.557,-0.4305,-0.4,-0.4101,-0.4307,-0.4502,-0.4637,-0.4692,-0.4662,-0.4558,-0.4407,-0.4241,-0.4096,-0.3995,-0.3947,-0.3943,-0.547,-0.5479,-0.5487,-0.5495,-0.5507,-0.5527,-0.555,-0.5532,-0.5364,-0.5074,-0.4914,-0.5025,-0.4638,-0.3981,-0.5143,-0.9179,-1.3003,-0.9745,-0.7762,-0.5181,-0.2707,-0.2105,-0.2771,-0.3527,-0.4106,-0.4511,-0.4751,-0.483,-0.4762,-0.4577,-0.432,-0.4053,-0.3837,-0.3712,-0.3678,-0.3711,-0.5398,-0.54,-0.5399,-0.5395,-0.5389,-0.5376,-0.5341,-0.5248,-0.5048,-0.4719,-0.4293,-0.4735,-0.461,-0.4448,-0.5385,-0.8472,-1.1125,-0.7951,-0.516,-0.223,0.1404,0.0802,-0.1563,-0.3117,-0.4094,-0.4721,-0.5053,-0.5116,-0.4952,-0.4613,-0.417,-0.373,-0.3411,-0.3275,-0.3296,-0.3408,-0.5331,-0.5326,-0.5316,-0.5301,-0.5278,-0.524,-0.5174,-0.506,-0.4874,-0.4603,-0.4304,-0.4428,-0.3917,-0.3647,-0.4783,-0.5883,-0.6169,-0.4459,-0.2602,-0.1128,0.1976,0.1176,-0.1427,-0.3211,-0.4444,-0.5275,-0.5658,-0.562,-0.5265,-0.4664,-0.3902,-0.3171,-0.2714,-0.2622,-0.2782,-0.3038,-0.5269,-0.5257,-0.524,-0.5216,-0.5181,-0.5131,-0.5057,-0.4949,-0.4804,-0.4632,-0.4478,-0.4299,-0.371,-0.3584,-0.4295,-0.4498,-0.4002,-0.1606,0.0476,-0.0996,-0.0837,-0.107,-0.233,-0.3781,-0.5182,-0.6266,-0.6638,-0.6363,-0.5711,-0.4732,-0.3474,-0.2275,-0.1662,-0.1745,-0.2176,-0.265,-0.5212,-0.5195,-0.5173,-0.5142,-0.5102,-0.5048,-0.4975,-0.4882,-0.4769,-0.4644,-0.4513,-0.435,-0.4148,-0.4101,-0.4097,-0.4033,-0.3496,-0.1631,-0.0403,-0.1504,-0.1909,-0.2296,-0.3113,-0.4388,-0.6007,-0.7432,-0.7716,-0.7158,-0.6247,-0.4868,-0.3,-0.1197,-0.0472,-0.0877,-0.1653,-0.235,-0.516,-0.514,-0.5113,-0.508,-0.5037,-0.4983,-0.4916,-0.4835,-0.4742,-0.464,-0.453,-0.441,-0.4291,-0.419,-0.4074,-0.3975,-0.3484,-0.2512,-0.1987,-0.1979,-0.2239,-0.2655,-0.3361,-0.461,-0.6348,-0.7769,-0.8015,-0.7807,-0.6859,-0.5198,-0.2943,-0.0792,-0.0021,-0.0584,-0.1498,-0.2271,-0.5114,-0.5091,-0.5062,-0.5027,-0.4984,-0.4932,-0.4871,-0.4799,-0.4718,-0.463,-0.4535,-0.4434,-0.4325,-0.4207,-0.4069,-0.3875,-0.348,-0.2883,-0.2374,-0.224,-0.2366,-0.2458,-0.2894,-0.4209,-0.6221,-0.8174,-0.9708,-0.9233,-0.7631,-0.5741,-0.3594,-0.1685,-0.0883,-0.1168,-0.1836,-0.2462,-0.5072,-0.5047,-0.5018,-0.4982,-0.494,-0.4891,-0.4833,-0.4768,-0.4696,-0.4617,-0.453,-0.4436,-0.433,-0.4207,-0.4056,-0.3846,-0.3537,-0.3146,-0.2788,-0.2541,-0.218,-0.1427,-0.1347,-0.3088,-0.575,-0.8662,-1.0941,-1.0044,-0.8024,-0.6172,-0.4436,-0.3003,-0.2243,-0.2173,-0.2465,-0.2838,-0.5035,-0.5009,-0.4979,-0.4944,-0.4903,-0.4856,-0.4802,-0.4742,-0.4675,-0.4602,-0.4521,-0.4431,-0.4328,-0.4207,-0.4057,-0.3866,-0.362,-0.333,-0.3022,-0.2641,-0.1898,-0.0545,-0.0157,-0.2167,-0.4927,-0.7469,-0.902,-0.8772,-0.755,-0.6212,-0.4971,-0.3955,-0.3314,-0.3071,-0.3103,-0.3261,-0.5002,-0.4976,-0.4946,-0.4911,-0.4871,-0.4826,-0.4776,-0.4719,-0.4657,-0.4588,-0.4512,-0.4426,-0.4328,-0.4213,-0.4075,-0.3907,-0.3705,-0.3469,-0.3188,-0.2797,-0.2152,-0.131,-0.1204,-0.2511,-0.441,-0.6115,-0.7144,-0.7266,-0.674,-0.5963,-0.5163,-0.447,-0.3973,-0.37,-0.361,-0.3635]},{"header":{"la1":42.85,"la2":41.18,"lo1":11.55,"lo2":14.05,"nx":36,"ny":24,"dx":0.07143,"dy":0.07261,"parameterCategory":2,"parameterNumber":3,"parameterNumberName":"northward_wind","parameterUnit":"m.s-1"},"data":[-0.6298,-0.63,-0.6298,-0.6291,-0.6277,-0.6256,-0.6224,-0.6181,-0.6122,-0.6043,-0.594,-0.5808,-0.5645,-0.5452,-0.5233,-0.4998,-0.4763,-0.4548,-0.4378,-0.4268,-0.4223,-0.4233,-0.4283,-0.4356,-0.444,-0.4527,-0.4613,-0.4698,-0.4779,-0.4857,-0.4933,-0.5005,-0.5074,-0.5139,-0.5201,-0.5259,-0.6342,-0.6348,-0.6351,-0.6348,-0.6338,-0.632,-0.6293,-0.6253,-0.6198,-0.612,-0.6013,-0.5868,-0.5681,-0.5451,-0.5179,-0.4876,-0.4562,-0.4273,-0.405,-0.3924,-0.3899,-0.3952,-0.4053,-0.4173,-0.4296,-0.4414,-0.4525,-0.4628,-0.4725,-0.4817,-0.4904,-0.4986,-0.5065,-0.5138,-0.5207,-0.5271,-0.6387,-0.6399,-0.6406,-0.6407,-0.6401,-0.6386,-0.6361,-0.6326,-0.6278,-0.6208,-0.6102,-0.5948,-0.5737,-0.5464,-0.5126,-0.4729,-0.4297,-0.3887,-0.3578,-0.3435,-0.346,-0.3597,-0.3782,-0.3972,-0.4146,-0.4301,-0.4439,-0.4563,-0.4676,-0.4782,-0.4881,-0.4974,-0.5062,-0.5144,-0.522,-0.529,-0.6433,-0.6449,-0.6462,-0.6468,-0.6464,-0.6448,-0.642,-0.6385,-0.6348,-0.6297,-0.6206,-0.6051,-0.5819,-0.5501,-0.5085,-0.4565,-0.3954,-0.3335,-0.2873,-0.2719,-0.2863,-0.316,-0.3481,-0.3765,-0.4001,-0.4195,-0.436,-0.4504,-0.4634,-0.4754,-0.4866,-0.497,-0.5068,-0.516,-0.5244,-0.532,-0.6477,-0.65,-0.6518,-0.6529,-0.6527,-0.6505,-0.6458,-0.6404,-0.6374,-0.6368,-0.6319,-0.6179,-0.5934,-0.5576,-0.5083,-0.4416,-0.3548,-0.2565,-0.1806,-0.1667,-0.2083,-0.2668,-0.3183,-0.3578,-0.3875,-0.4106,-0.4294,-0.4456,-0.4601,-0.4735,-0.4859,-0.4977,-0.5086,-0.5187,-0.5279,-0.5363,-0.652,-0.6549,-0.6575,-0.6594,-0.6596,-0.6563,-0.6473,-0.6341,-0.6293,-0.6391,-0.6443,-0.6339,-0.6089,-0.5705,-0.5155,-0.4359,-0.3195,-0.1659,-0.0349,-0.0293,-0.1237,-0.2235,-0.296,-0.3448,-0.3788,-0.4041,-0.4245,-0.442,-0.4579,-0.4726,-0.4865,-0.4995,-0.5117,-0.5229,-0.5331,-0.542,-0.6559,-0.6594,-0.663,-0.6661,-0.6677,-0.6651,-0.6523,-0.6253,-0.6124,-0.6418,-0.6624,-0.6551,-0.6291,-0.5895,-0.5332,-0.4495,-0.3179,-0.1207,0.0699,0.0643,-0.0821,-0.2094,-0.2902,-0.3408,-0.3749,-0.4003,-0.4211,-0.4396,-0.4567,-0.4729,-0.4884,-0.503,-0.5166,-0.529,-0.5401,-0.5498,-0.6591,-0.6633,-0.6678,-0.6726,-0.6772,-0.6796,-0.6741,-0.6534,-0.6445,-0.6802,-0.6989,-0.6846,-0.6538,-0.6136,-0.5607,-0.4848,-0.3693,-0.2005,-0.0355,-0.0279,-0.1387,-0.2386,-0.3034,-0.3452,-0.3749,-0.3984,-0.419,-0.4382,-0.4566,-0.4746,-0.492,-0.5084,-0.5237,-0.5376,-0.5497,-0.56,-0.6616,-0.6661,-0.6711,-0.6772,-0.6851,-0.6958,-0.7103,-0.7293,-0.7575,-0.7806,-0.7634,-0.7219,-0.6799,-0.6395,-0.5926,-0.5291,-0.4423,-0.3354,-0.2404,-0.2126,-0.2449,-0.2891,-0.325,-0.3528,-0.3758,-0.3967,-0.417,-0.4372,-0.4575,-0.4778,-0.4976,-0.5164,-0.5338,-0.5492,-0.5624,-0.5733,-0.6632,-0.6675,-0.6723,-0.6782,-0.6867,-0.7016,-0.7331,-0.8018,-0.9163,-0.9558,-0.8537,-0.7573,-0.7007,-0.6631,-0.6237,-0.5674,-0.4938,-0.4168,-0.3555,-0.3228,-0.317,-0.3257,-0.3397,-0.3559,-0.3738,-0.3932,-0.4142,-0.4364,-0.4594,-0.4828,-0.5058,-0.5277,-0.5477,-0.5651,-0.5794,-0.5906,-0.6638,-0.6676,-0.6712,-0.6747,-0.6788,-0.6861,-0.7094,-0.8007,-1.0886,-1.2237,-0.9262,-0.7689,-0.7085,-0.681,-0.6536,-0.5957,-0.5099,-0.4266,-0.3741,-0.3491,-0.3372,-0.3336,-0.3378,-0.3489,-0.3655,-0.3861,-0.4096,-0.4353,-0.4624,-0.4902,-0.5177,-0.5437,-0.567,-0.5866,-0.602,-0.6132,-0.6639,-0.6669,-0.6688,-0.6688,-0.6649,-0.6538,-0.6326,-0.6339,-0.8594,-1.035,-0.855,-0.7441,-0.7039,-0.6786,-0.6873,-0.6161,-0.4893,-0.3607,-0.3174,-0.3232,-0.3196,-0.3135,-0.3158,-0.3285,-0.349,-0.3744,-0.403,-0.434,-0.4669,-0.5009,-0.5346,-0.5662,-0.5938,-0.616,-0.6321,-0.6424,-0.6638,-0.6662,-0.6669,-0.6642,-0.6545,-0.6301,-0.5773,-0.5031,-0.5878,-0.749,-0.7539,-0.6929,-0.6955,-0.7061,-0.7315,-0.6177,-0.446,-0.2436,-0.2311,-0.2828,-0.2761,-0.2638,-0.27,-0.2929,-0.3241,-0.3585,-0.3947,-0.433,-0.4737,-0.5162,-0.5586,-0.5981,-0.6315,-0.6565,-0.6726,-0.6805,-0.6638,-0.666,-0.6666,-0.6638,-0.6544,-0.6331,-0.5938,-0.5492,-0.5952,-0.7129,-0.7426,-0.6338,-0.6209,-0.9559,-0.7523,-0.5656,-0.3915,-0.2891,-0.2587,-0.2448,-0.1898,-0.165,-0.1917,-0.2414,-0.2925,-0.3399,-0.3853,-0.4323,-0.4831,-0.5376,-0.5928,-0.6439,-0.6851,-0.713,-0.727,-0.7297,-0.6639,-0.6666,-0.6681,-0.6675,-0.6632,-0.654,-0.6421,-0.6431,-0.691,-0.7744,-0.8301,-0.8258,-0.8302,-0.885,-0.7427,-0.4116,-0.1595,-0.2855,-0.2633,-0.1451,0.014,0.0311,-0.0737,-0.1806,-0.2608,-0.3216,-0.3752,-0.4312,-0.4949,-0.5666,-0.6416,-0.7106,-0.7629,-0.7925,-0.8004,-0.7926,-0.664,-0.6675,-0.6705,-0.6728,-0.6746,-0.6769,-0.6844,-0.7077,-0.7612,-0.8524,-0.9651,-1.0382,-0.9565,-0.8497,-0.7144,-0.4368,-0.2384,-0.2921,-0.2269,0.0153,0.4069,0.3308,0.0457,-0.1359,-0.2395,-0.3052,-0.3609,-0.4253,-0.5066,-0.6044,-0.7112,-0.8093,-0.8775,-0.9049,-0.8978,-0.8707,-0.6637,-0.668,-0.6724,-0.6774,-0.6836,-0.6928,-0.7089,-0.7381,-0.7884,-0.8663,-0.9537,-0.9667,-0.986,-0.9772,-0.7429,-0.5463,-0.407,-0.3155,-0.2178,0.0081,0.4544,0.3573,0.0441,-0.1408,-0.235,-0.2835,-0.3299,-0.4049,-0.5132,-0.651,-0.8091,-0.9561,-1.0458,-1.06,-1.0211,-0.9615,-0.6629,-0.6676,-0.673,-0.6795,-0.6879,-0.6997,-0.7173,-0.7438,-0.7817,-0.829,-0.8705,-0.8943,-0.9626,-0.9523,-0.7009,-0.5505,-0.4316,-0.2824,-0.2057,-0.1501,0.0162,0.0354,-0.0835,-0.1891,-0.2354,-0.2306,-0.2526,-0.3574,-0.5117,-0.7036,-0.9375,-1.1623,-1.277,-1.2542,-1.1593,-1.0537,-0.6611,-0.6661,-0.6718,-0.6787,-0.6875,-0.6991,-0.7145,-0.7349,-0.76,-0.7863,-0.8069,-0.8174,-0.8143,-0.7377,-0.5603,-0.5051,-0.4405,-0.2967,-0.2236,-0.21,-0.1769,-0.163,-0.1992,-0.2429,-0.2315,-0.1219,-0.1026,-0.3033,-0.5186,-0.7541,-1.0668,-1.3864,-1.5197,-1.4366,-1.2748,-1.1244,-0.6585,-0.6633,-0.6688,-0.6753,-0.6833,-0.6931,-0.705,-0.719,-0.7338,-0.7467,-0.7529,-0.7468,-0.7177,-0.6461,-0.5464,-0.5051,-0.4434,-0.3295,-0.2288,-0.2027,-0.2302,-0.2426,-0.2657,-0.2935,-0.2774,-0.1294,-0.0955,-0.3921,-0.5797,-0.788,-1.1138,-1.4694,-1.6072,-1.4976,-1.3116,-1.1471,-0.655,-0.6594,-0.6643,-0.6699,-0.6764,-0.6838,-0.692,-0.7005,-0.7079,-0.7118,-0.7088,-0.6946,-0.6636,-0.6133,-0.5554,-0.5048,-0.4402,-0.3533,-0.2719,-0.245,-0.2615,-0.2716,-0.2893,-0.3341,-0.3991,-0.5037,-0.74,-0.7322,-0.6935,-0.7981,-1.0411,-1.3213,-1.4499,-1.3883,-1.2491,-1.1132,-0.6509,-0.6546,-0.6586,-0.6631,-0.6679,-0.6729,-0.6779,-0.682,-0.684,-0.6823,-0.6744,-0.6576,-0.6301,-0.592,-0.5478,-0.5,-0.4445,-0.3828,-0.3294,-0.2998,-0.282,-0.2523,-0.2503,-0.3285,-0.473,-0.715,-0.9785,-0.8857,-0.7615,-0.7888,-0.9305,-1.105,-1.2074,-1.2008,-1.1289,-1.0407,-0.6462,-0.6491,-0.6523,-0.6555,-0.6586,-0.6616,-0.6638,-0.6647,-0.6632,-0.658,-0.6478,-0.6309,-0.6066,-0.5754,-0.5387,-0.4977,-0.4527,-0.4065,-0.3649,-0.3296,-0.2865,-0.2204,-0.202,-0.3032,-0.4641,-0.6542,-0.7972,-0.7927,-0.7467,-0.7621,-0.8409,-0.942,-1.014,-1.0313,-1.0045,-0.9566,-0.6412,-0.6434,-0.6456,-0.6476,-0.6493,-0.6504,-0.6506,-0.6492,-0.6454,-0.6384,-0.6272,-0.611,-0.5895,-0.5629,-0.5321,-0.4979,-0.4614,-0.4245,-0.389,-0.3536,-0.3112,-0.2639,-0.2584,-0.3316,-0.4487,-0.571,-0.6601,-0.6929,-0.7006,-0.7245,-0.7745,-0.8356,-0.8844,-0.9064,-0.9017,-0.8792]}]