docs/data/wind_grid.json
[{"header":{"la1":42.85,"la2":41.18,"lo1":11.55,"lo2":14.05,"nx":36,"ny":24,"dx":0.07143,"dy":0.07261,"parameterCategory":2,"parameterNumber":2,"parameterNumberName":"eastward_wind","parameterUnit":"m.s-1"},"data":[-0.3993,-0.4119,-0.4257,-0.4404,-0.4554,-0.4693,-0.4807,-0.4877,-0.4898,-0.4875,-0.4833,-0.4804,-0.4819,-0.4895,-0.5036,-0.5233,-0.5458,-0.5673,-0.5835,-0.5909,-0.5886,-0.5777,-0.5609,-0.5411,-0.5204,-0.5003,-0.4818,-0.465,-0.4501,-0.4369,-0.4254,-0.4152,-0.4064,-0.3985,-0.3916,-0.3854,-0.4028,-0.4177,-0.4346,-0.4535,-0.4738,-0.4937,-0.5104,-0.5204,-0.5214,-0.514,-0.5027,-0.4934,-0.4911,-0.4989,-0.5175,-0.5457,-0.5796,-0.6128,-0.6376,-0.6477,-0.6418,-0.623,-0.5969,-0.5683,-0.5402,-0.5145,-0.4917,-0.4718,-0.4547,-0.4399,-0.4273,-0.4164,-0.407,-0.3988,-0.3916,-0.3853,-0.4055,-0.4227,-0.4433,-0.4676,-0.4955,-0.5252,-0.5523,-0.5693,-0.5695,-0.553,-0.5283,-0.507,-0.4979,-0.5051,-0.5299,-0.5708,-0.6231,-0.6763,-0.7157,-0.7291,-0.7147,-0.6812,-0.6397,-0.5981,-0.5604,-0.5278,-0.5003,-0.4772,-0.4579,-0.4418,-0.4282,-0.4167,-0.4069,-0.3985,-0.3912,-0.3848,-0.4066,-0.4261,-0.4504,-0.481,-0.5193,-0.5647,-0.6116,-0.6453,-0.647,-0.6129,-0.5625,-0.5201,-0.4996,-0.5052,-0.5378,-0.597,-0.6783,-0.767,-0.8334,-0.8499,-0.8155,-0.7539,-0.6877,-0.6283,-0.5789,-0.5388,-0.5065,-0.4804,-0.4593,-0.4421,-0.4279,-0.416,-0.406,-0.3975,-0.3902,-0.3838,-0.4055,-0.4266,-0.4539,-0.4906,-0.5408,-0.6086,-0.6918,-0.7654,-0.7771,-0.7064,-0.6054,-0.5282,-0.4916,-0.4947,-0.5363,-0.6186,-0.7432,-0.8941,-1.013,-1.0293,-0.9492,-0.8368,-0.7349,-0.6541,-0.5924,-0.5453,-0.509,-0.4808,-0.4585,-0.4406,-0.4261,-0.4142,-0.4043,-0.3959,-0.3887,-0.3824,-0.4018,-0.4233,-0.4518,-0.4919,-0.5512,-0.6427,-0.7796,-0.9379,-0.985,-0.8353,-0.6433,-0.52,-0.4672,-0.4686,-0.5185,-0.6234,-0.799,-1.0447,-1.2598,-1.2656,-1.0957,-0.9097,-0.7681,-0.668,-0.597,-0.5453,-0.5068,-0.4776,-0.455,-0.4372,-0.423,-0.4114,-0.4018,-0.3937,-0.3868,-0.3807,-0.3954,-0.4158,-0.4429,-0.4812,-0.54,-0.6387,-0.8124,-1.0711,-1.1815,-0.9143,-0.628,-0.477,-0.4198,-0.4232,-0.4783,-0.5948,-0.8,-1.1207,-1.4376,-1.4271,-1.168,-0.931,-0.7701,-0.6632,-0.5897,-0.5374,-0.4991,-0.4706,-0.4488,-0.4319,-0.4186,-0.4077,-0.3987,-0.3911,-0.3845,-0.3787,-0.3868,-0.4051,-0.4284,-0.4596,-0.505,-0.5786,-0.7087,-0.9086,-0.9837,-0.7414,-0.5063,-0.3897,-0.3486,-0.3583,-0.4154,-0.5286,-0.7158,-0.9921,-1.2623,-1.2703,-1.0688,-0.8735,-0.7342,-0.6379,-0.5702,-0.5216,-0.4862,-0.46,-0.4403,-0.4251,-0.4131,-0.4033,-0.3951,-0.3881,-0.382,-0.3766,-0.377,-0.3929,-0.4118,-0.4343,-0.4611,-0.4934,-0.531,-0.5586,-0.5168,-0.404,-0.3207,-0.278,-0.2619,-0.2773,-0.3358,-0.4451,-0.6022,-0.7865,-0.9375,-0.9677,-0.8863,-0.7746,-0.6759,-0.5988,-0.5414,-0.4994,-0.4689,-0.4466,-0.43,-0.4173,-0.4072,-0.3987,-0.3914,-0.385,-0.3794,-0.3743,-0.3668,-0.381,-0.3972,-0.4146,-0.4306,-0.4379,-0.4185,-0.337,-0.1767,-0.0938,-0.1486,-0.1752,-0.1705,-0.1807,-0.2422,-0.3685,-0.5402,-0.7062,-0.8078,-0.8225,-0.7721,-0.6944,-0.6178,-0.5546,-0.507,-0.4728,-0.4487,-0.4316,-0.4191,-0.4094,-0.4014,-0.3943,-0.3879,-0.3821,-0.3768,-0.372,-0.3566,-0.3702,-0.3863,-0.4049,-0.4245,-0.4396,-0.429,-0.3172,0.0477,0.2149,-0.0413,-0.1055,-0.0793,-0.058,-0.1236,-0.3048,-0.5703,-0.8285,-0.9324,-0.8711,-0.7559,-0.6496,-0.5672,-0.5084,-0.4689,-0.4434,-0.4273,-0.4167,-0.409,-0.4027,-0.3967,-0.3908,-0.385,-0.3795,-0.3743,-0.3697,-0.346,-0.3598,-0.3776,-0.4014,-0.4348,-0.4835,-0.5509,-0.5745,-0.2499,0.0153,-0.0799,-0.0742,0.0015,0.1051,0.0262,-0.2567,-0.7183,-1.2818,-1.3892,-1.0685,-0.786,-0.6122,-0.5119,-0.4561,-0.4269,-0.4128,-0.4067,-0.4039,-0.4016,-0.3985,-0.3941,-0.3888,-0.383,-0.3772,-0.3719,-0.3672,-0.3345,-0.348,-0.3668,-0.3947,-0.4388,-0.5141,-0.6441,-0.8032,-0.6391,-0.2927,-0.1368,-0.0686,0.004,0.1555,0.0857,-0.2714,-0.8956,-2.0417,-2.0593,-1.2205,-0.7529,-0.5306,-0.4302,-0.3906,-0.3804,-0.3832,-0.3903,-0.3966,-0.3997,-0.3989,-0.3948,-0.3886,-0.3816,-0.3749,-0.3691,-0.3643,-0.3212,-0.3333,-0.3507,-0.377,-0.4187,-0.4867,-0.5904,-0.6976,-0.5922,-0.2942,-0.1199,-0.0722,-0.0546,0.0786,-0.0486,-0.3971,-0.8614,-1.5015,-1.5679,-0.9555,-0.5435,-0.3595,-0.3067,-0.31,-0.3329,-0.3601,-0.3836,-0.3995,-0.4066,-0.4058,-0.3993,-0.3899,-0.3801,-0.3717,-0.3651,-0.3603,-0.3061,-0.3154,-0.3287,-0.3478,-0.3757,-0.4142,-0.4562,-0.4623,-0.3541,-0.1655,-0.0418,-0.0197,0.0113,0.0875,-0.115,-0.6775,-1.1733,-0.8964,-0.7532,-0.4518,-0.1661,-0.09,-0.148,-0.2255,-0.2956,-0.3537,-0.3957,-0.4195,-0.4267,-0.421,-0.4075,-0.3911,-0.3763,-0.3654,-0.3585,-0.3545,-0.2897,-0.2953,-0.3028,-0.3126,-0.3242,-0.334,-0.3307,-0.2905,-0.1889,-0.0345,0.1303,0.0215,0.0101,0.0027,-0.1387,-0.5673,-0.9295,-0.5821,-0.3054,-0.0454,0.2601,0.2075,-0.0049,-0.1654,-0.2874,-0.3803,-0.4397,-0.4655,-0.4645,-0.4456,-0.4172,-0.388,-0.3655,-0.3524,-0.347,-0.3457,-0.2728,-0.2746,-0.2765,-0.2777,-0.2765,-0.2684,-0.2452,-0.1961,-0.1133,0.0002,0.1149,0.0597,0.0503,0.0585,-0.0378,-0.1797,-0.2563,-0.0868,0.0982,0.158,0.3266,0.26,0.0349,-0.1608,-0.3297,-0.4613,-0.5329,-0.5469,-0.5234,-0.4782,-0.423,-0.3724,-0.3399,-0.328,-0.3287,-0.3336,-0.2565,-0.2548,-0.2521,-0.2471,-0.238,-0.2215,-0.1933,-0.1494,-0.0898,-0.0238,0.0243,0.038,0.068,0.0884,0.1415,0.1667,0.1187,0.3164,0.5423,0.3213,0.2219,0.1444,-0.0082,-0.2086,-0.4307,-0.6145,-0.6863,-0.6648,-0.6024,-0.5163,-0.418,-0.3335,-0.2912,-0.2894,-0.3044,-0.3196,-0.2414,-0.2371,-0.231,-0.2221,-0.2091,-0.1899,-0.1625,-0.1263,-0.0832,-0.0393,-0.0024,0.029,0.0714,0.1664,0.4678,0.5898,0.3163,0.373,0.4961,0.4203,0.2773,0.1316,-0.0338,-0.2622,-0.5524,-0.8004,-0.852,-0.7909,-0.6948,-0.5606,-0.405,-0.2755,-0.2279,-0.2472,-0.2818,-0.3084,-0.2281,-0.2218,-0.2136,-0.2026,-0.188,-0.1687,-0.1439,-0.1139,-0.0801,-0.0452,-0.0106,0.0281,0.0863,0.2064,0.4396,0.5132,0.3402,0.3462,0.5102,0.5788,0.3524,0.1732,-0.0015,-0.2598,-0.6009,-0.8595,-0.9034,-0.9152,-0.8053,-0.6208,-0.4155,-0.2529,-0.2022,-0.2326,-0.2757,-0.3061,-0.2166,-0.2091,-0.1996,-0.1878,-0.1729,-0.1545,-0.1324,-0.1067,-0.0783,-0.0479,-0.015,0.0243,0.0792,0.162,0.2601,0.2966,0.2737,0.3064,0.4126,0.4439,0.3374,0.2594,0.1443,-0.1451,-0.5694,-0.9725,-1.2967,-1.2157,-0.9487,-0.6966,-0.4748,-0.315,-0.2545,-0.2652,-0.2933,-0.3153,-0.2069,-0.1987,-0.1888,-0.1767,-0.1623,-0.1451,-0.1252,-0.1026,-0.0778,-0.0508,-0.0208,0.0144,0.058,0.1102,0.1606,0.191,0.208,0.2408,0.2891,0.3176,0.356,0.4915,0.501,0.1139,-0.4649,-1.082,-1.5553,-1.3805,-1.0182,-0.744,-0.5415,-0.4044,-0.3366,-0.3197,-0.3239,-0.3315,-0.199,-0.1905,-0.1804,-0.1686,-0.1548,-0.139,-0.121,-0.101,-0.079,-0.0551,-0.0286,0.0011,0.0346,0.0704,0.1039,0.1308,0.1545,0.1832,0.22,0.274,0.4059,0.6823,0.7647,0.3204,-0.2863,-0.8349,-1.1659,-1.1309,-0.922,-0.7225,-0.5682,-0.4602,-0.3957,-0.3644,-0.3521,-0.3476,-0.1927,-0.1841,-0.1742,-0.1628,-0.1499,-0.1353,-0.119,-0.1012,-0.0817,-0.0607,-0.0379,-0.0133,0.0131,0.0399,0.0654,0.0886,0.1113,0.1373,0.1725,0.232,0.3493,0.5181,0.5362,0.2453,-0.1764,-0.5532,-0.7842,-0.8306,-0.7575,-0.6505,-0.552,-0.475,-0.4218,-0.3888,-0.3697,-0.3587]},{"header":{"la1":42.85,"la2":41.18,"lo1":11.55,"lo2":14.05,"nx":36,"ny":24,"dx":0.07143,"dy":0.07261,"parameterCategory":2,"parameterNumber":3,"parameterNumberName":"northward_wind","parameterUnit":"m.s-1"},"data":[-0.5526,-0.5324,-0.5092,-0.4837,-0.4571,-0.4319,-0.4113,-0.3989,-0.3967,-0.4041,-0.4177,-0.4326,-0.4444,-0.4503,-0.4494,-0.4424,-0.4314,-0.4196,-0.4104,-0.4063,-0.4086,-0.4166,-0.4287,-0.4432,-0.4588,-0.4745,-0.49,-0.5049,-0.5193,-0.5331,-0.5462,-0.5588,-0.5708,-0.582,-0.5926,-0.6024,-0.5526,-0.5286,-0.4998,-0.4663,-0.4295,-0.3925,-0.361,-0.3418,-0.3401,-0.3556,-0.3816,-0.4088,-0.4296,-0.4399,-0.4386,-0.4272,-0.409,-0.3892,-0.3738,-0.3676,-0.3719,-0.3848,-0.4029,-0.4231,-0.4435,-0.4631,-0.4816,-0.499,-0.5154,-0.5309,-0.5457,-0.5596,-0.5727,-0.585,-0.5965,-0.6071,-0.5555,-0.5276,-0.4923,-0.4487,-0.3971,-0.3409,-0.2889,-0.2552,-0.2531,-0.2835,-0.3325,-0.3811,-0.4162,-0.4327,-0.4303,-0.4114,-0.381,-0.3472,-0.3213,-0.3123,-0.3219,-0.3444,-0.3725,-0.401,-0.4277,-0.4519,-0.4738,-0.4938,-0.5124,-0.5298,-0.5461,-0.5614,-0.5759,-0.5893,-0.6017,-0.6131,-0.5626,-0.5314,-0.4897,-0.4343,-0.3627,-0.2759,-0.1853,-0.1188,-0.1117,-0.1719,-0.2656,-0.3511,-0.4078,-0.4322,-0.4273,-0.3967,-0.346,-0.2872,-0.242,-0.2303,-0.253,-0.2942,-0.3385,-0.3785,-0.4127,-0.4419,-0.4672,-0.4899,-0.5106,-0.5298,-0.5478,-0.5647,-0.5805,-0.5951,-0.6086,-0.6208,-0.5753,-0.5426,-0.4963,-0.4298,-0.3351,-0.2045,-0.0436,0.0993,0.1266,0.0014,-0.181,-0.3264,-0.411,-0.4433,-0.4336,-0.3869,-0.3054,-0.2024,-0.1198,-0.1078,-0.1618,-0.2372,-0.3049,-0.3586,-0.4005,-0.4342,-0.4626,-0.4875,-0.5102,-0.5313,-0.5511,-0.5696,-0.5869,-0.6028,-0.6173,-0.6304,-0.5948,-0.5636,-0.5168,-0.4449,-0.3321,-0.1541,0.1121,0.4162,0.5089,0.2393,-0.1044,-0.3272,-0.4363,-0.4714,-0.4547,-0.3905,-0.2719,-0.1009,0.0504,0.0551,-0.0616,-0.1872,-0.2808,-0.3461,-0.3934,-0.4299,-0.4603,-0.4871,-0.5116,-0.5346,-0.5562,-0.5765,-0.5955,-0.6129,-0.6285,-0.6424,-0.6212,-0.5953,-0.5547,-0.4885,-0.377,-0.1814,0.1625,0.6628,0.8722,0.3851,-0.1231,-0.3854,-0.4933,-0.5198,-0.4942,-0.4192,-0.278,-0.0513,0.1747,0.1675,-0.013,-0.173,-0.2775,-0.3452,-0.3927,-0.4295,-0.4606,-0.4886,-0.5148,-0.5397,-0.5635,-0.5859,-0.6068,-0.6258,-0.6427,-0.6574,-0.6533,-0.6366,-0.609,-0.5619,-0.4794,-0.3299,-0.0588,0.3469,0.5025,0.0722,-0.3289,-0.5145,-0.5801,-0.5854,-0.5507,-0.476,-0.3479,-0.1513,0.0457,0.0534,-0.0858,-0.2134,-0.2985,-0.3555,-0.3975,-0.4319,-0.4627,-0.4917,-0.5197,-0.547,-0.5734,-0.5983,-0.6215,-0.6424,-0.6606,-0.6761,-0.6887,-0.6835,-0.6733,-0.6541,-0.6187,-0.5562,-0.4571,-0.3531,-0.3732,-0.5302,-0.6394,-0.6758,-0.6779,-0.6588,-0.6162,-0.5459,-0.4463,-0.3225,-0.2111,-0.1803,-0.2239,-0.2826,-0.3315,-0.3706,-0.4041,-0.4352,-0.4655,-0.4959,-0.5263,-0.5567,-0.5863,-0.6146,-0.6406,-0.6637,-0.6834,-0.6995,-0.7238,-0.7305,-0.7382,-0.7471,-0.7574,-0.7704,-0.7928,-0.8525,-0.9835,-1.036,-0.9132,-0.8106,-0.7628,-0.7319,-0.6842,-0.6094,-0.5207,-0.4358,-0.3686,-0.3314,-0.325,-0.337,-0.3571,-0.3809,-0.4075,-0.4365,-0.4676,-0.5004,-0.5345,-0.5691,-0.6033,-0.6358,-0.6655,-0.6912,-0.7124,-0.7289,-0.7555,-0.7723,-0.7948,-0.8258,-0.8692,-0.9286,-1.0033,-1.0977,-1.3137,-1.424,-1.0765,-0.8802,-0.8225,-0.8104,-0.7604,-0.6581,-0.5513,-0.4753,-0.427,-0.3904,-0.3661,-0.3572,-0.3625,-0.3789,-0.4034,-0.4335,-0.4676,-0.5048,-0.5442,-0.5849,-0.6254,-0.6638,-0.6982,-0.7272,-0.7498,-0.766,-0.7812,-0.8049,-0.8371,-0.8818,-0.9442,-1.0295,-1.1327,-1.2095,-1.255,-1.2809,-1.0364,-0.8801,-0.8579,-0.9247,-0.8586,-0.68,-0.5303,-0.4685,-0.4432,-0.3997,-0.361,-0.3411,-0.3421,-0.3599,-0.3889,-0.4246,-0.4648,-0.5087,-0.5559,-0.6052,-0.6546,-0.7012,-0.742,-0.7748,-0.7984,-0.8132,-0.7993,-0.8265,-0.8628,-0.9121,-0.9799,-1.0727,-1.1911,-1.2925,-1.2303,-1.0887,-0.9399,-0.8554,-0.8357,-0.9543,-0.8831,-0.612,-0.434,-0.4748,-0.4735,-0.3785,-0.3128,-0.2832,-0.2899,-0.3211,-0.3633,-0.4097,-0.459,-0.5121,-0.5699,-0.6315,-0.6938,-0.7522,-0.8017,-0.8388,-0.8623,-0.8734,-0.8099,-0.8373,-0.8726,-0.9188,-0.9793,-1.0576,-1.151,-1.2295,-1.1759,-1.008,-0.8867,-0.8577,-0.8304,-0.54,-0.6262,-0.3367,-0.0861,-0.2991,-0.372,-0.2857,-0.192,-0.1572,-0.1944,-0.2615,-0.3288,-0.3902,-0.45,-0.5142,-0.5861,-0.6654,-0.7471,-0.8233,-0.885,-0.9265,-0.9471,-0.9503,-0.8137,-0.8389,-0.87,-0.908,-0.954,-1.0063,-1.0565,-1.0773,-1.0252,-0.9285,-0.8626,-0.8181,-0.6885,-0.5014,-0.4836,0.2071,0.9634,0.1506,-0.17,-0.1104,0.0821,0.0996,-0.0464,-0.19,-0.2927,-0.3679,-0.4357,-0.5115,-0.6027,-0.7087,-0.8211,-0.9251,-1.0042,-1.0487,-1.0602,-1.0477,-0.8123,-0.834,-0.8593,-0.8881,-0.9191,-0.9488,-0.9687,-0.9647,-0.9293,-0.8869,-0.881,-0.8758,-0.8125,-0.673,-0.5053,0.0872,0.6219,0.0728,-0.1758,0.0623,0.6161,0.507,0.1036,-0.1404,-0.2674,-0.341,-0.4072,-0.4952,-0.6147,-0.7625,-0.925,-1.0748,-1.1787,-1.2205,-1.2095,-1.1679,-0.8074,-0.8252,-0.8448,-0.8654,-0.8853,-0.9012,-0.9081,-0.9016,-0.884,-0.8708,-0.8778,-0.8776,-0.9701,-1.0024,-0.6958,-0.4195,-0.2646,-0.4001,-0.476,-0.0837,0.6683,0.5295,0.0805,-0.1587,-0.2565,-0.2911,-0.339,-0.4469,-0.6134,-0.827,-1.0711,-1.2971,-1.4349,-1.4569,-1.3979,-1.307,-0.8003,-0.8145,-0.8293,-0.8438,-0.8566,-0.8655,-0.8683,-0.8645,-0.8573,-0.8537,-0.8588,-0.885,-1.0068,-1.0273,-0.8432,-0.7456,-0.6463,-0.7883,-1.0081,-0.5548,-0.0927,0.0038,-0.1324,-0.2358,-0.2372,-0.1688,-0.1784,-0.3457,-0.595,-0.8992,-1.2637,-1.6105,-1.787,-1.7529,-1.6087,-1.4481,-0.7921,-0.8033,-0.8144,-0.8247,-0.8331,-0.8386,-0.8403,-0.8387,-0.836,-0.8356,-0.8411,-0.8594,-0.8926,-0.9063,-0.9906,-1.0394,-0.8094,-0.8125,-0.889,-0.6544,-0.4642,-0.3495,-0.336,-0.3237,-0.2039,0.0597,0.1094,-0.2311,-0.5888,-0.9685,-1.4589,-1.9526,-2.1572,-2.0308,-1.7848,-1.5563,-0.7837,-0.7924,-0.8008,-0.8082,-0.8139,-0.8176,-0.8188,-0.8183,-0.8171,-0.8172,-0.8205,-0.829,-0.8431,-0.8732,-0.9644,-0.9867,-0.82,-0.725,-0.6459,-0.6116,-0.5723,-0.5147,-0.4838,-0.4307,-0.2775,0.0613,0.1334,-0.3514,-0.6685,-1.0135,-1.5289,-2.0795,-2.2909,-2.1238,-1.8413,-1.5914,-0.7754,-0.7822,-0.7885,-0.7939,-0.7979,-0.8004,-0.8013,-0.8009,-0.8,-0.7996,-0.8006,-0.8039,-0.8113,-0.8274,-0.8506,-0.8367,-0.766,-0.6963,-0.6452,-0.6237,-0.6195,-0.6288,-0.6252,-0.5758,-0.5126,-0.5448,-0.8431,-0.8454,-0.8291,-1.0234,-1.4155,-1.8523,-2.0508,-1.9576,-1.7467,-1.5407,-0.7674,-0.7728,-0.7775,-0.7814,-0.7843,-0.7859,-0.7864,-0.7858,-0.7847,-0.7835,-0.7826,-0.7826,-0.784,-0.7864,-0.7846,-0.7663,-0.7292,-0.6896,-0.6617,-0.6558,-0.6884,-0.767,-0.7907,-0.7175,-0.6975,-0.877,-1.1731,-1.0615,-0.9305,-1.0098,-1.2466,-1.5221,-1.6818,-1.6734,-1.5651,-1.4317,-0.7599,-0.7641,-0.7677,-0.7706,-0.7725,-0.7735,-0.7734,-0.7726,-0.771,-0.7691,-0.7669,-0.7645,-0.7618,-0.7576,-0.7492,-0.7333,-0.7109,-0.6889,-0.6769,-0.6875,-0.7432,-0.8491,-0.8782,-0.7901,-0.7618,-0.8587,-0.9813,-0.972,-0.9321,-0.9805,-1.1155,-1.2769,-1.3899,-1.418,-1.3782,-1.3059,-0.753,-0.7562,-0.7589,-0.761,-0.7622,-0.7626,-0.7622,-0.761,-0.7591,-0.7565,-0.7534,-0.7496,-0.7449,-0.7384,-0.7292,-0.7166,-0.7023,-0.6903,-0.6872,-0.7021,-0.7454,-0.8069,-0.8236,-0.7842,-0.7689,-0.8085,-0.8623,-0.8854,-0.8982,-0.9423,-1.0247,-1.1213,-1.1975,-1.2317,-1.2247,-1.1906]}]