docs/data/wind_grid.json
[{"header":{"la1":42.85,"la2":41.18,"lo1":11.55,"lo2":14.05,"nx":36,"ny":24,"dx":0.07143,"dy":0.07261,"parameterCategory":2,"parameterNumber":2,"parameterNumberName":"eastward_wind","parameterUnit":"m.s-1"},"data":[1.931,1.9366,1.9423,1.9473,1.9508,1.9509,1.9451,1.9308,1.9057,1.8692,1.8224,1.7681,1.7092,1.6487,1.589,1.5321,1.4804,1.436,1.4009,1.3761,1.361,1.3534,1.3506,1.35,1.35,1.3495,1.3483,1.3464,1.344,1.3413,1.3385,1.3358,1.3335,1.3315,1.3301,1.3292,1.9457,1.9542,1.9637,1.9739,1.9837,1.9911,1.9922,1.9822,1.9564,1.9134,1.8555,1.7876,1.7146,1.6403,1.5675,1.4985,1.4355,1.3821,1.3417,1.3166,1.3057,1.305,1.3093,1.3149,1.3194,1.3221,1.3229,1.3223,1.3206,1.3184,1.316,1.3138,1.3118,1.3102,1.3092,1.3088,1.9593,1.9707,1.9846,2.0012,2.0201,2.0391,2.053,2.0526,2.028,1.9755,1.9003,1.8124,1.7202,1.6284,1.5394,1.4549,1.3768,1.3098,1.2613,1.2369,1.2349,1.2466,1.2626,1.2769,1.2872,1.2934,1.2961,1.2965,1.2955,1.2937,1.2916,1.2897,1.2881,1.287,1.2865,1.2867,1.9706,1.9846,2.0029,2.0268,2.0576,2.0948,2.1321,2.1532,2.1344,2.0651,1.9602,1.8421,1.7241,1.6106,1.5027,1.3996,1.3012,1.2125,1.1491,1.1273,1.1437,1.1778,1.2117,1.2376,1.2543,1.2637,1.2679,1.2689,1.2681,1.2665,1.2648,1.2633,1.2621,1.2616,1.2616,1.2625,1.9785,1.9941,2.0158,2.0467,2.0911,2.1533,2.2319,2.3012,2.3003,2.196,2.0358,1.8724,1.7218,1.5831,1.4543,1.332,1.2091,1.085,0.9902,0.9742,1.0294,1.1025,1.1612,1.1998,1.2222,1.2334,1.2379,1.2387,1.2378,1.2364,1.235,1.2339,1.2334,1.2335,1.2343,1.2359,1.982,1.9972,2.02,2.0551,2.1106,2.1995,2.3376,2.5057,2.5542,2.3686,2.1111,1.8914,1.7058,1.5386,1.3871,1.2504,1.1108,0.9407,0.7822,0.7785,0.9075,1.0354,1.1197,1.1676,1.1919,1.2022,1.2051,1.2048,1.2035,1.2022,1.2014,1.2011,1.2014,1.2023,1.204,1.2067,1.98,1.9921,2.0118,2.0458,2.1043,2.2053,2.3848,2.6645,2.7904,2.4826,2.1349,1.8822,1.6692,1.4654,1.2806,1.1384,1.0208,0.8505,0.6347,0.6442,0.8427,1.0043,1.0969,1.1433,1.1627,1.1679,1.167,1.1647,1.1631,1.1627,1.1631,1.1641,1.1656,1.1676,1.1704,1.1742,1.9725,1.9773,1.9882,2.0141,2.0661,2.155,2.299,2.5076,2.5871,2.3399,2.0675,1.8467,1.6175,1.3484,1.0798,0.9248,0.9008,0.8622,0.7479,0.7548,0.8987,1.023,1.0935,1.1239,1.1303,1.1256,1.119,1.1149,1.1143,1.1161,1.119,1.1221,1.1253,1.1287,1.1328,1.138,1.9608,1.953,1.9458,1.9538,1.9979,2.0758,2.1594,2.2194,2.203,2.1015,1.9797,1.8255,1.5851,1.1881,0.6564,0.4126,0.6314,0.8368,0.8959,0.9296,0.9969,1.061,1.0957,1.1002,1.0857,1.0664,1.0532,1.0497,1.0535,1.0608,1.0682,1.0746,1.0799,1.0849,1.0905,1.0972,1.9486,1.9238,1.8847,1.8524,1.8939,2.0056,2.0828,2.079,1.9963,1.9398,1.939,1.8631,1.6469,1.1158,-0.1168,-0.7364,0.2459,0.7609,0.9193,0.9895,1.0451,1.0823,1.0874,1.0598,1.0144,0.9746,0.9569,0.9614,0.9776,0.9958,1.0107,1.0213,1.029,1.0354,1.0423,1.0509,1.9432,1.9046,1.8307,1.7317,1.7654,1.9717,2.0958,2.0801,1.8689,1.7603,1.9441,1.9712,1.8672,1.5188,0.214,-0.7169,0.3755,0.7526,0.8402,0.9434,1.0385,1.0817,1.0629,0.9897,0.8925,0.8223,0.8099,0.8412,0.885,0.922,0.9472,0.9623,0.9714,0.9786,0.9867,0.9974,1.9509,1.9147,1.8456,1.7546,1.799,2.0269,2.1925,2.2457,2.0653,1.9199,2.0576,2.1355,2.1511,2.1968,1.831,1.1509,0.9063,0.5573,0.4855,0.7893,1.0081,1.0785,1.0293,0.8787,0.6806,0.5594,0.585,0.6857,0.7808,0.8446,0.8802,0.8974,0.9056,0.9119,0.9209,0.9345,1.9706,1.9516,1.9229,1.908,1.9741,2.1251,2.2769,2.388,2.3092,2.1869,2.2262,2.3458,2.3613,2.3651,2.2406,1.7455,1.1004,-0.1771,-0.21,0.6605,1.0256,1.1045,1.0079,0.737,0.3423,0.1317,0.2802,0.519,0.6844,0.7732,0.8126,0.8252,0.8275,0.8306,0.8404,0.8587,1.9947,1.9933,1.9957,2.0171,2.0768,2.1703,2.2694,2.3415,2.3172,2.2739,2.3319,2.5286,2.5875,2.4588,2.2418,1.9117,1.4677,0.5593,0.378,0.9144,1.1567,1.1778,1.0357,0.6615,0.0415,-0.277,0.0524,0.4233,0.6281,0.7174,0.7436,0.7397,0.7288,0.7261,0.7384,0.7653,2.0162,2.0257,2.0418,2.071,2.1176,2.1771,2.2354,2.2743,2.2876,2.317,2.3781,2.4407,2.4768,2.5904,2.2877,1.9821,1.872,1.5521,1.3167,1.3228,1.3051,1.2584,1.1283,0.7893,0.2494,-0.0417,0.1931,0.4763,0.6258,0.6749,0.6645,0.6274,0.5935,0.5839,0.6044,0.6487,2.032,2.0469,2.0673,2.0956,2.1323,2.1742,2.2151,2.2511,2.2911,2.3594,2.4515,2.4842,2.455,2.4184,2.2752,2.056,1.9317,1.8777,1.774,1.5506,1.2317,1.2392,1.2336,1.0135,0.697,0.5,0.5152,0.5976,0.6424,0.6267,0.5569,0.4635,0.3935,0.381,0.4253,0.5039,2.0423,2.0591,2.0801,2.106,2.1365,2.1702,2.2053,2.2431,2.2911,2.3604,2.4372,2.44,2.4395,2.4312,2.3207,2.2146,2.1623,2.2408,2.2698,1.8535,1.2469,1.2821,1.3398,1.1718,0.9294,0.7395,0.6558,0.6442,0.6303,0.5551,0.4004,0.2101,0.084,0.0869,0.1904,0.3326,2.0478,2.065,2.0852,2.1088,2.1354,2.1647,2.1966,2.2323,2.2747,2.3233,2.3649,2.3873,2.4261,2.4372,2.4218,2.4208,2.4089,2.704,3.0666,2.439,1.8663,1.6303,1.4902,1.2531,0.936,0.6385,0.5229,0.5696,0.5857,0.4693,0.1903,-0.1736,-0.3851,-0.3143,-0.0878,0.1539,2.0496,2.0664,2.0855,2.1069,2.1307,2.1567,2.1851,2.2164,2.2508,2.2862,2.3178,2.3456,2.3786,2.434,2.6293,2.7164,2.5445,2.7329,2.9485,2.7125,2.305,1.9371,1.6452,1.301,0.8243,0.2668,0.1405,0.4415,0.5592,0.4161,-0.0154,-0.6391,-0.9554,-0.7347,-0.3334,0.0162,2.0485,2.0645,2.0822,2.1017,2.123,2.1461,2.171,2.1977,2.2257,2.254,2.2814,2.3101,2.3494,2.4287,2.5962,2.6527,2.5421,2.63,2.9128,3.0322,2.5309,2.1265,1.8049,1.4102,0.8653,0.2133,0.0766,0.509,0.623,0.4577,-0.0429,-0.816,-1.1905,-0.8817,-0.4041,-0.0179,2.0452,2.0601,2.0764,2.0941,2.1131,2.1334,2.155,2.1776,2.201,2.2247,2.249,2.2762,2.3126,2.3688,2.4393,2.468,2.4649,2.5406,2.7186,2.7533,2.4914,2.2751,2.0623,1.662,1.1494,0.7941,0.8285,0.8298,0.7671,0.6023,0.2054,-0.3944,-0.7317,-0.5739,-0.2344,0.0749,2.04,2.0539,2.0687,2.0846,2.1014,2.1192,2.1378,2.157,2.1767,2.1967,2.2175,2.2406,2.2685,2.3026,2.3364,2.3578,2.376,2.4188,2.4762,2.4799,2.4579,2.5789,2.5715,2.0546,1.4377,1.063,0.9993,0.959,0.8786,0.7743,0.5337,0.1738,-0.0815,-0.0875,0.0631,0.2502,2.0334,2.0461,2.0595,2.0737,2.0885,2.1039,2.1198,2.1361,2.1525,2.1691,2.1862,2.2043,2.224,2.2449,2.264,2.279,2.2936,2.3141,2.338,2.369,2.4904,2.837,2.9528,2.3325,1.6487,1.2243,1.0483,0.9707,0.9153,0.8852,0.754,0.5444,0.3694,0.3082,0.3494,0.4425,2.0257,2.0372,2.0492,2.0617,2.0746,2.0879,2.1014,2.115,2.1285,2.1419,2.1553,2.1687,2.1821,2.1948,2.2058,2.2145,2.2225,2.2324,2.2487,2.289,2.4031,2.6046,2.6191,2.2205,1.7213,1.3539,1.1349,0.9942,0.9202,0.9121,0.8528,0.7396,0.6313,0.5728,0.5723,0.6132]},{"header":{"la1":42.85,"la2":41.18,"lo1":11.55,"lo2":14.05,"nx":36,"ny":24,"dx":0.07143,"dy":0.07261,"parameterCategory":2,"parameterNumber":3,"parameterNumberName":"northward_wind","parameterUnit":"m.s-1"},"data":[0.5038,0.5271,0.5526,0.5797,0.6069,0.632,0.6519,0.6633,0.6642,0.6547,0.6377,0.6172,0.5972,0.5801,0.5673,0.5587,0.5527,0.5466,0.5371,0.5214,0.4983,0.4686,0.4346,0.3988,0.3634,0.3298,0.2988,0.2708,0.2456,0.2233,0.2035,0.1862,0.1709,0.1575,0.1458,0.1355,0.5115,0.5389,0.5701,0.605,0.6422,0.6786,0.7092,0.7276,0.7291,0.7136,0.6865,0.6556,0.6274,0.6059,0.5924,0.5867,0.5865,0.5874,0.5832,0.5682,0.5406,0.5025,0.4587,0.4137,0.3706,0.331,0.2955,0.2642,0.2368,0.213,0.1923,0.1744,0.1588,0.1454,0.1337,0.1237,0.5158,0.5473,0.585,0.6298,0.681,0.7352,0.7847,0.817,0.8204,0.7934,0.7478,0.6992,0.6585,0.6308,0.617,0.6168,0.6275,0.6422,0.649,0.636,0.5998,0.5469,0.4875,0.4292,0.376,0.3292,0.2888,0.2543,0.2249,0.1999,0.1786,0.1604,0.1448,0.1315,0.1202,0.1105,0.5151,0.55,0.5942,0.6503,0.72,0.802,0.8862,0.9485,0.9578,0.9072,0.8254,0.7466,0.6879,0.6524,0.6392,0.6477,0.6771,0.7189,0.7495,0.7401,0.685,0.6041,0.5195,0.4428,0.3773,0.3227,0.2776,0.2403,0.2093,0.1836,0.162,0.1439,0.1287,0.1159,0.105,0.0959,0.5076,0.544,0.5929,0.6598,0.7511,0.8726,1.0192,1.1498,1.1786,1.0739,0.9192,0.7925,0.7111,0.6678,0.6559,0.6757,0.7335,0.8269,0.9103,0.9054,0.8048,0.6711,0.5488,0.4493,0.3708,0.3091,0.2601,0.2209,0.1893,0.1636,0.1424,0.125,0.1104,0.0983,0.0883,0.0799,0.4915,0.5259,0.5754,0.6486,0.7585,0.9239,1.1642,1.4406,1.5292,1.2965,1.009,0.8221,0.7217,0.6748,0.6648,0.6933,0.782,0.9583,1.1528,1.1475,0.9457,0.7284,0.5615,0.4405,0.3519,0.2855,0.2348,0.1954,0.1644,0.1396,0.1197,0.1034,0.09,0.0789,0.0699,0.0625,0.4657,0.4929,0.5356,0.606,0.7215,0.9099,1.2212,1.6729,1.867,1.4421,1.0276,0.814,0.7157,0.6749,0.6677,0.6937,0.7874,1.0232,1.3486,1.3326,1.0125,0.7293,0.5375,0.4078,0.3165,0.2501,0.2006,0.1631,0.1343,0.1117,0.0937,0.0792,0.0674,0.0577,0.0499,0.0437,0.4304,0.4432,0.4684,0.523,0.6277,0.8004,1.0642,1.4208,1.5604,1.226,0.9172,0.7645,0.6991,0.6772,0.6767,0.688,0.7354,0.893,1.1366,1.1313,0.8765,0.6364,0.4663,0.3479,0.2634,0.2021,0.1572,0.1241,0.0992,0.0801,0.0649,0.0527,0.0428,0.0348,0.0284,0.0235,0.3887,0.3783,0.3699,0.3902,0.4795,0.6365,0.8105,0.9479,0.9633,0.8556,0.7569,0.705,0.6884,0.6955,0.7171,0.7185,0.6867,0.6974,0.7557,0.7434,0.6253,0.4827,0.3611,0.2665,0.1951,0.1428,0.1055,0.079,0.0599,0.0454,0.0338,0.0243,0.0166,0.0103,0.0055,0.0021,0.3479,0.3082,0.2443,0.1922,0.2712,0.4842,0.6537,0.7071,0.6539,0.6107,0.6395,0.6694,0.7003,0.7362,0.804,0.8374,0.6859,0.5698,0.5181,0.477,0.4117,0.3288,0.2461,0.1738,0.1162,0.0744,0.0468,0.0293,0.0177,0.0088,0.0012,-0.0054,-0.0111,-0.0156,-0.0188,-0.0206,0.3196,0.2586,0.1398,-0.0226,0.0358,0.3979,0.6407,0.6843,0.5212,0.4348,0.581,0.6713,0.7523,0.8131,0.8283,0.8414,0.63,0.4534,0.362,0.3094,0.2572,0.1975,0.1357,0.0782,0.0307,-0.0012,-0.017,-0.0229,-0.0255,-0.0283,-0.0319,-0.036,-0.0399,-0.0428,-0.0445,-0.0448,0.3124,0.2574,0.1516,0.0103,0.084,0.4667,0.7662,0.8859,0.6941,0.5362,0.6069,0.7093,0.8492,1.0376,0.9237,0.6862,0.4682,0.2999,0.2332,0.19,0.1366,0.0822,0.0319,-0.0154,-0.0573,-0.0813,-0.0826,-0.0738,-0.0666,-0.0638,-0.0645,-0.067,-0.0698,-0.0716,-0.0719,-0.0705,0.3216,0.2937,0.2531,0.235,0.3435,0.5986,0.8828,1.1079,0.9518,0.6738,0.6339,0.8049,0.9036,1.1229,0.9882,0.5575,0.2821,0.1923,0.1789,0.0992,0.0201,-0.0357,-0.0697,-0.1,-0.1374,-0.1575,-0.1415,-0.117,-0.1018,-0.096,-0.096,-0.0987,-0.1014,-0.1026,-0.1016,-0.0981,0.3336,0.3298,0.3335,0.3669,0.4612,0.6198,0.8122,0.9746,0.8666,0.5764,0.5262,0.9491,1.0883,0.6952,0.5703,0.2157,-0.0615,0.043,0.0726,-0.0343,-0.1407,-0.1881,-0.1796,-0.1663,-0.183,-0.2004,-0.175,-0.1444,-0.1285,-0.1244,-0.1269,-0.1319,-0.136,-0.1371,-0.1344,-0.1282,0.338,0.3459,0.3634,0.3999,0.4627,0.5474,0.6318,0.6578,0.5255,0.2712,0.1165,0.2363,0.3441,0.1229,0.2236,-0.3335,-0.911,-0.3517,-0.1705,-0.2565,-0.4201,-0.4313,-0.3176,-0.2251,-0.1922,-0.1912,-0.1749,-0.1557,-0.148,-0.1506,-0.159,-0.1689,-0.1759,-0.1771,-0.1718,-0.1615,0.3322,0.3421,0.3581,0.3825,0.4142,0.4445,0.4523,0.398,0.2308,-0.0905,-0.5636,-0.429,-0.196,0.0172,-0.028,-0.3847,-0.7251,-0.4162,-0.3086,-0.4857,-0.8836,-0.7855,-0.4625,-0.2836,-0.2075,-0.18,-0.1659,-0.1597,-0.1641,-0.1769,-0.1949,-0.2134,-0.2254,-0.2258,-0.2154,-0.1983,0.3182,0.3252,0.3344,0.3448,0.3527,0.3491,0.3183,0.2365,0.0758,-0.1947,-0.5306,-0.4193,-0.4271,-0.4718,-0.252,-0.296,-0.3564,-0.3291,-0.3371,-0.503,-0.9441,-0.8276,-0.4849,-0.3005,-0.2094,-0.1631,-0.147,-0.1558,-0.1778,-0.2052,-0.2376,-0.2705,-0.2903,-0.2873,-0.2662,-0.2377,0.2992,0.3018,0.3036,0.3027,0.2951,0.274,0.2296,0.1506,0.0292,-0.1259,-0.257,-0.3137,-0.4727,-0.5276,-0.4415,-0.4597,-0.3662,-0.3308,-0.3723,-0.3394,-0.4706,-0.4909,-0.3769,-0.2685,-0.1779,-0.0997,-0.0816,-0.1333,-0.1904,-0.2363,-0.2873,-0.3446,-0.3765,-0.3622,-0.321,-0.276,0.278,0.2762,0.272,0.2634,0.2472,0.219,0.1735,0.1069,0.0197,-0.0777,-0.166,-0.2444,-0.3381,-0.4471,-0.7555,-0.8884,-0.4704,-0.2923,-0.2555,-0.0947,-0.1911,-0.282,-0.2866,-0.2389,-0.1376,0.0378,0.075,-0.1064,-0.2176,-0.2702,-0.3341,-0.4243,-0.4714,-0.4348,-0.3668,-0.3049,0.2565,0.2512,0.2427,0.2295,0.2092,0.1794,0.1375,0.0826,0.0167,-0.0547,-0.1258,-0.1987,-0.2862,-0.4279,-0.696,-0.7701,-0.4457,-0.1883,0.1352,0.2745,-0.0415,-0.2143,-0.2724,-0.2607,-0.1801,0.0306,0.0794,-0.2236,-0.2969,-0.3024,-0.3507,-0.4537,-0.5084,-0.4598,-0.3814,-0.3147,0.236,0.2281,0.2169,0.2012,0.1796,0.1506,0.1132,0.0674,0.0147,-0.0424,-0.102,-0.1659,-0.2412,-0.339,-0.4437,-0.4518,-0.3248,-0.158,0.0278,0.0749,-0.1095,-0.2809,-0.3517,-0.3442,-0.3368,-0.4246,-0.7185,-0.6324,-0.4052,-0.3065,-0.3182,-0.3923,-0.439,-0.4126,-0.3563,-0.3026,0.2171,0.2075,0.1947,0.178,0.1565,0.1293,0.0961,0.0572,0.0134,-0.0339,-0.0839,-0.137,-0.1942,-0.2533,-0.2979,-0.2983,-0.248,-0.1752,-0.1176,-0.1379,-0.2789,-0.4776,-0.5406,-0.4576,-0.455,-0.6736,-1.063,-0.7927,-0.3378,-0.2148,-0.2404,-0.2986,-0.338,-0.3371,-0.3105,-0.2766,0.2001,0.1894,0.176,0.1591,0.1383,0.1132,0.0837,0.0501,0.013,-0.0268,-0.0684,-0.1113,-0.1541,-0.1929,-0.2192,-0.2244,-0.2095,-0.1892,-0.1887,-0.2434,-0.3917,-0.6175,-0.6759,-0.5242,-0.4689,-0.5612,-0.6481,-0.3794,0.0024,-0.0318,-0.1472,-0.222,-0.2624,-0.2742,-0.2659,-0.2475,0.185,0.1738,0.1601,0.1436,0.1239,0.1009,0.0746,0.0453,0.0134,-0.0204,-0.0552,-0.0901,-0.1234,-0.1524,-0.1735,-0.1844,-0.1878,-0.193,-0.2154,-0.2746,-0.3868,-0.524,-0.5617,-0.4821,-0.4275,-0.424,-0.3775,-0.1686,0.0519,0.0055,-0.1084,-0.1799,-0.2171,-0.2318,-0.2314,-0.2216]}]