docs/data/wind_grid.json
[{"header":{"la1":42.22,"la2":41.45,"lo1":12.02,"lo2":12.97,"nx":14,"ny":12,"dx":0.07308,"dy":0.07,"parameterCategory":2,"parameterNumber":2,"parameterNumberName":"eastward_wind","parameterUnit":"m.s-1"},"data":[4.4647,4.5054,4.5196,4.4577,4.3626,4.3025,4.2792,4.266,4.2524,4.2465,4.25,4.2531,4.247,4.2326,4.5114,4.5836,4.654,4.5422,4.3708,4.3019,4.3058,4.2995,4.2689,4.2603,4.2791,4.2926,4.2803,4.2529,4.5562,4.6079,4.6884,4.5353,4.3249,4.2873,4.3975,4.3948,4.2871,4.2737,4.3383,4.3724,4.3334,4.2769,4.6467,4.673,4.5457,4.3767,4.2178,4.2119,4.5647,4.5247,4.2589,4.2697,4.4475,4.5099,4.3923,4.2911,4.705,4.7831,4.4877,4.2429,4.1136,4.0862,4.0195,4.1258,4.1282,4.2002,4.4549,4.5449,4.3829,4.2703,4.5575,4.5488,4.3304,4.1381,4.0439,4.0087,3.7384,3.865,4.0123,4.0617,4.1916,4.3065,4.2656,4.2065,4.3687,4.3088,4.1765,4.068,3.9685,3.877,3.756,3.8503,3.9767,4.0063,4.0539,4.1196,4.1317,4.1231,4.2452,4.1848,4.1033,4.0706,4.0324,3.8398,3.83,3.8732,3.9524,3.9971,4.0073,4.0051,4.0165,4.0405,4.175,4.1261,4.0715,4.0347,3.9747,3.8362,3.7132,3.842,3.9269,3.9576,3.9268,3.8748,3.9085,3.97,4.1349,4.0956,4.0523,4.0087,3.9506,3.8621,3.8054,3.8622,3.9193,3.9293,3.8687,3.8005,3.8521,3.9304,4.111,4.0787,4.0427,4.004,3.9602,3.9143,3.8909,3.9058,3.9285,3.9265,3.8847,3.8464,3.874,3.9291,4.0966,4.0698,4.0403,4.0093,3.9781,3.9512,3.9371,3.9385,3.9443,3.9399,3.9206,3.9056,3.9173,3.9475]},{"header":{"la1":42.22,"la2":41.45,"lo1":12.02,"lo2":12.97,"nx":14,"ny":12,"dx":0.07308,"dy":0.07,"parameterCategory":2,"parameterNumber":3,"parameterNumberName":"northward_wind","parameterUnit":"m.s-1"},"data":[-0.4318,-0.5523,-0.6097,-0.4669,-0.211,0.0104,0.1558,0.2224,0.2328,0.2236,0.2149,0.2069,0.1948,0.1782,-0.4596,-0.7067,-0.9382,-0.6705,-0.2197,0.1016,0.3029,0.361,0.3192,0.2748,0.257,0.2478,0.2296,0.2041,-0.3687,-0.6408,-1.023,-0.6587,-0.131,0.2419,0.5729,0.5986,0.412,0.3145,0.3014,0.3001,0.2698,0.229,-0.1678,-0.2013,-0.4486,-0.3193,0.0077,0.3078,0.8954,0.8456,0.4392,0.3247,0.3508,0.3669,0.3069,0.2459,-0.0731,-0.0171,-0.2008,-0.1676,0.073,0.2631,0.4412,0.4713,0.3369,0.3054,0.3598,0.3836,0.309,0.2433,-0.1445,-0.1483,-0.2485,-0.2629,-0.0824,0.1494,0.3255,0.2057,0.2403,0.3279,0.3159,0.3047,0.2648,0.2197,-0.237,-0.2881,-0.4115,-0.5792,-0.5453,-0.3507,-0.1452,-0.013,0.1948,0.417,0.3129,0.2446,0.2146,0.1886,-0.3001,-0.3785,-0.5426,-0.88,-0.9245,-0.599,-0.3837,-0.1835,0.0538,0.2287,0.2231,0.1929,0.1779,0.163,-0.3296,-0.4062,-0.534,-0.7011,-0.6936,-0.5897,-0.7112,-0.3758,-0.0908,0.076,0.1493,0.1764,0.1681,0.1494,-0.3325,-0.3905,-0.465,-0.5287,-0.5328,-0.5288,-0.5438,-0.3655,-0.1463,0.0203,0.1429,0.1991,0.1739,0.1413,-0.3199,-0.3593,-0.4007,-0.4303,-0.436,-0.4264,-0.3909,-0.288,-0.1458,-0.0082,0.1061,0.1613,0.1499,0.1235,-0.3007,-0.3262,-0.3495,-0.3636,-0.3631,-0.3459,-0.305,-0.2319,-0.1354,-0.0354,0.0486,0.0959,0.104,0.0945]}]