docs/data/wind_grid.json
[{"header":{"la1":42.85,"la2":41.18,"lo1":11.55,"lo2":14.05,"nx":36,"ny":24,"dx":0.07143,"dy":0.07261,"parameterCategory":2,"parameterNumber":2,"parameterNumberName":"eastward_wind","parameterUnit":"m.s-1"},"data":[-0.9036,-0.9098,-0.9167,-0.9244,-0.9328,-0.9417,-0.9509,-0.9607,-0.9715,-0.9851,-1.0037,-1.0299,-1.065,-1.1071,-1.1491,-1.179,-1.1853,-1.1654,-1.1269,-1.0803,-1.0337,-0.991,-0.9536,-0.9211,-0.893,-0.8686,-0.8474,-0.8289,-0.8128,-0.7986,-0.7861,-0.7752,-0.7657,-0.7574,-0.7502,-0.744,-0.905,-0.9118,-0.9196,-0.9284,-0.9382,-0.9487,-0.9593,-0.9696,-0.9801,-0.993,-1.0126,-1.0443,-1.0923,-1.157,-1.2285,-1.283,-1.2941,-1.2573,-1.1924,-1.1218,-1.0578,-1.0036,-0.9588,-0.9216,-0.8904,-0.8639,-0.8413,-0.8218,-0.8049,-0.7902,-0.7775,-0.7665,-0.757,-0.7487,-0.7416,-0.7356,-0.9061,-0.9134,-0.922,-0.9323,-0.9442,-0.9574,-0.9708,-0.9825,-0.9916,-1.001,-1.018,-1.0525,-1.1146,-1.2109,-1.3328,-1.4352,-1.4531,-1.3789,-1.2667,-1.1614,-1.0765,-1.0106,-0.9591,-0.918,-0.8843,-0.8563,-0.8326,-0.8123,-0.795,-0.7801,-0.7673,-0.7563,-0.7469,-0.7389,-0.7321,-0.7263,-0.9065,-0.9143,-0.9238,-0.9357,-0.9506,-0.9686,-0.9878,-1.0036,-1.011,-1.012,-1.0194,-1.0501,-1.1212,-1.2511,-1.4439,-1.6292,-1.6551,-1.5099,-1.3293,-1.1854,-1.0824,-1.0082,-0.9526,-0.9093,-0.8743,-0.8453,-0.821,-0.8005,-0.783,-0.7681,-0.7554,-0.7446,-0.7355,-0.7278,-0.7214,-0.716,-0.9062,-0.9142,-0.9243,-0.9377,-0.9561,-0.9812,-1.0124,-1.0409,-1.0487,-1.0324,-1.0178,-1.0335,-1.0997,-1.2415,-1.4815,-1.7436,-1.7763,-1.5641,-1.3368,-1.176,-1.0686,-0.9939,-0.9384,-0.8951,-0.8599,-0.8308,-0.8065,-0.786,-0.7686,-0.754,-0.7417,-0.7313,-0.7227,-0.7155,-0.7096,-0.7048,-0.9052,-0.9129,-0.9228,-0.9367,-0.9576,-0.9904,-1.0408,-1.1001,-1.1186,-1.0673,-1.0125,-1.0023,-1.0471,-1.1606,-1.3576,-1.576,-1.6113,-1.4448,-1.2605,-1.127,-1.0351,-0.9685,-0.9172,-0.8757,-0.8414,-0.8128,-0.7888,-0.7687,-0.7519,-0.7378,-0.7261,-0.7163,-0.7083,-0.7018,-0.6966,-0.6925,-0.9035,-0.9104,-0.9193,-0.9318,-0.9514,-0.9859,-1.0497,-1.1486,-1.1917,-1.0891,-0.9894,-0.9558,-0.9752,-1.0417,-1.1517,-1.2654,-1.2976,-1.2328,-1.1394,-1.0575,-0.9915,-0.9372,-0.8913,-0.8522,-0.8191,-0.7911,-0.7678,-0.7485,-0.7325,-0.7193,-0.7085,-0.6996,-0.6925,-0.6868,-0.6824,-0.6791,-0.9015,-0.9074,-0.9144,-0.9236,-0.937,-0.9604,-1.0059,-1.0815,-1.1104,-1.0124,-0.9247,-0.893,-0.898,-0.9303,-0.9843,-1.042,-1.0742,-1.0689,-1.0386,-0.9973,-0.952,-0.9065,-0.8637,-0.8256,-0.793,-0.7658,-0.7434,-0.7252,-0.7105,-0.6985,-0.6889,-0.6812,-0.6751,-0.6704,-0.667,-0.6647,-0.8995,-0.9046,-0.9098,-0.9152,-0.9207,-0.9261,-0.9314,-0.9312,-0.9035,-0.853,-0.8269,-0.8214,-0.8239,-0.8385,-0.8713,-0.9176,-0.9619,-0.9887,-0.9902,-0.9673,-0.9276,-0.8811,-0.8357,-0.7957,-0.7627,-0.7361,-0.7152,-0.6987,-0.6857,-0.6754,-0.6673,-0.661,-0.6561,-0.6527,-0.6504,-0.6492,-0.8981,-0.9028,-0.9072,-0.9108,-0.9119,-0.9065,-0.8846,-0.8257,-0.7202,-0.6722,-0.7256,-0.7569,-0.7551,-0.7547,-0.7841,-0.8468,-0.9236,-0.9859,-1.0064,-0.9792,-0.9233,-0.8609,-0.8051,-0.7603,-0.7263,-0.7012,-0.6826,-0.6687,-0.6582,-0.6501,-0.6438,-0.6391,-0.6357,-0.6335,-0.6325,-0.6326,-0.8973,-0.9023,-0.9074,-0.9122,-0.9158,-0.915,-0.8979,-0.8183,-0.5694,-0.4534,-0.6579,-0.7158,-0.6876,-0.6542,-0.6893,-0.7983,-0.9447,-1.0784,-1.1158,-1.0448,-0.9361,-0.838,-0.7645,-0.7141,-0.6811,-0.6595,-0.6452,-0.6352,-0.628,-0.6227,-0.6186,-0.6156,-0.6137,-0.6129,-0.6133,-0.6148,-0.897,-0.9027,-0.9094,-0.9175,-0.9285,-0.9447,-0.9686,-0.97,-0.7682,-0.6046,-0.7025,-0.7054,-0.6254,-0.5038,-0.5662,-0.7644,-1.0337,-1.3494,-1.3951,-1.1661,-0.943,-0.791,-0.6997,-0.6495,-0.6235,-0.6101,-0.6029,-0.5986,-0.5957,-0.5936,-0.5919,-0.5907,-0.5902,-0.5909,-0.5927,-0.5958,-0.8965,-0.9031,-0.9114,-0.9226,-0.9396,-0.9687,-1.0217,-1.0916,-1.0126,-0.8474,-0.7765,-0.7084,-0.6381,-0.4602,-0.5247,-0.7853,-1.1401,-1.7912,-1.7934,-1.2384,-0.8754,-0.6792,-0.5895,-0.5581,-0.5517,-0.5535,-0.5568,-0.5598,-0.5621,-0.5635,-0.5641,-0.5644,-0.5652,-0.567,-0.5704,-0.5753,-0.8956,-0.9027,-0.9117,-0.9239,-0.9417,-0.9693,-1.0101,-1.0519,-1.0142,-0.9107,-0.8305,-0.6983,-0.6597,-0.7786,-0.7259,-0.8876,-1.118,-1.4681,-1.4771,-1.0104,-0.6298,-0.4458,-0.4121,-0.4371,-0.4689,-0.493,-0.5094,-0.5205,-0.5283,-0.5333,-0.5358,-0.5369,-0.5381,-0.5409,-0.546,-0.5532,-0.8938,-0.901,-0.9099,-0.9212,-0.9362,-0.9553,-0.9763,-0.9876,-0.9724,-0.9545,-0.9453,-0.8848,-0.7966,-0.7041,-0.8217,-1.043,-1.249,-1.0948,-0.9237,-0.5429,-0.1217,-0.0259,-0.164,-0.3012,-0.3874,-0.4358,-0.4638,-0.4824,-0.4957,-0.5039,-0.5073,-0.5076,-0.5081,-0.5115,-0.5187,-0.5291,-0.8912,-0.898,-0.9062,-0.9161,-0.9277,-0.9407,-0.953,-0.9624,-0.9757,-1.0252,-1.1426,-1.0816,-0.9987,-0.8908,-0.9079,-1.0253,-1.1393,-0.9076,-0.5987,-0.0769,0.6644,0.5426,0.0741,-0.1973,-0.3278,-0.3888,-0.4213,-0.4456,-0.4652,-0.4768,-0.4792,-0.4758,-0.4733,-0.477,-0.4877,-0.5029,-0.8877,-0.8941,-0.9014,-0.9099,-0.9194,-0.9298,-0.941,-0.9554,-0.9821,-1.0412,-1.1321,-1.0973,-1.1734,-1.2201,-1.0037,-0.9313,-0.8486,-0.6258,-0.3717,0.0102,0.7639,0.6039,0.096,-0.1813,-0.3038,-0.3498,-0.3753,-0.4071,-0.4381,-0.4542,-0.452,-0.4391,-0.4304,-0.4355,-0.4527,-0.4755,-0.8836,-0.8893,-0.8959,-0.9032,-0.9115,-0.9208,-0.9321,-0.9476,-0.9719,-1.0081,-1.0443,-1.076,-1.2056,-1.2294,-1.0288,-0.9242,-0.7332,-0.3764,-0.1377,-0.1712,0.0538,0.0866,-0.0915,-0.2399,-0.3012,-0.2962,-0.304,-0.3622,-0.419,-0.4408,-0.4268,-0.395,-0.3767,-0.3872,-0.4161,-0.4494,-0.8789,-0.884,-0.8897,-0.8962,-0.9034,-0.9118,-0.9221,-0.9355,-0.9535,-0.9755,-0.9985,-1.0255,-1.0596,-1.0495,-1.0415,-1.0489,-0.7648,-0.4064,-0.2331,-0.3088,-0.2635,-0.2237,-0.2583,-0.3076,-0.3004,-0.2027,-0.1825,-0.3261,-0.4249,-0.4449,-0.4087,-0.3492,-0.3213,-0.343,-0.3867,-0.4304,-0.8736,-0.8781,-0.8831,-0.8886,-0.8948,-0.9019,-0.9103,-0.9205,-0.9327,-0.9462,-0.9594,-0.9713,-0.9777,-0.9763,-1.0044,-0.9953,-0.7698,-0.5216,-0.4073,-0.4013,-0.3694,-0.3413,-0.3436,-0.3612,-0.3422,-0.2104,-0.1796,-0.4117,-0.4904,-0.476,-0.4124,-0.3332,-0.3008,-0.3285,-0.3781,-0.4251,-0.868,-0.8718,-0.8759,-0.8804,-0.8854,-0.891,-0.8972,-0.9041,-0.9116,-0.9186,-0.9241,-0.9262,-0.923,-0.9151,-0.9031,-0.8516,-0.7203,-0.5634,-0.4548,-0.4191,-0.3967,-0.3645,-0.3585,-0.3934,-0.4486,-0.5394,-0.7491,-0.7242,-0.6135,-0.5306,-0.4491,-0.3738,-0.3411,-0.3578,-0.3961,-0.4357,-0.862,-0.8651,-0.8684,-0.8719,-0.8755,-0.8794,-0.8835,-0.8875,-0.8909,-0.8931,-0.8929,-0.8887,-0.8789,-0.8616,-0.8318,-0.7764,-0.6886,-0.5876,-0.5043,-0.4476,-0.3866,-0.3052,-0.2853,-0.3717,-0.5097,-0.7267,-0.9671,-0.8703,-0.6915,-0.5786,-0.4984,-0.4381,-0.4078,-0.4097,-0.4307,-0.4575,-0.8558,-0.8582,-0.8606,-0.863,-0.8654,-0.8677,-0.8697,-0.8711,-0.8715,-0.87,-0.8656,-0.8571,-0.8429,-0.8207,-0.7871,-0.7378,-0.6725,-0.5994,-0.5291,-0.4595,-0.3669,-0.2436,-0.2126,-0.3358,-0.4974,-0.6684,-0.793,-0.7718,-0.6785,-0.5963,-0.5346,-0.4901,-0.4647,-0.4589,-0.4674,-0.4832,-0.8495,-0.8511,-0.8527,-0.8541,-0.8553,-0.8561,-0.8563,-0.8556,-0.8535,-0.8493,-0.8422,-0.831,-0.8144,-0.7909,-0.7585,-0.7159,-0.6638,-0.6056,-0.5443,-0.4766,-0.3935,-0.307,-0.2893,-0.3702,-0.4849,-0.5918,-0.6614,-0.6701,-0.6365,-0.5927,-0.5535,-0.5233,-0.5042,-0.4967,-0.4989,-0.5075]},{"header":{"la1":42.85,"la2":41.18,"lo1":11.55,"lo2":14.05,"nx":36,"ny":24,"dx":0.07143,"dy":0.07261,"parameterCategory":2,"parameterNumber":3,"parameterNumberName":"northward_wind","parameterUnit":"m.s-1"},"data":[-0.1157,-0.0976,-0.0769,-0.0541,-0.0306,-0.0087,0.0087,0.0182,0.0182,0.0091,-0.0055,-0.0212,-0.0339,-0.0415,-0.0447,-0.0468,-0.0515,-0.0605,-0.073,-0.0867,-0.0997,-0.1114,-0.1216,-0.1305,-0.1386,-0.1461,-0.1533,-0.1603,-0.1673,-0.1743,-0.1813,-0.1883,-0.1951,-0.2018,-0.2083,-0.2144,-0.1155,-0.0938,-0.0679,-0.0378,-0.0049,0.0278,0.0551,0.0706,0.0699,0.0533,0.0274,0.001,-0.0183,-0.0271,-0.0265,-0.0235,-0.0266,-0.0393,-0.0579,-0.0771,-0.094,-0.1081,-0.1195,-0.1292,-0.1377,-0.1455,-0.153,-0.1604,-0.1679,-0.1754,-0.1831,-0.1907,-0.1982,-0.2056,-0.2126,-0.2193,-0.1181,-0.0929,-0.0609,-0.0214,0.0252,0.0754,0.1212,0.1497,0.1491,0.1187,0.0719,0.0265,-0.0041,-0.0139,-0.0048,0.0099,0.0099,-0.0111,-0.0409,-0.0684,-0.09,-0.1062,-0.1186,-0.1286,-0.1372,-0.1452,-0.1529,-0.1607,-0.1687,-0.1769,-0.1852,-0.1936,-0.202,-0.2101,-0.2178,-0.225,-0.125,-0.0967,-0.0587,-0.0082,0.0568,0.135,0.2158,0.2739,0.2775,0.2201,0.1329,0.0543,0.0056,-0.0063,0.0168,0.0533,0.0577,0.0199,-0.0272,-0.064,-0.0893,-0.1066,-0.1191,-0.1288,-0.1372,-0.145,-0.1529,-0.1611,-0.1697,-0.1787,-0.1879,-0.1973,-0.2065,-0.2156,-0.2241,-0.232,-0.1375,-0.1079,-0.0654,-0.0045,0.0821,0.2006,0.3451,0.4721,0.4944,0.379,0.2121,0.0796,0.0053,-0.0127,0.0212,0.0797,0.0876,0.0317,-0.0279,-0.0686,-0.0939,-0.1099,-0.121,-0.1296,-0.1373,-0.1448,-0.1528,-0.1614,-0.1708,-0.1807,-0.1911,-0.2017,-0.2121,-0.2223,-0.2318,-0.2405,-0.1568,-0.1287,-0.0858,-0.0193,0.0847,0.2472,0.4874,0.76,0.8423,0.5987,0.289,0.0868,-0.0132,-0.0415,-0.0158,0.0343,0.0423,-0.0032,-0.0518,-0.0842,-0.1036,-0.1156,-0.1238,-0.1305,-0.1371,-0.1442,-0.1523,-0.1616,-0.1719,-0.1831,-0.195,-0.2071,-0.2191,-0.2306,-0.2412,-0.2508,-0.1833,-0.1606,-0.1235,-0.0619,0.0425,0.2236,0.5361,0.9841,1.171,0.7385,0.2878,0.0483,-0.0586,-0.0934,-0.085,-0.0599,-0.0516,-0.0683,-0.0904,-0.1064,-0.1161,-0.122,-0.1264,-0.1307,-0.136,-0.1427,-0.1511,-0.1612,-0.1729,-0.1859,-0.1997,-0.2139,-0.2278,-0.241,-0.253,-0.2635,-0.216,-0.2028,-0.1786,-0.1348,-0.0555,0.0884,0.343,0.7113,0.8524,0.4853,0.1329,-0.049,-0.1318,-0.1613,-0.1597,-0.1441,-0.1309,-0.1265,-0.1271,-0.1279,-0.1277,-0.1271,-0.1273,-0.1291,-0.1332,-0.1397,-0.1487,-0.1601,-0.1738,-0.1892,-0.2056,-0.2224,-0.2388,-0.2542,-0.2678,-0.2794,-0.2525,-0.2519,-0.2461,-0.2301,-0.195,-0.1263,-0.0117,0.1193,0.1442,0.0298,-0.0907,-0.172,-0.2194,-0.2382,-0.2318,-0.2097,-0.1853,-0.1671,-0.1546,-0.1447,-0.1359,-0.1291,-0.1251,-0.1246,-0.1277,-0.1344,-0.1445,-0.158,-0.1744,-0.1931,-0.2131,-0.2335,-0.2532,-0.2712,-0.2867,-0.2994,-0.2893,-0.3024,-0.3173,-0.3332,-0.3473,-0.3529,-0.3381,-0.2956,-0.2486,-0.233,-0.2469,-0.2754,-0.3076,-0.3252,-0.3086,-0.2651,-0.222,-0.1939,-0.1753,-0.1574,-0.1401,-0.1265,-0.1183,-0.1158,-0.1185,-0.126,-0.138,-0.1544,-0.1746,-0.1979,-0.223,-0.2483,-0.2723,-0.2936,-0.3113,-0.3249,-0.3225,-0.3482,-0.3824,-0.4284,-0.4893,-0.5634,-0.6252,-0.5836,-0.3384,-0.2349,-0.3159,-0.3461,-0.3956,-0.4432,-0.4098,-0.3154,-0.2419,-0.2163,-0.2017,-0.172,-0.1402,-0.1174,-0.1049,-0.1012,-0.1044,-0.1136,-0.1283,-0.1487,-0.1743,-0.2041,-0.2362,-0.2683,-0.2981,-0.3236,-0.3436,-0.3577,-0.3483,-0.3835,-0.4321,-0.5012,-0.6009,-0.7437,-0.9278,-1.032,-0.6754,-0.3846,-0.382,-0.3876,-0.4748,-0.6423,-0.5567,-0.3415,-0.2317,-0.2672,-0.2727,-0.196,-0.1326,-0.0972,-0.0816,-0.0787,-0.084,-0.0958,-0.1142,-0.14,-0.1731,-0.2122,-0.2545,-0.2963,-0.334,-0.3646,-0.3867,-0.4003,-0.3643,-0.4042,-0.4596,-0.5392,-0.6572,-0.8371,-1.1059,-1.3905,-1.1425,-0.6378,-0.4166,-0.4038,-0.4485,-0.6967,-0.5928,-0.2488,-0.1361,-0.3987,-0.4081,-0.2024,-0.0999,-0.0562,-0.0433,-0.046,-0.0558,-0.071,-0.0936,-0.1263,-0.1701,-0.223,-0.2805,-0.3366,-0.3851,-0.4217,-0.445,-0.4559,-0.3698,-0.409,-0.4625,-0.5374,-0.6447,-0.8001,-1.0108,-1.2103,-1.0439,-0.5739,-0.3395,-0.4305,-0.4515,-0.0541,-0.179,0.1064,0.3056,-0.0947,-0.2248,-0.1014,-0.0145,0.0219,0.0168,-0.0017,-0.0189,-0.0364,-0.0624,-0.104,-0.1635,-0.2376,-0.3186,-0.3961,-0.4597,-0.5029,-0.5247,-0.5287,-0.3655,-0.3999,-0.4446,-0.5034,-0.5798,-0.6746,-0.7711,-0.7982,-0.6243,-0.3111,-0.1096,-0.1035,-0.0552,0.1771,0.0813,0.7392,1.5219,0.5472,0.0872,0.0492,0.1484,0.1655,0.1017,0.0503,0.0271,0.014,-0.0117,-0.0651,-0.1492,-0.2573,-0.3759,-0.4867,-0.5715,-0.62,-0.6339,-0.6229,-0.3539,-0.381,-0.4137,-0.4524,-0.4951,-0.5338,-0.5468,-0.491,-0.3224,-0.0492,0.2603,0.1763,0.1,0.0758,0.1471,0.6493,1.1547,0.4685,0.0574,0.1193,0.4421,0.3864,0.1836,0.0952,0.0846,0.0956,0.0786,0.0061,-0.1201,-0.2842,-0.464,-0.6281,-0.7419,-0.7893,-0.7813,-0.7411,-0.3379,-0.3571,-0.378,-0.3989,-0.4157,-0.4196,-0.3951,-0.3214,-0.1831,0.02,0.2352,0.168,0.1289,0.1321,0.081,0.1672,0.1835,-0.1357,-0.3667,-0.0722,0.4607,0.3908,0.1719,0.1166,0.1688,0.2474,0.2517,0.136,-0.0674,-0.3214,-0.5992,-0.8489,-1.0,-1.0278,-0.9706,-0.88,-0.3201,-0.3322,-0.3435,-0.3516,-0.3525,-0.3399,-0.3052,-0.2405,-0.1444,-0.0313,0.054,0.0719,0.108,0.1028,-0.057,-0.1374,-0.2411,-0.7172,-1.1633,-0.5536,-0.0746,0.0629,0.0613,0.1252,0.3093,0.5441,0.5849,0.3481,0.0057,-0.3726,-0.7906,-1.1713,-1.3624,-1.3307,-1.1849,-1.0222,-0.3026,-0.3091,-0.3135,-0.3136,-0.3064,-0.2883,-0.2552,-0.2054,-0.1424,-0.0777,-0.0297,-0.0078,-0.0076,-0.0758,-0.2826,-0.3601,-0.3663,-0.7063,-0.9539,-0.6189,-0.3549,-0.1641,-0.0421,0.125,0.4691,1.0028,1.1067,0.5661,0.0447,-0.4351,-0.994,-1.5297,-1.7474,-1.6174,-1.365,-1.1316,-0.2866,-0.2891,-0.289,-0.2848,-0.2744,-0.2561,-0.2284,-0.1918,-0.1502,-0.1107,-0.0824,-0.0726,-0.091,-0.1613,-0.2914,-0.3432,-0.3643,-0.505,-0.5872,-0.5875,-0.4286,-0.2552,-0.1186,0.0612,0.4095,1.0293,1.1584,0.3961,-0.0658,-0.4916,-1.0702,-1.6636,-1.8869,-1.7135,-1.4224,-1.1665,-0.2727,-0.2726,-0.27,-0.2637,-0.2528,-0.2365,-0.2145,-0.1881,-0.1602,-0.1355,-0.1194,-0.1176,-0.1364,-0.181,-0.2416,-0.2875,-0.336,-0.417,-0.4941,-0.4979,-0.389,-0.2766,-0.1919,-0.0783,0.07,0.077,-0.3531,-0.3562,-0.3128,-0.526,-0.9554,-1.4247,-1.636,-1.5407,-1.324,-1.1133,-0.261,-0.2594,-0.2555,-0.2487,-0.2386,-0.2248,-0.2078,-0.1888,-0.1699,-0.1543,-0.1455,-0.147,-0.1615,-0.1895,-0.2256,-0.2631,-0.3046,-0.3518,-0.3865,-0.3783,-0.3255,-0.2842,-0.2648,-0.2067,-0.1892,-0.4278,-0.848,-0.6833,-0.4739,-0.5357,-0.7854,-1.0799,-1.251,-1.2454,-1.1356,-1.0002,-0.2515,-0.249,-0.2447,-0.2381,-0.2292,-0.2181,-0.2051,-0.1914,-0.1785,-0.1687,-0.164,-0.1664,-0.1774,-0.1963,-0.221,-0.2488,-0.2782,-0.3054,-0.3211,-0.3155,-0.2957,-0.2929,-0.2965,-0.2621,-0.2712,-0.4105,-0.5778,-0.5583,-0.4849,-0.5183,-0.656,-0.8269,-0.9481,-0.9806,-0.9422,-0.87,-0.2439,-0.2411,-0.2367,-0.2308,-0.2233,-0.2144,-0.2045,-0.1946,-0.1858,-0.1795,-0.1771,-0.1798,-0.188,-0.2016,-0.2192,-0.239,-0.2591,-0.2761,-0.2857,-0.2856,-0.2814,-0.2831,-0.2822,-0.2701,-0.2835,-0.3464,-0.4175,-0.4417,-0.4456,-0.4837,-0.567,-0.6685,-0.7502,-0.7884,-0.7839,-0.7511]}]