docs/data/wind_grid.json
[{"header":{"la1":42.85,"la2":41.18,"lo1":11.55,"lo2":14.05,"nx":36,"ny":24,"dx":0.07143,"dy":0.07261,"parameterCategory":2,"parameterNumber":2,"parameterNumberName":"eastward_wind","parameterUnit":"m.s-1"},"data":[4.4747,4.4974,4.5216,4.5466,4.5711,4.5926,4.6075,4.6119,4.6027,4.5796,4.5451,4.5031,4.4578,4.412,4.3671,4.3233,4.2804,4.2373,4.1936,4.1493,4.1063,4.0679,4.0367,4.0126,3.9925,3.9732,3.9523,3.9292,3.9041,3.8777,3.8508,3.8241,3.7982,3.7737,3.7508,3.7298,4.489,4.5163,4.5467,4.58,4.6151,4.6492,4.6765,4.6894,4.6816,4.6519,4.6051,4.5495,4.492,4.4365,4.3843,4.3351,4.2874,4.2394,4.189,4.135,4.0804,4.0328,3.9996,3.9801,3.967,3.953,3.9348,3.912,3.8856,3.8572,3.8281,3.7992,3.7714,3.7453,3.7211,3.6993,4.5006,4.5326,4.5697,4.6129,4.6626,4.7163,4.7658,4.7962,4.7922,4.7502,4.6819,4.6041,4.529,4.4613,4.4011,4.3466,4.2951,4.243,4.1854,4.1171,4.0401,3.9728,3.9376,3.9319,3.9345,3.9304,3.916,3.8932,3.8649,3.8337,3.8018,3.7704,3.7404,3.7125,3.6871,3.6644,4.5081,4.5444,4.5879,4.6416,4.7097,4.7936,4.8841,4.9525,4.9591,4.8914,4.7808,4.6663,4.5666,4.4845,4.4164,4.3577,4.3041,4.2509,4.1894,4.1026,3.98,3.8635,3.8298,3.8632,3.8978,3.9082,3.8974,3.873,3.8412,3.8063,3.7708,3.7364,3.7041,3.6745,3.6479,3.6245,4.5105,4.5505,4.5989,4.6607,4.7475,4.8732,5.0387,5.1955,5.2319,5.1012,4.9038,4.7303,4.5997,4.5029,4.4287,4.368,4.315,4.2659,4.2123,4.1165,3.9144,3.6738,3.6611,3.7877,3.8693,3.8922,3.8803,3.8508,3.8134,3.7734,3.7337,3.696,3.6613,3.6299,3.6024,3.5787,4.5074,4.5515,4.6032,4.666,4.7612,4.9293,5.21,5.5633,5.6858,5.3903,5.0292,4.7798,4.6199,4.5127,4.4362,4.3771,4.3273,4.2858,4.2583,4.1969,3.9467,3.556,3.5727,3.7772,3.8728,3.8877,3.8643,3.8245,3.7789,3.7327,3.6884,3.6474,3.6103,3.5776,3.5494,3.5258,4.4976,4.5506,4.6116,4.6669,4.74,4.9149,5.283,5.8792,6.1506,5.596,5.0809,4.7904,4.6196,4.5104,4.4367,4.3838,4.3411,4.3044,4.289,4.2774,4.139,3.8944,3.8256,3.8911,3.914,3.8903,3.8437,3.7889,3.7335,3.6809,3.6323,3.5884,3.5495,3.5159,3.4876,3.4647,4.4757,4.5473,4.6517,4.7165,4.7042,4.8102,5.1194,5.5803,5.7727,5.3881,5.0054,4.7593,4.6,4.4949,4.4255,4.383,4.3561,4.331,4.3112,4.3224,4.3736,4.3019,4.137,4.0324,3.9567,3.8818,3.807,3.7364,3.672,3.6143,3.5626,3.5168,3.4768,3.4429,3.4153,3.3939,4.4268,4.5064,4.7007,4.8804,4.6618,4.6497,4.8734,5.12,5.2259,5.1308,4.927,4.7226,4.5725,4.4687,4.3917,4.357,4.3631,4.3673,4.3727,4.4423,4.6552,4.588,4.3036,4.1014,3.9565,3.8384,3.7395,3.6573,3.5884,3.5289,3.4763,3.43,3.3899,3.3567,3.3306,3.3117,4.3397,4.3518,4.4323,4.5,4.2607,4.4134,4.7153,4.9871,5.2375,5.2771,4.9815,4.7045,4.5468,4.4479,4.3227,4.2625,4.3584,4.409,4.4259,4.4639,4.5709,4.5161,4.2866,4.0691,3.8861,3.7374,3.6248,3.5419,3.4772,3.4216,3.3712,3.3258,3.2865,3.2546,3.2311,3.2162,4.2429,4.1378,3.8684,3.2414,3.3654,4.1645,4.659,4.9987,5.5992,5.9052,5.0887,4.6632,4.5206,4.4758,4.3601,4.2697,4.4041,4.4937,4.5131,4.4733,4.4273,4.3386,4.1665,3.9476,3.7274,3.5523,3.4441,3.382,3.336,3.2913,3.2456,3.2017,3.1633,3.1335,3.1138,3.1047,4.1893,4.0466,3.7401,3.2574,3.4136,4.2053,4.7156,4.9701,5.2193,5.4333,4.8703,4.5383,4.4794,4.5536,4.5772,4.4623,4.5182,4.7083,4.7425,4.5695,4.4078,4.2496,4.0406,3.7604,3.4532,3.2406,3.1775,3.1774,3.169,3.1398,3.0983,3.0545,3.0162,2.9887,2.9745,2.9738,4.1922,4.0939,3.9466,3.8335,3.9964,4.3986,4.7589,5.2411,4.7349,4.7424,4.5348,4.3508,4.3462,4.6781,4.7295,4.4655,4.5649,5.1286,5.1488,4.6791,4.4279,4.217,3.9412,3.5358,3.0361,2.7582,2.8368,2.9539,2.9897,2.9702,2.9267,2.8785,2.838,2.8131,2.8071,2.8193,4.2238,4.1784,4.1374,4.148,4.2649,4.4568,4.6139,4.5615,4.5407,4.4809,4.3236,4.2127,4.1568,3.7532,4.2866,4.3424,4.4482,4.8006,4.8876,4.6321,4.4421,4.2352,3.9087,3.3827,2.6663,2.3229,2.581,2.7725,2.8109,2.7798,2.7232,2.6634,2.6171,2.5957,2.6032,2.6357,4.2565,4.2429,4.2426,4.2732,4.3435,4.433,4.4969,4.4956,4.429,4.2918,4.144,4.0591,3.969,3.7358,4.178,4.3304,4.5207,4.5425,4.5992,4.5738,4.5301,4.3663,3.9881,3.4318,2.7988,2.494,2.5817,2.6365,2.6119,2.5516,2.4728,2.3923,2.3345,2.3194,2.3507,2.4171,4.279,4.2794,4.2895,4.3145,4.3527,4.3909,4.4079,4.3825,4.2971,4.1387,3.9452,3.7861,3.8861,3.9965,4.1901,4.3789,4.504,4.5269,4.58,4.6433,4.8283,4.6697,4.1257,3.5295,2.9942,2.6568,2.4914,2.3959,2.3325,2.2617,2.1587,2.0407,1.9597,1.9585,2.0357,2.1595,4.2905,4.2953,4.3055,4.3214,4.3396,4.3518,4.3458,4.3093,4.2307,4.1033,3.9619,3.9238,3.9181,3.9494,4.2141,4.3905,4.5036,4.6291,4.7283,4.7246,4.8851,4.7134,4.1146,3.4487,2.793,2.2567,1.9586,1.9022,1.9345,1.9107,1.7764,1.577,1.4453,1.4795,1.6485,1.8685,4.2936,4.2988,4.3063,4.315,4.3219,4.3218,4.308,4.2745,4.2182,4.1444,4.0785,4.0445,3.9765,4.0077,4.3696,4.5623,4.6294,4.8706,5.1207,4.8491,4.6639,4.4185,3.914,3.1601,2.1779,1.1789,0.8071,1.1228,1.4643,1.5523,1.3545,0.9748,0.7396,0.8689,1.2114,1.5735,4.2912,4.2955,4.3002,4.3044,4.3056,4.3009,4.2871,4.2622,4.227,4.1882,4.1586,4.1499,4.1751,4.3342,4.7941,4.9739,4.7508,4.8998,5.0825,5.0159,4.7094,4.3062,3.7415,2.8427,1.3996,-0.5097,-0.9523,0.3004,1.0901,1.2898,0.991,0.3191,-0.0665,0.2534,0.8324,1.3428,4.2854,4.2886,4.2915,4.293,4.292,4.2866,4.2759,4.2596,4.24,4.2226,4.216,4.2325,4.2958,4.4614,4.7731,4.8849,4.7531,4.861,5.241,5.415,4.8356,4.3306,3.7446,2.8001,1.264,-0.8254,-1.2845,0.2735,1.0277,1.212,0.8767,0.0686,-0.3878,0.0339,0.7045,1.2606,4.2777,4.2801,4.2817,4.2821,4.2805,4.2761,4.2689,4.2596,4.2505,4.2459,4.2521,4.2784,4.338,4.4444,4.577,4.6466,4.6674,4.7763,5.0092,5.0658,4.7616,4.4779,4.0696,3.1851,1.9,0.8452,0.8158,0.9771,1.208,1.2968,1.0723,0.5289,0.1834,0.4191,0.9009,1.3522,4.269,4.2707,4.2716,4.2716,4.2702,4.2673,4.2631,4.2586,4.2559,4.258,4.2692,4.2946,4.3391,4.4026,4.471,4.5231,4.567,4.6349,4.7176,4.7396,4.7542,4.9954,4.9643,3.9184,2.5479,1.5258,1.1411,1.2228,1.3624,1.4052,1.3357,1.1103,0.931,1.0022,1.2555,1.5531,4.2595,4.2608,4.2614,4.2613,4.2603,4.2585,4.2565,4.255,4.2556,4.2603,4.2718,4.2923,4.3231,4.362,4.4026,4.4386,4.4718,4.509,4.5499,4.6109,4.8353,5.4743,5.6942,4.4646,3.0377,2.0244,1.5379,1.4414,1.346,1.3964,1.4855,1.4667,1.4206,1.4576,1.5923,1.7786,4.2497,4.2505,4.2509,4.2508,4.2501,4.2491,4.2483,4.2482,4.2501,4.255,4.2644,4.2792,4.2993,4.323,4.3469,4.3684,4.3874,4.4066,4.4337,4.4998,4.6913,5.0422,5.0542,4.2706,3.2526,2.4429,1.9307,1.5917,1.3467,1.4198,1.5912,1.6788,1.7158,1.7664,1.8582,1.9838]},{"header":{"la1":42.85,"la2":41.18,"lo1":11.55,"lo2":14.05,"nx":36,"ny":24,"dx":0.07143,"dy":0.07261,"parameterCategory":2,"parameterNumber":3,"parameterNumberName":"northward_wind","parameterUnit":"m.s-1"},"data":[0.5838,0.5884,0.5915,0.5931,0.5932,0.5914,0.5872,0.5796,0.5678,0.5517,0.5319,0.5096,0.4858,0.4611,0.4361,0.4114,0.3885,0.3695,0.3566,0.3509,0.3513,0.3553,0.3599,0.3633,0.365,0.3652,0.3641,0.3621,0.3592,0.3556,0.3514,0.3469,0.3421,0.3372,0.3324,0.3276,0.6019,0.6082,0.6128,0.6157,0.6172,0.6173,0.6151,0.6087,0.596,0.5763,0.5513,0.5233,0.4939,0.4637,0.4328,0.4013,0.3712,0.3462,0.3308,0.3277,0.3351,0.3469,0.3569,0.3627,0.3651,0.3652,0.364,0.3616,0.3583,0.3543,0.3496,0.3445,0.3391,0.3337,0.3283,0.3231,0.6228,0.6314,0.6377,0.642,0.6453,0.6486,0.651,0.6485,0.6356,0.6103,0.5766,0.54,0.5035,0.4669,0.4288,0.388,0.3463,0.31,0.2896,0.2931,0.3163,0.3436,0.3611,0.3675,0.3681,0.3668,0.3647,0.3617,0.3579,0.3532,0.3478,0.3419,0.3358,0.3296,0.3236,0.3178,0.6473,0.6593,0.6679,0.6732,0.6778,0.6858,0.6981,0.7068,0.6963,0.6601,0.6097,0.5595,0.5142,0.4711,0.4252,0.3721,0.3112,0.2518,0.2181,0.2354,0.2972,0.3588,0.3832,0.3811,0.3745,0.3698,0.3662,0.3624,0.3578,0.3523,0.346,0.3391,0.332,0.3249,0.3181,0.3117,0.6766,0.6942,0.7061,0.7112,0.7143,0.7268,0.7587,0.7983,0.7991,0.7363,0.6505,0.5789,0.5245,0.4769,0.4248,0.3576,0.2666,0.1571,0.0791,0.1201,0.2769,0.4172,0.4338,0.4014,0.3816,0.373,0.3681,0.3636,0.3581,0.3515,0.344,0.3358,0.3275,0.3193,0.3115,0.3044,0.7114,0.7391,0.7585,0.7624,0.7556,0.7641,0.8248,0.9409,0.9815,0.8455,0.6885,0.5904,0.5316,0.485,0.4316,0.354,0.2271,0.0229,-0.1986,-0.1414,0.204,0.4637,0.4642,0.4069,0.3831,0.3748,0.3703,0.3654,0.359,0.351,0.3418,0.332,0.322,0.3125,0.3036,0.2956,0.7505,0.7968,0.8355,0.8423,0.8093,0.7853,0.8509,1.0662,1.1846,0.9172,0.6851,0.5813,0.5333,0.4958,0.4478,0.3729,0.2338,-0.0501,-0.4986,-0.4489,0.0793,0.3381,0.3924,0.3841,0.3784,0.3764,0.3738,0.3686,0.3608,0.3507,0.3393,0.3272,0.3152,0.304,0.2938,0.2849,0.7874,0.861,0.9432,0.9758,0.8922,0.7885,0.7783,0.9077,0.9761,0.7608,0.5974,0.5471,0.533,0.51,0.4667,0.4081,0.3101,0.1054,-0.1795,-0.1223,0.1829,0.2971,0.3447,0.3676,0.378,0.3819,0.3806,0.3745,0.3642,0.351,0.3362,0.3211,0.3065,0.2931,0.2814,0.2716,0.8092,0.9031,1.0324,1.122,0.9735,0.7784,0.6543,0.5926,0.5225,0.4397,0.4447,0.5036,0.545,0.5307,0.4581,0.4057,0.3941,0.3265,0.231,0.2425,0.3213,0.3284,0.3509,0.3749,0.3895,0.3957,0.3939,0.3848,0.37,0.3518,0.3323,0.3129,0.2949,0.279,0.2656,0.2548,0.8065,0.8958,1.0001,1.0543,0.9542,0.751,0.5417,0.3364,0.0814,0.0031,0.2499,0.4785,0.5973,0.5855,0.3655,0.2317,0.4297,0.4836,0.4445,0.3898,0.3522,0.3551,0.3794,0.4,0.4151,0.4222,0.4179,0.4024,0.3794,0.3531,0.3265,0.3015,0.2791,0.2602,0.245,0.2336,0.7833,0.8639,0.9674,1.1041,1.0503,0.7344,0.4599,0.1964,-0.3756,-0.6699,0.0872,0.5126,0.7238,0.7801,0.5,0.265,0.5488,0.6456,0.6234,0.5371,0.4581,0.4254,0.4242,0.4383,0.459,0.4711,0.4611,0.4316,0.3931,0.3538,0.3171,0.2846,0.257,0.2346,0.2178,0.2062,0.7446,0.8148,0.9199,1.0643,0.9957,0.6581,0.4027,0.2554,-0.0349,-0.2607,0.2426,0.6175,0.8972,1.1735,1.0293,0.8041,0.8035,0.8873,0.8652,0.6935,0.5547,0.4829,0.4628,0.4851,0.5355,0.5667,0.5396,0.4763,0.4095,0.3507,0.3009,0.2592,0.2253,0.1993,0.1814,0.1707,0.693,0.739,0.7925,0.8229,0.7374,0.5454,0.3833,0.2088,0.3684,0.295,0.467,0.7085,0.9096,1.301,1.1992,1.0306,0.9984,1.1962,1.1762,0.7932,0.5863,0.4922,0.4742,0.5338,0.6691,0.7523,0.6666,0.5299,0.4196,0.337,0.2724,0.2202,0.1792,0.1499,0.132,0.1243,0.6373,0.6586,0.6712,0.6555,0.5899,0.4932,0.4254,0.4624,0.4423,0.4113,0.5147,0.7512,0.8374,0.8344,1.022,1.3372,1.1604,1.045,0.9856,0.7083,0.521,0.4395,0.4422,0.5491,0.8025,0.9641,0.7732,0.5505,0.4035,0.3028,0.2247,0.1609,0.1116,0.0794,0.0642,0.0633,0.5863,0.5918,0.5868,0.5638,0.5203,0.4689,0.432,0.4188,0.4005,0.3764,0.3836,0.4731,0.5505,0.3646,0.9152,1.3933,0.9324,0.8397,0.6779,0.498,0.3652,0.327,0.3594,0.4701,0.6892,0.8265,0.6746,0.4795,0.343,0.2408,0.1513,0.0718,0.0108,-0.0231,-0.0298,-0.0166,0.5435,0.5411,0.5305,0.5097,0.4798,0.447,0.4183,0.3928,0.356,0.2758,0.1073,0.1646,0.2967,0.4577,0.6623,0.833,0.7861,0.6054,0.3951,0.2661,0.1978,0.2063,0.2546,0.3297,0.4296,0.4827,0.4277,0.3336,0.2462,0.1543,0.0472,-0.0624,-0.1439,-0.1753,-0.1605,-0.1194,0.5088,0.5027,0.4909,0.4731,0.4502,0.4249,0.3989,0.3692,0.3252,0.244,0.1205,0.1729,0.1662,0.1564,0.3487,0.4229,0.3823,0.1528,-0.0605,0.0154,0.1481,0.1511,0.1617,0.1955,0.2167,0.2063,0.1845,0.1738,0.1453,0.0602,-0.0908,-0.2681,-0.3895,-0.4036,-0.3379,-0.2447,0.4805,0.4728,0.4611,0.4453,0.4261,0.4043,0.38,0.3513,0.314,0.2659,0.2218,0.1968,0.1132,0.0635,-0.0404,-0.133,-0.0866,-0.4073,-0.7972,-0.3798,-0.1006,0.0066,0.0517,0.0746,0.0375,-0.0665,-0.0877,0.0234,0.0802,-0.0116,-0.2593,-0.5839,-0.7774,-0.7287,-0.5554,-0.3788,0.457,0.4486,0.4371,0.4226,0.4054,0.3856,0.363,0.3368,0.3058,0.2705,0.2325,0.184,0.0988,-0.0984,-0.742,-1.0249,-0.4415,-0.5297,-0.7636,-0.6961,-0.4111,-0.1901,-0.0752,-0.0243,-0.1034,-0.4291,-0.5034,-0.0751,0.1121,-0.0121,-0.4122,-0.9839,-1.2768,-1.0856,-0.7532,-0.4839,0.4371,0.4283,0.4171,0.4034,0.3873,0.3687,0.3474,0.3229,0.2944,0.2607,0.2185,0.1567,0.0461,-0.1952,-0.687,-0.8547,-0.5026,-0.5421,-0.98,-1.1838,-0.6467,-0.3591,-0.2102,-0.0857,-0.0656,-0.4246,-0.5207,0.2043,0.3385,0.1179,-0.3972,-1.1375,-1.492,-1.2133,-0.8093,-0.5083,0.4199,0.4109,0.3999,0.3866,0.3712,0.3534,0.3329,0.3092,0.2811,0.2469,0.202,0.1374,0.0354,-0.1274,-0.3277,-0.4133,-0.39,-0.4891,-0.7576,-0.851,-0.6404,-0.5422,-0.4472,-0.1834,0.1627,0.5897,1.3541,1.2002,0.7377,0.3761,-0.1105,-0.7291,-1.0643,-0.9375,-0.6641,-0.4324,0.4049,0.3958,0.3848,0.3719,0.3569,0.3396,0.3196,0.2964,0.2686,0.2346,0.1908,0.132,0.0517,-0.0507,-0.1552,-0.228,-0.2822,-0.373,-0.4978,-0.5802,-0.6762,-0.9555,-1.0113,-0.4694,0.2426,1.1475,2.1771,1.6631,0.965,0.6549,0.273,-0.1715,-0.4651,-0.51,-0.4154,-0.2933,0.3917,0.3825,0.3716,0.3589,0.3442,0.3274,0.3079,0.2852,0.2582,0.2256,0.1853,0.1347,0.0725,0.0013,-0.0707,-0.1356,-0.1995,-0.2771,-0.3722,-0.499,-0.7669,-1.3149,-1.4852,-0.7322,0.1075,0.8422,1.3149,1.1567,0.9837,0.8719,0.5503,0.1982,-0.0566,-0.1723,-0.1839,-0.146,0.38,0.3707,0.3599,0.3475,0.3332,0.3167,0.2978,0.2759,0.2503,0.2199,0.1837,0.1407,0.091,0.0361,-0.0205,-0.0773,-0.1371,-0.2063,-0.2943,-0.4267,-0.662,-0.9936,-1.0457,-0.5752,0.0239,0.519,0.8171,0.9111,0.9778,0.8965,0.6374,0.3672,0.1612,0.0379,-0.0151,-0.0232]}]