docs/data/wind_grid.json
{"header": {"la1":42.1,"la2":41.55,"lo1":12.1,"lo2":12.95,"nx":50,"ny":50,"dx":0.01735,"dy":0.01122,"parameterCategory":2,"parameterNumber":2,"parameterNumberName":"eastward_wind","parameterUnit":"m.s-1"}, "data":
[rows 0 to 43 of 50, columns 0 to 49 of 50]
0.2796,0.2817,0.2845,0.2879,0.2921,0.297,0.3027,0.3093,0.3168,0.3251,0.3343,0.3444,0.3554,0.3672,0.3798,0.3932,0.4075,0.4226,0.4387,0.4559,0.4745,0.4946,0.5168,0.5414,0.5687,0.5991,0.6329,0.6702,0.7111,0.7554,0.8028,0.8529,0.9048,0.9576,1.01,1.0605,1.1076,1.1495,1.185,1.2129,1.2327,1.2445,1.2489,1.2467,1.2392,1.2275,1.2126,1.1957,1.1773,1.1583
0.2724,0.2744,0.2769,0.2802,0.2842,0.289,0.2946,0.3012,0.3087,0.317,0.3264,0.3366,0.3478,0.3598,0.3726,0.3863,0.4007,0.416,0.4321,0.4493,0.4679,0.4881,0.5103,0.535,0.5626,0.5936,0.6284,0.667,0.7096,0.7561,0.8061,0.8591,0.9144,0.9709,1.0272,1.0817,1.1325,1.1776,1.2155,1.2448,1.265,1.2762,1.2792,1.275,1.2651,1.2509,1.2336,1.2142,1.1937,1.1727
0.2651,0.2668,0.2691,0.2722,0.276,0.2807,0.2863,0.2928,0.3002,0.3087,0.3182,0.3286,0.34,0.3522,0.3653,0.3792,0.3939,0.4093,0.4255,0.4427,0.4612,0.4813,0.5034,0.5282,0.5561,0.5876,0.6232,0.6631,0.7075,0.7561,0.8088,0.865,0.9238,0.9842,1.0447,1.1034,1.1583,1.2069,1.2474,1.2782,1.2987,1.3092,1.3104,1.304,1.2914,1.2744,1.2544,1.2325,1.2097,1.1866
0.2575,0.2589,0.261,0.2639,0.2675,0.2721,0.2776,0.284,0.2915,0.3001,0.3097,0.3203,0.3319,0.3445,0.3579,0.3721,0.387,0.4026,0.4189,0.4361,0.4544,0.4744,0.4964,0.5211,0.5491,0.5811,0.6175,0.6587,0.7047,0.7556,0.8109,0.8703,0.9328,0.9973,1.0622,1.1255,1.1847,1.2372,1.2805,1.313,1.3338,1.3432,1.3424,1.3333,1.3178,1.2977,1.2748,1.2503,1.2251,1.1999
0.2498,0.2509,0.2528,0.2554,0.2588,0.2632,0.2685,0.2749,0.2825,0.2911,0.3009,0.3117,0.3237,0.3366,0.3504,0.3649,0.3801,0.3959,0.4124,0.4295,0.4477,0.4674,0.4891,0.5136,0.5417,0.574,0.6111,0.6535,0.7012,0.7543,0.8124,0.8749,0.9411,1.0099,1.0794,1.1476,1.2115,1.2682,1.3147,1.3488,1.3697,1.3779,1.3748,1.3627,1.3439,1.3206,1.2946,1.2673,1.2397,1.2124
0.2419,0.2427,0.2442,0.2466,0.2498,0.2539,0.2592,0.2655,0.273,0.2818,0.2917,0.3029,0.3151,0.3284,0.3427,0.3577,0.3733,0.3894,0.406,0.4232,0.4412,0.4605,0.4818,0.506,0.5339,0.5663,0.6041,0.6476,0.6971,0.7523,0.8131,0.8788,0.9487,1.0217,1.0959,1.1692,1.2382,1.2994,1.3493,1.3852,1.4062,1.4128,1.4071,1.3916,1.3693,1.3425,1.3133,1.2832,1.2532,1.224
0.2337,0.2342,0.2354,0.2375,0.2404,0.2444,0.2494,0.2557,0.2632,0.272,0.2822,0.2936,0.3063,0.3201,0.3349,0.3504,0.3665,0.3831,0.3999,0.4171,0.4349,0.4538,0.4746,0.4982,0.5257,0.5582,0.5966,0.6411,0.6922,0.7496,0.813,0.8818,0.9553,1.0324,1.1114,1.1898,1.2641,1.3302,1.3837,1.4215,1.4425,1.4473,1.4386,1.4196,1.3935,1.3631,1.3307,1.2979,1.2655,1.2343
0.2254,0.2256,0.2264,0.2281,0.2307,0.2344,0.2393,0.2454,0.2529,0.2618,0.2722,0.284,0.2971,0.3115,0.3269,0.3431,0.3599,0.377,0.3942,0.4115,0.4291,0.4475,0.4675,0.4904,0.5174,0.5497,0.5884,0.6341,0.6867,0.7462,0.8121,0.8839,0.9607,1.0416,1.1251,1.2087,1.2885,1.3596,1.417,1.4569,1.4777,1.4806,1.4686,1.4458,1.4158,1.3819,1.3463,1.3108,1.2762,1.2432
0.217,0.2167,0.2171,0.2184,0.2207,0.2241,0.2287,0.2347,0.2422,0.2512,0.2617,0.2739,0.2875,0.3025,0.3187,0.3358,0.3534,0.3713,0.389,0.4066,0.4239,0.4417,0.4608,0.4827,0.5089,0.5409,0.5799,0.6264,0.6807,0.7422,0.8106,0.8849,0.9647,1.0491,1.1367,1.2251,1.3103,1.3866,1.4481,1.49,1.5107,1.5115,1.4961,1.4694,1.4356,1.3982,1.3597,1.3217,1.2851,1.2505
0.2083,0.2075,0.2075,0.2084,0.2103,0.2134,0.2177,0.2235,0.2309,0.2399,0.2507,0.2632,0.2774,0.2932,0.3103,0.3284,0.347,0.3659,0.3844,0.4024,0.4197,0.4368,0.4547,0.4753,0.5004,0.5318,0.571,0.6184,0.6742,0.7378,0.8084,0.8851,0.9673,1.0545,1.1455,1.2382,1.3283,1.4097,1.4754,1.5195,1.54,1.5386,1.5199,1.4894,1.452,1.4115,1.3704,1.3302,1.292,1.256
0.1994,0.1982,0.1977,0.1981,0.1996,0.2022,0.2062,0.2118,0.219,0.2281,0.239,0.252,0.2668,0.2834,0.3015,0.3208,0.3408,0.3609,0.3806,0.3992,0.4166,0.433,0.4496,0.4685,0.4921,0.5227,0.5618,0.6101,0.6675,0.7331,0.8058,0.8845,0.9686,1.0576,1.1509,1.2469,1.3413,1.4275,1.4971,1.5434,1.5639,1.5605,1.5388,1.5049,1.4644,1.4212,1.3779,1.3361,1.2965,1.2595
0.1904,0.1886,0.1876,0.1875,0.1884,0.1906,0.1942,0.1995,0.2065,0.2155,0.2267,0.24,0.2554,0.2729,0.2922,0.3129,0.3345,0.3563,0.3775,0.3973,0.415,0.4307,0.4458,0.4626,0.4842,0.5135,0.5524,0.6017,0.6608,0.7285,0.8032,0.8835,0.9686,1.0584,1.1528,1.2506,1.3481,1.4381,1.5114,1.5599,1.5804,1.5755,1.5514,1.5149,1.472,1.4268,1.382,1.339,1.2986,1.261
0.1813,0.1789,0.1773,0.1765,0.1769,0.1785,0.1817,0.1865,0.1933,0.2022,0.2135,0.2271,0.2433,0.2617,0.2823,0.3046,0.3281,0.352,0.3753,0.3967,0.4153,0.4306,0.4437,0.4578,0.4768,0.5045,0.5431,0.5933,0.6543,0.7242,0.801,0.8825,0.9679,1.0572,1.1509,1.2487,1.3475,1.4402,1.5163,1.5668,1.5879,1.5821,1.5564,1.5183,1.4741,1.4278,1.3823,1.3389,1.2982,1.2604
0.1719,0.1689,0.1667,0.1653,0.165,0.166,0.1685,0.1729,0.1794,0.1881,0.1994,0.2134,0.2301,0.2495,0.2715,0.2956,0.3213,0.3477,0.3737,0.3978,0.418,0.433,0.4439,0.4545,0.4702,0.4957,0.5339,0.5852,0.6483,0.7208,0.7996,0.8822,0.9671,1.0545,1.1457,1.2413,1.3393,1.4326,1.5105,1.5627,1.5846,1.579,1.5531,1.5147,1.4703,1.4241,1.3787,1.3355,1.295,1.2575
0.1625,0.1588,0.1558,0.1537,0.1527,0.153,0.1549,0.1586,0.1646,0.173,0.1843,0.1985,0.2158,0.2362,0.2596,0.2857,0.3138,0.3432,0.3727,0.4003,0.4233,0.4388,0.4471,0.4531,0.4644,0.4872,0.5248,0.5774,0.6432,0.7187,0.7999,0.8833,0.9671,1.0515,1.1382,1.2291,1.3235,1.4152,1.4932,1.5465,1.5698,1.5655,1.5409,1.5037,1.4605,1.4155,1.3712,1.329,1.2893,1.2525
0.153,0.1486,0.1448,0.1419,0.14,0.1395,0.1406,0.1436,0.149,0.157,0.168,0.1823,0.2001,0.2214,0.2463,0.2743,0.305,0.3377,0.3714,0.4039,0.4314,0.4485,0.4537,0.4536,0.4593,0.4789,0.516,0.5703,0.6393,0.7184,0.8024,0.8869,0.9691,1.0492,1.1297,1.2136,1.3016,1.3889,1.4651,1.5187,1.5437,1.5419,1.52,1.4856,1.445,1.4023,1.36,1.3194,1.2811,1.2454
0.1434,0.1382,0.1336,0.1298,0.127,0.1255,0.1257,0.1279,0.1325,0.1399,0.1506,0.1648,0.1829,0.205,0.2312,0.2612,0.2945,0.3305,0.3688,0.4076,0.4419,0.4626,0.4641,0.4559,0.4544,0.4704,0.5073,0.564,0.6369,0.7204,0.808,0.8939,0.9744,1.0495,1.1222,1.1968,1.2757,1.3559,1.428,1.4808,1.5076,1.5092,1.4914,1.4611,1.4243,1.3849,1.3453,1.307,1.2706,1.2364
0.1338,0.1277,0.1222,0.1174,0.1136,0.1111,0.1103,0.1115,0.1151,0.1218,0.1318,0.1457,0.1639,0.1866,0.214,0.2457,0.2814,0.3205,0.3631,0.4089,0.4529,0.4802,0.4774,0.4583,0.4486,0.4612,0.4986,0.5584,0.6363,0.7253,0.8175,0.9054,0.9844,1.0541,1.1179,1.1814,1.2489,1.3194,1.3852,1.4358,1.4641,1.4695,1.4566,1.4314,1.3993,1.3639,1.3277,1.2921,1.258,1.2257
0.1242,0.1173,0.1108,0.1049,0.1,0.0964,0.0943,0.0943,0.0969,0.1025,0.1117,0.1251,0.1431,0.1661,0.1943,0.2275,0.2651,0.3066,0.3523,0.4039,0.4594,0.4973,0.4896,0.4573,0.4396,0.4505,0.4897,0.5539,0.6378,0.7334,0.8313,0.9223,1.0004,1.0645,1.1188,1.1701,1.2245,1.2833,1.3409,1.3877,1.4165,1.4255,1.4177,1.398,1.371,1.34,1.3076,1.2752,1.2436,1.2134
0.1146,0.1068,0.0993,0.0923,0.0862,0.0812,0.0778,0.0765,0.0777,0.0821,0.0903,0.1028,0.1202,0.1431,0.1718,0.2061,0.2452,0.2878,0.3341,0.3873,0.4509,0.5016,0.4896,0.4457,0.4246,0.4371,0.4804,0.5504,0.6415,0.7451,0.85,0.9452,1.023,1.0821,1.1267,1.1651,1.2055,1.2512,1.2988,1.3403,1.3683,1.3801,1.377,1.3626,1.3406,1.3143,1.2858,1.2567,1.2278,1.1998
0.1052,0.0964,0.0878,0.0797,0.0722,0.0659,0.061,0.0581,0.0578,0.0608,0.0676,0.0789,0.0954,0.1177,0.1463,0.1813,0.2213,0.2641,0.3077,0.3546,0.4124,0.4664,0.4555,0.4143,0.4009,0.4208,0.4708,0.548,0.6475,0.7601,0.8733,0.9739,1.0525,1.1069,1.1421,1.1677,1.1937,1.2257,1.2622,1.2969,1.3227,1.3358,1.3364,1.3266,1.3094,1.2875,1.2628,1.237,1.2109,1.1853
0.0959,0.0861,0.0764,0.067,0.0582,0.0503,0.0438,0.0392,0.0372,0.0385,0.0437,0.0535,0.0686,0.0897,0.1178,0.1529,0.1936,0.236,0.2749,0.3077,0.3376,0.3657,0.3683,0.3597,0.3689,0.402,0.4612,0.5469,0.6555,0.7781,0.9005,1.0075,1.0877,1.1382,1.1645,1.1777,1.1897,1.2079,1.2328,1.2595,1.2816,1.2946,1.2976,1.2914,1.2783,1.2603,1.2393,1.2166,1.1933,1.1699
0.0869,0.0761,0.0653,0.0546,0.0443,0.0347,0.0264,0.02,0.0161,0.0154,0.0189,0.0269,0.0401,0.0595,0.0861,0.1207,0.1621,0.2048,0.2397,0.2569,0.2502,0.2343,0.2552,0.2946,0.3335,0.3828,0.4525,0.5471,0.6651,0.7977,0.9298,1.0437,1.1262,1.1734,1.1916,1.1933,1.1922,1.1973,1.2108,1.229,1.2461,1.2577,1.2616,1.258,1.2481,1.2335,1.2157,1.196,1.1752,1.1541
0.0782,0.0664,0.0544,0.0423,0.0305,0.0193,0.009,0.0006,-0.0055,-0.0081,-0.0067,-0.0006,0.0104,0.0272,0.0514,0.0848,0.1269,0.1715,0.2059,0.2148,0.1876,0.15,0.1761,0.2415,0.3023,0.3659,0.4456,0.5487,0.6755,0.8174,0.9584,1.079,1.1639,1.2085,1.2196,1.2114,1.1989,1.1923,1.1951,1.2047,1.2163,1.2253,1.229,1.2269,1.2193,1.2075,1.1924,1.1753,1.1569,1.1379
0.0698,0.057,0.0439,0.0305,0.0171,0.004,-0.0082,-0.0189,-0.0271,-0.032,-0.0326,-0.0286,-0.0199,-0.0064,0.0142,0.045,0.0876,0.136,0.1751,0.1863,0.1607,0.1274,0.1484,0.2125,0.2812,0.3538,0.4413,0.5516,0.6854,0.8348,0.983,1.109,1.196,1.2385,1.2442,1.2282,1.2065,1.1903,1.1837,1.1855,1.1914,1.1972,1.1999,1.1983,1.1923,1.1825,1.1698,1.1549,1.1386,1.1216
0.062,0.0482,0.0339,0.0191,0.0042,-0.0107,-0.025,-0.038,-0.0487,-0.0558,-0.0585,-0.0563,-0.0501,-0.0403,-0.0248,0.0018,0.044,0.0974,0.1454,0.1674,0.156,0.1362,0.1521,0.2049,0.2716,0.3478,0.4402,0.5552,0.6937,0.8477,1.0003,1.1295,1.2175,1.2588,1.261,1.2399,1.2119,1.1886,1.1747,1.1697,1.1704,1.1727,1.1738,1.1721,1.1671,1.1588,1.1479,1.1349,1.1206,1.1052
0.0546,0.0399,0.0245,0.0085,-0.008,-0.0248,-0.0412,-0.0566,-0.0698,-0.0794,-0.084,-0.0833,-0.079,-0.0732,-0.0641,-0.0438,-0.0036,0.0548,0.114,0.151,0.1574,0.1524,0.1671,0.21,0.2714,0.3474,0.4418,0.559,0.6992,0.8543,1.0075,1.137,1.2251,1.2658,1.2668,1.2438,1.2127,1.185,1.1659,1.1558,1.152,1.1511,1.1504,1.1482,1.1436,1.1364,1.1269,1.1155,1.1028,1.0891
0.0479,0.0323,0.0159,-0.0014,-0.0194,-0.0379,-0.0564,-0.0743,-0.0902,-0.1023,-0.1088,-0.109,-0.1057,-0.1036,-0.1021,-0.09,-0.0536,0.0088,0.0791,0.1317,0.1558,0.165,0.1826,0.2203,0.277,0.3513,0.4454,0.5622,0.7009,0.8535,1.0036,1.1306,1.2175,1.2584,1.2605,1.2384,1.2072,1.1779,1.156,1.1423,1.135,1.1315,1.1291,1.1261,1.1216,1.1151,1.1067,1.0967,1.0854,1.0731
0.0418,0.0255,0.0081,-0.0103,-0.0296,-0.0498,-0.0704,-0.0907,-0.1093,-0.1242,-0.1327,-0.1332,-0.1293,-0.1298,-0.1365,-0.1337,-0.102,-0.0372,0.0419,0.1081,0.1481,0.1707,0.1943,0.2312,0.2852,0.3574,0.4498,0.5641,0.6987,0.8455,0.9893,1.1113,1.1958,1.2375,1.2425,1.2238,1.1951,1.1666,1.1439,1.1282,1.1187,1.113,1.1092,1.1055,1.1009,1.095,1.0874,1.0785,1.0684,1.0573
0.0365,0.0195,0.0013,-0.018,-0.0386,-0.0602,-0.0827,-0.1053,-0.1267,-0.1445,-0.1552,-0.1556,-0.1493,-0.1505,-0.1646,-0.1705,-0.1432,-0.0779,0.0065,0.0824,0.1354,0.1702,0.2012,0.2403,0.2936,0.3641,0.454,0.5642,0.6925,0.8311,0.9664,1.0816,1.1629,1.2057,1.2147,1.201,1.1767,1.1509,1.1291,1.113,1.1022,1.0952,1.0903,1.086,1.0814,1.0757,1.0689,1.0609,1.0518,1.0419
0.032,0.0144,-0.0044,-0.0245,-0.046,-0.0689,-0.0929,-0.1175,-0.1414,-0.1622,-0.1755,-0.1761,-0.1659,-0.1647,-0.1837,-0.1955,-0.1714,-0.1074,-0.0223,0.0585,0.1205,0.1654,0.2039,0.2467,0.3008,0.3701,0.457,0.5621,0.6828,0.812,0.9374,1.0448,1.1225,1.1662,1.1797,1.1719,1.153,1.1312,1.1116,1.0962,1.0851,1.0775,1.072,1.0673,1.0626,1.0573,1.0511,1.0439,1.0357,1.0267
0.0283,0.0104,-0.0089,-0.0296,-0.0519,-0.0756,-0.1008,-0.1269,-0.1527,-0.176,-0.1919,-0.1934,-0.1791,-0.1724,-0.1914,-0.2049,-0.1828,-0.1228,-0.0413,0.0396,0.1065,0.1587,0.2038,0.2508,0.3063,0.3747,0.4584,0.5579,0.6705,0.7896,0.9048,1.0041,1.0779,1.1223,1.1401,1.1383,1.1254,1.1082,1.0916,1.0778,1.0673,1.0597,1.054,1.0492,1.0445,1.0395,1.0338,1.0273,1.02,1.0119
0.0255,0.0073,-0.0123,-0.0333,-0.056,-0.0802,-0.106,-0.1329,-0.1599,-0.1846,-0.2024,-0.2049,-0.188,-0.1747,-0.188,-0.1988,-0.1785,-0.1245,-0.0499,0.0273,0.0954,0.1521,0.2023,0.2529,0.3099,0.3776,0.4581,0.5518,0.6562,0.7654,0.8707,0.9621,1.0319,1.0767,1.0982,1.1021,1.0949,1.0827,1.0696,1.058,1.0487,1.0416,1.036,1.0313,1.0269,1.0223,1.0171,1.0112,1.0046,0.9974
0.0236,0.0053,-0.0144,-0.0355,-0.0583,-0.0826,-0.1085,-0.1354,-0.1624,-0.1872,-0.2051,-0.2079,-0.1907,-0.173,-0.1773,-0.1824,-0.1633,-0.116,-0.0498,0.0217,0.0883,0.1469,0.2004,0.2538,0.312,0.3788,0.4561,0.5442,0.6407,0.7406,0.8365,0.9206,0.9865,1.0312,1.0559,1.0647,1.0629,1.0555,1.0461,1.037,1.0293,1.0231,1.018,1.0137,1.0097,1.0054,1.0007,0.9955,0.9896,0.9831
0.0226,0.0043,-0.0152,-0.0362,-0.0588,-0.0828,-0.1081,-0.1344,-0.1604,-0.1839,-0.2002,-0.2023,-0.1866,-0.1678,-0.1638,-0.1619,-0.143,-0.1015,-0.0433,0.0216,0.0851,0.1439,0.1991,0.2541,0.3129,0.3786,0.4527,0.5354,0.6246,0.7159,0.8035,0.8809,0.9429,0.9872,1.0143,1.0273,1.0303,1.0273,1.0216,1.0152,1.0093,1.0043,1.0,0.9963,0.9927,0.9889,0.9848,0.9801,0.9749,0.9691
0.0224,0.0044,-0.0149,-0.0355,-0.0576,-0.0809,-0.1053,-0.1302,-0.1544,-0.1755,-0.1894,-0.1904,-0.177,-0.1594,-0.1497,-0.1415,-0.1215,-0.0843,-0.0329,0.0258,0.0855,0.143,0.1986,0.2543,0.3131,0.3773,0.4483,0.5259,0.6084,0.6921,0.7721,0.8435,0.902,0.9455,0.9744,0.9907,0.9978,0.9988,0.9965,0.9928,0.9889,0.9852,0.9819,0.9789,0.9759,0.9727,0.9691,0.9651,0.9605,0.9554
0.0231,0.0055,-0.0134,-0.0335,-0.0547,-0.0771,-0.1001,-0.1232,-0.1451,-0.1635,-0.1748,-0.1751,-0.1638,-0.148,-0.1351,-0.1221,-0.1008,-0.0665,-0.0204,0.0329,0.0887,0.1443,0.1992,0.2547,0.3128,0.3753,0.4431,0.516,0.5924,0.6693,0.7428,0.8088,0.8639,0.9065,0.9365,0.9555,0.966,0.9705,0.9713,0.9702,0.9683,0.9661,0.9639,0.9617,0.9593,0.9567,0.9538,0.9504,0.9464,0.942
0.0247,0.0074,-0.0108,-0.0302,-0.0505,-0.0716,-0.0931,-0.1142,-0.1336,-0.1492,-0.1582,-0.158,-0.1485,-0.1343,-0.1199,-0.1039,-0.0813,-0.0489,-0.0068,0.0419,0.094,0.1472,0.2008,0.2554,0.3124,0.3729,0.4376,0.5061,0.577,0.6479,0.7156,0.7768,0.8289,0.8703,0.901,0.9221,0.9353,0.9428,0.9464,0.9476,0.9476,0.9469,0.9458,0.9445,0.943,0.941,0.9387,0.9359,0.9326,0.9287
0.027,0.0103,-0.0073,-0.0258,-0.045,-0.0647,-0.0844,-0.1034,-0.1204,-0.1336,-0.1407,-0.1401,-0.1319,-0.119,-0.1039,-0.0862,-0.0629,-0.0319,0.0071,0.0522,0.1009,0.1516,0.2034,0.2566,0.312,0.3703,0.4319,0.4963,0.5623,0.628,0.6906,0.7476,0.7968,0.837,0.868,0.8905,0.9059,0.9158,0.9219,0.9253,0.9271,0.9278,0.9279,0.9276,0.9268,0.9256,0.9239,0.9217,0.919,0.9158
0.03,0.0139,-0.0029,-0.0204,-0.0384,-0.0567,-0.0747,-0.0916,-0.1063,-0.1173,-0.1229,-0.122,-0.1146,-0.1026,-0.0874,-0.0689,-0.0454,-0.0154,0.0211,0.0631,0.1088,0.157,0.2068,0.2583,0.3118,0.3678,0.4263,0.4869,0.5485,0.6095,0.6676,0.7209,0.7675,0.8064,0.8374,0.8609,0.878,0.89,0.898,0.9034,0.9068,0.909,0.9103,0.9109,0.9109,0.9104,0.9093,0.9077,0.9056,0.903
0.0336,0.0183,0.0023,-0.0142,-0.031,-0.0477,-0.064,-0.079,-0.0917,-0.1008,-0.1051,-0.1038,-0.097,-0.0856,-0.0706,-0.0518,-0.0284,0.0005,0.035,0.0743,0.1174,0.1631,0.2108,0.2604,0.3118,0.3654,0.4209,0.478,0.5357,0.5925,0.6467,0.6966,0.7408,0.7784,0.8091,0.8333,0.8517,0.8652,0.8751,0.8821,0.887,0.8905,0.8928,0.8944,0.8952,0.8954,0.895,0.8941,0.8925,0.8905
0.0379,0.0233,0.0082,-0.0072,-0.0228,-0.0381,-0.0527,-0.0659,-0.0768,-0.0843,-0.0876,-0.0859,-0.0793,-0.0684,-0.0536,-0.0349,-0.0119,0.0159,0.0487,0.0858,0.1264,0.1698,0.2154,0.2628,0.3121,0.3632,0.4159,0.4697,0.5238,0.5768,0.6276,0.6745,0.7165,0.7528,0.7831,0.8076,0.8269,0.8417,0.853,0.8614,0.8677,0.8724,0.8758,0.8782,0.8798,0.8807,0.881,0.8806,0.8797,0.8782
0.0426,0.0288,0.0146,0.0003,-0.0141,-0.028,-0.041,-0.0525,-0.0618,-0.068,-0.0703,-0.0682,-0.0618,-0.0512,-0.0367,-0.0183,0.0041,0.0309,0.0621,0.0972,0.1357,0.1769,0.2203,0.2656,0.3127,0.3614,0.4113,0.4621,0.5128,0.5626,0.6101,0.6544,0.6943,0.7293,0.7591,0.7837,0.8037,0.8195,0.8319,0.8415,0.849,0.8547,0.8591,0.8624,0.8648,0.8664,0.8673,0.8675,0.8671,0.8662
0.0478,0.0348,0.0215,0.0082,-0.0049,-0.0175,-0.0291,-0.0391,-0.047,-0.0519,-0.0534,-0.051,-0.0445,-0.0341,-0.0199,-0.002,0.0197,0.0455,0.0752,0.1085,0.145,0.1842,0.2255,0.2687,0.3136,0.3598,0.4072,0.4551,0.5028,0.5496,0.5943,0.6361,0.6741,0.7079,0.737,0.7616,0.7819,0.7985,0.8118,0.8225,0.8309,0.8376,0.8429,0.847,0.8501,0.8523,0.8538,0.8546,0.8548,0.8544
