docs/data/wind_grid.json
[{"header":{"la1":42.85,"la2":41.18,"lo1":11.55,"lo2":14.05,"nx":36,"ny":24,"dx":0.07143,"dy":0.07261,"parameterCategory":2,"parameterNumber":2,"parameterNumberName":"eastward_wind","parameterUnit":"m.s-1"},"data":[4.3198,4.3404,4.3614,4.3821,4.4011,4.4161,4.4244,4.4228,4.4093,4.3836,4.3476,4.3046,4.258,4.2103,4.1635,4.1186,4.0767,4.0392,4.0068,3.9798,3.9574,3.9382,3.9203,3.9022,3.883,3.8624,3.8403,3.8169,3.7926,3.7678,3.7429,3.7182,3.6943,3.6714,3.6499,3.6299,4.3398,4.365,4.3919,4.42,4.4477,4.4723,4.4894,4.4933,4.4796,4.4474,4.4005,4.3449,4.2861,4.2277,4.1712,4.1176,4.0679,4.0239,3.9877,3.96,3.9396,3.9235,3.9086,3.8926,3.8744,3.8537,3.8306,3.8057,3.7795,3.7525,3.7254,3.6985,3.6726,3.6478,3.6247,3.6035,4.3586,4.3888,4.4225,4.4596,4.4994,4.5388,4.5712,4.5862,4.5738,4.5312,4.4665,4.3919,4.3167,4.2449,4.1769,4.1124,4.0519,3.9984,3.9565,3.929,3.9134,3.9039,3.8945,3.882,3.8652,3.8444,3.8201,3.7933,3.7647,3.7351,3.7053,3.6759,3.6475,3.6206,3.5958,3.5732,4.375,4.4102,4.4509,4.4986,4.5539,4.6152,4.6746,4.713,4.7057,4.6444,4.5486,4.4449,4.3481,4.261,4.1806,4.1032,4.0274,3.9579,3.9058,3.88,3.8756,3.8788,3.8787,3.8712,3.8562,3.8349,3.8089,3.7795,3.7479,3.7151,3.682,3.6495,3.6183,3.5891,3.5623,3.5383,4.3879,4.4273,4.4745,4.5325,4.6053,4.6961,4.8007,4.8886,4.8975,4.7983,4.6453,4.4985,4.3764,4.2746,4.1833,4.0924,3.9956,3.8977,3.8247,3.8041,3.8239,3.8499,3.8634,3.8618,3.8481,3.8255,3.7968,3.764,3.7285,3.6918,3.6548,3.6186,3.5841,3.5521,3.5231,3.4977,4.3962,4.4385,4.4902,4.5557,4.6427,4.7636,4.9299,5.1121,5.164,4.9862,4.7378,4.5393,4.3951,4.2841,4.1873,4.0871,3.9672,3.8247,3.7091,3.7003,3.7661,3.8253,3.8535,3.8562,3.8418,3.8163,3.7837,3.7463,3.706,3.6644,3.6226,3.582,3.5436,3.5083,3.477,3.4502,4.3993,4.4428,4.4958,4.5632,4.6542,4.7871,4.9925,5.272,5.3869,5.1054,4.7734,4.5482,4.3979,4.2882,4.1952,4.0972,3.9685,3.7897,3.6233,3.6271,3.7396,3.8222,3.8556,3.8564,3.8377,3.8071,3.7689,3.7257,3.6794,3.6317,3.5841,3.5381,3.4951,3.4562,3.4223,3.3941,4.3973,4.4402,4.4916,4.5551,4.6374,4.7512,4.9172,5.1324,5.2098,4.9828,4.7178,4.5226,4.3849,4.2863,4.2071,4.1259,4.019,3.8668,3.7177,3.7079,3.7929,3.8539,3.8725,3.8625,3.8352,3.797,3.7515,3.701,3.6474,3.5923,3.5376,3.4851,3.4364,3.3933,3.3567,3.3274,4.3905,4.4318,4.4802,4.5374,4.6059,4.6891,4.7876,4.8821,4.9073,4.8201,4.658,4.4892,4.3622,4.2795,4.2202,4.164,4.0959,4.0077,3.921,3.8878,3.9,3.9092,3.8988,3.8716,3.8324,3.7846,3.7303,3.6711,3.6085,3.5444,3.4808,3.4201,3.3647,3.3166,3.2772,3.2473,4.3796,4.4191,4.4646,4.517,4.5766,4.6433,4.718,4.809,4.9212,4.9187,4.6922,4.4641,4.3319,4.2703,4.2347,4.2014,4.1679,4.1309,4.0852,4.0392,4.0008,3.9647,3.9247,3.8787,3.8265,3.7681,3.7039,3.6345,3.5611,3.4856,3.4107,3.3396,3.2757,3.2218,3.1798,3.1503,4.3649,4.4025,4.4462,4.4968,4.5551,4.6211,4.6967,4.8135,5.1329,5.2928,4.7566,4.4121,4.2894,4.2719,4.2625,4.2369,4.2322,4.247,4.2287,4.1604,4.0794,4.0068,3.942,3.8795,3.8151,3.7461,3.6712,3.59,3.5033,3.4132,3.3234,3.2386,3.1637,3.103,3.0589,3.0316,4.3464,4.3819,4.4239,4.4743,4.5358,4.6105,4.6943,4.7649,4.9127,5.0082,4.5794,4.2877,4.2362,4.309,4.3368,4.2664,4.2977,4.4242,4.4297,4.2787,4.1344,4.0281,3.945,3.8707,3.7966,3.7177,3.6314,3.5365,3.4331,3.3238,3.2136,3.1097,3.0202,2.9515,2.9066,2.8851,4.3238,4.3563,4.3954,4.4439,4.5064,4.5896,4.696,4.7878,4.7317,4.5625,4.2983,4.1101,4.1096,4.3757,4.4127,4.2482,4.3394,4.68,4.6778,4.3512,4.1435,4.0192,3.9302,3.8513,3.7707,3.683,3.5848,3.4738,3.3491,3.2133,3.0737,2.9422,2.8324,2.7544,2.7121,2.7026,4.2973,4.3253,4.3589,4.4007,4.455,4.5277,4.621,4.7064,4.6205,4.333,4.0895,3.9812,3.9478,3.6812,4.05,4.1757,4.3024,4.4933,4.5,4.2576,4.0809,3.9764,3.8995,3.8232,3.7389,3.6433,3.533,3.4034,3.251,3.0772,2.8931,2.7192,2.5799,2.4923,2.46,2.4742,4.2673,4.2895,4.3151,4.3454,4.3816,4.4234,4.462,4.4578,4.3231,4.0648,3.8579,3.8038,3.7908,3.7071,3.9164,4.2156,4.4296,4.2842,4.2005,4.0786,3.9747,3.9183,3.864,3.7915,3.7034,3.6011,3.4802,3.3307,3.142,2.9119,2.6565,2.4137,2.2302,2.1361,2.1304,2.1897,4.2353,4.2508,4.2673,4.284,4.2994,4.3078,4.2952,4.231,4.0758,3.819,3.5221,3.5353,3.6432,3.7619,3.8938,4.1407,4.3153,4.1504,4.0225,3.9433,3.8995,3.8851,3.836,3.7583,3.6656,3.5612,3.4362,3.2683,3.0323,2.7162,2.3422,1.982,1.7317,1.6451,1.7018,1.8432,4.2027,4.2118,4.2195,4.2242,4.2227,4.2087,4.1704,4.0912,3.9545,3.7553,3.546,3.5838,3.6045,3.6138,3.8184,3.9588,4.0082,3.9264,3.8421,3.8494,3.883,3.8676,3.802,3.7181,3.6271,3.5348,3.4218,3.2405,2.943,2.4974,1.9244,1.36,1.013,0.977,1.1658,1.4453,4.1709,4.1744,4.1751,4.1711,4.1592,4.1345,4.0903,4.0196,3.9203,3.8046,3.7142,3.6831,3.6203,3.6212,3.803,3.8786,3.8675,3.7469,3.6445,3.7321,3.7904,3.7915,3.7431,3.6691,3.5957,3.5462,3.4734,3.2771,2.9004,2.2797,1.3993,0.4984,0.0322,0.1442,0.5687,1.044,4.141,4.1403,4.136,4.1267,4.1098,4.0823,4.0413,3.9852,3.9168,3.8466,3.7913,3.7576,3.7396,3.7742,3.8717,3.8976,3.8325,3.7184,3.6439,3.6396,3.6905,3.7118,3.682,3.6219,3.5775,3.6159,3.6123,3.3574,2.9015,2.1206,0.8883,-0.4385,-1.0011,-0.6385,0.071,0.7388,4.1136,4.1099,4.1026,4.0905,4.0721,4.0459,4.0108,3.9675,3.9192,3.8722,3.8342,3.8102,3.8046,3.8266,3.8711,3.8805,3.8162,3.7126,3.5692,3.5162,3.6265,3.663,3.6391,3.5818,3.5383,3.6101,3.6261,3.3167,2.8977,2.1041,0.7367,-0.7833,-1.3766,-0.8995,-0.0844,0.645,4.089,4.0833,4.0743,4.0612,4.0432,4.0196,3.9904,3.9566,3.9209,3.8869,3.859,3.8402,3.8328,3.837,3.845,3.836,3.7918,3.7145,3.6205,3.5894,3.6332,3.6493,3.6248,3.5572,3.4568,3.3422,3.161,3.108,2.8891,2.246,1.1152,-0.1258,-0.6889,-0.4177,0.1964,0.8013,4.067,4.0601,4.0504,4.0373,4.0204,3.9996,3.9753,3.9483,3.9205,3.8942,3.8718,3.8549,3.8441,3.8376,3.8303,3.8131,3.7789,3.7297,3.6808,3.6571,3.6585,3.6657,3.6558,3.5734,3.4144,3.195,3.0081,3.0299,2.8989,2.4355,1.6692,0.8513,0.3873,0.4145,0.7344,1.13,4.0474,4.0399,4.0299,4.0173,4.0019,3.9836,3.9629,3.9407,3.918,3.8964,3.877,3.8607,3.8473,3.8353,3.8213,3.8015,3.773,3.7381,3.7041,3.6798,3.6699,3.6833,3.6902,3.6015,3.4333,3.2421,3.1075,3.0505,2.9127,2.5899,2.1063,1.5993,1.2585,1.1753,1.2946,1.5118,4.0298,4.022,4.0122,4.0003,3.9861,3.97,3.9521,3.9331,3.9138,3.895,3.8774,3.8613,3.8463,3.8314,3.8146,3.7939,3.7685,3.7394,3.71,3.6843,3.6675,3.6653,3.6546,3.5826,3.4529,3.3082,3.1878,3.0874,2.9458,2.7147,2.4056,2.0864,1.8471,1.7414,1.7621,1.866]},{"header":{"la1":42.85,"la2":41.18,"lo1":11.55,"lo2":14.05,"nx":36,"ny":24,"dx":0.07143,"dy":0.07261,"parameterCategory":2,"parameterNumber":3,"parameterNumberName":"northward_wind","parameterUnit":"m.s-1"},"data":[0.9668,0.9433,0.918,0.8918,0.8665,0.845,0.8314,0.8296,0.842,0.8676,0.9017,0.9372,0.9672,0.9862,0.9918,0.9844,0.9678,0.9487,0.935,0.9332,0.946,0.9717,1.0059,1.0438,1.0815,1.1168,1.1485,1.1762,1.2001,1.2204,1.2375,1.2519,1.2639,1.2739,1.2823,1.2891,0.9506,0.9215,0.8886,0.8526,0.8151,0.7803,0.7546,0.746,0.7607,0.7981,0.8501,0.904,0.948,0.9738,0.9774,0.9593,0.9251,0.8861,0.857,0.8501,0.8689,0.9084,0.9589,1.012,1.0621,1.1067,1.145,1.1773,1.2041,1.2263,1.2446,1.2596,1.2719,1.2819,1.2901,1.2967,0.9362,0.901,0.8592,0.8105,0.7556,0.699,0.6507,0.6265,0.6419,0.699,0.7817,0.8661,0.9324,0.9684,0.9687,0.9328,0.8681,0.7931,0.7362,0.7221,0.7559,0.8222,0.9006,0.9765,1.0433,1.0991,1.1447,1.1815,1.2111,1.2349,1.2539,1.2693,1.2815,1.2913,1.299,1.3052,0.925,0.8839,0.8328,0.7691,0.691,0.6004,0.5098,0.4499,0.4601,0.5521,0.6905,0.8256,0.9257,0.9767,0.9721,0.909,0.7929,0.6511,0.5409,0.5189,0.5895,0.7089,0.8334,0.9416,1.0288,1.0968,1.1494,1.1902,1.2219,1.2466,1.2659,1.281,1.2928,1.302,1.3091,1.3145,0.9188,0.8731,0.8138,0.7353,0.6304,0.4923,0.3276,0.1865,0.1729,0.334,0.5758,0.7909,0.9377,1.0084,0.9987,0.8994,0.7033,0.439,0.2218,0.1965,0.3563,0.575,0.7686,0.9165,1.0248,1.1036,1.1616,1.2047,1.2372,1.2619,1.2807,1.295,1.3059,1.314,1.3201,1.3246,0.919,0.8711,0.8072,0.7188,0.5916,0.4034,0.1333,-0.1697,-0.2559,0.047,0.4653,0.7845,0.9831,1.076,1.0645,0.9296,0.6347,0.1756,-0.2453,-0.2542,0.0898,0.4598,0.7325,0.9159,1.039,1.1235,1.1831,1.2261,1.2577,1.2811,1.2984,1.3112,1.3206,1.3274,1.3322,1.3354,0.9264,0.8796,0.8167,0.7281,0.5962,0.3873,0.0455,-0.4341,-0.6338,-0.1377,0.4498,0.8421,1.078,1.1917,1.1863,1.0372,0.6819,0.0543,-0.5992,-0.5766,-0.0334,0.4504,0.762,0.9546,1.0773,1.1588,1.2149,1.2547,1.2833,1.3041,1.319,1.3296,1.3369,1.3418,1.3449,1.3467,0.9404,0.8981,0.842,0.7644,0.6511,0.4764,0.1995,-0.1765,-0.3122,0.1056,0.602,0.9757,1.2295,1.364,1.3734,1.2418,0.9265,0.3776,-0.2029,-0.22,0.2164,0.6157,0.8752,1.0365,1.1397,1.2086,1.2561,1.2897,1.3136,1.3305,1.3421,1.3498,1.3545,1.357,1.3581,1.3581,0.9597,0.9241,0.8787,0.8186,0.7367,0.6221,0.4676,0.3068,0.2674,0.4416,0.7733,1.1419,1.4357,1.6012,1.625,1.5158,1.2858,0.953,0.633,0.5521,0.7027,0.8945,1.0436,1.1472,1.2185,1.2686,1.3043,1.3298,1.3477,1.3598,1.3673,1.3713,1.3728,1.3725,1.3712,1.3692,0.982,0.954,0.9201,0.8781,0.8252,0.7554,0.6558,0.4985,0.279,0.2856,0.7603,1.3049,1.7081,1.9261,1.9444,1.8124,1.6129,1.4036,1.2258,1.1268,1.1186,1.161,1.2147,1.263,1.3022,1.3329,1.3562,1.3732,1.3845,1.3911,1.3938,1.3935,1.3912,1.3877,1.3836,1.3795,1.0054,0.9845,0.9608,0.9339,0.9033,0.8649,0.7964,0.588,-0.1026,-0.4403,0.6625,1.5207,2.0794,2.3944,2.3541,2.0973,1.8416,1.6657,1.5459,1.4471,1.3814,1.3548,1.3541,1.3655,1.3808,1.3961,1.4091,1.4184,1.4233,1.424,1.4211,1.4157,1.4088,1.4015,1.3945,1.3882,1.028,1.0131,0.9975,0.9818,0.9677,0.9577,0.9546,0.915,0.458,0.1455,1.0201,1.8393,2.4897,3.1003,2.8388,2.3078,1.9445,1.787,1.7166,1.6147,1.5277,1.4777,1.4549,1.448,1.45,1.4559,1.4619,1.4651,1.4639,1.4581,1.4485,1.4367,1.4243,1.4127,1.4025,1.3941,1.0489,1.0386,1.0287,1.0203,1.0158,1.0207,1.0482,1.1033,1.0296,1.0181,1.4988,2.1877,2.595,3.2434,2.931,2.2835,1.9201,1.8267,1.8081,1.6851,1.5975,1.5507,1.5253,1.513,1.5102,1.513,1.516,1.5149,1.5074,1.4935,1.4751,1.455,1.4357,1.419,1.4058,1.3959,1.0676,1.0605,1.0543,1.0499,1.0489,1.0544,1.0697,1.0899,1.0957,1.2112,1.6013,2.4838,2.7443,2.3082,2.2469,1.995,1.8115,1.7763,1.7543,1.6724,1.6256,1.6016,1.5803,1.5668,1.5656,1.5716,1.5759,1.5716,1.5559,1.5304,1.4993,1.4675,1.4394,1.4173,1.4018,1.3917,1.0838,1.0788,1.0747,1.0721,1.0717,1.0744,1.0806,1.0888,1.1006,1.1252,1.2049,1.4891,1.6742,1.2662,1.7403,1.7315,1.7153,1.6715,1.6408,1.6377,1.6714,1.6701,1.6341,1.6151,1.6219,1.64,1.6509,1.6425,1.6133,1.569,1.518,1.4691,1.4295,1.4025,1.387,1.3795,1.0976,1.0939,1.0908,1.0886,1.0873,1.0868,1.0852,1.0766,1.0374,0.8881,0.5227,0.5957,0.9152,1.2564,1.4142,1.5545,1.6369,1.559,1.5366,1.6303,1.813,1.7836,1.6817,1.657,1.688,1.7348,1.7586,1.7403,1.6852,1.6084,1.5251,1.4503,1.3963,1.3671,1.357,1.3574,1.1093,1.1062,1.1034,1.1007,1.0978,1.0931,1.0832,1.0577,0.9901,0.822,0.5493,0.6473,0.5982,0.5536,1.0251,1.2293,1.3405,1.3605,1.3798,1.5444,1.8233,1.7855,1.6804,1.6909,1.782,1.8885,1.9315,1.8832,1.7763,1.6451,1.5105,1.3961,1.3258,1.3028,1.3091,1.3256,1.1192,1.1163,1.1133,1.1099,1.1051,1.0971,1.0821,1.0521,0.9944,0.9005,0.8077,0.7552,0.5346,0.4743,0.6884,0.7633,1.0381,1.2006,1.1968,1.3504,1.5387,1.6063,1.6278,1.7257,1.9265,2.1524,2.2168,2.0828,1.8821,1.673,1.4649,1.2923,1.2071,1.2083,1.2475,1.2889,1.1278,1.1249,1.1216,1.1173,1.1112,1.1016,1.0854,1.0586,1.017,0.9621,0.904,0.8375,0.7365,0.6148,0.1898,0.0014,0.7476,1.1334,1.2084,1.2831,1.3763,1.4693,1.5682,1.7504,2.0857,2.5139,2.6007,2.2817,1.9686,1.6887,1.402,1.1596,1.0678,1.1113,1.192,1.2592,1.1353,1.1324,1.1288,1.1241,1.1174,1.1074,1.0924,1.0702,1.0397,1.0014,0.9565,0.8997,0.8147,0.6458,0.2742,0.1794,0.7236,1.0979,1.2477,1.2726,1.3085,1.3778,1.4871,1.7044,2.0821,2.5653,2.6609,2.2716,1.9807,1.7005,1.3843,1.1083,1.0147,1.078,1.1751,1.2511,1.1422,1.1392,1.1355,1.1307,1.124,1.1146,1.1015,1.0834,1.06,1.0309,0.9952,0.9489,0.8817,0.7765,0.6528,0.6689,0.8853,1.1017,1.2217,1.2556,1.2595,1.2584,1.323,1.5441,1.8798,2.1352,2.1138,2.0643,1.9364,1.7165,1.4475,1.2114,1.1137,1.1423,1.2104,1.2702,1.1486,1.1457,1.1421,1.1374,1.1312,1.1228,1.1117,1.0971,1.0788,1.0565,1.0292,0.9954,0.9528,0.904,0.8725,0.9036,1.0036,1.1153,1.1888,1.2097,1.1623,1.0319,1.0145,1.2941,1.6711,1.937,2.0161,1.9942,1.8899,1.7219,1.527,1.3569,1.2644,1.2505,1.2753,1.3071,1.1547,1.152,1.1486,1.1443,1.1388,1.1316,1.1224,1.1109,1.0969,1.0802,1.0608,1.0387,1.0153,0.996,0.9931,1.02,1.0745,1.1347,1.1747,1.1708,1.08,0.8721,0.8105,1.1218,1.5079,1.7861,1.9106,1.902,1.8194,1.7006,1.5695,1.4533,1.3763,1.3428,1.3387,1.3471,1.1606,1.1581,1.1551,1.1514,1.1467,1.1407,1.1334,1.1246,1.1142,1.1024,1.0895,1.0765,1.0652,1.0597,1.0656,1.0867,1.1201,1.1549,1.1761,1.1648,1.0967,0.9816,0.9677,1.1615,1.4254,1.635,1.748,1.7695,1.73,1.6585,1.5753,1.4976,1.4385,1.4025,1.3856,1.3803]}]