docs/data/wind_grid.json
[{"header":{"la1":42.85,"la2":41.18,"lo1":11.55,"lo2":14.05,"nx":36,"ny":24,"dx":0.07143,"dy":0.07261,"parameterCategory":2,"parameterNumber":2,"parameterNumberName":"eastward_wind","parameterUnit":"m.s-1"},"data":[1.9806,1.9734,1.9602,1.9409,1.9163,1.8878,1.8571,1.8254,1.7933,1.7609,1.7281,1.6945,1.6596,1.6224,1.5815,1.5345,1.4787,1.4114,1.3309,1.2403,1.15,1.077,1.0369,1.034,1.06,1.1015,1.1474,1.1911,1.2296,1.2624,1.2898,1.3125,1.3314,1.3471,1.3605,1.3718,2.0243,2.0189,2.0052,1.9829,1.9532,1.9186,1.8819,1.8452,1.8093,1.7738,1.7384,1.7027,1.6664,1.6283,1.5865,1.5377,1.4773,1.3989,1.2956,1.1666,1.0273,0.9133,0.861,0.877,0.9374,1.013,1.0857,1.1482,1.1992,1.2401,1.2727,1.2988,1.3199,1.3372,1.3515,1.3636,2.0778,2.0762,2.0628,2.0364,1.9988,1.9544,1.9089,1.8658,1.8257,1.7869,1.7485,1.7107,1.6734,1.6356,1.5951,1.5481,1.488,1.403,1.2747,1.0863,0.8523,0.652,0.5829,0.6511,0.7824,0.9147,1.0244,1.1092,1.1733,1.2218,1.2589,1.2876,1.3103,1.3285,1.3434,1.3559,2.1442,2.1502,2.1394,2.1079,2.0575,1.9967,1.9369,1.8856,1.8419,1.8,1.7578,1.7171,1.6791,1.6432,1.6069,1.5669,1.5169,1.4412,1.3012,1.032,0.6087,0.2046,0.1239,0.338,0.6071,0.8219,0.9745,1.0808,1.1556,1.2095,1.2492,1.2793,1.3026,1.3211,1.3362,1.3488,2.2267,2.2483,2.2463,2.2095,2.138,2.0477,1.963,1.9014,1.8583,1.8139,1.7648,1.7196,1.6815,1.649,1.6197,1.5924,1.5667,1.5354,1.4425,1.1134,0.3512,-0.5339,-0.5603,-0.0018,0.4691,0.7669,0.9516,1.0701,1.1494,1.2045,1.2444,1.2741,1.2969,1.315,1.3297,1.342,2.327,2.3795,2.4024,2.3656,2.2589,2.1142,1.9838,1.9087,1.8786,1.8298,1.7657,1.7143,1.6776,1.6502,1.6292,1.6168,1.6251,1.6843,1.7793,1.5311,0.4545,-0.9812,-0.9129,-0.0784,0.4749,0.7859,0.968,1.0812,1.1556,1.2069,1.2438,1.2714,1.2927,1.3097,1.3236,1.3353,2.4405,2.5483,2.6345,2.6213,2.4556,2.2128,2.0057,1.9074,1.9033,1.8345,1.7475,1.695,1.6646,1.6438,1.6298,1.6283,1.6584,1.7871,2.1174,2.022,1.0375,0.0928,-0.0746,0.3139,0.6586,0.881,1.0205,1.1107,1.1715,1.2145,1.2462,1.2703,1.2892,1.3045,1.3173,1.3282,2.5468,2.7329,2.9512,3.0335,2.759,2.3518,2.0458,1.8961,1.8553,1.7649,1.6875,1.6565,1.6421,1.6277,1.6146,1.6167,1.6472,1.7257,1.8611,1.7036,1.2094,0.9183,0.7516,0.7805,0.8969,1.0065,1.0886,1.1475,1.1907,1.2235,1.2489,1.269,1.2852,1.2986,1.3101,1.3202,2.6088,2.8489,3.2059,3.4682,3.028,2.4624,2.0707,1.8268,1.6718,1.5774,1.5717,1.6016,1.6155,1.6027,1.5693,1.5647,1.6168,1.6566,1.6203,1.3991,1.0602,1.0583,1.0652,1.0547,1.0766,1.1117,1.1463,1.1775,1.2051,1.229,1.2491,1.2658,1.2795,1.291,1.3012,1.3105,2.6026,2.8169,3.0838,3.2285,2.9357,2.4723,2.0452,1.6903,1.3309,1.1958,1.3924,1.5458,1.5966,1.5806,1.4741,1.4129,1.5931,1.6884,1.6468,1.449,1.1807,1.1574,1.2034,1.1959,1.1783,1.1693,1.1729,1.1872,1.2069,1.2269,1.2445,1.259,1.2708,1.2807,1.2896,1.2983,2.5456,2.715,2.9076,3.1074,3.0104,2.4679,2.015,1.6257,0.8672,0.4974,1.2302,1.5272,1.5939,1.5852,1.4967,1.4202,1.6759,1.8437,1.8447,1.6838,1.4868,1.38,1.3282,1.2689,1.2049,1.1603,1.1498,1.1657,1.191,1.215,1.2338,1.2477,1.2579,1.2664,1.2743,1.2826,2.4612,2.5986,2.7856,3.0256,2.9105,2.3649,2.0211,1.8737,1.3656,0.971,1.3812,1.5695,1.5946,1.5524,1.5951,1.7007,1.9045,2.2136,2.2531,1.9672,1.7093,1.5357,1.4048,1.2721,1.1349,1.0497,1.0548,1.1067,1.1581,1.1947,1.2177,1.2314,1.2399,1.2466,1.2537,1.2621,2.3594,2.4503,2.5506,2.6085,2.4744,2.1918,2.0377,2.0915,1.9344,1.6357,1.6027,1.6072,1.6015,1.5293,1.6054,1.8361,2.0865,2.8509,2.8676,2.1745,1.814,1.5983,1.42,1.2055,0.9362,0.7864,0.8784,1.0227,1.1194,1.1723,1.1984,1.2098,1.2149,1.2191,1.2254,1.235,2.255,2.3007,2.3309,2.3133,2.2173,2.0852,2.0146,2.0297,1.9542,1.7829,1.6991,1.5914,1.5639,1.6965,1.7914,1.9754,2.0956,2.4597,2.5096,2.08,1.773,1.5779,1.404,1.1423,0.7237,0.4905,0.7265,0.9699,1.0981,1.1559,1.1772,1.1808,1.179,1.1794,1.1859,1.1986,2.1623,2.1794,2.1787,2.1484,2.0869,2.0162,1.9668,1.936,1.8814,1.82,1.7874,1.7355,1.7127,1.7106,1.8683,2.0313,2.4519,2.199,2.0673,1.8354,1.5929,1.4755,1.3857,1.1867,0.8524,0.6579,0.8201,1.0088,1.1092,1.1481,1.1516,1.1384,1.1243,1.1203,1.1298,1.1499,2.0869,2.0895,2.0786,2.0512,2.0098,1.9644,1.9249,1.8911,1.8615,1.8606,1.9293,1.8163,1.7923,1.7939,1.8863,2.0929,2.3223,2.0807,1.8721,1.6126,1.2628,1.2883,1.3645,1.2789,1.1161,1.0104,1.0325,1.0969,1.1375,1.1412,1.1131,1.0698,1.0359,1.0291,1.0494,1.0858,2.0279,2.024,2.011,1.9884,1.9585,1.9263,1.8962,1.8712,1.8569,1.8696,1.9197,1.8608,1.8487,1.8657,1.8789,1.9454,1.969,1.8583,1.7163,1.5474,1.2116,1.2634,1.3762,1.339,1.244,1.1657,1.1399,1.1508,1.1568,1.1257,1.05,0.9534,0.8878,0.8876,0.9377,1.006,1.982,1.9756,1.9631,1.9448,1.9224,1.8986,1.8764,1.8588,1.8493,1.8513,1.8565,1.8493,1.8625,1.8714,1.8686,1.8755,1.8369,1.6807,1.5282,1.6061,1.5095,1.4507,1.4329,1.3676,1.2552,1.1336,1.0941,1.1424,1.1649,1.1057,0.9566,0.7616,0.6465,0.6823,0.7986,0.9194,1.9459,1.9389,1.9277,1.9129,1.8957,1.8778,1.8613,1.8482,1.8401,1.8374,1.8371,1.8379,1.8443,1.8542,1.8824,1.894,1.8189,1.7027,1.6397,1.7702,1.6811,1.5657,1.4784,1.3786,1.2103,0.9361,0.873,1.1082,1.1958,1.1063,0.8598,0.5123,0.3338,0.4557,0.6708,0.8504,1.9171,1.9103,1.9006,1.8885,1.875,1.8612,1.8486,1.8382,1.8311,1.8273,1.8259,1.8269,1.8314,1.8425,1.869,1.8743,1.8208,1.8007,1.9577,2.056,1.7814,1.5986,1.4883,1.3983,1.2529,0.9347,0.8588,1.2588,1.3091,1.1608,0.8527,0.4136,0.2001,0.3738,0.6326,0.8327,1.8936,1.8872,1.8788,1.8689,1.8581,1.8471,1.837,1.8285,1.8221,1.8179,1.8157,1.8154,1.8174,1.8225,1.8289,1.8232,1.8027,1.8067,1.878,1.8883,1.7081,1.526,1.4334,1.4158,1.426,1.5293,1.8936,1.7874,1.4848,1.253,0.9846,0.6443,0.4563,0.5412,0.7208,0.879,1.874,1.8681,1.8609,1.8525,1.8436,1.8346,1.8262,1.8188,1.8128,1.8082,1.805,1.8029,1.8018,1.8009,1.7978,1.7886,1.7742,1.7643,1.7563,1.7002,1.5409,1.3251,1.2565,1.3681,1.5247,1.8418,2.3315,2.0083,1.4797,1.278,1.1283,0.9359,0.8005,0.7961,0.8725,0.9658,1.8572,1.8519,1.8455,1.8384,1.8307,1.8231,1.8157,1.809,1.8032,1.7981,1.7938,1.7899,1.7859,1.7808,1.7731,1.7608,1.7432,1.7193,1.6793,1.5949,1.4242,1.1737,1.108,1.305,1.5017,1.7068,1.842,1.5683,1.187,1.1901,1.1884,1.1063,1.0239,0.994,1.0141,1.0592,1.8427,1.8378,1.8321,1.8258,1.8191,1.8123,1.8056,1.7993,1.7933,1.7878,1.7824,1.7769,1.7706,1.7627,1.752,1.7369,1.7157,1.685,1.6368,1.5559,1.4269,1.2766,1.2379,1.3449,1.4682,1.5554,1.5461,1.3517,1.143,1.1711,1.2123,1.1887,1.1463,1.1207,1.1208,1.1401]},{"header":{"la1":42.85,"la2":41.18,"lo1":11.55,"lo2":14.05,"nx":36,"ny":24,"dx":0.07143,"dy":0.07261,"parameterCategory":2,"parameterNumber":3,"parameterNumberName":"northward_wind","parameterUnit":"m.s-1"},"data":[0.9919,0.9832,0.9765,0.9722,0.9705,0.9725,0.9796,0.9941,1.0177,1.0505,1.0906,1.1353,1.1816,1.2278,1.2727,1.3155,1.3552,1.3902,1.4189,1.4402,1.4543,1.4621,1.465,1.4645,1.4621,1.4592,1.4566,1.4547,1.4535,1.4529,1.4527,1.4528,1.4529,1.4531,1.4533,1.4533,0.9619,0.9497,0.9396,0.9316,0.9257,0.9226,0.9247,0.9363,0.9617,1.0018,1.053,1.1098,1.1674,1.2233,1.2771,1.3287,1.377,1.4197,1.4534,1.4762,1.4887,1.4932,1.492,1.487,1.4804,1.4741,1.4692,1.4658,1.4637,1.4625,1.4619,1.4617,1.4616,1.4615,1.4613,1.4611,0.9281,0.9116,0.8974,0.8852,0.8737,0.8621,0.8534,0.8564,0.882,0.9336,1.0033,1.0785,1.1512,1.2189,1.283,1.3454,1.406,1.4605,1.5016,1.5242,1.5312,1.5296,1.5227,1.5115,1.4992,1.4889,1.4815,1.4769,1.4741,1.4726,1.4717,1.4712,1.4708,1.4704,1.4699,1.4694,0.8898,0.8674,0.8485,0.8324,0.8149,0.7904,0.7595,0.7393,0.7597,0.8332,0.9372,1.0421,1.1346,1.2152,1.2899,1.3651,1.4438,1.5198,1.5746,1.5914,1.5808,1.5677,1.5549,1.5359,1.5166,1.5021,1.4929,1.4876,1.4847,1.4832,1.4822,1.4815,1.4808,1.48,1.4792,1.4782,0.8457,0.8147,0.7898,0.7716,0.7516,0.7117,0.6385,0.5575,0.5557,0.6795,0.8537,1.0056,1.1215,1.2133,1.296,1.3842,1.4894,1.6091,1.7011,1.6995,1.6317,1.5944,1.5822,1.5555,1.5293,1.5123,1.503,1.4983,1.4961,1.4948,1.4939,1.4929,1.4918,1.4905,1.4892,1.4877,0.7952,0.7495,0.7137,0.6961,0.6862,0.6418,0.5059,0.2813,0.2055,0.4614,0.7717,0.9839,1.119,1.2148,1.2984,1.3937,1.5288,1.7307,1.9427,1.9138,1.692,1.5989,1.5914,1.5602,1.5331,1.5185,1.5122,1.51,1.5092,1.5084,1.5073,1.5058,1.504,1.5021,1.5001,1.4981,0.7401,0.6683,0.6059,0.5857,0.6123,0.6067,0.446,0.0432,-0.1677,0.3113,0.7594,1.0004,1.1339,1.2213,1.295,1.3818,1.5239,1.795,2.2049,2.1651,1.7438,1.5961,1.5674,1.5436,1.5281,1.5229,1.5232,1.5249,1.5258,1.5252,1.5233,1.5207,1.5178,1.5149,1.512,1.5092,0.6898,0.5796,0.4561,0.4033,0.5064,0.6118,0.5586,0.2983,0.1737,0.5425,0.8805,1.0629,1.1655,1.2335,1.289,1.3495,1.4509,1.6498,1.915,1.8662,1.5923,1.5142,1.5136,1.5166,1.5225,1.532,1.5413,1.5472,1.5488,1.5468,1.5428,1.5381,1.5334,1.529,1.525,1.5213,0.6634,0.5252,0.3318,0.1966,0.4051,0.6406,0.7438,0.7522,0.7977,0.9368,1.0608,1.1439,1.2026,1.25,1.2935,1.3244,1.3598,1.4424,1.5357,1.5176,1.4111,1.4196,1.4653,1.4983,1.529,1.5565,1.5754,1.5831,1.5817,1.575,1.5665,1.558,1.5507,1.5444,1.5391,1.5343,0.6742,0.5478,0.397,0.3166,0.4629,0.6974,0.8947,1.0313,1.1612,1.2279,1.2088,1.2105,1.232,1.2638,1.3257,1.3586,1.3015,1.296,1.3357,1.3796,1.3976,1.4096,1.4483,1.5041,1.5644,1.6137,1.6394,1.6414,1.6288,1.6111,1.5942,1.5802,1.5693,1.5609,1.5542,1.5484,0.7144,0.6094,0.4871,0.3506,0.4101,0.7473,1.0162,1.1816,1.369,1.4535,1.2977,1.2493,1.2488,1.2614,1.3083,1.3472,1.2274,1.1523,1.1602,1.2395,1.322,1.3812,1.45,1.5469,1.6555,1.7352,1.757,1.733,1.6924,1.654,1.6243,1.6031,1.5886,1.5783,1.5705,1.5638,0.7732,0.6856,0.5637,0.4041,0.482,0.8617,1.1375,1.258,1.328,1.3778,1.2976,1.2637,1.2592,1.2702,1.2474,1.1891,1.0778,0.9039,0.8877,1.0659,1.2206,1.3383,1.4663,1.6427,1.8514,1.9841,1.9651,1.866,1.7687,1.6982,1.6527,1.6247,1.6077,1.5966,1.5883,1.5809,0.8454,0.7879,0.7242,0.6899,0.7921,1.0222,1.2191,1.3085,1.2955,1.2911,1.281,1.2741,1.2638,1.2775,1.2311,1.0712,0.9369,0.5017,0.4966,0.9302,1.1485,1.3003,1.4867,1.7872,2.2117,2.4537,2.2845,2.0202,1.8372,1.7312,1.6733,1.6426,1.6263,1.6165,1.6086,1.6007,0.9211,0.8941,0.8791,0.8996,0.9825,1.1097,1.2237,1.2853,1.2857,1.2794,1.2861,1.2914,1.2801,1.145,1.1041,0.8266,0.8617,0.7453,0.7246,0.9681,1.1121,1.2421,1.4628,1.8753,2.5668,2.9614,2.545,2.1018,1.8572,1.7367,1.6804,1.6562,1.6462,1.6404,1.6337,1.6247,0.9898,0.9828,0.9896,1.0198,1.0776,1.1503,1.2145,1.2534,1.2679,1.2749,1.2936,1.3427,1.3656,1.5547,1.1041,0.771,0.882,0.9734,1.0274,1.0489,1.0029,1.0788,1.3396,1.7463,2.3292,2.662,2.3584,1.9974,1.797,1.7068,1.6748,1.6699,1.6731,1.6735,1.6672,1.6552,1.0472,1.0503,1.0642,1.0919,1.1322,1.1779,1.2189,1.2481,1.2639,1.2577,1.1913,1.5083,1.4644,1.3808,1.2176,1.0468,0.9971,1.1486,1.2373,1.0608,0.5845,0.7182,1.165,1.5131,1.8148,1.9708,1.8934,1.7541,1.6737,1.6527,1.6672,1.6954,1.7185,1.7249,1.7147,1.6944,1.0934,1.1011,1.1163,1.1397,1.1695,1.2019,1.232,1.2562,1.2709,1.2642,1.2169,1.367,1.4831,1.4925,1.3554,1.2885,1.3266,1.54,1.6862,1.3033,0.5419,0.6932,1.1386,1.3706,1.4771,1.4938,1.4741,1.4846,1.5312,1.598,1.6766,1.7532,1.8018,1.8072,1.781,1.7431,1.1304,1.1399,1.1546,1.1744,1.1981,1.2234,1.2478,1.2695,1.2867,1.299,1.3199,1.3856,1.4897,1.5168,1.4895,1.5185,1.6204,2.1038,2.6219,1.919,1.3532,1.2086,1.2877,1.3255,1.2507,1.0901,1.05,1.2104,1.4014,1.5646,1.7206,1.8663,1.9453,1.9289,1.8643,1.7964,1.1605,1.1705,1.1843,1.2015,1.2213,1.2425,1.2638,1.2842,1.3038,1.3247,1.3535,1.3977,1.4522,1.5124,1.6634,1.7359,1.7474,2.1364,2.4609,2.1975,1.8201,1.5539,1.4356,1.3229,1.0711,0.6102,0.5073,0.9711,1.3273,1.5643,1.7895,2.0222,2.132,2.0631,1.9415,1.8399,1.1853,1.1954,1.2082,1.2235,1.2408,1.2594,1.2787,1.2984,1.319,1.342,1.3705,1.4076,1.4562,1.5316,1.6587,1.7155,1.7591,1.9997,2.379,2.5226,2.0295,1.7089,1.5371,1.3736,1.0847,0.5486,0.4259,1.0475,1.3821,1.5965,1.8229,2.0878,2.2101,2.1126,1.9676,1.8549,1.2062,1.216,1.228,1.2419,1.2576,1.2745,1.2924,1.3114,1.3318,1.3549,1.3824,1.4165,1.4607,1.5203,1.5914,1.6515,1.7353,1.9079,2.1556,2.2147,1.9527,1.7425,1.6217,1.488,1.3202,1.237,1.4716,1.507,1.5504,1.6586,1.7971,1.9738,2.0723,2.0247,1.9245,1.835,1.2239,1.2335,1.2448,1.2577,1.2721,1.2878,1.3047,1.3228,1.3427,1.3651,1.3912,1.4224,1.4606,1.5069,1.5592,1.6164,1.6907,1.7928,1.8915,1.9017,1.8142,1.7561,1.7283,1.6165,1.5136,1.5711,1.7804,1.714,1.7261,1.7621,1.787,1.8504,1.9032,1.8966,1.8495,1.7938,1.2392,1.2485,1.2592,1.2713,1.2848,1.2995,1.3154,1.3328,1.3518,1.3731,1.3975,1.4257,1.4587,1.4967,1.5396,1.5877,1.6434,1.7035,1.7505,1.7615,1.7515,1.7829,1.8001,1.6891,1.6006,1.6167,1.6914,1.7776,1.9333,1.8963,1.8157,1.7976,1.8067,1.8041,1.7822,1.7499,1.2526,1.2615,1.2718,1.2832,1.2959,1.3098,1.3249,1.3413,1.3594,1.3794,1.4018,1.4273,1.456,1.4882,1.5238,1.5626,1.6039,1.6437,1.6749,1.6931,1.7092,1.7386,1.7405,1.6793,1.6285,1.6349,1.695,1.8206,1.9595,1.918,1.8225,1.7741,1.7578,1.748,1.733,1.7122]}]