docs/data/wind_grid.json
[{"header":{"la1":42.85,"la2":41.18,"lo1":11.55,"lo2":14.05,"nx":36,"ny":24,"dx":0.07143,"dy":0.07261,"parameterCategory":2,"parameterNumber":2,"parameterNumberName":"eastward_wind","parameterUnit":"m.s-1"},"data":[0.8746,0.8263,0.7693,0.7048,0.6362,0.5691,0.5114,0.471,0.4529,0.4562,0.4738,0.4954,0.5115,0.516,0.5063,0.4837,0.4523,0.4192,0.3921,0.3772,0.3767,0.3885,0.4079,0.4302,0.4522,0.472,0.4891,0.5039,0.5166,0.5279,0.5383,0.548,0.5572,0.5662,0.5748,0.5832,0.8936,0.8372,0.7672,0.684,0.5909,0.4955,0.411,0.353,0.3334,0.3516,0.3938,0.4402,0.4747,0.4879,0.4769,0.4438,0.3953,0.3429,0.3011,0.2816,0.2875,0.3127,0.3473,0.383,0.415,0.4417,0.4634,0.4811,0.496,0.5089,0.5207,0.5317,0.5423,0.5524,0.5623,0.5718,0.9233,0.8591,0.7745,0.6673,0.5388,0.3977,0.2646,0.1714,0.1473,0.1948,0.2839,0.3743,0.4385,0.4647,0.4508,0.4004,0.3222,0.2347,0.1658,0.1403,0.1621,0.2142,0.2751,0.3308,0.3761,0.4108,0.437,0.4574,0.474,0.4885,0.5017,0.5141,0.5262,0.5378,0.5491,0.5599,0.9681,0.8986,0.7998,0.6645,0.4878,0.274,0.0502,-0.1202,-0.1588,-0.0495,0.1327,0.3001,0.4094,0.4528,0.4338,0.3568,0.2289,0.0754,-0.0474,-0.0797,-0.0181,0.0884,0.1935,0.2775,0.3383,0.3806,0.4104,0.4325,0.4503,0.466,0.4807,0.4949,0.5088,0.5222,0.5351,0.5475,1.0333,0.9641,0.8561,0.6938,0.4595,0.1394,-0.2504,-0.5995,-0.6866,-0.4348,-0.0625,0.2309,0.3997,0.4611,0.4339,0.3222,0.1189,-0.1587,-0.3976,-0.4323,-0.2702,-0.0585,0.1134,0.2309,0.3057,0.3527,0.3833,0.4054,0.4236,0.4405,0.4571,0.4735,0.4897,0.5054,0.5204,0.5346,1.1237,1.0654,0.9603,0.7829,0.4975,0.0549,-0.5911,-1.3281,-1.5678,-0.9775,-0.2538,0.2037,0.4276,0.4982,0.4596,0.3161,0.0268,-0.452,-0.9358,-0.9508,-0.565,-0.1876,0.0595,0.2028,0.2825,0.3269,0.3539,0.3737,0.3919,0.4104,0.4297,0.4494,0.4688,0.4875,0.505,0.5214,1.2419,1.2106,1.1301,0.9642,0.6624,0.1481,-0.7067,-1.9261,-2.4414,-1.3396,-0.2713,0.2757,0.5083,0.5638,0.5078,0.3558,0.0394,-0.594,-1.375,-1.3478,-0.7079,-0.2103,0.0646,0.2028,0.2686,0.2995,0.3172,0.333,0.3515,0.3734,0.3974,0.422,0.4459,0.4684,0.4891,0.508,1.386,1.4035,1.3795,1.2641,0.9953,0.5173,-0.2362,-1.2417,-1.6383,-0.7822,0.0328,0.4633,0.6382,0.6415,0.5417,0.4062,0.1943,-0.2706,-0.8926,-0.9176,-0.4437,-0.0628,0.1392,0.2265,0.2546,0.2596,0.2632,0.2753,0.2974,0.3266,0.3588,0.391,0.4213,0.4487,0.4731,0.4948,1.5448,1.6362,1.714,1.702,1.4912,1.0725,0.547,0.05,-0.1389,0.0758,0.4217,0.6948,0.8001,0.7068,0.4587,0.3079,0.3261,0.2162,-0.0196,-0.0925,0.0392,0.1798,0.2466,0.249,0.2184,0.1865,0.1746,0.1886,0.2228,0.2671,0.3135,0.3571,0.3957,0.429,0.4576,0.4821,1.6934,1.8744,2.1073,2.2875,2.1274,1.6389,1.1732,0.7533,0.3244,0.2133,0.5786,0.9089,1.01,0.8085,0.1274,-0.2291,0.312,0.5465,0.534,0.4694,0.4305,0.396,0.3317,0.2326,0.1236,0.0447,0.0234,0.0564,0.1207,0.194,0.2628,0.322,0.3709,0.4107,0.4433,0.4706,1.7946,2.041,2.4165,2.8479,2.7381,2.0658,1.6558,1.2121,-0.0067,-0.5843,0.5782,1.1553,1.3186,1.1852,0.3899,-0.1835,0.5362,0.8681,0.9198,0.8274,0.6912,0.5412,0.36,0.1383,-0.0852,-0.2269,-0.2347,-0.1413,-0.012,0.1107,0.2117,0.29,0.3497,0.3954,0.4313,0.4606,1.8212,2.0598,2.4087,2.7872,2.686,2.2101,2.16,2.2102,1.1301,0.2871,1.0386,1.5268,1.6799,1.7385,1.4818,1.0515,1.0848,1.3092,1.3314,1.1069,0.8645,0.6237,0.3281,-0.0651,-0.4936,-0.7352,-0.6602,-0.4141,-0.1642,0.0308,0.1701,0.2672,0.3354,0.3847,0.4221,0.4521,1.7821,1.9582,2.1664,2.322,2.277,2.2126,2.4933,2.9966,2.5037,1.6412,1.6496,2.0878,2.095,1.8795,1.7688,1.4551,1.3952,1.7515,1.7396,1.2819,0.9582,0.6679,0.2737,-0.3552,-1.1759,-1.6001,-1.2663,-0.7141,-0.2914,-0.0182,0.1528,0.2608,0.3309,0.3792,0.4152,0.4446,1.7113,1.8267,1.9397,2.0155,2.0461,2.131,2.3838,2.6988,2.4532,1.8702,1.848,2.6549,2.8727,1.9027,1.6802,1.4931,1.4331,1.5646,1.5434,1.2316,0.9766,0.7186,0.2923,-0.5185,-1.7908,-2.4508,-1.7268,-0.8566,-0.311,-0.002,0.1732,0.2745,0.3357,0.3767,0.4084,0.4361,1.6359,1.7121,1.7821,1.8372,1.8868,1.9641,2.0789,2.1343,1.9526,1.6624,1.5691,1.7462,1.7643,1.4414,1.5425,1.4502,1.4715,1.3444,1.2307,1.0997,1.0054,0.8452,0.4617,-0.2616,-1.3448,-1.9331,-1.3648,-0.6282,-0.162,0.0952,0.2323,0.3038,0.3432,0.3708,0.3967,0.4236,1.5662,1.619,1.667,1.7079,1.7454,1.7834,1.8071,1.7684,1.6226,1.3928,1.1172,1.1565,1.2996,1.4037,1.3775,1.3524,1.3773,1.1813,1.0226,1.0199,1.1731,1.0726,0.689,0.1956,-0.3486,-0.6367,-0.4616,-0.1329,0.1111,0.2488,0.3115,0.3314,0.3373,0.3492,0.3725,0.4032,1.5042,1.5417,1.5749,1.6023,1.6228,1.6327,1.6199,1.5647,1.455,1.2937,1.1167,1.1594,1.1432,1.1087,1.166,1.1217,1.0416,0.8352,0.6854,0.8558,1.185,1.0956,0.7808,0.5064,0.3077,0.2423,0.2911,0.3609,0.4042,0.4099,0.3781,0.3267,0.2907,0.2933,0.3269,0.3723,1.4489,1.4755,1.4979,1.5141,1.5221,1.5179,1.4949,1.4467,1.3729,1.2849,1.2125,1.171,1.0866,1.0347,0.9127,0.7924,0.7467,0.4281,0.1031,0.5232,0.8081,0.8421,0.7411,0.6601,0.6743,0.7768,0.8226,0.7533,0.6544,0.5428,0.4023,0.2524,0.1688,0.1872,0.2586,0.3343,1.3996,1.4181,1.4323,1.4406,1.441,1.4308,1.4071,1.3683,1.3167,1.2591,1.203,1.1437,1.0612,0.9053,0.49,0.3252,0.5727,0.42,0.2518,0.4791,0.6123,0.6674,0.675,0.7256,0.8899,1.1388,1.1968,1.0301,0.8472,0.646,0.3897,0.1079,-0.0225,0.054,0.1906,0.3044,1.3555,1.3679,1.3762,1.3791,1.375,1.3625,1.3402,1.308,1.2673,1.2203,1.1672,1.1014,1.0034,0.8236,0.5136,0.409,0.5637,0.5457,0.5172,0.5274,0.5381,0.5363,0.5642,0.7005,0.9578,1.2278,1.2817,1.1896,0.9974,0.7473,0.422,0.0491,-0.1108,0.0065,0.177,0.306,1.3159,1.3237,1.3277,1.3269,1.3203,1.3068,1.2859,1.2576,1.2221,1.1797,1.1287,1.0637,0.9739,0.8472,0.7045,0.6343,0.6298,0.5942,0.5456,0.5166,0.4369,0.2968,0.2871,0.5306,0.9105,1.2817,1.5855,1.4551,1.1285,0.8562,0.5647,0.2438,0.0801,0.132,0.2496,0.3502,1.2802,1.2846,1.2855,1.2822,1.2739,1.26,1.2402,1.2141,1.1817,1.1425,1.0949,1.0361,0.9628,0.876,0.7898,0.725,0.6758,0.6182,0.5467,0.4401,0.1945,-0.2322,-0.3368,0.169,0.7818,1.3573,1.8548,1.5807,1.1237,0.9198,0.7279,0.5074,0.3602,0.3324,0.3707,0.423,1.2481,1.2498,1.2485,1.2434,1.234,1.2199,1.2008,1.1763,1.1462,1.11,1.0667,1.0152,0.9553,0.8891,0.8225,0.7604,0.6987,0.6266,0.527,0.3533,-0.0136,-0.6366,-0.8116,-0.1172,0.5987,1.1097,1.3688,1.1948,0.951,0.9197,0.8223,0.6744,0.5544,0.4956,0.4857,0.4997,1.219,1.2188,1.2157,1.2093,1.1992,1.1851,1.1666,1.1435,1.1154,1.0821,1.043,0.9979,0.9471,0.8919,0.8345,0.7752,0.7107,0.6325,0.5233,0.3473,0.0499,-0.327,-0.3998,0.0173,0.5171,0.8737,1.0344,0.9959,0.9238,0.9115,0.8481,0.7485,0.6584,0.5995,0.5715,0.5647]},{"header":{"la1":42.85,"la2":41.18,"lo1":11.55,"lo2":14.05,"nx":36,"ny":24,"dx":0.07143,"dy":0.07261,"parameterCategory":2,"parameterNumber":3,"parameterNumberName":"northward_wind","parameterUnit":"m.s-1"},"data":[1.3707,1.3083,1.2385,1.1629,1.085,1.0116,0.9517,0.915,0.9076,0.9282,0.968,1.0141,1.055,1.0829,1.0948,1.0921,1.0796,1.0651,1.0576,1.0645,1.0886,1.1277,1.1765,1.2294,1.2823,1.3326,1.3792,1.422,1.4612,1.4974,1.5309,1.562,1.5911,1.6182,1.6435,1.667,1.3607,1.2874,1.2015,1.1036,0.9971,0.8907,0.7995,0.7428,0.7349,0.7754,0.847,0.9254,0.9904,1.0307,1.0433,1.0308,1.0007,0.9661,0.9434,0.9462,0.9789,1.0351,1.1036,1.1746,1.2418,1.3028,1.3572,1.4056,1.4491,1.4887,1.525,1.5586,1.5898,1.6189,1.6459,1.6708,1.3589,1.2745,1.1707,1.0447,0.8973,0.7376,0.5893,0.491,0.479,0.5572,0.6883,0.8224,0.9251,0.9828,0.9944,0.9645,0.9034,0.8313,0.7792,0.7759,0.8275,0.9161,1.0175,1.1148,1.2008,1.2742,1.3367,1.3906,1.4381,1.4809,1.52,1.5561,1.5897,1.6208,1.6496,1.6762,1.3693,1.2758,1.1543,0.9962,0.7942,0.5506,0.295,0.1038,0.0749,0.2307,0.4787,0.7086,0.8671,0.9463,0.9534,0.896,0.7827,0.6398,0.5285,0.5172,0.6138,0.766,0.9212,1.055,1.163,1.2491,1.3189,1.3774,1.4282,1.4739,1.5157,1.5546,1.5906,1.6241,1.655,1.6832,1.396,1.2985,1.1645,0.9766,0.7118,0.3478,-0.1036,-0.512,-0.6015,-0.2686,0.2163,0.6018,0.8313,0.9303,0.9278,0.834,0.6422,0.3673,0.1283,0.1111,0.3188,0.5919,0.8277,1.0052,1.1345,1.2304,1.3047,1.3658,1.4189,1.4671,1.5119,1.5537,1.5928,1.6289,1.6621,1.6923,1.4419,1.3491,1.2148,1.0122,0.6974,0.2018,-0.5468,-1.4269,-1.7102,-0.9583,-0.0355,0.5497,0.8396,0.9423,0.9224,0.7947,0.5173,0.0336,-0.4719,-0.4755,-0.0228,0.4396,0.7666,0.9804,1.1215,1.2196,1.2934,1.3543,1.4087,1.4595,1.5078,1.5534,1.5962,1.6356,1.6715,1.7038,1.5077,1.4311,1.3151,1.1273,0.8101,0.2582,-0.7125,-2.1693,-2.8013,-1.4123,-0.0593,0.6254,0.9092,0.9776,0.9255,0.7869,0.4933,-0.1357,-0.9531,-0.9194,-0.1896,0.4119,0.778,0.994,1.1263,1.2144,1.2811,1.3392,1.3946,1.4491,1.5024,1.5534,1.601,1.6446,1.6838,1.7184,1.5894,1.5409,1.4642,1.3266,1.0709,0.6113,-0.1813,-1.3316,-1.7911,-0.6888,0.3404,0.8507,1.0316,1.0091,0.8817,0.7526,0.5903,0.1739,-0.4428,-0.4497,0.1044,0.5831,0.876,1.0435,1.1411,1.2055,1.259,1.3134,1.3719,1.4333,1.4947,1.5536,1.608,1.6569,1.6998,1.737,1.6787,1.6662,1.6462,1.5864,1.4243,1.1184,0.6909,0.2613,0.1691,0.5084,0.8952,1.1364,1.1788,1.0011,0.6552,0.4843,0.6138,0.6246,0.4601,0.4395,0.6412,0.8664,1.0196,1.1031,1.1446,1.1735,1.2111,1.2655,1.334,1.4092,1.4844,1.5549,1.6184,1.6738,1.7211,1.7608,1.7631,1.7855,1.8281,1.8623,1.78,1.5554,1.3242,1.1453,1.0438,1.0716,1.2492,1.3938,1.3565,1.014,0.1011,-0.3656,0.4644,0.9092,1.0093,1.0266,1.069,1.1211,1.1458,1.1331,1.1015,1.0854,1.111,1.1794,1.2737,1.3754,1.4726,1.5597,1.6348,1.6977,1.7495,1.7913,1.8311,1.8728,1.9535,2.061,2.0274,1.8267,1.7008,1.5551,1.1243,0.9174,1.4022,1.6328,1.5944,1.3056,0.3485,-0.3358,0.7007,1.216,1.363,1.3717,1.3419,1.2945,1.2149,1.0939,0.9609,0.8858,0.9177,1.0355,1.1866,1.3345,1.4642,1.5727,1.6613,1.7321,1.7877,1.8306,1.8795,1.9181,1.9829,2.0587,2.0387,1.9535,1.9763,2.0002,1.6106,1.3153,1.7071,1.9226,1.834,1.5901,1.4442,1.2199,1.3825,1.5929,1.6432,1.5942,1.5102,1.3942,1.2192,0.9548,0.6465,0.4791,0.5745,0.822,1.0811,1.2983,1.4692,1.6018,1.7039,1.7815,1.8392,1.8811,1.9154,1.9423,1.9764,2.005,2.0108,2.0348,2.1341,2.2683,2.1467,1.9831,2.1229,2.3203,2.2145,1.6357,1.6914,1.7988,1.801,1.7861,1.7782,1.72,1.6008,1.4373,1.1827,0.7303,0.0921,-0.2433,0.0644,0.5782,0.9957,1.2924,1.5036,1.6573,1.7701,1.8513,1.9078,1.9453,1.9483,1.9686,1.9914,2.0145,2.0422,2.0896,2.1622,2.2285,2.2211,2.2604,2.4215,2.6545,2.7328,2.9264,2.2927,2.1551,2.0943,1.9282,1.8553,1.7758,1.6016,1.4194,1.1624,0.593,-0.4169,-0.9685,-0.3302,0.4682,1.0063,1.3508,1.5843,1.7501,1.868,1.948,1.9981,2.0259,1.9818,2.0015,2.0246,2.0522,2.0878,2.1347,2.1893,2.2447,2.327,2.4981,2.6905,2.7758,2.7852,2.8828,2.5757,2.3828,2.3773,2.2164,2.0328,1.7557,1.3883,1.2526,1.1828,0.7829,-0.039,-0.5194,-0.004,0.6883,1.1711,1.4921,1.7205,1.8885,2.0064,2.0789,2.1146,2.1249,2.0157,2.0374,2.0635,2.0955,2.1357,2.1858,2.2481,2.334,2.4788,2.735,3.0767,3.1253,2.9692,2.7974,2.6565,2.5018,2.4313,2.4148,2.2486,1.6424,0.6627,0.793,1.2022,1.1472,0.8158,0.6131,0.799,1.1419,1.447,1.6963,1.9066,2.0779,2.1958,2.2532,2.2619,2.2428,2.0483,2.0725,2.1017,2.1373,2.1815,2.2369,2.309,2.4101,2.5626,2.7909,3.0457,3.0237,2.9902,2.9766,2.8176,2.736,2.7151,2.8342,2.8243,2.0048,0.6027,0.8048,1.3704,1.4832,1.411,1.3701,1.4326,1.561,1.7244,1.9154,2.1266,2.325,2.4524,2.4811,2.4408,2.3753,2.0784,2.1047,2.1362,2.1743,2.2209,2.2788,2.3526,2.4489,2.5738,2.7202,2.8423,2.8985,2.9815,3.0204,3.0778,3.1412,3.0929,3.4601,3.933,3.0089,2.0339,1.7227,1.7779,1.7878,1.7554,1.748,1.7691,1.8208,1.9283,2.1058,2.3594,2.6354,2.7905,2.7609,2.6374,2.5077,2.1051,2.1328,2.1656,2.2047,2.2516,2.3085,2.3777,2.4615,2.5588,2.661,2.7521,2.8305,2.9224,3.0871,3.5997,3.8146,3.3613,3.5353,3.8234,3.5518,2.9165,2.4014,2.1589,2.0281,1.9301,1.8517,1.841,1.9292,2.0521,2.2418,2.5597,2.9612,3.1569,3.0305,2.8032,2.6107,2.128,2.1564,2.1895,2.2283,2.2739,2.3273,2.3898,2.4614,2.5402,2.6217,2.7021,2.7868,2.9005,3.1153,3.5312,3.6662,3.3718,3.452,3.9579,4.1887,3.3248,2.7135,2.3949,2.199,2.0408,1.8837,1.854,2.0184,2.1416,2.3132,2.6327,3.0838,3.2972,3.1246,2.8608,2.651,2.1472,2.1756,2.2082,2.2457,2.2888,2.338,2.3937,2.4554,2.522,2.5917,2.6646,2.7464,2.8521,3.0038,3.182,3.2502,3.2198,3.3246,3.6282,3.6845,3.1859,2.756,2.5234,2.3413,2.1832,2.112,2.1755,2.1877,2.2248,2.3344,2.5526,2.8723,3.0519,2.9671,2.7856,2.6212,2.1629,2.1907,2.2222,2.2578,2.2979,2.3427,2.3923,2.4462,2.5038,2.5645,2.6291,2.7007,2.7843,2.8807,2.9714,3.0245,3.054,3.1154,3.1921,3.1366,2.898,2.7004,2.6235,2.4713,2.3026,2.2382,2.2714,2.2614,2.2937,2.3448,2.4452,2.6101,2.7311,2.7293,2.6485,2.5497,2.1752,2.2021,2.2321,2.2655,2.3025,2.3432,2.3873,2.4347,2.4848,2.5376,2.5932,2.6526,2.7162,2.781,2.8382,2.8792,2.9077,2.9313,2.932,2.8675,2.7466,2.6842,2.686,2.5463,2.3756,2.2883,2.2751,2.3068,2.3676,2.3667,2.3893,2.462,2.5309,2.5511,2.5237,2.4721,2.1847,2.2104,2.2387,2.2698,2.3037,2.3404,2.3797,2.4214,2.4652,2.5107,2.5577,2.6061,2.6548,2.7013,2.7411,2.7707,2.7893,2.7951,2.7796,2.7346,2.6766,2.6482,2.6254,2.526,2.4034,2.3272,2.3073,2.3359,2.377,2.3702,2.368,2.3951,2.4282,2.4435,2.4344,2.4074]}]