docs/data/wind_grid.json
[{"header":{"la1":42.85,"la2":41.18,"lo1":11.55,"lo2":14.05,"nx":36,"ny":24,"dx":0.07143,"dy":0.07261,"parameterCategory":2,"parameterNumber":2,"parameterNumberName":"eastward_wind","parameterUnit":"m.s-1"},"data":[0.2743,0.2443,0.2049,0.1564,0.1013,0.0439,-0.0101,-0.055,-0.0869,-0.1048,-0.111,-0.1092,-0.1031,-0.0959,-0.0898,-0.0867,-0.0886,-0.0974,-0.1141,-0.1376,-0.1624,-0.1798,-0.1814,-0.1641,-0.1309,-0.0876,-0.04,0.0082,0.0548,0.0988,0.1397,0.1774,0.2119,0.2434,0.272,0.2978,0.3165,0.2851,0.2395,0.1791,0.1067,0.0285,-0.046,-0.1064,-0.1455,-0.1621,-0.1612,-0.1502,-0.1352,-0.1204,-0.1081,-0.1002,-0.0995,-0.1097,-0.1347,-0.175,-0.223,-0.2606,-0.2692,-0.2438,-0.1939,-0.1328,-0.0697,-0.0094,0.0465,0.0975,0.1436,0.1853,0.2229,0.2567,0.287,0.3141,0.3752,0.3454,0.2944,0.2192,0.1218,0.011,-0.0976,-0.1842,-0.2335,-0.2439,-0.2276,-0.2,-0.1714,-0.1459,-0.1248,-0.1093,-0.1021,-0.1098,-0.1432,-0.2108,-0.3042,-0.3841,-0.4032,-0.3556,-0.2725,-0.1825,-0.0983,-0.0233,0.0428,0.101,0.1523,0.1979,0.2383,0.2741,0.3059,0.334,0.456,0.4344,0.3822,0.2902,0.1571,-0.0062,-0.1746,-0.3099,-0.3749,-0.3657,-0.3158,-0.2593,-0.2109,-0.1719,-0.1399,-0.113,-0.092,-0.0863,-0.1197,-0.2265,-0.4119,-0.5888,-0.618,-0.5076,-0.3609,-0.2291,-0.1198,-0.0293,0.0466,0.1114,0.1674,0.2161,0.2589,0.2964,0.3293,0.3581,0.5647,0.5648,0.5232,0.4169,0.2348,-0.0118,-0.2879,-0.5236,-0.6174,-0.5511,-0.4284,-0.3249,-0.2514,-0.198,-0.1546,-0.1132,-0.068,-0.0228,-0.0199,-0.1628,-0.5217,-0.9193,-0.9294,-0.6712,-0.4322,-0.2564,-0.1252,-0.0225,0.061,0.1308,0.1901,0.2413,0.2856,0.3243,0.3578,0.3868,0.7044,0.7512,0.7489,0.6432,0.3983,0.0293,-0.4239,-0.8706,-1.0309,-0.8083,-0.5483,-0.3855,-0.2888,-0.224,-0.1716,-0.1169,-0.0409,0.0837,0.2264,0.1016,-0.47,-1.1176,-1.0886,-0.7173,-0.437,-0.2457,-0.1062,0.0017,0.0887,0.1608,0.2219,0.2742,0.3194,0.3584,0.392,0.4208,0.8677,1.0,1.1,1.0417,0.7158,0.1849,-0.4623,-1.1799,-1.4544,-0.9962,-0.6164,-0.4252,-0.3199,-0.2503,-0.1936,-0.1339,-0.0433,0.1469,0.4997,0.4319,-0.2449,-0.7072,-0.7642,-0.567,-0.3595,-0.192,-0.0602,0.045,0.1309,0.2026,0.2634,0.3157,0.3608,0.3996,0.4326,0.4606,1.0236,1.2759,1.5843,1.6921,1.226,0.4776,-0.2458,-0.8878,-1.1284,-0.8569,-0.6026,-0.4476,-0.349,-0.2779,-0.2179,-0.1629,-0.0944,0.0322,0.2146,0.0712,-0.4235,-0.5807,-0.5247,-0.3992,-0.2492,-0.1096,0.0086,0.1064,0.1876,0.2563,0.3152,0.3663,0.4105,0.4483,0.4803,0.5068,1.1165,1.4502,1.9728,2.37,1.673,0.7357,0.0204,-0.4776,-0.7312,-0.7502,-0.6256,-0.4851,-0.3879,-0.3106,-0.2281,-0.1733,-0.1494,-0.1173,-0.1307,-0.3794,-0.9012,-0.8256,-0.4979,-0.2928,-0.139,-0.0107,0.0959,0.1839,0.2577,0.3214,0.3772,0.4263,0.469,0.5055,0.5359,0.5604,1.111,1.4037,1.7855,1.9959,1.533,0.8019,0.1162,-0.4385,-0.9513,-1.1185,-0.8014,-0.55,-0.4507,-0.3723,-0.1886,-0.0876,-0.17,-0.1917,-0.2322,-0.4048,-0.7192,-0.6742,-0.3878,-0.172,-0.0153,0.1059,0.2003,0.2757,0.3397,0.3969,0.449,0.496,0.5373,0.5722,0.6005,0.6221,1.0347,1.2552,1.5087,1.768,1.6229,0.8149,0.1169,-0.4686,-1.5645,-2.0989,-1.0043,-0.5848,-0.5528,-0.5692,-0.3151,-0.1126,-0.2202,-0.2449,-0.2555,-0.2846,-0.3432,-0.312,-0.1695,-0.0068,0.1359,0.2454,0.3218,0.3792,0.4307,0.4811,0.5303,0.5761,0.6165,0.65,0.6756,0.6936,0.9245,1.0952,1.3341,1.6517,1.4803,0.6679,0.112,-0.1442,-0.8443,-1.3834,-0.7428,-0.5089,-0.672,-1.0185,-0.8679,-0.4348,-0.3036,-0.3546,-0.3553,-0.2421,-0.159,-0.0808,0.0313,0.172,0.3126,0.4104,0.457,0.4882,0.5263,0.5724,0.6214,0.6683,0.7092,0.7414,0.7637,0.7765,0.7969,0.902,1.02,1.0804,0.8695,0.4221,0.1129,0.0907,-0.0623,-0.352,-0.325,-0.3224,-0.5496,-1.29,-1.1555,-0.4012,-0.2657,-0.6074,-0.6122,-0.2381,-0.0503,0.0699,0.1882,0.3356,0.4998,0.5895,0.5873,0.5897,0.6218,0.6706,0.7246,0.7762,0.8195,0.8507,0.8684,0.8735,0.672,0.7165,0.7389,0.6941,0.5342,0.305,0.1334,0.0781,0.0383,-0.0138,-0.0318,-0.1511,-0.2366,-0.4162,-0.3775,-0.0682,-0.046,-0.2878,-0.3505,-0.0975,0.0877,0.2084,0.3135,0.4532,0.6275,0.7025,0.6676,0.6731,0.7186,0.78,0.8453,0.9063,0.9548,0.9847,0.9948,0.9878,0.5685,0.5767,0.5605,0.5028,0.3992,0.2774,0.1833,0.144,0.1705,0.2864,0.3909,0.2513,-0.0288,-0.1985,-0.0881,0.0339,0.3917,0.1054,0.0225,0.1319,0.2939,0.3725,0.4213,0.518,0.636,0.6898,0.7093,0.7617,0.8323,0.9105,0.9926,1.0695,1.127,1.1541,1.1502,1.123,0.4922,0.4846,0.4597,0.4134,0.3502,0.2869,0.2475,0.2577,0.3598,0.6498,1.2332,0.814,0.5083,0.1736,0.134,0.2071,0.3552,0.2149,0.1799,0.3159,0.5795,0.563,0.5164,0.5842,0.6816,0.7572,0.8277,0.9037,0.9814,1.0706,1.1757,1.2814,1.3556,1.375,1.3433,1.2816,0.4403,0.4281,0.4057,0.3736,0.3375,0.3086,0.3034,0.3436,0.4656,0.7383,1.1628,0.9006,0.8593,0.8982,0.4622,0.347,0.2948,0.219,0.1897,0.3293,0.6207,0.5995,0.5775,0.682,0.8281,0.9643,1.0591,1.1118,1.1636,1.2552,1.3997,1.5645,1.6713,1.6681,1.58,1.4603,0.4067,0.3951,0.3782,0.3579,0.3392,0.33,0.3409,0.3851,0.4768,0.6172,0.7383,0.7559,0.933,0.9837,0.7661,0.698,0.4396,0.1705,0.0313,0.1708,0.3756,0.5093,0.6358,0.8217,1.0603,1.3014,1.4021,1.3629,1.3494,1.4398,1.6549,1.9398,2.1069,2.0412,1.8465,1.6413,0.3862,0.3769,0.3654,0.3538,0.3458,0.3466,0.3625,0.3994,0.4594,0.5341,0.6007,0.6563,0.7381,0.8441,1.2557,1.4531,0.6745,0.1906,-0.0107,-0.0779,0.1981,0.4986,0.7462,0.9963,1.3177,1.7187,1.8141,1.5845,1.4912,1.5839,1.8876,2.355,2.6041,2.4158,2.0777,1.7843,0.3745,0.3679,0.3608,0.3551,0.3533,0.3587,0.3747,0.4034,0.4443,0.4923,0.5415,0.5944,0.6685,0.8192,1.1733,1.2659,0.6979,0.2061,-0.3743,-0.6162,0.1029,0.632,0.9619,1.1873,1.4446,1.8081,1.8911,1.6242,1.554,1.6554,1.9767,2.5173,2.8006,2.5505,2.1596,1.8406,0.3686,0.3644,0.3607,0.3588,0.3605,0.3679,0.3825,0.4052,0.4353,0.4708,0.5101,0.5558,0.6176,0.7117,0.8222,0.8016,0.5772,0.2794,-0.0632,-0.109,0.4617,1.1031,1.4331,1.4607,1.4796,1.5448,1.4958,1.5059,1.575,1.6802,1.8928,2.2489,2.4631,2.3292,2.0534,1.797,0.3665,0.3644,0.3631,0.3637,0.3675,0.3755,0.3886,0.4073,0.4311,0.4592,0.4911,0.5279,0.5715,0.62,0.6531,0.6306,0.5427,0.4331,0.3791,0.5569,1.1699,2.0914,2.3945,1.9156,1.5807,1.4729,1.3993,1.4835,1.684,1.7589,1.807,1.9366,2.0417,2.0032,1.8607,1.6932,0.367,0.3665,0.367,0.3693,0.3742,0.3824,0.3944,0.4104,0.4303,0.4535,0.4798,0.5089,0.54,0.5691,0.5872,0.5854,0.5702,0.5749,0.6669,0.9713,1.6819,2.8081,3.1136,2.2579,1.6927,1.5159,1.5078,1.6884,1.9942,1.9371,1.8052,1.7764,1.7877,1.7618,1.684,1.5783,0.3692,0.3699,0.3718,0.3752,0.3808,0.3891,0.4003,0.4146,0.4319,0.4518,0.4742,0.4985,0.5237,0.5477,0.5682,0.5865,0.6132,0.6749,0.8195,1.1218,1.6629,2.3345,2.5164,2.074,1.6864,1.546,1.5819,1.7891,2.0362,1.9625,1.7885,1.6921,1.648,1.6082,1.5508,1.4769]},{"header":{"la1":42.85,"la2":41.18,"lo1":11.55,"lo2":14.05,"nx":36,"ny":24,"dx":0.07143,"dy":0.07261,"parameterCategory":2,"parameterNumber":3,"parameterNumberName":"northward_wind","parameterUnit":"m.s-1"},"data":[-0.2536,-0.2625,-0.2796,-0.3048,-0.337,-0.3738,-0.4117,-0.4474,-0.4788,-0.5054,-0.5281,-0.5486,-0.5685,-0.5889,-0.611,-0.6361,-0.6663,-0.7045,-0.7526,-0.8101,-0.8713,-0.9261,-0.9651,-0.9858,-0.9924,-0.9918,-0.9893,-0.9879,-0.9884,-0.9907,-0.9945,-0.9991,-1.004,-1.009,-1.0137,-1.0181,-0.2024,-0.2098,-0.2287,-0.2597,-0.3016,-0.3504,-0.4004,-0.4456,-0.4819,-0.5089,-0.5292,-0.5464,-0.5633,-0.5809,-0.6002,-0.6225,-0.651,-0.6913,-0.7496,-0.8286,-0.9192,-0.9997,-1.0482,-1.0611,-1.0519,-1.0361,-1.0225,-1.0141,-1.0105,-1.0107,-1.0132,-1.0171,-1.0217,-1.0263,-1.0307,-1.0346,-0.1397,-0.1432,-0.1629,-0.2014,-0.2577,-0.3262,-0.3968,-0.4578,-0.5006,-0.5248,-0.538,-0.5482,-0.5595,-0.5727,-0.5872,-0.6033,-0.6249,-0.6616,-0.7295,-0.8429,-0.9923,-1.1266,-1.1876,-1.1739,-1.129,-1.0863,-1.0569,-1.0402,-1.0327,-1.031,-1.0328,-1.0363,-1.0405,-1.0449,-1.0489,-1.0525,-0.062,-0.0563,-0.0736,-0.1208,-0.1989,-0.3001,-0.408,-0.4987,-0.5506,-0.5633,-0.5582,-0.5545,-0.5576,-0.5652,-0.573,-0.5785,-0.5834,-0.6008,-0.6658,-0.8292,-1.1014,-1.3629,-1.4316,-1.3361,-1.218,-1.1353,-1.0877,-1.0638,-1.0538,-1.0515,-1.0532,-1.0567,-1.0609,-1.065,-1.0686,-1.0716,0.0342,0.0594,0.0536,-0.0006,-0.1104,-0.266,-0.4434,-0.5977,-0.6659,-0.6411,-0.5923,-0.564,-0.5569,-0.5594,-0.5606,-0.5516,-0.5259,-0.4896,-0.5016,-0.7083,-1.2179,-1.7835,-1.8137,-1.5165,-1.2891,-1.1672,-1.1084,-1.0826,-1.0734,-1.0723,-1.0749,-1.0789,-1.0831,-1.0869,-1.09,-1.0924,0.1501,0.2144,0.2422,0.1911,0.0375,-0.2018,-0.498,-0.7942,-0.9039,-0.7697,-0.6306,-0.57,-0.5559,-0.5575,-0.5553,-0.533,-0.4679,-0.3282,-0.1565,-0.3234,-1.1069,-2.0487,-2.0147,-1.5531,-1.2859,-1.1654,-1.115,-1.0967,-1.0927,-1.0948,-1.099,-1.1036,-1.1077,-1.111,-1.1134,-1.1149,0.278,0.4131,0.5261,0.512,0.2933,-0.062,-0.4914,-0.9861,-1.1811,-0.8628,-0.6334,-0.5612,-0.5537,-0.5627,-0.5642,-0.538,-0.4513,-0.2272,0.1929,0.1178,-0.683,-1.358,-1.5043,-1.3258,-1.1928,-1.1327,-1.1127,-1.1105,-1.115,-1.1212,-1.127,-1.1317,-1.1353,-1.1377,-1.139,-1.1393,0.3899,0.6254,0.9212,1.0422,0.6866,0.1663,-0.2993,-0.7397,-0.9153,-0.7069,-0.5637,-0.5355,-0.5537,-0.5805,-0.595,-0.5773,-0.5034,-0.3387,-0.1018,-0.1832,-0.5171,-0.7486,-0.9689,-1.0589,-1.0838,-1.0997,-1.1169,-1.1328,-1.1454,-1.1545,-1.1605,-1.1643,-1.1665,-1.1673,-1.167,-1.1657,0.4345,0.7323,1.2399,1.6464,1.0079,0.3445,-0.043,-0.309,-0.4461,-0.4657,-0.4732,-0.5103,-0.5644,-0.6168,-0.6588,-0.6573,-0.5863,-0.4916,-0.424,-0.4466,-0.4321,-0.4948,-0.7466,-0.9271,-1.0336,-1.1016,-1.1464,-1.1742,-1.1899,-1.1977,-1.2011,-1.2021,-1.2015,-1.2,-1.1975,-1.1942,0.3803,0.5984,0.9197,1.1127,0.6429,0.3265,0.14,-0.0447,-0.2651,-0.3925,-0.4283,-0.5039,-0.5953,-0.6713,-0.7622,-0.8048,-0.6507,-0.5493,-0.5192,-0.5231,-0.4932,-0.5514,-0.7487,-0.9308,-1.0673,-1.1616,-1.2179,-1.2444,-1.2529,-1.2527,-1.2493,-1.245,-1.2404,-1.2356,-1.2304,-1.2247,0.2695,0.3516,0.3163,-0.016,0.0121,0.2653,0.3629,0.2486,-0.321,-0.5926,-0.4199,-0.5202,-0.6654,-0.7597,-0.7828,-0.8067,-0.6099,-0.5018,-0.4977,-0.5566,-0.6223,-0.7138,-0.8633,-1.0347,-1.1903,-1.299,-1.3468,-1.3505,-1.336,-1.3187,-1.3038,-1.292,-1.2823,-1.2738,-1.2655,-1.2571,0.1676,0.1937,0.1248,-0.0591,0.0043,0.3757,0.7849,1.0218,0.3248,-0.273,-0.348,-0.5574,-0.7876,-1.0702,-0.8348,-0.5843,-0.4301,-0.3209,-0.3447,-0.5227,-0.6941,-0.8451,-1.0114,-1.2093,-1.4149,-1.5444,-1.5499,-1.4926,-1.4337,-1.3905,-1.3612,-1.3411,-1.3262,-1.3139,-1.3025,-1.2911,0.0937,0.1206,0.1182,0.115,0.2294,0.5602,1.1331,1.7793,1.2529,0.2437,-0.3016,-0.6462,-0.8071,-1.1017,-0.7587,-0.2756,-0.1728,-0.0343,-0.0681,-0.4912,-0.7766,-0.98,-1.1722,-1.4241,-1.7499,-1.9324,-1.8221,-1.6481,-1.529,-1.4586,-1.4166,-1.39,-1.371,-1.3556,-1.3412,-1.3268,0.0358,0.0718,0.1074,0.1657,0.2963,0.5568,0.9719,1.3962,1.0827,0.2203,-0.3276,-0.7919,-0.8925,-0.5178,-0.2292,0.5835,0.1898,-0.1641,-0.2814,-0.6528,-0.9688,-1.1723,-1.335,-1.5934,-2.0379,-2.2924,-2.0286,-1.7507,-1.5954,-1.5128,-1.4659,-1.4369,-1.4162,-1.3987,-1.3816,-1.3639,-0.0181,0.0203,0.0653,0.1296,0.2327,0.3888,0.5741,0.6566,0.4139,-0.011,-0.2881,-0.4616,-0.5038,-0.4009,-0.0609,0.726,-0.5989,-0.4649,-0.6667,-1.012,-1.3636,-1.4869,-1.5027,-1.6365,-1.9374,-2.1242,-1.9525,-1.7454,-1.6206,-1.5502,-1.5085,-1.482,-1.4622,-1.4438,-1.424,-1.4025,-0.073,-0.0386,0.001,0.0505,0.1137,0.1848,0.2331,0.1961,0.0348,-0.1509,-0.1737,-0.233,-0.3551,-0.4335,-0.3284,-0.322,-0.6901,-0.7532,-1.0344,-1.4529,-2.0227,-1.9386,-1.6735,-1.6405,-1.7365,-1.81,-1.7732,-1.6939,-1.6271,-1.5797,-1.548,-1.5272,-1.5107,-1.4922,-1.469,-1.4423,-0.1294,-0.1023,-0.0734,-0.0424,-0.0117,0.01,0.0042,-0.0495,-0.1462,-0.2248,-0.2081,-0.3023,-0.5162,-0.6138,-0.5942,-0.6651,-0.8488,-1.1948,-1.5398,-1.727,-2.1469,-2.0344,-1.748,-1.6631,-1.6779,-1.7056,-1.7059,-1.6811,-1.6458,-1.6123,-1.5881,-1.5745,-1.5636,-1.5448,-1.5161,-1.4821,-0.1859,-0.1669,-0.1489,-0.1334,-0.1237,-0.1262,-0.1491,-0.197,-0.2609,-0.3178,-0.3648,-0.4596,-0.6156,-0.6995,-0.9052,-1.0864,-1.2413,-1.8161,-2.3561,-1.9677,-1.8842,-1.837,-1.7413,-1.6971,-1.7057,-1.7311,-1.7387,-1.7198,-1.686,-1.6509,-1.6277,-1.6224,-1.6205,-1.6001,-1.5623,-1.5189,-0.241,-0.2293,-0.2205,-0.2161,-0.2189,-0.2326,-0.2605,-0.303,-0.3554,-0.412,-0.4772,-0.5687,-0.6948,-0.9099,-1.4429,-1.6651,-1.4872,-1.8988,-2.2664,-2.1844,-1.9767,-1.8418,-1.7776,-1.7542,-1.765,-1.7908,-1.7971,-1.7805,-1.7398,-1.6918,-1.6605,-1.6616,-1.6711,-1.6472,-1.5989,-1.547,-0.2935,-0.288,-0.2862,-0.2894,-0.2996,-0.3188,-0.3485,-0.3886,-0.4378,-0.4957,-0.5667,-0.6614,-0.7999,-1.0379,-1.4316,-1.5846,-1.5372,-1.8353,-2.3889,-2.6031,-2.1357,-1.9395,-1.8799,-1.8461,-1.8325,-1.8246,-1.8236,-1.8576,-1.8043,-1.7317,-1.6826,-1.6759,-1.6875,-1.6637,-1.6138,-1.5607,-0.3427,-0.3422,-0.3456,-0.354,-0.3687,-0.391,-0.4217,-0.4611,-0.5094,-0.5677,-0.64,-0.7336,-0.861,-1.0359,-1.2358,-1.3734,-1.5009,-1.7642,-2.1394,-2.2749,-2.1196,-2.0963,-2.0961,-2.0041,-1.9353,-1.9739,-2.1124,-2.0415,-1.8729,-1.7629,-1.699,-1.6722,-1.6672,-1.6465,-1.6062,-1.5598,-0.3885,-0.3918,-0.3991,-0.4111,-0.4287,-0.4529,-0.4843,-0.5235,-0.5711,-0.6286,-0.6987,-0.7858,-0.8943,-1.0244,-1.1635,-1.298,-1.4492,-1.6475,-1.86,-2.0057,-2.1581,-2.4678,-2.5649,-2.2587,-2.0445,-2.0811,-2.2804,-2.123,-1.8584,-1.7586,-1.707,-1.6697,-1.6463,-1.622,-1.5888,-1.55,-0.4307,-0.4371,-0.4472,-0.4617,-0.4814,-0.5068,-0.5386,-0.5774,-0.6239,-0.6795,-0.7458,-0.8249,-0.9182,-1.0247,-1.1404,-1.2641,-1.4028,-1.5621,-1.7344,-1.9296,-2.2491,-2.7854,-2.9401,-2.4413,-2.0968,-2.0239,-2.0432,-1.9016,-1.7273,-1.7194,-1.7022,-1.6664,-1.6334,-1.6033,-1.5714,-1.5369,-0.4696,-0.4783,-0.4905,-0.5068,-0.5278,-0.5539,-0.5858,-0.6239,-0.6691,-0.7221,-0.784,-0.856,-0.9383,-1.0307,-1.1322,-1.2434,-1.3668,-1.5054,-1.6638,-1.8635,-2.1528,-2.5046,-2.5919,-2.3127,-2.0558,-1.9425,-1.8843,-1.7866,-1.7068,-1.7066,-1.6918,-1.6571,-1.621,-1.5876,-1.5553,-1.5229]}]