docs/data/wind_grid.json
[{"header":{"la1":42.85,"la2":41.18,"lo1":11.55,"lo2":14.05,"nx":36,"ny":24,"dx":0.07143,"dy":0.07261,"parameterCategory":2,"parameterNumber":2,"parameterNumberName":"eastward_wind","parameterUnit":"m.s-1"},"data":[-0.0204,-0.0379,-0.0572,-0.0783,-0.1006,-0.1227,-0.1429,-0.1591,-0.1702,-0.1772,-0.1829,-0.1911,-0.205,-0.226,-0.2543,-0.2878,-0.3228,-0.3536,-0.374,-0.379,-0.3673,-0.3412,-0.3055,-0.2653,-0.2243,-0.1851,-0.149,-0.1165,-0.0876,-0.0621,-0.0396,-0.0199,-0.0025,0.0128,0.0263,0.0382,-0.0247,-0.0445,-0.0671,-0.0929,-0.1214,-0.151,-0.1784,-0.1991,-0.21,-0.2121,-0.211,-0.2138,-0.2261,-0.2507,-0.2877,-0.335,-0.3874,-0.4358,-0.4688,-0.4766,-0.4572,-0.4165,-0.3639,-0.3079,-0.254,-0.205,-0.1616,-0.1239,-0.0913,-0.0633,-0.0391,-0.0182,-0.0,0.0157,0.0295,0.0416,-0.0283,-0.0504,-0.0767,-0.1083,-0.1457,-0.1877,-0.2287,-0.2593,-0.2703,-0.2621,-0.2463,-0.2376,-0.2455,-0.2735,-0.3221,-0.3893,-0.4695,-0.5489,-0.6047,-0.6165,-0.5809,-0.513,-0.4327,-0.3539,-0.2832,-0.2224,-0.1712,-0.1282,-0.0923,-0.062,-0.0364,-0.0146,0.004,0.02,0.0339,0.0459,-0.0311,-0.0553,-0.0849,-0.1227,-0.1719,-0.2337,-0.3016,-0.3557,-0.3695,-0.3389,-0.292,-0.2609,-0.2601,-0.2916,-0.3545,-0.449,-0.5731,-0.7088,-0.8104,-0.8268,-0.7541,-0.6344,-0.5094,-0.399,-0.308,-0.2347,-0.1758,-0.1283,-0.0896,-0.0577,-0.0312,-0.009,0.0097,0.0257,0.0393,0.0511,-0.0334,-0.0588,-0.0904,-0.133,-0.1946,-0.2847,-0.4036,-0.5164,-0.5447,-0.4615,-0.3485,-0.2786,-0.2657,-0.3014,-0.3801,-0.5068,-0.6943,-0.9337,-1.1336,-1.1522,-0.991,-0.7746,-0.5834,-0.4347,-0.3228,-0.2382,-0.1734,-0.1228,-0.0826,-0.05,-0.0234,-0.0014,0.0171,0.0326,0.0458,0.0571,-0.0359,-0.062,-0.0932,-0.1357,-0.2034,-0.3216,-0.5193,-0.7665,-0.8487,-0.6387,-0.3987,-0.2774,-0.2566,-0.301,-0.3946,-0.5472,-0.8025,-1.2055,-1.6103,-1.6155,-1.2632,-0.8977,-0.6308,-0.4479,-0.3208,-0.2297,-0.1624,-0.1111,-0.071,-0.039,-0.013,0.0083,0.026,0.0407,0.0532,0.0638,-0.0409,-0.0685,-0.0975,-0.1319,-0.1878,-0.3054,-0.5561,-0.9753,-1.164,-0.7516,-0.3791,-0.2364,-0.2297,-0.2946,-0.4022,-0.5567,-0.8262,-1.3449,-1.9876,-1.9622,-1.3983,-0.9233,-0.6195,-0.4259,-0.2971,-0.2073,-0.1423,-0.0933,-0.0552,-0.0248,-0.0003,0.0197,0.0362,0.0498,0.0613,0.0709,-0.051,-0.0848,-0.1156,-0.1373,-0.1572,-0.2155,-0.3859,-0.7048,-0.8403,-0.4973,-0.2202,-0.1458,-0.1894,-0.2974,-0.4323,-0.5636,-0.741,-1.1092,-1.5998,-1.6077,-1.1808,-0.7948,-0.5361,-0.3666,-0.2523,-0.1726,-0.1147,-0.0708,-0.0362,-0.0084,0.0141,0.0325,0.0474,0.0595,0.0697,0.0782,-0.0671,-0.1186,-0.1694,-0.1926,-0.161,-0.1078,-0.1036,-0.1479,-0.1251,-0.0149,0.0263,-0.0265,-0.1452,-0.3276,-0.5538,-0.678,-0.6808,-0.7717,-0.9385,-0.9589,-0.7898,-0.5807,-0.409,-0.2834,-0.1944,-0.131,-0.0838,-0.0466,-0.0161,0.009,0.0295,0.0459,0.0589,0.0694,0.0779,0.0851,-0.0841,-0.167,-0.2761,-0.3618,-0.2861,-0.063,0.1204,0.2485,0.3893,0.4298,0.2725,0.0902,-0.0949,-0.3555,-0.8308,-1.061,-0.7313,-0.601,-0.5989,-0.5802,-0.5004,-0.3884,-0.2813,-0.1965,-0.1353,-0.0913,-0.0561,-0.0251,0.0026,0.0261,0.0449,0.0594,0.0704,0.0787,0.0854,0.0912,-0.0866,-0.1984,-0.3843,-0.6167,-0.5407,-0.0602,0.2905,0.4827,0.7153,0.8273,0.4501,0.1766,-0.0343,-0.265,-0.7354,-1.0539,-0.6575,-0.5304,-0.5007,-0.436,-0.3445,-0.2518,-0.1747,-0.1211,-0.0893,-0.0671,-0.0421,-0.0122,0.0173,0.0418,0.06,0.0725,0.0809,0.0867,0.0913,0.0955,-0.0588,-0.1643,-0.3412,-0.5604,-0.4574,0.0788,0.4785,0.6529,0.6884,0.6976,0.4512,0.2408,0.0169,-0.2139,-0.2833,-0.4046,-0.4599,-0.6153,-0.6332,-0.4381,-0.2635,-0.1499,-0.0863,-0.0656,-0.075,-0.081,-0.0566,-0.0134,0.0273,0.0566,0.0748,0.0846,0.0895,0.0921,0.0943,0.097,-0.0019,-0.0667,-0.1499,-0.1947,-0.0464,0.294,0.6104,0.7948,0.7137,0.562,0.4394,0.3951,0.2219,-0.2207,-0.1933,-0.1739,-0.3812,-0.9896,-0.9933,-0.4632,-0.1764,-0.0434,-0.0009,-0.0312,-0.1165,-0.1662,-0.1121,-0.0259,0.0376,0.0736,0.09,0.0949,0.0944,0.0927,0.0923,0.094,0.0657,0.0424,0.0311,0.067,0.1919,0.389,0.5859,0.7163,0.672,0.5359,0.4713,0.5929,0.6257,0.4304,0.0977,-0.0284,-0.1971,-0.6034,-0.6503,-0.2563,-0.0004,0.1042,0.1038,0.0089,-0.181,-0.2868,-0.1653,-0.0209,0.062,0.0977,0.1061,0.101,0.0919,0.0848,0.0823,0.0844,0.127,0.1292,0.1478,0.1975,0.2864,0.4009,0.5085,0.5708,0.563,0.5397,0.5277,0.4495,0.3535,0.2087,0.1938,0.0283,-0.0806,-0.0932,-0.0727,0.1011,0.269,0.3066,0.2448,0.117,-0.0791,-0.188,-0.0816,0.0483,0.1146,0.1313,0.1199,0.0971,0.0753,0.0623,0.0598,0.0654,0.1755,0.1892,0.2159,0.2601,0.3217,0.3916,0.454,0.4964,0.5297,0.6217,0.8765,0.3339,0.2821,0.2502,0.2211,0.1152,0.0172,0.1404,0.2622,0.3924,0.5415,0.5118,0.3926,0.2776,0.163,0.1022,0.1328,0.1807,0.1928,0.1692,0.1233,0.0718,0.0323,0.0153,0.0189,0.0344,0.2114,0.229,0.2554,0.2915,0.3356,0.3824,0.4257,0.4643,0.513,0.6189,0.8134,0.5142,0.209,0.1362,0.2882,0.3257,0.3395,0.4552,0.5688,0.5765,0.5952,0.5714,0.4926,0.422,0.3766,0.3641,0.3622,0.3359,0.2798,0.2001,0.1027,0.0061,-0.057,-0.0694,-0.0457,-0.009,0.2375,0.2555,0.2792,0.3084,0.3416,0.376,0.4092,0.4414,0.478,0.5214,0.5314,0.4166,0.2066,0.1866,0.5025,0.6482,0.6258,0.7457,0.8642,0.791,0.6994,0.6356,0.5836,0.5447,0.5495,0.5992,0.5982,0.4946,0.3593,0.2148,0.0475,-0.1216,-0.2151,-0.2,-0.1309,-0.059,0.2565,0.2736,0.2943,0.3184,0.3446,0.3714,0.3974,0.4223,0.4452,0.4608,0.4539,0.4157,0.3885,0.515,0.9824,1.161,0.8457,0.8692,0.9808,1.1429,0.9637,0.7937,0.701,0.6534,0.6813,0.8315,0.8618,0.6241,0.4078,0.2143,-0.025,-0.2948,-0.4216,-0.3455,-0.2104,-0.0989,0.2706,0.2863,0.3045,0.3248,0.3463,0.3681,0.3893,0.409,0.4258,0.4375,0.4423,0.449,0.4926,0.6473,0.9652,1.0734,0.9063,1.0073,1.4972,1.7259,1.2102,0.9555,0.8397,0.7501,0.7202,0.8586,0.8949,0.5812,0.3878,0.2124,-0.0413,-0.3635,-0.5088,-0.3972,-0.2322,-0.1062,0.2813,0.2957,0.3119,0.3294,0.3477,0.3663,0.3845,0.4016,0.4174,0.4317,0.4475,0.4736,0.5286,0.6332,0.7687,0.8397,0.866,1.0083,1.3031,1.4079,1.2096,1.1232,1.0611,0.8864,0.6942,0.5431,0.3274,0.3182,0.3123,0.2187,0.0396,-0.2047,-0.3383,-0.2855,-0.1709,-0.0715,0.2896,0.3029,0.3175,0.333,0.3492,0.3657,0.3822,0.3985,0.4147,0.4321,0.4535,0.4847,0.533,0.6017,0.6784,0.7439,0.8124,0.9225,1.061,1.1481,1.2317,1.4607,1.5143,1.1389,0.7277,0.3885,0.1201,0.2017,0.2566,0.2254,0.1388,0.0009,-0.1004,-0.1104,-0.0652,-0.0094,0.2963,0.3086,0.3219,0.3361,0.3508,0.366,0.3816,0.3975,0.4145,0.4335,0.4568,0.4874,0.5282,0.5791,0.6359,0.6954,0.7634,0.8491,0.9502,1.0732,1.3048,1.7372,1.8648,1.337,0.8131,0.471,0.2913,0.2534,0.2171,0.2187,0.196,0.1269,0.0596,0.0298,0.0351,0.0576,0.3018,0.3133,0.3257,0.3388,0.3525,0.3668,0.3818,0.3975,0.4147,0.4342,0.4575,0.486,0.5211,0.5627,0.6098,0.6623,0.7228,0.7955,0.8859,1.0129,1.2208,1.4938,1.5434,1.2153,0.828,0.5508,0.3831,0.2778,0.2134,0.221,0.2228,0.1907,0.1495,0.1214,0.1118,0.1159]},{"header":{"la1":42.85,"la2":41.18,"lo1":11.55,"lo2":14.05,"nx":36,"ny":24,"dx":0.07143,"dy":0.07261,"parameterCategory":2,"parameterNumber":3,"parameterNumberName":"northward_wind","parameterUnit":"m.s-1"},"data":[0.1454,0.1317,0.1182,0.1054,0.0942,0.0863,0.0841,0.0899,0.1052,0.1293,0.1586,0.1882,0.2129,0.2287,0.2336,0.2278,0.214,0.1973,0.1841,0.1794,0.1853,0.2005,0.2212,0.2437,0.2652,0.284,0.2993,0.3112,0.32,0.326,0.3297,0.3317,0.3323,0.3319,0.3309,0.3293,0.124,0.1066,0.0885,0.0699,0.0519,0.0364,0.0273,0.0298,0.0477,0.0809,0.1236,0.1668,0.2021,0.2231,0.2266,0.2125,0.1849,0.1523,0.1265,0.1174,0.1279,0.1537,0.1869,0.2207,0.251,0.2759,0.2952,0.3094,0.3193,0.3257,0.3294,0.331,0.331,0.33,0.3283,0.3262,0.1013,0.0796,0.0561,0.0303,0.0024,-0.0259,-0.0485,-0.0554,-0.0359,0.0117,0.0768,0.1424,0.1942,0.2232,0.2244,0.1968,0.145,0.083,0.0338,0.0184,0.0409,0.0884,0.1435,0.1947,0.2369,0.2693,0.2928,0.3092,0.3199,0.3263,0.3295,0.3303,0.3296,0.3277,0.3252,0.3224,0.0776,0.0514,0.0221,-0.012,-0.0529,-0.1011,-0.1502,-0.1806,-0.1642,-0.0915,0.0135,0.116,0.1932,0.2341,0.2325,0.1842,0.0912,-0.0269,-0.1228,-0.146,-0.092,0.0001,0.0927,0.1689,0.2258,0.2661,0.2935,0.3113,0.3221,0.3279,0.33,0.3297,0.3277,0.3247,0.3212,0.3176,0.053,0.0222,-0.0124,-0.0541,-0.1091,-0.1847,-0.2814,-0.368,-0.3694,-0.2473,-0.0679,0.0928,0.2056,0.2631,0.2597,0.185,0.0273,-0.1984,-0.3951,-0.4232,-0.2871,-0.1072,0.043,0.1502,0.2222,0.269,0.2986,0.3164,0.3261,0.3304,0.3308,0.3288,0.3252,0.3208,0.3161,0.3115,0.0269,-0.0086,-0.0473,-0.0932,-0.1572,-0.2593,-0.4234,-0.6273,-0.6861,-0.4586,-0.1505,0.0871,0.2409,0.319,0.3189,0.2211,-0.0158,-0.4222,-0.832,-0.8459,-0.5227,-0.202,0.0154,0.1498,0.2314,0.2804,0.309,0.3247,0.3319,0.3335,0.3315,0.3272,0.3216,0.3155,0.3093,0.3036,-0.0017,-0.0434,-0.0855,-0.1303,-0.19,-0.2948,-0.498,-0.8275,-0.977,-0.6039,-0.1744,0.1203,0.3084,0.4093,0.4222,0.3232,0.0445,-0.5213,-1.1987,-1.1766,-0.6361,-0.2093,0.0392,0.1786,0.2572,0.3011,0.3246,0.3356,0.3387,0.3368,0.3315,0.3244,0.3163,0.3081,0.3003,0.2935,-0.0339,-0.0864,-0.1362,-0.1772,-0.2157,-0.2832,-0.4284,-0.6633,-0.753,-0.4613,-0.0992,0.1962,0.4096,0.5353,0.5715,0.5019,0.2701,-0.2065,-0.7795,-0.8095,-0.4079,-0.0722,0.1269,0.2377,0.2981,0.3294,0.3438,0.348,0.3456,0.3391,0.33,0.3194,0.3084,0.2979,0.2883,0.2803,-0.069,-0.1419,-0.2142,-0.2621,-0.2682,-0.2698,-0.3232,-0.4177,-0.4528,-0.3275,-0.0435,0.2821,0.5375,0.6893,0.7487,0.7192,0.5621,0.2783,-0.0192,-0.1117,0.0012,0.1469,0.2516,0.3139,0.3464,0.3604,0.3633,0.3594,0.351,0.3394,0.3258,0.3113,0.2969,0.2837,0.2723,0.2631,-0.1,-0.2042,-0.3285,-0.4259,-0.3971,-0.295,-0.2836,-0.4039,-0.6393,-0.6447,-0.1526,0.3608,0.6958,0.8594,0.8951,0.8856,0.7711,0.5867,0.4201,0.3278,0.3159,0.3426,0.3711,0.3873,0.391,0.3868,0.3784,0.3672,0.3531,0.3364,0.3179,0.2988,0.2804,0.2642,0.2508,0.2408,-0.1118,-0.2431,-0.4315,-0.6364,-0.5914,-0.3252,-0.2462,-0.4189,-1.1393,-1.5197,-0.312,0.4964,0.9151,1.0869,1.0112,0.9276,0.8598,0.7119,0.596,0.5304,0.4956,0.477,0.4618,0.4428,0.4206,0.4004,0.3842,0.3688,0.3507,0.329,0.3048,0.2801,0.257,0.2372,0.222,0.2116,-0.0892,-0.216,-0.398,-0.5941,-0.5375,-0.2563,-0.1546,-0.2001,-0.6062,-0.8857,0.0269,0.7507,1.1785,1.4426,1.3413,1.1047,0.9037,0.6724,0.5818,0.5955,0.5896,0.5632,0.5234,0.4736,0.4243,0.3911,0.3756,0.3628,0.3432,0.3162,0.2849,0.2529,0.2236,0.1999,0.1831,0.1734,-0.0332,-0.1249,-0.2326,-0.3075,-0.2502,-0.1202,-0.08,-0.0977,-0.0967,0.035,0.5175,1.0078,1.3128,1.569,1.4998,1.2318,0.9339,0.4442,0.4146,0.6109,0.6539,0.63,0.5692,0.4823,0.3928,0.3488,0.3516,0.3514,0.3315,0.2972,0.2556,0.2133,0.176,0.1478,0.1304,0.1233,0.0396,-0.0141,-0.0622,-0.0793,-0.0468,-0.002,-0.003,-0.0399,0.0382,0.3423,0.7443,1.1317,1.3067,2.0275,1.5072,1.3172,1.1564,0.7252,0.5986,0.7047,0.7405,0.7112,0.6227,0.4921,0.352,0.2976,0.3301,0.3416,0.3167,0.2699,0.2127,0.1552,0.1067,0.0738,0.0582,0.0577,0.1131,0.0861,0.0686,0.0697,0.0905,0.1153,0.13,0.1592,0.2828,0.5053,0.7311,1.0126,1.3548,1.598,1.4468,1.4816,1.7481,1.1849,0.882,0.8445,0.891,0.8517,0.7079,0.5403,0.3918,0.3301,0.3439,0.3389,0.2976,0.2305,0.1491,0.0679,0.0034,-0.0332,-0.0411,-0.0277,0.1794,0.1691,0.1673,0.1774,0.1992,0.2291,0.2687,0.3345,0.4408,0.5228,0.3931,0.9086,1.0819,1.2909,1.2679,1.3736,1.5545,1.1589,0.9073,0.9325,1.1637,1.0801,0.8028,0.6005,0.4709,0.4047,0.3753,0.3382,0.2725,0.1755,0.0551,-0.066,-0.1547,-0.19,-0.1771,-0.1361,0.2365,0.2366,0.244,0.2605,0.2868,0.3235,0.3735,0.4413,0.5174,0.5449,0.4429,0.7469,1.0537,1.1327,1.0659,1.0448,1.0161,0.8446,0.7241,0.8508,1.1904,1.094,0.7953,0.6057,0.4991,0.4419,0.3999,0.3412,0.2469,0.106,-0.0803,-0.274,-0.4008,-0.4187,-0.3569,-0.2658,0.2845,0.2913,0.3043,0.3251,0.3545,0.3936,0.4437,0.5041,0.5672,0.6181,0.6749,0.8215,1.0301,1.0586,0.8269,0.7114,0.7118,0.5707,0.4338,0.6024,0.7785,0.786,0.6605,0.5466,0.4848,0.467,0.4423,0.3644,0.2332,0.0326,-0.2597,-0.5867,-0.7718,-0.7299,-0.5701,-0.4019,0.3242,0.3351,0.3515,0.3744,0.4045,0.4425,0.4886,0.5412,0.5971,0.6538,0.7182,0.7973,0.856,0.7787,0.4328,0.2994,0.5303,0.5061,0.434,0.4475,0.522,0.5448,0.5009,0.4567,0.4599,0.5252,0.5364,0.4065,0.2336,-0.0204,-0.4378,-0.9628,-1.2184,-1.0538,-0.7582,-0.5079,0.3565,0.3698,0.3877,0.411,0.4401,0.4751,0.5157,0.5607,0.6081,0.656,0.7026,0.7399,0.74,0.6476,0.43,0.3556,0.4837,0.4742,0.3537,0.3033,0.379,0.3625,0.3265,0.3373,0.4046,0.5255,0.5509,0.3908,0.2309,-0.0178,-0.475,-1.1066,-1.4009,-1.1674,-0.8147,-0.5375,0.3824,0.3967,0.415,0.4375,0.4644,0.4956,0.5305,0.5679,0.606,0.6424,0.673,0.6896,0.678,0.6235,0.5411,0.4988,0.4962,0.4551,0.3742,0.3264,0.2595,0.1106,0.0461,0.1443,0.2827,0.3606,0.3364,0.3098,0.2287,0.0507,-0.2965,-0.7835,-1.0514,-0.9383,-0.6931,-0.4747,0.4027,0.4173,0.435,0.4559,0.4801,0.5073,0.5366,0.567,0.5968,0.6233,0.643,0.6507,0.6403,0.6098,0.5682,0.5309,0.4947,0.441,0.3657,0.2572,0.026,-0.3595,-0.4728,-0.1508,0.1426,0.2714,0.2906,0.2837,0.2435,0.1534,-0.0559,-0.3546,-0.564,-0.5804,-0.4799,-0.3536,0.4185,0.4326,0.4492,0.4682,0.4896,0.5127,0.537,0.5613,0.5841,0.6032,0.616,0.6193,0.6107,0.5898,0.5599,0.5239,0.4789,0.4163,0.3225,0.1589,-0.1711,-0.6996,-0.8435,-0.361,0.0349,0.2115,0.264,0.2707,0.2844,0.2481,0.1083,-0.0822,-0.2352,-0.2964,-0.279,-0.2227,0.4303,0.4437,0.4589,0.4758,0.4943,0.5139,0.5337,0.5529,0.5702,0.5838,0.5918,0.5925,0.5843,0.5669,0.5408,0.5056,0.4584,0.3921,0.2924,0.1303,-0.1353,-0.4588,-0.5346,-0.2638,0.0152,0.1688,0.2332,0.2633,0.29,0.265,0.1707,0.0493,-0.0552,-0.1152,-0.1288,-0.1104]}]