docs/data/wind_grid.json
[{"header":{"la1":42.85,"la2":41.18,"lo1":11.55,"lo2":14.05,"nx":36,"ny":24,"dx":0.07143,"dy":0.07261,"parameterCategory":2,"parameterNumber":2,"parameterNumberName":"eastward_wind","parameterUnit":"m.s-1"},"data":[-0.2688,-0.2737,-0.2766,-0.2776,-0.2771,-0.2757,-0.2737,-0.2714,-0.2693,-0.2681,-0.2693,-0.2745,-0.2848,-0.3004,-0.3206,-0.3433,-0.3654,-0.3829,-0.3918,-0.3903,-0.3795,-0.3637,-0.3474,-0.333,-0.3203,-0.3081,-0.2957,-0.2829,-0.27,-0.2573,-0.2452,-0.2337,-0.2231,-0.2133,-0.2043,-0.1962,-0.288,-0.2943,-0.2977,-0.2982,-0.2967,-0.2941,-0.2911,-0.2874,-0.2828,-0.2783,-0.2762,-0.2795,-0.2904,-0.3096,-0.3363,-0.3679,-0.4,-0.4257,-0.4372,-0.4301,-0.4071,-0.3785,-0.3546,-0.3385,-0.3267,-0.3155,-0.3031,-0.2895,-0.2753,-0.2613,-0.2479,-0.2355,-0.224,-0.2136,-0.2042,-0.1957,-0.3123,-0.3209,-0.3251,-0.3249,-0.3218,-0.3179,-0.3146,-0.3105,-0.3032,-0.2928,-0.284,-0.2829,-0.2935,-0.3168,-0.3522,-0.3969,-0.4453,-0.486,-0.503,-0.4837,-0.433,-0.3772,-0.3429,-0.3314,-0.3275,-0.3209,-0.3098,-0.2955,-0.2799,-0.2644,-0.2498,-0.2363,-0.2241,-0.2131,-0.2033,-0.1946,-0.3433,-0.3562,-0.3622,-0.3607,-0.3542,-0.3483,-0.3469,-0.3469,-0.3378,-0.3164,-0.2938,-0.2836,-0.2921,-0.32,-0.3662,-0.4293,-0.5046,-0.5759,-0.609,-0.5663,-0.4496,-0.3293,-0.2865,-0.3034,-0.3225,-0.3256,-0.3164,-0.301,-0.2836,-0.2664,-0.2503,-0.2359,-0.223,-0.2117,-0.2017,-0.1928,-0.3829,-0.4041,-0.4148,-0.4111,-0.3968,-0.3852,-0.3904,-0.4082,-0.404,-0.3586,-0.306,-0.2789,-0.2836,-0.3162,-0.3746,-0.4606,-0.5773,-0.7124,-0.8008,-0.7266,-0.4612,-0.1811,-0.1565,-0.2603,-0.3205,-0.3338,-0.3243,-0.3061,-0.286,-0.2667,-0.2493,-0.234,-0.2207,-0.2092,-0.1991,-0.1903,-0.4324,-0.4701,-0.4933,-0.4882,-0.4558,-0.4253,-0.4391,-0.5095,-0.5347,-0.4279,-0.3136,-0.2625,-0.2645,-0.3031,-0.3725,-0.4794,-0.6455,-0.8951,-1.1519,-1.075,-0.5823,-0.0692,-0.0797,-0.2675,-0.3433,-0.3511,-0.334,-0.31,-0.2862,-0.2648,-0.2463,-0.2305,-0.217,-0.2055,-0.1956,-0.187,-0.4899,-0.558,-0.6144,-0.6177,-0.5475,-0.4637,-0.4602,-0.6012,-0.6913,-0.4722,-0.2862,-0.2235,-0.2322,-0.2806,-0.3578,-0.4721,-0.6615,-1.0048,-1.4994,-1.4522,-0.8837,-0.4656,-0.352,-0.3941,-0.4005,-0.376,-0.3427,-0.3107,-0.283,-0.2598,-0.2408,-0.225,-0.2118,-0.2007,-0.1913,-0.1831,-0.5444,-0.657,-0.7864,-0.8373,-0.6944,-0.501,-0.4115,-0.4733,-0.5161,-0.3251,-0.182,-0.1541,-0.188,-0.2541,-0.3395,-0.4431,-0.5993,-0.8705,-1.2063,-1.2255,-1.1153,-0.9645,-0.7099,-0.5537,-0.4613,-0.3949,-0.344,-0.3048,-0.2746,-0.251,-0.2324,-0.2175,-0.2052,-0.1949,-0.1861,-0.1786,-0.5744,-0.7195,-0.9288,-1.0789,-0.8322,-0.521,-0.321,-0.2104,-0.1147,-0.0188,-0.0084,-0.0616,-0.1372,-0.233,-0.3458,-0.4345,-0.5239,-0.6841,-0.8804,-1.0924,-1.4893,-1.3748,-0.9127,-0.6352,-0.4831,-0.3909,-0.3306,-0.2893,-0.2599,-0.2381,-0.2214,-0.2082,-0.1973,-0.1882,-0.1804,-0.1737,-0.5648,-0.6979,-0.8599,-0.9466,-0.7796,-0.4994,-0.2324,0.0123,0.2962,0.4021,0.2093,0.0333,-0.0833,-0.2088,-0.4158,-0.5232,-0.4979,-0.5997,-0.748,-0.9605,-1.2785,-1.2071,-0.8512,-0.5978,-0.4465,-0.3552,-0.2989,-0.2631,-0.239,-0.2216,-0.2083,-0.1976,-0.1887,-0.1811,-0.1744,-0.1686,-0.5239,-0.6348,-0.766,-0.9141,-0.8498,-0.485,-0.1807,0.1077,0.7256,1.0316,0.3904,0.0925,-0.0265,-0.1212,-0.35,-0.5128,-0.4934,-0.6426,-0.7558,-0.8,-0.8467,-0.7968,-0.6353,-0.4761,-0.3622,-0.2915,-0.2514,-0.2286,-0.214,-0.2032,-0.1945,-0.1869,-0.1801,-0.174,-0.1686,-0.1636,-0.4629,-0.556,-0.6874,-0.8594,-0.781,-0.4096,-0.1859,-0.0894,0.3275,0.6495,0.2934,0.0905,0.0197,0.0269,-0.0781,-0.2883,-0.5397,-0.9803,-1.0966,-0.8335,-0.6528,-0.5417,-0.4357,-0.3351,-0.257,-0.2122,-0.1958,-0.1913,-0.1887,-0.1855,-0.1816,-0.177,-0.1723,-0.1676,-0.1631,-0.1589,-0.3868,-0.4486,-0.5192,-0.5619,-0.4711,-0.2838,-0.2056,-0.2862,-0.1358,0.1414,0.1517,0.0688,0.0233,0.0676,-0.0027,-0.237,-0.5982,-1.8326,-1.8825,-0.9276,-0.5334,-0.3651,-0.2752,-0.2118,-0.161,-0.1374,-0.1454,-0.1593,-0.168,-0.1716,-0.1717,-0.1694,-0.1659,-0.162,-0.1582,-0.1546,-0.3056,-0.335,-0.3546,-0.3416,-0.2749,-0.1894,-0.1621,-0.2044,-0.1122,0.1088,0.1732,0.0678,0.002,-0.1545,-0.1171,-0.2709,-0.4208,-1.0925,-1.2515,-0.6599,-0.3125,-0.1673,-0.1253,-0.1181,-0.1101,-0.1017,-0.118,-0.141,-0.1568,-0.1648,-0.1668,-0.165,-0.1614,-0.1574,-0.1538,-0.1507,-0.2301,-0.2374,-0.2322,-0.2059,-0.1574,-0.1036,-0.0656,-0.0265,0.09,0.284,0.407,0.3148,0.1139,-0.0019,-0.1112,-0.2887,-0.4904,-0.4323,-0.4073,-0.1832,0.0465,0.1019,0.0404,-0.0333,-0.0853,-0.102,-0.1168,-0.1408,-0.1592,-0.1677,-0.1682,-0.1639,-0.1579,-0.1528,-0.1491,-0.1467,-0.1653,-0.1598,-0.1437,-0.1142,-0.072,-0.0221,0.0348,0.1174,0.2672,0.5443,1.0073,0.6931,0.4468,0.1675,0.0316,-0.1715,-0.338,-0.1428,0.0325,0.2213,0.471,0.4121,0.2069,0.0587,-0.0407,-0.0974,-0.1345,-0.1637,-0.1801,-0.1832,-0.1761,-0.164,-0.1526,-0.1455,-0.1426,-0.1419,-0.1115,-0.0988,-0.0777,-0.0468,-0.0058,0.0454,0.111,0.2044,0.3515,0.5985,0.9407,0.7206,0.532,0.4837,0.2982,0.19,0.1586,0.3149,0.4894,0.4982,0.5603,0.4973,0.3,0.1223,-0.0237,-0.1312,-0.1961,-0.2233,-0.2259,-0.2126,-0.1878,-0.1591,-0.138,-0.1303,-0.1317,-0.1355,-0.0675,-0.0508,-0.0271,0.0044,0.0446,0.0949,0.1588,0.2425,0.3534,0.4875,0.5858,0.5623,0.5491,0.5687,0.667,0.7325,0.622,0.8001,1.0474,0.8306,0.6508,0.5156,0.3484,0.145,-0.0711,-0.2553,-0.3367,-0.3304,-0.2989,-0.2554,-0.1976,-0.1365,-0.1008,-0.1006,-0.1152,-0.128,-0.0315,-0.0127,0.0119,0.0431,0.0816,0.1285,0.1854,0.2538,0.3325,0.4116,0.4703,0.5041,0.557,0.7308,1.3671,1.6492,0.9995,0.9835,1.1676,1.314,0.9926,0.6778,0.4303,0.1595,-0.163,-0.4629,-0.5337,-0.4621,-0.3935,-0.3127,-0.2056,-0.089,-0.0353,-0.0597,-0.0983,-0.1231,-0.0023,0.0175,0.0422,0.0722,0.1082,0.1506,0.1998,0.2554,0.3152,0.3744,0.4289,0.4871,0.5844,0.813,1.3038,1.4691,1.0843,1.1416,1.8219,2.1623,1.3263,0.8647,0.5708,0.2306,-0.1869,-0.5312,-0.5972,-0.5905,-0.5128,-0.3966,-0.2426,-0.0717,-0.0019,-0.0454,-0.0978,-0.127,0.0214,0.0414,0.0654,0.0938,0.1269,0.1649,0.2076,0.2544,0.3039,0.3549,0.4087,0.4737,0.5701,0.7262,0.9222,1.0018,0.9751,1.1147,1.5081,1.6425,1.2835,1.0639,0.8691,0.4473,-0.1056,-0.594,-0.9567,-0.8768,-0.6725,-0.5232,-0.3512,-0.1723,-0.0853,-0.0962,-0.1259,-0.1432,0.0405,0.0602,0.0832,0.1098,0.1401,0.1742,0.2117,0.2523,0.2956,0.3416,0.3923,0.4528,0.5307,0.629,0.729,0.7979,0.8541,0.9647,1.1229,1.205,1.2573,1.5241,1.5613,0.8829,0.0579,-0.6808,-1.2422,-1.0408,-0.8189,-0.7022,-0.5151,-0.3306,-0.2192,-0.1797,-0.1707,-0.167,0.0558,0.0749,0.0967,0.1215,0.1492,0.1799,0.2134,0.2494,0.2879,0.3294,0.3752,0.4276,0.4887,0.557,0.625,0.6865,0.7501,0.8326,0.9331,1.0565,1.3273,1.9337,2.1286,1.2294,0.2728,-0.4244,-0.8148,-0.8914,-1.0192,-0.9242,-0.6666,-0.4538,-0.3203,-0.2486,-0.2114,-0.1896,0.068,0.0862,0.1068,0.1298,0.1552,0.183,0.2131,0.2453,0.2798,0.3169,0.3573,0.4018,0.4508,0.503,0.556,0.6089,0.6655,0.7326,0.8182,0.9487,1.1939,1.559,1.6102,1.0487,0.3548,-0.1872,-0.5453,-0.8133,-1.0422,-0.9511,-0.702,-0.4999,-0.3673,-0.2858,-0.2361,-0.2043]},{"header":{"la1":42.85,"la2":41.18,"lo1":11.55,"lo2":14.05,"nx":36,"ny":24,"dx":0.07143,"dy":0.07261,"parameterCategory":2,"parameterNumber":3,"parameterNumberName":"northward_wind","parameterUnit":"m.s-1"},"data":[-0.3312,-0.3136,-0.2934,-0.2708,-0.2464,-0.2223,-0.2011,-0.1863,-0.18,-0.1818,-0.1888,-0.1964,-0.2007,-0.1992,-0.1908,-0.176,-0.1558,-0.1322,-0.1074,-0.0841,-0.0652,-0.0544,-0.0546,-0.0661,-0.0866,-0.1125,-0.1404,-0.1684,-0.1952,-0.2203,-0.2436,-0.265,-0.2848,-0.3029,-0.3195,-0.3347,-0.3315,-0.3113,-0.2871,-0.2585,-0.2258,-0.1912,-0.1596,-0.1377,-0.1311,-0.1398,-0.1578,-0.1763,-0.1886,-0.1911,-0.1827,-0.1644,-0.138,-0.1063,-0.0724,-0.0393,-0.0107,0.0068,0.0067,-0.0119,-0.0433,-0.0801,-0.1173,-0.1525,-0.1847,-0.2139,-0.2403,-0.2642,-0.2859,-0.3055,-0.3233,-0.3394,-0.3336,-0.311,-0.2826,-0.2466,-0.202,-0.1501,-0.0984,-0.0611,-0.0525,-0.0748,-0.1142,-0.1525,-0.1779,-0.1864,-0.1781,-0.1549,-0.1198,-0.077,-0.0311,0.0153,0.0599,0.0912,0.0914,0.0582,0.0076,-0.0458,-0.0951,-0.1387,-0.1767,-0.2101,-0.2395,-0.2657,-0.2891,-0.3101,-0.329,-0.3459,-0.338,-0.3135,-0.2816,-0.2382,-0.1781,-0.0985,-0.0071,0.0671,0.0835,0.0316,-0.0521,-0.1258,-0.1714,-0.188,-0.1794,-0.1493,-0.1017,-0.0431,0.0175,0.0781,0.1484,0.212,0.212,0.146,0.0618,-0.0142,-0.0773,-0.1293,-0.1727,-0.2097,-0.2418,-0.2699,-0.2948,-0.317,-0.3368,-0.3545,-0.3447,-0.3194,-0.2861,-0.238,-0.1625,-0.0429,0.125,0.2921,0.3364,0.2103,0.0309,-0.1025,-0.1748,-0.1999,-0.1901,-0.151,-0.0852,-0.0009,0.0791,0.142,0.2394,0.3753,0.3687,0.2346,0.1046,0.0059,-0.0686,-0.127,-0.1743,-0.2139,-0.2479,-0.2775,-0.3036,-0.3267,-0.3473,-0.3655,-0.353,-0.3274,-0.2955,-0.2502,-0.1695,-0.0101,0.2803,0.6691,0.8082,0.4823,0.1124,-0.1008,-0.1969,-0.2267,-0.2146,-0.1661,-0.0776,0.0509,0.175,0.2088,0.2713,0.4627,0.4444,0.2608,0.111,0.0049,-0.0733,-0.1338,-0.1826,-0.2233,-0.2582,-0.2887,-0.3156,-0.3394,-0.3605,-0.3791,-0.3619,-0.3337,-0.3019,-0.2687,-0.2095,-0.0504,0.3281,1.0118,1.3383,0.6705,0.1017,-0.1502,-0.2452,-0.271,-0.2574,-0.2049,-0.1,0.0736,0.2763,0.2756,0.2319,0.3034,0.2981,0.1885,0.0738,-0.0191,-0.092,-0.1501,-0.1977,-0.2381,-0.273,-0.3039,-0.3313,-0.3556,-0.3771,-0.3958,-0.3723,-0.3352,-0.2886,-0.2613,-0.2603,-0.1803,0.0902,0.5961,0.8234,0.3183,-0.0949,-0.2616,-0.3157,-0.3299,-0.3232,-0.2786,-0.1734,-0.0083,0.1629,0.2037,0.2278,0.2311,0.1795,0.1029,0.0185,-0.0578,-0.1217,-0.1746,-0.2192,-0.2579,-0.2922,-0.3231,-0.3508,-0.3755,-0.3973,-0.4161,-0.3899,-0.3443,-0.2637,-0.1994,-0.2882,-0.3371,-0.2762,-0.1629,-0.163,-0.3065,-0.3909,-0.398,-0.3868,-0.3924,-0.4224,-0.408,-0.2867,-0.1305,0.0124,0.1521,0.3533,0.3148,0.1524,0.0444,-0.0366,-0.1032,-0.1586,-0.2051,-0.2455,-0.2819,-0.3154,-0.3464,-0.3746,-0.3998,-0.4218,-0.4405,-0.4212,-0.3883,-0.3329,-0.2988,-0.3964,-0.4931,-0.5742,-0.6625,-0.808,-0.8517,-0.6689,-0.5081,-0.4298,-0.4318,-0.5695,-0.653,-0.3981,-0.2106,-0.0795,0.0693,0.2493,0.2294,0.0871,-0.0188,-0.0946,-0.1534,-0.2003,-0.2396,-0.2752,-0.3093,-0.3424,-0.374,-0.4032,-0.4293,-0.4516,-0.4699,-0.4617,-0.4535,-0.4566,-0.4918,-0.5128,-0.6314,-0.8113,-0.9707,-1.2309,-1.3739,-0.8584,-0.553,-0.4267,-0.4036,-0.532,-0.6517,-0.3693,-0.2193,-0.139,-0.0562,0.0229,0.0319,-0.0252,-0.0956,-0.1588,-0.2086,-0.2454,-0.2759,-0.3064,-0.3389,-0.3728,-0.4064,-0.4378,-0.4653,-0.488,-0.5056,-0.5009,-0.5068,-0.5171,-0.5212,-0.5609,-0.7672,-1.0483,-1.2384,-1.2243,-1.1848,-0.803,-0.5247,-0.3937,-0.369,-0.338,-0.2813,-0.2044,-0.1863,-0.1757,-0.1293,-0.0893,-0.0817,-0.1114,-0.166,-0.2265,-0.2703,-0.2929,-0.3112,-0.3366,-0.3696,-0.4071,-0.4452,-0.4804,-0.5103,-0.5333,-0.5495,-0.5343,-0.549,-0.569,-0.6005,-0.6891,-0.8975,-1.2083,-1.4907,-1.3174,-0.9728,-0.6817,-0.4942,-0.3684,-0.359,-0.2714,-0.0295,-0.0164,-0.2202,-0.2388,-0.1505,-0.1166,-0.1157,-0.1499,-0.2162,-0.2971,-0.342,-0.3393,-0.3409,-0.3635,-0.4014,-0.4468,-0.4932,-0.535,-0.5681,-0.5909,-0.604,-0.5609,-0.5827,-0.6144,-0.6664,-0.7614,-0.922,-1.1401,-1.3349,-1.2186,-0.8741,-0.6284,-0.5233,-0.444,0.1824,0.0536,0.4528,0.3017,-0.0437,-0.1498,-0.1125,-0.075,-0.0776,-0.1368,-0.234,-0.3497,-0.4012,-0.3683,-0.3583,-0.3857,-0.4354,-0.4957,-0.5564,-0.6083,-0.6454,-0.666,-0.6726,-0.5797,-0.6047,-0.6397,-0.6907,-0.7655,-0.8658,-0.9733,-1.0277,-0.9422,-0.7801,-0.6599,-0.5223,-0.2657,-0.0061,0.1255,0.5703,0.5053,0.1429,-0.051,-0.0306,0.096,0.086,-0.0597,-0.2039,-0.3199,-0.3705,-0.355,-0.3594,-0.4033,-0.4751,-0.5607,-0.645,-0.7124,-0.7528,-0.7661,-0.7594,-0.5909,-0.6152,-0.6469,-0.6879,-0.7387,-0.7941,-0.8381,-0.8443,-0.8033,-0.7774,-0.8849,-0.6389,-0.5194,-0.3076,-0.1205,0.159,0.3057,0.025,-0.1224,0.0627,0.5851,0.456,0.0519,-0.1568,-0.2519,-0.2902,-0.3042,-0.3388,-0.4141,-0.5236,-0.6524,-0.7771,-0.868,-0.9071,-0.9006,-0.8678,-0.5959,-0.6175,-0.6434,-0.6737,-0.7066,-0.7368,-0.756,-0.7569,-0.7478,-0.7699,-0.8634,-0.75,-0.8712,-0.945,-0.5085,-0.3014,-0.2354,-0.3537,-0.4279,-0.1034,0.6402,0.4767,0.0258,-0.1584,-0.1984,-0.1858,-0.1959,-0.2733,-0.4083,-0.5824,-0.7847,-0.9817,-1.1091,-1.131,-1.0773,-0.9968,-0.5967,-0.6148,-0.6353,-0.6572,-0.6788,-0.6969,-0.7079,-0.7113,-0.7135,-0.7265,-0.7462,-0.7738,-0.9785,-1.0409,-0.8836,-0.8437,-0.6783,-0.7554,-0.9365,-0.6025,-0.1943,-0.0891,-0.1865,-0.2173,-0.1261,0.0364,0.064,-0.1261,-0.3801,-0.6508,-0.9663,-1.2923,-1.4751,-1.4371,-1.2875,-1.133,-0.5951,-0.61,-0.626,-0.6423,-0.6574,-0.6698,-0.6784,-0.6838,-0.6895,-0.7,-0.7191,-0.7612,-0.849,-0.9813,-1.4517,-1.6743,-1.0264,-0.9008,-0.9921,-1.0071,-0.7298,-0.5135,-0.4208,-0.3054,-0.0295,0.4622,0.5692,0.0604,-0.3664,-0.7232,-1.1591,-1.67,-1.9207,-1.7592,-1.4758,-1.2425,-0.5922,-0.6046,-0.6173,-0.6298,-0.6414,-0.6512,-0.659,-0.6659,-0.6739,-0.6862,-0.708,-0.749,-0.8273,-0.9999,-1.388,-1.51,-1.0997,-1.0103,-1.3467,-1.5312,-1.0406,-0.7851,-0.6487,-0.4616,-0.1093,0.5061,0.6445,-0.0556,-0.4595,-0.7863,-1.2332,-1.8216,-2.1027,-1.8761,-1.5403,-1.2822,-0.5889,-0.5993,-0.6097,-0.6199,-0.6294,-0.638,-0.6457,-0.6536,-0.6632,-0.6772,-0.6998,-0.7377,-0.8031,-0.9137,-1.0538,-1.0877,-1.0014,-1.0116,-1.1935,-1.2628,-1.0936,-1.0317,-0.9669,-0.7421,-0.4481,-0.2945,-0.5399,-0.5834,-0.6554,-0.8402,-1.1376,-1.5485,-1.7803,-1.671,-1.4415,-1.2392,-0.5856,-0.5945,-0.6034,-0.6121,-0.6204,-0.6283,-0.6361,-0.6446,-0.6551,-0.6695,-0.6907,-0.7225,-0.7692,-0.8306,-0.8898,-0.9153,-0.9163,-0.9476,-1.0221,-1.0849,-1.1858,-1.4571,-1.5265,-1.1271,-0.7612,-0.6962,-0.883,-0.8167,-0.8432,-0.9163,-1.0297,-1.2253,-1.3723,-1.3683,-1.2673,-1.1465,-0.5825,-0.5903,-0.5981,-0.6058,-0.6134,-0.6209,-0.6287,-0.6375,-0.6481,-0.662,-0.6807,-0.706,-0.7386,-0.7761,-0.8109,-0.8364,-0.8589,-0.8956,-0.9575,-1.0629,-1.306,-1.7879,-1.9345,-1.3864,-0.9435,-0.7954,-0.8167,-0.8939,-1.0456,-1.0218,-0.9948,-1.0541,-1.1261,-1.1458,-1.1104,-1.0473,-0.5797,-0.5867,-0.5937,-0.6007,-0.6078,-0.6151,-0.6228,-0.6315,-0.6418,-0.6546,-0.6707,-0.6909,-0.715,-0.7413,-0.7674,-0.7924,-0.8204,-0.8601,-0.9236,-1.0357,-1.2446,-1.5351,-1.5978,-1.2935,-0.9918,-0.8542,-0.8494,-0.9469,-1.0711,-1.0388,-0.9787,-0.9767,-1.0002,-1.0115,-0.9975,-0.964]}]