docs/data/wind_grid.json
[{"header":{"la1":42.85,"la2":41.18,"lo1":11.55,"lo2":14.05,"nx":36,"ny":24,"dx":0.07143,"dy":0.07261,"parameterCategory":2,"parameterNumber":2,"parameterNumberName":"eastward_wind","parameterUnit":"m.s-1"},"data":[-0.1685,-0.1789,-0.1906,-0.2036,-0.2173,-0.2309,-0.2432,-0.253,-0.26,-0.2648,-0.2695,-0.2765,-0.2881,-0.3053,-0.3282,-0.3554,-0.3841,-0.4103,-0.4295,-0.4384,-0.436,-0.424,-0.4052,-0.3829,-0.3596,-0.3371,-0.3161,-0.2972,-0.2805,-0.2658,-0.253,-0.2419,-0.2323,-0.2239,-0.2166,-0.2102,-0.1677,-0.1795,-0.1934,-0.2094,-0.2271,-0.2452,-0.2617,-0.2739,-0.2803,-0.2817,-0.2818,-0.2853,-0.2959,-0.3158,-0.3452,-0.3825,-0.4238,-0.4626,-0.4907,-0.5021,-0.4955,-0.4745,-0.4452,-0.413,-0.3815,-0.3525,-0.3267,-0.3043,-0.2851,-0.2687,-0.2547,-0.2428,-0.2327,-0.224,-0.2165,-0.21,-0.1658,-0.1792,-0.1955,-0.2155,-0.2389,-0.2646,-0.2891,-0.3067,-0.3125,-0.3071,-0.2977,-0.2936,-0.3013,-0.3238,-0.3617,-0.4136,-0.4748,-0.5348,-0.5783,-0.5926,-0.5763,-0.5388,-0.4924,-0.4459,-0.4035,-0.3668,-0.3357,-0.3096,-0.288,-0.27,-0.2551,-0.2426,-0.2322,-0.2234,-0.2159,-0.2094,-0.1625,-0.177,-0.1958,-0.2203,-0.2517,-0.2897,-0.33,-0.3606,-0.3673,-0.3479,-0.3191,-0.3005,-0.3021,-0.3267,-0.3751,-0.4472,-0.5393,-0.6366,-0.7084,-0.7254,-0.687,-0.6187,-0.5451,-0.4788,-0.4233,-0.3781,-0.3417,-0.3123,-0.2886,-0.2694,-0.2539,-0.2411,-0.2307,-0.222,-0.2147,-0.2084,-0.157,-0.1721,-0.1927,-0.2213,-0.2619,-0.3179,-0.3877,-0.4505,-0.4642,-0.4145,-0.3461,-0.3023,-0.2946,-0.321,-0.3808,-0.4775,-0.6149,-0.7775,-0.9046,-0.9208,-0.8328,-0.7092,-0.5964,-0.5064,-0.4372,-0.3842,-0.3432,-0.3113,-0.2863,-0.2666,-0.2509,-0.2384,-0.2282,-0.2199,-0.213,-0.2071,-0.1493,-0.1638,-0.1843,-0.2148,-0.2621,-0.3375,-0.4523,-0.5859,-0.6271,-0.5101,-0.3681,-0.2906,-0.2742,-0.303,-0.3726,-0.4921,-0.6812,-0.9423,-1.1711,-1.1764,-0.9917,-0.7883,-0.632,-0.5206,-0.4409,-0.3825,-0.3389,-0.306,-0.2808,-0.2613,-0.2462,-0.2343,-0.2248,-0.2172,-0.2109,-0.2055,-0.1392,-0.1518,-0.1699,-0.1974,-0.243,-0.3239,-0.4713,-0.6934,-0.7882,-0.567,-0.346,-0.2507,-0.2367,-0.2708,-0.3458,-0.4744,-0.69,-1.0263,-1.3618,-1.3502,-1.0698,-0.8107,-0.6328,-0.5134,-0.4307,-0.3714,-0.328,-0.2958,-0.2717,-0.2535,-0.2397,-0.2291,-0.2208,-0.2141,-0.2086,-0.204,-0.1276,-0.1371,-0.1504,-0.17,-0.2019,-0.2593,-0.3689,-0.5444,-0.6123,-0.4075,-0.2314,-0.1748,-0.1837,-0.2277,-0.3032,-0.4225,-0.6114,-0.8937,-1.1753,-1.1816,-0.9615,-0.7461,-0.591,-0.4828,-0.4061,-0.3508,-0.3105,-0.281,-0.2594,-0.2435,-0.2318,-0.223,-0.2163,-0.2109,-0.2065,-0.2026,-0.1153,-0.1215,-0.1292,-0.1388,-0.1511,-0.1678,-0.1897,-0.2041,-0.1599,-0.0707,-0.0464,-0.0785,-0.1261,-0.1818,-0.2554,-0.3609,-0.5062,-0.6811,-0.8284,-0.8531,-0.7596,-0.6339,-0.5227,-0.4355,-0.3699,-0.3218,-0.287,-0.2621,-0.2444,-0.232,-0.2231,-0.2167,-0.2119,-0.2081,-0.2049,-0.2019,-0.1035,-0.107,-0.1104,-0.1127,-0.1112,-0.0991,-0.0589,0.0484,0.2443,0.3186,0.1553,0.0051,-0.0814,-0.1421,-0.2119,-0.3165,-0.4562,-0.5951,-0.6798,-0.6846,-0.6253,-0.5381,-0.4521,-0.3806,-0.3261,-0.2866,-0.259,-0.2402,-0.2278,-0.2196,-0.2144,-0.2109,-0.2084,-0.2063,-0.2043,-0.2021,-0.0929,-0.0949,-0.0966,-0.0972,-0.0944,-0.0825,-0.0415,0.1071,0.5694,0.7882,0.2965,0.037,-0.0628,-0.1122,-0.1711,-0.294,-0.4941,-0.7013,-0.7789,-0.7094,-0.5894,-0.4769,-0.3874,-0.3218,-0.2765,-0.2466,-0.2279,-0.2168,-0.2107,-0.2078,-0.2068,-0.2066,-0.2066,-0.2063,-0.2054,-0.2039,-0.0836,-0.0852,-0.0874,-0.0907,-0.0966,-0.1084,-0.1304,-0.1197,0.2228,0.4884,0.1881,0.0018,-0.0659,-0.0944,-0.1278,-0.2826,-0.6313,-1.1054,-1.1869,-0.878,-0.5998,-0.4224,-0.3161,-0.2546,-0.2205,-0.2029,-0.1953,-0.1936,-0.1951,-0.1981,-0.2017,-0.205,-0.2075,-0.2088,-0.2089,-0.2077,-0.0751,-0.0768,-0.0801,-0.0868,-0.1013,-0.1336,-0.2034,-0.3042,-0.1854,0.0362,0.024,-0.0725,-0.0793,-0.0836,-0.1014,-0.2879,-0.7821,-1.7852,-1.7952,-1.0065,-0.5483,-0.3213,-0.2153,-0.1713,-0.1573,-0.1574,-0.164,-0.1732,-0.1831,-0.1926,-0.2009,-0.2077,-0.2126,-0.2152,-0.2157,-0.2143,-0.0669,-0.0683,-0.0718,-0.0793,-0.0949,-0.126,-0.1806,-0.242,-0.1818,-0.0345,-0.011,-0.152,-0.168,0.2333,-0.0412,-0.3497,-0.7448,-1.2959,-1.3373,-0.7391,-0.3173,-0.1226,-0.0669,-0.0692,-0.0898,-0.1143,-0.1379,-0.1592,-0.1776,-0.1933,-0.2063,-0.2164,-0.2232,-0.2265,-0.2266,-0.2241,-0.0585,-0.0592,-0.0614,-0.0666,-0.0767,-0.0934,-0.1139,-0.1174,-0.0625,0.0282,0.075,0.0494,0.0793,0.1886,-0.0331,-0.583,-1.0604,-0.7513,-0.5655,-0.2237,0.1071,0.1947,0.1244,0.0397,-0.0285,-0.0818,-0.1234,-0.1559,-0.1817,-0.2027,-0.2198,-0.2329,-0.2412,-0.2443,-0.2427,-0.2377,-0.05,-0.0493,-0.0495,-0.0508,-0.0534,-0.0558,-0.0523,-0.0303,0.025,0.1169,0.236,0.1941,0.1549,0.1129,-0.0369,-0.4611,-0.8139,-0.4421,-0.1208,0.2171,0.626,0.5607,0.2995,0.1236,0.0085,-0.0715,-0.1276,-0.1676,-0.1978,-0.2222,-0.2426,-0.2587,-0.2681,-0.2697,-0.2644,-0.2551,-0.0414,-0.0392,-0.0371,-0.0347,-0.0312,-0.0245,-0.0103,0.018,0.0671,0.1416,0.227,0.1983,0.2085,0.2166,0.0782,-0.073,-0.1362,0.0548,0.2692,0.413,0.7043,0.6216,0.3481,0.1477,0.0049,-0.0939,-0.1561,-0.1968,-0.2271,-0.252,-0.2748,-0.2945,-0.3052,-0.3032,-0.2914,-0.2753,-0.0332,-0.0296,-0.0255,-0.0202,-0.013,-0.002,0.0154,0.0418,0.0787,0.1228,0.1586,0.1761,0.2244,0.2417,0.2299,0.234,0.2255,0.4448,0.6482,0.529,0.5099,0.4498,0.2948,0.1184,-0.0407,-0.1489,-0.2025,-0.2396,-0.2691,-0.2906,-0.3131,-0.3378,-0.3504,-0.3422,-0.3205,-0.2955,-0.0256,-0.0209,-0.0153,-0.0082,0.001,0.0135,0.0306,0.0531,0.0806,0.1101,0.1372,0.1635,0.1996,0.2616,0.4562,0.5392,0.3972,0.5259,0.6705,0.7119,0.5701,0.4156,0.2596,0.0784,-0.1039,-0.2019,-0.2235,-0.2898,-0.3297,-0.3369,-0.3491,-0.3765,-0.3915,-0.376,-0.344,-0.3109,-0.0188,-0.0133,-0.0067,0.0013,0.0113,0.024,0.0398,0.0591,0.0812,0.105,0.13,0.1591,0.2018,0.2847,0.4421,0.4975,0.4359,0.5612,0.907,1.0522,0.6851,0.4458,0.2706,0.067,-0.154,-0.243,-0.2529,-0.4198,-0.4357,-0.3934,-0.3736,-0.3904,-0.4047,-0.3871,-0.3521,-0.3163,-0.013,-0.0069,0.0002,0.0087,0.0189,0.0312,0.0457,0.0627,0.0819,0.1031,0.1271,0.1565,0.1975,0.2588,0.3332,0.3768,0.4119,0.5339,0.7505,0.8154,0.6269,0.4797,0.3547,0.1248,-0.1967,-0.5223,-0.8672,-0.8064,-0.5954,-0.4555,-0.3898,-0.3805,-0.385,-0.3709,-0.3418,-0.3101,-0.008,-0.0016,0.0058,0.0144,0.0244,0.0361,0.0496,0.065,0.0823,0.1018,0.1243,0.1515,0.1861,0.2291,0.2755,0.3181,0.3691,0.4503,0.5426,0.5742,0.5541,0.6007,0.5896,0.2941,-0.1673,-0.7102,-1.1705,-1.001,-0.6809,-0.4904,-0.3981,-0.3655,-0.3555,-0.3421,-0.3203,-0.2953,-0.0039,0.0026,0.0101,0.0185,0.0283,0.0393,0.0519,0.0661,0.082,0.0999,0.1205,0.1446,0.1731,0.206,0.2416,0.2794,0.3233,0.3761,0.4284,0.4704,0.5433,0.7185,0.7742,0.4391,-0.044,-0.5112,-0.8094,-0.7808,-0.6078,-0.4673,-0.3856,-0.3463,-0.3275,-0.3127,-0.2955,-0.2763,-0.0006,0.0059,0.0133,0.0215,0.0309,0.0413,0.053,0.0661,0.0807,0.0971,0.1156,0.1366,0.1605,0.1872,0.2162,0.2475,0.2822,0.3201,0.3596,0.4058,0.4832,0.5966,0.6042,0.3776,0.039,-0.2761,-0.477,-0.5226,-0.4715,-0.4025,-0.3504,-0.3184,-0.2993,-0.2849,-0.2708,-0.2561]},{"header":{"la1":42.85,"la2":41.18,"lo1":11.55,"lo2":14.05,"nx":36,"ny":24,"dx":0.07143,"dy":0.07261,"parameterCategory":2,"parameterNumber":3,"parameterNumberName":"northward_wind","parameterUnit":"m.s-1"},"data":[-0.097,-0.0704,-0.0405,-0.0078,0.0258,0.0571,0.0818,0.0951,0.0941,0.0792,0.0544,0.0256,-0.0018,-0.0244,-0.0409,-0.0514,-0.0575,-0.0613,-0.0651,-0.0711,-0.0802,-0.0925,-0.1071,-0.1231,-0.1396,-0.1562,-0.1724,-0.1883,-0.2036,-0.2184,-0.2326,-0.2462,-0.2592,-0.2715,-0.283,-0.2937,-0.0928,-0.0611,-0.0236,0.0195,0.0666,0.1134,0.1526,0.1751,0.1739,0.1489,0.1081,0.0629,0.0225,-0.0083,-0.0283,-0.0387,-0.042,-0.0418,-0.0424,-0.0472,-0.0576,-0.073,-0.0915,-0.1113,-0.1312,-0.1505,-0.169,-0.1868,-0.2037,-0.22,-0.2355,-0.2503,-0.2644,-0.2776,-0.29,-0.3014,-0.0922,-0.0553,-0.0092,0.0472,0.1135,0.1854,0.2515,0.2933,0.2933,0.2497,0.1797,0.1068,0.0468,0.0052,-0.0183,-0.0268,-0.0243,-0.0165,-0.0109,-0.0138,-0.0272,-0.0485,-0.0733,-0.0986,-0.1227,-0.1453,-0.1664,-0.1861,-0.2048,-0.2226,-0.2395,-0.2556,-0.2709,-0.2852,-0.2984,-0.3106,-0.0969,-0.0556,-0.0011,0.0706,0.1628,0.2742,0.3905,0.4753,0.4826,0.4015,0.275,0.1552,0.0671,0.013,-0.013,-0.0167,-0.0036,0.0184,0.0359,0.0354,0.0145,-0.0181,-0.0531,-0.086,-0.1152,-0.1413,-0.1649,-0.1867,-0.2071,-0.2265,-0.2449,-0.2624,-0.2789,-0.2944,-0.3086,-0.3215,-0.1088,-0.0653,-0.0047,0.0811,0.2029,0.3707,0.5775,0.7613,0.7957,0.6323,0.3931,0.1983,0.0757,0.0103,-0.0151,-0.0105,0.0194,0.067,0.1074,0.1088,0.07,0.0164,-0.0337,-0.0755,-0.11,-0.1393,-0.1652,-0.1888,-0.2109,-0.2318,-0.2519,-0.2709,-0.2889,-0.3056,-0.3209,-0.3347,-0.1293,-0.0874,-0.0261,0.0665,0.211,0.439,0.7809,1.1727,1.2922,0.9437,0.4997,0.2101,0.0601,-0.0072,-0.0269,-0.012,0.0384,0.1247,0.2071,0.2069,0.131,0.0462,-0.0207,-0.0704,-0.1087,-0.1401,-0.1675,-0.1926,-0.2162,-0.2389,-0.2607,-0.2816,-0.3012,-0.3194,-0.3358,-0.3504,-0.1584,-0.123,-0.0695,0.0156,0.1577,0.4066,0.8469,1.4914,1.7622,1.1328,0.4812,0.1496,0.0101,-0.0406,-0.0483,-0.0255,0.0362,0.1528,0.2802,0.275,0.16,0.0524,-0.0222,-0.0738,-0.1124,-0.144,-0.172,-0.1981,-0.2232,-0.2478,-0.2717,-0.2947,-0.3163,-0.3362,-0.354,-0.3694,-0.1946,-0.1704,-0.133,-0.0724,0.0314,0.2187,0.5613,1.0807,1.2808,0.7235,0.2181,0.001,-0.0685,-0.0818,-0.0735,-0.0497,0.001,0.0958,0.203,0.2036,0.1108,0.0218,-0.0411,-0.0859,-0.1206,-0.1504,-0.1781,-0.205,-0.2318,-0.2586,-0.2852,-0.3108,-0.3349,-0.3569,-0.3762,-0.3925,-0.2347,-0.2243,-0.2083,-0.1825,-0.1393,-0.0662,0.0471,0.1611,0.115,-0.0895,-0.1927,-0.1843,-0.1457,-0.1121,-0.0895,-0.0718,-0.0466,-0.0033,0.0444,0.0519,0.015,-0.031,-0.0702,-0.1024,-0.1307,-0.1577,-0.1847,-0.2126,-0.2417,-0.2716,-0.3016,-0.3308,-0.3581,-0.3826,-0.4036,-0.4208,-0.2746,-0.2779,-0.283,-0.291,-0.3039,-0.3272,-0.3783,-0.5101,-0.773,-0.8639,-0.5862,-0.3267,-0.1803,-0.1079,-0.0807,-0.0772,-0.0799,-0.0774,-0.0672,-0.0599,-0.0647,-0.0786,-0.0967,-0.1169,-0.139,-0.1634,-0.1904,-0.2202,-0.2525,-0.2867,-0.3217,-0.3558,-0.3874,-0.4151,-0.438,-0.4557,-0.3102,-0.3248,-0.3463,-0.3789,-0.4282,-0.5023,-0.6118,-0.8091,-1.346,-1.6118,-0.8369,-0.3593,-0.1443,-0.0522,-0.0372,-0.0607,-0.0973,-0.1319,-0.1425,-0.1289,-0.1133,-0.1072,-0.1113,-0.1234,-0.1417,-0.1652,-0.1935,-0.2265,-0.2638,-0.3045,-0.3466,-0.3876,-0.425,-0.4568,-0.4816,-0.4993,-0.3389,-0.3607,-0.3921,-0.4376,-0.5033,-0.5943,-0.7037,-0.8026,-1.0555,-1.2326,-0.6783,-0.2685,-0.0612,0.0478,0.0318,-0.0314,-0.1122,-0.2117,-0.233,-0.1802,-0.1351,-0.1123,-0.1081,-0.1174,-0.1357,-0.1606,-0.192,-0.2302,-0.2751,-0.3254,-0.3781,-0.4292,-0.4747,-0.5115,-0.538,-0.5544,-0.3595,-0.3844,-0.4189,-0.467,-0.5338,-0.6233,-0.7285,-0.8022,-0.7807,-0.6829,-0.4068,-0.1443,-0.0131,0.0824,0.0645,-0.0053,-0.1097,-0.34,-0.3479,-0.2037,-0.1222,-0.0854,-0.0807,-0.095,-0.1184,-0.1474,-0.1834,-0.2291,-0.2853,-0.3502,-0.419,-0.4852,-0.542,-0.5848,-0.6119,-0.6245,-0.3721,-0.3966,-0.4291,-0.4721,-0.5287,-0.6007,-0.6832,-0.7491,-0.6983,-0.5056,-0.2847,-0.0694,0.0078,0.1669,0.0563,0.0511,0.0367,-0.189,-0.2475,-0.1424,-0.0457,-0.0038,-0.0185,-0.054,-0.0889,-0.1228,-0.1637,-0.2193,-0.2924,-0.3801,-0.4742,-0.5635,-0.6364,-0.6856,-0.7102,-0.7141,-0.3782,-0.3999,-0.4272,-0.4609,-0.5014,-0.5467,-0.588,-0.5989,-0.5306,-0.3946,-0.2747,-0.1732,-0.0173,0.1817,0.0396,0.2093,0.4933,0.0815,-0.0916,-0.0164,0.1553,0.1832,0.087,0.0011,-0.0486,-0.0817,-0.1237,-0.1923,-0.292,-0.4164,-0.5515,-0.6771,-0.7728,-0.8271,-0.8418,-0.8279,-0.3794,-0.3974,-0.4184,-0.4422,-0.4671,-0.4892,-0.4993,-0.4817,-0.4233,-0.3427,-0.2956,-0.2903,-0.2417,-0.1294,-0.1049,0.0964,0.3135,0.0021,-0.1341,0.0976,0.5785,0.4978,0.1973,0.0473,0.0014,-0.009,-0.0422,-0.131,-0.2759,-0.4611,-0.6633,-0.8477,-0.9752,-1.0275,-1.0165,-0.9687,-0.3778,-0.3919,-0.4072,-0.4228,-0.4365,-0.4449,-0.442,-0.4218,-0.3836,-0.3394,-0.3108,-0.3356,-0.5462,-0.6494,-0.3784,-0.2587,-0.2266,-0.384,-0.4654,-0.0754,0.6147,0.5089,0.176,0.0541,0.0734,0.137,0.1291,-0.0053,-0.2337,-0.517,-0.8272,-1.1069,-1.276,-1.3054,-1.2379,-1.1323,-0.3748,-0.3856,-0.3964,-0.4064,-0.4137,-0.4161,-0.4109,-0.397,-0.377,-0.3599,-0.3625,-0.4268,-0.6466,-0.7163,-0.621,-0.6206,-0.5709,-0.8031,-1.0967,-0.5691,-0.0753,0.0578,0.0069,0.0308,0.2011,0.4429,0.4804,0.2136,-0.1677,-0.5873,-1.0523,-1.4784,-1.6929,-1.6549,-1.4865,-1.2987,-0.3714,-0.3797,-0.3875,-0.3941,-0.3984,-0.3992,-0.3959,-0.389,-0.3819,-0.3816,-0.3998,-0.4543,-0.5493,-0.6589,-0.9503,-1.0756,-0.7617,-0.8189,-0.9502,-0.6808,-0.4368,-0.2604,-0.1618,-0.0092,0.3517,0.9404,1.0554,0.4438,-0.1392,-0.6691,-1.2881,-1.8872,-2.1324,-1.9837,-1.6946,-1.4266,-0.3683,-0.3748,-0.3807,-0.3856,-0.3888,-0.39,-0.3893,-0.3881,-0.3891,-0.3973,-0.4195,-0.4636,-0.5369,-0.6673,-0.9122,-0.9862,-0.7659,-0.6983,-0.6917,-0.6833,-0.5553,-0.4197,-0.3077,-0.1254,0.2596,0.9621,1.1091,0.2344,-0.2807,-0.744,-1.3794,-2.0398,-2.2909,-2.094,-1.7619,-1.4688,-0.3658,-0.3711,-0.376,-0.38,-0.3831,-0.3853,-0.387,-0.3895,-0.3951,-0.4069,-0.4291,-0.4663,-0.524,-0.61,-0.7089,-0.7347,-0.6755,-0.6391,-0.6427,-0.6351,-0.5781,-0.5388,-0.4862,-0.3457,-0.1581,-0.1509,-0.66,-0.6555,-0.5801,-0.795,-1.2575,-1.774,-2.0084,-1.8993,-1.652,-1.4106,-0.3639,-0.3685,-0.3727,-0.3765,-0.3799,-0.383,-0.3865,-0.3913,-0.3991,-0.4119,-0.432,-0.4618,-0.5027,-0.5524,-0.5971,-0.6137,-0.6033,-0.593,-0.5937,-0.5964,-0.6217,-0.7113,-0.7312,-0.5813,-0.4911,-0.7492,-1.2471,-1.0455,-0.7742,-0.815,-1.0745,-1.3921,-1.5779,-1.5678,-1.4408,-1.2844,-0.3625,-0.3667,-0.3707,-0.3744,-0.3781,-0.382,-0.3865,-0.3925,-0.4011,-0.4134,-0.4307,-0.4537,-0.482,-0.5124,-0.5381,-0.5523,-0.5562,-0.5586,-0.5672,-0.5929,-0.6708,-0.8268,-0.8716,-0.7057,-0.6125,-0.7337,-0.9208,-0.8889,-0.7834,-0.798,-0.9341,-1.1131,-1.241,-1.2719,-1.2244,-1.1389,-0.3617,-0.3655,-0.3694,-0.3732,-0.3772,-0.3815,-0.3866,-0.3931,-0.4016,-0.4128,-0.4273,-0.4451,-0.4653,-0.4859,-0.5037,-0.5165,-0.5253,-0.5345,-0.5504,-0.5843,-0.6543,-0.751,-0.7736,-0.6884,-0.6285,-0.6604,-0.7255,-0.7414,-0.7305,-0.7568,-0.8356,-0.938,-1.0211,-1.0578,-1.0476,-1.0061]}]