docs/data/wind_grid.json
[{"header":{"la1":42.85,"la2":41.18,"lo1":11.55,"lo2":14.05,"nx":36,"ny":24,"dx":0.07143,"dy":0.07261,"parameterCategory":2,"parameterNumber":2,"parameterNumberName":"eastward_wind","parameterUnit":"m.s-1"},"data":[-0.8578,-0.864,-0.8707,-0.8781,-0.8859,-0.8938,-0.9016,-0.9089,-0.9164,-0.9253,-0.938,-0.9569,-0.9836,-1.0168,-1.0505,-1.0743,-1.0784,-1.0603,-1.026,-0.9849,-0.9437,-0.9057,-0.8721,-0.8427,-0.817,-0.7946,-0.7748,-0.7574,-0.742,-0.7284,-0.7164,-0.7058,-0.6966,-0.6886,-0.6816,-0.6755,-0.8607,-0.8676,-0.8754,-0.8842,-0.8938,-0.9038,-0.9133,-0.9215,-0.9284,-0.936,-0.9483,-0.9706,-1.0074,-1.0593,-1.118,-1.1631,-1.1715,-1.1389,-1.0821,-1.0204,-0.9642,-0.9163,-0.8763,-0.8427,-0.8142,-0.7898,-0.7686,-0.7501,-0.734,-0.7199,-0.7076,-0.6969,-0.6876,-0.6796,-0.6727,-0.6668,-0.8631,-0.8708,-0.8799,-0.8905,-0.9028,-0.9162,-0.9292,-0.9393,-0.945,-0.9484,-0.9566,-0.9795,-1.0268,-1.105,-1.2067,-1.2931,-1.3077,-1.2432,-1.1459,-1.0543,-0.9801,-0.9221,-0.8763,-0.8392,-0.8084,-0.7824,-0.7601,-0.7408,-0.7241,-0.7097,-0.6972,-0.6864,-0.6772,-0.6694,-0.6627,-0.6572,-0.865,-0.8734,-0.8837,-0.8965,-0.9125,-0.9316,-0.9519,-0.9676,-0.972,-0.9661,-0.9629,-0.9795,-1.0326,-1.1385,-1.301,-1.4592,-1.4813,-1.3557,-1.1995,-1.0748,-0.985,-0.9198,-0.8704,-0.8312,-0.799,-0.772,-0.7489,-0.7292,-0.7122,-0.6976,-0.6851,-0.6744,-0.6655,-0.6579,-0.6516,-0.6465,-0.8662,-0.8749,-0.8861,-0.9009,-0.9211,-0.9489,-0.9834,-1.0145,-1.0208,-0.9961,-0.9681,-0.9673,-1.0137,-1.1289,-1.3323,-1.5575,-1.5856,-1.4022,-1.2057,-1.0665,-0.9731,-0.9074,-0.8579,-0.8185,-0.7859,-0.7584,-0.735,-0.715,-0.6979,-0.6834,-0.6711,-0.6608,-0.6522,-0.6451,-0.6394,-0.6348,-0.8665,-0.8752,-0.8864,-0.9021,-0.9254,-0.9623,-1.0188,-1.0856,-1.1057,-1.0429,-0.9699,-0.941,-0.9666,-1.0568,-1.2237,-1.4119,-1.4426,-1.2986,-1.1395,-1.0243,-0.9445,-0.8859,-0.8396,-0.8014,-0.7691,-0.7415,-0.718,-0.698,-0.6811,-0.6669,-0.6551,-0.6453,-0.6373,-0.6309,-0.6258,-0.622,-0.866,-0.8741,-0.8845,-0.8989,-0.9212,-0.96,-1.0315,-1.1423,-1.1908,-1.0722,-0.9504,-0.8976,-0.8996,-0.9489,-1.0411,-1.1397,-1.1688,-1.1141,-1.0349,-0.9651,-0.908,-0.8597,-0.8176,-0.7808,-0.7488,-0.7212,-0.6978,-0.6781,-0.6616,-0.648,-0.6369,-0.6278,-0.6207,-0.6152,-0.611,-0.608,-0.8651,-0.8724,-0.881,-0.892,-0.9079,-0.9348,-0.9858,-1.0695,-1.1009,-0.9897,-0.8837,-0.8345,-0.8237,-0.8427,-0.8868,-0.9389,-0.9713,-0.9716,-0.9493,-0.9157,-0.8763,-0.8349,-0.7945,-0.7575,-0.725,-0.6973,-0.674,-0.6548,-0.6391,-0.6265,-0.6163,-0.6084,-0.6024,-0.5979,-0.5949,-0.593,-0.8642,-0.8707,-0.8776,-0.8849,-0.8926,-0.9005,-0.9084,-0.9103,-0.8814,-0.8235,-0.7835,-0.7603,-0.7454,-0.7468,-0.7729,-0.8196,-0.8691,-0.9035,-0.9125,-0.8955,-0.8599,-0.8158,-0.7714,-0.7312,-0.697,-0.6689,-0.6461,-0.6279,-0.6134,-0.6021,-0.5934,-0.5869,-0.5822,-0.5791,-0.5774,-0.5768,-0.8637,-0.87,-0.8763,-0.882,-0.8854,-0.8823,-0.8625,-0.8052,-0.7012,-0.6494,-0.6853,-0.6921,-0.6662,-0.6476,-0.6711,-0.7413,-0.8323,-0.9086,-0.9389,-0.9173,-0.864,-0.8025,-0.746,-0.6995,-0.6629,-0.6347,-0.6131,-0.5966,-0.5841,-0.5748,-0.568,-0.5633,-0.5603,-0.5588,-0.5586,-0.5595,-0.8638,-0.8705,-0.8776,-0.8849,-0.8915,-0.8939,-0.8801,-0.8032,-0.5609,-0.4488,-0.6234,-0.6463,-0.5823,-0.5176,-0.5432,-0.6746,-0.853,-1.0117,-1.0618,-0.9945,-0.8861,-0.7871,-0.7112,-0.6572,-0.6195,-0.5931,-0.5743,-0.5607,-0.5511,-0.5444,-0.5401,-0.5376,-0.5367,-0.5371,-0.5386,-0.5412,-0.864,-0.8716,-0.8806,-0.8916,-0.9062,-0.9272,-0.9569,-0.9622,-0.7585,-0.5915,-0.6646,-0.6344,-0.5073,-0.3453,-0.3494,-0.616,-0.9483,-1.3057,-1.363,-1.1297,-0.9031,-0.7484,-0.6528,-0.5965,-0.5632,-0.5425,-0.5289,-0.5199,-0.5142,-0.5111,-0.5099,-0.5101,-0.5114,-0.5139,-0.5175,-0.522,-0.8639,-0.8725,-0.8831,-0.8974,-0.9184,-0.9532,-1.0139,-1.0913,-1.0063,-0.8259,-0.7385,-0.6574,-0.5455,-0.2205,-0.2053,-0.6397,-1.0722,-1.7795,-1.7847,-1.2139,-0.8462,-0.6468,-0.5505,-0.5092,-0.4914,-0.4822,-0.4767,-0.474,-0.4737,-0.4751,-0.4777,-0.481,-0.4848,-0.4895,-0.4952,-0.5019,-0.8631,-0.8721,-0.8834,-0.8985,-0.9201,-0.9525,-0.9996,-1.0469,-1.0049,-0.8884,-0.8001,-0.6774,-0.6412,-0.7563,-0.6077,-0.8009,-1.0718,-1.4467,-1.4618,-0.9924,-0.6151,-0.4292,-0.3843,-0.3923,-0.406,-0.414,-0.4185,-0.4232,-0.4296,-0.437,-0.4442,-0.4508,-0.4571,-0.464,-0.4719,-0.481,-0.8612,-0.8701,-0.8811,-0.8949,-0.9128,-0.9353,-0.9598,-0.9727,-0.955,-0.9335,-0.9242,-0.8643,-0.7758,-0.7012,-0.7766,-1.0088,-1.2419,-1.0736,-0.9061,-0.5396,-0.1377,-0.0393,-0.1524,-0.2593,-0.3167,-0.3415,-0.354,-0.3665,-0.3819,-0.3976,-0.4106,-0.4205,-0.4287,-0.4374,-0.4477,-0.4595,-0.8583,-0.8667,-0.8766,-0.8885,-0.9023,-0.9175,-0.9316,-0.9419,-0.9557,-1.0091,-1.137,-1.0778,-0.9869,-0.8706,-0.8777,-1.0007,-1.1272,-0.8901,-0.5889,-0.0976,0.5901,0.4827,0.0697,-0.1518,-0.2389,-0.2652,-0.2784,-0.3005,-0.3305,-0.3587,-0.3789,-0.3911,-0.3998,-0.4096,-0.4224,-0.4377,-0.8543,-0.8621,-0.8709,-0.8809,-0.8921,-0.9041,-0.9167,-0.9323,-0.9613,-1.0258,-1.1251,-1.0888,-1.1647,-1.2112,-0.9824,-0.9081,-0.8288,-0.6114,-0.3666,-0.0113,0.6824,0.5405,0.0977,-0.1172,-0.178,-0.1722,-0.175,-0.217,-0.2758,-0.3242,-0.3525,-0.3641,-0.37,-0.3801,-0.3965,-0.4164,-0.8497,-0.8566,-0.8644,-0.8731,-0.8827,-0.8933,-0.9059,-0.9229,-0.9494,-0.989,-1.0285,-1.0618,-1.1965,-1.2213,-1.0138,-0.9085,-0.7176,-0.3683,-0.1365,-0.1734,0.0361,0.0771,-0.0586,-0.1415,-0.1154,-0.0243,-0.0068,-0.1085,-0.2256,-0.302,-0.3355,-0.34,-0.3389,-0.3497,-0.3716,-0.3973,-0.8444,-0.8506,-0.8574,-0.8649,-0.8733,-0.8829,-0.8943,-0.9092,-0.9289,-0.9531,-0.9782,-1.0071,-1.0435,-1.0355,-1.0346,-1.0456,-0.7531,-0.3981,-0.2296,-0.304,-0.2547,-0.2001,-0.1977,-0.1772,-0.0513,0.1976,0.2483,-0.0108,-0.2106,-0.3037,-0.3307,-0.3201,-0.31,-0.3237,-0.3526,-0.3841,-0.8386,-0.844,-0.8499,-0.8563,-0.8635,-0.8717,-0.8812,-0.8926,-0.9063,-0.9213,-0.9361,-0.9497,-0.9581,-0.9603,-0.9956,-0.989,-0.7574,-0.5102,-0.403,-0.3999,-0.3546,-0.3062,-0.2739,-0.2264,-0.0919,0.2044,0.2686,-0.1187,-0.2884,-0.3393,-0.3402,-0.3143,-0.2996,-0.3156,-0.3474,-0.3805,-0.8323,-0.8369,-0.8419,-0.8473,-0.8531,-0.8596,-0.8668,-0.8748,-0.8834,-0.8917,-0.8985,-0.9021,-0.9007,-0.8954,-0.8866,-0.8361,-0.7037,-0.5482,-0.4442,-0.409,-0.3759,-0.3294,-0.3005,-0.2863,-0.2676,-0.3132,-0.5786,-0.5595,-0.4521,-0.4024,-0.3687,-0.3365,-0.3218,-0.3333,-0.3592,-0.3879,-0.8257,-0.8295,-0.8336,-0.8378,-0.8423,-0.847,-0.8519,-0.8568,-0.8612,-0.8644,-0.8652,-0.8622,-0.8538,-0.8381,-0.8098,-0.7551,-0.6673,-0.5669,-0.4846,-0.4265,-0.3625,-0.284,-0.2602,-0.3057,-0.3887,-0.594,-0.8746,-0.7587,-0.5599,-0.4593,-0.4076,-0.3759,-0.3617,-0.366,-0.3824,-0.4034,-0.8189,-0.8219,-0.825,-0.8281,-0.8312,-0.8342,-0.8369,-0.8391,-0.8402,-0.8396,-0.8361,-0.8285,-0.8152,-0.794,-0.7611,-0.7121,-0.6467,-0.5735,-0.5029,-0.4328,-0.3437,-0.2356,-0.2099,-0.2951,-0.4082,-0.5559,-0.6817,-0.6568,-0.5591,-0.4845,-0.4392,-0.4124,-0.3995,-0.3992,-0.4082,-0.4222,-0.8119,-0.8142,-0.8163,-0.8183,-0.8201,-0.8216,-0.8224,-0.8224,-0.8209,-0.8173,-0.8108,-0.8003,-0.7843,-0.7613,-0.7292,-0.6865,-0.6341,-0.5754,-0.5134,-0.4457,-0.3661,-0.2878,-0.2696,-0.3265,-0.4089,-0.4934,-0.5536,-0.559,-0.5258,-0.4875,-0.4581,-0.4389,-0.4288,-0.4269,-0.4317,-0.4409]},{"header":{"la1":42.85,"la2":41.18,"lo1":11.55,"lo2":14.05,"nx":36,"ny":24,"dx":0.07143,"dy":0.07261,"parameterCategory":2,"parameterNumber":3,"parameterNumberName":"northward_wind","parameterUnit":"m.s-1"},"data":[-0.0767,-0.0583,-0.0372,-0.0139,0.0104,0.0335,0.0526,0.0648,0.0684,0.0644,0.0563,0.0487,0.0456,0.0483,0.0547,0.0597,0.0574,0.0459,0.0276,0.0069,-0.0132,-0.0312,-0.0466,-0.0599,-0.0714,-0.0816,-0.091,-0.0997,-0.1081,-0.1161,-0.1239,-0.1315,-0.1388,-0.1459,-0.1526,-0.1589,-0.0777,-0.056,-0.0299,0.0004,0.0338,0.0673,0.096,0.1139,0.117,0.1062,0.0881,0.0721,0.0655,0.0718,0.0875,0.1019,0.1018,0.0835,0.0545,0.0239,-0.0032,-0.0254,-0.0434,-0.058,-0.0704,-0.0812,-0.091,-0.1002,-0.109,-0.1175,-0.1259,-0.134,-0.142,-0.1496,-0.1568,-0.1636,-0.0817,-0.0566,-0.0247,0.0147,0.0612,0.1115,0.158,0.1883,0.1914,0.1674,0.1298,0.0972,0.0834,0.0951,0.1286,0.1628,0.1667,0.1333,0.0846,0.0396,0.0043,-0.0221,-0.0421,-0.0577,-0.0704,-0.0815,-0.0915,-0.101,-0.1102,-0.1193,-0.1283,-0.1371,-0.1457,-0.154,-0.1619,-0.1692,-0.0899,-0.062,-0.0244,0.0256,0.0899,0.1673,0.2475,0.306,0.3128,0.2623,0.1859,0.1224,0.0942,0.1106,0.1708,0.241,0.2502,0.1873,0.1095,0.0484,0.0061,-0.0229,-0.0434,-0.0589,-0.0715,-0.0824,-0.0924,-0.1022,-0.1119,-0.1216,-0.1313,-0.1409,-0.1503,-0.1594,-0.1679,-0.1758,-0.1037,-0.0746,-0.0329,0.0271,0.1122,0.2286,0.3705,0.4954,0.5194,0.4119,0.2583,0.1427,0.0905,0.1039,0.1828,0.2876,0.3012,0.2089,0.1103,0.0422,-0.0009,-0.0286,-0.0476,-0.0618,-0.0733,-0.0837,-0.0936,-0.1036,-0.1137,-0.1242,-0.1348,-0.1455,-0.1559,-0.1659,-0.1753,-0.1839,-0.1242,-0.0969,-0.0549,0.0102,0.1122,0.2715,0.5066,0.7727,0.8537,0.6206,0.3278,0.144,0.0646,0.0632,0.1259,0.2139,0.228,0.1539,0.0734,0.0179,-0.0168,-0.0389,-0.0541,-0.0656,-0.0755,-0.085,-0.0947,-0.1049,-0.1157,-0.1272,-0.139,-0.151,-0.1627,-0.1739,-0.1843,-0.1936,-0.1519,-0.1301,-0.0941,-0.034,0.0683,0.2457,0.5518,0.9895,1.1717,0.7533,0.3225,0.101,0.0115,-0.0042,0.0255,0.0697,0.0823,0.0531,0.0136,-0.0173,-0.0379,-0.0515,-0.0613,-0.0694,-0.0773,-0.0857,-0.0952,-0.1059,-0.1177,-0.1306,-0.144,-0.1577,-0.1711,-0.1838,-0.1954,-0.2056,-0.1856,-0.1735,-0.1505,-0.1081,-0.0308,0.1101,0.3601,0.7216,0.8605,0.5048,0.1686,0.0024,-0.0656,-0.0819,-0.0691,-0.0461,-0.0319,-0.0331,-0.0425,-0.052,-0.0587,-0.0634,-0.0674,-0.0719,-0.0776,-0.0852,-0.0947,-0.1062,-0.1195,-0.1343,-0.15,-0.1661,-0.1817,-0.1963,-0.2093,-0.2204,-0.2231,-0.2236,-0.2192,-0.2047,-0.1713,-0.1047,0.0078,0.137,0.163,0.055,-0.0537,-0.1198,-0.1522,-0.1591,-0.146,-0.1228,-0.102,-0.0899,-0.0841,-0.08,-0.0757,-0.0722,-0.0705,-0.0715,-0.0755,-0.0824,-0.0924,-0.1053,-0.1209,-0.1385,-0.1574,-0.1766,-0.1952,-0.2122,-0.2269,-0.239,-0.2608,-0.2752,-0.2916,-0.3091,-0.3251,-0.3326,-0.3196,-0.2784,-0.2327,-0.214,-0.2132,-0.2212,-0.2334,-0.2358,-0.2139,-0.1757,-0.1436,-0.1266,-0.116,-0.1028,-0.0881,-0.0761,-0.069,-0.0669,-0.0696,-0.0766,-0.0877,-0.1028,-0.1216,-0.1433,-0.1667,-0.1903,-0.2128,-0.2329,-0.2496,-0.2625,-0.2948,-0.3219,-0.3578,-0.4057,-0.469,-0.5459,-0.6104,-0.5709,-0.3314,-0.2311,-0.2873,-0.2887,-0.3089,-0.3311,-0.2896,-0.2129,-0.1649,-0.1593,-0.1548,-0.1278,-0.0962,-0.0733,-0.0606,-0.0563,-0.0586,-0.0665,-0.0796,-0.098,-0.1215,-0.149,-0.1788,-0.2087,-0.2366,-0.2605,-0.2793,-0.2927,-0.3212,-0.3579,-0.4084,-0.4798,-0.5825,-0.7292,-0.9181,-1.0256,-0.6674,-0.3737,-0.3509,-0.3294,-0.3783,-0.513,-0.3798,-0.2197,-0.1608,-0.2301,-0.2446,-0.1633,-0.0962,-0.059,-0.0421,-0.0377,-0.0411,-0.0508,-0.0667,-0.0898,-0.12,-0.156,-0.1952,-0.2342,-0.2693,-0.298,-0.3188,-0.3318,-0.3377,-0.379,-0.4364,-0.5184,-0.6397,-0.8243,-1.0995,-1.3903,-1.1373,-0.6201,-0.3855,-0.3621,-0.373,-0.5016,-0.3328,-0.1296,-0.0798,-0.3887,-0.4003,-0.1785,-0.0697,-0.0234,-0.0083,-0.0086,-0.0156,-0.0276,-0.0469,-0.0761,-0.116,-0.1649,-0.2183,-0.2705,-0.3158,-0.3502,-0.3722,-0.3829,-0.3433,-0.384,-0.4394,-0.5166,-0.6269,-0.7863,-1.0022,-1.2062,-1.0362,-0.5556,-0.3145,-0.4134,-0.4364,-0.0359,-0.0825,0.1776,0.3443,-0.076,-0.2097,-0.0789,0.0111,0.0492,0.047,0.0323,0.0192,0.006,-0.0158,-0.053,-0.1077,-0.1765,-0.2521,-0.3243,-0.3838,-0.4244,-0.4452,-0.4496,-0.339,-0.3748,-0.4212,-0.4819,-0.5607,-0.6583,-0.7575,-0.786,-0.61,-0.294,-0.0924,-0.0867,-0.0382,0.1795,0.1183,0.7675,1.528,0.5669,0.1088,0.0701,0.1673,0.1856,0.1267,0.0813,0.0639,0.0563,0.0358,-0.0124,-0.0908,-0.1921,-0.3031,-0.4066,-0.4858,-0.5314,-0.5451,-0.5358,-0.3273,-0.3556,-0.3897,-0.43,-0.4744,-0.5149,-0.5293,-0.4742,-0.3061,-0.0361,0.2649,0.1795,0.1096,0.0923,0.172,0.6699,1.1653,0.4861,0.0762,0.135,0.4509,0.3977,0.2042,0.1245,0.1217,0.1396,0.1285,0.0614,-0.0583,-0.2135,-0.3824,-0.5356,-0.6417,-0.6864,-0.68,-0.6441,-0.3111,-0.3313,-0.3534,-0.3756,-0.3937,-0.3988,-0.3753,-0.3027,-0.1662,0.0325,0.2408,0.1749,0.136,0.1395,0.0986,0.1868,0.2012,-0.1205,-0.354,-0.06,0.468,0.4008,0.1918,0.1465,0.2087,0.2961,0.3064,0.1949,-0.0021,-0.2444,-0.5054,-0.7379,-0.8782,-0.9048,-0.8534,-0.7714,-0.293,-0.306,-0.3183,-0.3274,-0.3294,-0.3177,-0.284,-0.2205,-0.1263,-0.0159,0.0668,0.0834,0.1153,0.1094,-0.0446,-0.1242,-0.2274,-0.7091,-1.1614,-0.545,-0.0626,0.0782,0.0837,0.1579,0.3551,0.6028,0.6488,0.4114,0.0733,-0.2897,-0.6815,-1.034,-1.2104,-1.1822,-1.0495,-0.9016,-0.2751,-0.2825,-0.2877,-0.2886,-0.2824,-0.2651,-0.233,-0.1844,-0.1227,-0.0597,-0.0134,0.007,0.0053,-0.0645,-0.2771,-0.3574,-0.3564,-0.6988,-0.9504,-0.6127,-0.3437,-0.1472,-0.0181,0.1598,0.5213,1.0772,1.1859,0.6324,0.1108,-0.3496,-0.8702,-1.3633,-1.5629,-1.4444,-1.2144,-1.0019,-0.2588,-0.2621,-0.2627,-0.2592,-0.2497,-0.2321,-0.2053,-0.1697,-0.1292,-0.0909,-0.0639,-0.0555,-0.0755,-0.1486,-0.2844,-0.3381,-0.3544,-0.4959,-0.5838,-0.5864,-0.4194,-0.2392,-0.096,0.0938,0.4587,1.1038,1.2383,0.4521,-0.0087,-0.4103,-0.9434,-1.4865,-1.6904,-1.5324,-1.2672,-1.0344,-0.2446,-0.2451,-0.2432,-0.2376,-0.2274,-0.2118,-0.1906,-0.165,-0.1381,-0.1143,-0.0993,-0.0987,-0.119,-0.1658,-0.2289,-0.2758,-0.3237,-0.4061,-0.487,-0.4919,-0.3786,-0.2628,-0.1743,-0.0531,0.1043,0.1118,-0.3379,-0.3362,-0.2721,-0.4562,-0.8437,-1.27,-1.4621,-1.3754,-1.1782,-0.9866,-0.2326,-0.2315,-0.2282,-0.2221,-0.2126,-0.1995,-0.1832,-0.1649,-0.1469,-0.1321,-0.1242,-0.1267,-0.1425,-0.1719,-0.2093,-0.2477,-0.2898,-0.3381,-0.3745,-0.367,-0.3145,-0.2763,-0.2572,-0.191,-0.1672,-0.4152,-0.8569,-0.6805,-0.4441,-0.4775,-0.695,-0.959,-1.1133,-1.1077,-1.0078,-0.8846,-0.2228,-0.2208,-0.217,-0.211,-0.2027,-0.1922,-0.1798,-0.1668,-0.1546,-0.1455,-0.1416,-0.1449,-0.1568,-0.1767,-0.2024,-0.231,-0.2611,-0.2893,-0.306,-0.3018,-0.2854,-0.2898,-0.2956,-0.2517,-0.2534,-0.3954,-0.5695,-0.5444,-0.4542,-0.4668,-0.5819,-0.7323,-0.8401,-0.8685,-0.8331,-0.7672,-0.2149,-0.2125,-0.2087,-0.2033,-0.1963,-0.1879,-0.1786,-0.1693,-0.1611,-0.1554,-0.1537,-0.1571,-0.1661,-0.1805,-0.1988,-0.2193,-0.2401,-0.2579,-0.2685,-0.2702,-0.2693,-0.2757,-0.2756,-0.2577,-0.2651,-0.3263,-0.3971,-0.4168,-0.4106,-0.435,-0.5032,-0.5908,-0.6623,-0.6955,-0.6905,-0.6602]}]