docs/data/wind_grid.json
{"header": {"la1":42.1,"la2":41.55,"lo1":12.1,"lo2":12.95,"nx":50,"ny":50,"dx":0.01735,"dy":0.01122,"parameterCategory":2,"parameterNumber":2,"parameterNumberName":"eastward_wind","parameterUnit":"m.s-1"}, "data":
[rows 0 to 39 of 50, columns 0 to 49 of 50]
-0.2807,-0.2806,-0.2808,-0.2814,-0.2823,-0.2836,-0.2853,-0.2874,-0.2899,-0.2929,-0.2964,-0.3005,-0.3051,-0.3104,-0.3166,-0.3238,-0.3324,-0.3426,-0.3548,-0.3696,-0.3875,-0.409,-0.4349,-0.4658,-0.5022,-0.5448,-0.594,-0.6503,-0.7138,-0.7848,-0.8629,-0.9477,-1.0382,-1.1326,-1.2287,-1.3235,-1.4135,-1.4951,-1.5649,-1.6203,-1.6598,-1.6834,-1.6918,-1.6871,-1.6714,-1.6473,-1.6171,-1.5829,-1.5462,-1.5085
-0.2746,-0.2742,-0.2742,-0.2745,-0.2752,-0.2763,-0.2778,-0.2796,-0.2819,-0.2846,-0.2878,-0.2915,-0.2956,-0.3005,-0.306,-0.3126,-0.3204,-0.3297,-0.3411,-0.3551,-0.3723,-0.3933,-0.4189,-0.4498,-0.4866,-0.53,-0.5806,-0.6389,-0.7052,-0.7797,-0.8623,-0.9525,-1.0494,-1.1513,-1.2556,-1.359,-1.4574,-1.5465,-1.6222,-1.6814,-1.7224,-1.7451,-1.7509,-1.742,-1.7214,-1.692,-1.6565,-1.6172,-1.576,-1.5342
-0.2684,-0.2678,-0.2675,-0.2676,-0.2681,-0.269,-0.2702,-0.2718,-0.2739,-0.2763,-0.2791,-0.2824,-0.2861,-0.2904,-0.2954,-0.3012,-0.3081,-0.3166,-0.327,-0.3401,-0.3564,-0.3767,-0.4019,-0.4326,-0.4697,-0.5139,-0.5658,-0.626,-0.695,-0.773,-0.8601,-0.956,-1.0597,-1.1695,-1.2828,-1.3956,-1.5034,-1.6008,-1.6831,-1.7464,-1.7888,-1.8103,-1.8127,-1.799,-1.7727,-1.7373,-1.696,-1.6513,-1.6051,-1.559
-0.2621,-0.2613,-0.2608,-0.2607,-0.2609,-0.2616,-0.2626,-0.264,-0.2658,-0.2679,-0.2704,-0.2733,-0.2766,-0.2804,-0.2846,-0.2897,-0.2957,-0.3031,-0.3125,-0.3245,-0.3398,-0.3592,-0.3838,-0.4142,-0.4515,-0.4964,-0.5495,-0.6116,-0.6832,-0.7647,-0.8563,-0.9578,-1.0685,-1.1867,-1.3096,-1.4328,-1.5509,-1.6577,-1.7473,-1.8151,-1.8588,-1.8786,-1.8769,-1.8575,-1.8247,-1.7827,-1.7351,-1.6845,-1.6332,-1.5826
-0.2558,-0.2547,-0.254,-0.2537,-0.2537,-0.2541,-0.2549,-0.2561,-0.2576,-0.2595,-0.2618,-0.2643,-0.2672,-0.2703,-0.2739,-0.2781,-0.2831,-0.2895,-0.2976,-0.3083,-0.3224,-0.3409,-0.3646,-0.3947,-0.4321,-0.4775,-0.5318,-0.5957,-0.6697,-0.7546,-0.8505,-0.9577,-1.0754,-1.2023,-1.3353,-1.4698,-1.5994,-1.7167,-1.8145,-1.8871,-1.9319,-1.9495,-1.9429,-1.9169,-1.8769,-1.8276,-1.7731,-1.7164,-1.6598,-1.6047
-0.2494,-0.2481,-0.2472,-0.2466,-0.2464,-0.2466,-0.2472,-0.2481,-0.2495,-0.2512,-0.2531,-0.2553,-0.2577,-0.2604,-0.2633,-0.2665,-0.2705,-0.2756,-0.2824,-0.2916,-0.3044,-0.3216,-0.3445,-0.3741,-0.4114,-0.4573,-0.5126,-0.5781,-0.6545,-0.7425,-0.8426,-0.9552,-1.0799,-1.2156,-1.3592,-1.5058,-1.6479,-1.7769,-1.8837,-1.9616,-2.0075,-2.0221,-2.0097,-1.9763,-1.9282,-1.871,-1.8093,-1.7464,-1.6844,-1.6248
-0.243,-0.2414,-0.2402,-0.2394,-0.239,-0.239,-0.2394,-0.2402,-0.2413,-0.2428,-0.2445,-0.2464,-0.2484,-0.2505,-0.2527,-0.2551,-0.2579,-0.2616,-0.2669,-0.2745,-0.2856,-0.3015,-0.3233,-0.3523,-0.3894,-0.4358,-0.4921,-0.5591,-0.6376,-0.7284,-0.8323,-0.9499,-1.0813,-1.2256,-1.3801,-1.5394,-1.6952,-1.8369,-1.9538,-2.0375,-2.0842,-2.0953,-2.0762,-2.0344,-1.9776,-1.9121,-1.843,-1.7737,-1.7064,-1.6425
-0.2365,-0.2347,-0.2332,-0.2322,-0.2315,-0.2313,-0.2315,-0.2322,-0.2332,-0.2345,-0.236,-0.2376,-0.2393,-0.2409,-0.2424,-0.2438,-0.2454,-0.2476,-0.2512,-0.257,-0.2663,-0.2805,-0.3011,-0.3293,-0.3664,-0.4131,-0.4703,-0.5387,-0.6191,-0.7124,-0.8195,-0.9415,-1.0789,-1.2314,-1.3966,-1.569,-1.7393,-1.895,-2.0229,-2.1128,-2.1602,-2.167,-2.1405,-2.0897,-2.0236,-1.9496,-1.873,-1.7975,-1.7252,-1.6572
-0.2299,-0.2279,-0.2262,-0.2249,-0.224,-0.2236,-0.2236,-0.2241,-0.225,-0.2261,-0.2275,-0.229,-0.2303,-0.2315,-0.2323,-0.2328,-0.2331,-0.2337,-0.2353,-0.2391,-0.2463,-0.2587,-0.2779,-0.3054,-0.3422,-0.3893,-0.4474,-0.5171,-0.5991,-0.6944,-0.8041,-0.9296,-1.072,-1.2318,-1.4071,-1.5925,-1.7778,-1.9484,-2.0884,-2.185,-2.2329,-2.2351,-2.2004,-2.1401,-2.0646,-1.9821,-1.8984,-1.8171,-1.7402,-1.6686
-0.2233,-0.221,-0.219,-0.2174,-0.2163,-0.2157,-0.2156,-0.216,-0.2167,-0.2178,-0.2191,-0.2204,-0.2216,-0.2223,-0.2225,-0.2221,-0.2211,-0.22,-0.2195,-0.2209,-0.2258,-0.2361,-0.2538,-0.2805,-0.3172,-0.3648,-0.4237,-0.4946,-0.5779,-0.6747,-0.7861,-0.914,-1.0601,-1.2256,-1.4098,-1.6076,-1.8079,-1.9941,-2.1468,-2.2505,-2.299,-2.2961,-2.2531,-2.1833,-2.0987,-2.0083,-1.9181,-1.8317,-1.7507,-1.6761
-0.2167,-0.214,-0.2118,-0.2099,-0.2086,-0.2078,-0.2075,-0.2078,-0.2085,-0.2095,-0.2108,-0.2121,-0.2131,-0.2136,-0.2132,-0.2119,-0.2096,-0.2067,-0.2038,-0.2025,-0.2047,-0.2127,-0.2288,-0.2547,-0.2915,-0.3397,-0.3996,-0.4715,-0.5559,-0.6535,-0.7657,-0.8945,-1.0424,-1.2118,-1.4029,-1.6115,-1.8261,-2.0278,-2.1937,-2.305,-2.3542,-2.3465,-2.2955,-2.2168,-2.124,-2.0266,-1.931,-1.8403,-1.7563,-1.6794
-0.21,-0.207,-0.2044,-0.2023,-0.2007,-0.1997,-0.1993,-0.1994,-0.2001,-0.2012,-0.2025,-0.2039,-0.2049,-0.2052,-0.2044,-0.2023,-0.1987,-0.1939,-0.1885,-0.1841,-0.1831,-0.1884,-0.2028,-0.2282,-0.2653,-0.3145,-0.3755,-0.4484,-0.5335,-0.6312,-0.7431,-0.8712,-1.0188,-1.1893,-1.3845,-1.6014,-1.8285,-2.0449,-2.2239,-2.343,-2.3935,-2.3818,-2.3239,-2.2378,-2.1383,-2.0357,-1.936,-1.8424,-1.7564,-1.6781
-0.2032,-0.1999,-0.197,-0.1946,-0.1927,-0.1915,-0.1909,-0.1909,-0.1916,-0.1928,-0.1943,-0.1958,-0.1969,-0.1972,-0.1963,-0.1935,-0.1887,-0.1818,-0.1736,-0.1657,-0.1611,-0.1634,-0.176,-0.2011,-0.2391,-0.2896,-0.3519,-0.4258,-0.5112,-0.6084,-0.7187,-0.8444,-0.9892,-1.1576,-1.3533,-1.5748,-1.8114,-2.0404,-2.2317,-2.3589,-2.4116,-2.3975,-2.3349,-2.2438,-2.14,-2.0341,-1.9323,-1.8374,-1.7506,-1.672
-0.1964,-0.1927,-0.1894,-0.1867,-0.1845,-0.183,-0.1823,-0.1823,-0.183,-0.1843,-0.1861,-0.1878,-0.1893,-0.1898,-0.1887,-0.1856,-0.1796,-0.1708,-0.1596,-0.1477,-0.1387,-0.1375,-0.1485,-0.1739,-0.2134,-0.2657,-0.3295,-0.4043,-0.4896,-0.5856,-0.6931,-0.8144,-0.9537,-1.1165,-1.3083,-1.5298,-1.7715,-2.0099,-2.2117,-2.3469,-2.4033,-2.3893,-2.3253,-2.2324,-2.1275,-2.0211,-1.9193,-1.8249,-1.7388,-1.6609
-0.1895,-0.1854,-0.1818,-0.1786,-0.1761,-0.1744,-0.1734,-0.1734,-0.1741,-0.1757,-0.1777,-0.1799,-0.1818,-0.1828,-0.182,-0.1786,-0.1719,-0.1613,-0.1469,-0.1305,-0.1162,-0.1108,-0.1203,-0.1469,-0.1888,-0.2435,-0.309,-0.3845,-0.4694,-0.5635,-0.667,-0.782,-0.9129,-1.0664,-1.2496,-1.4656,-1.7069,-1.9502,-2.1597,-2.3025,-2.3646,-2.3543,-2.2929,-2.2025,-2.1,-1.9962,-1.8969,-1.8048,-1.7208,-1.6449
-0.1826,-0.1781,-0.174,-0.1704,-0.1675,-0.1655,-0.1643,-0.1641,-0.165,-0.1668,-0.1692,-0.172,-0.1746,-0.1762,-0.176,-0.1728,-0.1657,-0.1535,-0.1361,-0.1146,-0.094,-0.0835,-0.0918,-0.1209,-0.1666,-0.224,-0.2911,-0.3671,-0.4512,-0.5426,-0.641,-0.748,-0.8679,-1.0084,-1.1783,-1.3831,-1.6178,-1.8604,-2.0741,-2.2239,-2.2936,-2.2911,-2.2371,-2.1536,-2.0576,-1.9594,-1.8651,-1.7773,-1.697,-1.6241
-0.1757,-0.1706,-0.166,-0.162,-0.1587,-0.1562,-0.1548,-0.1545,-0.1555,-0.1575,-0.1605,-0.164,-0.1675,-0.17,-0.1707,-0.1682,-0.1612,-0.1482,-0.128,-0.1012,-0.073,-0.056,-0.0638,-0.0975,-0.148,-0.2085,-0.2768,-0.3527,-0.4354,-0.5235,-0.6158,-0.7132,-0.82,-0.9442,-1.0963,-1.2846,-1.5066,-1.7427,-1.9567,-2.1123,-2.1919,-2.201,-2.159,-2.087,-2.001,-1.9116,-1.8246,-1.7429,-1.6676,-1.5989
-0.1687,-0.1631,-0.158,-0.1534,-0.1496,-0.1467,-0.1449,-0.1445,-0.1454,-0.1478,-0.1514,-0.1557,-0.1603,-0.1641,-0.1661,-0.1648,-0.1586,-0.1457,-0.1239,-0.0922,-0.0552,-0.03,-0.0382,-0.0789,-0.1352,-0.1981,-0.2667,-0.3417,-0.4224,-0.5067,-0.5922,-0.6788,-0.7705,-0.8759,-1.007,-1.1742,-1.3785,-1.6028,-1.8131,-1.9733,-2.0639,-2.0879,-2.0618,-2.0049,-1.9323,-1.8541,-1.7764,-1.7023,-1.6332,-1.5695
-0.1617,-0.1556,-0.1498,-0.1446,-0.1402,-0.1368,-0.1346,-0.1339,-0.1348,-0.1375,-0.1417,-0.1471,-0.153,-0.1583,-0.162,-0.1625,-0.158,-0.1464,-0.1249,-0.0903,-0.0446,-0.0094,-0.0195,-0.0694,-0.1305,-0.1939,-0.2612,-0.3344,-0.4125,-0.4924,-0.5706,-0.6457,-0.7212,-0.8062,-0.9142,-1.0577,-1.2405,-1.4492,-1.6524,-1.8155,-1.9174,-1.958,-1.9503,-1.9109,-1.8538,-1.7887,-1.7219,-1.6565,-1.5945,-1.5367
-0.1547,-0.148,-0.1416,-0.1357,-0.1306,-0.1265,-0.1237,-0.1226,-0.1235,-0.1264,-0.1314,-0.1379,-0.1453,-0.1525,-0.1582,-0.161,-0.1592,-0.1505,-0.1319,-0.0989,-0.0491,-0.0045,-0.0174,-0.0748,-0.1363,-0.1964,-0.2604,-0.3306,-0.4056,-0.4809,-0.5515,-0.6148,-0.6737,-0.738,-0.8222,-0.9413,-1.1014,-1.2921,-1.4858,-1.6495,-1.7617,-1.8187,-1.8299,-1.8091,-1.7686,-1.7176,-1.6624,-1.6067,-1.5525,-1.5009
-0.1478,-0.1403,-0.1332,-0.1265,-0.1206,-0.1157,-0.1123,-0.1106,-0.1113,-0.1144,-0.1201,-0.1279,-0.1371,-0.1464,-0.1546,-0.1602,-0.1616,-0.1573,-0.1448,-0.1202,-0.0785,-0.0349,-0.0478,-0.1006,-0.1528,-0.2051,-0.2636,-0.33,-0.4014,-0.4721,-0.5352,-0.5869,-0.6298,-0.6741,-0.7358,-0.8315,-0.9694,-1.1417,-1.324,-1.4861,-1.6061,-1.6778,-1.7067,-1.7038,-1.6798,-1.6431,-1.5999,-1.554,-1.5079,-1.4629
-0.1409,-0.1328,-0.1248,-0.1173,-0.1104,-0.1045,-0.1002,-0.0978,-0.0981,-0.1013,-0.1077,-0.117,-0.1282,-0.1399,-0.1508,-0.1594,-0.1647,-0.1657,-0.1617,-0.1519,-0.1351,-0.1155,-0.1195,-0.145,-0.1774,-0.2182,-0.2699,-0.3319,-0.3996,-0.4657,-0.5218,-0.5628,-0.591,-0.6173,-0.6592,-0.7342,-0.8519,-1.0064,-1.1763,-1.334,-1.4586,-1.5417,-1.5859,-1.5992,-1.5904,-1.5674,-1.5358,-1.4996,-1.4616,-1.4234
-0.1341,-0.1252,-0.1164,-0.1079,-0.0999,-0.0929,-0.0874,-0.0841,-0.0837,-0.0868,-0.094,-0.1049,-0.1184,-0.1329,-0.1467,-0.1585,-0.1676,-0.1741,-0.1792,-0.186,-0.1996,-0.2145,-0.205,-0.1942,-0.2041,-0.2331,-0.278,-0.3355,-0.3996,-0.4614,-0.5112,-0.543,-0.5587,-0.5701,-0.5957,-0.6538,-0.7542,-0.892,-1.0486,-1.1995,-1.325,-1.4157,-1.4717,-1.4985,-1.5031,-1.4924,-1.4717,-1.4448,-1.4146,-1.3829
-0.1275,-0.1178,-0.1081,-0.0985,-0.0893,-0.0809,-0.074,-0.0693,-0.0679,-0.0707,-0.0785,-0.0913,-0.1077,-0.1255,-0.1424,-0.1571,-0.1696,-0.1811,-0.1938,-0.2131,-0.245,-0.275,-0.2602,-0.2314,-0.227,-0.2473,-0.2868,-0.3402,-0.4008,-0.4586,-0.5032,-0.5276,-0.5338,-0.5341,-0.5477,-0.5927,-0.6785,-0.801,-0.9439,-1.0856,-1.2085,-1.3029,-1.3669,-1.4041,-1.4199,-1.4198,-1.4088,-1.3905,-1.3676,-1.3422
-0.1211,-0.1106,-0.0999,-0.0891,-0.0785,-0.0686,-0.06,-0.0536,-0.0507,-0.0527,-0.061,-0.0759,-0.0959,-0.1178,-0.1381,-0.1555,-0.1705,-0.1854,-0.2034,-0.2288,-0.2638,-0.2906,-0.2785,-0.2515,-0.2437,-0.2596,-0.2953,-0.3454,-0.4027,-0.457,-0.4974,-0.5166,-0.5166,-0.51,-0.5157,-0.5512,-0.6249,-0.7331,-0.8618,-0.9927,-1.1101,-1.2045,-1.2732,-1.3177,-1.3421,-1.3509,-1.3482,-1.3375,-1.3213,-1.3017
-0.1151,-0.1037,-0.0919,-0.0799,-0.0678,-0.0562,-0.0455,-0.0369,-0.0318,-0.0325,-0.0409,-0.0583,-0.083,-0.1102,-0.1347,-0.1542,-0.1704,-0.187,-0.2074,-0.2341,-0.2649,-0.2845,-0.2772,-0.2593,-0.2545,-0.2698,-0.3032,-0.3505,-0.4047,-0.4559,-0.4931,-0.5093,-0.5065,-0.4969,-0.4985,-0.5273,-0.5909,-0.6859,-0.8004,-0.9193,-1.029,-1.1207,-1.1909,-1.24,-1.2707,-1.2864,-1.2907,-1.2865,-1.2763,-1.262
-0.1093,-0.0971,-0.0843,-0.071,-0.0574,-0.0437,-0.0307,-0.0193,-0.0114,-0.0097,-0.0176,-0.0377,-0.0686,-0.1034,-0.1333,-0.1545,-0.1701,-0.1862,-0.2068,-0.2322,-0.2578,-0.2726,-0.2701,-0.2613,-0.2617,-0.2781,-0.3104,-0.3553,-0.4066,-0.4549,-0.4899,-0.5051,-0.5023,-0.4929,-0.4934,-0.5178,-0.5727,-0.6554,-0.7563,-0.8628,-0.9635,-1.0504,-1.1198,-1.1711,-1.2059,-1.2268,-1.2366,-1.2379,-1.2329,-1.2233
-0.104,-0.091,-0.0772,-0.0626,-0.0473,-0.0316,-0.0159,-0.0012,0.0104,0.0158,0.0097,-0.0129,-0.0522,-0.0981,-0.1354,-0.1578,-0.171,-0.1843,-0.2032,-0.2264,-0.2482,-0.261,-0.2628,-0.2614,-0.2669,-0.285,-0.3168,-0.3596,-0.408,-0.4536,-0.4872,-0.5029,-0.5023,-0.4955,-0.4968,-0.5184,-0.566,-0.6377,-0.7258,-0.8201,-0.9112,-0.9921,-1.0589,-1.1105,-1.1477,-1.1723,-1.1864,-1.1922,-1.1915,-1.1861
-0.0992,-0.0854,-0.0706,-0.0548,-0.0379,-0.0201,-0.0016,0.0168,0.0331,0.0436,0.0415,0.0176,-0.0323,-0.0943,-0.1424,-0.1655,-0.174,-0.1826,-0.1982,-0.2191,-0.2386,-0.2514,-0.2571,-0.2613,-0.2711,-0.291,-0.3223,-0.3632,-0.4088,-0.452,-0.4846,-0.5017,-0.5046,-0.5018,-0.5052,-0.5253,-0.5669,-0.6289,-0.7053,-0.7882,-0.8698,-0.944,-1.0071,-1.0577,-1.0959,-1.1228,-1.1401,-1.1494,-1.1524,-1.1505
-0.095,-0.0805,-0.0649,-0.0479,-0.0295,-0.0096,0.0117,0.0339,0.0556,0.0729,0.0775,0.0551,-0.0066,-0.0913,-0.1543,-0.1773,-0.1792,-0.1817,-0.1934,-0.2118,-0.2301,-0.2438,-0.2529,-0.2614,-0.2747,-0.2962,-0.3271,-0.3661,-0.4091,-0.4499,-0.4819,-0.5008,-0.5077,-0.5094,-0.5157,-0.535,-0.5719,-0.6256,-0.6918,-0.7644,-0.8369,-0.9043,-0.9632,-1.0118,-1.0499,-1.0781,-1.0975,-1.1095,-1.1155,-1.1166
-0.0914,-0.0764,-0.06,-0.042,-0.0223,-0.0006,0.0232,0.0492,0.0763,0.1013,0.1154,0.0992,0.0272,-0.086,-0.1676,-0.1898,-0.1847,-0.1814,-0.1893,-0.2054,-0.223,-0.2379,-0.2498,-0.2619,-0.2779,-0.3006,-0.3311,-0.3683,-0.4088,-0.4475,-0.479,-0.4997,-0.5105,-0.5167,-0.526,-0.5453,-0.5784,-0.6253,-0.6829,-0.7463,-0.8106,-0.8715,-0.9258,-0.9719,-1.0091,-1.0378,-1.0586,-1.0726,-1.0809,-1.0845
-0.0885,-0.073,-0.0561,-0.0374,-0.0167,0.0065,0.0324,0.0614,0.0931,0.1253,0.1498,0.1437,0.0674,-0.0727,-0.1734,-0.1963,-0.1871,-0.1804,-0.1858,-0.2002,-0.2173,-0.2333,-0.2476,-0.2625,-0.2806,-0.3042,-0.3343,-0.3698,-0.408,-0.4448,-0.4758,-0.4981,-0.5124,-0.5227,-0.5349,-0.5546,-0.5849,-0.6263,-0.6766,-0.7323,-0.7892,-0.844,-0.8938,-0.9371,-0.973,-1.0015,-1.0232,-1.0386,-1.0486,-1.0542
-0.0864,-0.0706,-0.0533,-0.0341,-0.0127,0.0114,0.0386,0.0695,0.1042,0.1411,0.1729,0.176,0.1028,-0.0492,-0.1624,-0.1905,-0.1836,-0.1776,-0.1824,-0.1959,-0.2129,-0.2298,-0.2461,-0.263,-0.2829,-0.3072,-0.3367,-0.3707,-0.4069,-0.4419,-0.4724,-0.496,-0.5132,-0.527,-0.5418,-0.562,-0.5904,-0.6274,-0.6718,-0.7209,-0.7715,-0.8207,-0.8663,-0.9067,-0.9409,-0.9689,-0.9908,-1.0071,-1.0185,-1.0257
-0.085,-0.0691,-0.0516,-0.0322,-0.0106,0.0138,0.0415,0.0729,0.1083,0.1461,0.1792,0.1847,0.1182,-0.0233,-0.1358,-0.1727,-0.1741,-0.1727,-0.1789,-0.1924,-0.2094,-0.2272,-0.245,-0.2636,-0.2847,-0.3095,-0.3385,-0.3711,-0.4055,-0.439,-0.4689,-0.4935,-0.5129,-0.5295,-0.5465,-0.5673,-0.5943,-0.628,-0.6676,-0.7112,-0.7563,-0.8007,-0.8424,-0.8798,-0.9123,-0.9395,-0.9613,-0.9782,-0.9905,-0.999
-0.0845,-0.0686,-0.0511,-0.0318,-0.0103,0.0138,0.041,0.0715,0.1053,0.1402,0.1686,0.1699,0.1108,-0.0059,-0.1058,-0.1496,-0.1611,-0.1662,-0.1753,-0.1895,-0.2069,-0.2253,-0.2443,-0.2642,-0.2862,-0.3113,-0.3398,-0.3711,-0.4039,-0.436,-0.4653,-0.4905,-0.5117,-0.5304,-0.5491,-0.5706,-0.5965,-0.6276,-0.6634,-0.7024,-0.743,-0.7832,-0.8213,-0.856,-0.8867,-0.9128,-0.9344,-0.9515,-0.9645,-0.9739
-0.0847,-0.069,-0.0517,-0.0328,-0.0118,0.0114,0.0373,0.0658,0.0962,0.1257,0.1464,0.1417,0.0905,-0.0001,-0.0825,-0.1282,-0.148,-0.1594,-0.1717,-0.1872,-0.2051,-0.2242,-0.244,-0.2648,-0.2875,-0.3127,-0.3406,-0.3709,-0.4022,-0.433,-0.4618,-0.4873,-0.5096,-0.5299,-0.55,-0.5719,-0.5971,-0.6262,-0.6589,-0.6943,-0.731,-0.7675,-0.8025,-0.8347,-0.8636,-0.8886,-0.9097,-0.9268,-0.9403,-0.9504
-0.0857,-0.0703,-0.0535,-0.0352,-0.0151,0.0069,0.0309,0.0565,0.0826,0.1057,0.1189,0.1096,0.0665,-0.0026,-0.0687,-0.1124,-0.137,-0.1534,-0.1686,-0.1855,-0.204,-0.2236,-0.2441,-0.2656,-0.2886,-0.3138,-0.3412,-0.3704,-0.4004,-0.4302,-0.4582,-0.4839,-0.507,-0.5284,-0.5495,-0.5718,-0.5963,-0.6238,-0.6541,-0.6865,-0.72,-0.7533,-0.7855,-0.8155,-0.8427,-0.8666,-0.8871,-0.9041,-0.9178,-0.9284
-0.0874,-0.0724,-0.0563,-0.0387,-0.0198,0.0006,0.0223,0.0447,0.0662,0.0834,0.0905,0.0789,0.0432,-0.0099,-0.0627,-0.1026,-0.1293,-0.1488,-0.1664,-0.1845,-0.2036,-0.2237,-0.2445,-0.2664,-0.2897,-0.3147,-0.3415,-0.3697,-0.3987,-0.4274,-0.4548,-0.4804,-0.5039,-0.5261,-0.5478,-0.5703,-0.5944,-0.6206,-0.6489,-0.6788,-0.7096,-0.7403,-0.7701,-0.798,-0.8236,-0.8464,-0.8662,-0.883,-0.8968,-0.9078
-0.0898,-0.0754,-0.0599,-0.0434,-0.0257,-0.0071,0.0122,0.0312,0.0485,0.0608,0.0635,0.0513,0.0219,-0.0197,-0.0625,-0.0979,-0.1248,-0.1461,-0.1652,-0.1842,-0.2039,-0.2242,-0.2453,-0.2674,-0.2907,-0.3155,-0.3417,-0.369,-0.397,-0.4247,-0.4515,-0.4768,-0.5006,-0.5232,-0.5453,-0.5678,-0.5914,-0.6166,-0.6433,-0.6712,-0.6997,-0.7282,-0.7558,-0.782,-0.8061,-0.8279,-0.847,-0.8634,-0.8772,-0.8885
-0.0928,-0.079,-0.0644,-0.0489,-0.0327,-0.0159,0.0009,0.017,0.0305,0.0389,0.0389,0.027,0.0025,-0.0308,-0.0659,-0.0973,-0.1232,-0.1452,-0.1652,-0.1848,-0.2047,-0.2253,-0.2465,-0.2686,-0.2918,-0.3162,-0.3418,-0.3684,-0.3953,-0.4222,-0.4483,-0.4733,-0.4971,-0.5198,-0.5421,-0.5646,-0.5878,-0.612,-0.6374,-0.6636,-0.6902,-0.7168,-0.7426,-0.7672,-0.79,-0.8107,-0.8292,-0.8453,-0.8589,-0.8703
