docs/data/wind_grid.json
[{"header":{"la1":42.85,"la2":41.18,"lo1":11.55,"lo2":14.05,"nx":36,"ny":24,"dx":0.07143,"dy":0.07261,"parameterCategory":2,"parameterNumber":2,"parameterNumberName":"eastward_wind","parameterUnit":"m.s-1"},"data":[4.4162,4.4131,4.4089,4.4034,4.3964,4.3879,4.3778,4.366,4.3523,4.3356,4.315,4.289,4.2567,4.2173,4.1704,4.1154,4.0521,3.9807,3.902,3.8198,3.7422,3.6814,3.6481,3.6443,3.6629,3.6929,3.7254,3.7555,3.7811,3.8018,3.8183,3.8312,3.8413,3.8494,3.856,3.8616,4.4231,4.4205,4.4167,4.4113,4.4041,4.3951,4.3846,4.373,4.3601,4.3449,4.3254,4.2996,4.2659,4.2235,4.1715,4.1093,4.036,3.95,3.85,3.7378,3.6246,3.5355,3.4959,3.5092,3.5559,3.6131,3.6666,3.711,3.7459,3.7724,3.7925,3.8076,3.8192,3.8282,3.8355,3.8416,4.4296,4.4277,4.4244,4.419,4.4111,4.4007,4.3887,4.3764,4.3647,4.3523,4.3359,4.3116,4.2774,4.2322,4.1755,4.1064,4.0233,3.9227,3.7981,3.6414,3.4619,3.3132,3.2654,3.3217,3.4245,3.5258,3.6076,3.6686,3.7127,3.7445,3.7674,3.7841,3.7966,3.8062,3.8139,3.8203,4.4356,4.4349,4.4325,4.4271,4.4177,4.4041,4.3876,4.3718,4.3612,4.3549,4.3452,4.325,4.2911,4.2435,4.1825,4.1075,4.0167,3.9061,3.7621,3.5497,3.243,2.9522,2.9004,3.0699,3.2789,3.4431,3.5567,3.6329,3.6841,3.719,3.7433,3.7606,3.7733,3.783,3.7908,3.7975,4.4408,4.4422,4.4418,4.4369,4.4253,4.4057,4.3786,4.351,4.3392,4.3466,4.3521,4.3397,4.307,4.2567,4.1917,4.1124,4.0177,3.9072,3.7711,3.5283,3.0133,2.3856,2.3741,2.8028,3.164,3.3894,3.5251,3.6084,3.6614,3.6961,3.7198,3.7365,3.7488,3.7581,3.7658,3.7725,4.4447,4.4505,4.4551,4.4521,4.4372,4.409,4.3629,4.3027,4.2798,4.3216,4.3584,4.3576,4.325,4.2697,4.1997,4.1187,4.025,3.9232,3.8411,3.6789,3.0441,2.0518,2.107,2.7403,3.1601,3.3909,3.5204,3.5966,3.6438,3.6747,3.6958,3.7108,3.722,3.7307,3.738,3.7447,4.4457,4.4602,4.4784,4.4821,4.4594,4.4214,4.3601,4.2534,4.2019,4.3029,4.3762,4.3831,4.3449,4.2772,4.1964,4.117,4.0356,3.9438,3.9007,3.8592,3.4351,2.844,2.7386,3.035,3.2897,3.4456,3.5368,3.5917,3.627,3.6512,3.6687,3.6817,3.6917,3.6996,3.7065,3.7132,4.4389,4.4675,4.5235,4.5541,4.4972,4.4405,4.3981,4.3223,4.2856,4.3646,4.4221,4.421,4.3677,4.2692,4.1536,4.0743,4.0358,3.9801,3.9099,3.8346,3.6723,3.5124,3.3802,3.3868,3.4537,3.5126,3.5528,3.5809,3.6028,3.6208,3.6355,3.6471,3.6562,3.6635,3.6701,3.6769,4.4142,4.4462,4.5648,4.6883,4.5131,4.431,4.4497,4.4491,4.4416,4.4598,4.4828,4.4736,4.4014,4.2382,3.9983,3.8855,3.9783,4.0287,3.975,3.8506,3.7085,3.6948,3.639,3.584,3.5564,3.5429,3.5396,3.5466,3.561,3.5778,3.593,3.6049,3.6138,3.6207,3.6272,3.6343,4.3664,4.3476,4.3796,4.4158,4.2416,4.3427,4.4981,4.5449,4.4921,4.4656,4.5242,4.5446,4.4746,4.2374,3.6295,3.3024,3.8569,4.0978,4.0915,3.9542,3.7842,3.755,3.7295,3.6518,3.5646,3.497,3.4659,3.4692,3.4914,3.5175,3.5389,3.5536,3.563,3.5695,3.5758,3.5836,4.3182,4.2132,3.9806,3.4752,3.5794,4.2378,4.6106,4.6857,4.4259,4.2773,4.5502,4.6452,4.6213,4.4563,3.8073,3.3241,3.9979,4.2634,4.2749,4.1488,3.9896,3.8784,3.7707,3.6195,3.4491,3.3246,3.2912,3.3284,3.3879,3.4394,3.4737,3.4927,3.502,3.5073,3.5131,3.5221,4.3092,4.1794,3.9161,3.5077,3.6507,4.3747,4.8666,5.0575,4.7616,4.5171,4.6919,4.789,4.8053,4.8449,4.5864,4.3357,4.3984,4.548,4.5443,4.3521,4.1428,3.9552,3.7491,3.47,3.1392,2.9279,2.9579,3.1119,3.2563,3.351,3.4013,3.4221,3.428,3.4299,3.4348,3.446,4.3489,4.2625,4.1376,4.0493,4.224,4.6537,5.0836,5.3935,5.1999,4.9016,4.8855,5.0013,4.9756,4.8655,4.6819,4.5874,4.5973,4.8669,4.8577,4.4835,4.1988,3.954,3.6683,3.2127,2.5494,2.1654,2.4377,2.855,3.1298,3.2705,3.3278,3.3404,3.3352,3.3298,3.3336,3.3495,4.4133,4.3792,4.3546,4.3868,4.5348,4.7844,5.0545,5.2537,5.1758,4.9874,4.9858,5.2257,5.2779,4.8274,4.7137,4.5022,4.5888,4.7446,4.7211,4.4261,4.1089,3.8553,3.5786,3.0208,1.9702,1.3465,2.013,2.711,3.0725,3.2201,3.2557,3.2394,3.2104,3.1931,3.198,3.2248,4.477,4.4764,4.4944,4.5506,4.6585,4.8042,4.9475,5.0327,5.0153,4.9729,4.9905,5.0506,5.0509,5.1604,4.7547,4.4885,4.845,4.7167,4.5698,4.2126,3.7338,3.5561,3.5044,3.1394,2.3299,1.8212,2.3027,2.8563,3.1299,3.2058,3.1737,3.0973,3.0269,2.9952,3.0104,3.0618,4.5284,4.5442,4.5753,4.6287,4.7052,4.7943,4.8749,4.9254,4.9437,4.9615,4.9915,5.0559,5.0376,4.9947,4.855,4.781,4.8594,4.7882,4.597,3.9227,2.7208,2.8937,3.4255,3.4243,3.1221,2.9092,3.0218,3.2059,3.2681,3.2026,3.0502,2.87,2.7356,2.6962,2.7471,2.8509,4.5658,4.588,4.6209,4.6664,4.7227,4.7831,4.838,4.8806,4.9141,4.9503,4.9858,5.017,5.0811,5.0982,4.9623,4.9119,4.937,5.0514,5.0294,4.184,2.5967,2.8547,3.5426,3.709,3.6776,3.6517,3.6464,3.5773,3.419,3.172,2.839,2.4847,2.2542,2.2396,2.3867,2.5921,4.5914,4.6152,4.6462,4.6845,4.7282,4.7738,4.817,4.8557,4.8914,4.9272,4.9614,5.0016,5.0904,5.1177,5.0885,5.1104,5.1612,5.616,6.186,5.1466,4.1421,3.8407,3.9325,3.9985,4.0836,4.2469,4.2454,3.9396,3.5437,3.0947,2.51,1.8562,1.4827,1.5876,1.9435,2.3132,4.6079,4.6313,4.6594,4.692,4.7278,4.7648,4.8011,4.8358,4.8692,4.9022,4.9359,4.9755,5.0277,5.0985,5.3175,5.4219,5.2912,5.6317,5.9742,5.5701,4.9572,4.4905,4.2849,4.2256,4.3794,4.9108,5.0219,4.2382,3.5851,2.9928,2.145,1.0555,0.5034,0.8783,1.5395,2.0911,4.6178,4.6398,4.6651,4.6933,4.7236,4.7549,4.7862,4.8169,4.8473,4.8777,4.9098,4.9475,4.9991,5.0933,5.2828,5.3541,5.2767,5.4475,5.8486,6.018,5.2962,4.7758,4.4888,4.3214,4.3615,4.9481,5.0967,3.9629,3.418,2.9318,2.0455,0.7373,0.0914,0.6221,1.4148,2.0285,4.6227,4.6431,4.6658,4.6905,4.7166,4.7436,4.7709,4.798,4.8252,4.853,4.8827,4.9176,4.9638,5.0317,5.116,5.1607,5.1854,5.3095,5.5585,5.5998,5.2001,4.8629,4.6358,4.3549,4.0258,3.5773,2.6434,2.7672,3.1019,2.9799,2.3814,1.4198,0.8657,1.1278,1.678,2.1632,4.6239,4.6425,4.6629,4.6847,4.7075,4.731,4.7548,4.7787,4.8027,4.8274,4.8537,4.8835,4.9193,4.9625,5.0067,5.0405,5.0747,5.1357,5.2025,5.169,5.0256,4.9778,4.922,4.5043,3.8494,2.8529,1.6351,2.2622,3.1083,3.1988,2.865,2.3084,1.908,1.8999,2.136,2.4228,4.6222,4.6392,4.6574,4.6767,4.6966,4.7171,4.7378,4.7586,4.7795,4.8008,4.8229,4.8467,4.8728,4.9004,4.9266,4.9485,4.9684,4.9882,4.9939,4.9659,4.9543,5.1085,5.1771,4.6693,3.9527,3.2002,2.6985,3.05,3.5864,3.5219,3.2321,2.8781,2.6003,2.5039,2.5653,2.7039,4.6184,4.6338,4.65,4.667,4.6844,4.7022,4.7201,4.7379,4.7557,4.7734,4.7912,4.8093,4.8275,4.8448,4.8597,4.8705,4.8767,4.8763,4.8653,4.8481,4.8615,4.9452,4.9248,4.5716,4.0589,3.5879,3.3391,3.4492,3.6617,3.5983,3.3947,3.1714,2.9892,2.8943,2.8901,2.9481]},{"header":{"la1":42.85,"la2":41.18,"lo1":11.55,"lo2":14.05,"nx":36,"ny":24,"dx":0.07143,"dy":0.07261,"parameterCategory":2,"parameterNumber":3,"parameterNumberName":"northward_wind","parameterUnit":"m.s-1"},"data":[0.1381,0.1321,0.1215,0.1062,0.0866,0.0636,0.0384,0.0115,-0.017,-0.0476,-0.0811,-0.1187,-0.1612,-0.2097,-0.2646,-0.3262,-0.3939,-0.4662,-0.5404,-0.6117,-0.6722,-0.7106,-0.7171,-0.6899,-0.6362,-0.5676,-0.4937,-0.4209,-0.3524,-0.2895,-0.2323,-0.1806,-0.1341,-0.0923,-0.0548,-0.0213,0.1683,0.164,0.1535,0.1363,0.1133,0.086,0.0566,0.0264,-0.0043,-0.0367,-0.0721,-0.1124,-0.1589,-0.2132,-0.2764,-0.3496,-0.4326,-0.5241,-0.6221,-0.7226,-0.8151,-0.8776,-0.8867,-0.8387,-0.752,-0.6503,-0.5491,-0.4556,-0.372,-0.298,-0.2327,-0.1751,-0.1241,-0.079,-0.039,-0.0037,0.2056,0.2047,0.195,0.1753,0.1466,0.1122,0.0762,0.0416,0.0088,-0.0244,-0.061,-0.1032,-0.1531,-0.2128,-0.2847,-0.3709,-0.4722,-0.5872,-0.7147,-0.8567,-1.0067,-1.1208,-1.1344,-1.0403,-0.8921,-0.7388,-0.6012,-0.4835,-0.3838,-0.2989,-0.226,-0.1629,-0.108,-0.0599,-0.0179,0.0189,0.2525,0.2582,0.2512,0.2282,0.1901,0.143,0.0956,0.0544,0.0202,-0.0121,-0.0482,-0.0912,-0.1432,-0.2072,-0.2873,-0.3877,-0.5109,-0.654,-0.8125,-1.0026,-1.2558,-1.4944,-1.5111,-1.3047,-1.0446,-0.8189,-0.6395,-0.4975,-0.3832,-0.2889,-0.2098,-0.1424,-0.0844,-0.0342,0.0094,0.0471,0.3112,0.3301,0.3313,0.305,0.2507,0.1802,0.1114,0.0589,0.0254,-0.0019,-0.0351,-0.077,-0.129,-0.195,-0.2811,-0.3955,-0.5458,-0.7275,-0.9129,-1.1189,-1.5153,-2.0462,-2.0354,-1.5801,-1.161,-0.8619,-0.6485,-0.4894,-0.3654,-0.2653,-0.1823,-0.1122,-0.0523,-0.0007,0.0436,0.0817,0.3831,0.4282,0.4513,0.4263,0.344,0.2299,0.1212,0.0463,0.0175,0.0034,-0.0238,-0.0619,-0.1106,-0.1748,-0.2624,-0.386,-0.5655,-0.8112,-1.0494,-1.1667,-1.5465,-2.3595,-2.297,-1.6435,-1.1542,-0.8351,-0.615,-0.4528,-0.3271,-0.2259,-0.142,-0.0711,-0.0106,0.0413,0.0857,0.1235,0.4637,0.5569,0.6368,0.6329,0.4999,0.3065,0.1366,0.0261,0.0015,0.0034,-0.0171,-0.047,-0.0877,-0.1465,-0.2298,-0.35,-0.5386,-0.8437,-1.2062,-1.2121,-1.2554,-1.6479,-1.6905,-1.3375,-0.9929,-0.7321,-0.5369,-0.3868,-0.2676,-0.17,-0.0882,-0.0184,0.0415,0.0928,0.1365,0.1732,0.5346,0.6977,0.9036,0.9886,0.7464,0.4131,0.1802,0.0509,0.0112,-0.0033,-0.0183,-0.0313,-0.0581,-0.1113,-0.1914,-0.2939,-0.4457,-0.6946,-0.9805,-1.0205,-0.9774,-1.0347,-1.0696,-0.9566,-0.7687,-0.5837,-0.4259,-0.2961,-0.1888,-0.0985,-0.021,0.0463,0.1046,0.1547,0.1971,0.232,0.5606,0.769,1.1244,1.4079,0.9562,0.4769,0.2141,0.0683,-0.013,-0.048,-0.0356,-0.011,-0.0136,-0.0697,-0.1773,-0.2669,-0.3426,-0.4858,-0.6593,-0.7866,-0.8996,-0.8852,-0.8065,-0.7009,-0.5641,-0.4227,-0.2953,-0.1866,-0.0938,-0.0128,0.0591,0.1232,0.1797,0.2282,0.2687,0.3011,0.5185,0.6758,0.9082,1.0465,0.7058,0.4092,0.2,0.0307,-0.1443,-0.2049,-0.0869,0.0224,0.0674,0.0049,-0.244,-0.3865,-0.2903,-0.3442,-0.4695,-0.6274,-0.795,-0.7798,-0.6473,-0.5145,-0.3817,-0.257,-0.1508,-0.0625,0.0144,0.0851,0.1515,0.2129,0.268,0.315,0.3532,0.3823,0.4352,0.5033,0.513,0.3614,0.3462,0.3102,0.1888,0.0276,-0.3624,-0.5554,-0.1421,0.0874,0.2196,0.2343,-0.0993,-0.3557,-0.2143,-0.2574,-0.3483,-0.4509,-0.5408,-0.5462,-0.463,-0.3362,-0.1963,-0.075,0.0113,0.0745,0.1327,0.1933,0.2559,0.3167,0.3719,0.4181,0.4537,0.4782,0.353,0.3795,0.3662,0.3105,0.2987,0.2666,0.2362,0.2167,-0.07,-0.2938,-0.0348,0.1841,0.4213,0.7456,0.4717,0.0721,-0.106,-0.2436,-0.316,-0.3575,-0.398,-0.392,-0.3134,-0.1651,0.0151,0.1475,0.1985,0.2211,0.2566,0.3099,0.3733,0.4377,0.4958,0.5423,0.5745,0.5922,0.2859,0.2996,0.2983,0.284,0.2627,0.2466,0.2913,0.378,0.2931,0.067,0.0943,0.2667,0.438,0.8814,0.6106,0.1278,-0.0913,-0.3539,-0.3846,-0.349,-0.375,-0.3548,-0.2407,-0.018,0.2719,0.4359,0.4034,0.3625,0.3791,0.4346,0.5074,0.5823,0.6477,0.6955,0.7224,0.7295,0.231,0.2374,0.2359,0.2262,0.2127,0.2141,0.2613,0.3507,0.2721,0.0826,0.0732,0.3344,0.4236,0.1877,0.1641,-0.0329,-0.0885,-0.2499,-0.3349,-0.3918,-0.4794,-0.4594,-0.2765,0.0529,0.4819,0.6792,0.5457,0.4711,0.4972,0.5725,0.6675,0.7627,0.8412,0.8908,0.9077,0.8967,0.1854,0.1863,0.1818,0.1722,0.1615,0.1581,0.167,0.1626,0.0765,-0.0733,-0.1584,-0.0772,-0.0055,-0.1568,-0.0178,-0.0715,-0.0911,-0.1759,-0.3259,-0.5677,-0.8657,-0.8279,-0.4623,-0.0218,0.3959,0.583,0.5476,0.5538,0.6268,0.7377,0.8692,0.9993,1.0998,1.1491,1.1451,1.1015,0.1473,0.1441,0.1366,0.1252,0.1112,0.0955,0.0732,0.0248,-0.0822,-0.2837,-0.6078,-0.4937,-0.3157,-0.1531,-0.1107,-0.1079,-0.1198,-0.2084,-0.4015,-0.8995,-1.848,-1.5869,-0.7283,-0.1369,0.2549,0.4727,0.5858,0.6834,0.7977,0.9464,1.1326,1.3248,1.4629,1.5035,1.4532,1.3501,0.1158,0.1094,0.0993,0.0852,0.0668,0.0421,0.0054,-0.0557,-0.1599,-0.3359,-0.5721,-0.4668,-0.3751,-0.3546,-0.2416,-0.2163,-0.221,-0.2785,-0.4128,-0.8825,-1.9932,-1.6727,-0.7208,-0.0963,0.3325,0.6278,0.8069,0.9105,1.0177,1.1975,1.4741,1.7883,1.9951,1.9984,1.8467,1.6392,0.0897,0.0811,0.069,0.0528,0.0316,0.0032,-0.0363,-0.0927,-0.1716,-0.2698,-0.3479,-0.3538,-0.3782,-0.3957,-0.4159,-0.4396,-0.3434,-0.3153,-0.3373,-0.4776,-0.8288,-0.7982,-0.3648,0.1319,0.6222,1.0448,1.2295,1.2191,1.2527,1.4569,1.8863,2.4444,2.7734,2.6595,2.3062,1.9387,0.0686,0.0585,0.0452,0.0279,0.0059,-0.0224,-0.0588,-0.1053,-0.1613,-0.2202,-0.2679,-0.3003,-0.3412,-0.4342,-0.771,-0.9207,-0.4757,-0.2993,-0.2647,-0.1925,-0.2826,-0.2603,-0.014,0.4054,0.9815,1.6188,1.7714,1.5159,1.4391,1.6533,2.2721,3.2114,3.7084,3.3494,2.7127,2.1742,0.0518,0.0409,0.0271,0.0099,-0.0114,-0.0376,-0.0694,-0.1068,-0.1484,-0.1906,-0.2299,-0.269,-0.3253,-0.447,-0.7153,-0.7934,-0.4594,-0.2305,-0.0124,0.0772,-0.0541,-0.0034,0.2074,0.5787,1.1372,1.7638,1.8973,1.6443,1.5306,1.7037,2.3722,3.5082,4.0924,3.5964,2.8434,2.2502,0.0388,0.0277,0.014,-0.0025,-0.0222,-0.0456,-0.0726,-0.103,-0.1357,-0.1692,-0.2029,-0.2402,-0.2902,-0.367,-0.4582,-0.459,-0.3299,-0.1796,-0.0431,0.0149,0.035,0.1417,0.3161,0.6166,1.0929,1.5949,1.9158,1.7807,1.5284,1.5736,2.0537,2.8901,3.3817,3.13,2.605,2.135,0.0291,0.0182,0.0052,-0.0102,-0.028,-0.0484,-0.0713,-0.0962,-0.1226,-0.1496,-0.1775,-0.2075,-0.2421,-0.2803,-0.307,-0.2917,-0.2261,-0.1373,-0.0515,0.0235,0.1201,0.2371,0.3193,0.5468,1.0036,1.5977,2.1482,1.8354,1.3239,1.2758,1.5805,2.0747,2.4255,2.4182,2.1838,1.9003,0.0222,0.0118,-0.0003,-0.0142,-0.03,-0.0475,-0.0667,-0.0872,-0.1084,-0.13,-0.1516,-0.1732,-0.1941,-0.2107,-0.2146,-0.1954,-0.1502,-0.0868,-0.0132,0.0736,0.1826,0.2693,0.2803,0.4663,0.86,1.3016,1.5605,1.2844,0.8413,0.9192,1.2136,1.5422,1.7872,1.8616,1.7891,1.6442,0.0177,0.0081,-0.0029,-0.0153,-0.029,-0.044,-0.0599,-0.0765,-0.0933,-0.1099,-0.1256,-0.1397,-0.1508,-0.1557,-0.1499,-0.1288,-0.0908,-0.0374,0.03,0.1123,0.2052,0.2774,0.3268,0.4768,0.744,1.0114,1.1304,0.988,0.7708,0.8411,1.0532,1.2656,1.4265,1.5013,1.4904,1.4212]}]