docs/data/wind_grid.json
[{"header":{"la1":42.85,"la2":41.18,"lo1":11.55,"lo2":14.05,"nx":36,"ny":24,"dx":0.07143,"dy":0.07261,"parameterCategory":2,"parameterNumber":2,"parameterNumberName":"eastward_wind","parameterUnit":"m.s-1"},"data":[4.086,4.0773,4.0662,4.0527,4.037,4.0199,4.0025,3.986,3.9707,3.9564,3.9415,3.9241,3.9027,3.8759,3.843,3.8037,3.7578,3.7054,3.6474,3.5864,3.5284,3.482,3.4546,3.4477,3.456,3.4717,3.4887,3.5037,3.5154,3.524,3.5298,3.5337,3.5361,3.5376,3.5386,3.5395,4.0975,4.0885,4.0763,4.0605,4.0413,4.0198,3.9982,3.9787,3.9631,3.9507,3.9388,3.9242,3.9041,3.8769,3.8416,3.7979,3.7451,3.6825,3.6093,3.5271,3.4438,3.3774,3.3457,3.3507,3.3784,3.4126,3.4434,3.4675,3.4849,3.4967,3.5045,3.5094,3.5125,3.5145,3.516,3.5172,4.1109,4.1021,4.0889,4.0701,4.0456,4.0167,3.987,3.9617,3.9452,3.9372,3.9321,3.9232,3.9062,3.8794,3.8422,3.7943,3.7348,3.6617,3.571,3.4573,3.3271,3.2186,3.1813,3.2168,3.2837,3.3479,3.3974,3.4318,3.4545,3.4691,3.4782,3.4838,3.4873,3.4896,3.4914,3.493,4.1268,4.1194,4.1059,4.0839,4.0518,4.0105,3.9649,3.9263,3.9074,3.9095,3.9187,3.9207,3.9092,3.8838,3.8452,3.7937,3.7288,3.6481,3.5432,3.3902,3.1702,2.9611,2.9217,3.0378,3.179,3.286,3.3559,3.3992,3.4255,3.4412,3.4507,3.4564,3.4599,3.4624,3.4644,3.4664,4.1457,4.1419,4.1306,4.1063,4.0645,4.0035,3.9274,3.8564,3.8296,3.8569,3.8971,3.9178,3.9139,3.8898,3.8499,3.7961,3.7279,3.6457,3.5449,3.3715,3.0055,2.5571,2.5477,2.8485,3.0959,3.2434,3.3261,3.3721,3.3979,3.4126,3.4211,3.4263,3.4296,3.4321,3.4344,3.4368,4.1674,4.1715,4.168,4.1454,4.0932,4.006,3.8792,3.7325,3.6787,3.7722,3.8728,3.9187,3.9214,3.8964,3.8542,3.7997,3.7317,3.6522,3.5837,3.47,3.0271,2.3189,2.3579,2.8042,3.0899,3.237,3.3115,3.3497,3.3699,3.3811,3.3878,3.3921,3.3953,3.3979,3.4006,3.4037,4.1898,4.2086,4.2254,4.2145,4.1511,4.038,3.8651,3.6178,3.51,3.7097,3.871,3.9313,3.9326,3.8996,3.8503,3.7979,3.7395,3.6646,3.6119,3.5856,3.3117,2.8928,2.8122,3.0126,3.1746,3.2626,3.3054,3.3259,3.3366,3.3433,3.3482,3.3522,3.3556,3.3587,3.3621,3.366,4.2062,4.2458,4.308,4.3346,4.2428,4.1035,3.945,3.7453,3.66,3.7958,3.9125,3.9581,3.9469,3.8911,3.8167,3.7656,3.7417,3.6993,3.639,3.5962,3.5167,3.4033,3.2834,3.2598,3.2765,3.2871,3.2885,3.288,3.2897,3.294,3.2993,3.3045,3.3091,3.3133,3.3178,3.323,4.2052,4.2539,4.3747,4.4886,4.3094,4.1521,4.057,3.9542,3.8859,3.8957,3.9529,3.9913,3.9672,3.8638,3.6988,3.6241,3.7005,3.7452,3.7144,3.6498,3.6016,3.5789,3.48,3.3886,3.3207,3.2683,3.2336,3.2186,3.2191,3.2276,3.238,3.2472,3.2545,3.2605,3.2664,3.2733,4.1808,4.193,4.2441,4.284,4.1339,4.1325,4.1472,4.0573,3.8563,3.7769,3.9289,4.0297,4.0122,3.853,3.4245,3.1935,3.6094,3.8013,3.8108,3.7304,3.6369,3.6039,3.5276,3.403,3.2708,3.1642,3.1067,3.0965,3.1142,3.14,3.1629,3.1795,3.1907,3.1988,3.2064,3.2154,4.1509,4.102,3.9717,3.663,3.7226,4.104,4.2937,4.2085,3.6063,3.288,3.8821,4.0974,4.1048,3.9845,3.5367,3.2052,3.7117,3.9291,3.9532,3.8691,3.7531,3.6503,3.5141,3.3125,3.083,2.9116,2.8586,2.8979,2.9684,3.0316,3.0755,3.1019,3.1167,3.1262,3.1352,3.1468,4.1443,4.0766,3.9255,3.6811,3.7712,4.2351,4.5872,4.7152,4.1916,3.7495,4.0796,4.2143,4.2159,4.2064,4.0255,3.9154,4.0062,4.1521,4.166,4.0299,3.8669,3.6909,3.4528,3.0973,2.665,2.3852,2.4162,2.6076,2.7898,2.9124,2.9817,3.0157,3.0308,3.0393,3.0491,3.0641,4.1683,4.1261,4.0601,4.0163,4.1421,4.4605,4.84,5.0938,4.9658,4.4602,4.3469,4.3318,4.3011,4.1649,4.0289,4.0774,4.1464,4.4068,4.4095,4.1524,3.9423,3.7122,3.3691,2.7727,1.9035,1.4019,1.7432,2.2697,2.6196,2.8055,2.8905,2.921,2.928,2.9312,2.9413,2.962,4.2081,4.198,4.1953,4.2313,4.3508,4.5617,4.8318,5.1084,4.9784,4.6344,4.5002,4.3874,4.3589,4.4733,4.2056,3.9018,4.1042,4.3353,4.3388,4.1673,3.9648,3.7285,3.3429,2.5566,1.1606,0.3541,1.197,2.0758,2.537,2.739,2.8068,2.8113,2.7963,2.7888,2.8009,2.8329,4.2477,4.2586,4.2832,4.3359,4.4295,4.5607,4.7032,4.7951,4.755,4.6814,4.6774,4.6544,4.6594,4.9579,4.3187,3.8913,4.7248,4.4318,4.3116,4.1394,3.9148,3.7344,3.4372,2.7671,1.6285,0.9549,1.5505,2.2401,2.5956,2.7205,2.7202,2.6654,2.6098,2.5883,2.6105,2.6671,4.2794,4.3005,4.3331,4.3831,4.4524,4.5348,4.613,4.6645,4.6913,4.7596,4.925,5.0039,4.8811,4.7395,4.5237,4.4699,4.7073,4.5388,4.4042,4.1118,3.6727,3.6598,3.5805,3.1898,2.6348,2.2968,2.4079,2.6372,2.7463,2.7198,2.5976,2.4396,2.3202,2.2903,2.3472,2.4552,4.302,4.3266,4.3597,4.403,4.4559,4.5137,4.5693,4.619,4.6756,4.773,4.9103,4.9253,5.0222,5.0537,4.7343,4.6323,4.6458,4.7175,4.7278,4.3071,3.657,3.6872,3.7148,3.5083,3.2599,3.113,3.0672,3.0152,2.8974,2.6913,2.3918,2.0621,1.8467,1.8395,1.9898,2.1971,4.3165,4.3416,4.3727,4.41,4.4526,4.4984,4.5451,4.5936,4.6503,4.7218,4.7942,4.8617,5.0425,5.0861,4.9216,4.8901,4.8449,5.1226,5.5306,4.8277,4.247,4.0077,3.8735,3.7089,3.5974,3.6026,3.5549,3.3184,3.0053,2.6157,2.0732,1.4495,1.0913,1.1985,1.5522,1.9203,4.3247,4.3489,4.3773,4.4099,4.4461,4.4849,4.5258,4.5695,4.6182,4.6722,4.7284,4.7921,4.874,4.954,5.223,5.3583,5.0059,5.1237,5.3364,4.9921,4.5894,4.2462,4.0027,3.8188,3.7751,4.0236,4.0722,3.5332,3.0405,2.523,1.7224,0.6702,0.1338,0.5025,1.1541,1.7002,4.328,4.3508,4.3767,4.4055,4.4369,4.4706,4.5063,4.5445,4.5854,4.6292,4.6757,4.7281,4.7944,4.9091,5.1591,5.2393,4.9844,4.9547,5.0962,5.1602,4.7251,4.3414,4.0668,3.8442,3.744,4.0351,4.1147,3.3423,2.9297,2.4841,1.6311,0.3607,-0.2689,0.2511,1.0309,1.6376,4.3277,4.3488,4.3722,4.3978,4.4254,4.4547,4.4858,4.5185,4.553,4.5892,4.6278,4.6712,4.7256,4.8034,4.8972,4.9152,4.8453,4.8312,4.9152,4.9065,4.6158,4.328,4.1083,3.8433,3.5191,3.1197,2.4291,2.5108,2.7175,2.5522,1.9604,1.0257,0.4876,0.7462,1.2887,1.7693,4.3245,4.3439,4.3649,4.3877,4.4119,4.4374,4.4641,4.4919,4.5207,4.5504,4.5816,4.6153,4.6534,4.6957,4.7303,4.7337,4.7085,4.6894,4.6782,4.6057,4.4414,4.32,4.2415,3.9316,3.4055,2.6209,1.7136,2.1545,2.7206,2.7415,2.4183,1.8867,1.5036,1.5012,1.7375,2.024,4.319,4.3366,4.3555,4.3756,4.3967,4.4187,4.4414,4.4647,4.4884,4.5123,4.5363,4.5606,4.5846,4.6058,4.6176,4.6128,4.5919,4.5613,4.5159,4.4384,4.348,4.3557,4.3799,4.0396,3.4916,2.8924,2.4887,2.6971,3.024,2.9769,2.747,2.4316,2.176,2.0911,2.1581,2.3,4.3117,4.3276,4.3444,4.362,4.3803,4.3991,4.4182,4.4373,4.4563,4.4748,4.4924,4.5086,4.5222,4.5308,4.5311,4.5196,4.4955,4.4586,4.4068,4.3402,4.2812,4.2722,4.2322,3.9774,3.5799,3.1919,2.9604,2.9754,3.073,3.0352,2.8947,2.7124,2.5539,2.4728,2.477,2.5405]},{"header":{"la1":42.85,"la2":41.18,"lo1":11.55,"lo2":14.05,"nx":36,"ny":24,"dx":0.07143,"dy":0.07261,"parameterCategory":2,"parameterNumber":3,"parameterNumberName":"northward_wind","parameterUnit":"m.s-1"},"data":[0.0331,0.0268,0.0164,0.0019,-0.0165,-0.0379,-0.0613,-0.086,-0.1118,-0.1389,-0.1682,-0.2005,-0.2363,-0.276,-0.3197,-0.3669,-0.4166,-0.4672,-0.5163,-0.5609,-0.5965,-0.6171,-0.6178,-0.5979,-0.5615,-0.515,-0.4643,-0.4129,-0.3632,-0.3161,-0.2719,-0.2309,-0.193,-0.1581,-0.1261,-0.0969,0.0588,0.0539,0.0436,0.0273,0.0057,-0.0199,-0.0474,-0.0753,-0.1033,-0.1321,-0.1631,-0.1978,-0.2372,-0.2821,-0.3328,-0.3892,-0.4502,-0.5139,-0.5778,-0.6387,-0.691,-0.7237,-0.7247,-0.6925,-0.637,-0.5711,-0.5036,-0.4392,-0.3793,-0.3244,-0.2742,-0.2283,-0.1866,-0.1486,-0.1142,-0.0831,0.0907,0.0886,0.0789,0.0604,0.0336,0.0012,-0.0329,-0.0655,-0.0956,-0.1249,-0.1565,-0.1928,-0.2355,-0.2857,-0.3441,-0.4112,-0.4862,-0.5663,-0.6484,-0.7316,-0.8128,-0.8708,-0.873,-0.8153,-0.7257,-0.6304,-0.5414,-0.4616,-0.3908,-0.3279,-0.2716,-0.2211,-0.1757,-0.1349,-0.0982,-0.0654,0.1304,0.1341,0.1268,0.1053,0.0701,0.0258,-0.0199,-0.0601,-0.0919,-0.1193,-0.1489,-0.1854,-0.2306,-0.2854,-0.3517,-0.4312,-0.5237,-0.6249,-0.7271,-0.8345,-0.9645,-1.0827,-1.0855,-0.9696,-0.8206,-0.6851,-0.5713,-0.4759,-0.3948,-0.3246,-0.2628,-0.2081,-0.1594,-0.1159,-0.0773,-0.0431,0.1801,0.1949,0.1946,0.1707,0.1216,0.0559,-0.012,-0.0671,-0.0998,-0.1186,-0.1414,-0.1757,-0.2218,-0.2802,-0.3534,-0.4457,-0.5607,-0.6926,-0.8166,-0.929,-1.1188,-1.3736,-1.3641,-1.1259,-0.8954,-0.7195,-0.5848,-0.4774,-0.3884,-0.3125,-0.2463,-0.1881,-0.1366,-0.0909,-0.0506,-0.0153,0.2404,0.2772,0.2958,0.2737,0.2017,0.0981,-0.0104,-0.0983,-0.1324,-0.127,-0.1344,-0.1635,-0.2087,-0.2686,-0.346,-0.4483,-0.588,-0.7699,-0.9391,-1.0025,-1.1617,-1.5314,-1.4994,-1.1715,-0.9057,-0.7164,-0.5747,-0.4623,-0.3694,-0.2901,-0.221,-0.1601,-0.1064,-0.0589,-0.0174,0.0186,0.3073,0.3844,0.4509,0.4477,0.3354,0.1674,0.0032,-0.1354,-0.1787,-0.1349,-0.1245,-0.1478,-0.1906,-0.2502,-0.3279,-0.4314,-0.5818,-0.8084,-1.0615,-1.0665,-1.0706,-1.2324,-1.2321,-1.0403,-0.8386,-0.6728,-0.5395,-0.4299,-0.3372,-0.2568,-0.1861,-0.1233,-0.0678,-0.019,0.0233,0.0595,0.3653,0.5004,0.6729,0.745,0.5441,0.2671,0.0617,-0.0804,-0.1311,-0.1102,-0.107,-0.1266,-0.1657,-0.2257,-0.304,-0.398,-0.5281,-0.7229,-0.9312,-0.9939,-1.0592,-1.079,-1.0088,-0.8853,-0.7403,-0.6039,-0.485,-0.3824,-0.2927,-0.2128,-0.1412,-0.0769,-0.0199,0.03,0.0728,0.1087,0.3847,0.5565,0.8556,1.097,0.7177,0.3314,0.127,0.0079,-0.0577,-0.0833,-0.0889,-0.0979,-0.1285,-0.1951,-0.2935,-0.3781,-0.4644,-0.6028,-0.7666,-0.9568,-1.2485,-1.1926,-0.9527,-0.783,-0.6456,-0.525,-0.4187,-0.324,-0.238,-0.1589,-0.0861,-0.0201,0.0386,0.0896,0.1324,0.1674,0.3464,0.4708,0.6605,0.7754,0.4875,0.282,0.1579,0.0494,-0.0735,-0.1289,-0.0888,-0.0583,-0.0632,-0.1377,-0.3337,-0.4415,-0.4333,-0.5367,-0.677,-0.8635,-1.1041,-1.0698,-0.8531,-0.6819,-0.5508,-0.4418,-0.3466,-0.2591,-0.1758,-0.0958,-0.0205,0.0485,0.1097,0.1618,0.2043,0.2375,0.2749,0.3174,0.2946,0.1032,0.1107,0.2069,0.209,0.1265,-0.1719,-0.3153,-0.0975,0.0004,0.0571,0.0417,-0.2271,-0.4228,-0.4173,-0.5501,-0.6621,-0.7382,-0.8065,-0.7919,-0.6875,-0.5643,-0.4529,-0.3588,-0.2756,-0.1935,-0.109,-0.0243,0.057,0.1313,0.1962,0.2497,0.2913,0.3213,0.2092,0.216,0.1717,0.07,0.0896,0.2174,0.3519,0.4402,0.109,-0.1336,-0.0219,0.0785,0.2207,0.4632,0.2026,-0.1835,-0.4438,-0.7377,-0.8343,-0.7434,-0.6871,-0.6387,-0.5603,-0.4601,-0.3642,-0.2889,-0.2186,-0.1347,-0.0398,0.0572,0.1496,0.2326,0.3029,0.3581,0.3975,0.4221,0.1611,0.1645,0.1516,0.1353,0.1619,0.2606,0.4615,0.8585,0.4167,0.118,0.0599,0.1732,0.2638,0.5671,0.2944,-0.2122,-0.5347,-1.1905,-1.2269,-0.8153,-0.6692,-0.59,-0.4979,-0.3895,-0.3028,-0.2605,-0.1965,-0.0876,0.0352,0.1545,0.2641,0.3598,0.4375,0.4941,0.5288,0.5441,0.1248,0.1299,0.1318,0.1387,0.1672,0.2364,0.3514,0.4092,0.3101,0.0876,0.0246,0.2892,0.3656,-0.0561,-0.1492,-0.4506,-0.5562,-0.8773,-0.9693,-0.7725,-0.6983,-0.6288,-0.5004,-0.3553,-0.2795,-0.2909,-0.1995,-0.0311,0.1332,0.2803,0.4116,0.5244,0.6118,0.6682,0.6932,0.6923,0.0944,0.099,0.1034,0.1115,0.1295,0.1617,0.1984,0.1951,0.0892,-0.0873,-0.1941,-0.1447,-0.1599,-0.41,-0.337,-0.5251,-0.8168,-0.6641,-0.6761,-0.7502,-0.8985,-0.8447,-0.5859,-0.3464,-0.2371,-0.2282,-0.1031,0.0969,0.2835,0.4513,0.6064,0.7428,0.8439,0.8967,0.902,0.8725,0.0673,0.0695,0.0711,0.0735,0.0773,0.08,0.07,0.0222,-0.0919,-0.2887,-0.5636,-0.4995,-0.3906,-0.3334,-0.375,-0.5378,-0.7165,-0.5679,-0.5573,-0.8659,-1.5777,-1.3728,-0.72,-0.3159,-0.1037,0.014,0.1574,0.3302,0.5006,0.6753,0.8615,1.0387,1.1632,1.2037,1.1682,1.0885,0.0431,0.0421,0.0396,0.0353,0.0277,0.0128,-0.0179,-0.0778,-0.1813,-0.3432,-0.5398,-0.4756,-0.4205,-0.4175,-0.3995,-0.4415,-0.4422,-0.3416,-0.309,-0.7076,-1.6633,-1.4052,-0.6455,-0.1751,0.133,0.3557,0.5179,0.6383,0.7639,0.9401,1.1827,1.4451,1.6153,1.6205,1.501,1.3361,0.0219,0.0179,0.0116,0.0021,-0.0123,-0.0351,-0.0712,-0.1262,-0.2037,-0.2972,-0.3722,-0.3905,-0.4167,-0.4361,-0.4761,-0.4909,-0.3408,-0.0663,0.1392,-0.1603,-0.5765,-0.6063,-0.2793,0.0978,0.4712,0.7992,0.954,0.9726,1.0288,1.2098,1.5561,1.9945,2.2507,2.1602,1.8813,1.5896,0.0039,-0.0024,-0.0113,-0.0239,-0.0414,-0.0661,-0.1004,-0.1458,-0.2012,-0.2597,-0.3086,-0.3444,-0.3839,-0.461,-0.7274,-0.8407,-0.3743,0.0113,0.2171,0.3083,0.0721,-0.0397,0.0977,0.3981,0.8204,1.267,1.3774,1.2574,1.2494,1.43,1.9005,2.6099,2.9859,2.7084,2.2134,1.7899,-0.0107,-0.0185,-0.0289,-0.0427,-0.0608,-0.0845,-0.1145,-0.1509,-0.192,-0.2339,-0.2727,-0.3097,-0.3569,-0.452,-0.6647,-0.7132,-0.3241,0.0955,0.6785,0.9231,0.4254,0.2784,0.3743,0.6233,1.0126,1.4042,1.4865,1.4519,1.4208,1.5512,2.0265,2.8492,3.2795,2.9051,2.3276,1.8642,-0.022,-0.0305,-0.0414,-0.0552,-0.0725,-0.0937,-0.1191,-0.1481,-0.1796,-0.2114,-0.2423,-0.2736,-0.3112,-0.3646,-0.4217,-0.3828,-0.1791,0.1241,0.488,0.6193,0.4768,0.4805,0.5863,0.7659,1.0972,1.5143,1.8991,1.7891,1.5646,1.571,1.867,2.4254,2.763,2.5666,2.1615,1.7914,-0.0302,-0.0388,-0.0495,-0.0625,-0.0782,-0.0965,-0.1175,-0.1405,-0.1646,-0.1886,-0.2116,-0.2335,-0.2546,-0.2718,-0.2689,-0.2121,-0.0817,0.1028,0.2914,0.4135,0.5171,0.7033,0.7979,0.8491,1.1328,1.6632,2.2341,1.9571,1.5906,1.5292,1.6411,1.8996,2.0974,2.0603,1.8625,1.6283,-0.0356,-0.044,-0.0539,-0.0657,-0.0793,-0.0947,-0.1117,-0.1296,-0.1477,-0.1649,-0.1802,-0.1925,-0.1996,-0.1966,-0.1734,-0.117,-0.0215,0.1043,0.2419,0.3867,0.5849,0.8522,0.9204,0.8746,1.0722,1.4408,1.7196,1.6277,1.5118,1.4929,1.5013,1.5874,1.6749,1.6755,1.5853,1.4486,-0.0386,-0.0464,-0.0554,-0.0656,-0.0771,-0.0897,-0.103,-0.1165,-0.1294,-0.1407,-0.1493,-0.1536,-0.1511,-0.1376,-0.1075,-0.055,0.0223,0.1218,0.2398,0.3816,0.5626,0.7521,0.8251,0.8447,0.9848,1.2086,1.3846,1.454,1.4957,1.4709,1.4228,1.4207,1.4375,1.4279,1.3755,1.2907]}]